event_id,Datetime,Station,WY,WYClass,Inundation,WeatherCode,Tide,MicrocystisVisualRank,WaterTemperature,Secchi,Conductivity,SpCnd,pH,DO,Turbidity,SetTime,FlowMeterSpeed,FlowMeterStart,FlowMeterEnd,Flowdiff,FlowdiffAdj,Volume,VolumeAdj,ConditionCode,FieldComments,LabComments,Category,OrganismID,TaxonRank,TaxonName,CommonName,LifeStage,Count,CPUE,CPUEAdj,FlagPhys,CommentPhys,FlagSamp,CommentSamp,FlagLab,CommentLab,FlagFM,CommentFM,FlagCPUE,CommentCPUE,QCFlags,QCComments
SHR_1998-02-04 10:30:00,2/4/1998 10:30,SHR,1998,W,TRUE,CLD,NA,NA,NA,NA,NA,NA,NA,NA,NA,30,Regular,294066,341697,47631,47631,146.302759,146.302759,NA,Extapolated counts to 30 minutes ~341697,NA,Aquatic Non-Insects,23,Family,Dorylaimidae,Dorylaimidae,NA,1,0.007,0.007,NA,NA,1,SAMP,NA,NA,NA,NA,NA,NA,1   NA   NA   NA,SAMP   NA   NA   NA
SHR_1998-02-04 10:30:00,2/4/1998 10:30,SHR,1998,W,TRUE,CLD,NA,NA,NA,NA,NA,NA,NA,NA,NA,30,Regular,294066,341697,47631,47631,146.302759,146.302759,NA,Extapolated counts to 30 minutes ~341697,NA,Aquatic Non-Insects,4,Family,Naididae,Naididae,NA,60,0.41,0.41,NA,NA,1,SAMP,NA,NA,NA,NA,NA,NA,1   NA   NA   NA,SAMP   NA   NA   NA
SHR_1998-02-04 10:30:00,2/4/1998 10:30,SHR,1998,W,TRUE,CLD,NA,NA,NA,NA,NA,NA,NA,NA,NA,30,Regular,294066,341697,47631,47631,146.302759,146.302759,NA,Extapolated counts to 30 minutes ~341697,NA,Aquatic Non-Insects,2,Family,Enchytraeidae,Enchytraeidae,NA,2,0.014,0.014,NA,NA,1,SAMP,NA,NA,NA,NA,NA,NA,1   NA   NA   NA,SAMP   NA   NA   NA
SHR_1998-02-04 10:30:00,2/4/1998 10:30,SHR,1998,W,TRUE,CLD,NA,NA,NA,NA,NA,NA,NA,NA,NA,30,Regular,294066,341697,47631,47631,146.302759,146.302759,NA,Extapolated counts to 30 minutes ~341697,NA,Aquatic Non-Insects,90,Family,Glossoscolecidae,Glossoscolecidae,NA,1,0.007,0.007,NA,NA,1,SAMP,NA,NA,NA,NA,NA,NA,1   NA   NA   NA,SAMP   NA   NA   NA
SHR_1998-02-04 10:30:00,2/4/1998 10:30,SHR,1998,W,TRUE,CLD,NA,NA,NA,NA,NA,NA,NA,NA,NA,30,Regular,294066,341697,47631,47631,146.302759,146.302759,NA,Extapolated counts to 30 minutes ~341697,NA,Aquatic Non-Insects,91,Family,Erpobdellidae,Erpobdellidae,NA,1,0.007,0.007,NA,NA,1,SAMP,NA,NA,NA,NA,NA,NA,1   NA   NA   NA,SAMP   NA   NA   NA
SHR_1998-02-04 10:30:00,2/4/1998 10:30,SHR,1998,W,TRUE,CLD,NA,NA,NA,NA,NA,NA,NA,NA,NA,30,Regular,294066,341697,47631,47631,146.302759,146.302759,NA,Extapolated counts to 30 minutes ~341697,NA,Aquatic Non-Insects,14,Family,Cyprididae,Cyprididae,NA,8,0.055,0.055,NA,NA,1,SAMP,NA,NA,NA,NA,NA,NA,1   NA   NA   NA,SAMP   NA   NA   NA
SHR_1998-02-04 10:30:00,2/4/1998 10:30,SHR,1998,W,TRUE,CLD,NA,NA,NA,NA,NA,NA,NA,NA,NA,30,Regular,294066,341697,47631,47631,146.302759,146.302759,NA,Extapolated counts to 30 minutes ~341697,NA,Aquatic Non-Insects,9,Family,Corophiidae,Corophiidae,NA,11,0.075,0.075,NA,NA,1,SAMP,NA,NA,NA,NA,NA,NA,1   NA   NA   NA,SAMP   NA   NA   NA
SHR_1998-02-04 10:30:00,2/4/1998 10:30,SHR,1998,W,TRUE,CLD,NA,NA,NA,NA,NA,NA,NA,NA,NA,30,Regular,294066,341697,47631,47631,146.302759,146.302759,NA,Extapolated counts to 30 minutes ~341697,NA,Aquatic Non-Insects,10,Family,Crangonyctidae,Crangonyctidae,NA,3,0.021,0.021,NA,NA,1,SAMP,NA,NA,NA,NA,NA,NA,1   NA   NA   NA,SAMP   NA   NA   NA
SHR_1998-02-04 10:30:00,2/4/1998 10:30,SHR,1998,W,TRUE,CLD,NA,NA,NA,NA,NA,NA,NA,NA,NA,30,Regular,294066,341697,47631,47631,146.302759,146.302759,NA,Extapolated counts to 30 minutes ~341697,NA,Aquatic Non-Insects,11,Family,Gammaridae,Gammaridae,NA,1,0.007,0.007,NA,NA,1,SAMP,NA,NA,NA,NA,NA,NA,1   NA   NA   NA,SAMP   NA   NA   NA
SHR_1998-02-04 10:30:00,2/4/1998 10:30,SHR,1998,W,TRUE,CLD,NA,NA,NA,NA,NA,NA,NA,NA,NA,30,Regular,294066,341697,47631,47631,146.302759,146.302759,NA,Extapolated counts to 30 minutes ~341697,NA,Aquatic Insects,41,Family,Baetidae,Baetidae,NA,5,0.034,0.034,NA,NA,1,SAMP,NA,NA,NA,NA,NA,NA,1   NA   NA   NA,SAMP   NA   NA   NA
SHR_1998-02-04 10:30:00,2/4/1998 10:30,SHR,1998,W,TRUE,CLD,NA,NA,NA,NA,NA,NA,NA,NA,NA,30,Regular,294066,341697,47631,47631,146.302759,146.302759,NA,Extapolated counts to 30 minutes ~341697,NA,Aquatic Insects,40,Family,Caenidae,Caenidae,NA,7,0.048,0.048,NA,NA,1,SAMP,NA,NA,NA,NA,NA,NA,1   NA   NA   NA,SAMP   NA   NA   NA
SHR_1998-02-04 10:30:00,2/4/1998 10:30,SHR,1998,W,TRUE,CLD,NA,NA,NA,NA,NA,NA,NA,NA,NA,30,Regular,294066,341697,47631,47631,146.302759,146.302759,NA,Extapolated counts to 30 minutes ~341697,NA,Aquatic Insects,42,Family,Ephemerellidae,Ephemerellidae,NA,1,0.007,0.007,NA,NA,1,SAMP,NA,NA,NA,NA,NA,NA,1   NA   NA   NA,SAMP   NA   NA   NA
SHR_1998-02-04 10:30:00,2/4/1998 10:30,SHR,1998,W,TRUE,CLD,NA,NA,NA,NA,NA,NA,NA,NA,NA,30,Regular,294066,341697,47631,47631,146.302759,146.302759,NA,Extapolated counts to 30 minutes ~341697,NA,Aquatic Insects,46,Family,Coenagrionidae,Coenagrionidae,NA,3,0.021,0.021,NA,NA,1,SAMP,NA,NA,NA,NA,NA,NA,1   NA   NA   NA,SAMP   NA   NA   NA
SHR_1998-02-04 10:30:00,2/4/1998 10:30,SHR,1998,W,TRUE,CLD,NA,NA,NA,NA,NA,NA,NA,NA,NA,30,Regular,294066,341697,47631,47631,146.302759,146.302759,NA,Extapolated counts to 30 minutes ~341697,NA,Aquatic Insects,92,Family,Aeshnidae,Aeshnidae,NA,2,0.014,0.014,NA,NA,1,SAMP,NA,NA,NA,NA,NA,NA,1   NA   NA   NA,SAMP   NA   NA   NA
SHR_1998-02-04 10:30:00,2/4/1998 10:30,SHR,1998,W,TRUE,CLD,NA,NA,NA,NA,NA,NA,NA,NA,NA,30,Regular,294066,341697,47631,47631,146.302759,146.302759,NA,Extapolated counts to 30 minutes ~341697,NA,Aquatic Insects,93,Family,Capniidae,Capniidae,NA,1,0.007,0.007,NA,NA,1,SAMP,NA,NA,NA,NA,NA,NA,1   NA   NA   NA,SAMP   NA   NA   NA
SHR_1998-02-04 10:30:00,2/4/1998 10:30,SHR,1998,W,TRUE,CLD,NA,NA,NA,NA,NA,NA,NA,NA,NA,30,Regular,294066,341697,47631,47631,146.302759,146.302759,NA,Extapolated counts to 30 minutes ~341697,NA,Aquatic Insects,32,Family,Ceratopogonidae,Ceratopogonidae,NA,3,0.021,0.021,NA,NA,1,SAMP,NA,NA,NA,NA,NA,NA,1   NA   NA   NA,SAMP   NA   NA   NA
SHR_1998-02-04 10:30:00,2/4/1998 10:30,SHR,1998,W,TRUE,CLD,NA,NA,NA,NA,NA,NA,NA,NA,NA,30,Regular,294066,341697,47631,47631,146.302759,146.302759,NA,Extapolated counts to 30 minutes ~341697,NA,Aquatic Insects,34,Family,Chironomidae,Chironomidae,NA,20,0.137,0.137,NA,NA,1,SAMP,NA,NA,NA,NA,NA,NA,1   NA   NA   NA,SAMP   NA   NA   NA
SHR_1998-02-04 10:30:00,2/4/1998 10:30,SHR,1998,W,TRUE,CLD,NA,NA,NA,NA,NA,NA,NA,NA,NA,30,Regular,294066,341697,47631,47631,146.302759,146.302759,NA,Extapolated counts to 30 minutes ~341697,NA,Aquatic Insects,38,Family,Simuliidae,Simuliidae,NA,2,0.014,0.014,NA,NA,1,SAMP,NA,NA,NA,NA,NA,NA,1   NA   NA   NA,SAMP   NA   NA   NA
SHR_1998-02-04 10:30:00,2/4/1998 10:30,SHR,1998,W,TRUE,CLD,NA,NA,NA,NA,NA,NA,NA,NA,NA,30,Regular,294066,341697,47631,47631,146.302759,146.302759,NA,Extapolated counts to 30 minutes ~341697,NA,Aquatic Insects,36,Family,Ephydridae,Ephydridae,NA,1,0.007,0.007,NA,NA,1,SAMP,NA,NA,NA,NA,NA,NA,1   NA   NA   NA,SAMP   NA   NA   NA
SHR_1998-02-04 10:30:00,2/4/1998 10:30,SHR,1998,W,TRUE,CLD,NA,NA,NA,NA,NA,NA,NA,NA,NA,30,Regular,294066,341697,47631,47631,146.302759,146.302759,NA,Extapolated counts to 30 minutes ~341697,NA,Aquatic Non-Insects,77,Family,Hygrobatidae,Hygrobatidae,NA,1,0.007,0.007,NA,NA,1,SAMP,NA,NA,NA,NA,NA,NA,1   NA   NA   NA,SAMP   NA   NA   NA
SHR_1998-02-04 10:30:00,2/4/1998 10:30,SHR,1998,W,TRUE,CLD,NA,NA,NA,NA,NA,NA,NA,NA,NA,30,Regular,294066,341697,47631,47631,146.302759,146.302759,NA,Extapolated counts to 30 minutes ~341697,NA,Aquatic Non-Insects,94,Family,Unionicolidae,Unionicolidae,NA,1,0.007,0.007,NA,NA,1,SAMP,NA,NA,NA,NA,NA,NA,1   NA   NA   NA,SAMP   NA   NA   NA
SHR_1998-02-04 10:30:00,2/4/1998 10:30,SHR,1998,W,TRUE,CLD,NA,NA,NA,NA,NA,NA,NA,NA,NA,30,Regular,294066,341697,47631,47631,146.302759,146.302759,NA,Extapolated counts to 30 minutes ~341697,NA,Aquatic Non-Insects,19,Family,Corbiculidae,Corbiculidae,NA,1,0.007,0.007,NA,NA,1,SAMP,NA,NA,NA,NA,NA,NA,1   NA   NA   NA,SAMP   NA   NA   NA
SHR_1998-02-04 10:30:00,2/4/1998 10:30,SHR,1998,W,TRUE,CLD,NA,NA,NA,NA,NA,NA,NA,NA,NA,30,Regular,294066,341697,47631,47631,146.302759,146.302759,NA,Extapolated counts to 30 minutes ~341697,NA,Terrestrial Non-Insects,59,Order,Geophilomorpha,Geophilomorpha,NA,1,0.007,0.007,NA,NA,1,SAMP,NA,NA,NA,NA,NA,NA,1   NA   NA   NA,SAMP   NA   NA   NA
SHR_1998-02-04 10:30:00,2/4/1998 10:30,SHR,1998,W,TRUE,CLD,NA,NA,NA,NA,NA,NA,NA,NA,NA,30,Regular,294066,341697,47631,47631,146.302759,146.302759,NA,Extapolated counts to 30 minutes ~341697,NA,Terrestrial Non-Insects,61,Order,Isopoda,Isopoda,NA,1,0.007,0.007,NA,NA,1,SAMP,NA,NA,NA,NA,NA,NA,1   NA   NA   NA,SAMP   NA   NA   NA
SHR_1998-02-04 10:30:00,2/4/1998 10:30,SHR,1998,W,TRUE,CLD,NA,NA,NA,NA,NA,NA,NA,NA,NA,30,Regular,294066,341697,47631,47631,146.302759,146.302759,NA,Extapolated counts to 30 minutes ~341697,NA,Terrestrial Non-Insects,68,Order,Collembola,Collembola,NA,14,0.096,0.096,NA,NA,1,SAMP,NA,NA,NA,NA,NA,NA,1   NA   NA   NA,SAMP   NA   NA   NA
SHR_1998-02-04 10:30:00,2/4/1998 10:30,SHR,1998,W,TRUE,CLD,NA,NA,NA,NA,NA,NA,NA,NA,NA,30,Regular,294066,341697,47631,47631,146.302759,146.302759,NA,Extapolated counts to 30 minutes ~341697,NA,Terrestrial Insects,73,Order,Lepidoptera,Lepidoptera,NA,1,0.007,0.007,NA,NA,1,SAMP,NA,NA,NA,NA,NA,NA,1   NA   NA   NA,SAMP   NA   NA   NA
SHR_1998-02-04 10:30:00,2/4/1998 10:30,SHR,1998,W,TRUE,CLD,NA,NA,NA,NA,NA,NA,NA,NA,NA,30,Regular,294066,341697,47631,47631,146.302759,146.302759,NA,Extapolated counts to 30 minutes ~341697,NA,Terrestrial Insects,63,Order,Coleoptera,Coleoptera,NA,2,0.014,0.014,NA,NA,1,SAMP,NA,NA,NA,NA,NA,NA,1   NA   NA   NA,SAMP   NA   NA   NA
SHR_1998-02-04 10:30:00,2/4/1998 10:30,SHR,1998,W,TRUE,CLD,NA,NA,NA,NA,NA,NA,NA,NA,NA,30,Regular,294066,341697,47631,47631,146.302759,146.302759,NA,Extapolated counts to 30 minutes ~341697,NA,Terrestrial Insects,64,Order,Diptera,Diptera,NA,1,0.007,0.007,NA,NA,1,SAMP,NA,NA,NA,NA,NA,NA,1   NA   NA   NA,SAMP   NA   NA   NA
SHR_1998-02-04 10:30:00,2/4/1998 10:30,SHR,1998,W,TRUE,CLD,NA,NA,NA,NA,NA,NA,NA,NA,NA,30,Regular,294066,341697,47631,47631,146.302759,146.302759,NA,Extapolated counts to 30 minutes ~341697,NA,Terrestrial Insects,66,Order,Hymenoptera,Hymenoptera,NA,19,0.13,0.13,NA,NA,1,SAMP,NA,NA,NA,NA,NA,NA,1   NA   NA   NA,SAMP   NA   NA   NA
SHR_1998-02-04 10:30:00,2/4/1998 10:30,SHR,1998,W,TRUE,CLD,NA,NA,NA,NA,NA,NA,NA,NA,NA,30,Regular,294066,341697,47631,47631,146.302759,146.302759,NA,Extapolated counts to 30 minutes ~341697,NA,Terrestrial Non-Insects,57,Subclass,Acari,Acari,NA,4,0.027,0.027,NA,NA,1,SAMP,NA,NA,NA,NA,NA,NA,1   NA   NA   NA,SAMP   NA   NA   NA
SHR_1998-02-04 10:30:00,2/4/1998 10:30,SHR,1998,W,TRUE,CLD,NA,NA,NA,NA,NA,NA,NA,NA,NA,30,Regular,294066,341697,47631,47631,146.302759,146.302759,NA,Extapolated counts to 30 minutes ~341697,NA,Terrestrial Non-Insects,58,Suborder,Araneida,Araneida,NA,1,0.007,0.007,NA,NA,1,SAMP,NA,NA,NA,NA,NA,NA,1   NA   NA   NA,SAMP   NA   NA   NA
STTD_1998-02-04 11:21:00,2/4/1998 11:21,STTD,1998,W,TRUE,CLD,NA,NA,NA,NA,NA,NA,NA,NA,NA,30,Regular,327408,369774,42366,42366,130.1308536,130.1308536,1,NA,NA,Aquatic Non-Insects,14,Family,Cyprididae,Cyprididae,NA,2,0.015,0.015,NA,NA,NA,NA,NA,NA,NA,NA,NA,NA,NA   NA   NA   NA,NA   NA   NA   NA
STTD_1998-02-04 11:21:00,2/4/1998 11:21,STTD,1998,W,TRUE,CLD,NA,NA,NA,NA,NA,NA,NA,NA,NA,30,Regular,327408,369774,42366,42366,130.1308536,130.1308536,1,NA,NA,Aquatic Insects,93,Family,Capniidae,Capniidae,NA,2,0.015,0.015,NA,NA,NA,NA,NA,NA,NA,NA,NA,NA,NA   NA   NA   NA,NA   NA   NA   NA
STTD_1998-02-04 11:21:00,2/4/1998 11:21,STTD,1998,W,TRUE,CLD,NA,NA,NA,NA,NA,NA,NA,NA,NA,30,Regular,327408,369774,42366,42366,130.1308536,130.1308536,1,NA,NA,Aquatic Insects,44,Family,Corixidae,Corixidae,NA,2,0.015,0.015,NA,NA,NA,NA,NA,NA,NA,NA,NA,NA,NA   NA   NA   NA,NA   NA   NA   NA
STTD_1998-02-04 11:21:00,2/4/1998 11:21,STTD,1998,W,TRUE,CLD,NA,NA,NA,NA,NA,NA,NA,NA,NA,30,Regular,327408,369774,42366,42366,130.1308536,130.1308536,1,NA,NA,Aquatic Insects,30,Family,Dytiscidae,Dytiscidae,NA,4,0.031,0.031,NA,NA,NA,NA,NA,NA,NA,NA,NA,NA,NA   NA   NA   NA,NA   NA   NA   NA
STTD_1998-02-04 11:21:00,2/4/1998 11:21,STTD,1998,W,TRUE,CLD,NA,NA,NA,NA,NA,NA,NA,NA,NA,30,Regular,327408,369774,42366,42366,130.1308536,130.1308536,1,NA,NA,Aquatic Insects,34,Family,Chironomidae,Chironomidae,NA,369,2.836,2.836,NA,NA,NA,NA,NA,NA,NA,NA,NA,NA,NA   NA   NA   NA,NA   NA   NA   NA
STTD_1998-02-04 11:21:00,2/4/1998 11:21,STTD,1998,W,TRUE,CLD,NA,NA,NA,NA,NA,NA,NA,NA,NA,30,Regular,327408,369774,42366,42366,130.1308536,130.1308536,1,NA,NA,Aquatic Insects,36,Family,Ephydridae,Ephydridae,NA,6,0.046,0.046,NA,NA,NA,NA,NA,NA,NA,NA,NA,NA,NA   NA   NA   NA,NA   NA   NA   NA
STTD_1998-02-04 11:21:00,2/4/1998 11:21,STTD,1998,W,TRUE,CLD,NA,NA,NA,NA,NA,NA,NA,NA,NA,30,Regular,327408,369774,42366,42366,130.1308536,130.1308536,1,NA,NA,Aquatic Insects,96,Family,Muscidae,Muscidae,NA,1,0.008,0.008,NA,NA,NA,NA,NA,NA,NA,NA,NA,NA,NA   NA   NA   NA,NA   NA   NA   NA
STTD_1998-02-04 11:21:00,2/4/1998 11:21,STTD,1998,W,TRUE,CLD,NA,NA,NA,NA,NA,NA,NA,NA,NA,30,Regular,327408,369774,42366,42366,130.1308536,130.1308536,1,NA,NA,Terrestrial Non-Insects,59,Order,Geophilomorpha,Geophilomorpha,NA,1,0.008,0.008,NA,NA,NA,NA,NA,NA,NA,NA,NA,NA,NA   NA   NA   NA,NA   NA   NA   NA
STTD_1998-02-04 11:21:00,2/4/1998 11:21,STTD,1998,W,TRUE,CLD,NA,NA,NA,NA,NA,NA,NA,NA,NA,30,Regular,327408,369774,42366,42366,130.1308536,130.1308536,1,NA,NA,Terrestrial Non-Insects,68,Order,Collembola,Collembola,NA,6,0.046,0.046,NA,NA,NA,NA,NA,NA,NA,NA,NA,NA,NA   NA   NA   NA,NA   NA   NA   NA
STTD_1998-02-04 11:21:00,2/4/1998 11:21,STTD,1998,W,TRUE,CLD,NA,NA,NA,NA,NA,NA,NA,NA,NA,30,Regular,327408,369774,42366,42366,130.1308536,130.1308536,1,NA,NA,Terrestrial Insects,71,Order,Hemiptera,Hemiptera,NA,1,0.008,0.008,NA,NA,NA,NA,NA,NA,NA,NA,NA,NA,NA   NA   NA   NA,NA   NA   NA   NA
STTD_1998-02-04 11:21:00,2/4/1998 11:21,STTD,1998,W,TRUE,CLD,NA,NA,NA,NA,NA,NA,NA,NA,NA,30,Regular,327408,369774,42366,42366,130.1308536,130.1308536,1,NA,NA,Terrestrial Insects,63,Order,Coleoptera,Coleoptera,NA,56,0.43,0.43,NA,NA,NA,NA,NA,NA,NA,NA,NA,NA,NA   NA   NA   NA,NA   NA   NA   NA
STTD_1998-02-04 11:21:00,2/4/1998 11:21,STTD,1998,W,TRUE,CLD,NA,NA,NA,NA,NA,NA,NA,NA,NA,30,Regular,327408,369774,42366,42366,130.1308536,130.1308536,1,NA,NA,Terrestrial Insects,64,Order,Diptera,Diptera,NA,1,0.008,0.008,NA,NA,NA,NA,NA,NA,NA,NA,NA,NA,NA   NA   NA   NA,NA   NA   NA   NA
STTD_1998-02-04 11:21:00,2/4/1998 11:21,STTD,1998,W,TRUE,CLD,NA,NA,NA,NA,NA,NA,NA,NA,NA,30,Regular,327408,369774,42366,42366,130.1308536,130.1308536,1,NA,NA,Terrestrial Insects,66,Order,Hymenoptera,Hymenoptera,NA,2,0.015,0.015,NA,NA,NA,NA,NA,NA,NA,NA,NA,NA,NA   NA   NA   NA,NA   NA   NA   NA
STTD_1998-02-04 11:21:00,2/4/1998 11:21,STTD,1998,W,TRUE,CLD,NA,NA,NA,NA,NA,NA,NA,NA,NA,30,Regular,327408,369774,42366,42366,130.1308536,130.1308536,1,NA,NA,Terrestrial Non-Insects,58,Suborder,Araneida,Araneida,NA,4,0.031,0.031,NA,NA,NA,NA,NA,NA,NA,NA,NA,NA,NA   NA   NA   NA,NA   NA   NA   NA
SHR_1998-02-11 09:22:00,2/11/1998 9:22,SHR,1998,W,TRUE,CLD,NA,NA,9.4,NA,NA,NA,NA,NA,NA,30,Regular,723906,780310,56404,56404,173.2497915,173.2497915,NA,NA,NA,Aquatic Non-Insects,4,Family,Naididae,Naididae,NA,1,0.006,0.006,NA,NA,NA,NA,NA,NA,NA,NA,NA,NA,NA   NA   NA   NA,NA   NA   NA   NA
SHR_1998-02-11 09:22:00,2/11/1998 9:22,SHR,1998,W,TRUE,CLD,NA,NA,9.4,NA,NA,NA,NA,NA,NA,30,Regular,723906,780310,56404,56404,173.2497915,173.2497915,NA,NA,NA,Aquatic Non-Insects,2,Family,Enchytraeidae,Enchytraeidae,NA,2,0.012,0.012,NA,NA,NA,NA,NA,NA,NA,NA,NA,NA,NA   NA   NA   NA,NA   NA   NA   NA
SHR_1998-02-11 09:22:00,2/11/1998 9:22,SHR,1998,W,TRUE,CLD,NA,NA,9.4,NA,NA,NA,NA,NA,NA,30,Regular,723906,780310,56404,56404,173.2497915,173.2497915,NA,NA,NA,Aquatic Non-Insects,9,Family,Corophiidae,Corophiidae,NA,8,0.046,0.046,NA,NA,NA,NA,NA,NA,NA,NA,NA,NA,NA   NA   NA   NA,NA   NA   NA   NA
SHR_1998-02-11 09:22:00,2/11/1998 9:22,SHR,1998,W,TRUE,CLD,NA,NA,9.4,NA,NA,NA,NA,NA,NA,30,Regular,723906,780310,56404,56404,173.2497915,173.2497915,NA,NA,NA,Aquatic Insects,41,Family,Baetidae,Baetidae,NA,1,0.006,0.006,NA,NA,NA,NA,NA,NA,NA,NA,NA,NA,NA   NA   NA   NA,NA   NA   NA   NA
SHR_1998-02-11 09:22:00,2/11/1998 9:22,SHR,1998,W,TRUE,CLD,NA,NA,9.4,NA,NA,NA,NA,NA,NA,30,Regular,723906,780310,56404,56404,173.2497915,173.2497915,NA,NA,NA,Aquatic Insects,40,Family,Caenidae,Caenidae,NA,1,0.006,0.006,NA,NA,NA,NA,NA,NA,NA,NA,NA,NA,NA   NA   NA   NA,NA   NA   NA   NA
SHR_1998-02-11 09:22:00,2/11/1998 9:22,SHR,1998,W,TRUE,CLD,NA,NA,9.4,NA,NA,NA,NA,NA,NA,30,Regular,723906,780310,56404,56404,173.2497915,173.2497915,NA,NA,NA,Aquatic Insects,46,Family,Coenagrionidae,Coenagrionidae,NA,3,0.017,0.017,NA,NA,NA,NA,NA,NA,NA,NA,NA,NA,NA   NA   NA   NA,NA   NA   NA   NA
SHR_1998-02-11 09:22:00,2/11/1998 9:22,SHR,1998,W,TRUE,CLD,NA,NA,9.4,NA,NA,NA,NA,NA,NA,30,Regular,723906,780310,56404,56404,173.2497915,173.2497915,NA,NA,NA,Aquatic Insects,44,Family,Corixidae,Corixidae,NA,3,0.017,0.017,NA,NA,NA,NA,NA,NA,NA,NA,NA,NA,NA   NA   NA   NA,NA   NA   NA   NA
SHR_1998-02-11 09:22:00,2/11/1998 9:22,SHR,1998,W,TRUE,CLD,NA,NA,9.4,NA,NA,NA,NA,NA,NA,30,Regular,723906,780310,56404,56404,173.2497915,173.2497915,NA,NA,NA,Aquatic Insects,32,Family,Ceratopogonidae,Ceratopogonidae,NA,1,0.006,0.006,NA,NA,NA,NA,NA,NA,NA,NA,NA,NA,NA   NA   NA   NA,NA   NA   NA   NA
SHR_1998-02-11 09:22:00,2/11/1998 9:22,SHR,1998,W,TRUE,CLD,NA,NA,9.4,NA,NA,NA,NA,NA,NA,30,Regular,723906,780310,56404,56404,173.2497915,173.2497915,NA,NA,NA,Aquatic Insects,33,Family,Chaoboridae,Chaoboridae,NA,1,0.006,0.006,NA,NA,NA,NA,NA,NA,NA,NA,NA,NA,NA   NA   NA   NA,NA   NA   NA   NA
SHR_1998-02-11 09:22:00,2/11/1998 9:22,SHR,1998,W,TRUE,CLD,NA,NA,9.4,NA,NA,NA,NA,NA,NA,30,Regular,723906,780310,56404,56404,173.2497915,173.2497915,NA,NA,NA,Aquatic Insects,34,Family,Chironomidae,Chironomidae,NA,19,0.11,0.11,NA,NA,NA,NA,NA,NA,NA,NA,NA,NA,NA   NA   NA   NA,NA   NA   NA   NA
SHR_1998-02-11 09:22:00,2/11/1998 9:22,SHR,1998,W,TRUE,CLD,NA,NA,9.4,NA,NA,NA,NA,NA,NA,30,Regular,723906,780310,56404,56404,173.2497915,173.2497915,NA,NA,NA,Terrestrial Non-Insects,59,Order,Geophilomorpha,Geophilomorpha,NA,1,0.006,0.006,NA,NA,NA,NA,NA,NA,NA,NA,NA,NA,NA   NA   NA   NA,NA   NA   NA   NA
SHR_1998-02-11 09:22:00,2/11/1998 9:22,SHR,1998,W,TRUE,CLD,NA,NA,9.4,NA,NA,NA,NA,NA,NA,30,Regular,723906,780310,56404,56404,173.2497915,173.2497915,NA,NA,NA,Terrestrial Insects,73,Order,Lepidoptera,Lepidoptera,NA,1,0.006,0.006,NA,NA,NA,NA,NA,NA,NA,NA,NA,NA,NA   NA   NA   NA,NA   NA   NA   NA
SHR_1998-02-11 09:22:00,2/11/1998 9:22,SHR,1998,W,TRUE,CLD,NA,NA,9.4,NA,NA,NA,NA,NA,NA,30,Regular,723906,780310,56404,56404,173.2497915,173.2497915,NA,NA,NA,Terrestrial Insects,66,Order,Hymenoptera,Hymenoptera,NA,1,0.006,0.006,NA,NA,NA,NA,NA,NA,NA,NA,NA,NA,NA   NA   NA   NA,NA   NA   NA   NA
STTD_1998-02-11 10:23:00,2/11/1998 10:23,STTD,1998,W,TRUE,CLD,NA,NA,NA,NA,NA,NA,NA,NA,NA,30,Regular,780309,824402,44093,44093,135.4354843,135.4354843,NA,NA,NA,Aquatic Non-Insects,2,Family,Enchytraeidae,Enchytraeidae,NA,2,0.015,0.015,NA,NA,NA,NA,NA,NA,NA,NA,NA,NA,NA   NA   NA   NA,NA   NA   NA   NA
STTD_1998-02-11 10:23:00,2/11/1998 10:23,STTD,1998,W,TRUE,CLD,NA,NA,NA,NA,NA,NA,NA,NA,NA,30,Regular,780309,824402,44093,44093,135.4354843,135.4354843,NA,NA,NA,Aquatic Non-Insects,14,Family,Cyprididae,Cyprididae,NA,6,0.044,0.044,NA,NA,NA,NA,NA,NA,NA,NA,NA,NA,NA   NA   NA   NA,NA   NA   NA   NA
STTD_1998-02-11 10:23:00,2/11/1998 10:23,STTD,1998,W,TRUE,CLD,NA,NA,NA,NA,NA,NA,NA,NA,NA,30,Regular,780309,824402,44093,44093,135.4354843,135.4354843,NA,NA,NA,Aquatic Insects,93,Family,Capniidae,Capniidae,NA,7,0.052,0.052,NA,NA,NA,NA,NA,NA,NA,NA,NA,NA,NA   NA   NA   NA,NA   NA   NA   NA
STTD_1998-02-11 10:23:00,2/11/1998 10:23,STTD,1998,W,TRUE,CLD,NA,NA,NA,NA,NA,NA,NA,NA,NA,30,Regular,780309,824402,44093,44093,135.4354843,135.4354843,NA,NA,NA,Aquatic Insects,44,Family,Corixidae,Corixidae,NA,11,0.081,0.081,NA,NA,NA,NA,NA,NA,NA,NA,NA,NA,NA   NA   NA   NA,NA   NA   NA   NA
STTD_1998-02-11 10:23:00,2/11/1998 10:23,STTD,1998,W,TRUE,CLD,NA,NA,NA,NA,NA,NA,NA,NA,NA,30,Regular,780309,824402,44093,44093,135.4354843,135.4354843,NA,NA,NA,Aquatic Insects,30,Family,Dytiscidae,Dytiscidae,NA,10,0.074,0.074,NA,NA,NA,NA,NA,NA,NA,NA,NA,NA,NA   NA   NA   NA,NA   NA   NA   NA
STTD_1998-02-11 10:23:00,2/11/1998 10:23,STTD,1998,W,TRUE,CLD,NA,NA,NA,NA,NA,NA,NA,NA,NA,30,Regular,780309,824402,44093,44093,135.4354843,135.4354843,NA,NA,NA,Aquatic Insects,81,Family,Hydrophilidae,Hydrophilidae,NA,2,0.015,0.015,NA,NA,NA,NA,NA,NA,NA,NA,NA,NA,NA   NA   NA   NA,NA   NA   NA   NA
STTD_1998-02-11 10:23:00,2/11/1998 10:23,STTD,1998,W,TRUE,CLD,NA,NA,NA,NA,NA,NA,NA,NA,NA,30,Regular,780309,824402,44093,44093,135.4354843,135.4354843,NA,NA,NA,Aquatic Insects,34,Family,Chironomidae,Chironomidae,NA,272,2.008,2.008,NA,NA,NA,NA,NA,NA,NA,NA,NA,NA,NA   NA   NA   NA,NA   NA   NA   NA
STTD_1998-02-11 10:23:00,2/11/1998 10:23,STTD,1998,W,TRUE,CLD,NA,NA,NA,NA,NA,NA,NA,NA,NA,30,Regular,780309,824402,44093,44093,135.4354843,135.4354843,NA,NA,NA,Aquatic Insects,97,Family,Stratiomyidae,Stratiomyidae,NA,1,0.007,0.007,NA,NA,NA,NA,NA,NA,NA,NA,NA,NA,NA   NA   NA   NA,NA   NA   NA   NA
STTD_1998-02-11 10:23:00,2/11/1998 10:23,STTD,1998,W,TRUE,CLD,NA,NA,NA,NA,NA,NA,NA,NA,NA,30,Regular,780309,824402,44093,44093,135.4354843,135.4354843,NA,NA,NA,Aquatic Insects,36,Family,Ephydridae,Ephydridae,NA,21,0.155,0.155,NA,NA,NA,NA,NA,NA,NA,NA,NA,NA,NA   NA   NA   NA,NA   NA   NA   NA
STTD_1998-02-11 10:23:00,2/11/1998 10:23,STTD,1998,W,TRUE,CLD,NA,NA,NA,NA,NA,NA,NA,NA,NA,30,Regular,780309,824402,44093,44093,135.4354843,135.4354843,NA,NA,NA,Aquatic Non-Insects,20,Family,Physidae,Physidae,NA,7,0.052,0.052,NA,NA,NA,NA,NA,NA,NA,NA,NA,NA,NA   NA   NA   NA,NA   NA   NA   NA
STTD_1998-02-11 10:23:00,2/11/1998 10:23,STTD,1998,W,TRUE,CLD,NA,NA,NA,NA,NA,NA,NA,NA,NA,30,Regular,780309,824402,44093,44093,135.4354843,135.4354843,NA,NA,NA,Terrestrial Insects,73,Order,Lepidoptera,Lepidoptera,NA,1,0.007,0.007,NA,NA,NA,NA,NA,NA,NA,NA,NA,NA,NA   NA   NA   NA,NA   NA   NA   NA
STTD_1998-02-11 10:23:00,2/11/1998 10:23,STTD,1998,W,TRUE,CLD,NA,NA,NA,NA,NA,NA,NA,NA,NA,30,Regular,780309,824402,44093,44093,135.4354843,135.4354843,NA,NA,NA,Terrestrial Insects,63,Order,Coleoptera,Coleoptera,NA,9,0.066,0.066,NA,NA,NA,NA,NA,NA,NA,NA,NA,NA,NA   NA   NA   NA,NA   NA   NA   NA
STTD_1998-02-11 10:23:00,2/11/1998 10:23,STTD,1998,W,TRUE,CLD,NA,NA,NA,NA,NA,NA,NA,NA,NA,30,Regular,780309,824402,44093,44093,135.4354843,135.4354843,NA,NA,NA,Terrestrial Non-Insects,58,Suborder,Araneida,Araneida,NA,1,0.007,0.007,NA,NA,NA,NA,NA,NA,NA,NA,NA,NA,NA   NA   NA   NA,NA   NA   NA   NA
SHR_1998-02-17 09:43:00,2/17/1998 9:43,SHR,1998,W,TRUE,CLR,NA,NA,10,NA,NA,NA,NA,NA,NA,30,Regular,895113,952047,56934,56934,174.8777326,174.8777326,NA,NA,NA,Aquatic Non-Insects,4,Family,Naididae,Naididae,NA,1,0.006,0.006,NA,NA,NA,NA,NA,NA,NA,NA,NA,NA,NA   NA   NA   NA,NA   NA   NA   NA
SHR_1998-02-17 09:43:00,2/17/1998 9:43,SHR,1998,W,TRUE,CLR,NA,NA,10,NA,NA,NA,NA,NA,NA,30,Regular,895113,952047,56934,56934,174.8777326,174.8777326,NA,NA,NA,Aquatic Non-Insects,2,Family,Enchytraeidae,Enchytraeidae,NA,1,0.006,0.006,NA,NA,NA,NA,NA,NA,NA,NA,NA,NA,NA   NA   NA   NA,NA   NA   NA   NA
SHR_1998-02-17 09:43:00,2/17/1998 9:43,SHR,1998,W,TRUE,CLR,NA,NA,10,NA,NA,NA,NA,NA,NA,30,Regular,895113,952047,56934,56934,174.8777326,174.8777326,NA,NA,NA,Aquatic Non-Insects,13,Family,Mysidae,Mysidae,NA,1,0.006,0.006,NA,NA,NA,NA,NA,NA,NA,NA,NA,NA,NA   NA   NA   NA,NA   NA   NA   NA
SHR_1998-02-17 09:43:00,2/17/1998 9:43,SHR,1998,W,TRUE,CLR,NA,NA,10,NA,NA,NA,NA,NA,NA,30,Regular,895113,952047,56934,56934,174.8777326,174.8777326,NA,NA,NA,Aquatic Non-Insects,9,Family,Corophiidae,Corophiidae,NA,3,0.017,0.017,NA,NA,NA,NA,NA,NA,NA,NA,NA,NA,NA   NA   NA   NA,NA   NA   NA   NA
SHR_1998-02-17 09:43:00,2/17/1998 9:43,SHR,1998,W,TRUE,CLR,NA,NA,10,NA,NA,NA,NA,NA,NA,30,Regular,895113,952047,56934,56934,174.8777326,174.8777326,NA,NA,NA,Aquatic Non-Insects,12,Family,Talitridae,Talitridae,NA,1,0.006,0.006,NA,NA,NA,NA,NA,NA,NA,NA,NA,NA,NA   NA   NA   NA,NA   NA   NA   NA
SHR_1998-02-17 09:43:00,2/17/1998 9:43,SHR,1998,W,TRUE,CLR,NA,NA,10,NA,NA,NA,NA,NA,NA,30,Regular,895113,952047,56934,56934,174.8777326,174.8777326,NA,NA,NA,Aquatic Insects,41,Family,Baetidae,Baetidae,NA,1,0.006,0.006,NA,NA,NA,NA,NA,NA,NA,NA,NA,NA,NA   NA   NA   NA,NA   NA   NA   NA
SHR_1998-02-17 09:43:00,2/17/1998 9:43,SHR,1998,W,TRUE,CLR,NA,NA,10,NA,NA,NA,NA,NA,NA,30,Regular,895113,952047,56934,56934,174.8777326,174.8777326,NA,NA,NA,Aquatic Insects,40,Family,Caenidae,Caenidae,NA,1,0.006,0.006,NA,NA,NA,NA,NA,NA,NA,NA,NA,NA,NA   NA   NA   NA,NA   NA   NA   NA
SHR_1998-02-17 09:43:00,2/17/1998 9:43,SHR,1998,W,TRUE,CLR,NA,NA,10,NA,NA,NA,NA,NA,NA,30,Regular,895113,952047,56934,56934,174.8777326,174.8777326,NA,NA,NA,Aquatic Insects,46,Family,Coenagrionidae,Coenagrionidae,NA,3,0.017,0.017,NA,NA,NA,NA,NA,NA,NA,NA,NA,NA,NA   NA   NA   NA,NA   NA   NA   NA
SHR_1998-02-17 09:43:00,2/17/1998 9:43,SHR,1998,W,TRUE,CLR,NA,NA,10,NA,NA,NA,NA,NA,NA,30,Regular,895113,952047,56934,56934,174.8777326,174.8777326,NA,NA,NA,Aquatic Insects,44,Family,Corixidae,Corixidae,NA,1,0.006,0.006,NA,NA,NA,NA,NA,NA,NA,NA,NA,NA,NA   NA   NA   NA,NA   NA   NA   NA
SHR_1998-02-17 09:43:00,2/17/1998 9:43,SHR,1998,W,TRUE,CLR,NA,NA,10,NA,NA,NA,NA,NA,NA,30,Regular,895113,952047,56934,56934,174.8777326,174.8777326,NA,NA,NA,Aquatic Insects,34,Family,Chironomidae,Chironomidae,NA,15,0.086,0.086,NA,NA,NA,NA,NA,NA,NA,NA,NA,NA,NA   NA   NA   NA,NA   NA   NA   NA
SHR_1998-02-17 09:43:00,2/17/1998 9:43,SHR,1998,W,TRUE,CLR,NA,NA,10,NA,NA,NA,NA,NA,NA,30,Regular,895113,952047,56934,56934,174.8777326,174.8777326,NA,NA,NA,Aquatic Insects,36,Family,Ephydridae,Ephydridae,NA,1,0.006,0.006,NA,NA,NA,NA,NA,NA,NA,NA,NA,NA,NA   NA   NA   NA,NA   NA   NA   NA
SHR_1998-02-17 09:43:00,2/17/1998 9:43,SHR,1998,W,TRUE,CLR,NA,NA,10,NA,NA,NA,NA,NA,NA,30,Regular,895113,952047,56934,56934,174.8777326,174.8777326,NA,NA,NA,Aquatic Non-Insects,77,Family,Hygrobatidae,Hygrobatidae,NA,1,0.006,0.006,NA,NA,NA,NA,NA,NA,NA,NA,NA,NA,NA   NA   NA   NA,NA   NA   NA   NA
SHR_1998-02-17 09:43:00,2/17/1998 9:43,SHR,1998,W,TRUE,CLR,NA,NA,10,NA,NA,NA,NA,NA,NA,30,Regular,895113,952047,56934,56934,174.8777326,174.8777326,NA,NA,NA,Terrestrial Insects,66,Order,Hymenoptera,Hymenoptera,NA,2,0.011,0.011,NA,NA,NA,NA,NA,NA,NA,NA,NA,NA,NA   NA   NA   NA,NA   NA   NA   NA
STTD_1998-02-17 10:45:00,2/17/1998 10:45,STTD,1998,W,TRUE,CLR,NA,NA,10,NA,NA,NA,NA,NA,NA,30,Regular,8981,46793,37812,37812,116.1428466,116.1428466,NA,NA,NA,Aquatic Non-Insects,4,Family,Naididae,Naididae,NA,1,0.009,0.009,NA,NA,NA,NA,NA,NA,NA,NA,NA,NA,NA   NA   NA   NA,NA   NA   NA   NA
STTD_1998-02-17 10:45:00,2/17/1998 10:45,STTD,1998,W,TRUE,CLR,NA,NA,10,NA,NA,NA,NA,NA,NA,30,Regular,8981,46793,37812,37812,116.1428466,116.1428466,NA,NA,NA,Aquatic Non-Insects,98,Family,Candoniidae,Candonidae,NA,1,0.009,0.009,NA,NA,NA,NA,NA,NA,NA,NA,NA,NA,NA   NA   NA   NA,NA   NA   NA   NA
STTD_1998-02-17 10:45:00,2/17/1998 10:45,STTD,1998,W,TRUE,CLR,NA,NA,10,NA,NA,NA,NA,NA,NA,30,Regular,8981,46793,37812,37812,116.1428466,116.1428466,NA,NA,NA,Aquatic Non-Insects,14,Family,Cyprididae,Cyprididae,NA,4,0.034,0.034,NA,NA,NA,NA,NA,NA,NA,NA,NA,NA,NA   NA   NA   NA,NA   NA   NA   NA
STTD_1998-02-17 10:45:00,2/17/1998 10:45,STTD,1998,W,TRUE,CLR,NA,NA,10,NA,NA,NA,NA,NA,NA,30,Regular,8981,46793,37812,37812,116.1428466,116.1428466,NA,NA,NA,Aquatic Non-Insects,9,Family,Corophiidae,Corophiidae,NA,1,0.009,0.009,NA,NA,NA,NA,NA,NA,NA,NA,NA,NA,NA   NA   NA   NA,NA   NA   NA   NA
STTD_1998-02-17 10:45:00,2/17/1998 10:45,STTD,1998,W,TRUE,CLR,NA,NA,10,NA,NA,NA,NA,NA,NA,30,Regular,8981,46793,37812,37812,116.1428466,116.1428466,NA,NA,NA,Aquatic Insects,46,Family,Coenagrionidae,Coenagrionidae,NA,1,0.009,0.009,NA,NA,NA,NA,NA,NA,NA,NA,NA,NA,NA   NA   NA   NA,NA   NA   NA   NA
STTD_1998-02-17 10:45:00,2/17/1998 10:45,STTD,1998,W,TRUE,CLR,NA,NA,10,NA,NA,NA,NA,NA,NA,30,Regular,8981,46793,37812,37812,116.1428466,116.1428466,NA,NA,NA,Aquatic Insects,93,Family,Capniidae,Capniidae,NA,10,0.086,0.086,NA,NA,NA,NA,NA,NA,NA,NA,NA,NA,NA   NA   NA   NA,NA   NA   NA   NA
STTD_1998-02-17 10:45:00,2/17/1998 10:45,STTD,1998,W,TRUE,CLR,NA,NA,10,NA,NA,NA,NA,NA,NA,30,Regular,8981,46793,37812,37812,116.1428466,116.1428466,NA,NA,NA,Aquatic Insects,44,Family,Corixidae,Corixidae,NA,5,0.043,0.043,NA,NA,NA,NA,NA,NA,NA,NA,NA,NA,NA   NA   NA   NA,NA   NA   NA   NA
STTD_1998-02-17 10:45:00,2/17/1998 10:45,STTD,1998,W,TRUE,CLR,NA,NA,10,NA,NA,NA,NA,NA,NA,30,Regular,8981,46793,37812,37812,116.1428466,116.1428466,NA,NA,NA,Aquatic Insects,30,Family,Dytiscidae,Dytiscidae,NA,3,0.026,0.026,NA,NA,NA,NA,NA,NA,NA,NA,NA,NA,NA   NA   NA   NA,NA   NA   NA   NA
STTD_1998-02-17 10:45:00,2/17/1998 10:45,STTD,1998,W,TRUE,CLR,NA,NA,10,NA,NA,NA,NA,NA,NA,30,Regular,8981,46793,37812,37812,116.1428466,116.1428466,NA,NA,NA,Aquatic Insects,34,Family,Chironomidae,Chironomidae,NA,969,8.343,8.343,NA,NA,NA,NA,NA,NA,NA,NA,NA,NA,NA   NA   NA   NA,NA   NA   NA   NA
STTD_1998-02-17 10:45:00,2/17/1998 10:45,STTD,1998,W,TRUE,CLR,NA,NA,10,NA,NA,NA,NA,NA,NA,30,Regular,8981,46793,37812,37812,116.1428466,116.1428466,NA,NA,NA,Aquatic Insects,36,Family,Ephydridae,Ephydridae,NA,2,0.017,0.017,NA,NA,NA,NA,NA,NA,NA,NA,NA,NA,NA   NA   NA   NA,NA   NA   NA   NA
STTD_1998-02-17 10:45:00,2/17/1998 10:45,STTD,1998,W,TRUE,CLR,NA,NA,10,NA,NA,NA,NA,NA,NA,30,Regular,8981,46793,37812,37812,116.1428466,116.1428466,NA,NA,NA,Aquatic Non-Insects,20,Family,Physidae,Physidae,NA,7,0.06,0.06,NA,NA,NA,NA,NA,NA,NA,NA,NA,NA,NA   NA   NA   NA,NA   NA   NA   NA
STTD_1998-02-17 10:45:00,2/17/1998 10:45,STTD,1998,W,TRUE,CLR,NA,NA,10,NA,NA,NA,NA,NA,NA,30,Regular,8981,46793,37812,37812,116.1428466,116.1428466,NA,NA,NA,Terrestrial Non-Insects,59,Order,Geophilomorpha,Geophilomorpha,NA,2,0.017,0.017,NA,NA,NA,NA,NA,NA,NA,NA,NA,NA,NA   NA   NA   NA,NA   NA   NA   NA
STTD_1998-02-17 10:45:00,2/17/1998 10:45,STTD,1998,W,TRUE,CLR,NA,NA,10,NA,NA,NA,NA,NA,NA,30,Regular,8981,46793,37812,37812,116.1428466,116.1428466,NA,NA,NA,Terrestrial Non-Insects,68,Order,Collembola,Collembola,NA,2,0.017,0.017,NA,NA,NA,NA,NA,NA,NA,NA,NA,NA,NA   NA   NA   NA,NA   NA   NA   NA
STTD_1998-02-17 10:45:00,2/17/1998 10:45,STTD,1998,W,TRUE,CLR,NA,NA,10,NA,NA,NA,NA,NA,NA,30,Regular,8981,46793,37812,37812,116.1428466,116.1428466,NA,NA,NA,Terrestrial Insects,63,Order,Coleoptera,Coleoptera,NA,2,0.017,0.017,NA,NA,NA,NA,NA,NA,NA,NA,NA,NA,NA   NA   NA   NA,NA   NA   NA   NA
STTD_1998-02-17 10:45:00,2/17/1998 10:45,STTD,1998,W,TRUE,CLR,NA,NA,10,NA,NA,NA,NA,NA,NA,30,Regular,8981,46793,37812,37812,116.1428466,116.1428466,NA,NA,NA,Terrestrial Non-Insects,58,Suborder,Araneida,Araneida,NA,1,0.009,0.009,NA,NA,NA,NA,NA,NA,NA,NA,NA,NA,NA   NA   NA   NA,NA   NA   NA   NA
SHR_1998-02-24 10:03:00,2/24/1998 10:03,SHR,1998,W,TRUE,CLR,NA,NA,NA,NA,NA,NA,NA,NA,NA,30,Regular,240948,301198,60250,60250,185.063115,185.063115,NA,NA,NA,Aquatic Non-Insects,4,Family,Naididae,Naididae,NA,6,0.032,0.032,NA,NA,NA,NA,NA,NA,NA,NA,NA,NA,NA   NA   NA   NA,NA   NA   NA   NA
SHR_1998-02-24 10:03:00,2/24/1998 10:03,SHR,1998,W,TRUE,CLR,NA,NA,NA,NA,NA,NA,NA,NA,NA,30,Regular,240948,301198,60250,60250,185.063115,185.063115,NA,NA,NA,Aquatic Non-Insects,2,Family,Enchytraeidae,Enchytraeidae,NA,2,0.011,0.011,NA,NA,NA,NA,NA,NA,NA,NA,NA,NA,NA   NA   NA   NA,NA   NA   NA   NA
SHR_1998-02-24 10:03:00,2/24/1998 10:03,SHR,1998,W,TRUE,CLR,NA,NA,NA,NA,NA,NA,NA,NA,NA,30,Regular,240948,301198,60250,60250,185.063115,185.063115,NA,NA,NA,Aquatic Non-Insects,8,Family,Sabellidae,Sabellidae,NA,1,0.005,0.005,NA,NA,NA,NA,NA,NA,NA,NA,NA,NA,NA   NA   NA   NA,NA   NA   NA   NA
SHR_1998-02-24 10:03:00,2/24/1998 10:03,SHR,1998,W,TRUE,CLR,NA,NA,NA,NA,NA,NA,NA,NA,NA,30,Regular,240948,301198,60250,60250,185.063115,185.063115,NA,NA,NA,Aquatic Non-Insects,9,Family,Corophiidae,Corophiidae,NA,1,0.005,0.005,NA,NA,NA,NA,NA,NA,NA,NA,NA,NA,NA   NA   NA   NA,NA   NA   NA   NA
SHR_1998-02-24 10:03:00,2/24/1998 10:03,SHR,1998,W,TRUE,CLR,NA,NA,NA,NA,NA,NA,NA,NA,NA,30,Regular,240948,301198,60250,60250,185.063115,185.063115,NA,NA,NA,Aquatic Non-Insects,10,Family,Crangonyctidae,Crangonyctidae,NA,1,0.005,0.005,NA,NA,NA,NA,NA,NA,NA,NA,NA,NA,NA   NA   NA   NA,NA   NA   NA   NA
SHR_1998-02-24 10:03:00,2/24/1998 10:03,SHR,1998,W,TRUE,CLR,NA,NA,NA,NA,NA,NA,NA,NA,NA,30,Regular,240948,301198,60250,60250,185.063115,185.063115,NA,NA,NA,Aquatic Insects,40,Family,Caenidae,Caenidae,NA,1,0.005,0.005,NA,NA,NA,NA,NA,NA,NA,NA,NA,NA,NA   NA   NA   NA,NA   NA   NA   NA
SHR_1998-02-24 10:03:00,2/24/1998 10:03,SHR,1998,W,TRUE,CLR,NA,NA,NA,NA,NA,NA,NA,NA,NA,30,Regular,240948,301198,60250,60250,185.063115,185.063115,NA,NA,NA,Aquatic Insects,78,Family,Tricorythidae,Tricorythidae,NA,1,0.005,0.005,NA,NA,NA,NA,NA,NA,NA,NA,NA,NA,NA   NA   NA   NA,NA   NA   NA   NA
SHR_1998-02-24 10:03:00,2/24/1998 10:03,SHR,1998,W,TRUE,CLR,NA,NA,NA,NA,NA,NA,NA,NA,NA,30,Regular,240948,301198,60250,60250,185.063115,185.063115,NA,NA,NA,Aquatic Insects,46,Family,Coenagrionidae,Coenagrionidae,NA,2,0.011,0.011,NA,NA,NA,NA,NA,NA,NA,NA,NA,NA,NA   NA   NA   NA,NA   NA   NA   NA
SHR_1998-02-24 10:03:00,2/24/1998 10:03,SHR,1998,W,TRUE,CLR,NA,NA,NA,NA,NA,NA,NA,NA,NA,30,Regular,240948,301198,60250,60250,185.063115,185.063115,NA,NA,NA,Aquatic Insects,44,Family,Corixidae,Corixidae,NA,1,0.005,0.005,NA,NA,NA,NA,NA,NA,NA,NA,NA,NA,NA   NA   NA   NA,NA   NA   NA   NA
SHR_1998-02-24 10:03:00,2/24/1998 10:03,SHR,1998,W,TRUE,CLR,NA,NA,NA,NA,NA,NA,NA,NA,NA,30,Regular,240948,301198,60250,60250,185.063115,185.063115,NA,NA,NA,Aquatic Insects,34,Family,Chironomidae,Chironomidae,NA,25,0.135,0.135,NA,NA,NA,NA,NA,NA,NA,NA,NA,NA,NA   NA   NA   NA,NA   NA   NA   NA
SHR_1998-02-24 10:03:00,2/24/1998 10:03,SHR,1998,W,TRUE,CLR,NA,NA,NA,NA,NA,NA,NA,NA,NA,30,Regular,240948,301198,60250,60250,185.063115,185.063115,NA,NA,NA,Aquatic Non-Insects,28,Family,Lebertiidae,Lebertiidae,NA,1,0.005,0.005,NA,NA,NA,NA,NA,NA,NA,NA,NA,NA,NA   NA   NA   NA,NA   NA   NA   NA
SHR_1998-02-24 10:03:00,2/24/1998 10:03,SHR,1998,W,TRUE,CLR,NA,NA,NA,NA,NA,NA,NA,NA,NA,30,Regular,240948,301198,60250,60250,185.063115,185.063115,NA,NA,NA,Aquatic Non-Insects,120,Family,Lebertiidae,Lebertiidae,NA,1,0.005,0.005,NA,NA,NA,NA,NA,NA,NA,NA,NA,NA,NA   NA   NA   NA,NA   NA   NA   NA
STTD_1998-02-24 11:10:00,2/24/1998 11:10,STTD,1998,W,TRUE,CLD,NA,NA,NA,NA,NA,NA,NA,NA,NA,30,Regular,301201,339072,37871,37871,116.3240702,116.3240702,NA,NA,NA,Aquatic Non-Insects,4,Family,Naididae,Naididae,NA,1,0.009,0.009,NA,NA,NA,NA,NA,NA,NA,NA,NA,NA,NA   NA   NA   NA,NA   NA   NA   NA
STTD_1998-02-24 11:10:00,2/24/1998 11:10,STTD,1998,W,TRUE,CLD,NA,NA,NA,NA,NA,NA,NA,NA,NA,30,Regular,301201,339072,37871,37871,116.3240702,116.3240702,NA,NA,NA,Aquatic Non-Insects,2,Family,Enchytraeidae,Enchytraeidae,NA,1,0.009,0.009,NA,NA,NA,NA,NA,NA,NA,NA,NA,NA,NA   NA   NA   NA,NA   NA   NA   NA
STTD_1998-02-24 11:10:00,2/24/1998 11:10,STTD,1998,W,TRUE,CLD,NA,NA,NA,NA,NA,NA,NA,NA,NA,30,Regular,301201,339072,37871,37871,116.3240702,116.3240702,NA,NA,NA,Aquatic Insects,93,Family,Capniidae,Capniidae,NA,1,0.009,0.009,NA,NA,NA,NA,NA,NA,NA,NA,NA,NA,NA   NA   NA   NA,NA   NA   NA   NA
STTD_1998-02-24 11:10:00,2/24/1998 11:10,STTD,1998,W,TRUE,CLD,NA,NA,NA,NA,NA,NA,NA,NA,NA,30,Regular,301201,339072,37871,37871,116.3240702,116.3240702,NA,NA,NA,Aquatic Insects,44,Family,Corixidae,Corixidae,NA,2,0.017,0.017,NA,NA,NA,NA,NA,NA,NA,NA,NA,NA,NA   NA   NA   NA,NA   NA   NA   NA
STTD_1998-02-24 11:10:00,2/24/1998 11:10,STTD,1998,W,TRUE,CLD,NA,NA,NA,NA,NA,NA,NA,NA,NA,30,Regular,301201,339072,37871,37871,116.3240702,116.3240702,NA,NA,NA,Aquatic Insects,30,Family,Dytiscidae,Dytiscidae,NA,3,0.026,0.026,NA,NA,NA,NA,NA,NA,NA,NA,NA,NA,NA   NA   NA   NA,NA   NA   NA   NA
STTD_1998-02-24 11:10:00,2/24/1998 11:10,STTD,1998,W,TRUE,CLD,NA,NA,NA,NA,NA,NA,NA,NA,NA,30,Regular,301201,339072,37871,37871,116.3240702,116.3240702,NA,NA,NA,Aquatic Insects,33,Family,Chaoboridae,Chaoboridae,NA,1,0.009,0.009,NA,NA,NA,NA,NA,NA,NA,NA,NA,NA,NA   NA   NA   NA,NA   NA   NA   NA
STTD_1998-02-24 11:10:00,2/24/1998 11:10,STTD,1998,W,TRUE,CLD,NA,NA,NA,NA,NA,NA,NA,NA,NA,30,Regular,301201,339072,37871,37871,116.3240702,116.3240702,NA,NA,NA,Aquatic Insects,34,Family,Chironomidae,Chironomidae,NA,289,2.484,2.484,NA,NA,NA,NA,NA,NA,NA,NA,NA,NA,NA   NA   NA   NA,NA   NA   NA   NA
STTD_1998-02-24 11:10:00,2/24/1998 11:10,STTD,1998,W,TRUE,CLD,NA,NA,NA,NA,NA,NA,NA,NA,NA,30,Regular,301201,339072,37871,37871,116.3240702,116.3240702,NA,NA,NA,Aquatic Insects,36,Family,Ephydridae,Ephydridae,NA,3,0.026,0.026,NA,NA,NA,NA,NA,NA,NA,NA,NA,NA,NA   NA   NA   NA,NA   NA   NA   NA
STTD_1998-02-24 11:10:00,2/24/1998 11:10,STTD,1998,W,TRUE,CLD,NA,NA,NA,NA,NA,NA,NA,NA,NA,30,Regular,301201,339072,37871,37871,116.3240702,116.3240702,NA,NA,NA,Terrestrial Non-Insects,59,Order,Geophilomorpha,Geophilomorpha,NA,1,0.009,0.009,NA,NA,NA,NA,NA,NA,NA,NA,NA,NA,NA   NA   NA   NA,NA   NA   NA   NA
SHR_1998-03-04 09:46:00,3/4/1998 9:46,SHR,1998,W,TRUE,CLR,NA,NA,11.7,NA,NA,NA,NA,NA,NA,30,Regular,801921,857495,55574,55574,170.7003744,170.7003744,NA,NA,NA,Aquatic Non-Insects,18,Family,Hydridae,Hydridae,NA,1,0.006,0.006,NA,NA,NA,NA,NA,NA,NA,NA,NA,NA,NA   NA   NA   NA,NA   NA   NA   NA
SHR_1998-03-04 09:46:00,3/4/1998 9:46,SHR,1998,W,TRUE,CLR,NA,NA,11.7,NA,NA,NA,NA,NA,NA,30,Regular,801921,857495,55574,55574,170.7003744,170.7003744,NA,NA,NA,Aquatic Non-Insects,4,Family,Naididae,Naididae,NA,2,0.012,0.012,NA,NA,NA,NA,NA,NA,NA,NA,NA,NA,NA   NA   NA   NA,NA   NA   NA   NA
SHR_1998-03-04 09:46:00,3/4/1998 9:46,SHR,1998,W,TRUE,CLR,NA,NA,11.7,NA,NA,NA,NA,NA,NA,30,Regular,801921,857495,55574,55574,170.7003744,170.7003744,NA,NA,NA,Aquatic Non-Insects,9,Family,Corophiidae,Corophiidae,NA,4,0.023,0.023,NA,NA,NA,NA,NA,NA,NA,NA,NA,NA,NA   NA   NA   NA,NA   NA   NA   NA
SHR_1998-03-04 09:46:00,3/4/1998 9:46,SHR,1998,W,TRUE,CLR,NA,NA,11.7,NA,NA,NA,NA,NA,NA,30,Regular,801921,857495,55574,55574,170.7003744,170.7003744,NA,NA,NA,Aquatic Insects,46,Family,Coenagrionidae,Coenagrionidae,NA,3,0.018,0.018,NA,NA,NA,NA,NA,NA,NA,NA,NA,NA,NA   NA   NA   NA,NA   NA   NA   NA
SHR_1998-03-04 09:46:00,3/4/1998 9:46,SHR,1998,W,TRUE,CLR,NA,NA,11.7,NA,NA,NA,NA,NA,NA,30,Regular,801921,857495,55574,55574,170.7003744,170.7003744,NA,NA,NA,Aquatic Insects,34,Family,Chironomidae,Chironomidae,NA,26,0.152,0.152,NA,NA,NA,NA,NA,NA,NA,NA,NA,NA,NA   NA   NA   NA,NA   NA   NA   NA
SHR_1998-03-04 09:46:00,3/4/1998 9:46,SHR,1998,W,TRUE,CLR,NA,NA,11.7,NA,NA,NA,NA,NA,NA,30,Regular,801921,857495,55574,55574,170.7003744,170.7003744,NA,NA,NA,Aquatic Non-Insects,77,Family,Hygrobatidae,Hygrobatidae,NA,3,0.018,0.018,NA,NA,NA,NA,NA,NA,NA,NA,NA,NA,NA   NA   NA   NA,NA   NA   NA   NA
SHR_1998-03-04 09:46:00,3/4/1998 9:46,SHR,1998,W,TRUE,CLR,NA,NA,11.7,NA,NA,NA,NA,NA,NA,30,Regular,801921,857495,55574,55574,170.7003744,170.7003744,NA,NA,NA,Aquatic Non-Insects,94,Family,Unionicolidae,Unionicolidae,NA,1,0.006,0.006,NA,NA,NA,NA,NA,NA,NA,NA,NA,NA,NA   NA   NA   NA,NA   NA   NA   NA
SHR_1998-03-04 09:46:00,3/4/1998 9:46,SHR,1998,W,TRUE,CLR,NA,NA,11.7,NA,NA,NA,NA,NA,NA,30,Regular,801921,857495,55574,55574,170.7003744,170.7003744,NA,NA,NA,Terrestrial Non-Insects,68,Order,Collembola,Collembola,NA,2,0.012,0.012,NA,NA,NA,NA,NA,NA,NA,NA,NA,NA,NA   NA   NA   NA,NA   NA   NA   NA
SHR_1998-03-04 09:46:00,3/4/1998 9:46,SHR,1998,W,TRUE,CLR,NA,NA,11.7,NA,NA,NA,NA,NA,NA,30,Regular,801921,857495,55574,55574,170.7003744,170.7003744,NA,NA,NA,Terrestrial Insects,63,Order,Coleoptera,Coleoptera,NA,1,0.006,0.006,NA,NA,NA,NA,NA,NA,NA,NA,NA,NA,NA   NA   NA   NA,NA   NA   NA   NA
STTD_1998-03-04 10:44:00,3/4/1998 10:44,STTD,1998,W,TRUE,CLR,NA,NA,10.6,NA,NA,NA,NA,NA,NA,30,Regular,857534,857542,8,87312,0.024572696,268.1864017,NA,NA,NA,Aquatic Non-Insects,18,Family,Hydridae,Hydridae,NA,1,40.696,0.004,NA,NA,NA,NA,NA,NA,3,FM,NA,NA,NA   NA   3   NA,NA   NA   FM   NA
STTD_1998-03-04 10:44:00,3/4/1998 10:44,STTD,1998,W,TRUE,CLR,NA,NA,10.6,NA,NA,NA,NA,NA,NA,30,Regular,857534,857542,8,87312,0.024572696,268.1864017,NA,NA,NA,Aquatic Non-Insects,4,Family,Naididae,Naididae,NA,3,122.087,0.011,NA,NA,NA,NA,NA,NA,3,FM,NA,NA,NA   NA   3   NA,NA   NA   FM   NA
STTD_1998-03-04 10:44:00,3/4/1998 10:44,STTD,1998,W,TRUE,CLR,NA,NA,10.6,NA,NA,NA,NA,NA,NA,30,Regular,857534,857542,8,87312,0.024572696,268.1864017,NA,NA,NA,Aquatic Non-Insects,2,Family,Enchytraeidae,Enchytraeidae,NA,2,81.391,0.007,NA,NA,NA,NA,NA,NA,3,FM,NA,NA,NA   NA   3   NA,NA   NA   FM   NA
STTD_1998-03-04 10:44:00,3/4/1998 10:44,STTD,1998,W,TRUE,CLR,NA,NA,10.6,NA,NA,NA,NA,NA,NA,30,Regular,857534,857542,8,87312,0.024572696,268.1864017,NA,NA,NA,Aquatic Insects,93,Family,Capniidae,Capniidae,NA,2,81.391,0.007,NA,NA,NA,NA,NA,NA,3,FM,NA,NA,NA   NA   3   NA,NA   NA   FM   NA
STTD_1998-03-04 10:44:00,3/4/1998 10:44,STTD,1998,W,TRUE,CLR,NA,NA,10.6,NA,NA,NA,NA,NA,NA,30,Regular,857534,857542,8,87312,0.024572696,268.1864017,NA,NA,NA,Aquatic Insects,44,Family,Corixidae,Corixidae,NA,1,40.696,0.004,NA,NA,NA,NA,NA,NA,3,FM,NA,NA,NA   NA   3   NA,NA   NA   FM   NA
STTD_1998-03-04 10:44:00,3/4/1998 10:44,STTD,1998,W,TRUE,CLR,NA,NA,10.6,NA,NA,NA,NA,NA,NA,30,Regular,857534,857542,8,87312,0.024572696,268.1864017,NA,NA,NA,Aquatic Insects,81,Family,Hydrophilidae,Hydrophilidae,NA,1,40.696,0.004,NA,NA,NA,NA,NA,NA,3,FM,NA,NA,NA   NA   3   NA,NA   NA   FM   NA
STTD_1998-03-04 10:44:00,3/4/1998 10:44,STTD,1998,W,TRUE,CLR,NA,NA,10.6,NA,NA,NA,NA,NA,NA,30,Regular,857534,857542,8,87312,0.024572696,268.1864017,NA,NA,NA,Aquatic Insects,34,Family,Chironomidae,Chironomidae,NA,208,8464.68,0.776,NA,NA,NA,NA,NA,NA,3,FM,NA,NA,NA   NA   3   NA,NA   NA   FM   NA
STTD_1998-03-04 10:44:00,3/4/1998 10:44,STTD,1998,W,TRUE,CLR,NA,NA,10.6,NA,NA,NA,NA,NA,NA,30,Regular,857534,857542,8,87312,0.024572696,268.1864017,NA,NA,NA,Aquatic Insects,36,Family,Ephydridae,Ephydridae,NA,1,40.696,0.004,NA,NA,NA,NA,NA,NA,3,FM,NA,NA,NA   NA   3   NA,NA   NA   FM   NA
STTD_1998-03-04 10:44:00,3/4/1998 10:44,STTD,1998,W,TRUE,CLR,NA,NA,10.6,NA,NA,NA,NA,NA,NA,30,Regular,857534,857542,8,87312,0.024572696,268.1864017,NA,NA,NA,Aquatic Non-Insects,20,Family,Physidae,Physidae,NA,5,203.478,0.019,NA,NA,NA,NA,NA,NA,3,FM,NA,NA,NA   NA   3   NA,NA   NA   FM   NA
STTD_1998-03-04 10:44:00,3/4/1998 10:44,STTD,1998,W,TRUE,CLR,NA,NA,10.6,NA,NA,NA,NA,NA,NA,30,Regular,857534,857542,8,87312,0.024572696,268.1864017,NA,NA,NA,Terrestrial Insects,73,Order,Lepidoptera,Lepidoptera,NA,1,40.696,0.004,NA,NA,NA,NA,NA,NA,3,FM,NA,NA,NA   NA   3   NA,NA   NA   FM   NA
STTD_1998-03-04 10:44:00,3/4/1998 10:44,STTD,1998,W,TRUE,CLR,NA,NA,10.6,NA,NA,NA,NA,NA,NA,30,Regular,857534,857542,8,87312,0.024572696,268.1864017,NA,NA,NA,Terrestrial Non-Insects,58,Suborder,Araneida,Araneida,NA,1,40.696,0.004,NA,NA,NA,NA,NA,NA,3,FM,NA,NA,NA   NA   3   NA,NA   NA   FM   NA
SHR_1998-03-10 09:38:00,3/10/1998 9:38,SHR,1998,W,TRUE,CLR,NA,NA,10,NA,NA,NA,NA,NA,NA,30,Regular,294538,348288,53750,53750,165.0977997,165.0977997,NA,NA,NA,Aquatic Non-Insects,18,Family,Hydridae,Hydridae,NA,4,0.024,0.024,NA,NA,NA,NA,NA,NA,NA,NA,NA,NA,NA   NA   NA   NA,NA   NA   NA   NA
SHR_1998-03-10 09:38:00,3/10/1998 9:38,SHR,1998,W,TRUE,CLR,NA,NA,10,NA,NA,NA,NA,NA,NA,30,Regular,294538,348288,53750,53750,165.0977997,165.0977997,NA,NA,NA,Aquatic Non-Insects,4,Family,Naididae,Naididae,NA,2,0.012,0.012,NA,NA,NA,NA,NA,NA,NA,NA,NA,NA,NA   NA   NA   NA,NA   NA   NA   NA
SHR_1998-03-10 09:38:00,3/10/1998 9:38,SHR,1998,W,TRUE,CLR,NA,NA,10,NA,NA,NA,NA,NA,NA,30,Regular,294538,348288,53750,53750,165.0977997,165.0977997,NA,NA,NA,Aquatic Non-Insects,9,Family,Corophiidae,Corophiidae,NA,6,0.036,0.036,NA,NA,NA,NA,NA,NA,NA,NA,NA,NA,NA   NA   NA   NA,NA   NA   NA   NA
SHR_1998-03-10 09:38:00,3/10/1998 9:38,SHR,1998,W,TRUE,CLR,NA,NA,10,NA,NA,NA,NA,NA,NA,30,Regular,294538,348288,53750,53750,165.0977997,165.0977997,NA,NA,NA,Aquatic Insects,41,Family,Baetidae,Baetidae,NA,1,0.006,0.006,NA,NA,NA,NA,NA,NA,NA,NA,NA,NA,NA   NA   NA   NA,NA   NA   NA   NA
SHR_1998-03-10 09:38:00,3/10/1998 9:38,SHR,1998,W,TRUE,CLR,NA,NA,10,NA,NA,NA,NA,NA,NA,30,Regular,294538,348288,53750,53750,165.0977997,165.0977997,NA,NA,NA,Aquatic Insects,40,Family,Caenidae,Caenidae,NA,1,0.006,0.006,NA,NA,NA,NA,NA,NA,NA,NA,NA,NA,NA   NA   NA   NA,NA   NA   NA   NA
SHR_1998-03-10 09:38:00,3/10/1998 9:38,SHR,1998,W,TRUE,CLR,NA,NA,10,NA,NA,NA,NA,NA,NA,30,Regular,294538,348288,53750,53750,165.0977997,165.0977997,NA,NA,NA,Aquatic Insects,34,Family,Chironomidae,Chironomidae,NA,19,0.115,0.115,NA,NA,NA,NA,NA,NA,NA,NA,NA,NA,NA   NA   NA   NA,NA   NA   NA   NA
SHR_1998-03-10 09:38:00,3/10/1998 9:38,SHR,1998,W,TRUE,CLR,NA,NA,10,NA,NA,NA,NA,NA,NA,30,Regular,294538,348288,53750,53750,165.0977997,165.0977997,NA,NA,NA,Terrestrial Insects,66,Order,Hymenoptera,Hymenoptera,NA,1,0.006,0.006,NA,NA,NA,NA,NA,NA,NA,NA,NA,NA,NA   NA   NA   NA,NA   NA   NA   NA
STTD_1998-03-11 07:52:00,3/11/1998 7:52,STTD,1998,W,TRUE,CLR,NA,NA,13.3,NA,NA,NA,NA,NA,NA,30,Regular,348291,348331,40,87312,0.122863479,268.1864017,NA,NA,NA,Aquatic Non-Insects,18,Family,Hydridae,Hydridae,NA,7,56.974,0.026,NA,NA,NA,NA,NA,NA,3,FM,NA,NA,NA   NA   3   NA,NA   NA   FM   NA
STTD_1998-03-11 07:52:00,3/11/1998 7:52,STTD,1998,W,TRUE,CLR,NA,NA,13.3,NA,NA,NA,NA,NA,NA,30,Regular,348291,348331,40,87312,0.122863479,268.1864017,NA,NA,NA,Aquatic Non-Insects,90,Family,Glossoscolecidae,Glossoscolecidae,NA,1,8.139,0.004,NA,NA,NA,NA,NA,NA,3,FM,NA,NA,NA   NA   3   NA,NA   NA   FM   NA
STTD_1998-03-11 07:52:00,3/11/1998 7:52,STTD,1998,W,TRUE,CLR,NA,NA,13.3,NA,NA,NA,NA,NA,NA,30,Regular,348291,348331,40,87312,0.122863479,268.1864017,NA,NA,NA,Aquatic Non-Insects,14,Family,Cyprididae,Cyprididae,NA,1,8.139,0.004,NA,NA,NA,NA,NA,NA,3,FM,NA,NA,NA   NA   3   NA,NA   NA   FM   NA
STTD_1998-03-11 07:52:00,3/11/1998 7:52,STTD,1998,W,TRUE,CLR,NA,NA,13.3,NA,NA,NA,NA,NA,NA,30,Regular,348291,348331,40,87312,0.122863479,268.1864017,NA,NA,NA,Aquatic Insects,34,Family,Chironomidae,Chironomidae,NA,3,24.417,0.011,NA,NA,NA,NA,NA,NA,3,FM,NA,NA,NA   NA   3   NA,NA   NA   FM   NA
STTD_1998-03-11 07:52:00,3/11/1998 7:52,STTD,1998,W,TRUE,CLR,NA,NA,13.3,NA,NA,NA,NA,NA,NA,30,Regular,348291,348331,40,87312,0.122863479,268.1864017,NA,NA,NA,Aquatic Non-Insects,20,Family,Physidae,Physidae,NA,1,8.139,0.004,NA,NA,NA,NA,NA,NA,3,FM,NA,NA,NA   NA   3   NA,NA   NA   FM   NA
SHR_1998-03-18 07:37:00,3/18/1998 7:37,SHR,1998,W,TRUE,CLR,NA,NA,13.3,NA,NA,NA,NA,NA,NA,30,Regular,872932,921913,48981,48981,150.4494015,150.4494015,NA,NA,NA,Aquatic Non-Insects,18,Family,Hydridae,Hydridae,NA,2,0.013,0.013,NA,NA,NA,NA,NA,NA,NA,NA,NA,NA,NA   NA   NA   NA,NA   NA   NA   NA
SHR_1998-03-18 07:37:00,3/18/1998 7:37,SHR,1998,W,TRUE,CLR,NA,NA,13.3,NA,NA,NA,NA,NA,NA,30,Regular,872932,921913,48981,48981,150.4494015,150.4494015,NA,NA,NA,Aquatic Non-Insects,4,Family,Naididae,Naididae,NA,5,0.033,0.033,NA,NA,NA,NA,NA,NA,NA,NA,NA,NA,NA   NA   NA   NA,NA   NA   NA   NA
SHR_1998-03-18 07:37:00,3/18/1998 7:37,SHR,1998,W,TRUE,CLR,NA,NA,13.3,NA,NA,NA,NA,NA,NA,30,Regular,872932,921913,48981,48981,150.4494015,150.4494015,NA,NA,NA,Aquatic Insects,40,Family,Caenidae,Caenidae,NA,1,0.007,0.007,NA,NA,NA,NA,NA,NA,NA,NA,NA,NA,NA   NA   NA   NA,NA   NA   NA   NA
SHR_1998-03-18 07:37:00,3/18/1998 7:37,SHR,1998,W,TRUE,CLR,NA,NA,13.3,NA,NA,NA,NA,NA,NA,30,Regular,872932,921913,48981,48981,150.4494015,150.4494015,NA,NA,NA,Aquatic Insects,34,Family,Chironomidae,Chironomidae,NA,18,0.12,0.12,NA,NA,NA,NA,NA,NA,NA,NA,NA,NA,NA   NA   NA   NA,NA   NA   NA   NA
SHR_1998-03-18 07:37:00,3/18/1998 7:37,SHR,1998,W,TRUE,CLR,NA,NA,13.3,NA,NA,NA,NA,NA,NA,30,Regular,872932,921913,48981,48981,150.4494015,150.4494015,NA,NA,NA,Aquatic Insects,38,Family,Simuliidae,Simuliidae,NA,2,0.013,0.013,NA,NA,NA,NA,NA,NA,NA,NA,NA,NA,NA   NA   NA   NA,NA   NA   NA   NA
SHR_1998-03-18 07:37:00,3/18/1998 7:37,SHR,1998,W,TRUE,CLR,NA,NA,13.3,NA,NA,NA,NA,NA,NA,30,Regular,872932,921913,48981,48981,150.4494015,150.4494015,NA,NA,NA,Aquatic Non-Insects,94,Family,Unionicolidae,Unionicolidae,NA,1,0.007,0.007,NA,NA,NA,NA,NA,NA,NA,NA,NA,NA,NA   NA   NA   NA,NA   NA   NA   NA
SHR_1998-03-18 07:37:00,3/18/1998 7:37,SHR,1998,W,TRUE,CLR,NA,NA,13.3,NA,NA,NA,NA,NA,NA,30,Regular,872932,921913,48981,48981,150.4494015,150.4494015,NA,NA,NA,Terrestrial Non-Insects,68,Order,Collembola,Collembola,NA,14,0.093,0.093,NA,NA,NA,NA,NA,NA,NA,NA,NA,NA,NA   NA   NA   NA,NA   NA   NA   NA
STTD_1998-03-19 09:39:00,3/19/1998 9:39,STTD,1998,W,TRUE,CLR,NA,NA,NA,NA,NA,NA,NA,NA,NA,30,Regular,921922,947862,25940,25940,79.67696604,79.67696604,NA,NA,NA,Aquatic Non-Insects,18,Family,Hydridae,Hydridae,NA,3,0.038,0.038,NA,NA,NA,NA,NA,NA,NA,NA,NA,NA,NA   NA   NA   NA,NA   NA   NA   NA
STTD_1998-03-19 09:39:00,3/19/1998 9:39,STTD,1998,W,TRUE,CLR,NA,NA,NA,NA,NA,NA,NA,NA,NA,30,Regular,921922,947862,25940,25940,79.67696604,79.67696604,NA,NA,NA,Aquatic Non-Insects,4,Family,Naididae,Naididae,NA,1,0.013,0.013,NA,NA,NA,NA,NA,NA,NA,NA,NA,NA,NA   NA   NA   NA,NA   NA   NA   NA
STTD_1998-03-19 09:39:00,3/19/1998 9:39,STTD,1998,W,TRUE,CLR,NA,NA,NA,NA,NA,NA,NA,NA,NA,30,Regular,921922,947862,25940,25940,79.67696604,79.67696604,NA,NA,NA,Aquatic Non-Insects,90,Family,Glossoscolecidae,Glossoscolecidae,NA,1,0.013,0.013,NA,NA,NA,NA,NA,NA,NA,NA,NA,NA,NA   NA   NA   NA,NA   NA   NA   NA
STTD_1998-03-19 09:39:00,3/19/1998 9:39,STTD,1998,W,TRUE,CLR,NA,NA,NA,NA,NA,NA,NA,NA,NA,30,Regular,921922,947862,25940,25940,79.67696604,79.67696604,NA,NA,NA,Aquatic Non-Insects,14,Family,Cyprididae,Cyprididae,NA,1,0.013,0.013,NA,NA,NA,NA,NA,NA,NA,NA,NA,NA,NA   NA   NA   NA,NA   NA   NA   NA
STTD_1998-03-19 09:39:00,3/19/1998 9:39,STTD,1998,W,TRUE,CLR,NA,NA,NA,NA,NA,NA,NA,NA,NA,30,Regular,921922,947862,25940,25940,79.67696604,79.67696604,NA,NA,NA,Aquatic Insects,44,Family,Corixidae,Corixidae,NA,23,0.289,0.289,NA,NA,NA,NA,NA,NA,NA,NA,NA,NA,NA   NA   NA   NA,NA   NA   NA   NA
STTD_1998-03-19 09:39:00,3/19/1998 9:39,STTD,1998,W,TRUE,CLR,NA,NA,NA,NA,NA,NA,NA,NA,NA,30,Regular,921922,947862,25940,25940,79.67696604,79.67696604,NA,NA,NA,Aquatic Insects,32,Family,Ceratopogonidae,Ceratopogonidae,NA,7,0.088,0.088,NA,NA,NA,NA,NA,NA,NA,NA,NA,NA,NA   NA   NA   NA,NA   NA   NA   NA
STTD_1998-03-19 09:39:00,3/19/1998 9:39,STTD,1998,W,TRUE,CLR,NA,NA,NA,NA,NA,NA,NA,NA,NA,30,Regular,921922,947862,25940,25940,79.67696604,79.67696604,NA,NA,NA,Aquatic Insects,34,Family,Chironomidae,Chironomidae,NA,560,7.028,7.028,NA,NA,NA,NA,NA,NA,NA,NA,NA,NA,NA   NA   NA   NA,NA   NA   NA   NA
STTD_1998-03-19 09:39:00,3/19/1998 9:39,STTD,1998,W,TRUE,CLR,NA,NA,NA,NA,NA,NA,NA,NA,NA,30,Regular,921922,947862,25940,25940,79.67696604,79.67696604,NA,NA,NA,Aquatic Insects,37,Family,Psychodidae,Psychodidae,NA,5,0.063,0.063,NA,NA,NA,NA,NA,NA,NA,NA,NA,NA,NA   NA   NA   NA,NA   NA   NA   NA
STTD_1998-03-19 09:39:00,3/19/1998 9:39,STTD,1998,W,TRUE,CLR,NA,NA,NA,NA,NA,NA,NA,NA,NA,30,Regular,921922,947862,25940,25940,79.67696604,79.67696604,NA,NA,NA,Aquatic Insects,38,Family,Simuliidae,Simuliidae,NA,2,0.025,0.025,NA,NA,NA,NA,NA,NA,NA,NA,NA,NA,NA   NA   NA   NA,NA   NA   NA   NA
STTD_1998-03-19 09:39:00,3/19/1998 9:39,STTD,1998,W,TRUE,CLR,NA,NA,NA,NA,NA,NA,NA,NA,NA,30,Regular,921922,947862,25940,25940,79.67696604,79.67696604,NA,NA,NA,Aquatic Insects,35,Family,Empididae,Empididae,NA,1,0.013,0.013,NA,NA,NA,NA,NA,NA,NA,NA,NA,NA,NA   NA   NA   NA,NA   NA   NA   NA
STTD_1998-03-19 09:39:00,3/19/1998 9:39,STTD,1998,W,TRUE,CLR,NA,NA,NA,NA,NA,NA,NA,NA,NA,30,Regular,921922,947862,25940,25940,79.67696604,79.67696604,NA,NA,NA,Aquatic Insects,97,Family,Stratiomyidae,Stratiomyidae,NA,1,0.013,0.013,NA,NA,NA,NA,NA,NA,NA,NA,NA,NA,NA   NA   NA   NA,NA   NA   NA   NA
STTD_1998-03-19 09:39:00,3/19/1998 9:39,STTD,1998,W,TRUE,CLR,NA,NA,NA,NA,NA,NA,NA,NA,NA,30,Regular,921922,947862,25940,25940,79.67696604,79.67696604,NA,NA,NA,Aquatic Non-Insects,20,Family,Physidae,Physidae,NA,18,0.226,0.226,NA,NA,NA,NA,NA,NA,NA,NA,NA,NA,NA   NA   NA   NA,NA   NA   NA   NA
STTD_1998-03-19 09:39:00,3/19/1998 9:39,STTD,1998,W,TRUE,CLR,NA,NA,NA,NA,NA,NA,NA,NA,NA,30,Regular,921922,947862,25940,25940,79.67696604,79.67696604,NA,NA,NA,Terrestrial Non-Insects,61,Order,Isopoda,Isopoda,NA,2,0.025,0.025,NA,NA,NA,NA,NA,NA,NA,NA,NA,NA,NA   NA   NA   NA,NA   NA   NA   NA
STTD_1998-03-19 09:39:00,3/19/1998 9:39,STTD,1998,W,TRUE,CLR,NA,NA,NA,NA,NA,NA,NA,NA,NA,30,Regular,921922,947862,25940,25940,79.67696604,79.67696604,NA,NA,NA,Terrestrial Non-Insects,68,Order,Collembola,Collembola,NA,4,0.05,0.05,NA,NA,NA,NA,NA,NA,NA,NA,NA,NA,NA   NA   NA   NA,NA   NA   NA   NA
STTD_1998-03-19 09:39:00,3/19/1998 9:39,STTD,1998,W,TRUE,CLR,NA,NA,NA,NA,NA,NA,NA,NA,NA,30,Regular,921922,947862,25940,25940,79.67696604,79.67696604,NA,NA,NA,Terrestrial Insects,63,Order,Coleoptera,Coleoptera,NA,9,0.113,0.113,NA,NA,NA,NA,NA,NA,NA,NA,NA,NA,NA   NA   NA   NA,NA   NA   NA   NA
STTD_1998-03-19 09:39:00,3/19/1998 9:39,STTD,1998,W,TRUE,CLR,NA,NA,NA,NA,NA,NA,NA,NA,NA,30,Regular,921922,947862,25940,25940,79.67696604,79.67696604,NA,NA,NA,Terrestrial Insects,66,Order,Hymenoptera,Hymenoptera,NA,7,0.088,0.088,NA,NA,NA,NA,NA,NA,NA,NA,NA,NA,NA   NA   NA   NA,NA   NA   NA   NA
STTD_1998-03-19 09:39:00,3/19/1998 9:39,STTD,1998,W,TRUE,CLR,NA,NA,NA,NA,NA,NA,NA,NA,NA,30,Regular,921922,947862,25940,25940,79.67696604,79.67696604,NA,NA,NA,Terrestrial Non-Insects,58,Suborder,Araneida,Araneida,NA,8,0.1,0.1,NA,NA,NA,NA,NA,NA,NA,NA,NA,NA,NA   NA   NA   NA,NA   NA   NA   NA
SHR_1998-03-25 09:27:00,3/25/1998 9:27,SHR,1998,W,TRUE,CLD,NA,NA,12.2,NA,NA,NA,NA,NA,NA,30,Regular,352222,358607,6385,6385,19.61208281,19.61208281,NA,Flow meter may have been inside net,NA,Aquatic Non-Insects,4,Family,Naididae,Naididae,NA,16,0.816,0.816,NA,NA,2,SAMP,NA,NA,NA,NA,NA,NA,2   NA   NA   NA,SAMP   NA   NA   NA
SHR_1998-03-25 09:27:00,3/25/1998 9:27,SHR,1998,W,TRUE,CLD,NA,NA,12.2,NA,NA,NA,NA,NA,NA,30,Regular,352222,358607,6385,6385,19.61208281,19.61208281,NA,Flow meter may have been inside net,NA,Aquatic Non-Insects,2,Family,Enchytraeidae,Enchytraeidae,NA,2,0.102,0.102,NA,NA,2,SAMP,NA,NA,NA,NA,NA,NA,2   NA   NA   NA,SAMP   NA   NA   NA
SHR_1998-03-25 09:27:00,3/25/1998 9:27,SHR,1998,W,TRUE,CLD,NA,NA,12.2,NA,NA,NA,NA,NA,NA,30,Regular,352222,358607,6385,6385,19.61208281,19.61208281,NA,Flow meter may have been inside net,NA,Aquatic Non-Insects,9,Family,Corophiidae,Corophiidae,NA,1,0.051,0.051,NA,NA,2,SAMP,NA,NA,NA,NA,NA,NA,2   NA   NA   NA,SAMP   NA   NA   NA
SHR_1998-03-25 09:27:00,3/25/1998 9:27,SHR,1998,W,TRUE,CLD,NA,NA,12.2,NA,NA,NA,NA,NA,NA,30,Regular,352222,358607,6385,6385,19.61208281,19.61208281,NA,Flow meter may have been inside net,NA,Aquatic Non-Insects,10,Family,Crangonyctidae,Crangonyctidae,NA,1,0.051,0.051,NA,NA,2,SAMP,NA,NA,NA,NA,NA,NA,2   NA   NA   NA,SAMP   NA   NA   NA
SHR_1998-03-25 09:27:00,3/25/1998 9:27,SHR,1998,W,TRUE,CLD,NA,NA,12.2,NA,NA,NA,NA,NA,NA,30,Regular,352222,358607,6385,6385,19.61208281,19.61208281,NA,Flow meter may have been inside net,NA,Aquatic Insects,40,Family,Caenidae,Caenidae,NA,1,0.051,0.051,NA,NA,2,SAMP,NA,NA,NA,NA,NA,NA,2   NA   NA   NA,SAMP   NA   NA   NA
SHR_1998-03-25 09:27:00,3/25/1998 9:27,SHR,1998,W,TRUE,CLD,NA,NA,12.2,NA,NA,NA,NA,NA,NA,30,Regular,352222,358607,6385,6385,19.61208281,19.61208281,NA,Flow meter may have been inside net,NA,Aquatic Insects,42,Family,Ephemerellidae,Ephemerellidae,NA,1,0.051,0.051,NA,NA,2,SAMP,NA,NA,NA,NA,NA,NA,2   NA   NA   NA,SAMP   NA   NA   NA
SHR_1998-03-25 09:27:00,3/25/1998 9:27,SHR,1998,W,TRUE,CLD,NA,NA,12.2,NA,NA,NA,NA,NA,NA,30,Regular,352222,358607,6385,6385,19.61208281,19.61208281,NA,Flow meter may have been inside net,NA,Aquatic Insects,48,Family,Hydropsychidae,Hydropsychidae,NA,1,0.051,0.051,NA,NA,2,SAMP,NA,NA,NA,NA,NA,NA,2   NA   NA   NA,SAMP   NA   NA   NA
SHR_1998-03-25 09:27:00,3/25/1998 9:27,SHR,1998,W,TRUE,CLD,NA,NA,12.2,NA,NA,NA,NA,NA,NA,30,Regular,352222,358607,6385,6385,19.61208281,19.61208281,NA,Flow meter may have been inside net,NA,Aquatic Insects,32,Family,Ceratopogonidae,Ceratopogonidae,NA,2,0.102,0.102,NA,NA,2,SAMP,NA,NA,NA,NA,NA,NA,2   NA   NA   NA,SAMP   NA   NA   NA
SHR_1998-03-25 09:27:00,3/25/1998 9:27,SHR,1998,W,TRUE,CLD,NA,NA,12.2,NA,NA,NA,NA,NA,NA,30,Regular,352222,358607,6385,6385,19.61208281,19.61208281,NA,Flow meter may have been inside net,NA,Aquatic Insects,34,Family,Chironomidae,Chironomidae,NA,13,0.663,0.663,NA,NA,2,SAMP,NA,NA,NA,NA,NA,NA,2   NA   NA   NA,SAMP   NA   NA   NA
SHR_1998-03-25 09:27:00,3/25/1998 9:27,SHR,1998,W,TRUE,CLD,NA,NA,12.2,NA,NA,NA,NA,NA,NA,30,Regular,352222,358607,6385,6385,19.61208281,19.61208281,NA,Flow meter may have been inside net,NA,Aquatic Non-Insects,94,Family,Unionicolidae,Unionicolidae,NA,1,0.051,0.051,NA,NA,2,SAMP,NA,NA,NA,NA,NA,NA,2   NA   NA   NA,SAMP   NA   NA   NA
SHR_1998-03-25 09:27:00,3/25/1998 9:27,SHR,1998,W,TRUE,CLD,NA,NA,12.2,NA,NA,NA,NA,NA,NA,30,Regular,352222,358607,6385,6385,19.61208281,19.61208281,NA,Flow meter may have been inside net,NA,Aquatic Non-Insects,19,Family,Corbiculidae,Corbiculidae,NA,6,0.306,0.306,NA,NA,2,SAMP,NA,NA,NA,NA,NA,NA,2   NA   NA   NA,SAMP   NA   NA   NA
SHR_1998-03-25 09:27:00,3/25/1998 9:27,SHR,1998,W,TRUE,CLD,NA,NA,12.2,NA,NA,NA,NA,NA,NA,30,Regular,352222,358607,6385,6385,19.61208281,19.61208281,NA,Flow meter may have been inside net,NA,Terrestrial Non-Insects,68,Order,Collembola,Collembola,NA,1,0.051,0.051,NA,NA,2,SAMP,NA,NA,NA,NA,NA,NA,2   NA   NA   NA,SAMP   NA   NA   NA
STTD_1998-03-25 10:32:00,3/25/1998 10:32,STTD,1998,W,TRUE,CLR,NA,NA,16.7,NA,NA,NA,NA,NA,NA,30,Regular,358630,358644,14,87312,0.043002218,268.1864017,NA,See original data sheet (only half sample kept),NA,Aquatic Non-Insects,18,Family,Hydridae,Hydridae,NA,8,186.037,0.03,NA,NA,NA,NA,NA,NA,3,FM,NA,NA,NA   NA   3   NA,NA   NA   FM   NA
STTD_1998-03-25 10:32:00,3/25/1998 10:32,STTD,1998,W,TRUE,CLR,NA,NA,16.7,NA,NA,NA,NA,NA,NA,30,Regular,358630,358644,14,87312,0.043002218,268.1864017,NA,See original data sheet (only half sample kept),NA,Aquatic Non-Insects,4,Family,Naididae,Naididae,NA,22,511.602,0.082,NA,NA,NA,NA,NA,NA,3,FM,NA,NA,NA   NA   3   NA,NA   NA   FM   NA
STTD_1998-03-25 10:32:00,3/25/1998 10:32,STTD,1998,W,TRUE,CLR,NA,NA,16.7,NA,NA,NA,NA,NA,NA,30,Regular,358630,358644,14,87312,0.043002218,268.1864017,NA,See original data sheet (only half sample kept),NA,Aquatic Non-Insects,14,Family,Cyprididae,Cyprididae,NA,2,46.509,0.007,NA,NA,NA,NA,NA,NA,3,FM,NA,NA,NA   NA   3   NA,NA   NA   FM   NA
STTD_1998-03-25 10:32:00,3/25/1998 10:32,STTD,1998,W,TRUE,CLR,NA,NA,16.7,NA,NA,NA,NA,NA,NA,30,Regular,358630,358644,14,87312,0.043002218,268.1864017,NA,See original data sheet (only half sample kept),NA,Aquatic Non-Insects,10,Family,Crangonyctidae,Crangonyctidae,NA,11,255.801,0.041,NA,NA,NA,NA,NA,NA,3,FM,NA,NA,NA   NA   3   NA,NA   NA   FM   NA
STTD_1998-03-25 10:32:00,3/25/1998 10:32,STTD,1998,W,TRUE,CLR,NA,NA,16.7,NA,NA,NA,NA,NA,NA,30,Regular,358630,358644,14,87312,0.043002218,268.1864017,NA,See original data sheet (only half sample kept),NA,Aquatic Insects,43,Family,Heptageniidae,Heptageniidae,NA,1,23.255,0.004,NA,NA,NA,NA,NA,NA,3,FM,NA,NA,NA   NA   3   NA,NA   NA   FM   NA
STTD_1998-03-25 10:32:00,3/25/1998 10:32,STTD,1998,W,TRUE,CLR,NA,NA,16.7,NA,NA,NA,NA,NA,NA,30,Regular,358630,358644,14,87312,0.043002218,268.1864017,NA,See original data sheet (only half sample kept),NA,Aquatic Insects,44,Family,Corixidae,Corixidae,NA,61,1418.531,0.227,NA,NA,NA,NA,NA,NA,3,FM,NA,NA,NA   NA   3   NA,NA   NA   FM   NA
STTD_1998-03-25 10:32:00,3/25/1998 10:32,STTD,1998,W,TRUE,CLR,NA,NA,16.7,NA,NA,NA,NA,NA,NA,30,Regular,358630,358644,14,87312,0.043002218,268.1864017,NA,See original data sheet (only half sample kept),NA,Aquatic Insects,31,Family,Helophoridae,Helophoridae,NA,1,23.255,0.004,NA,NA,NA,NA,NA,NA,3,FM,NA,NA,NA   NA   3   NA,NA   NA   FM   NA
STTD_1998-03-25 10:32:00,3/25/1998 10:32,STTD,1998,W,TRUE,CLR,NA,NA,16.7,NA,NA,NA,NA,NA,NA,30,Regular,358630,358644,14,87312,0.043002218,268.1864017,NA,See original data sheet (only half sample kept),NA,Aquatic Insects,32,Family,Ceratopogonidae,Ceratopogonidae,NA,248,5767.144,0.925,NA,NA,NA,NA,NA,NA,3,FM,NA,NA,NA   NA   3   NA,NA   NA   FM   NA
STTD_1998-03-25 10:32:00,3/25/1998 10:32,STTD,1998,W,TRUE,CLR,NA,NA,16.7,NA,NA,NA,NA,NA,NA,30,Regular,358630,358644,14,87312,0.043002218,268.1864017,NA,See original data sheet (only half sample kept),NA,Aquatic Insects,34,Family,Chironomidae,Chironomidae,NA,101,2348.716,0.377,NA,NA,NA,NA,NA,NA,3,FM,NA,NA,NA   NA   3   NA,NA   NA   FM   NA
STTD_1998-03-25 10:32:00,3/25/1998 10:32,STTD,1998,W,TRUE,CLR,NA,NA,16.7,NA,NA,NA,NA,NA,NA,30,Regular,358630,358644,14,87312,0.043002218,268.1864017,NA,See original data sheet (only half sample kept),NA,Aquatic Insects,35,Family,Empididae,Empididae,NA,1,23.255,0.004,NA,NA,NA,NA,NA,NA,3,FM,NA,NA,NA   NA   3   NA,NA   NA   FM   NA
STTD_1998-03-25 10:32:00,3/25/1998 10:32,STTD,1998,W,TRUE,CLR,NA,NA,16.7,NA,NA,NA,NA,NA,NA,30,Regular,358630,358644,14,87312,0.043002218,268.1864017,NA,See original data sheet (only half sample kept),NA,Aquatic Insects,36,Family,Ephydridae,Ephydridae,NA,5,116.273,0.019,NA,NA,NA,NA,NA,NA,3,FM,NA,NA,NA   NA   3   NA,NA   NA   FM   NA
STTD_1998-03-25 10:32:00,3/25/1998 10:32,STTD,1998,W,TRUE,CLR,NA,NA,16.7,NA,NA,NA,NA,NA,NA,30,Regular,358630,358644,14,87312,0.043002218,268.1864017,NA,See original data sheet (only half sample kept),NA,Aquatic Non-Insects,20,Family,Physidae,Physidae,NA,33,767.402,0.123,NA,NA,NA,NA,NA,NA,3,FM,NA,NA,NA   NA   3   NA,NA   NA   FM   NA
STTD_1998-03-25 10:32:00,3/25/1998 10:32,STTD,1998,W,TRUE,CLR,NA,NA,16.7,NA,NA,NA,NA,NA,NA,30,Regular,358630,358644,14,87312,0.043002218,268.1864017,NA,See original data sheet (only half sample kept),NA,Terrestrial Non-Insects,59,Order,Geophilomorpha,Geophilomorpha,NA,2,46.509,0.007,NA,NA,NA,NA,NA,NA,3,FM,NA,NA,NA   NA   3   NA,NA   NA   FM   NA
STTD_1998-03-25 10:32:00,3/25/1998 10:32,STTD,1998,W,TRUE,CLR,NA,NA,16.7,NA,NA,NA,NA,NA,NA,30,Regular,358630,358644,14,87312,0.043002218,268.1864017,NA,See original data sheet (only half sample kept),NA,Terrestrial Non-Insects,68,Order,Collembola,Collembola,NA,1,23.255,0.004,NA,NA,NA,NA,NA,NA,3,FM,NA,NA,NA   NA   3   NA,NA   NA   FM   NA
STTD_1998-03-25 10:32:00,3/25/1998 10:32,STTD,1998,W,TRUE,CLR,NA,NA,16.7,NA,NA,NA,NA,NA,NA,30,Regular,358630,358644,14,87312,0.043002218,268.1864017,NA,See original data sheet (only half sample kept),NA,Terrestrial Insects,71,Order,Hemiptera,Hemiptera,NA,2,46.509,0.007,NA,NA,NA,NA,NA,NA,3,FM,NA,NA,NA   NA   3   NA,NA   NA   FM   NA
STTD_1998-03-25 10:32:00,3/25/1998 10:32,STTD,1998,W,TRUE,CLR,NA,NA,16.7,NA,NA,NA,NA,NA,NA,30,Regular,358630,358644,14,87312,0.043002218,268.1864017,NA,See original data sheet (only half sample kept),NA,Terrestrial Insects,63,Order,Coleoptera,Coleoptera,NA,2,46.509,0.007,NA,NA,NA,NA,NA,NA,3,FM,NA,NA,NA   NA   3   NA,NA   NA   FM   NA
STTD_1998-03-25 10:32:00,3/25/1998 10:32,STTD,1998,W,TRUE,CLR,NA,NA,16.7,NA,NA,NA,NA,NA,NA,30,Regular,358630,358644,14,87312,0.043002218,268.1864017,NA,See original data sheet (only half sample kept),NA,Terrestrial Insects,64,Order,Diptera,Diptera,NA,2,46.509,0.007,NA,NA,NA,NA,NA,NA,3,FM,NA,NA,NA   NA   3   NA,NA   NA   FM   NA
STTD_1998-03-25 10:32:00,3/25/1998 10:32,STTD,1998,W,TRUE,CLR,NA,NA,16.7,NA,NA,NA,NA,NA,NA,30,Regular,358630,358644,14,87312,0.043002218,268.1864017,NA,See original data sheet (only half sample kept),NA,Terrestrial Insects,66,Order,Hymenoptera,Hymenoptera,NA,6,139.528,0.022,NA,NA,NA,NA,NA,NA,3,FM,NA,NA,NA   NA   3   NA,NA   NA   FM   NA
STTD_1998-03-25 10:32:00,3/25/1998 10:32,STTD,1998,W,TRUE,CLR,NA,NA,16.7,NA,NA,NA,NA,NA,NA,30,Regular,358630,358644,14,87312,0.043002218,268.1864017,NA,See original data sheet (only half sample kept),NA,Terrestrial Non-Insects,58,Suborder,Araneida,Araneida,NA,1,23.255,0.004,NA,NA,NA,NA,NA,NA,3,FM,NA,NA,NA   NA   3   NA,NA   NA   FM   NA
STTD_1998-04-01 09:32:00,4/1/1998 9:32,STTD,1998,W,TRUE,CLD,NA,NA,NA,NA,NA,NA,NA,NA,NA,30,Regular,508085,534130,26045,26045,79.99948267,79.99948267,NA,NA,NA,Aquatic Non-Insects,18,Family,Hydridae,Hydridae,NA,3,0.038,0.038,NA,NA,NA,NA,NA,NA,NA,NA,NA,NA,NA   NA   NA   NA,NA   NA   NA   NA
STTD_1998-04-01 09:32:00,4/1/1998 9:32,STTD,1998,W,TRUE,CLD,NA,NA,NA,NA,NA,NA,NA,NA,NA,30,Regular,508085,534130,26045,26045,79.99948267,79.99948267,NA,NA,NA,Aquatic Non-Insects,23,Family,Dorylaimidae,Dorylaimidae,NA,1,0.013,0.013,NA,NA,NA,NA,NA,NA,NA,NA,NA,NA,NA   NA   NA   NA,NA   NA   NA   NA
STTD_1998-04-01 09:32:00,4/1/1998 9:32,STTD,1998,W,TRUE,CLD,NA,NA,NA,NA,NA,NA,NA,NA,NA,30,Regular,508085,534130,26045,26045,79.99948267,79.99948267,NA,NA,NA,Aquatic Non-Insects,24,Family,Mermithidae,Mermithidae,NA,1,0.013,0.013,NA,NA,NA,NA,NA,NA,NA,NA,NA,NA,NA   NA   NA   NA,NA   NA   NA   NA
STTD_1998-04-01 09:32:00,4/1/1998 9:32,STTD,1998,W,TRUE,CLD,NA,NA,NA,NA,NA,NA,NA,NA,NA,30,Regular,508085,534130,26045,26045,79.99948267,79.99948267,NA,NA,NA,Aquatic Non-Insects,4,Family,Naididae,Naididae,NA,24,0.3,0.3,NA,NA,NA,NA,NA,NA,NA,NA,NA,NA,NA   NA   NA   NA,NA   NA   NA   NA
STTD_1998-04-01 09:32:00,4/1/1998 9:32,STTD,1998,W,TRUE,CLD,NA,NA,NA,NA,NA,NA,NA,NA,NA,30,Regular,508085,534130,26045,26045,79.99948267,79.99948267,NA,NA,NA,Aquatic Non-Insects,2,Family,Enchytraeidae,Enchytraeidae,NA,7,0.088,0.088,NA,NA,NA,NA,NA,NA,NA,NA,NA,NA,NA   NA   NA   NA,NA   NA   NA   NA
STTD_1998-04-01 09:32:00,4/1/1998 9:32,STTD,1998,W,TRUE,CLD,NA,NA,NA,NA,NA,NA,NA,NA,NA,30,Regular,508085,534130,26045,26045,79.99948267,79.99948267,NA,NA,NA,Aquatic Non-Insects,14,Family,Cyprididae,Cyprididae,NA,2,0.025,0.025,NA,NA,NA,NA,NA,NA,NA,NA,NA,NA,NA   NA   NA   NA,NA   NA   NA   NA
STTD_1998-04-01 09:32:00,4/1/1998 9:32,STTD,1998,W,TRUE,CLD,NA,NA,NA,NA,NA,NA,NA,NA,NA,30,Regular,508085,534130,26045,26045,79.99948267,79.99948267,NA,NA,NA,Aquatic Insects,44,Family,Corixidae,Corixidae,NA,1,0.013,0.013,NA,NA,NA,NA,NA,NA,NA,NA,NA,NA,NA   NA   NA   NA,NA   NA   NA   NA
STTD_1998-04-01 09:32:00,4/1/1998 9:32,STTD,1998,W,TRUE,CLD,NA,NA,NA,NA,NA,NA,NA,NA,NA,30,Regular,508085,534130,26045,26045,79.99948267,79.99948267,NA,NA,NA,Aquatic Insects,32,Family,Ceratopogonidae,Ceratopogonidae,NA,1,0.013,0.013,NA,NA,NA,NA,NA,NA,NA,NA,NA,NA,NA   NA   NA   NA,NA   NA   NA   NA
STTD_1998-04-01 09:32:00,4/1/1998 9:32,STTD,1998,W,TRUE,CLD,NA,NA,NA,NA,NA,NA,NA,NA,NA,30,Regular,508085,534130,26045,26045,79.99948267,79.99948267,NA,NA,NA,Aquatic Insects,34,Family,Chironomidae,Chironomidae,NA,377,4.713,4.713,NA,NA,NA,NA,NA,NA,NA,NA,NA,NA,NA   NA   NA   NA,NA   NA   NA   NA
STTD_1998-04-01 09:32:00,4/1/1998 9:32,STTD,1998,W,TRUE,CLD,NA,NA,NA,NA,NA,NA,NA,NA,NA,30,Regular,508085,534130,26045,26045,79.99948267,79.99948267,NA,NA,NA,Aquatic Insects,37,Family,Psychodidae,Psychodidae,NA,3,0.038,0.038,NA,NA,NA,NA,NA,NA,NA,NA,NA,NA,NA   NA   NA   NA,NA   NA   NA   NA
STTD_1998-04-01 09:32:00,4/1/1998 9:32,STTD,1998,W,TRUE,CLD,NA,NA,NA,NA,NA,NA,NA,NA,NA,30,Regular,508085,534130,26045,26045,79.99948267,79.99948267,NA,NA,NA,Aquatic Insects,35,Family,Empididae,Empididae,NA,1,0.013,0.013,NA,NA,NA,NA,NA,NA,NA,NA,NA,NA,NA   NA   NA   NA,NA   NA   NA   NA
STTD_1998-04-01 09:32:00,4/1/1998 9:32,STTD,1998,W,TRUE,CLD,NA,NA,NA,NA,NA,NA,NA,NA,NA,30,Regular,508085,534130,26045,26045,79.99948267,79.99948267,NA,NA,NA,Aquatic Insects,36,Family,Ephydridae,Ephydridae,NA,1,0.013,0.013,NA,NA,NA,NA,NA,NA,NA,NA,NA,NA,NA   NA   NA   NA,NA   NA   NA   NA
STTD_1998-04-01 09:32:00,4/1/1998 9:32,STTD,1998,W,TRUE,CLD,NA,NA,NA,NA,NA,NA,NA,NA,NA,30,Regular,508085,534130,26045,26045,79.99948267,79.99948267,NA,NA,NA,Aquatic Non-Insects,20,Family,Physidae,Physidae,NA,46,0.575,0.575,NA,NA,NA,NA,NA,NA,NA,NA,NA,NA,NA   NA   NA   NA,NA   NA   NA   NA
STTD_1998-04-01 09:32:00,4/1/1998 9:32,STTD,1998,W,TRUE,CLD,NA,NA,NA,NA,NA,NA,NA,NA,NA,30,Regular,508085,534130,26045,26045,79.99948267,79.99948267,NA,NA,NA,Terrestrial Non-Insects,68,Order,Collembola,Collembola,NA,1,0.013,0.013,NA,NA,NA,NA,NA,NA,NA,NA,NA,NA,NA   NA   NA   NA,NA   NA   NA   NA
STTD_1998-04-01 09:32:00,4/1/1998 9:32,STTD,1998,W,TRUE,CLD,NA,NA,NA,NA,NA,NA,NA,NA,NA,30,Regular,508085,534130,26045,26045,79.99948267,79.99948267,NA,NA,NA,Terrestrial Insects,71,Order,Hemiptera,Hemiptera,NA,1,0.013,0.013,NA,NA,NA,NA,NA,NA,NA,NA,NA,NA,NA   NA   NA   NA,NA   NA   NA   NA
STTD_1998-04-01 09:32:00,4/1/1998 9:32,STTD,1998,W,TRUE,CLD,NA,NA,NA,NA,NA,NA,NA,NA,NA,30,Regular,508085,534130,26045,26045,79.99948267,79.99948267,NA,NA,NA,Terrestrial Insects,63,Order,Coleoptera,Coleoptera,NA,1,0.013,0.013,NA,NA,NA,NA,NA,NA,NA,NA,NA,NA,NA   NA   NA   NA,NA   NA   NA   NA
STTD_1998-04-01 09:32:00,4/1/1998 9:32,STTD,1998,W,TRUE,CLD,NA,NA,NA,NA,NA,NA,NA,NA,NA,30,Regular,508085,534130,26045,26045,79.99948267,79.99948267,NA,NA,NA,Terrestrial Insects,66,Order,Hymenoptera,Hymenoptera,NA,1,0.013,0.013,NA,NA,NA,NA,NA,NA,NA,NA,NA,NA,NA   NA   NA   NA,NA   NA   NA   NA
SHR_1998-04-01 09:40:00,4/1/1998 9:40,SHR,1998,W,TRUE,CLD,NA,NA,11.7,NA,NA,NA,NA,NA,NA,30,Regular,583096,633659,50563,50563,155.308652,155.308652,NA,NA,NA,Aquatic Non-Insects,18,Family,Hydridae,Hydridae,NA,1,0.006,0.006,NA,NA,NA,NA,NA,NA,NA,NA,NA,NA,NA   NA   NA   NA,NA   NA   NA   NA
SHR_1998-04-01 09:40:00,4/1/1998 9:40,SHR,1998,W,TRUE,CLD,NA,NA,11.7,NA,NA,NA,NA,NA,NA,30,Regular,583096,633659,50563,50563,155.308652,155.308652,NA,NA,NA,Aquatic Non-Insects,4,Family,Naididae,Naididae,NA,8,0.052,0.052,NA,NA,NA,NA,NA,NA,NA,NA,NA,NA,NA   NA   NA   NA,NA   NA   NA   NA
SHR_1998-04-01 09:40:00,4/1/1998 9:40,SHR,1998,W,TRUE,CLD,NA,NA,11.7,NA,NA,NA,NA,NA,NA,30,Regular,583096,633659,50563,50563,155.308652,155.308652,NA,NA,NA,Aquatic Non-Insects,9,Family,Corophiidae,Corophiidae,NA,2,0.013,0.013,NA,NA,NA,NA,NA,NA,NA,NA,NA,NA,NA   NA   NA   NA,NA   NA   NA   NA
SHR_1998-04-01 09:40:00,4/1/1998 9:40,SHR,1998,W,TRUE,CLD,NA,NA,11.7,NA,NA,NA,NA,NA,NA,30,Regular,583096,633659,50563,50563,155.308652,155.308652,NA,NA,NA,Aquatic Insects,41,Family,Baetidae,Baetidae,NA,1,0.006,0.006,NA,NA,NA,NA,NA,NA,NA,NA,NA,NA,NA   NA   NA   NA,NA   NA   NA   NA
SHR_1998-04-01 09:40:00,4/1/1998 9:40,SHR,1998,W,TRUE,CLD,NA,NA,11.7,NA,NA,NA,NA,NA,NA,30,Regular,583096,633659,50563,50563,155.308652,155.308652,NA,NA,NA,Aquatic Insects,40,Family,Caenidae,Caenidae,NA,1,0.006,0.006,NA,NA,NA,NA,NA,NA,NA,NA,NA,NA,NA   NA   NA   NA,NA   NA   NA   NA
SHR_1998-04-01 09:40:00,4/1/1998 9:40,SHR,1998,W,TRUE,CLD,NA,NA,11.7,NA,NA,NA,NA,NA,NA,30,Regular,583096,633659,50563,50563,155.308652,155.308652,NA,NA,NA,Aquatic Insects,46,Family,Coenagrionidae,Coenagrionidae,NA,1,0.006,0.006,NA,NA,NA,NA,NA,NA,NA,NA,NA,NA,NA   NA   NA   NA,NA   NA   NA   NA
SHR_1998-04-01 09:40:00,4/1/1998 9:40,SHR,1998,W,TRUE,CLD,NA,NA,11.7,NA,NA,NA,NA,NA,NA,30,Regular,583096,633659,50563,50563,155.308652,155.308652,NA,NA,NA,Aquatic Insects,34,Family,Chironomidae,Chironomidae,NA,21,0.135,0.135,NA,NA,NA,NA,NA,NA,NA,NA,NA,NA,NA   NA   NA   NA,NA   NA   NA   NA
SHR_1998-04-01 09:40:00,4/1/1998 9:40,SHR,1998,W,TRUE,CLD,NA,NA,11.7,NA,NA,NA,NA,NA,NA,30,Regular,583096,633659,50563,50563,155.308652,155.308652,NA,NA,NA,Aquatic Insects,38,Family,Simuliidae,Simuliidae,NA,2,0.013,0.013,NA,NA,NA,NA,NA,NA,NA,NA,NA,NA,NA   NA   NA   NA,NA   NA   NA   NA
SHR_1998-04-01 09:40:00,4/1/1998 9:40,SHR,1998,W,TRUE,CLD,NA,NA,11.7,NA,NA,NA,NA,NA,NA,30,Regular,583096,633659,50563,50563,155.308652,155.308652,NA,NA,NA,Aquatic Non-Insects,19,Family,Corbiculidae,Corbiculidae,NA,4,0.026,0.026,NA,NA,NA,NA,NA,NA,NA,NA,NA,NA,NA   NA   NA   NA,NA   NA   NA   NA
STTD_1998-04-08 09:56:00,4/8/1998 9:56,STTD,1998,W,TRUE,CLR,NA,NA,NA,NA,NA,NA,NA,NA,NA,30,Regular,9,15345,15336,15336,47.1058578,47.1058578,NA,NA,NA,Aquatic Non-Insects,18,Family,Hydridae,Hydridae,NA,2,0.042,0.042,NA,NA,NA,NA,NA,NA,NA,NA,NA,NA,NA   NA   NA   NA,NA   NA   NA   NA
STTD_1998-04-08 09:56:00,4/8/1998 9:56,STTD,1998,W,TRUE,CLR,NA,NA,NA,NA,NA,NA,NA,NA,NA,30,Regular,9,15345,15336,15336,47.1058578,47.1058578,NA,NA,NA,Aquatic Non-Insects,4,Family,Naididae,Naididae,NA,3,0.064,0.064,NA,NA,NA,NA,NA,NA,NA,NA,NA,NA,NA   NA   NA   NA,NA   NA   NA   NA
STTD_1998-04-08 09:56:00,4/8/1998 9:56,STTD,1998,W,TRUE,CLR,NA,NA,NA,NA,NA,NA,NA,NA,NA,30,Regular,9,15345,15336,15336,47.1058578,47.1058578,NA,NA,NA,Aquatic Non-Insects,10,Family,Crangonyctidae,Crangonyctidae,NA,1,0.021,0.021,NA,NA,NA,NA,NA,NA,NA,NA,NA,NA,NA   NA   NA   NA,NA   NA   NA   NA
STTD_1998-04-08 09:56:00,4/8/1998 9:56,STTD,1998,W,TRUE,CLR,NA,NA,NA,NA,NA,NA,NA,NA,NA,30,Regular,9,15345,15336,15336,47.1058578,47.1058578,NA,NA,NA,Aquatic Insects,46,Family,Coenagrionidae,Coenagrionidae,NA,1,0.021,0.021,NA,NA,NA,NA,NA,NA,NA,NA,NA,NA,NA   NA   NA   NA,NA   NA   NA   NA
STTD_1998-04-08 09:56:00,4/8/1998 9:56,STTD,1998,W,TRUE,CLR,NA,NA,NA,NA,NA,NA,NA,NA,NA,30,Regular,9,15345,15336,15336,47.1058578,47.1058578,NA,NA,NA,Aquatic Insects,44,Family,Corixidae,Corixidae,NA,8,0.17,0.17,NA,NA,NA,NA,NA,NA,NA,NA,NA,NA,NA   NA   NA   NA,NA   NA   NA   NA
STTD_1998-04-08 09:56:00,4/8/1998 9:56,STTD,1998,W,TRUE,CLR,NA,NA,NA,NA,NA,NA,NA,NA,NA,30,Regular,9,15345,15336,15336,47.1058578,47.1058578,NA,NA,NA,Aquatic Insects,30,Family,Dytiscidae,Dytiscidae,NA,4,0.085,0.085,NA,NA,NA,NA,NA,NA,NA,NA,NA,NA,NA   NA   NA   NA,NA   NA   NA   NA
STTD_1998-04-08 09:56:00,4/8/1998 9:56,STTD,1998,W,TRUE,CLR,NA,NA,NA,NA,NA,NA,NA,NA,NA,30,Regular,9,15345,15336,15336,47.1058578,47.1058578,NA,NA,NA,Aquatic Insects,81,Family,Hydrophilidae,Hydrophilidae,NA,2,0.042,0.042,NA,NA,NA,NA,NA,NA,NA,NA,NA,NA,NA   NA   NA   NA,NA   NA   NA   NA
STTD_1998-04-08 09:56:00,4/8/1998 9:56,STTD,1998,W,TRUE,CLR,NA,NA,NA,NA,NA,NA,NA,NA,NA,30,Regular,9,15345,15336,15336,47.1058578,47.1058578,NA,NA,NA,Aquatic Insects,32,Family,Ceratopogonidae,Ceratopogonidae,NA,3,0.064,0.064,NA,NA,NA,NA,NA,NA,NA,NA,NA,NA,NA   NA   NA   NA,NA   NA   NA   NA
STTD_1998-04-08 09:56:00,4/8/1998 9:56,STTD,1998,W,TRUE,CLR,NA,NA,NA,NA,NA,NA,NA,NA,NA,30,Regular,9,15345,15336,15336,47.1058578,47.1058578,NA,NA,NA,Aquatic Insects,34,Family,Chironomidae,Chironomidae,NA,683,14.499,14.499,NA,NA,NA,NA,NA,NA,NA,NA,NA,NA,NA   NA   NA   NA,NA   NA   NA   NA
STTD_1998-04-08 09:56:00,4/8/1998 9:56,STTD,1998,W,TRUE,CLR,NA,NA,NA,NA,NA,NA,NA,NA,NA,30,Regular,9,15345,15336,15336,47.1058578,47.1058578,NA,NA,NA,Aquatic Insects,37,Family,Psychodidae,Psychodidae,NA,2,0.042,0.042,NA,NA,NA,NA,NA,NA,NA,NA,NA,NA,NA   NA   NA   NA,NA   NA   NA   NA
STTD_1998-04-08 09:56:00,4/8/1998 9:56,STTD,1998,W,TRUE,CLR,NA,NA,NA,NA,NA,NA,NA,NA,NA,30,Regular,9,15345,15336,15336,47.1058578,47.1058578,NA,NA,NA,Aquatic Insects,35,Family,Empididae,Empididae,NA,2,0.042,0.042,NA,NA,NA,NA,NA,NA,NA,NA,NA,NA,NA   NA   NA   NA,NA   NA   NA   NA
STTD_1998-04-08 09:56:00,4/8/1998 9:56,STTD,1998,W,TRUE,CLR,NA,NA,NA,NA,NA,NA,NA,NA,NA,30,Regular,9,15345,15336,15336,47.1058578,47.1058578,NA,NA,NA,Aquatic Insects,36,Family,Ephydridae,Ephydridae,NA,1,0.021,0.021,NA,NA,NA,NA,NA,NA,NA,NA,NA,NA,NA   NA   NA   NA,NA   NA   NA   NA
STTD_1998-04-08 09:56:00,4/8/1998 9:56,STTD,1998,W,TRUE,CLR,NA,NA,NA,NA,NA,NA,NA,NA,NA,30,Regular,9,15345,15336,15336,47.1058578,47.1058578,NA,NA,NA,Aquatic Non-Insects,20,Family,Physidae,Physidae,NA,4,0.085,0.085,NA,NA,NA,NA,NA,NA,NA,NA,NA,NA,NA   NA   NA   NA,NA   NA   NA   NA
STTD_1998-04-08 09:56:00,4/8/1998 9:56,STTD,1998,W,TRUE,CLR,NA,NA,NA,NA,NA,NA,NA,NA,NA,30,Regular,9,15345,15336,15336,47.1058578,47.1058578,NA,NA,NA,Terrestrial Non-Insects,68,Order,Collembola,Collembola,NA,1,0.021,0.021,NA,NA,NA,NA,NA,NA,NA,NA,NA,NA,NA   NA   NA   NA,NA   NA   NA   NA
STTD_1998-04-08 09:56:00,4/8/1998 9:56,STTD,1998,W,TRUE,CLR,NA,NA,NA,NA,NA,NA,NA,NA,NA,30,Regular,9,15345,15336,15336,47.1058578,47.1058578,NA,NA,NA,Terrestrial Insects,71,Order,Hemiptera,Hemiptera,NA,2,0.042,0.042,NA,NA,NA,NA,NA,NA,NA,NA,NA,NA,NA   NA   NA   NA,NA   NA   NA   NA
STTD_1998-04-08 09:56:00,4/8/1998 9:56,STTD,1998,W,TRUE,CLR,NA,NA,NA,NA,NA,NA,NA,NA,NA,30,Regular,9,15345,15336,15336,47.1058578,47.1058578,NA,NA,NA,Terrestrial Insects,73,Order,Lepidoptera,Lepidoptera,NA,1,0.021,0.021,NA,NA,NA,NA,NA,NA,NA,NA,NA,NA,NA   NA   NA   NA,NA   NA   NA   NA
STTD_1998-04-08 09:56:00,4/8/1998 9:56,STTD,1998,W,TRUE,CLR,NA,NA,NA,NA,NA,NA,NA,NA,NA,30,Regular,9,15345,15336,15336,47.1058578,47.1058578,NA,NA,NA,Terrestrial Insects,63,Order,Coleoptera,Coleoptera,NA,7,0.149,0.149,NA,NA,NA,NA,NA,NA,NA,NA,NA,NA,NA   NA   NA   NA,NA   NA   NA   NA
STTD_1998-04-08 09:56:00,4/8/1998 9:56,STTD,1998,W,TRUE,CLR,NA,NA,NA,NA,NA,NA,NA,NA,NA,30,Regular,9,15345,15336,15336,47.1058578,47.1058578,NA,NA,NA,Terrestrial Insects,64,Order,Diptera,Diptera,NA,1,0.021,0.021,NA,NA,NA,NA,NA,NA,NA,NA,NA,NA,NA   NA   NA   NA,NA   NA   NA   NA
STTD_1998-04-08 09:56:00,4/8/1998 9:56,STTD,1998,W,TRUE,CLR,NA,NA,NA,NA,NA,NA,NA,NA,NA,30,Regular,9,15345,15336,15336,47.1058578,47.1058578,NA,NA,NA,Terrestrial Insects,66,Order,Hymenoptera,Hymenoptera,NA,1,0.021,0.021,NA,NA,NA,NA,NA,NA,NA,NA,NA,NA,NA   NA   NA   NA,NA   NA   NA   NA
SHR_1998-04-08 11:52:00,4/8/1998 11:52,SHR,1998,W,TRUE,CLR,NA,NA,11.7,NA,NA,NA,NA,NA,NA,30,Regular,0,51258,51258,51258,157.443405,157.443405,NA,NA,NA,Aquatic Non-Insects,18,Family,Hydridae,Hydridae,NA,1,0.006,0.006,NA,NA,NA,NA,NA,NA,NA,NA,NA,NA,NA   NA   NA   NA,NA   NA   NA   NA
SHR_1998-04-08 11:52:00,4/8/1998 11:52,SHR,1998,W,TRUE,CLR,NA,NA,11.7,NA,NA,NA,NA,NA,NA,30,Regular,0,51258,51258,51258,157.443405,157.443405,NA,NA,NA,Aquatic Non-Insects,4,Family,Naididae,Naididae,NA,2,0.013,0.013,NA,NA,NA,NA,NA,NA,NA,NA,NA,NA,NA   NA   NA   NA,NA   NA   NA   NA
SHR_1998-04-08 11:52:00,4/8/1998 11:52,SHR,1998,W,TRUE,CLR,NA,NA,11.7,NA,NA,NA,NA,NA,NA,30,Regular,0,51258,51258,51258,157.443405,157.443405,NA,NA,NA,Aquatic Non-Insects,9,Family,Corophiidae,Corophiidae,NA,5,0.032,0.032,NA,NA,NA,NA,NA,NA,NA,NA,NA,NA,NA   NA   NA   NA,NA   NA   NA   NA
SHR_1998-04-08 11:52:00,4/8/1998 11:52,SHR,1998,W,TRUE,CLR,NA,NA,11.7,NA,NA,NA,NA,NA,NA,30,Regular,0,51258,51258,51258,157.443405,157.443405,NA,NA,NA,Aquatic Non-Insects,10,Family,Crangonyctidae,Crangonyctidae,NA,6,0.038,0.038,NA,NA,NA,NA,NA,NA,NA,NA,NA,NA,NA   NA   NA   NA,NA   NA   NA   NA
SHR_1998-04-08 11:52:00,4/8/1998 11:52,SHR,1998,W,TRUE,CLR,NA,NA,11.7,NA,NA,NA,NA,NA,NA,30,Regular,0,51258,51258,51258,157.443405,157.443405,NA,NA,NA,Aquatic Insects,40,Family,Caenidae,Caenidae,NA,1,0.006,0.006,NA,NA,NA,NA,NA,NA,NA,NA,NA,NA,NA   NA   NA   NA,NA   NA   NA   NA
SHR_1998-04-08 11:52:00,4/8/1998 11:52,SHR,1998,W,TRUE,CLR,NA,NA,11.7,NA,NA,NA,NA,NA,NA,30,Regular,0,51258,51258,51258,157.443405,157.443405,NA,NA,NA,Aquatic Insects,46,Family,Coenagrionidae,Coenagrionidae,NA,1,0.006,0.006,NA,NA,NA,NA,NA,NA,NA,NA,NA,NA,NA   NA   NA   NA,NA   NA   NA   NA
SHR_1998-04-08 11:52:00,4/8/1998 11:52,SHR,1998,W,TRUE,CLR,NA,NA,11.7,NA,NA,NA,NA,NA,NA,30,Regular,0,51258,51258,51258,157.443405,157.443405,NA,NA,NA,Aquatic Insects,44,Family,Corixidae,Corixidae,NA,4,0.025,0.025,NA,NA,NA,NA,NA,NA,NA,NA,NA,NA,NA   NA   NA   NA,NA   NA   NA   NA
SHR_1998-04-08 11:52:00,4/8/1998 11:52,SHR,1998,W,TRUE,CLR,NA,NA,11.7,NA,NA,NA,NA,NA,NA,30,Regular,0,51258,51258,51258,157.443405,157.443405,NA,NA,NA,Aquatic Insects,30,Family,Dytiscidae,Dytiscidae,NA,1,0.006,0.006,NA,NA,NA,NA,NA,NA,NA,NA,NA,NA,NA   NA   NA   NA,NA   NA   NA   NA
SHR_1998-04-08 11:52:00,4/8/1998 11:52,SHR,1998,W,TRUE,CLR,NA,NA,11.7,NA,NA,NA,NA,NA,NA,30,Regular,0,51258,51258,51258,157.443405,157.443405,NA,NA,NA,Aquatic Insects,34,Family,Chironomidae,Chironomidae,NA,26,0.165,0.165,NA,NA,NA,NA,NA,NA,NA,NA,NA,NA,NA   NA   NA   NA,NA   NA   NA   NA
SHR_1998-04-08 11:52:00,4/8/1998 11:52,SHR,1998,W,TRUE,CLR,NA,NA,11.7,NA,NA,NA,NA,NA,NA,30,Regular,0,51258,51258,51258,157.443405,157.443405,NA,NA,NA,Aquatic Non-Insects,19,Family,Corbiculidae,Corbiculidae,NA,3,0.019,0.019,NA,NA,NA,NA,NA,NA,NA,NA,NA,NA,NA   NA   NA   NA,NA   NA   NA   NA
SHR_1998-05-14 11:05:00,5/14/1998 11:05,SHR,1998,W,FALSE,CLD,NA,NA,12.8,NA,NA,NA,NA,NA,NA,30,Regular,103585,134544,30959,30959,95.09326105,95.09326105,NA,NA,NA,Aquatic Non-Insects,18,Family,Hydridae,Hydridae,NA,4,0.042,0.042,NA,NA,NA,NA,NA,NA,NA,NA,NA,NA,NA   NA   NA   NA,NA   NA   NA   NA
SHR_1998-05-14 11:05:00,5/14/1998 11:05,SHR,1998,W,FALSE,CLD,NA,NA,12.8,NA,NA,NA,NA,NA,NA,30,Regular,103585,134544,30959,30959,95.09326105,95.09326105,NA,NA,NA,Aquatic Non-Insects,24,Family,Mermithidae,Mermithidae,NA,2,0.021,0.021,NA,NA,NA,NA,NA,NA,NA,NA,NA,NA,NA   NA   NA   NA,NA   NA   NA   NA
SHR_1998-05-14 11:05:00,5/14/1998 11:05,SHR,1998,W,FALSE,CLD,NA,NA,12.8,NA,NA,NA,NA,NA,NA,30,Regular,103585,134544,30959,30959,95.09326105,95.09326105,NA,NA,NA,Aquatic Non-Insects,4,Family,Naididae,Naididae,NA,1,0.011,0.011,NA,NA,NA,NA,NA,NA,NA,NA,NA,NA,NA   NA   NA   NA,NA   NA   NA   NA
SHR_1998-05-14 11:05:00,5/14/1998 11:05,SHR,1998,W,FALSE,CLD,NA,NA,12.8,NA,NA,NA,NA,NA,NA,30,Regular,103585,134544,30959,30959,95.09326105,95.09326105,NA,NA,NA,Aquatic Non-Insects,9,Family,Corophiidae,Corophiidae,NA,6,0.063,0.063,NA,NA,NA,NA,NA,NA,NA,NA,NA,NA,NA   NA   NA   NA,NA   NA   NA   NA
SHR_1998-05-14 11:05:00,5/14/1998 11:05,SHR,1998,W,FALSE,CLD,NA,NA,12.8,NA,NA,NA,NA,NA,NA,30,Regular,103585,134544,30959,30959,95.09326105,95.09326105,NA,NA,NA,Aquatic Insects,43,Family,Heptageniidae,Heptageniidae,NA,2,0.021,0.021,NA,NA,NA,NA,NA,NA,NA,NA,NA,NA,NA   NA   NA   NA,NA   NA   NA   NA
SHR_1998-05-14 11:05:00,5/14/1998 11:05,SHR,1998,W,FALSE,CLD,NA,NA,12.8,NA,NA,NA,NA,NA,NA,30,Regular,103585,134544,30959,30959,95.09326105,95.09326105,NA,NA,NA,Aquatic Insects,78,Family,Tricorythidae,Tricorythidae,NA,2,0.021,0.021,NA,NA,NA,NA,NA,NA,NA,NA,NA,NA,NA   NA   NA   NA,NA   NA   NA   NA
SHR_1998-05-14 11:05:00,5/14/1998 11:05,SHR,1998,W,FALSE,CLD,NA,NA,12.8,NA,NA,NA,NA,NA,NA,30,Regular,103585,134544,30959,30959,95.09326105,95.09326105,NA,NA,NA,Aquatic Insects,44,Family,Corixidae,Corixidae,NA,1,0.011,0.011,NA,NA,NA,NA,NA,NA,NA,NA,NA,NA,NA   NA   NA   NA,NA   NA   NA   NA
SHR_1998-05-14 11:05:00,5/14/1998 11:05,SHR,1998,W,FALSE,CLD,NA,NA,12.8,NA,NA,NA,NA,NA,NA,30,Regular,103585,134544,30959,30959,95.09326105,95.09326105,NA,NA,NA,Aquatic Insects,95,Family,Veliidae,Veliidae,NA,1,0.011,0.011,NA,NA,NA,NA,NA,NA,NA,NA,NA,NA,NA   NA   NA   NA,NA   NA   NA   NA
SHR_1998-05-14 11:05:00,5/14/1998 11:05,SHR,1998,W,FALSE,CLD,NA,NA,12.8,NA,NA,NA,NA,NA,NA,30,Regular,103585,134544,30959,30959,95.09326105,95.09326105,NA,NA,NA,Aquatic Insects,88,Family,Hydroptilidae,Hydroptilidae,NA,1,0.011,0.011,NA,NA,NA,NA,NA,NA,NA,NA,NA,NA,NA   NA   NA   NA,NA   NA   NA   NA
SHR_1998-05-14 11:05:00,5/14/1998 11:05,SHR,1998,W,FALSE,CLD,NA,NA,12.8,NA,NA,NA,NA,NA,NA,30,Regular,103585,134544,30959,30959,95.09326105,95.09326105,NA,NA,NA,Aquatic Insects,32,Family,Ceratopogonidae,Ceratopogonidae,NA,7,0.074,0.074,NA,NA,NA,NA,NA,NA,NA,NA,NA,NA,NA   NA   NA   NA,NA   NA   NA   NA
SHR_1998-05-14 11:05:00,5/14/1998 11:05,SHR,1998,W,FALSE,CLD,NA,NA,12.8,NA,NA,NA,NA,NA,NA,30,Regular,103585,134544,30959,30959,95.09326105,95.09326105,NA,NA,NA,Aquatic Insects,34,Family,Chironomidae,Chironomidae,NA,46,0.484,0.484,NA,NA,NA,NA,NA,NA,NA,NA,NA,NA,NA   NA   NA   NA,NA   NA   NA   NA
SHR_1998-05-14 11:05:00,5/14/1998 11:05,SHR,1998,W,FALSE,CLD,NA,NA,12.8,NA,NA,NA,NA,NA,NA,30,Regular,103585,134544,30959,30959,95.09326105,95.09326105,NA,NA,NA,Aquatic Insects,37,Family,Psychodidae,Psychodidae,NA,2,0.021,0.021,NA,NA,NA,NA,NA,NA,NA,NA,NA,NA,NA   NA   NA   NA,NA   NA   NA   NA
SHR_1998-05-14 11:05:00,5/14/1998 11:05,SHR,1998,W,FALSE,CLD,NA,NA,12.8,NA,NA,NA,NA,NA,NA,30,Regular,103585,134544,30959,30959,95.09326105,95.09326105,NA,NA,NA,Aquatic Insects,35,Family,Empididae,Empididae,NA,1,0.011,0.011,NA,NA,NA,NA,NA,NA,NA,NA,NA,NA,NA   NA   NA   NA,NA   NA   NA   NA
SHR_1998-05-14 11:05:00,5/14/1998 11:05,SHR,1998,W,FALSE,CLD,NA,NA,12.8,NA,NA,NA,NA,NA,NA,30,Regular,103585,134544,30959,30959,95.09326105,95.09326105,NA,NA,NA,Aquatic Non-Insects,77,Family,Hygrobatidae,Hygrobatidae,NA,1,0.011,0.011,NA,NA,NA,NA,NA,NA,NA,NA,NA,NA,NA   NA   NA   NA,NA   NA   NA   NA
SHR_1998-05-14 11:05:00,5/14/1998 11:05,SHR,1998,W,FALSE,CLD,NA,NA,12.8,NA,NA,NA,NA,NA,NA,30,Regular,103585,134544,30959,30959,95.09326105,95.09326105,NA,NA,NA,Aquatic Non-Insects,19,Family,Corbiculidae,Corbiculidae,NA,2,0.021,0.021,NA,NA,NA,NA,NA,NA,NA,NA,NA,NA,NA   NA   NA   NA,NA   NA   NA   NA
SHR_1998-05-14 11:05:00,5/14/1998 11:05,SHR,1998,W,FALSE,CLD,NA,NA,12.8,NA,NA,NA,NA,NA,NA,30,Regular,103585,134544,30959,30959,95.09326105,95.09326105,NA,NA,NA,Terrestrial Insects,64,Order,Diptera,Diptera,NA,1,0.011,0.011,NA,NA,NA,NA,NA,NA,NA,NA,NA,NA,NA   NA   NA   NA,NA   NA   NA   NA
SHR_1998-05-14 11:05:00,5/14/1998 11:05,SHR,1998,W,FALSE,CLD,NA,NA,12.8,NA,NA,NA,NA,NA,NA,30,Regular,103585,134544,30959,30959,95.09326105,95.09326105,NA,NA,NA,Terrestrial Insects,66,Order,Hymenoptera,Hymenoptera,NA,5,0.053,0.053,NA,NA,NA,NA,NA,NA,NA,NA,NA,NA,NA   NA   NA   NA,NA   NA   NA   NA
SHR_1998-05-14 11:05:00,5/14/1998 11:05,SHR,1998,W,FALSE,CLD,NA,NA,12.8,NA,NA,NA,NA,NA,NA,30,Regular,103585,134544,30959,30959,95.09326105,95.09326105,NA,NA,NA,Terrestrial Non-Insects,58,Suborder,Araneida,Araneida,NA,2,0.021,0.021,NA,NA,NA,NA,NA,NA,NA,NA,NA,NA,NA   NA   NA   NA,NA   NA   NA   NA
SHR_1999-02-16 10:00:00,2/16/1999 10:00,SHR,1999,W,TRUE,RAN,NA,NA,7.8,NA,NA,NA,NA,NA,NA,30,Regular,302638,440974,138336,36354,424.9110553,111.6644728,1,drift sample  SHRD0001,NA,Aquatic Non-Insects,4,Family,Naididae,Naididae,NA,1,0.002,0.009,NA,NA,NA,NA,NA,NA,3,FM,NA,NA,NA   NA   3   NA,NA   NA   FM   NA
SHR_1999-02-16 10:00:00,2/16/1999 10:00,SHR,1999,W,TRUE,RAN,NA,NA,7.8,NA,NA,NA,NA,NA,NA,30,Regular,302638,440974,138336,36354,424.9110553,111.6644728,1,drift sample  SHRD0001,NA,Aquatic Non-Insects,9,Family,Corophiidae,Corophiidae,NA,2,0.005,0.018,NA,NA,NA,NA,NA,NA,3,FM,NA,NA,NA   NA   3   NA,NA   NA   FM   NA
SHR_1999-02-16 10:00:00,2/16/1999 10:00,SHR,1999,W,TRUE,RAN,NA,NA,7.8,NA,NA,NA,NA,NA,NA,30,Regular,302638,440974,138336,36354,424.9110553,111.6644728,1,drift sample  SHRD0001,NA,Aquatic Non-Insects,10,Family,Crangonyctidae,Crangonyctidae,NA,2,0.005,0.018,NA,NA,NA,NA,NA,NA,3,FM,NA,NA,NA   NA   3   NA,NA   NA   FM   NA
SHR_1999-02-16 10:00:00,2/16/1999 10:00,SHR,1999,W,TRUE,RAN,NA,NA,7.8,NA,NA,NA,NA,NA,NA,30,Regular,302638,440974,138336,36354,424.9110553,111.6644728,1,drift sample  SHRD0001,NA,Aquatic Non-Insects,12,Family,Talitridae,Talitridae,NA,1,0.002,0.009,NA,NA,NA,NA,NA,NA,3,FM,NA,NA,NA   NA   3   NA,NA   NA   FM   NA
SHR_1999-02-16 10:00:00,2/16/1999 10:00,SHR,1999,W,TRUE,RAN,NA,NA,7.8,NA,NA,NA,NA,NA,NA,30,Regular,302638,440974,138336,36354,424.9110553,111.6644728,1,drift sample  SHRD0001,NA,Aquatic Insects,41,Family,Baetidae,Baetidae,NA,2,0.005,0.018,NA,NA,NA,NA,NA,NA,3,FM,NA,NA,NA   NA   3   NA,NA   NA   FM   NA
SHR_1999-02-16 10:00:00,2/16/1999 10:00,SHR,1999,W,TRUE,RAN,NA,NA,7.8,NA,NA,NA,NA,NA,NA,30,Regular,302638,440974,138336,36354,424.9110553,111.6644728,1,drift sample  SHRD0001,NA,Aquatic Insects,42,Family,Ephemerellidae,Ephemerellidae,NA,2,0.005,0.018,NA,NA,NA,NA,NA,NA,3,FM,NA,NA,NA   NA   3   NA,NA   NA   FM   NA
SHR_1999-02-16 10:00:00,2/16/1999 10:00,SHR,1999,W,TRUE,RAN,NA,NA,7.8,NA,NA,NA,NA,NA,NA,30,Regular,302638,440974,138336,36354,424.9110553,111.6644728,1,drift sample  SHRD0001,NA,Aquatic Insects,48,Family,Hydropsychidae,Hydropsychidae,NA,1,0.002,0.009,NA,NA,NA,NA,NA,NA,3,FM,NA,NA,NA   NA   3   NA,NA   NA   FM   NA
SHR_1999-02-16 10:00:00,2/16/1999 10:00,SHR,1999,W,TRUE,RAN,NA,NA,7.8,NA,NA,NA,NA,NA,NA,30,Regular,302638,440974,138336,36354,424.9110553,111.6644728,1,drift sample  SHRD0001,NA,Aquatic Insects,33,Family,Chaoboridae,Chaoboridae,NA,1,0.002,0.009,NA,NA,NA,NA,NA,NA,3,FM,NA,NA,NA   NA   3   NA,NA   NA   FM   NA
SHR_1999-02-16 10:00:00,2/16/1999 10:00,SHR,1999,W,TRUE,RAN,NA,NA,7.8,NA,NA,NA,NA,NA,NA,30,Regular,302638,440974,138336,36354,424.9110553,111.6644728,1,drift sample  SHRD0001,NA,Aquatic Insects,34,Family,Chironomidae,Chironomidae,NA,9,0.021,0.081,NA,NA,NA,NA,NA,NA,3,FM,NA,NA,NA   NA   3   NA,NA   NA   FM   NA
SHR_1999-02-16 10:00:00,2/16/1999 10:00,SHR,1999,W,TRUE,RAN,NA,NA,7.8,NA,NA,NA,NA,NA,NA,30,Regular,302638,440974,138336,36354,424.9110553,111.6644728,1,drift sample  SHRD0001,NA,Aquatic Non-Insects,29,Family,Sperchontidae,Sperchontidae,NA,1,0.002,0.009,NA,NA,NA,NA,NA,NA,3,FM,NA,NA,NA   NA   3   NA,NA   NA   FM   NA
SHR_1999-02-16 10:00:00,2/16/1999 10:00,SHR,1999,W,TRUE,RAN,NA,NA,7.8,NA,NA,NA,NA,NA,NA,30,Regular,302638,440974,138336,36354,424.9110553,111.6644728,1,drift sample  SHRD0001,NA,Aquatic Non-Insects,146,Family,Sperchontidae,Sperchontidae,NA,1,0.002,0.009,NA,NA,NA,NA,NA,NA,3,FM,NA,NA,NA   NA   3   NA,NA   NA   FM   NA
SHR_1999-02-16 10:00:00,2/16/1999 10:00,SHR,1999,W,TRUE,RAN,NA,NA,7.8,NA,NA,NA,NA,NA,NA,30,Regular,302638,440974,138336,36354,424.9110553,111.6644728,1,drift sample  SHRD0001,NA,Aquatic Non-Insects,19,Family,Corbiculidae,Corbiculidae,NA,1,0.002,0.009,NA,NA,NA,NA,NA,NA,3,FM,NA,NA,NA   NA   3   NA,NA   NA   FM   NA
SHR_1999-02-16 10:00:00,2/16/1999 10:00,SHR,1999,W,TRUE,RAN,NA,NA,7.8,NA,NA,NA,NA,NA,NA,30,Regular,302638,440974,138336,36354,424.9110553,111.6644728,1,drift sample  SHRD0001,NA,Terrestrial Insects,64,Order,Diptera,Diptera,NA,1,0.002,0.009,NA,NA,NA,NA,NA,NA,3,FM,NA,NA,NA   NA   3   NA,NA   NA   FM   NA
STTD_1999-02-16 13:10:00,2/16/1999 13:10,STTD,1999,W,TRUE,RAN,NA,NA,8.6,0.32,NA,NA,NA,NA,NA,30,Regular,440990,497917,56927,56927,174.8562315,174.8562315,1,STTDD 001 Drift sample,NA,Aquatic Non-Insects,4,Family,Naididae,Naididae,NA,5,0.029,0.029,NA,NA,NA,NA,NA,NA,NA,NA,NA,NA,NA   NA   NA   NA,NA   NA   NA   NA
STTD_1999-02-16 13:10:00,2/16/1999 13:10,STTD,1999,W,TRUE,RAN,NA,NA,8.6,0.32,NA,NA,NA,NA,NA,30,Regular,440990,497917,56927,56927,174.8562315,174.8562315,1,STTDD 001 Drift sample,NA,Aquatic Non-Insects,2,Family,Enchytraeidae,Enchytraeidae,NA,2,0.011,0.011,NA,NA,NA,NA,NA,NA,NA,NA,NA,NA,NA   NA   NA   NA,NA   NA   NA   NA
STTD_1999-02-16 13:10:00,2/16/1999 13:10,STTD,1999,W,TRUE,RAN,NA,NA,8.6,0.32,NA,NA,NA,NA,NA,30,Regular,440990,497917,56927,56927,174.8562315,174.8562315,1,STTDD 001 Drift sample,NA,Aquatic Non-Insects,3,Suborder,Lumbricina,Lumbricina,NA,1,0.006,0.006,NA,NA,NA,NA,NA,NA,NA,NA,NA,NA,NA   NA   NA   NA,NA   NA   NA   NA
STTD_1999-02-16 13:10:00,2/16/1999 13:10,STTD,1999,W,TRUE,RAN,NA,NA,8.6,0.32,NA,NA,NA,NA,NA,30,Regular,440990,497917,56927,56927,174.8562315,174.8562315,1,STTDD 001 Drift sample,NA,Aquatic Non-Insects,14,Family,Cyprididae,Cyprididae,NA,2,0.011,0.011,NA,NA,NA,NA,NA,NA,NA,NA,NA,NA,NA   NA   NA   NA,NA   NA   NA   NA
STTD_1999-02-16 13:10:00,2/16/1999 13:10,STTD,1999,W,TRUE,RAN,NA,NA,8.6,0.32,NA,NA,NA,NA,NA,30,Regular,440990,497917,56927,56927,174.8562315,174.8562315,1,STTDD 001 Drift sample,NA,Aquatic Non-Insects,10,Family,Crangonyctidae,Crangonyctidae,NA,17,0.097,0.097,NA,NA,NA,NA,NA,NA,NA,NA,NA,NA,NA   NA   NA   NA,NA   NA   NA   NA
STTD_1999-02-16 13:10:00,2/16/1999 13:10,STTD,1999,W,TRUE,RAN,NA,NA,8.6,0.32,NA,NA,NA,NA,NA,30,Regular,440990,497917,56927,56927,174.8562315,174.8562315,1,STTDD 001 Drift sample,NA,Aquatic Insects,41,Family,Baetidae,Baetidae,NA,1,0.006,0.006,NA,NA,NA,NA,NA,NA,NA,NA,NA,NA,NA   NA   NA   NA,NA   NA   NA   NA
STTD_1999-02-16 13:10:00,2/16/1999 13:10,STTD,1999,W,TRUE,RAN,NA,NA,8.6,0.32,NA,NA,NA,NA,NA,30,Regular,440990,497917,56927,56927,174.8562315,174.8562315,1,STTDD 001 Drift sample,NA,Aquatic Insects,44,Family,Corixidae,Corixidae,NA,4,0.023,0.023,NA,NA,NA,NA,NA,NA,NA,NA,NA,NA,NA   NA   NA   NA,NA   NA   NA   NA
STTD_1999-02-16 13:10:00,2/16/1999 13:10,STTD,1999,W,TRUE,RAN,NA,NA,8.6,0.32,NA,NA,NA,NA,NA,30,Regular,440990,497917,56927,56927,174.8562315,174.8562315,1,STTDD 001 Drift sample,NA,Aquatic Insects,32,Family,Ceratopogonidae,Ceratopogonidae,NA,2,0.011,0.011,NA,NA,NA,NA,NA,NA,NA,NA,NA,NA,NA   NA   NA   NA,NA   NA   NA   NA
STTD_1999-02-16 13:10:00,2/16/1999 13:10,STTD,1999,W,TRUE,RAN,NA,NA,8.6,0.32,NA,NA,NA,NA,NA,30,Regular,440990,497917,56927,56927,174.8562315,174.8562315,1,STTDD 001 Drift sample,NA,Aquatic Insects,34,Family,Chironomidae,Chironomidae,NA,22,0.126,0.126,NA,NA,NA,NA,NA,NA,NA,NA,NA,NA,NA   NA   NA   NA,NA   NA   NA   NA
STTD_1999-02-16 13:10:00,2/16/1999 13:10,STTD,1999,W,TRUE,RAN,NA,NA,8.6,0.32,NA,NA,NA,NA,NA,30,Regular,440990,497917,56927,56927,174.8562315,174.8562315,1,STTDD 001 Drift sample,NA,Aquatic Non-Insects,20,Family,Physidae,Physidae,NA,1,0.006,0.006,NA,NA,NA,NA,NA,NA,NA,NA,NA,NA,NA   NA   NA   NA,NA   NA   NA   NA
STTD_1999-02-16 13:10:00,2/16/1999 13:10,STTD,1999,W,TRUE,RAN,NA,NA,8.6,0.32,NA,NA,NA,NA,NA,30,Regular,440990,497917,56927,56927,174.8562315,174.8562315,1,STTDD 001 Drift sample,NA,Terrestrial Insects,63,Order,Coleoptera,Coleoptera,NA,3,0.017,0.017,NA,NA,NA,NA,NA,NA,NA,NA,NA,NA,NA   NA   NA   NA,NA   NA   NA   NA
SHR_1999-02-24 08:23:00,2/24/1999 8:23,SHR,1999,W,TRUE,CLR,NA,NA,9.4,NA,NA,NA,NA,NA,NA,30,Regular,709626,734344,24718,24718,75.92348676,75.92348676,1,SHRD 003   Flow Meter # 12972,NA,Aquatic Non-Insects,4,Family,Naididae,Naididae,NA,5,0.066,0.066,NA,NA,NA,NA,NA,NA,NA,NA,NA,NA,NA   NA   NA   NA,NA   NA   NA   NA
SHR_1999-02-24 08:23:00,2/24/1999 8:23,SHR,1999,W,TRUE,CLR,NA,NA,9.4,NA,NA,NA,NA,NA,NA,30,Regular,709626,734344,24718,24718,75.92348676,75.92348676,1,SHRD 003   Flow Meter # 12972,NA,Aquatic Non-Insects,9,Family,Corophiidae,Corophiidae,NA,2,0.026,0.026,NA,NA,NA,NA,NA,NA,NA,NA,NA,NA,NA   NA   NA   NA,NA   NA   NA   NA
SHR_1999-02-24 08:23:00,2/24/1999 8:23,SHR,1999,W,TRUE,CLR,NA,NA,9.4,NA,NA,NA,NA,NA,NA,30,Regular,709626,734344,24718,24718,75.92348676,75.92348676,1,SHRD 003   Flow Meter # 12972,NA,Aquatic Non-Insects,10,Family,Crangonyctidae,Crangonyctidae,NA,2,0.026,0.026,NA,NA,NA,NA,NA,NA,NA,NA,NA,NA,NA   NA   NA   NA,NA   NA   NA   NA
SHR_1999-02-24 08:23:00,2/24/1999 8:23,SHR,1999,W,TRUE,CLR,NA,NA,9.4,NA,NA,NA,NA,NA,NA,30,Regular,709626,734344,24718,24718,75.92348676,75.92348676,1,SHRD 003   Flow Meter # 12972,NA,Aquatic Insects,41,Family,Baetidae,Baetidae,NA,1,0.013,0.013,NA,NA,NA,NA,NA,NA,NA,NA,NA,NA,NA   NA   NA   NA,NA   NA   NA   NA
SHR_1999-02-24 08:23:00,2/24/1999 8:23,SHR,1999,W,TRUE,CLR,NA,NA,9.4,NA,NA,NA,NA,NA,NA,30,Regular,709626,734344,24718,24718,75.92348676,75.92348676,1,SHRD 003   Flow Meter # 12972,NA,Aquatic Insects,43,Family,Heptageniidae,Heptageniidae,NA,1,0.013,0.013,NA,NA,NA,NA,NA,NA,NA,NA,NA,NA,NA   NA   NA   NA,NA   NA   NA   NA
SHR_1999-02-24 08:23:00,2/24/1999 8:23,SHR,1999,W,TRUE,CLR,NA,NA,9.4,NA,NA,NA,NA,NA,NA,30,Regular,709626,734344,24718,24718,75.92348676,75.92348676,1,SHRD 003   Flow Meter # 12972,NA,Aquatic Insects,46,Family,Coenagrionidae,Coenagrionidae,NA,1,0.013,0.013,NA,NA,NA,NA,NA,NA,NA,NA,NA,NA,NA   NA   NA   NA,NA   NA   NA   NA
SHR_1999-02-24 08:23:00,2/24/1999 8:23,SHR,1999,W,TRUE,CLR,NA,NA,9.4,NA,NA,NA,NA,NA,NA,30,Regular,709626,734344,24718,24718,75.92348676,75.92348676,1,SHRD 003   Flow Meter # 12972,NA,Aquatic Insects,30,Family,Dytiscidae,Dytiscidae,NA,1,0.013,0.013,NA,NA,NA,NA,NA,NA,NA,NA,NA,NA,NA   NA   NA   NA,NA   NA   NA   NA
SHR_1999-02-24 08:23:00,2/24/1999 8:23,SHR,1999,W,TRUE,CLR,NA,NA,9.4,NA,NA,NA,NA,NA,NA,30,Regular,709626,734344,24718,24718,75.92348676,75.92348676,1,SHRD 003   Flow Meter # 12972,NA,Aquatic Insects,32,Family,Ceratopogonidae,Ceratopogonidae,NA,1,0.013,0.013,NA,NA,NA,NA,NA,NA,NA,NA,NA,NA,NA   NA   NA   NA,NA   NA   NA   NA
SHR_1999-02-24 08:23:00,2/24/1999 8:23,SHR,1999,W,TRUE,CLR,NA,NA,9.4,NA,NA,NA,NA,NA,NA,30,Regular,709626,734344,24718,24718,75.92348676,75.92348676,1,SHRD 003   Flow Meter # 12972,NA,Aquatic Insects,34,Family,Chironomidae,Chironomidae,NA,8,0.105,0.105,NA,NA,NA,NA,NA,NA,NA,NA,NA,NA,NA   NA   NA   NA,NA   NA   NA   NA
STTD_1999-02-24 11:15:00,2/24/1999 11:15,STTD,1999,W,TRUE,CLD,NA,NA,9.6,0.21,NA,NA,NA,NA,NA,30,Regular,744335,814849,70514,87312,216.5898837,268.1864017,1,STTDD 003,NA,Aquatic Non-Insects,4,Family,Naididae,Naididae,NA,4,0.018,0.015,NA,NA,NA,NA,NA,NA,3,FM,NA,NA,NA   NA   3   NA,NA   NA   FM   NA
STTD_1999-02-24 11:15:00,2/24/1999 11:15,STTD,1999,W,TRUE,CLD,NA,NA,9.6,0.21,NA,NA,NA,NA,NA,30,Regular,744335,814849,70514,87312,216.5898837,268.1864017,1,STTDD 003,NA,Aquatic Non-Insects,14,Family,Cyprididae,Cyprididae,NA,1,0.005,0.004,NA,NA,NA,NA,NA,NA,3,FM,NA,NA,NA   NA   3   NA,NA   NA   FM   NA
STTD_1999-02-24 11:15:00,2/24/1999 11:15,STTD,1999,W,TRUE,CLD,NA,NA,9.6,0.21,NA,NA,NA,NA,NA,30,Regular,744335,814849,70514,87312,216.5898837,268.1864017,1,STTDD 003,NA,Aquatic Non-Insects,9,Family,Corophiidae,Corophiidae,NA,6,0.028,0.022,NA,NA,NA,NA,NA,NA,3,FM,NA,NA,NA   NA   3   NA,NA   NA   FM   NA
STTD_1999-02-24 11:15:00,2/24/1999 11:15,STTD,1999,W,TRUE,CLD,NA,NA,9.6,0.21,NA,NA,NA,NA,NA,30,Regular,744335,814849,70514,87312,216.5898837,268.1864017,1,STTDD 003,NA,Aquatic Non-Insects,10,Family,Crangonyctidae,Crangonyctidae,NA,4,0.018,0.015,NA,NA,NA,NA,NA,NA,3,FM,NA,NA,NA   NA   3   NA,NA   NA   FM   NA
STTD_1999-02-24 11:15:00,2/24/1999 11:15,STTD,1999,W,TRUE,CLD,NA,NA,9.6,0.21,NA,NA,NA,NA,NA,30,Regular,744335,814849,70514,87312,216.5898837,268.1864017,1,STTDD 003,NA,Aquatic Insects,40,Family,Caenidae,Caenidae,NA,1,0.005,0.004,NA,NA,NA,NA,NA,NA,3,FM,NA,NA,NA   NA   3   NA,NA   NA   FM   NA
STTD_1999-02-24 11:15:00,2/24/1999 11:15,STTD,1999,W,TRUE,CLD,NA,NA,9.6,0.21,NA,NA,NA,NA,NA,30,Regular,744335,814849,70514,87312,216.5898837,268.1864017,1,STTDD 003,NA,Aquatic Insects,42,Family,Ephemerellidae,Ephemerellidae,NA,1,0.005,0.004,NA,NA,NA,NA,NA,NA,3,FM,NA,NA,NA   NA   3   NA,NA   NA   FM   NA
STTD_1999-02-24 11:15:00,2/24/1999 11:15,STTD,1999,W,TRUE,CLD,NA,NA,9.6,0.21,NA,NA,NA,NA,NA,30,Regular,744335,814849,70514,87312,216.5898837,268.1864017,1,STTDD 003,NA,Aquatic Insects,44,Family,Corixidae,Corixidae,NA,21,0.097,0.078,NA,NA,NA,NA,NA,NA,3,FM,NA,NA,NA   NA   3   NA,NA   NA   FM   NA
STTD_1999-02-24 11:15:00,2/24/1999 11:15,STTD,1999,W,TRUE,CLD,NA,NA,9.6,0.21,NA,NA,NA,NA,NA,30,Regular,744335,814849,70514,87312,216.5898837,268.1864017,1,STTDD 003,NA,Aquatic Insects,30,Family,Dytiscidae,Dytiscidae,NA,2,0.009,0.007,NA,NA,NA,NA,NA,NA,3,FM,NA,NA,NA   NA   3   NA,NA   NA   FM   NA
STTD_1999-02-24 11:15:00,2/24/1999 11:15,STTD,1999,W,TRUE,CLD,NA,NA,9.6,0.21,NA,NA,NA,NA,NA,30,Regular,744335,814849,70514,87312,216.5898837,268.1864017,1,STTDD 003,NA,Aquatic Insects,32,Family,Ceratopogonidae,Ceratopogonidae,NA,7,0.032,0.026,NA,NA,NA,NA,NA,NA,3,FM,NA,NA,NA   NA   3   NA,NA   NA   FM   NA
STTD_1999-02-24 11:15:00,2/24/1999 11:15,STTD,1999,W,TRUE,CLD,NA,NA,9.6,0.21,NA,NA,NA,NA,NA,30,Regular,744335,814849,70514,87312,216.5898837,268.1864017,1,STTDD 003,NA,Aquatic Insects,34,Family,Chironomidae,Chironomidae,NA,20,0.092,0.075,NA,NA,NA,NA,NA,NA,3,FM,NA,NA,NA   NA   3   NA,NA   NA   FM   NA
STTD_1999-02-24 11:15:00,2/24/1999 11:15,STTD,1999,W,TRUE,CLD,NA,NA,9.6,0.21,NA,NA,NA,NA,NA,30,Regular,744335,814849,70514,87312,216.5898837,268.1864017,1,STTDD 003,NA,Aquatic Insects,36,Family,Ephydridae,Ephydridae,NA,2,0.009,0.007,NA,NA,NA,NA,NA,NA,3,FM,NA,NA,NA   NA   3   NA,NA   NA   FM   NA
STTD_1999-02-24 11:15:00,2/24/1999 11:15,STTD,1999,W,TRUE,CLD,NA,NA,9.6,0.21,NA,NA,NA,NA,NA,30,Regular,744335,814849,70514,87312,216.5898837,268.1864017,1,STTDD 003,NA,Aquatic Non-Insects,29,Family,Sperchontidae,Sperchontidae,NA,1,0.005,0.004,NA,NA,NA,NA,NA,NA,3,FM,NA,NA,NA   NA   3   NA,NA   NA   FM   NA
STTD_1999-02-24 11:15:00,2/24/1999 11:15,STTD,1999,W,TRUE,CLD,NA,NA,9.6,0.21,NA,NA,NA,NA,NA,30,Regular,744335,814849,70514,87312,216.5898837,268.1864017,1,STTDD 003,NA,Aquatic Non-Insects,146,Family,Sperchontidae,Sperchontidae,NA,1,0.005,0.004,NA,NA,NA,NA,NA,NA,3,FM,NA,NA,NA   NA   3   NA,NA   NA   FM   NA
STTD_1999-02-24 11:15:00,2/24/1999 11:15,STTD,1999,W,TRUE,CLD,NA,NA,9.6,0.21,NA,NA,NA,NA,NA,30,Regular,744335,814849,70514,87312,216.5898837,268.1864017,1,STTDD 003,NA,Aquatic Non-Insects,20,Family,Physidae,Physidae,NA,1,0.005,0.004,NA,NA,NA,NA,NA,NA,3,FM,NA,NA,NA   NA   3   NA,NA   NA   FM   NA
STTD_1999-02-24 11:15:00,2/24/1999 11:15,STTD,1999,W,TRUE,CLD,NA,NA,9.6,0.21,NA,NA,NA,NA,NA,30,Regular,744335,814849,70514,87312,216.5898837,268.1864017,1,STTDD 003,NA,Terrestrial Insects,63,Order,Coleoptera,Coleoptera,NA,2,0.009,0.007,NA,NA,NA,NA,NA,NA,3,FM,NA,NA,NA   NA   3   NA,NA   NA   FM   NA
SHR_1999-03-04 07:40:00,3/4/1999 7:40,SHR,1999,W,TRUE,CLR,NA,NA,10.5,NA,NA,NA,NA,NA,NA,30,Regular,135590,167345,31755,31755,97.53824428,97.53824428,1,SHRD 006   End Meter reading was estimated from the 10mins reading (x3 for 30mins) NI,NA,Aquatic Non-Insects,4,Family,Naididae,Naididae,NA,2,0.021,0.021,NA,NA,2,SAMP,NA,NA,NA,NA,NA,NA,2   NA   NA   NA,SAMP   NA   NA   NA
SHR_1999-03-04 07:40:00,3/4/1999 7:40,SHR,1999,W,TRUE,CLR,NA,NA,10.5,NA,NA,NA,NA,NA,NA,30,Regular,135590,167345,31755,31755,97.53824428,97.53824428,1,SHRD 006   End Meter reading was estimated from the 10mins reading (x3 for 30mins) NI,NA,Aquatic Non-Insects,9,Family,Corophiidae,Corophiidae,NA,2,0.021,0.021,NA,NA,2,SAMP,NA,NA,NA,NA,NA,NA,2   NA   NA   NA,SAMP   NA   NA   NA
SHR_1999-03-04 07:40:00,3/4/1999 7:40,SHR,1999,W,TRUE,CLR,NA,NA,10.5,NA,NA,NA,NA,NA,NA,30,Regular,135590,167345,31755,31755,97.53824428,97.53824428,1,SHRD 006   End Meter reading was estimated from the 10mins reading (x3 for 30mins) NI,NA,Aquatic Non-Insects,10,Family,Crangonyctidae,Crangonyctidae,NA,2,0.021,0.021,NA,NA,2,SAMP,NA,NA,NA,NA,NA,NA,2   NA   NA   NA,SAMP   NA   NA   NA
SHR_1999-03-04 07:40:00,3/4/1999 7:40,SHR,1999,W,TRUE,CLR,NA,NA,10.5,NA,NA,NA,NA,NA,NA,30,Regular,135590,167345,31755,31755,97.53824428,97.53824428,1,SHRD 006   End Meter reading was estimated from the 10mins reading (x3 for 30mins) NI,NA,Aquatic Non-Insects,12,Family,Talitridae,Talitridae,NA,1,0.01,0.01,NA,NA,2,SAMP,NA,NA,NA,NA,NA,NA,2   NA   NA   NA,SAMP   NA   NA   NA
SHR_1999-03-04 07:40:00,3/4/1999 7:40,SHR,1999,W,TRUE,CLR,NA,NA,10.5,NA,NA,NA,NA,NA,NA,30,Regular,135590,167345,31755,31755,97.53824428,97.53824428,1,SHRD 006   End Meter reading was estimated from the 10mins reading (x3 for 30mins) NI,NA,Aquatic Insects,33,Family,Chaoboridae,Chaoboridae,NA,1,0.01,0.01,NA,NA,2,SAMP,NA,NA,NA,NA,NA,NA,2   NA   NA   NA,SAMP   NA   NA   NA
SHR_1999-03-04 07:40:00,3/4/1999 7:40,SHR,1999,W,TRUE,CLR,NA,NA,10.5,NA,NA,NA,NA,NA,NA,30,Regular,135590,167345,31755,31755,97.53824428,97.53824428,1,SHRD 006   End Meter reading was estimated from the 10mins reading (x3 for 30mins) NI,NA,Aquatic Insects,34,Family,Chironomidae,Chironomidae,NA,9,0.092,0.092,NA,NA,2,SAMP,NA,NA,NA,NA,NA,NA,2   NA   NA   NA,SAMP   NA   NA   NA
SHR_1999-03-04 07:40:00,3/4/1999 7:40,SHR,1999,W,TRUE,CLR,NA,NA,10.5,NA,NA,NA,NA,NA,NA,30,Regular,135590,167345,31755,31755,97.53824428,97.53824428,1,SHRD 006   End Meter reading was estimated from the 10mins reading (x3 for 30mins) NI,NA,Terrestrial Non-Insects,58,Suborder,Araneida,Araneida,NA,1,0.01,0.01,NA,NA,2,SAMP,NA,NA,NA,NA,NA,NA,2   NA   NA   NA,SAMP   NA   NA   NA
STTD_1999-03-04 10:00:00,3/4/1999 10:00,STTD,1999,W,TRUE,CLR,NA,NA,11.7,0.19,NA,NA,NA,NA,NA,30,Regular,146182,187777,41595,41595,127.7626601,127.7626601,1,STTDD 006   End Meter reading was estimated from the 10mins reading (x3 for 30mins) NI,NA,Aquatic Non-Insects,14,Family,Cyprididae,Cyprididae,NA,1,0.008,0.008,NA,NA,2,SAMP,NA,NA,NA,NA,NA,NA,2   NA   NA   NA,SAMP   NA   NA   NA
STTD_1999-03-04 10:00:00,3/4/1999 10:00,STTD,1999,W,TRUE,CLR,NA,NA,11.7,0.19,NA,NA,NA,NA,NA,30,Regular,146182,187777,41595,41595,127.7626601,127.7626601,1,STTDD 006   End Meter reading was estimated from the 10mins reading (x3 for 30mins) NI,NA,Aquatic Non-Insects,9,Family,Corophiidae,Corophiidae,NA,2,0.016,0.016,NA,NA,2,SAMP,NA,NA,NA,NA,NA,NA,2   NA   NA   NA,SAMP   NA   NA   NA
STTD_1999-03-04 10:00:00,3/4/1999 10:00,STTD,1999,W,TRUE,CLR,NA,NA,11.7,0.19,NA,NA,NA,NA,NA,30,Regular,146182,187777,41595,41595,127.7626601,127.7626601,1,STTDD 006   End Meter reading was estimated from the 10mins reading (x3 for 30mins) NI,NA,Aquatic Non-Insects,10,Family,Crangonyctidae,Crangonyctidae,NA,3,0.023,0.023,NA,NA,2,SAMP,NA,NA,NA,NA,NA,NA,2   NA   NA   NA,SAMP   NA   NA   NA
STTD_1999-03-04 10:00:00,3/4/1999 10:00,STTD,1999,W,TRUE,CLR,NA,NA,11.7,0.19,NA,NA,NA,NA,NA,30,Regular,146182,187777,41595,41595,127.7626601,127.7626601,1,STTDD 006   End Meter reading was estimated from the 10mins reading (x3 for 30mins) NI,NA,Aquatic Non-Insects,11,Family,Gammaridae,Gammaridae,NA,1,0.008,0.008,NA,NA,2,SAMP,NA,NA,NA,NA,NA,NA,2   NA   NA   NA,SAMP   NA   NA   NA
STTD_1999-03-04 10:00:00,3/4/1999 10:00,STTD,1999,W,TRUE,CLR,NA,NA,11.7,0.19,NA,NA,NA,NA,NA,30,Regular,146182,187777,41595,41595,127.7626601,127.7626601,1,STTDD 006   End Meter reading was estimated from the 10mins reading (x3 for 30mins) NI,NA,Aquatic Insects,44,Family,Corixidae,Corixidae,NA,4,0.031,0.031,NA,NA,2,SAMP,NA,NA,NA,NA,NA,NA,2   NA   NA   NA,SAMP   NA   NA   NA
STTD_1999-03-04 10:00:00,3/4/1999 10:00,STTD,1999,W,TRUE,CLR,NA,NA,11.7,0.19,NA,NA,NA,NA,NA,30,Regular,146182,187777,41595,41595,127.7626601,127.7626601,1,STTDD 006   End Meter reading was estimated from the 10mins reading (x3 for 30mins) NI,NA,Aquatic Insects,30,Family,Dytiscidae,Dytiscidae,NA,1,0.008,0.008,NA,NA,2,SAMP,NA,NA,NA,NA,NA,NA,2   NA   NA   NA,SAMP   NA   NA   NA
STTD_1999-03-04 10:00:00,3/4/1999 10:00,STTD,1999,W,TRUE,CLR,NA,NA,11.7,0.19,NA,NA,NA,NA,NA,30,Regular,146182,187777,41595,41595,127.7626601,127.7626601,1,STTDD 006   End Meter reading was estimated from the 10mins reading (x3 for 30mins) NI,NA,Aquatic Insects,32,Family,Ceratopogonidae,Ceratopogonidae,NA,1,0.008,0.008,NA,NA,2,SAMP,NA,NA,NA,NA,NA,NA,2   NA   NA   NA,SAMP   NA   NA   NA
STTD_1999-03-04 10:00:00,3/4/1999 10:00,STTD,1999,W,TRUE,CLR,NA,NA,11.7,0.19,NA,NA,NA,NA,NA,30,Regular,146182,187777,41595,41595,127.7626601,127.7626601,1,STTDD 006   End Meter reading was estimated from the 10mins reading (x3 for 30mins) NI,NA,Aquatic Insects,34,Family,Chironomidae,Chironomidae,NA,327,2.559,2.559,NA,NA,2,SAMP,NA,NA,NA,NA,NA,NA,2   NA   NA   NA,SAMP   NA   NA   NA
STTD_1999-03-04 10:00:00,3/4/1999 10:00,STTD,1999,W,TRUE,CLR,NA,NA,11.7,0.19,NA,NA,NA,NA,NA,30,Regular,146182,187777,41595,41595,127.7626601,127.7626601,1,STTDD 006   End Meter reading was estimated from the 10mins reading (x3 for 30mins) NI,NA,Aquatic Insects,36,Family,Ephydridae,Ephydridae,NA,2,0.016,0.016,NA,NA,2,SAMP,NA,NA,NA,NA,NA,NA,2   NA   NA   NA,SAMP   NA   NA   NA
STTD_1999-03-04 10:00:00,3/4/1999 10:00,STTD,1999,W,TRUE,CLR,NA,NA,11.7,0.19,NA,NA,NA,NA,NA,30,Regular,146182,187777,41595,41595,127.7626601,127.7626601,1,STTDD 006   End Meter reading was estimated from the 10mins reading (x3 for 30mins) NI,NA,Aquatic Non-Insects,20,Family,Physidae,Physidae,NA,2,0.016,0.016,NA,NA,2,SAMP,NA,NA,NA,NA,NA,NA,2   NA   NA   NA,SAMP   NA   NA   NA
STTD_1999-03-04 10:00:00,3/4/1999 10:00,STTD,1999,W,TRUE,CLR,NA,NA,11.7,0.19,NA,NA,NA,NA,NA,30,Regular,146182,187777,41595,41595,127.7626601,127.7626601,1,STTDD 006   End Meter reading was estimated from the 10mins reading (x3 for 30mins) NI,NA,Aquatic Non-Insects,21,Family,Planorbidae,Planorbidae,NA,2,0.016,0.016,NA,NA,2,SAMP,NA,NA,NA,NA,NA,NA,2   NA   NA   NA,SAMP   NA   NA   NA
STTD_1999-03-04 10:00:00,3/4/1999 10:00,STTD,1999,W,TRUE,CLR,NA,NA,11.7,0.19,NA,NA,NA,NA,NA,30,Regular,146182,187777,41595,41595,127.7626601,127.7626601,1,STTDD 006   End Meter reading was estimated from the 10mins reading (x3 for 30mins) NI,NA,Terrestrial Insects,63,Order,Coleoptera,Coleoptera,NA,1,0.008,0.008,NA,NA,2,SAMP,NA,NA,NA,NA,NA,NA,2   NA   NA   NA,SAMP   NA   NA   NA
STTD_1999-03-04 10:00:00,3/4/1999 10:00,STTD,1999,W,TRUE,CLR,NA,NA,11.7,0.19,NA,NA,NA,NA,NA,30,Regular,146182,187777,41595,41595,127.7626601,127.7626601,1,STTDD 006   End Meter reading was estimated from the 10mins reading (x3 for 30mins) NI,NA,Terrestrial Insects,66,Order,Hymenoptera,Hymenoptera,NA,2,0.016,0.016,NA,NA,2,SAMP,NA,NA,NA,NA,NA,NA,2   NA   NA   NA,SAMP   NA   NA   NA
STTD_1999-03-04 10:00:00,3/4/1999 10:00,STTD,1999,W,TRUE,CLR,NA,NA,11.7,0.19,NA,NA,NA,NA,NA,30,Regular,146182,187777,41595,41595,127.7626601,127.7626601,1,STTDD 006   End Meter reading was estimated from the 10mins reading (x3 for 30mins) NI,NA,Terrestrial Non-Insects,58,Suborder,Araneida,Araneida,NA,1,0.008,0.008,NA,NA,2,SAMP,NA,NA,NA,NA,NA,NA,2   NA   NA   NA,SAMP   NA   NA   NA
SHR_1999-03-09 07:45:00,3/9/1999 7:45,SHR,1999,W,TRUE,CLR,NA,NA,8.9,0.47,NA,NA,NA,NA,NA,30,Regular,160056,191541,31485,31485,96.7089158,96.7089158,1,SHRD 007   End Meter reading was estimated from the 10mins reading (x3 for 30mins) NI,NA,Aquatic Non-Insects,4,Family,Naididae,Naididae,NA,1,0.01,0.01,NA,NA,2,SAMP,NA,NA,NA,NA,NA,NA,2   NA   NA   NA,SAMP   NA   NA   NA
SHR_1999-03-09 07:45:00,3/9/1999 7:45,SHR,1999,W,TRUE,CLR,NA,NA,8.9,0.47,NA,NA,NA,NA,NA,30,Regular,160056,191541,31485,31485,96.7089158,96.7089158,1,SHRD 007   End Meter reading was estimated from the 10mins reading (x3 for 30mins) NI,NA,Aquatic Non-Insects,9,Family,Corophiidae,Corophiidae,NA,1,0.01,0.01,NA,NA,2,SAMP,NA,NA,NA,NA,NA,NA,2   NA   NA   NA,SAMP   NA   NA   NA
SHR_1999-03-09 07:45:00,3/9/1999 7:45,SHR,1999,W,TRUE,CLR,NA,NA,8.9,0.47,NA,NA,NA,NA,NA,30,Regular,160056,191541,31485,31485,96.7089158,96.7089158,1,SHRD 007   End Meter reading was estimated from the 10mins reading (x3 for 30mins) NI,NA,Aquatic Insects,42,Family,Ephemerellidae,Ephemerellidae,NA,1,0.01,0.01,NA,NA,2,SAMP,NA,NA,NA,NA,NA,NA,2   NA   NA   NA,SAMP   NA   NA   NA
SHR_1999-03-09 07:45:00,3/9/1999 7:45,SHR,1999,W,TRUE,CLR,NA,NA,8.9,0.47,NA,NA,NA,NA,NA,30,Regular,160056,191541,31485,31485,96.7089158,96.7089158,1,SHRD 007   End Meter reading was estimated from the 10mins reading (x3 for 30mins) NI,NA,Aquatic Insects,32,Family,Ceratopogonidae,Ceratopogonidae,NA,1,0.01,0.01,NA,NA,2,SAMP,NA,NA,NA,NA,NA,NA,2   NA   NA   NA,SAMP   NA   NA   NA
SHR_1999-03-09 07:45:00,3/9/1999 7:45,SHR,1999,W,TRUE,CLR,NA,NA,8.9,0.47,NA,NA,NA,NA,NA,30,Regular,160056,191541,31485,31485,96.7089158,96.7089158,1,SHRD 007   End Meter reading was estimated from the 10mins reading (x3 for 30mins) NI,NA,Aquatic Insects,34,Family,Chironomidae,Chironomidae,NA,2,0.021,0.021,NA,NA,2,SAMP,NA,NA,NA,NA,NA,NA,2   NA   NA   NA,SAMP   NA   NA   NA
SHR_1999-03-09 07:45:00,3/9/1999 7:45,SHR,1999,W,TRUE,CLR,NA,NA,8.9,0.47,NA,NA,NA,NA,NA,30,Regular,160056,191541,31485,31485,96.7089158,96.7089158,1,SHRD 007   End Meter reading was estimated from the 10mins reading (x3 for 30mins) NI,NA,Aquatic Insects,35,Family,Empididae,Empididae,NA,1,0.01,0.01,NA,NA,2,SAMP,NA,NA,NA,NA,NA,NA,2   NA   NA   NA,SAMP   NA   NA   NA
SHR_1999-03-09 07:45:00,3/9/1999 7:45,SHR,1999,W,TRUE,CLR,NA,NA,8.9,0.47,NA,NA,NA,NA,NA,30,Regular,160056,191541,31485,31485,96.7089158,96.7089158,1,SHRD 007   End Meter reading was estimated from the 10mins reading (x3 for 30mins) NI,NA,Terrestrial Insects,66,Order,Hymenoptera,Hymenoptera,NA,1,0.01,0.01,NA,NA,2,SAMP,NA,NA,NA,NA,NA,NA,2   NA   NA   NA,SAMP   NA   NA   NA
STTD_1999-03-09 09:45:00,3/9/1999 9:45,STTD,1999,W,TRUE,CLR,NA,NA,9.4,0.28,NA,NA,NA,NA,NA,30,Regular,170556,228897,58341,58341,179.1994555,179.1994555,1,STTDD 007   End Meter reading was estimated from the 10mins reading (x3 for 30mins) NI,NA,Aquatic Non-Insects,14,Family,Cyprididae,Cyprididae,NA,1,0.006,0.006,NA,NA,2,SAMP,NA,NA,NA,NA,NA,NA,2   NA   NA   NA,SAMP   NA   NA   NA
STTD_1999-03-09 09:45:00,3/9/1999 9:45,STTD,1999,W,TRUE,CLR,NA,NA,9.4,0.28,NA,NA,NA,NA,NA,30,Regular,170556,228897,58341,58341,179.1994555,179.1994555,1,STTDD 007   End Meter reading was estimated from the 10mins reading (x3 for 30mins) NI,NA,Aquatic Non-Insects,9,Family,Corophiidae,Corophiidae,NA,1,0.006,0.006,NA,NA,2,SAMP,NA,NA,NA,NA,NA,NA,2   NA   NA   NA,SAMP   NA   NA   NA
STTD_1999-03-09 09:45:00,3/9/1999 9:45,STTD,1999,W,TRUE,CLR,NA,NA,9.4,0.28,NA,NA,NA,NA,NA,30,Regular,170556,228897,58341,58341,179.1994555,179.1994555,1,STTDD 007   End Meter reading was estimated from the 10mins reading (x3 for 30mins) NI,NA,Aquatic Non-Insects,10,Family,Crangonyctidae,Crangonyctidae,NA,7,0.039,0.039,NA,NA,2,SAMP,NA,NA,NA,NA,NA,NA,2   NA   NA   NA,SAMP   NA   NA   NA
STTD_1999-03-09 09:45:00,3/9/1999 9:45,STTD,1999,W,TRUE,CLR,NA,NA,9.4,0.28,NA,NA,NA,NA,NA,30,Regular,170556,228897,58341,58341,179.1994555,179.1994555,1,STTDD 007   End Meter reading was estimated from the 10mins reading (x3 for 30mins) NI,NA,Aquatic Insects,40,Family,Caenidae,Caenidae,NA,1,0.006,0.006,NA,NA,2,SAMP,NA,NA,NA,NA,NA,NA,2   NA   NA   NA,SAMP   NA   NA   NA
STTD_1999-03-09 09:45:00,3/9/1999 9:45,STTD,1999,W,TRUE,CLR,NA,NA,9.4,0.28,NA,NA,NA,NA,NA,30,Regular,170556,228897,58341,58341,179.1994555,179.1994555,1,STTDD 007   End Meter reading was estimated from the 10mins reading (x3 for 30mins) NI,NA,Aquatic Insects,44,Family,Corixidae,Corixidae,NA,7,0.039,0.039,NA,NA,2,SAMP,NA,NA,NA,NA,NA,NA,2   NA   NA   NA,SAMP   NA   NA   NA
STTD_1999-03-09 09:45:00,3/9/1999 9:45,STTD,1999,W,TRUE,CLR,NA,NA,9.4,0.28,NA,NA,NA,NA,NA,30,Regular,170556,228897,58341,58341,179.1994555,179.1994555,1,STTDD 007   End Meter reading was estimated from the 10mins reading (x3 for 30mins) NI,NA,Aquatic Insects,34,Family,Chironomidae,Chironomidae,NA,62,0.346,0.346,NA,NA,2,SAMP,NA,NA,NA,NA,NA,NA,2   NA   NA   NA,SAMP   NA   NA   NA
STTD_1999-03-09 09:45:00,3/9/1999 9:45,STTD,1999,W,TRUE,CLR,NA,NA,9.4,0.28,NA,NA,NA,NA,NA,30,Regular,170556,228897,58341,58341,179.1994555,179.1994555,1,STTDD 007   End Meter reading was estimated from the 10mins reading (x3 for 30mins) NI,NA,Aquatic Non-Insects,20,Family,Physidae,Physidae,NA,2,0.011,0.011,NA,NA,2,SAMP,NA,NA,NA,NA,NA,NA,2   NA   NA   NA,SAMP   NA   NA   NA
STTD_1999-03-09 09:45:00,3/9/1999 9:45,STTD,1999,W,TRUE,CLR,NA,NA,9.4,0.28,NA,NA,NA,NA,NA,30,Regular,170556,228897,58341,58341,179.1994555,179.1994555,1,STTDD 007   End Meter reading was estimated from the 10mins reading (x3 for 30mins) NI,NA,Aquatic Non-Insects,21,Family,Planorbidae,Planorbidae,NA,1,0.006,0.006,NA,NA,2,SAMP,NA,NA,NA,NA,NA,NA,2   NA   NA   NA,SAMP   NA   NA   NA
STTD_1999-03-09 09:45:00,3/9/1999 9:45,STTD,1999,W,TRUE,CLR,NA,NA,9.4,0.28,NA,NA,NA,NA,NA,30,Regular,170556,228897,58341,58341,179.1994555,179.1994555,1,STTDD 007   End Meter reading was estimated from the 10mins reading (x3 for 30mins) NI,NA,Terrestrial Insects,63,Order,Coleoptera,Coleoptera,NA,2,0.011,0.011,NA,NA,2,SAMP,NA,NA,NA,NA,NA,NA,2   NA   NA   NA,SAMP   NA   NA   NA
SHR_1999-03-11 07:45:00,3/11/1999 7:45,SHR,1999,W,TRUE,CLR,NA,NA,8.9,0.5,NA,NA,NA,NA,NA,30,Regular,190019,200443,10424,10424,32.01822259,32.01822259,1,SHRD 008   End Meter reading was estimated from the 10mins reading (x3 for 30mins) NI,NA,Aquatic Non-Insects,18,Family,Hydridae,Hydridae,NA,1,0.031,0.031,NA,NA,2,SAMP,NA,NA,NA,NA,NA,NA,2   NA   NA   NA,SAMP   NA   NA   NA
SHR_1999-03-11 07:45:00,3/11/1999 7:45,SHR,1999,W,TRUE,CLR,NA,NA,8.9,0.5,NA,NA,NA,NA,NA,30,Regular,190019,200443,10424,10424,32.01822259,32.01822259,1,SHRD 008   End Meter reading was estimated from the 10mins reading (x3 for 30mins) NI,NA,Aquatic Non-Insects,4,Family,Naididae,Naididae,NA,8,0.25,0.25,NA,NA,2,SAMP,NA,NA,NA,NA,NA,NA,2   NA   NA   NA,SAMP   NA   NA   NA
SHR_1999-03-11 07:45:00,3/11/1999 7:45,SHR,1999,W,TRUE,CLR,NA,NA,8.9,0.5,NA,NA,NA,NA,NA,30,Regular,190019,200443,10424,10424,32.01822259,32.01822259,1,SHRD 008   End Meter reading was estimated from the 10mins reading (x3 for 30mins) NI,NA,Aquatic Non-Insects,8,Family,Sabellidae,Sabellidae,NA,1,0.031,0.031,NA,NA,2,SAMP,NA,NA,NA,NA,NA,NA,2   NA   NA   NA,SAMP   NA   NA   NA
SHR_1999-03-11 07:45:00,3/11/1999 7:45,SHR,1999,W,TRUE,CLR,NA,NA,8.9,0.5,NA,NA,NA,NA,NA,30,Regular,190019,200443,10424,10424,32.01822259,32.01822259,1,SHRD 008   End Meter reading was estimated from the 10mins reading (x3 for 30mins) NI,NA,Aquatic Non-Insects,9,Family,Corophiidae,Corophiidae,NA,2,0.062,0.062,NA,NA,2,SAMP,NA,NA,NA,NA,NA,NA,2   NA   NA   NA,SAMP   NA   NA   NA
SHR_1999-03-11 07:45:00,3/11/1999 7:45,SHR,1999,W,TRUE,CLR,NA,NA,8.9,0.5,NA,NA,NA,NA,NA,30,Regular,190019,200443,10424,10424,32.01822259,32.01822259,1,SHRD 008   End Meter reading was estimated from the 10mins reading (x3 for 30mins) NI,NA,Aquatic Insects,34,Family,Chironomidae,Chironomidae,NA,5,0.156,0.156,NA,NA,2,SAMP,NA,NA,NA,NA,NA,NA,2   NA   NA   NA,SAMP   NA   NA   NA
SHR_1999-03-11 07:45:00,3/11/1999 7:45,SHR,1999,W,TRUE,CLR,NA,NA,8.9,0.5,NA,NA,NA,NA,NA,30,Regular,190019,200443,10424,10424,32.01822259,32.01822259,1,SHRD 008   End Meter reading was estimated from the 10mins reading (x3 for 30mins) NI,NA,Aquatic Insects,38,Family,Simuliidae,Simuliidae,NA,1,0.031,0.031,NA,NA,2,SAMP,NA,NA,NA,NA,NA,NA,2   NA   NA   NA,SAMP   NA   NA   NA
STTD_1999-03-11 09:28:00,3/11/1999 9:28,STTD,1999,W,TRUE,CLR,NA,NA,9.4,0.32,NA,NA,NA,NA,NA,30,Regular,200437,258202,57765,57765,177.4302214,177.4302214,1,STTDD 008   End Meter reading was estimated from the 10mins reading (x3 for 30mins) NI,NA,Aquatic Non-Insects,4,Family,Naididae,Naididae,NA,1,0.006,0.006,NA,NA,2,SAMP,NA,NA,NA,NA,NA,NA,2   NA   NA   NA,SAMP   NA   NA   NA
STTD_1999-03-11 09:28:00,3/11/1999 9:28,STTD,1999,W,TRUE,CLR,NA,NA,9.4,0.32,NA,NA,NA,NA,NA,30,Regular,200437,258202,57765,57765,177.4302214,177.4302214,1,STTDD 008   End Meter reading was estimated from the 10mins reading (x3 for 30mins) NI,NA,Aquatic Non-Insects,2,Family,Enchytraeidae,Enchytraeidae,NA,1,0.006,0.006,NA,NA,2,SAMP,NA,NA,NA,NA,NA,NA,2   NA   NA   NA,SAMP   NA   NA   NA
STTD_1999-03-11 09:28:00,3/11/1999 9:28,STTD,1999,W,TRUE,CLR,NA,NA,9.4,0.32,NA,NA,NA,NA,NA,30,Regular,200437,258202,57765,57765,177.4302214,177.4302214,1,STTDD 008   End Meter reading was estimated from the 10mins reading (x3 for 30mins) NI,NA,Aquatic Non-Insects,13,Family,Mysidae,Mysidae,NA,1,0.006,0.006,NA,NA,2,SAMP,NA,NA,NA,NA,NA,NA,2   NA   NA   NA,SAMP   NA   NA   NA
STTD_1999-03-11 09:28:00,3/11/1999 9:28,STTD,1999,W,TRUE,CLR,NA,NA,9.4,0.32,NA,NA,NA,NA,NA,30,Regular,200437,258202,57765,57765,177.4302214,177.4302214,1,STTDD 008   End Meter reading was estimated from the 10mins reading (x3 for 30mins) NI,NA,Aquatic Non-Insects,14,Family,Cyprididae,Cyprididae,NA,3,0.017,0.017,NA,NA,2,SAMP,NA,NA,NA,NA,NA,NA,2   NA   NA   NA,SAMP   NA   NA   NA
STTD_1999-03-11 09:28:00,3/11/1999 9:28,STTD,1999,W,TRUE,CLR,NA,NA,9.4,0.32,NA,NA,NA,NA,NA,30,Regular,200437,258202,57765,57765,177.4302214,177.4302214,1,STTDD 008   End Meter reading was estimated from the 10mins reading (x3 for 30mins) NI,NA,Aquatic Non-Insects,10,Family,Crangonyctidae,Crangonyctidae,NA,8,0.045,0.045,NA,NA,2,SAMP,NA,NA,NA,NA,NA,NA,2   NA   NA   NA,SAMP   NA   NA   NA
STTD_1999-03-11 09:28:00,3/11/1999 9:28,STTD,1999,W,TRUE,CLR,NA,NA,9.4,0.32,NA,NA,NA,NA,NA,30,Regular,200437,258202,57765,57765,177.4302214,177.4302214,1,STTDD 008   End Meter reading was estimated from the 10mins reading (x3 for 30mins) NI,NA,Aquatic Non-Insects,11,Family,Gammaridae,Gammaridae,NA,1,0.006,0.006,NA,NA,2,SAMP,NA,NA,NA,NA,NA,NA,2   NA   NA   NA,SAMP   NA   NA   NA
STTD_1999-03-11 09:28:00,3/11/1999 9:28,STTD,1999,W,TRUE,CLR,NA,NA,9.4,0.32,NA,NA,NA,NA,NA,30,Regular,200437,258202,57765,57765,177.4302214,177.4302214,1,STTDD 008   End Meter reading was estimated from the 10mins reading (x3 for 30mins) NI,NA,Aquatic Insects,40,Family,Caenidae,Caenidae,NA,1,0.006,0.006,NA,NA,2,SAMP,NA,NA,NA,NA,NA,NA,2   NA   NA   NA,SAMP   NA   NA   NA
STTD_1999-03-11 09:28:00,3/11/1999 9:28,STTD,1999,W,TRUE,CLR,NA,NA,9.4,0.32,NA,NA,NA,NA,NA,30,Regular,200437,258202,57765,57765,177.4302214,177.4302214,1,STTDD 008   End Meter reading was estimated from the 10mins reading (x3 for 30mins) NI,NA,Aquatic Insects,44,Family,Corixidae,Corixidae,NA,12,0.068,0.068,NA,NA,2,SAMP,NA,NA,NA,NA,NA,NA,2   NA   NA   NA,SAMP   NA   NA   NA
STTD_1999-03-11 09:28:00,3/11/1999 9:28,STTD,1999,W,TRUE,CLR,NA,NA,9.4,0.32,NA,NA,NA,NA,NA,30,Regular,200437,258202,57765,57765,177.4302214,177.4302214,1,STTDD 008   End Meter reading was estimated from the 10mins reading (x3 for 30mins) NI,NA,Aquatic Insects,34,Family,Chironomidae,Chironomidae,NA,158,0.89,0.89,NA,NA,2,SAMP,NA,NA,NA,NA,NA,NA,2   NA   NA   NA,SAMP   NA   NA   NA
STTD_1999-03-11 09:28:00,3/11/1999 9:28,STTD,1999,W,TRUE,CLR,NA,NA,9.4,0.32,NA,NA,NA,NA,NA,30,Regular,200437,258202,57765,57765,177.4302214,177.4302214,1,STTDD 008   End Meter reading was estimated from the 10mins reading (x3 for 30mins) NI,NA,Aquatic Insects,37,Family,Psychodidae,Psychodidae,NA,1,0.006,0.006,NA,NA,2,SAMP,NA,NA,NA,NA,NA,NA,2   NA   NA   NA,SAMP   NA   NA   NA
STTD_1999-03-11 09:28:00,3/11/1999 9:28,STTD,1999,W,TRUE,CLR,NA,NA,9.4,0.32,NA,NA,NA,NA,NA,30,Regular,200437,258202,57765,57765,177.4302214,177.4302214,1,STTDD 008   End Meter reading was estimated from the 10mins reading (x3 for 30mins) NI,NA,Aquatic Insects,36,Family,Ephydridae,Ephydridae,NA,2,0.011,0.011,NA,NA,2,SAMP,NA,NA,NA,NA,NA,NA,2   NA   NA   NA,SAMP   NA   NA   NA
STTD_1999-03-11 09:28:00,3/11/1999 9:28,STTD,1999,W,TRUE,CLR,NA,NA,9.4,0.32,NA,NA,NA,NA,NA,30,Regular,200437,258202,57765,57765,177.4302214,177.4302214,1,STTDD 008   End Meter reading was estimated from the 10mins reading (x3 for 30mins) NI,NA,Aquatic Non-Insects,20,Family,Physidae,Physidae,NA,6,0.034,0.034,NA,NA,2,SAMP,NA,NA,NA,NA,NA,NA,2   NA   NA   NA,SAMP   NA   NA   NA
STTD_1999-03-11 09:28:00,3/11/1999 9:28,STTD,1999,W,TRUE,CLR,NA,NA,9.4,0.32,NA,NA,NA,NA,NA,30,Regular,200437,258202,57765,57765,177.4302214,177.4302214,1,STTDD 008   End Meter reading was estimated from the 10mins reading (x3 for 30mins) NI,NA,Aquatic Non-Insects,21,Family,Planorbidae,Planorbidae,NA,2,0.011,0.011,NA,NA,2,SAMP,NA,NA,NA,NA,NA,NA,2   NA   NA   NA,SAMP   NA   NA   NA
STTD_1999-03-11 09:28:00,3/11/1999 9:28,STTD,1999,W,TRUE,CLR,NA,NA,9.4,0.32,NA,NA,NA,NA,NA,30,Regular,200437,258202,57765,57765,177.4302214,177.4302214,1,STTDD 008   End Meter reading was estimated from the 10mins reading (x3 for 30mins) NI,NA,Terrestrial Insects,71,Order,Hemiptera,Hemiptera,NA,1,0.006,0.006,NA,NA,2,SAMP,NA,NA,NA,NA,NA,NA,2   NA   NA   NA,SAMP   NA   NA   NA
STTD_1999-03-11 09:28:00,3/11/1999 9:28,STTD,1999,W,TRUE,CLR,NA,NA,9.4,0.32,NA,NA,NA,NA,NA,30,Regular,200437,258202,57765,57765,177.4302214,177.4302214,1,STTDD 008   End Meter reading was estimated from the 10mins reading (x3 for 30mins) NI,NA,Terrestrial Non-Insects,58,Suborder,Araneida,Araneida,NA,1,0.006,0.006,NA,NA,2,SAMP,NA,NA,NA,NA,NA,NA,2   NA   NA   NA,SAMP   NA   NA   NA
SHR_1999-03-16 07:56:00,3/16/1999 7:56,SHR,1999,W,TRUE,CLD,NA,NA,10.5,0.56,NA,NA,NA,NA,NA,30,Regular,219700,246172,26472,26472,81.31105031,81.31105031,1,SHRD 009   End Meter reading was estimated from the 10mins reading (x3 for 30mins) NI,NA,Aquatic Non-Insects,18,Family,Hydridae,Hydridae,NA,2,0.025,0.025,NA,NA,2,SAMP,NA,NA,NA,NA,NA,NA,2   NA   NA   NA,SAMP   NA   NA   NA
SHR_1999-03-16 07:56:00,3/16/1999 7:56,SHR,1999,W,TRUE,CLD,NA,NA,10.5,0.56,NA,NA,NA,NA,NA,30,Regular,219700,246172,26472,26472,81.31105031,81.31105031,1,SHRD 009   End Meter reading was estimated from the 10mins reading (x3 for 30mins) NI,NA,Aquatic Non-Insects,4,Family,Naididae,Naididae,NA,7,0.086,0.086,NA,NA,2,SAMP,NA,NA,NA,NA,NA,NA,2   NA   NA   NA,SAMP   NA   NA   NA
SHR_1999-03-16 07:56:00,3/16/1999 7:56,SHR,1999,W,TRUE,CLD,NA,NA,10.5,0.56,NA,NA,NA,NA,NA,30,Regular,219700,246172,26472,26472,81.31105031,81.31105031,1,SHRD 009   End Meter reading was estimated from the 10mins reading (x3 for 30mins) NI,NA,Aquatic Non-Insects,14,Family,Cyprididae,Cyprididae,NA,1,0.012,0.012,NA,NA,2,SAMP,NA,NA,NA,NA,NA,NA,2   NA   NA   NA,SAMP   NA   NA   NA
SHR_1999-03-16 07:56:00,3/16/1999 7:56,SHR,1999,W,TRUE,CLD,NA,NA,10.5,0.56,NA,NA,NA,NA,NA,30,Regular,219700,246172,26472,26472,81.31105031,81.31105031,1,SHRD 009   End Meter reading was estimated from the 10mins reading (x3 for 30mins) NI,NA,Aquatic Non-Insects,9,Family,Corophiidae,Corophiidae,NA,2,0.025,0.025,NA,NA,2,SAMP,NA,NA,NA,NA,NA,NA,2   NA   NA   NA,SAMP   NA   NA   NA
SHR_1999-03-16 07:56:00,3/16/1999 7:56,SHR,1999,W,TRUE,CLD,NA,NA,10.5,0.56,NA,NA,NA,NA,NA,30,Regular,219700,246172,26472,26472,81.31105031,81.31105031,1,SHRD 009   End Meter reading was estimated from the 10mins reading (x3 for 30mins) NI,NA,Aquatic Non-Insects,10,Family,Crangonyctidae,Crangonyctidae,NA,2,0.025,0.025,NA,NA,2,SAMP,NA,NA,NA,NA,NA,NA,2   NA   NA   NA,SAMP   NA   NA   NA
SHR_1999-03-16 07:56:00,3/16/1999 7:56,SHR,1999,W,TRUE,CLD,NA,NA,10.5,0.56,NA,NA,NA,NA,NA,30,Regular,219700,246172,26472,26472,81.31105031,81.31105031,1,SHRD 009   End Meter reading was estimated from the 10mins reading (x3 for 30mins) NI,NA,Aquatic Insects,32,Family,Ceratopogonidae,Ceratopogonidae,NA,1,0.012,0.012,NA,NA,2,SAMP,NA,NA,NA,NA,NA,NA,2   NA   NA   NA,SAMP   NA   NA   NA
SHR_1999-03-16 07:56:00,3/16/1999 7:56,SHR,1999,W,TRUE,CLD,NA,NA,10.5,0.56,NA,NA,NA,NA,NA,30,Regular,219700,246172,26472,26472,81.31105031,81.31105031,1,SHRD 009   End Meter reading was estimated from the 10mins reading (x3 for 30mins) NI,NA,Aquatic Insects,34,Family,Chironomidae,Chironomidae,NA,10,0.123,0.123,NA,NA,2,SAMP,NA,NA,NA,NA,NA,NA,2   NA   NA   NA,SAMP   NA   NA   NA
SHR_1999-03-16 07:56:00,3/16/1999 7:56,SHR,1999,W,TRUE,CLD,NA,NA,10.5,0.56,NA,NA,NA,NA,NA,30,Regular,219700,246172,26472,26472,81.31105031,81.31105031,1,SHRD 009   End Meter reading was estimated from the 10mins reading (x3 for 30mins) NI,NA,Aquatic Insects,38,Family,Simuliidae,Simuliidae,NA,1,0.012,0.012,NA,NA,2,SAMP,NA,NA,NA,NA,NA,NA,2   NA   NA   NA,SAMP   NA   NA   NA
SHR_1999-03-16 07:56:00,3/16/1999 7:56,SHR,1999,W,TRUE,CLD,NA,NA,10.5,0.56,NA,NA,NA,NA,NA,30,Regular,219700,246172,26472,26472,81.31105031,81.31105031,1,SHRD 009   End Meter reading was estimated from the 10mins reading (x3 for 30mins) NI,NA,Aquatic Non-Insects,28,Family,Lebertiidae,Lebertiidae,NA,1,0.012,0.012,NA,NA,2,SAMP,NA,NA,NA,NA,NA,NA,2   NA   NA   NA,SAMP   NA   NA   NA
SHR_1999-03-16 07:56:00,3/16/1999 7:56,SHR,1999,W,TRUE,CLD,NA,NA,10.5,0.56,NA,NA,NA,NA,NA,30,Regular,219700,246172,26472,26472,81.31105031,81.31105031,1,SHRD 009   End Meter reading was estimated from the 10mins reading (x3 for 30mins) NI,NA,Aquatic Non-Insects,120,Family,Lebertiidae,Lebertiidae,NA,1,0.012,0.012,NA,NA,2,SAMP,NA,NA,NA,NA,NA,NA,2   NA   NA   NA,SAMP   NA   NA   NA
STTD_1999-03-16 10:00:00,3/16/1999 10:00,STTD,1999,W,TRUE,CLD,NA,NA,12.2,0.27,NA,NA,NA,NA,NA,30,Regular,228528,286170,57642,57642,177.0524162,177.0524162,1,STTDD 009   End Meter reading was estimated from the 10mins reading (x3 for 30mins) NI,NA,Aquatic Non-Insects,2,Family,Enchytraeidae,Enchytraeidae,NA,1,0.006,0.006,NA,NA,2,SAMP,NA,NA,NA,NA,NA,NA,2   NA   NA   NA,SAMP   NA   NA   NA
STTD_1999-03-16 10:00:00,3/16/1999 10:00,STTD,1999,W,TRUE,CLD,NA,NA,12.2,0.27,NA,NA,NA,NA,NA,30,Regular,228528,286170,57642,57642,177.0524162,177.0524162,1,STTDD 009   End Meter reading was estimated from the 10mins reading (x3 for 30mins) NI,NA,Aquatic Non-Insects,14,Family,Cyprididae,Cyprididae,NA,1,0.006,0.006,NA,NA,2,SAMP,NA,NA,NA,NA,NA,NA,2   NA   NA   NA,SAMP   NA   NA   NA
STTD_1999-03-16 10:00:00,3/16/1999 10:00,STTD,1999,W,TRUE,CLD,NA,NA,12.2,0.27,NA,NA,NA,NA,NA,30,Regular,228528,286170,57642,57642,177.0524162,177.0524162,1,STTDD 009   End Meter reading was estimated from the 10mins reading (x3 for 30mins) NI,NA,Aquatic Non-Insects,9,Family,Corophiidae,Corophiidae,NA,2,0.011,0.011,NA,NA,2,SAMP,NA,NA,NA,NA,NA,NA,2   NA   NA   NA,SAMP   NA   NA   NA
STTD_1999-03-16 10:00:00,3/16/1999 10:00,STTD,1999,W,TRUE,CLD,NA,NA,12.2,0.27,NA,NA,NA,NA,NA,30,Regular,228528,286170,57642,57642,177.0524162,177.0524162,1,STTDD 009   End Meter reading was estimated from the 10mins reading (x3 for 30mins) NI,NA,Aquatic Non-Insects,10,Family,Crangonyctidae,Crangonyctidae,NA,25,0.141,0.141,NA,NA,2,SAMP,NA,NA,NA,NA,NA,NA,2   NA   NA   NA,SAMP   NA   NA   NA
STTD_1999-03-16 10:00:00,3/16/1999 10:00,STTD,1999,W,TRUE,CLD,NA,NA,12.2,0.27,NA,NA,NA,NA,NA,30,Regular,228528,286170,57642,57642,177.0524162,177.0524162,1,STTDD 009   End Meter reading was estimated from the 10mins reading (x3 for 30mins) NI,NA,Aquatic Insects,40,Family,Caenidae,Caenidae,NA,1,0.006,0.006,NA,NA,2,SAMP,NA,NA,NA,NA,NA,NA,2   NA   NA   NA,SAMP   NA   NA   NA
STTD_1999-03-16 10:00:00,3/16/1999 10:00,STTD,1999,W,TRUE,CLD,NA,NA,12.2,0.27,NA,NA,NA,NA,NA,30,Regular,228528,286170,57642,57642,177.0524162,177.0524162,1,STTDD 009   End Meter reading was estimated from the 10mins reading (x3 for 30mins) NI,NA,Aquatic Insects,44,Family,Corixidae,Corixidae,NA,7,0.04,0.04,NA,NA,2,SAMP,NA,NA,NA,NA,NA,NA,2   NA   NA   NA,SAMP   NA   NA   NA
STTD_1999-03-16 10:00:00,3/16/1999 10:00,STTD,1999,W,TRUE,CLD,NA,NA,12.2,0.27,NA,NA,NA,NA,NA,30,Regular,228528,286170,57642,57642,177.0524162,177.0524162,1,STTDD 009   End Meter reading was estimated from the 10mins reading (x3 for 30mins) NI,NA,Aquatic Insects,34,Family,Chironomidae,Chironomidae,NA,14,0.079,0.079,NA,NA,2,SAMP,NA,NA,NA,NA,NA,NA,2   NA   NA   NA,SAMP   NA   NA   NA
STTD_1999-03-16 10:00:00,3/16/1999 10:00,STTD,1999,W,TRUE,CLD,NA,NA,12.2,0.27,NA,NA,NA,NA,NA,30,Regular,228528,286170,57642,57642,177.0524162,177.0524162,1,STTDD 009   End Meter reading was estimated from the 10mins reading (x3 for 30mins) NI,NA,Aquatic Insects,38,Family,Simuliidae,Simuliidae,NA,1,0.006,0.006,NA,NA,2,SAMP,NA,NA,NA,NA,NA,NA,2   NA   NA   NA,SAMP   NA   NA   NA
STTD_1999-03-16 10:00:00,3/16/1999 10:00,STTD,1999,W,TRUE,CLD,NA,NA,12.2,0.27,NA,NA,NA,NA,NA,30,Regular,228528,286170,57642,57642,177.0524162,177.0524162,1,STTDD 009   End Meter reading was estimated from the 10mins reading (x3 for 30mins) NI,NA,Aquatic Insects,36,Family,Ephydridae,Ephydridae,NA,1,0.006,0.006,NA,NA,2,SAMP,NA,NA,NA,NA,NA,NA,2   NA   NA   NA,SAMP   NA   NA   NA
SHR_1999-03-24 07:44:00,3/24/1999 7:44,SHR,1999,W,FALSE,CLD,NA,NA,11.7,0.5,NA,NA,NA,NA,NA,30,Regular,272231,288650,16419,16419,50.43238649,50.43238649,1,SHRD 011   End Meter reading was estimated from the 10mins reading (x3 for 30mins) NI,NA,Aquatic Non-Insects,18,Family,Hydridae,Hydridae,NA,1,0.02,0.02,NA,NA,2,SAMP,NA,NA,NA,NA,NA,NA,2   NA   NA   NA,SAMP   NA   NA   NA
SHR_1999-03-24 07:44:00,3/24/1999 7:44,SHR,1999,W,FALSE,CLD,NA,NA,11.7,0.5,NA,NA,NA,NA,NA,30,Regular,272231,288650,16419,16419,50.43238649,50.43238649,1,SHRD 011   End Meter reading was estimated from the 10mins reading (x3 for 30mins) NI,NA,Aquatic Non-Insects,4,Family,Naididae,Naididae,NA,7,0.139,0.139,NA,NA,2,SAMP,NA,NA,NA,NA,NA,NA,2   NA   NA   NA,SAMP   NA   NA   NA
SHR_1999-03-24 07:44:00,3/24/1999 7:44,SHR,1999,W,FALSE,CLD,NA,NA,11.7,0.5,NA,NA,NA,NA,NA,30,Regular,272231,288650,16419,16419,50.43238649,50.43238649,1,SHRD 011   End Meter reading was estimated from the 10mins reading (x3 for 30mins) NI,NA,Aquatic Non-Insects,8,Family,Sabellidae,Sabellidae,NA,1,0.02,0.02,NA,NA,2,SAMP,NA,NA,NA,NA,NA,NA,2   NA   NA   NA,SAMP   NA   NA   NA
SHR_1999-03-24 07:44:00,3/24/1999 7:44,SHR,1999,W,FALSE,CLD,NA,NA,11.7,0.5,NA,NA,NA,NA,NA,30,Regular,272231,288650,16419,16419,50.43238649,50.43238649,1,SHRD 011   End Meter reading was estimated from the 10mins reading (x3 for 30mins) NI,NA,Aquatic Insects,43,Family,Heptageniidae,Heptageniidae,NA,1,0.02,0.02,NA,NA,2,SAMP,NA,NA,NA,NA,NA,NA,2   NA   NA   NA,SAMP   NA   NA   NA
SHR_1999-03-24 07:44:00,3/24/1999 7:44,SHR,1999,W,FALSE,CLD,NA,NA,11.7,0.5,NA,NA,NA,NA,NA,30,Regular,272231,288650,16419,16419,50.43238649,50.43238649,1,SHRD 011   End Meter reading was estimated from the 10mins reading (x3 for 30mins) NI,NA,Aquatic Insects,34,Family,Chironomidae,Chironomidae,NA,11,0.218,0.218,NA,NA,2,SAMP,NA,NA,NA,NA,NA,NA,2   NA   NA   NA,SAMP   NA   NA   NA
SHR_1999-03-24 07:44:00,3/24/1999 7:44,SHR,1999,W,FALSE,CLD,NA,NA,11.7,0.5,NA,NA,NA,NA,NA,30,Regular,272231,288650,16419,16419,50.43238649,50.43238649,1,SHRD 011   End Meter reading was estimated from the 10mins reading (x3 for 30mins) NI,NA,Aquatic Insects,38,Family,Simuliidae,Simuliidae,NA,5,0.099,0.099,NA,NA,2,SAMP,NA,NA,NA,NA,NA,NA,2   NA   NA   NA,SAMP   NA   NA   NA
STTD_1999-03-24 09:24:00,3/24/1999 9:24,STTD,1999,W,FALSE,CLD,NA,NA,13.9,0.16,NA,NA,NA,NA,NA,30,Regular,277707,299340,21633,21633,66.44764096,66.44764096,1,STTDD 011   End Meter reading was estimated from the 10mins reading (x3 for 30mins) NI,NA,Aquatic Insects,44,Family,Corixidae,Corixidae,NA,11,0.166,0.166,NA,NA,2,SAMP,NA,NA,NA,NA,NA,NA,2   NA   NA   NA,SAMP   NA   NA   NA
STTD_1999-03-24 09:24:00,3/24/1999 9:24,STTD,1999,W,FALSE,CLD,NA,NA,13.9,0.16,NA,NA,NA,NA,NA,30,Regular,277707,299340,21633,21633,66.44764096,66.44764096,1,STTDD 011   End Meter reading was estimated from the 10mins reading (x3 for 30mins) NI,NA,Aquatic Insects,31,Family,Helophoridae,Helophoridae,NA,1,0.015,0.015,NA,NA,2,SAMP,NA,NA,NA,NA,NA,NA,2   NA   NA   NA,SAMP   NA   NA   NA
STTD_1999-03-24 09:24:00,3/24/1999 9:24,STTD,1999,W,FALSE,CLD,NA,NA,13.9,0.16,NA,NA,NA,NA,NA,30,Regular,277707,299340,21633,21633,66.44764096,66.44764096,1,STTDD 011   End Meter reading was estimated from the 10mins reading (x3 for 30mins) NI,NA,Aquatic Insects,32,Family,Ceratopogonidae,Ceratopogonidae,NA,1,0.015,0.015,NA,NA,2,SAMP,NA,NA,NA,NA,NA,NA,2   NA   NA   NA,SAMP   NA   NA   NA
STTD_1999-03-24 09:24:00,3/24/1999 9:24,STTD,1999,W,FALSE,CLD,NA,NA,13.9,0.16,NA,NA,NA,NA,NA,30,Regular,277707,299340,21633,21633,66.44764096,66.44764096,1,STTDD 011   End Meter reading was estimated from the 10mins reading (x3 for 30mins) NI,NA,Aquatic Insects,34,Family,Chironomidae,Chironomidae,NA,15,0.226,0.226,NA,NA,2,SAMP,NA,NA,NA,NA,NA,NA,2   NA   NA   NA,SAMP   NA   NA   NA
STTD_1999-03-24 09:24:00,3/24/1999 9:24,STTD,1999,W,FALSE,CLD,NA,NA,13.9,0.16,NA,NA,NA,NA,NA,30,Regular,277707,299340,21633,21633,66.44764096,66.44764096,1,STTDD 011   End Meter reading was estimated from the 10mins reading (x3 for 30mins) NI,NA,Aquatic Non-Insects,20,Family,Physidae,Physidae,NA,1,0.015,0.015,NA,NA,2,SAMP,NA,NA,NA,NA,NA,NA,2   NA   NA   NA,SAMP   NA   NA   NA
SHR_1999-04-01 07:49:00,4/1/1999 7:49,SHR,1999,W,FALSE,CLR,NA,NA,11.7,0.3,NA,NA,NA,NA,NA,30,Regular,330931,348325,17394,17394,53.42718378,53.42718378,1,SHRD 014   End Meter reading was estimated from the 10mins reading (x3 for 30mins) NI,NA,Aquatic Non-Insects,4,Family,Naididae,Naididae,NA,6,0.112,0.112,NA,NA,2,SAMP,NA,NA,NA,NA,NA,NA,2   NA   NA   NA,SAMP   NA   NA   NA
SHR_1999-04-01 07:49:00,4/1/1999 7:49,SHR,1999,W,FALSE,CLR,NA,NA,11.7,0.3,NA,NA,NA,NA,NA,30,Regular,330931,348325,17394,17394,53.42718378,53.42718378,1,SHRD 014   End Meter reading was estimated from the 10mins reading (x3 for 30mins) NI,NA,Aquatic Non-Insects,8,Family,Sabellidae,Sabellidae,NA,1,0.019,0.019,NA,NA,2,SAMP,NA,NA,NA,NA,NA,NA,2   NA   NA   NA,SAMP   NA   NA   NA
SHR_1999-04-01 07:49:00,4/1/1999 7:49,SHR,1999,W,FALSE,CLR,NA,NA,11.7,0.3,NA,NA,NA,NA,NA,30,Regular,330931,348325,17394,17394,53.42718378,53.42718378,1,SHRD 014   End Meter reading was estimated from the 10mins reading (x3 for 30mins) NI,NA,Aquatic Insects,41,Family,Baetidae,Baetidae,NA,1,0.019,0.019,NA,NA,2,SAMP,NA,NA,NA,NA,NA,NA,2   NA   NA   NA,SAMP   NA   NA   NA
SHR_1999-04-01 07:49:00,4/1/1999 7:49,SHR,1999,W,FALSE,CLR,NA,NA,11.7,0.3,NA,NA,NA,NA,NA,30,Regular,330931,348325,17394,17394,53.42718378,53.42718378,1,SHRD 014   End Meter reading was estimated from the 10mins reading (x3 for 30mins) NI,NA,Aquatic Insects,43,Family,Heptageniidae,Heptageniidae,NA,1,0.019,0.019,NA,NA,2,SAMP,NA,NA,NA,NA,NA,NA,2   NA   NA   NA,SAMP   NA   NA   NA
SHR_1999-04-01 07:49:00,4/1/1999 7:49,SHR,1999,W,FALSE,CLR,NA,NA,11.7,0.3,NA,NA,NA,NA,NA,30,Regular,330931,348325,17394,17394,53.42718378,53.42718378,1,SHRD 014   End Meter reading was estimated from the 10mins reading (x3 for 30mins) NI,NA,Aquatic Insects,44,Family,Corixidae,Corixidae,NA,5,0.094,0.094,NA,NA,2,SAMP,NA,NA,NA,NA,NA,NA,2   NA   NA   NA,SAMP   NA   NA   NA
SHR_1999-04-01 07:49:00,4/1/1999 7:49,SHR,1999,W,FALSE,CLR,NA,NA,11.7,0.3,NA,NA,NA,NA,NA,30,Regular,330931,348325,17394,17394,53.42718378,53.42718378,1,SHRD 014   End Meter reading was estimated from the 10mins reading (x3 for 30mins) NI,NA,Aquatic Insects,32,Family,Ceratopogonidae,Ceratopogonidae,NA,1,0.019,0.019,NA,NA,2,SAMP,NA,NA,NA,NA,NA,NA,2   NA   NA   NA,SAMP   NA   NA   NA
SHR_1999-04-01 07:49:00,4/1/1999 7:49,SHR,1999,W,FALSE,CLR,NA,NA,11.7,0.3,NA,NA,NA,NA,NA,30,Regular,330931,348325,17394,17394,53.42718378,53.42718378,1,SHRD 014   End Meter reading was estimated from the 10mins reading (x3 for 30mins) NI,NA,Aquatic Insects,34,Family,Chironomidae,Chironomidae,NA,8,0.15,0.15,NA,NA,2,SAMP,NA,NA,NA,NA,NA,NA,2   NA   NA   NA,SAMP   NA   NA   NA
SHR_1999-04-01 07:49:00,4/1/1999 7:49,SHR,1999,W,FALSE,CLR,NA,NA,11.7,0.3,NA,NA,NA,NA,NA,30,Regular,330931,348325,17394,17394,53.42718378,53.42718378,1,SHRD 014   End Meter reading was estimated from the 10mins reading (x3 for 30mins) NI,NA,Aquatic Insects,38,Family,Simuliidae,Simuliidae,NA,3,0.056,0.056,NA,NA,2,SAMP,NA,NA,NA,NA,NA,NA,2   NA   NA   NA,SAMP   NA   NA   NA
SHR_1999-04-01 07:49:00,4/1/1999 7:49,SHR,1999,W,FALSE,CLR,NA,NA,11.7,0.3,NA,NA,NA,NA,NA,30,Regular,330931,348325,17394,17394,53.42718378,53.42718378,1,SHRD 014   End Meter reading was estimated from the 10mins reading (x3 for 30mins) NI,NA,Terrestrial Insects,67,Order,Psocoptera,Psocoptera,NA,1,0.019,0.019,NA,NA,2,SAMP,NA,NA,NA,NA,NA,NA,2   NA   NA   NA,SAMP   NA   NA   NA
SHR_1999-04-01 07:49:00,4/1/1999 7:49,SHR,1999,W,FALSE,CLR,NA,NA,11.7,0.3,NA,NA,NA,NA,NA,30,Regular,330931,348325,17394,17394,53.42718378,53.42718378,1,SHRD 014   End Meter reading was estimated from the 10mins reading (x3 for 30mins) NI,NA,Terrestrial Insects,63,Order,Coleoptera,Coleoptera,NA,1,0.019,0.019,NA,NA,2,SAMP,NA,NA,NA,NA,NA,NA,2   NA   NA   NA,SAMP   NA   NA   NA
STTD_1999-04-01 09:28:00,4/1/1999 9:28,STTD,1999,W,FALSE,CLR,NA,NA,12.2,0.17,NA,NA,NA,NA,NA,30,Regular,336720,412542,75822,22926,232.8938674,70.41920291,1,STTDD 014   End Meter reading was estimated from the 10mins reading (x3 for 30mins) NI,NA,Aquatic Non-Insects,18,Family,Hydridae,Hydridae,NA,2,0.009,0.028,NA,NA,2,SAMP,NA,NA,3,FM,NA,NA,2   NA   3   NA,SAMP   NA   FM   NA
STTD_1999-04-01 09:28:00,4/1/1999 9:28,STTD,1999,W,FALSE,CLR,NA,NA,12.2,0.17,NA,NA,NA,NA,NA,30,Regular,336720,412542,75822,22926,232.8938674,70.41920291,1,STTDD 014   End Meter reading was estimated from the 10mins reading (x3 for 30mins) NI,NA,Aquatic Non-Insects,4,Family,Naididae,Naididae,NA,14,0.06,0.199,NA,NA,2,SAMP,NA,NA,3,FM,NA,NA,2   NA   3   NA,SAMP   NA   FM   NA
STTD_1999-04-01 09:28:00,4/1/1999 9:28,STTD,1999,W,FALSE,CLR,NA,NA,12.2,0.17,NA,NA,NA,NA,NA,30,Regular,336720,412542,75822,22926,232.8938674,70.41920291,1,STTDD 014   End Meter reading was estimated from the 10mins reading (x3 for 30mins) NI,NA,Aquatic Non-Insects,7,Order,Cyclopoida,Cyclopoid,NA,1,0.004,0.014,NA,NA,2,SAMP,NA,NA,3,FM,NA,NA,2   NA   3   NA,SAMP   NA   FM   NA
STTD_1999-04-01 09:28:00,4/1/1999 9:28,STTD,1999,W,FALSE,CLR,NA,NA,12.2,0.17,NA,NA,NA,NA,NA,30,Regular,336720,412542,75822,22926,232.8938674,70.41920291,1,STTDD 014   End Meter reading was estimated from the 10mins reading (x3 for 30mins) NI,NA,Aquatic Non-Insects,154,Order,Cyclopoida,Cyclopoid,NA,1,0.004,0.014,NA,NA,2,SAMP,NA,NA,3,FM,NA,NA,2   NA   3   NA,SAMP   NA   FM   NA
STTD_1999-04-01 09:28:00,4/1/1999 9:28,STTD,1999,W,FALSE,CLR,NA,NA,12.2,0.17,NA,NA,NA,NA,NA,30,Regular,336720,412542,75822,22926,232.8938674,70.41920291,1,STTDD 014   End Meter reading was estimated from the 10mins reading (x3 for 30mins) NI,NA,Aquatic Non-Insects,7,Family,Nereididae,Nereididae,NA,1,0.004,0.014,NA,NA,2,SAMP,NA,NA,3,FM,NA,NA,2   NA   3   NA,SAMP   NA   FM   NA
STTD_1999-04-01 09:28:00,4/1/1999 9:28,STTD,1999,W,FALSE,CLR,NA,NA,12.2,0.17,NA,NA,NA,NA,NA,30,Regular,336720,412542,75822,22926,232.8938674,70.41920291,1,STTDD 014   End Meter reading was estimated from the 10mins reading (x3 for 30mins) NI,NA,Aquatic Non-Insects,14,Family,Cyprididae,Cyprididae,NA,1,0.004,0.014,NA,NA,2,SAMP,NA,NA,3,FM,NA,NA,2   NA   3   NA,SAMP   NA   FM   NA
STTD_1999-04-01 09:28:00,4/1/1999 9:28,STTD,1999,W,FALSE,CLR,NA,NA,12.2,0.17,NA,NA,NA,NA,NA,30,Regular,336720,412542,75822,22926,232.8938674,70.41920291,1,STTDD 014   End Meter reading was estimated from the 10mins reading (x3 for 30mins) NI,NA,Aquatic Non-Insects,9,Family,Corophiidae,Corophiidae,NA,4,0.017,0.057,NA,NA,2,SAMP,NA,NA,3,FM,NA,NA,2   NA   3   NA,SAMP   NA   FM   NA
STTD_1999-04-01 09:28:00,4/1/1999 9:28,STTD,1999,W,FALSE,CLR,NA,NA,12.2,0.17,NA,NA,NA,NA,NA,30,Regular,336720,412542,75822,22926,232.8938674,70.41920291,1,STTDD 014   End Meter reading was estimated from the 10mins reading (x3 for 30mins) NI,NA,Aquatic Non-Insects,10,Family,Crangonyctidae,Crangonyctidae,NA,76,0.326,1.079,NA,NA,2,SAMP,NA,NA,3,FM,NA,NA,2   NA   3   NA,SAMP   NA   FM   NA
STTD_1999-04-01 09:28:00,4/1/1999 9:28,STTD,1999,W,FALSE,CLR,NA,NA,12.2,0.17,NA,NA,NA,NA,NA,30,Regular,336720,412542,75822,22926,232.8938674,70.41920291,1,STTDD 014   End Meter reading was estimated from the 10mins reading (x3 for 30mins) NI,NA,Aquatic Insects,46,Family,Coenagrionidae,Coenagrionidae,NA,1,0.004,0.014,NA,NA,2,SAMP,NA,NA,3,FM,NA,NA,2   NA   3   NA,SAMP   NA   FM   NA
STTD_1999-04-01 09:28:00,4/1/1999 9:28,STTD,1999,W,FALSE,CLR,NA,NA,12.2,0.17,NA,NA,NA,NA,NA,30,Regular,336720,412542,75822,22926,232.8938674,70.41920291,1,STTDD 014   End Meter reading was estimated from the 10mins reading (x3 for 30mins) NI,NA,Aquatic Insects,47,Family,Libellulidae,Libellulidae,NA,1,0.004,0.014,NA,NA,2,SAMP,NA,NA,3,FM,NA,NA,2   NA   3   NA,SAMP   NA   FM   NA
STTD_1999-04-01 09:28:00,4/1/1999 9:28,STTD,1999,W,FALSE,CLR,NA,NA,12.2,0.17,NA,NA,NA,NA,NA,30,Regular,336720,412542,75822,22926,232.8938674,70.41920291,1,STTDD 014   End Meter reading was estimated from the 10mins reading (x3 for 30mins) NI,NA,Aquatic Insects,44,Family,Corixidae,Corixidae,NA,191,0.82,2.712,NA,NA,2,SAMP,NA,NA,3,FM,NA,NA,2   NA   3   NA,SAMP   NA   FM   NA
STTD_1999-04-01 09:28:00,4/1/1999 9:28,STTD,1999,W,FALSE,CLR,NA,NA,12.2,0.17,NA,NA,NA,NA,NA,30,Regular,336720,412542,75822,22926,232.8938674,70.41920291,1,STTDD 014   End Meter reading was estimated from the 10mins reading (x3 for 30mins) NI,NA,Aquatic Insects,32,Family,Ceratopogonidae,Ceratopogonidae,NA,2,0.009,0.028,NA,NA,2,SAMP,NA,NA,3,FM,NA,NA,2   NA   3   NA,SAMP   NA   FM   NA
STTD_1999-04-01 09:28:00,4/1/1999 9:28,STTD,1999,W,FALSE,CLR,NA,NA,12.2,0.17,NA,NA,NA,NA,NA,30,Regular,336720,412542,75822,22926,232.8938674,70.41920291,1,STTDD 014   End Meter reading was estimated from the 10mins reading (x3 for 30mins) NI,NA,Aquatic Insects,34,Family,Chironomidae,Chironomidae,NA,84,0.361,1.193,NA,NA,2,SAMP,NA,NA,3,FM,NA,NA,2   NA   3   NA,SAMP   NA   FM   NA
STTD_1999-04-01 09:28:00,4/1/1999 9:28,STTD,1999,W,FALSE,CLR,NA,NA,12.2,0.17,NA,NA,NA,NA,NA,30,Regular,336720,412542,75822,22926,232.8938674,70.41920291,1,STTDD 014   End Meter reading was estimated from the 10mins reading (x3 for 30mins) NI,NA,Aquatic Insects,36,Family,Ephydridae,Ephydridae,NA,1,0.004,0.014,NA,NA,2,SAMP,NA,NA,3,FM,NA,NA,2   NA   3   NA,SAMP   NA   FM   NA
STTD_1999-04-01 09:28:00,4/1/1999 9:28,STTD,1999,W,FALSE,CLR,NA,NA,12.2,0.17,NA,NA,NA,NA,NA,30,Regular,336720,412542,75822,22926,232.8938674,70.41920291,1,STTDD 014   End Meter reading was estimated from the 10mins reading (x3 for 30mins) NI,NA,Aquatic Non-Insects,20,Family,Physidae,Physidae,NA,4,0.017,0.057,NA,NA,2,SAMP,NA,NA,3,FM,NA,NA,2   NA   3   NA,SAMP   NA   FM   NA
STTD_1999-04-01 09:28:00,4/1/1999 9:28,STTD,1999,W,FALSE,CLR,NA,NA,12.2,0.17,NA,NA,NA,NA,NA,30,Regular,336720,412542,75822,22926,232.8938674,70.41920291,1,STTDD 014   End Meter reading was estimated from the 10mins reading (x3 for 30mins) NI,NA,Terrestrial Non-Insects,68,Order,Collembola,Collembola,NA,1,0.004,0.014,NA,NA,2,SAMP,NA,NA,3,FM,NA,NA,2   NA   3   NA,SAMP   NA   FM   NA
STTD_1999-04-01 09:28:00,4/1/1999 9:28,STTD,1999,W,FALSE,CLR,NA,NA,12.2,0.17,NA,NA,NA,NA,NA,30,Regular,336720,412542,75822,22926,232.8938674,70.41920291,1,STTDD 014   End Meter reading was estimated from the 10mins reading (x3 for 30mins) NI,NA,Terrestrial Insects,63,Order,Coleoptera,Coleoptera,NA,2,0.009,0.028,NA,NA,2,SAMP,NA,NA,3,FM,NA,NA,2   NA   3   NA,SAMP   NA   FM   NA
SHR_1999-04-14 07:45:00,4/14/1999 7:45,SHR,1999,W,FALSE,NA,NA,NA,13.3,0.22,NA,NA,NA,NA,NA,30,Regular,400580,416723,16143,16143,49.58462848,49.58462848,1,SHRD 017   End Meter reading was estimated from the 10mins reading (x3 for 30mins) NI,NA,Aquatic Insects,44,Family,Corixidae,Corixidae,NA,52,1.049,1.049,NA,NA,2,SAMP,NA,NA,NA,NA,NA,NA,2   NA   NA   NA,SAMP   NA   NA   NA
SHR_1999-04-14 07:45:00,4/14/1999 7:45,SHR,1999,W,FALSE,NA,NA,NA,13.3,0.22,NA,NA,NA,NA,NA,30,Regular,400580,416723,16143,16143,49.58462848,49.58462848,1,SHRD 017   End Meter reading was estimated from the 10mins reading (x3 for 30mins) NI,NA,Aquatic Insects,34,Family,Chironomidae,Chironomidae,NA,6,0.121,0.121,NA,NA,2,SAMP,NA,NA,NA,NA,NA,NA,2   NA   NA   NA,SAMP   NA   NA   NA
SHR_1999-04-14 07:45:00,4/14/1999 7:45,SHR,1999,W,FALSE,NA,NA,NA,13.3,0.22,NA,NA,NA,NA,NA,30,Regular,400580,416723,16143,16143,49.58462848,49.58462848,1,SHRD 017   End Meter reading was estimated from the 10mins reading (x3 for 30mins) NI,NA,Aquatic Insects,38,Family,Simuliidae,Simuliidae,NA,4,0.081,0.081,NA,NA,2,SAMP,NA,NA,NA,NA,NA,NA,2   NA   NA   NA,SAMP   NA   NA   NA
SHR_1999-04-14 07:45:00,4/14/1999 7:45,SHR,1999,W,FALSE,NA,NA,NA,13.3,0.22,NA,NA,NA,NA,NA,30,Regular,400580,416723,16143,16143,49.58462848,49.58462848,1,SHRD 017   End Meter reading was estimated from the 10mins reading (x3 for 30mins) NI,NA,Aquatic Insects,39,Family,Tipulidae,Tipulidae,NA,1,0.02,0.02,NA,NA,2,SAMP,NA,NA,NA,NA,NA,NA,2   NA   NA   NA,SAMP   NA   NA   NA
SHR_1999-04-14 07:45:00,4/14/1999 7:45,SHR,1999,W,FALSE,NA,NA,NA,13.3,0.22,NA,NA,NA,NA,NA,30,Regular,400580,416723,16143,16143,49.58462848,49.58462848,1,SHRD 017   End Meter reading was estimated from the 10mins reading (x3 for 30mins) NI,NA,Terrestrial Non-Insects,68,Order,Collembola,Collembola,NA,1,0.02,0.02,NA,NA,2,SAMP,NA,NA,NA,NA,NA,NA,2   NA   NA   NA,SAMP   NA   NA   NA
SHR_1999-04-14 07:45:00,4/14/1999 7:45,SHR,1999,W,FALSE,NA,NA,NA,13.3,0.22,NA,NA,NA,NA,NA,30,Regular,400580,416723,16143,16143,49.58462848,49.58462848,1,SHRD 017   End Meter reading was estimated from the 10mins reading (x3 for 30mins) NI,NA,Terrestrial Insects,63,Order,Coleoptera,Coleoptera,NA,1,0.02,0.02,NA,NA,2,SAMP,NA,NA,NA,NA,NA,NA,2   NA   NA   NA,SAMP   NA   NA   NA
SHR_1999-04-14 07:45:00,4/14/1999 7:45,SHR,1999,W,FALSE,NA,NA,NA,13.3,0.22,NA,NA,NA,NA,NA,30,Regular,400580,416723,16143,16143,49.58462848,49.58462848,1,SHRD 017   End Meter reading was estimated from the 10mins reading (x3 for 30mins) NI,NA,Terrestrial Non-Insects,58,Suborder,Araneida,Araneida,NA,1,0.02,0.02,NA,NA,2,SAMP,NA,NA,NA,NA,NA,NA,2   NA   NA   NA,SAMP   NA   NA   NA
STTD_1999-04-14 09:22:00,4/14/1999 9:22,STTD,1999,W,FALSE,CLR,NA,NA,17.2,0.16,NA,NA,NA,NA,NA,30,Regular,405980,470873,64893,22926,199.3244933,70.41920291,1,STTDD 017   End Meter reading was estimated from the 10mins reading (x3 for 30mins) NI,NA,Aquatic Non-Insects,18,Family,Hydridae,Hydridae,NA,22,0.11,0.312,NA,NA,2,SAMP,NA,NA,3,FM,NA,NA,2   NA   3   NA,SAMP   NA   FM   NA
STTD_1999-04-14 09:22:00,4/14/1999 9:22,STTD,1999,W,FALSE,CLR,NA,NA,17.2,0.16,NA,NA,NA,NA,NA,30,Regular,405980,470873,64893,22926,199.3244933,70.41920291,1,STTDD 017   End Meter reading was estimated from the 10mins reading (x3 for 30mins) NI,NA,Aquatic Non-Insects,24,Family,Mermithidae,Mermithidae,NA,3,0.015,0.043,NA,NA,2,SAMP,NA,NA,3,FM,NA,NA,2   NA   3   NA,SAMP   NA   FM   NA
STTD_1999-04-14 09:22:00,4/14/1999 9:22,STTD,1999,W,FALSE,CLR,NA,NA,17.2,0.16,NA,NA,NA,NA,NA,30,Regular,405980,470873,64893,22926,199.3244933,70.41920291,1,STTDD 017   End Meter reading was estimated from the 10mins reading (x3 for 30mins) NI,NA,Aquatic Non-Insects,4,Family,Naididae,Naididae,NA,25,0.125,0.355,NA,NA,2,SAMP,NA,NA,3,FM,NA,NA,2   NA   3   NA,SAMP   NA   FM   NA
STTD_1999-04-14 09:22:00,4/14/1999 9:22,STTD,1999,W,FALSE,CLR,NA,NA,17.2,0.16,NA,NA,NA,NA,NA,30,Regular,405980,470873,64893,22926,199.3244933,70.41920291,1,STTDD 017   End Meter reading was estimated from the 10mins reading (x3 for 30mins) NI,NA,Aquatic Non-Insects,2,Family,Enchytraeidae,Enchytraeidae,NA,2,0.01,0.028,NA,NA,2,SAMP,NA,NA,3,FM,NA,NA,2   NA   3   NA,SAMP   NA   FM   NA
STTD_1999-04-14 09:22:00,4/14/1999 9:22,STTD,1999,W,FALSE,CLR,NA,NA,17.2,0.16,NA,NA,NA,NA,NA,30,Regular,405980,470873,64893,22926,199.3244933,70.41920291,1,STTDD 017   End Meter reading was estimated from the 10mins reading (x3 for 30mins) NI,NA,Aquatic Non-Insects,13,Family,Mysidae,Mysidae,NA,1,0.005,0.014,NA,NA,2,SAMP,NA,NA,3,FM,NA,NA,2   NA   3   NA,SAMP   NA   FM   NA
STTD_1999-04-14 09:22:00,4/14/1999 9:22,STTD,1999,W,FALSE,CLR,NA,NA,17.2,0.16,NA,NA,NA,NA,NA,30,Regular,405980,470873,64893,22926,199.3244933,70.41920291,1,STTDD 017   End Meter reading was estimated from the 10mins reading (x3 for 30mins) NI,NA,Aquatic Non-Insects,14,Family,Cyprididae,Cyprididae,NA,1,0.005,0.014,NA,NA,2,SAMP,NA,NA,3,FM,NA,NA,2   NA   3   NA,SAMP   NA   FM   NA
STTD_1999-04-14 09:22:00,4/14/1999 9:22,STTD,1999,W,FALSE,CLR,NA,NA,17.2,0.16,NA,NA,NA,NA,NA,30,Regular,405980,470873,64893,22926,199.3244933,70.41920291,1,STTDD 017   End Meter reading was estimated from the 10mins reading (x3 for 30mins) NI,NA,Aquatic Non-Insects,9,Family,Corophiidae,Corophiidae,NA,16,0.08,0.227,NA,NA,2,SAMP,NA,NA,3,FM,NA,NA,2   NA   3   NA,SAMP   NA   FM   NA
STTD_1999-04-14 09:22:00,4/14/1999 9:22,STTD,1999,W,FALSE,CLR,NA,NA,17.2,0.16,NA,NA,NA,NA,NA,30,Regular,405980,470873,64893,22926,199.3244933,70.41920291,1,STTDD 017   End Meter reading was estimated from the 10mins reading (x3 for 30mins) NI,NA,Aquatic Non-Insects,10,Family,Crangonyctidae,Crangonyctidae,NA,35,0.176,0.497,NA,NA,2,SAMP,NA,NA,3,FM,NA,NA,2   NA   3   NA,SAMP   NA   FM   NA
STTD_1999-04-14 09:22:00,4/14/1999 9:22,STTD,1999,W,FALSE,CLR,NA,NA,17.2,0.16,NA,NA,NA,NA,NA,30,Regular,405980,470873,64893,22926,199.3244933,70.41920291,1,STTDD 017   End Meter reading was estimated from the 10mins reading (x3 for 30mins) NI,NA,Aquatic Insects,41,Family,Baetidae,Baetidae,NA,6,0.03,0.085,NA,NA,2,SAMP,NA,NA,3,FM,NA,NA,2   NA   3   NA,SAMP   NA   FM   NA
STTD_1999-04-14 09:22:00,4/14/1999 9:22,STTD,1999,W,FALSE,CLR,NA,NA,17.2,0.16,NA,NA,NA,NA,NA,30,Regular,405980,470873,64893,22926,199.3244933,70.41920291,1,STTDD 017   End Meter reading was estimated from the 10mins reading (x3 for 30mins) NI,NA,Aquatic Insects,40,Family,Caenidae,Caenidae,NA,2,0.01,0.028,NA,NA,2,SAMP,NA,NA,3,FM,NA,NA,2   NA   3   NA,SAMP   NA   FM   NA
STTD_1999-04-14 09:22:00,4/14/1999 9:22,STTD,1999,W,FALSE,CLR,NA,NA,17.2,0.16,NA,NA,NA,NA,NA,30,Regular,405980,470873,64893,22926,199.3244933,70.41920291,1,STTDD 017   End Meter reading was estimated from the 10mins reading (x3 for 30mins) NI,NA,Aquatic Insects,43,Family,Heptageniidae,Heptageniidae,NA,2,0.01,0.028,NA,NA,2,SAMP,NA,NA,3,FM,NA,NA,2   NA   3   NA,SAMP   NA   FM   NA
STTD_1999-04-14 09:22:00,4/14/1999 9:22,STTD,1999,W,FALSE,CLR,NA,NA,17.2,0.16,NA,NA,NA,NA,NA,30,Regular,405980,470873,64893,22926,199.3244933,70.41920291,1,STTDD 017   End Meter reading was estimated from the 10mins reading (x3 for 30mins) NI,NA,Aquatic Insects,46,Family,Coenagrionidae,Coenagrionidae,NA,3,0.015,0.043,NA,NA,2,SAMP,NA,NA,3,FM,NA,NA,2   NA   3   NA,SAMP   NA   FM   NA
STTD_1999-04-14 09:22:00,4/14/1999 9:22,STTD,1999,W,FALSE,CLR,NA,NA,17.2,0.16,NA,NA,NA,NA,NA,30,Regular,405980,470873,64893,22926,199.3244933,70.41920291,1,STTDD 017   End Meter reading was estimated from the 10mins reading (x3 for 30mins) NI,NA,Aquatic Insects,44,Family,Corixidae,Corixidae,NA,162,0.813,2.301,NA,NA,2,SAMP,NA,NA,3,FM,NA,NA,2   NA   3   NA,SAMP   NA   FM   NA
STTD_1999-04-14 09:22:00,4/14/1999 9:22,STTD,1999,W,FALSE,CLR,NA,NA,17.2,0.16,NA,NA,NA,NA,NA,30,Regular,405980,470873,64893,22926,199.3244933,70.41920291,1,STTDD 017   End Meter reading was estimated from the 10mins reading (x3 for 30mins) NI,NA,Aquatic Insects,32,Family,Ceratopogonidae,Ceratopogonidae,NA,4,0.02,0.057,NA,NA,2,SAMP,NA,NA,3,FM,NA,NA,2   NA   3   NA,SAMP   NA   FM   NA
STTD_1999-04-14 09:22:00,4/14/1999 9:22,STTD,1999,W,FALSE,CLR,NA,NA,17.2,0.16,NA,NA,NA,NA,NA,30,Regular,405980,470873,64893,22926,199.3244933,70.41920291,1,STTDD 017   End Meter reading was estimated from the 10mins reading (x3 for 30mins) NI,NA,Aquatic Insects,34,Family,Chironomidae,Chironomidae,NA,100,0.502,1.42,NA,NA,2,SAMP,NA,NA,3,FM,NA,NA,2   NA   3   NA,SAMP   NA   FM   NA
STTD_1999-04-14 09:22:00,4/14/1999 9:22,STTD,1999,W,FALSE,CLR,NA,NA,17.2,0.16,NA,NA,NA,NA,NA,30,Regular,405980,470873,64893,22926,199.3244933,70.41920291,1,STTDD 017   End Meter reading was estimated from the 10mins reading (x3 for 30mins) NI,NA,Aquatic Non-Insects,27,Family,Eylaidae,Eylaidae,NA,1,0.005,0.014,NA,NA,2,SAMP,NA,NA,3,FM,NA,NA,2   NA   3   NA,SAMP   NA   FM   NA
STTD_1999-04-14 09:22:00,4/14/1999 9:22,STTD,1999,W,FALSE,CLR,NA,NA,17.2,0.16,NA,NA,NA,NA,NA,30,Regular,405980,470873,64893,22926,199.3244933,70.41920291,1,STTDD 017   End Meter reading was estimated from the 10mins reading (x3 for 30mins) NI,NA,Terrestrial Non-Insects,68,Order,Collembola,Collembola,NA,1,0.005,0.014,NA,NA,2,SAMP,NA,NA,3,FM,NA,NA,2   NA   3   NA,SAMP   NA   FM   NA
STTD_1999-04-14 09:22:00,4/14/1999 9:22,STTD,1999,W,FALSE,CLR,NA,NA,17.2,0.16,NA,NA,NA,NA,NA,30,Regular,405980,470873,64893,22926,199.3244933,70.41920291,1,STTDD 017   End Meter reading was estimated from the 10mins reading (x3 for 30mins) NI,NA,Terrestrial Insects,67,Order,Psocoptera,Psocoptera,NA,2,0.01,0.028,NA,NA,2,SAMP,NA,NA,3,FM,NA,NA,2   NA   3   NA,SAMP   NA   FM   NA
STTD_1999-04-14 09:22:00,4/14/1999 9:22,STTD,1999,W,FALSE,CLR,NA,NA,17.2,0.16,NA,NA,NA,NA,NA,30,Regular,405980,470873,64893,22926,199.3244933,70.41920291,1,STTDD 017   End Meter reading was estimated from the 10mins reading (x3 for 30mins) NI,NA,Terrestrial Insects,63,Order,Coleoptera,Coleoptera,NA,2,0.01,0.028,NA,NA,2,SAMP,NA,NA,3,FM,NA,NA,2   NA   3   NA,SAMP   NA   FM   NA
STTD_1999-04-14 09:22:00,4/14/1999 9:22,STTD,1999,W,FALSE,CLR,NA,NA,17.2,0.16,NA,NA,NA,NA,NA,30,Regular,405980,470873,64893,22926,199.3244933,70.41920291,1,STTDD 017   End Meter reading was estimated from the 10mins reading (x3 for 30mins) NI,NA,Terrestrial Insects,66,Order,Hymenoptera,Hymenoptera,NA,1,0.005,0.014,NA,NA,2,SAMP,NA,NA,3,FM,NA,NA,2   NA   3   NA,SAMP   NA   FM   NA
SHR_1999-04-27 07:48:00,4/27/1999 7:48,SHR,1999,W,FALSE,CLR,NA,NA,15,0.53,NA,NA,NA,NA,NA,30,Regular,475432,475439,7,36354,0.021501109,111.6644728,1,SHRD 018,NA,Aquatic Non-Insects,18,Family,Hydridae,Hydridae,NA,1,46.509,0.009,NA,NA,NA,NA,NA,NA,3,FM,NA,NA,NA   NA   3   NA,NA   NA   FM   NA
SHR_1999-04-27 07:48:00,4/27/1999 7:48,SHR,1999,W,FALSE,CLR,NA,NA,15,0.53,NA,NA,NA,NA,NA,30,Regular,475432,475439,7,36354,0.021501109,111.6644728,1,SHRD 018,NA,Aquatic Non-Insects,4,Family,Naididae,Naididae,NA,3,139.528,0.027,NA,NA,NA,NA,NA,NA,3,FM,NA,NA,NA   NA   3   NA,NA   NA   FM   NA
SHR_1999-04-27 07:48:00,4/27/1999 7:48,SHR,1999,W,FALSE,CLR,NA,NA,15,0.53,NA,NA,NA,NA,NA,30,Regular,475432,475439,7,36354,0.021501109,111.6644728,1,SHRD 018,NA,Aquatic Non-Insects,9,Family,Corophiidae,Corophiidae,NA,1,46.509,0.009,NA,NA,NA,NA,NA,NA,3,FM,NA,NA,NA   NA   3   NA,NA   NA   FM   NA
SHR_1999-04-27 07:48:00,4/27/1999 7:48,SHR,1999,W,FALSE,CLR,NA,NA,15,0.53,NA,NA,NA,NA,NA,30,Regular,475432,475439,7,36354,0.021501109,111.6644728,1,SHRD 018,NA,Aquatic Insects,32,Family,Ceratopogonidae,Ceratopogonidae,NA,1,46.509,0.009,NA,NA,NA,NA,NA,NA,3,FM,NA,NA,NA   NA   3   NA,NA   NA   FM   NA
SHR_1999-04-27 07:48:00,4/27/1999 7:48,SHR,1999,W,FALSE,CLR,NA,NA,15,0.53,NA,NA,NA,NA,NA,30,Regular,475432,475439,7,36354,0.021501109,111.6644728,1,SHRD 018,NA,Aquatic Insects,34,Family,Chironomidae,Chironomidae,NA,7,325.565,0.063,NA,NA,NA,NA,NA,NA,3,FM,NA,NA,NA   NA   3   NA,NA   NA   FM   NA
SHR_1999-04-27 07:48:00,4/27/1999 7:48,SHR,1999,W,FALSE,CLR,NA,NA,15,0.53,NA,NA,NA,NA,NA,30,Regular,475432,475439,7,36354,0.021501109,111.6644728,1,SHRD 018,NA,Aquatic Insects,35,Family,Empididae,Empididae,NA,1,46.509,0.009,NA,NA,NA,NA,NA,NA,3,FM,NA,NA,NA   NA   3   NA,NA   NA   FM   NA
SHR_1999-04-27 07:48:00,4/27/1999 7:48,SHR,1999,W,FALSE,CLR,NA,NA,15,0.53,NA,NA,NA,NA,NA,30,Regular,475432,475439,7,36354,0.021501109,111.6644728,1,SHRD 018,NA,Aquatic Non-Insects,19,Family,Corbiculidae,Corbiculidae,NA,11,511.602,0.099,NA,NA,NA,NA,NA,NA,3,FM,NA,NA,NA   NA   3   NA,NA   NA   FM   NA
STTD_1999-04-27 09:30:00,4/27/1999 9:30,STTD,1999,W,FALSE,CLR,NA,NA,16.1,0.15,NA,NA,NA,NA,NA,10,Regular,475446,494609,19163,19163,58.86082114,58.86082114,NA,STTDL 018,NA,Aquatic Non-Insects,18,Family,Hydridae,Hydridae,NA,14,0.238,0.238,NA,NA,NA,NA,NA,NA,NA,NA,NA,NA,NA   NA   NA   NA,NA   NA   NA   NA
STTD_1999-04-27 09:30:00,4/27/1999 9:30,STTD,1999,W,FALSE,CLR,NA,NA,16.1,0.15,NA,NA,NA,NA,NA,10,Regular,475446,494609,19163,19163,58.86082114,58.86082114,NA,STTDL 018,NA,Aquatic Non-Insects,4,Family,Naididae,Naididae,NA,8,0.136,0.136,NA,NA,NA,NA,NA,NA,NA,NA,NA,NA,NA   NA   NA   NA,NA   NA   NA   NA
STTD_1999-04-27 09:30:00,4/27/1999 9:30,STTD,1999,W,FALSE,CLR,NA,NA,16.1,0.15,NA,NA,NA,NA,NA,10,Regular,475446,494609,19163,19163,58.86082114,58.86082114,NA,STTDL 018,NA,Aquatic Non-Insects,13,Family,Mysidae,Mysidae,NA,1,0.017,0.017,NA,NA,NA,NA,NA,NA,NA,NA,NA,NA,NA   NA   NA   NA,NA   NA   NA   NA
STTD_1999-04-27 09:30:00,4/27/1999 9:30,STTD,1999,W,FALSE,CLR,NA,NA,16.1,0.15,NA,NA,NA,NA,NA,10,Regular,475446,494609,19163,19163,58.86082114,58.86082114,NA,STTDL 018,NA,Aquatic Non-Insects,9,Family,Corophiidae,Corophiidae,NA,4,0.068,0.068,NA,NA,NA,NA,NA,NA,NA,NA,NA,NA,NA   NA   NA   NA,NA   NA   NA   NA
STTD_1999-04-27 09:30:00,4/27/1999 9:30,STTD,1999,W,FALSE,CLR,NA,NA,16.1,0.15,NA,NA,NA,NA,NA,10,Regular,475446,494609,19163,19163,58.86082114,58.86082114,NA,STTDL 018,NA,Aquatic Non-Insects,10,Family,Crangonyctidae,Crangonyctidae,NA,6,0.102,0.102,NA,NA,NA,NA,NA,NA,NA,NA,NA,NA,NA   NA   NA   NA,NA   NA   NA   NA
STTD_1999-04-27 09:30:00,4/27/1999 9:30,STTD,1999,W,FALSE,CLR,NA,NA,16.1,0.15,NA,NA,NA,NA,NA,10,Regular,475446,494609,19163,19163,58.86082114,58.86082114,NA,STTDL 018,NA,Aquatic Insects,43,Family,Heptageniidae,Heptageniidae,NA,1,0.017,0.017,NA,NA,NA,NA,NA,NA,NA,NA,NA,NA,NA   NA   NA   NA,NA   NA   NA   NA
STTD_1999-04-27 09:30:00,4/27/1999 9:30,STTD,1999,W,FALSE,CLR,NA,NA,16.1,0.15,NA,NA,NA,NA,NA,10,Regular,475446,494609,19163,19163,58.86082114,58.86082114,NA,STTDL 018,NA,Aquatic Insects,46,Family,Coenagrionidae,Coenagrionidae,NA,1,0.017,0.017,NA,NA,NA,NA,NA,NA,NA,NA,NA,NA,NA   NA   NA   NA,NA   NA   NA   NA
STTD_1999-04-27 09:30:00,4/27/1999 9:30,STTD,1999,W,FALSE,CLR,NA,NA,16.1,0.15,NA,NA,NA,NA,NA,10,Regular,475446,494609,19163,19163,58.86082114,58.86082114,NA,STTDL 018,NA,Aquatic Insects,44,Family,Corixidae,Corixidae,NA,24,0.408,0.408,NA,NA,NA,NA,NA,NA,NA,NA,NA,NA,NA   NA   NA   NA,NA   NA   NA   NA
STTD_1999-04-27 09:30:00,4/27/1999 9:30,STTD,1999,W,FALSE,CLR,NA,NA,16.1,0.15,NA,NA,NA,NA,NA,10,Regular,475446,494609,19163,19163,58.86082114,58.86082114,NA,STTDL 018,NA,Aquatic Insects,33,Family,Chaoboridae,Chaoboridae,NA,1,0.017,0.017,NA,NA,NA,NA,NA,NA,NA,NA,NA,NA,NA   NA   NA   NA,NA   NA   NA   NA
STTD_1999-04-27 09:30:00,4/27/1999 9:30,STTD,1999,W,FALSE,CLR,NA,NA,16.1,0.15,NA,NA,NA,NA,NA,10,Regular,475446,494609,19163,19163,58.86082114,58.86082114,NA,STTDL 018,NA,Aquatic Insects,34,Family,Chironomidae,Chironomidae,NA,16,0.272,0.272,NA,NA,NA,NA,NA,NA,NA,NA,NA,NA,NA   NA   NA   NA,NA   NA   NA   NA
SHR_2000-02-10 11:00:00,2/10/2000 11:00,SHR,2000,W,TRUE,RAN,NA,NA,NA,NA,NA,NA,NA,NA,NA,25,Regular,478222,484217,5995,5995,18.41416389,18.41416389,NA,NA,NA,Aquatic Non-Insects,18,Family,Hydridae,Hydridae,NA,2,0.109,0.109,NA,NA,NA,NA,NA,NA,NA,NA,NA,NA,NA   NA   NA   NA,NA   NA   NA   NA
SHR_2000-02-10 11:00:00,2/10/2000 11:00,SHR,2000,W,TRUE,RAN,NA,NA,NA,NA,NA,NA,NA,NA,NA,25,Regular,478222,484217,5995,5995,18.41416389,18.41416389,NA,NA,NA,Aquatic Non-Insects,4,Family,Naididae,Naididae,NA,8,0.434,0.434,NA,NA,NA,NA,NA,NA,NA,NA,NA,NA,NA   NA   NA   NA,NA   NA   NA   NA
SHR_2000-02-10 11:00:00,2/10/2000 11:00,SHR,2000,W,TRUE,RAN,NA,NA,NA,NA,NA,NA,NA,NA,NA,25,Regular,478222,484217,5995,5995,18.41416389,18.41416389,NA,NA,NA,Aquatic Non-Insects,8,Family,Sabellidae,Sabellidae,NA,1,0.054,0.054,NA,NA,NA,NA,NA,NA,NA,NA,NA,NA,NA   NA   NA   NA,NA   NA   NA   NA
SHR_2000-02-10 11:00:00,2/10/2000 11:00,SHR,2000,W,TRUE,RAN,NA,NA,NA,NA,NA,NA,NA,NA,NA,25,Regular,478222,484217,5995,5995,18.41416389,18.41416389,NA,NA,NA,Aquatic Non-Insects,9,Family,Corophiidae,Corophiidae,NA,1,0.054,0.054,NA,NA,NA,NA,NA,NA,NA,NA,NA,NA,NA   NA   NA   NA,NA   NA   NA   NA
SHR_2000-02-10 11:00:00,2/10/2000 11:00,SHR,2000,W,TRUE,RAN,NA,NA,NA,NA,NA,NA,NA,NA,NA,25,Regular,478222,484217,5995,5995,18.41416389,18.41416389,NA,NA,NA,Aquatic Non-Insects,10,Family,Crangonyctidae,Crangonyctidae,NA,1,0.054,0.054,NA,NA,NA,NA,NA,NA,NA,NA,NA,NA,NA   NA   NA   NA,NA   NA   NA   NA
SHR_2000-02-10 11:00:00,2/10/2000 11:00,SHR,2000,W,TRUE,RAN,NA,NA,NA,NA,NA,NA,NA,NA,NA,25,Regular,478222,484217,5995,5995,18.41416389,18.41416389,NA,NA,NA,Aquatic Non-Insects,12,Family,Talitridae,Talitridae,NA,1,0.054,0.054,NA,NA,NA,NA,NA,NA,NA,NA,NA,NA,NA   NA   NA   NA,NA   NA   NA   NA
SHR_2000-02-10 11:00:00,2/10/2000 11:00,SHR,2000,W,TRUE,RAN,NA,NA,NA,NA,NA,NA,NA,NA,NA,25,Regular,478222,484217,5995,5995,18.41416389,18.41416389,NA,NA,NA,Aquatic Insects,40,Family,Caenidae,Caenidae,NA,1,0.054,0.054,NA,NA,NA,NA,NA,NA,NA,NA,NA,NA,NA   NA   NA   NA,NA   NA   NA   NA
SHR_2000-02-10 11:00:00,2/10/2000 11:00,SHR,2000,W,TRUE,RAN,NA,NA,NA,NA,NA,NA,NA,NA,NA,25,Regular,478222,484217,5995,5995,18.41416389,18.41416389,NA,NA,NA,Aquatic Insects,44,Family,Corixidae,Corixidae,NA,1,0.054,0.054,NA,NA,NA,NA,NA,NA,NA,NA,NA,NA,NA   NA   NA   NA,NA   NA   NA   NA
SHR_2000-02-10 11:00:00,2/10/2000 11:00,SHR,2000,W,TRUE,RAN,NA,NA,NA,NA,NA,NA,NA,NA,NA,25,Regular,478222,484217,5995,5995,18.41416389,18.41416389,NA,NA,NA,Aquatic Insects,32,Family,Ceratopogonidae,Ceratopogonidae,NA,1,0.054,0.054,NA,NA,NA,NA,NA,NA,NA,NA,NA,NA,NA   NA   NA   NA,NA   NA   NA   NA
SHR_2000-02-10 11:00:00,2/10/2000 11:00,SHR,2000,W,TRUE,RAN,NA,NA,NA,NA,NA,NA,NA,NA,NA,25,Regular,478222,484217,5995,5995,18.41416389,18.41416389,NA,NA,NA,Aquatic Insects,34,Family,Chironomidae,Chironomidae,NA,15,0.815,0.815,NA,NA,NA,NA,NA,NA,NA,NA,NA,NA,NA   NA   NA   NA,NA   NA   NA   NA
SHR_2000-02-10 11:00:00,2/10/2000 11:00,SHR,2000,W,TRUE,RAN,NA,NA,NA,NA,NA,NA,NA,NA,NA,25,Regular,478222,484217,5995,5995,18.41416389,18.41416389,NA,NA,NA,Aquatic Insects,38,Family,Simuliidae,Simuliidae,NA,1,0.054,0.054,NA,NA,NA,NA,NA,NA,NA,NA,NA,NA,NA   NA   NA   NA,NA   NA   NA   NA
STTD_2000-02-10 11:30:00,2/10/2000 11:30,STTD,2000,W,TRUE,RAN,NA,NA,NA,NA,NA,NA,NA,NA,NA,30,Regular,484213,513976,29763,29763,91.41964304,91.41964304,NA,NA,NA,Aquatic Non-Insects,18,Family,Hydridae,Hydridae,NA,3,0.033,0.033,NA,NA,NA,NA,NA,NA,NA,NA,NA,NA,NA   NA   NA   NA,NA   NA   NA   NA
STTD_2000-02-10 11:30:00,2/10/2000 11:30,STTD,2000,W,TRUE,RAN,NA,NA,NA,NA,NA,NA,NA,NA,NA,30,Regular,484213,513976,29763,29763,91.41964304,91.41964304,NA,NA,NA,Aquatic Non-Insects,4,Family,Naididae,Naididae,NA,3,0.033,0.033,NA,NA,NA,NA,NA,NA,NA,NA,NA,NA,NA   NA   NA   NA,NA   NA   NA   NA
STTD_2000-02-10 11:30:00,2/10/2000 11:30,STTD,2000,W,TRUE,RAN,NA,NA,NA,NA,NA,NA,NA,NA,NA,30,Regular,484213,513976,29763,29763,91.41964304,91.41964304,NA,NA,NA,Aquatic Non-Insects,7,Order,Cyclopoida,Cyclopoid,NA,1,0.011,0.011,NA,NA,NA,NA,NA,NA,NA,NA,NA,NA,NA   NA   NA   NA,NA   NA   NA   NA
STTD_2000-02-10 11:30:00,2/10/2000 11:30,STTD,2000,W,TRUE,RAN,NA,NA,NA,NA,NA,NA,NA,NA,NA,30,Regular,484213,513976,29763,29763,91.41964304,91.41964304,NA,NA,NA,Aquatic Non-Insects,154,Order,Cyclopoida,Cyclopoid,NA,1,0.011,0.011,NA,NA,NA,NA,NA,NA,NA,NA,NA,NA,NA   NA   NA   NA,NA   NA   NA   NA
STTD_2000-02-10 11:30:00,2/10/2000 11:30,STTD,2000,W,TRUE,RAN,NA,NA,NA,NA,NA,NA,NA,NA,NA,30,Regular,484213,513976,29763,29763,91.41964304,91.41964304,NA,NA,NA,Aquatic Non-Insects,7,Family,Nereididae,Nereididae,NA,1,0.011,0.011,NA,NA,NA,NA,NA,NA,NA,NA,NA,NA,NA   NA   NA   NA,NA   NA   NA   NA
STTD_2000-02-10 11:30:00,2/10/2000 11:30,STTD,2000,W,TRUE,RAN,NA,NA,NA,NA,NA,NA,NA,NA,NA,30,Regular,484213,513976,29763,29763,91.41964304,91.41964304,NA,NA,NA,Aquatic Non-Insects,9,Family,Corophiidae,Corophiidae,NA,1,0.011,0.011,NA,NA,NA,NA,NA,NA,NA,NA,NA,NA,NA   NA   NA   NA,NA   NA   NA   NA
STTD_2000-02-10 11:30:00,2/10/2000 11:30,STTD,2000,W,TRUE,RAN,NA,NA,NA,NA,NA,NA,NA,NA,NA,30,Regular,484213,513976,29763,29763,91.41964304,91.41964304,NA,NA,NA,Aquatic Non-Insects,10,Family,Crangonyctidae,Crangonyctidae,NA,1,0.011,0.011,NA,NA,NA,NA,NA,NA,NA,NA,NA,NA,NA   NA   NA   NA,NA   NA   NA   NA
STTD_2000-02-10 11:30:00,2/10/2000 11:30,STTD,2000,W,TRUE,RAN,NA,NA,NA,NA,NA,NA,NA,NA,NA,30,Regular,484213,513976,29763,29763,91.41964304,91.41964304,NA,NA,NA,Aquatic Insects,46,Family,Coenagrionidae,Coenagrionidae,NA,1,0.011,0.011,NA,NA,NA,NA,NA,NA,NA,NA,NA,NA,NA   NA   NA   NA,NA   NA   NA   NA
STTD_2000-02-10 11:30:00,2/10/2000 11:30,STTD,2000,W,TRUE,RAN,NA,NA,NA,NA,NA,NA,NA,NA,NA,30,Regular,484213,513976,29763,29763,91.41964304,91.41964304,NA,NA,NA,Aquatic Insects,44,Family,Corixidae,Corixidae,NA,48,0.525,0.525,NA,NA,NA,NA,NA,NA,NA,NA,NA,NA,NA   NA   NA   NA,NA   NA   NA   NA
STTD_2000-02-10 11:30:00,2/10/2000 11:30,STTD,2000,W,TRUE,RAN,NA,NA,NA,NA,NA,NA,NA,NA,NA,30,Regular,484213,513976,29763,29763,91.41964304,91.41964304,NA,NA,NA,Aquatic Insects,45,Family,Notonectidae,Notonectidae,NA,1,0.011,0.011,NA,NA,NA,NA,NA,NA,NA,NA,NA,NA,NA   NA   NA   NA,NA   NA   NA   NA
STTD_2000-02-10 11:30:00,2/10/2000 11:30,STTD,2000,W,TRUE,RAN,NA,NA,NA,NA,NA,NA,NA,NA,NA,30,Regular,484213,513976,29763,29763,91.41964304,91.41964304,NA,NA,NA,Aquatic Insects,30,Family,Dytiscidae,Dytiscidae,NA,1,0.011,0.011,NA,NA,NA,NA,NA,NA,NA,NA,NA,NA,NA   NA   NA   NA,NA   NA   NA   NA
STTD_2000-02-10 11:30:00,2/10/2000 11:30,STTD,2000,W,TRUE,RAN,NA,NA,NA,NA,NA,NA,NA,NA,NA,30,Regular,484213,513976,29763,29763,91.41964304,91.41964304,NA,NA,NA,Aquatic Insects,34,Family,Chironomidae,Chironomidae,NA,17,0.186,0.186,NA,NA,NA,NA,NA,NA,NA,NA,NA,NA,NA   NA   NA   NA,NA   NA   NA   NA
STTD_2000-02-10 11:30:00,2/10/2000 11:30,STTD,2000,W,TRUE,RAN,NA,NA,NA,NA,NA,NA,NA,NA,NA,30,Regular,484213,513976,29763,29763,91.41964304,91.41964304,NA,NA,NA,Aquatic Insects,54,Family,Sciomyzidae,Sciomyzidae,NA,1,0.011,0.011,NA,NA,NA,NA,NA,NA,NA,NA,NA,NA,NA   NA   NA   NA,NA   NA   NA   NA
STTD_2000-02-10 11:30:00,2/10/2000 11:30,STTD,2000,W,TRUE,RAN,NA,NA,NA,NA,NA,NA,NA,NA,NA,30,Regular,484213,513976,29763,29763,91.41964304,91.41964304,NA,NA,NA,Terrestrial Non-Insects,68,Order,Collembola,Collembola,NA,5,0.055,0.055,NA,NA,NA,NA,NA,NA,NA,NA,NA,NA,NA   NA   NA   NA,NA   NA   NA   NA
STTD_2000-02-10 11:30:00,2/10/2000 11:30,STTD,2000,W,TRUE,RAN,NA,NA,NA,NA,NA,NA,NA,NA,NA,30,Regular,484213,513976,29763,29763,91.41964304,91.41964304,NA,NA,NA,Terrestrial Insects,71,Order,Hemiptera,Hemiptera,NA,2,0.022,0.022,NA,NA,NA,NA,NA,NA,NA,NA,NA,NA,NA   NA   NA   NA,NA   NA   NA   NA
STTD_2000-02-10 11:30:00,2/10/2000 11:30,STTD,2000,W,TRUE,RAN,NA,NA,NA,NA,NA,NA,NA,NA,NA,30,Regular,484213,513976,29763,29763,91.41964304,91.41964304,NA,NA,NA,Terrestrial Insects,63,Order,Coleoptera,Coleoptera,NA,2,0.022,0.022,NA,NA,NA,NA,NA,NA,NA,NA,NA,NA,NA   NA   NA   NA,NA   NA   NA   NA
STTD_2000-02-10 11:30:00,2/10/2000 11:30,STTD,2000,W,TRUE,RAN,NA,NA,NA,NA,NA,NA,NA,NA,NA,30,Regular,484213,513976,29763,29763,91.41964304,91.41964304,NA,NA,NA,Terrestrial Non-Insects,58,Suborder,Araneida,Araneida,NA,1,0.011,0.011,NA,NA,NA,NA,NA,NA,NA,NA,NA,NA,NA   NA   NA   NA,NA   NA   NA   NA
SHR_2000-02-15 09:15:00,2/15/2000 9:15,SHR,2000,W,TRUE,CLR,NA,NA,10.6,0.16,NA,NA,NA,NA,NA,10,Regular,513889,543285,29396,29396,90.29237062,90.29237062,1,NA,NA,Aquatic Non-Insects,18,Family,Hydridae,Hydridae,NA,3,0.033,0.033,NA,NA,NA,NA,NA,NA,2,FM,NA,NA,NA   NA   2   NA,NA   NA   FM   NA
SHR_2000-02-15 09:15:00,2/15/2000 9:15,SHR,2000,W,TRUE,CLR,NA,NA,10.6,0.16,NA,NA,NA,NA,NA,10,Regular,513889,543285,29396,29396,90.29237062,90.29237062,1,NA,NA,Aquatic Non-Insects,24,Family,Mermithidae,Mermithidae,NA,2,0.022,0.022,NA,NA,NA,NA,NA,NA,2,FM,NA,NA,NA   NA   2   NA,NA   NA   FM   NA
SHR_2000-02-15 09:15:00,2/15/2000 9:15,SHR,2000,W,TRUE,CLR,NA,NA,10.6,0.16,NA,NA,NA,NA,NA,10,Regular,513889,543285,29396,29396,90.29237062,90.29237062,1,NA,NA,Aquatic Non-Insects,4,Family,Naididae,Naididae,NA,43,0.476,0.476,NA,NA,NA,NA,NA,NA,2,FM,NA,NA,NA   NA   2   NA,NA   NA   FM   NA
SHR_2000-02-15 09:15:00,2/15/2000 9:15,SHR,2000,W,TRUE,CLR,NA,NA,10.6,0.16,NA,NA,NA,NA,NA,10,Regular,513889,543285,29396,29396,90.29237062,90.29237062,1,NA,NA,Aquatic Non-Insects,2,Family,Enchytraeidae,Enchytraeidae,NA,2,0.022,0.022,NA,NA,NA,NA,NA,NA,2,FM,NA,NA,NA   NA   2   NA,NA   NA   FM   NA
SHR_2000-02-15 09:15:00,2/15/2000 9:15,SHR,2000,W,TRUE,CLR,NA,NA,10.6,0.16,NA,NA,NA,NA,NA,10,Regular,513889,543285,29396,29396,90.29237062,90.29237062,1,NA,NA,Aquatic Non-Insects,9,Family,Corophiidae,Corophiidae,NA,7,0.078,0.078,NA,NA,NA,NA,NA,NA,2,FM,NA,NA,NA   NA   2   NA,NA   NA   FM   NA
SHR_2000-02-15 09:15:00,2/15/2000 9:15,SHR,2000,W,TRUE,CLR,NA,NA,10.6,0.16,NA,NA,NA,NA,NA,10,Regular,513889,543285,29396,29396,90.29237062,90.29237062,1,NA,NA,Aquatic Non-Insects,10,Family,Crangonyctidae,Crangonyctidae,NA,4,0.044,0.044,NA,NA,NA,NA,NA,NA,2,FM,NA,NA,NA   NA   2   NA,NA   NA   FM   NA
SHR_2000-02-15 09:15:00,2/15/2000 9:15,SHR,2000,W,TRUE,CLR,NA,NA,10.6,0.16,NA,NA,NA,NA,NA,10,Regular,513889,543285,29396,29396,90.29237062,90.29237062,1,NA,NA,Aquatic Non-Insects,12,Family,Talitridae,Talitridae,NA,1,0.011,0.011,NA,NA,NA,NA,NA,NA,2,FM,NA,NA,NA   NA   2   NA,NA   NA   FM   NA
SHR_2000-02-15 09:15:00,2/15/2000 9:15,SHR,2000,W,TRUE,CLR,NA,NA,10.6,0.16,NA,NA,NA,NA,NA,10,Regular,513889,543285,29396,29396,90.29237062,90.29237062,1,NA,NA,Aquatic Insects,41,Family,Baetidae,Baetidae,NA,1,0.011,0.011,NA,NA,NA,NA,NA,NA,2,FM,NA,NA,NA   NA   2   NA,NA   NA   FM   NA
SHR_2000-02-15 09:15:00,2/15/2000 9:15,SHR,2000,W,TRUE,CLR,NA,NA,10.6,0.16,NA,NA,NA,NA,NA,10,Regular,513889,543285,29396,29396,90.29237062,90.29237062,1,NA,NA,Aquatic Insects,42,Family,Ephemerellidae,Ephemerellidae,NA,2,0.022,0.022,NA,NA,NA,NA,NA,NA,2,FM,NA,NA,NA   NA   2   NA,NA   NA   FM   NA
SHR_2000-02-15 09:15:00,2/15/2000 9:15,SHR,2000,W,TRUE,CLR,NA,NA,10.6,0.16,NA,NA,NA,NA,NA,10,Regular,513889,543285,29396,29396,90.29237062,90.29237062,1,NA,NA,Aquatic Insects,76,Family,Ephemeridae,Ephemeridae,NA,1,0.011,0.011,NA,NA,NA,NA,NA,NA,2,FM,NA,NA,NA   NA   2   NA,NA   NA   FM   NA
SHR_2000-02-15 09:15:00,2/15/2000 9:15,SHR,2000,W,TRUE,CLR,NA,NA,10.6,0.16,NA,NA,NA,NA,NA,10,Regular,513889,543285,29396,29396,90.29237062,90.29237062,1,NA,NA,Aquatic Insects,46,Family,Coenagrionidae,Coenagrionidae,NA,2,0.022,0.022,NA,NA,NA,NA,NA,NA,2,FM,NA,NA,NA   NA   2   NA,NA   NA   FM   NA
SHR_2000-02-15 09:15:00,2/15/2000 9:15,SHR,2000,W,TRUE,CLR,NA,NA,10.6,0.16,NA,NA,NA,NA,NA,10,Regular,513889,543285,29396,29396,90.29237062,90.29237062,1,NA,NA,Aquatic Insects,34,Family,Chironomidae,Chironomidae,NA,26,0.288,0.288,NA,NA,NA,NA,NA,NA,2,FM,NA,NA,NA   NA   2   NA,NA   NA   FM   NA
SHR_2000-02-15 09:15:00,2/15/2000 9:15,SHR,2000,W,TRUE,CLR,NA,NA,10.6,0.16,NA,NA,NA,NA,NA,10,Regular,513889,543285,29396,29396,90.29237062,90.29237062,1,NA,NA,Aquatic Insects,38,Family,Simuliidae,Simuliidae,NA,1,0.011,0.011,NA,NA,NA,NA,NA,NA,2,FM,NA,NA,NA   NA   2   NA,NA   NA   FM   NA
SHR_2000-02-15 09:15:00,2/15/2000 9:15,SHR,2000,W,TRUE,CLR,NA,NA,10.6,0.16,NA,NA,NA,NA,NA,10,Regular,513889,543285,29396,29396,90.29237062,90.29237062,1,NA,NA,Aquatic Insects,36,Family,Ephydridae,Ephydridae,NA,1,0.011,0.011,NA,NA,NA,NA,NA,NA,2,FM,NA,NA,NA   NA   2   NA,NA   NA   FM   NA
SHR_2000-02-15 09:15:00,2/15/2000 9:15,SHR,2000,W,TRUE,CLR,NA,NA,10.6,0.16,NA,NA,NA,NA,NA,10,Regular,513889,543285,29396,29396,90.29237062,90.29237062,1,NA,NA,Aquatic Non-Insects,77,Family,Hygrobatidae,Hygrobatidae,NA,1,0.011,0.011,NA,NA,NA,NA,NA,NA,2,FM,NA,NA,NA   NA   2   NA,NA   NA   FM   NA
SHR_2000-02-15 09:15:00,2/15/2000 9:15,SHR,2000,W,TRUE,CLR,NA,NA,10.6,0.16,NA,NA,NA,NA,NA,10,Regular,513889,543285,29396,29396,90.29237062,90.29237062,1,NA,NA,Terrestrial Non-Insects,68,Order,Collembola,Collembola,NA,10,0.111,0.111,NA,NA,NA,NA,NA,NA,2,FM,NA,NA,NA   NA   2   NA,NA   NA   FM   NA
SHR_2000-02-15 09:15:00,2/15/2000 9:15,SHR,2000,W,TRUE,CLR,NA,NA,10.6,0.16,NA,NA,NA,NA,NA,10,Regular,513889,543285,29396,29396,90.29237062,90.29237062,1,NA,NA,Terrestrial Insects,66,Order,Hymenoptera,Hymenoptera,NA,4,0.044,0.044,NA,NA,NA,NA,NA,NA,2,FM,NA,NA,NA   NA   2   NA,NA   NA   FM   NA
SHR_2000-02-15 09:15:00,2/15/2000 9:15,SHR,2000,W,TRUE,CLR,NA,NA,10.6,0.16,NA,NA,NA,NA,NA,10,Regular,513889,543285,29396,29396,90.29237062,90.29237062,1,NA,NA,Terrestrial Non-Insects,57,Subclass,Acari,Acari,NA,1,0.011,0.011,NA,NA,NA,NA,NA,NA,2,FM,NA,NA,NA   NA   2   NA,NA   NA   FM   NA
SHR_2000-02-15 09:15:00,2/15/2000 9:15,SHR,2000,W,TRUE,CLR,NA,NA,10.6,0.16,NA,NA,NA,NA,NA,10,Regular,513889,543285,29396,29396,90.29237062,90.29237062,1,NA,NA,Terrestrial Non-Insects,58,Suborder,Araneida,Araneida,NA,2,0.022,0.022,NA,NA,NA,NA,NA,NA,2,FM,NA,NA,NA   NA   2   NA,NA   NA   FM   NA
SHR_2000-02-15 09:15:00,2/15/2000 9:15,SHR,2000,W,TRUE,CLR,NA,NA,10.6,0.16,NA,NA,NA,NA,NA,10,Regular,513889,543285,29396,29396,90.29237062,90.29237062,1,NA,NA,Aquatic Insects,43,Family,Heptageniidae,Heptageniidae,NA,1,0.011,0.011,NA,NA,NA,NA,NA,NA,2,FM,NA,NA,NA   NA   2   NA,NA   NA   FM   NA
STTD_2000-02-16 10:04:00,2/16/2000 10:04,STTD,2000,W,TRUE,NA,NA,NA,NA,NA,NA,NA,NA,NA,NA,5,Regular,57950,59530,1580,1580,4.853107415,4.853107415,NA,NA,NA,Aquatic Non-Insects,23,Family,Dorylaimidae,Dorylaimidae,NA,2,0.412,0.412,NA,NA,NA,NA,NA,NA,NA,NA,NA,NA,NA   NA   NA   NA,NA   NA   NA   NA
STTD_2000-02-16 10:04:00,2/16/2000 10:04,STTD,2000,W,TRUE,NA,NA,NA,NA,NA,NA,NA,NA,NA,NA,5,Regular,57950,59530,1580,1580,4.853107415,4.853107415,NA,NA,NA,Aquatic Non-Insects,4,Family,Naididae,Naididae,NA,33,6.8,6.8,NA,NA,NA,NA,NA,NA,NA,NA,NA,NA,NA   NA   NA   NA,NA   NA   NA   NA
STTD_2000-02-16 10:04:00,2/16/2000 10:04,STTD,2000,W,TRUE,NA,NA,NA,NA,NA,NA,NA,NA,NA,NA,5,Regular,57950,59530,1580,1580,4.853107415,4.853107415,NA,NA,NA,Aquatic Non-Insects,2,Family,Enchytraeidae,Enchytraeidae,NA,11,2.267,2.267,NA,NA,NA,NA,NA,NA,NA,NA,NA,NA,NA   NA   NA   NA,NA   NA   NA   NA
STTD_2000-02-16 10:04:00,2/16/2000 10:04,STTD,2000,W,TRUE,NA,NA,NA,NA,NA,NA,NA,NA,NA,NA,5,Regular,57950,59530,1580,1580,4.853107415,4.853107415,NA,NA,NA,Aquatic Non-Insects,8,Family,Sabellidae,Sabellidae,NA,1,0.206,0.206,NA,NA,NA,NA,NA,NA,NA,NA,NA,NA,NA   NA   NA   NA,NA   NA   NA   NA
STTD_2000-02-16 10:04:00,2/16/2000 10:04,STTD,2000,W,TRUE,NA,NA,NA,NA,NA,NA,NA,NA,NA,NA,5,Regular,57950,59530,1580,1580,4.853107415,4.853107415,NA,NA,NA,Aquatic Non-Insects,14,Family,Cyprididae,Cyprididae,NA,1,0.206,0.206,NA,NA,NA,NA,NA,NA,NA,NA,NA,NA,NA   NA   NA   NA,NA   NA   NA   NA
STTD_2000-02-16 10:04:00,2/16/2000 10:04,STTD,2000,W,TRUE,NA,NA,NA,NA,NA,NA,NA,NA,NA,NA,5,Regular,57950,59530,1580,1580,4.853107415,4.853107415,NA,NA,NA,Aquatic Non-Insects,13,Family,Mysidae,Mysidae,NA,2,0.412,0.412,NA,NA,NA,NA,NA,NA,NA,NA,NA,NA,NA   NA   NA   NA,NA   NA   NA   NA
STTD_2000-02-16 10:04:00,2/16/2000 10:04,STTD,2000,W,TRUE,NA,NA,NA,NA,NA,NA,NA,NA,NA,NA,5,Regular,57950,59530,1580,1580,4.853107415,4.853107415,NA,NA,NA,Aquatic Non-Insects,9,Family,Corophiidae,Corophiidae,NA,12,2.473,2.473,NA,NA,NA,NA,NA,NA,NA,NA,NA,NA,NA   NA   NA   NA,NA   NA   NA   NA
STTD_2000-02-16 10:04:00,2/16/2000 10:04,STTD,2000,W,TRUE,NA,NA,NA,NA,NA,NA,NA,NA,NA,NA,5,Regular,57950,59530,1580,1580,4.853107415,4.853107415,NA,NA,NA,Aquatic Non-Insects,10,Family,Crangonyctidae,Crangonyctidae,NA,22,4.533,4.533,NA,NA,NA,NA,NA,NA,NA,NA,NA,NA,NA   NA   NA   NA,NA   NA   NA   NA
STTD_2000-02-16 10:04:00,2/16/2000 10:04,STTD,2000,W,TRUE,NA,NA,NA,NA,NA,NA,NA,NA,NA,NA,5,Regular,57950,59530,1580,1580,4.853107415,4.853107415,NA,NA,NA,Aquatic Non-Insects,11,Family,Gammaridae,Gammaridae,NA,2,0.412,0.412,NA,NA,NA,NA,NA,NA,NA,NA,NA,NA,NA   NA   NA   NA,NA   NA   NA   NA
STTD_2000-02-16 10:04:00,2/16/2000 10:04,STTD,2000,W,TRUE,NA,NA,NA,NA,NA,NA,NA,NA,NA,NA,5,Regular,57950,59530,1580,1580,4.853107415,4.853107415,NA,NA,NA,Aquatic Insects,40,Family,Caenidae,Caenidae,NA,1,0.206,0.206,NA,NA,NA,NA,NA,NA,NA,NA,NA,NA,NA   NA   NA   NA,NA   NA   NA   NA
STTD_2000-02-16 10:04:00,2/16/2000 10:04,STTD,2000,W,TRUE,NA,NA,NA,NA,NA,NA,NA,NA,NA,NA,5,Regular,57950,59530,1580,1580,4.853107415,4.853107415,NA,NA,NA,Aquatic Insects,47,Family,Libellulidae,Libellulidae,NA,2,0.412,0.412,NA,NA,NA,NA,NA,NA,NA,NA,NA,NA,NA   NA   NA   NA,NA   NA   NA   NA
STTD_2000-02-16 10:04:00,2/16/2000 10:04,STTD,2000,W,TRUE,NA,NA,NA,NA,NA,NA,NA,NA,NA,NA,5,Regular,57950,59530,1580,1580,4.853107415,4.853107415,NA,NA,NA,Aquatic Insects,44,Family,Corixidae,Corixidae,NA,104,21.43,21.43,NA,NA,NA,NA,NA,NA,NA,NA,NA,NA,NA   NA   NA   NA,NA   NA   NA   NA
STTD_2000-02-16 10:04:00,2/16/2000 10:04,STTD,2000,W,TRUE,NA,NA,NA,NA,NA,NA,NA,NA,NA,NA,5,Regular,57950,59530,1580,1580,4.853107415,4.853107415,NA,NA,NA,Aquatic Insects,45,Family,Notonectidae,Notonectidae,NA,2,0.412,0.412,NA,NA,NA,NA,NA,NA,NA,NA,NA,NA,NA   NA   NA   NA,NA   NA   NA   NA
STTD_2000-02-16 10:04:00,2/16/2000 10:04,STTD,2000,W,TRUE,NA,NA,NA,NA,NA,NA,NA,NA,NA,NA,5,Regular,57950,59530,1580,1580,4.853107415,4.853107415,NA,NA,NA,Aquatic Insects,30,Family,Dytiscidae,Dytiscidae,NA,15,3.091,3.091,NA,NA,NA,NA,NA,NA,NA,NA,NA,NA,NA   NA   NA   NA,NA   NA   NA   NA
STTD_2000-02-16 10:04:00,2/16/2000 10:04,STTD,2000,W,TRUE,NA,NA,NA,NA,NA,NA,NA,NA,NA,NA,5,Regular,57950,59530,1580,1580,4.853107415,4.853107415,NA,NA,NA,Aquatic Insects,31,Family,Helophoridae,Helophoridae,NA,1,0.206,0.206,NA,NA,NA,NA,NA,NA,NA,NA,NA,NA,NA   NA   NA   NA,NA   NA   NA   NA
STTD_2000-02-16 10:04:00,2/16/2000 10:04,STTD,2000,W,TRUE,NA,NA,NA,NA,NA,NA,NA,NA,NA,NA,5,Regular,57950,59530,1580,1580,4.853107415,4.853107415,NA,NA,NA,Aquatic Insects,48,Family,Hydropsychidae,Hydropsychidae,NA,1,0.206,0.206,NA,NA,NA,NA,NA,NA,NA,NA,NA,NA,NA   NA   NA   NA,NA   NA   NA   NA
STTD_2000-02-16 10:04:00,2/16/2000 10:04,STTD,2000,W,TRUE,NA,NA,NA,NA,NA,NA,NA,NA,NA,NA,5,Regular,57950,59530,1580,1580,4.853107415,4.853107415,NA,NA,NA,Aquatic Insects,32,Family,Ceratopogonidae,Ceratopogonidae,NA,2,0.412,0.412,NA,NA,NA,NA,NA,NA,NA,NA,NA,NA,NA   NA   NA   NA,NA   NA   NA   NA
STTD_2000-02-16 10:04:00,2/16/2000 10:04,STTD,2000,W,TRUE,NA,NA,NA,NA,NA,NA,NA,NA,NA,NA,5,Regular,57950,59530,1580,1580,4.853107415,4.853107415,NA,NA,NA,Aquatic Insects,34,Family,Chironomidae,Chironomidae,NA,268,55.222,55.222,NA,NA,NA,NA,NA,NA,NA,NA,NA,NA,NA   NA   NA   NA,NA   NA   NA   NA
STTD_2000-02-16 10:04:00,2/16/2000 10:04,STTD,2000,W,TRUE,NA,NA,NA,NA,NA,NA,NA,NA,NA,NA,5,Regular,57950,59530,1580,1580,4.853107415,4.853107415,NA,NA,NA,Aquatic Insects,36,Family,Ephydridae,Ephydridae,NA,17,3.503,3.503,NA,NA,NA,NA,NA,NA,NA,NA,NA,NA,NA   NA   NA   NA,NA   NA   NA   NA
STTD_2000-02-16 10:04:00,2/16/2000 10:04,STTD,2000,W,TRUE,NA,NA,NA,NA,NA,NA,NA,NA,NA,NA,5,Regular,57950,59530,1580,1580,4.853107415,4.853107415,NA,NA,NA,Aquatic Insects,54,Family,Sciomyzidae,Sciomyzidae,NA,1,0.206,0.206,NA,NA,NA,NA,NA,NA,NA,NA,NA,NA,NA   NA   NA   NA,NA   NA   NA   NA
STTD_2000-02-16 10:04:00,2/16/2000 10:04,STTD,2000,W,TRUE,NA,NA,NA,NA,NA,NA,NA,NA,NA,NA,5,Regular,57950,59530,1580,1580,4.853107415,4.853107415,NA,NA,NA,Aquatic Non-Insects,20,Family,Physidae,Physidae,NA,29,5.976,5.976,NA,NA,NA,NA,NA,NA,NA,NA,NA,NA,NA   NA   NA   NA,NA   NA   NA   NA
STTD_2000-02-16 10:04:00,2/16/2000 10:04,STTD,2000,W,TRUE,NA,NA,NA,NA,NA,NA,NA,NA,NA,NA,5,Regular,57950,59530,1580,1580,4.853107415,4.853107415,NA,NA,NA,Terrestrial Non-Insects,68,Order,Collembola,Collembola,NA,28,5.769,5.769,NA,NA,NA,NA,NA,NA,NA,NA,NA,NA,NA   NA   NA   NA,NA   NA   NA   NA
STTD_2000-02-16 10:04:00,2/16/2000 10:04,STTD,2000,W,TRUE,NA,NA,NA,NA,NA,NA,NA,NA,NA,NA,5,Regular,57950,59530,1580,1580,4.853107415,4.853107415,NA,NA,NA,Terrestrial Insects,67,Order,Psocoptera,Psocoptera,NA,2,0.412,0.412,NA,NA,NA,NA,NA,NA,NA,NA,NA,NA,NA   NA   NA   NA,NA   NA   NA   NA
STTD_2000-02-16 10:04:00,2/16/2000 10:04,STTD,2000,W,TRUE,NA,NA,NA,NA,NA,NA,NA,NA,NA,NA,5,Regular,57950,59530,1580,1580,4.853107415,4.853107415,NA,NA,NA,Terrestrial Insects,71,Order,Hemiptera,Hemiptera,NA,10,2.061,2.061,NA,NA,NA,NA,NA,NA,NA,NA,NA,NA,NA   NA   NA   NA,NA   NA   NA   NA
STTD_2000-02-16 10:04:00,2/16/2000 10:04,STTD,2000,W,TRUE,NA,NA,NA,NA,NA,NA,NA,NA,NA,NA,5,Regular,57950,59530,1580,1580,4.853107415,4.853107415,NA,NA,NA,Terrestrial Insects,73,Order,Lepidoptera,Lepidoptera,NA,1,0.206,0.206,NA,NA,NA,NA,NA,NA,NA,NA,NA,NA,NA   NA   NA   NA,NA   NA   NA   NA
STTD_2000-02-16 10:04:00,2/16/2000 10:04,STTD,2000,W,TRUE,NA,NA,NA,NA,NA,NA,NA,NA,NA,NA,5,Regular,57950,59530,1580,1580,4.853107415,4.853107415,NA,NA,NA,Terrestrial Insects,63,Order,Coleoptera,Coleoptera,NA,201,41.417,41.417,NA,NA,NA,NA,NA,NA,NA,NA,NA,NA,NA   NA   NA   NA,NA   NA   NA   NA
STTD_2000-02-16 10:04:00,2/16/2000 10:04,STTD,2000,W,TRUE,NA,NA,NA,NA,NA,NA,NA,NA,NA,NA,5,Regular,57950,59530,1580,1580,4.853107415,4.853107415,NA,NA,NA,Terrestrial Insects,66,Order,Hymenoptera,Hymenoptera,NA,6,1.236,1.236,NA,NA,NA,NA,NA,NA,NA,NA,NA,NA,NA   NA   NA   NA,NA   NA   NA   NA
STTD_2000-02-16 10:04:00,2/16/2000 10:04,STTD,2000,W,TRUE,NA,NA,NA,NA,NA,NA,NA,NA,NA,NA,5,Regular,57950,59530,1580,1580,4.853107415,4.853107415,NA,NA,NA,Terrestrial Non-Insects,58,Suborder,Araneida,Araneida,NA,5,1.03,1.03,NA,NA,NA,NA,NA,NA,NA,NA,NA,NA,NA   NA   NA   NA,NA   NA   NA   NA
STTD_2000-02-25 10:36:00,2/25/2000 10:36,STTD,2000,W,TRUE,CLR,NA,NA,11.1,NA,NA,NA,NA,NA,NA,10,Regular,596026,622002,25976,25976,79.78754317,79.78754317,NA,NA,NA,Aquatic Non-Insects,24,Family,Mermithidae,Mermithidae,NA,1,0.013,0.013,NA,NA,NA,NA,NA,NA,NA,NA,NA,NA,NA   NA   NA   NA,NA   NA   NA   NA
STTD_2000-02-25 10:36:00,2/25/2000 10:36,STTD,2000,W,TRUE,CLR,NA,NA,11.1,NA,NA,NA,NA,NA,NA,10,Regular,596026,622002,25976,25976,79.78754317,79.78754317,NA,NA,NA,Aquatic Non-Insects,2,Family,Enchytraeidae,Enchytraeidae,NA,80,1.003,1.003,NA,NA,NA,NA,NA,NA,NA,NA,NA,NA,NA   NA   NA   NA,NA   NA   NA   NA
STTD_2000-02-25 10:36:00,2/25/2000 10:36,STTD,2000,W,TRUE,CLR,NA,NA,11.1,NA,NA,NA,NA,NA,NA,10,Regular,596026,622002,25976,25976,79.78754317,79.78754317,NA,NA,NA,Aquatic Non-Insects,9,Family,Corophiidae,Corophiidae,NA,4,0.05,0.05,NA,NA,NA,NA,NA,NA,NA,NA,NA,NA,NA   NA   NA   NA,NA   NA   NA   NA
STTD_2000-02-25 10:36:00,2/25/2000 10:36,STTD,2000,W,TRUE,CLR,NA,NA,11.1,NA,NA,NA,NA,NA,NA,10,Regular,596026,622002,25976,25976,79.78754317,79.78754317,NA,NA,NA,Aquatic Non-Insects,10,Family,Crangonyctidae,Crangonyctidae,NA,1,0.013,0.013,NA,NA,NA,NA,NA,NA,NA,NA,NA,NA,NA   NA   NA   NA,NA   NA   NA   NA
STTD_2000-02-25 10:36:00,2/25/2000 10:36,STTD,2000,W,TRUE,CLR,NA,NA,11.1,NA,NA,NA,NA,NA,NA,10,Regular,596026,622002,25976,25976,79.78754317,79.78754317,NA,NA,NA,Aquatic Insects,44,Family,Corixidae,Corixidae,NA,4,0.05,0.05,NA,NA,NA,NA,NA,NA,NA,NA,NA,NA,NA   NA   NA   NA,NA   NA   NA   NA
STTD_2000-02-25 10:36:00,2/25/2000 10:36,STTD,2000,W,TRUE,CLR,NA,NA,11.1,NA,NA,NA,NA,NA,NA,10,Regular,596026,622002,25976,25976,79.78754317,79.78754317,NA,NA,NA,Aquatic Insects,30,Family,Dytiscidae,Dytiscidae,NA,29,0.363,0.363,NA,NA,NA,NA,NA,NA,NA,NA,NA,NA,NA   NA   NA   NA,NA   NA   NA   NA
STTD_2000-02-25 10:36:00,2/25/2000 10:36,STTD,2000,W,TRUE,CLR,NA,NA,11.1,NA,NA,NA,NA,NA,NA,10,Regular,596026,622002,25976,25976,79.78754317,79.78754317,NA,NA,NA,Aquatic Insects,31,Family,Helophoridae,Helophoridae,NA,5,0.063,0.063,NA,NA,NA,NA,NA,NA,NA,NA,NA,NA,NA   NA   NA   NA,NA   NA   NA   NA
STTD_2000-02-25 10:36:00,2/25/2000 10:36,STTD,2000,W,TRUE,CLR,NA,NA,11.1,NA,NA,NA,NA,NA,NA,10,Regular,596026,622002,25976,25976,79.78754317,79.78754317,NA,NA,NA,Aquatic Insects,52,Family,Hydraenidae,Hydraenidae,NA,1,0.013,0.013,NA,NA,NA,NA,NA,NA,NA,NA,NA,NA,NA   NA   NA   NA,NA   NA   NA   NA
STTD_2000-02-25 10:36:00,2/25/2000 10:36,STTD,2000,W,TRUE,CLR,NA,NA,11.1,NA,NA,NA,NA,NA,NA,10,Regular,596026,622002,25976,25976,79.78754317,79.78754317,NA,NA,NA,Aquatic Insects,32,Family,Ceratopogonidae,Ceratopogonidae,NA,6,0.075,0.075,NA,NA,NA,NA,NA,NA,NA,NA,NA,NA,NA   NA   NA   NA,NA   NA   NA   NA
STTD_2000-02-25 10:36:00,2/25/2000 10:36,STTD,2000,W,TRUE,CLR,NA,NA,11.1,NA,NA,NA,NA,NA,NA,10,Regular,596026,622002,25976,25976,79.78754317,79.78754317,NA,NA,NA,Aquatic Insects,34,Family,Chironomidae,Chironomidae,NA,41,0.514,0.514,NA,NA,NA,NA,NA,NA,NA,NA,NA,NA,NA   NA   NA   NA,NA   NA   NA   NA
STTD_2000-02-25 10:36:00,2/25/2000 10:36,STTD,2000,W,TRUE,CLR,NA,NA,11.1,NA,NA,NA,NA,NA,NA,10,Regular,596026,622002,25976,25976,79.78754317,79.78754317,NA,NA,NA,Aquatic Insects,36,Family,Ephydridae,Ephydridae,NA,12,0.15,0.15,NA,NA,NA,NA,NA,NA,NA,NA,NA,NA,NA   NA   NA   NA,NA   NA   NA   NA
STTD_2000-02-25 10:36:00,2/25/2000 10:36,STTD,2000,W,TRUE,CLR,NA,NA,11.1,NA,NA,NA,NA,NA,NA,10,Regular,596026,622002,25976,25976,79.78754317,79.78754317,NA,NA,NA,Aquatic Non-Insects,20,Family,Physidae,Physidae,NA,4,0.05,0.05,NA,NA,NA,NA,NA,NA,NA,NA,NA,NA,NA   NA   NA   NA,NA   NA   NA   NA
STTD_2000-02-25 10:36:00,2/25/2000 10:36,STTD,2000,W,TRUE,CLR,NA,NA,11.1,NA,NA,NA,NA,NA,NA,10,Regular,596026,622002,25976,25976,79.78754317,79.78754317,NA,NA,NA,Terrestrial Non-Insects,59,Order,Geophilomorpha,Geophilomorpha,NA,1,0.013,0.013,NA,NA,NA,NA,NA,NA,NA,NA,NA,NA,NA   NA   NA   NA,NA   NA   NA   NA
STTD_2000-02-25 10:36:00,2/25/2000 10:36,STTD,2000,W,TRUE,CLR,NA,NA,11.1,NA,NA,NA,NA,NA,NA,10,Regular,596026,622002,25976,25976,79.78754317,79.78754317,NA,NA,NA,Terrestrial Non-Insects,68,Order,Collembola,Collembola,NA,5,0.063,0.063,NA,NA,NA,NA,NA,NA,NA,NA,NA,NA,NA   NA   NA   NA,NA   NA   NA   NA
STTD_2000-02-25 10:36:00,2/25/2000 10:36,STTD,2000,W,TRUE,CLR,NA,NA,11.1,NA,NA,NA,NA,NA,NA,10,Regular,596026,622002,25976,25976,79.78754317,79.78754317,NA,NA,NA,Terrestrial Insects,73,Order,Lepidoptera,Lepidoptera,NA,5,0.063,0.063,NA,NA,NA,NA,NA,NA,NA,NA,NA,NA,NA   NA   NA   NA,NA   NA   NA   NA
STTD_2000-02-25 10:36:00,2/25/2000 10:36,STTD,2000,W,TRUE,CLR,NA,NA,11.1,NA,NA,NA,NA,NA,NA,10,Regular,596026,622002,25976,25976,79.78754317,79.78754317,NA,NA,NA,Terrestrial Insects,63,Order,Coleoptera,Coleoptera,NA,66,0.827,0.827,NA,NA,NA,NA,NA,NA,NA,NA,NA,NA,NA   NA   NA   NA,NA   NA   NA   NA
STTD_2000-02-25 10:36:00,2/25/2000 10:36,STTD,2000,W,TRUE,CLR,NA,NA,11.1,NA,NA,NA,NA,NA,NA,10,Regular,596026,622002,25976,25976,79.78754317,79.78754317,NA,NA,NA,Terrestrial Non-Insects,57,Subclass,Acari,Acari,NA,7,0.088,0.088,NA,NA,NA,NA,NA,NA,NA,NA,NA,NA,NA   NA   NA   NA,NA   NA   NA   NA
STTD_2000-02-25 10:36:00,2/25/2000 10:36,STTD,2000,W,TRUE,CLR,NA,NA,11.1,NA,NA,NA,NA,NA,NA,10,Regular,596026,622002,25976,25976,79.78754317,79.78754317,NA,NA,NA,Terrestrial Non-Insects,58,Suborder,Araneida,Araneida,NA,10,0.125,0.125,NA,NA,NA,NA,NA,NA,NA,NA,NA,NA,NA   NA   NA   NA,NA   NA   NA   NA
SHR_2000-02-29 09:58:00,2/29/2000 9:58,SHR,2000,W,TRUE,NA,NA,NA,NA,NA,NA,NA,NA,NA,NA,10,Regular,622014,634965,12951,12951,39.78012287,39.78012287,NA,NA,NA,Aquatic Non-Insects,18,Family,Hydridae,Hydridae,NA,1,0.025,0.025,NA,NA,NA,NA,NA,NA,NA,NA,NA,NA,NA   NA   NA   NA,NA   NA   NA   NA
SHR_2000-02-29 09:58:00,2/29/2000 9:58,SHR,2000,W,TRUE,NA,NA,NA,NA,NA,NA,NA,NA,NA,NA,10,Regular,622014,634965,12951,12951,39.78012287,39.78012287,NA,NA,NA,Aquatic Non-Insects,4,Family,Naididae,Naididae,NA,2,0.05,0.05,NA,NA,NA,NA,NA,NA,NA,NA,NA,NA,NA   NA   NA   NA,NA   NA   NA   NA
SHR_2000-02-29 09:58:00,2/29/2000 9:58,SHR,2000,W,TRUE,NA,NA,NA,NA,NA,NA,NA,NA,NA,NA,10,Regular,622014,634965,12951,12951,39.78012287,39.78012287,NA,NA,NA,Aquatic Non-Insects,2,Family,Enchytraeidae,Enchytraeidae,NA,1,0.025,0.025,NA,NA,NA,NA,NA,NA,NA,NA,NA,NA,NA   NA   NA   NA,NA   NA   NA   NA
SHR_2000-02-29 09:58:00,2/29/2000 9:58,SHR,2000,W,TRUE,NA,NA,NA,NA,NA,NA,NA,NA,NA,NA,10,Regular,622014,634965,12951,12951,39.78012287,39.78012287,NA,NA,NA,Aquatic Non-Insects,3,Suborder,Lumbricina,Lumbricina,NA,3,0.075,0.075,NA,NA,NA,NA,NA,NA,NA,NA,NA,NA,NA   NA   NA   NA,NA   NA   NA   NA
SHR_2000-02-29 09:58:00,2/29/2000 9:58,SHR,2000,W,TRUE,NA,NA,NA,NA,NA,NA,NA,NA,NA,NA,10,Regular,622014,634965,12951,12951,39.78012287,39.78012287,NA,NA,NA,Aquatic Non-Insects,13,Family,Mysidae,Mysidae,NA,2,0.05,0.05,NA,NA,NA,NA,NA,NA,NA,NA,NA,NA,NA   NA   NA   NA,NA   NA   NA   NA
SHR_2000-02-29 09:58:00,2/29/2000 9:58,SHR,2000,W,TRUE,NA,NA,NA,NA,NA,NA,NA,NA,NA,NA,10,Regular,622014,634965,12951,12951,39.78012287,39.78012287,NA,NA,NA,Aquatic Non-Insects,9,Family,Corophiidae,Corophiidae,NA,1,0.025,0.025,NA,NA,NA,NA,NA,NA,NA,NA,NA,NA,NA   NA   NA   NA,NA   NA   NA   NA
SHR_2000-02-29 09:58:00,2/29/2000 9:58,SHR,2000,W,TRUE,NA,NA,NA,NA,NA,NA,NA,NA,NA,NA,10,Regular,622014,634965,12951,12951,39.78012287,39.78012287,NA,NA,NA,Aquatic Non-Insects,10,Family,Crangonyctidae,Crangonyctidae,NA,1,0.025,0.025,NA,NA,NA,NA,NA,NA,NA,NA,NA,NA,NA   NA   NA   NA,NA   NA   NA   NA
SHR_2000-02-29 09:58:00,2/29/2000 9:58,SHR,2000,W,TRUE,NA,NA,NA,NA,NA,NA,NA,NA,NA,NA,10,Regular,622014,634965,12951,12951,39.78012287,39.78012287,NA,NA,NA,Aquatic Insects,42,Family,Ephemerellidae,Ephemerellidae,NA,2,0.05,0.05,NA,NA,NA,NA,NA,NA,NA,NA,NA,NA,NA   NA   NA   NA,NA   NA   NA   NA
SHR_2000-02-29 09:58:00,2/29/2000 9:58,SHR,2000,W,TRUE,NA,NA,NA,NA,NA,NA,NA,NA,NA,NA,10,Regular,622014,634965,12951,12951,39.78012287,39.78012287,NA,NA,NA,Aquatic Insects,43,Family,Heptageniidae,Heptageniidae,NA,1,0.025,0.025,NA,NA,NA,NA,NA,NA,NA,NA,NA,NA,NA   NA   NA   NA,NA   NA   NA   NA
SHR_2000-02-29 09:58:00,2/29/2000 9:58,SHR,2000,W,TRUE,NA,NA,NA,NA,NA,NA,NA,NA,NA,NA,10,Regular,622014,634965,12951,12951,39.78012287,39.78012287,NA,NA,NA,Aquatic Insects,78,Family,Tricorythidae,Tricorythidae,NA,1,0.025,0.025,NA,NA,NA,NA,NA,NA,NA,NA,NA,NA,NA   NA   NA   NA,NA   NA   NA   NA
SHR_2000-02-29 09:58:00,2/29/2000 9:58,SHR,2000,W,TRUE,NA,NA,NA,NA,NA,NA,NA,NA,NA,NA,10,Regular,622014,634965,12951,12951,39.78012287,39.78012287,NA,NA,NA,Aquatic Insects,44,Family,Corixidae,Corixidae,NA,2,0.05,0.05,NA,NA,NA,NA,NA,NA,NA,NA,NA,NA,NA   NA   NA   NA,NA   NA   NA   NA
SHR_2000-02-29 09:58:00,2/29/2000 9:58,SHR,2000,W,TRUE,NA,NA,NA,NA,NA,NA,NA,NA,NA,NA,10,Regular,622014,634965,12951,12951,39.78012287,39.78012287,NA,NA,NA,Aquatic Insects,30,Family,Dytiscidae,Dytiscidae,NA,1,0.025,0.025,NA,NA,NA,NA,NA,NA,NA,NA,NA,NA,NA   NA   NA   NA,NA   NA   NA   NA
SHR_2000-02-29 09:58:00,2/29/2000 9:58,SHR,2000,W,TRUE,NA,NA,NA,NA,NA,NA,NA,NA,NA,NA,10,Regular,622014,634965,12951,12951,39.78012287,39.78012287,NA,NA,NA,Aquatic Insects,34,Family,Chironomidae,Chironomidae,NA,10,0.251,0.251,NA,NA,NA,NA,NA,NA,NA,NA,NA,NA,NA   NA   NA   NA,NA   NA   NA   NA
SHR_2000-02-29 09:58:00,2/29/2000 9:58,SHR,2000,W,TRUE,NA,NA,NA,NA,NA,NA,NA,NA,NA,NA,10,Regular,622014,634965,12951,12951,39.78012287,39.78012287,NA,NA,NA,Aquatic Non-Insects,19,Family,Corbiculidae,Corbiculidae,NA,1,0.025,0.025,NA,NA,NA,NA,NA,NA,NA,NA,NA,NA,NA   NA   NA   NA,NA   NA   NA   NA
SHR_2000-02-29 09:58:00,2/29/2000 9:58,SHR,2000,W,TRUE,NA,NA,NA,NA,NA,NA,NA,NA,NA,NA,10,Regular,622014,634965,12951,12951,39.78012287,39.78012287,NA,NA,NA,Terrestrial Non-Insects,68,Order,Collembola,Collembola,NA,2,0.05,0.05,NA,NA,NA,NA,NA,NA,NA,NA,NA,NA,NA   NA   NA   NA,NA   NA   NA   NA
SHR_2000-02-29 09:58:00,2/29/2000 9:58,SHR,2000,W,TRUE,NA,NA,NA,NA,NA,NA,NA,NA,NA,NA,10,Regular,622014,634965,12951,12951,39.78012287,39.78012287,NA,NA,NA,Terrestrial Insects,63,Order,Coleoptera,Coleoptera,NA,1,0.025,0.025,NA,NA,NA,NA,NA,NA,NA,NA,NA,NA,NA   NA   NA   NA,NA   NA   NA   NA
STTD_2000-02-29 11:55:00,2/29/2000 11:55,STTD,2000,W,TRUE,NA,NA,NA,NA,NA,NA,NA,NA,NA,NA,5,Regular,634979,648686,13707,13707,42.10224262,42.10224262,NA,NA,NA,Aquatic Non-Insects,2,Family,Enchytraeidae,Enchytraeidae,NA,57,1.354,1.354,NA,NA,NA,NA,NA,NA,NA,NA,NA,NA,NA   NA   NA   NA,NA   NA   NA   NA
STTD_2000-02-29 11:55:00,2/29/2000 11:55,STTD,2000,W,TRUE,NA,NA,NA,NA,NA,NA,NA,NA,NA,NA,5,Regular,634979,648686,13707,13707,42.10224262,42.10224262,NA,NA,NA,Aquatic Non-Insects,9,Family,Corophiidae,Corophiidae,NA,4,0.095,0.095,NA,NA,NA,NA,NA,NA,NA,NA,NA,NA,NA   NA   NA   NA,NA   NA   NA   NA
STTD_2000-02-29 11:55:00,2/29/2000 11:55,STTD,2000,W,TRUE,NA,NA,NA,NA,NA,NA,NA,NA,NA,NA,5,Regular,634979,648686,13707,13707,42.10224262,42.10224262,NA,NA,NA,Aquatic Non-Insects,10,Family,Crangonyctidae,Crangonyctidae,NA,1,0.024,0.024,NA,NA,NA,NA,NA,NA,NA,NA,NA,NA,NA   NA   NA   NA,NA   NA   NA   NA
STTD_2000-02-29 11:55:00,2/29/2000 11:55,STTD,2000,W,TRUE,NA,NA,NA,NA,NA,NA,NA,NA,NA,NA,5,Regular,634979,648686,13707,13707,42.10224262,42.10224262,NA,NA,NA,Aquatic Insects,44,Family,Corixidae,Corixidae,NA,4,0.095,0.095,NA,NA,NA,NA,NA,NA,NA,NA,NA,NA,NA   NA   NA   NA,NA   NA   NA   NA
STTD_2000-02-29 11:55:00,2/29/2000 11:55,STTD,2000,W,TRUE,NA,NA,NA,NA,NA,NA,NA,NA,NA,NA,5,Regular,634979,648686,13707,13707,42.10224262,42.10224262,NA,NA,NA,Aquatic Insects,30,Family,Dytiscidae,Dytiscidae,NA,38,0.903,0.903,NA,NA,NA,NA,NA,NA,NA,NA,NA,NA,NA   NA   NA   NA,NA   NA   NA   NA
STTD_2000-02-29 11:55:00,2/29/2000 11:55,STTD,2000,W,TRUE,NA,NA,NA,NA,NA,NA,NA,NA,NA,NA,5,Regular,634979,648686,13707,13707,42.10224262,42.10224262,NA,NA,NA,Aquatic Insects,52,Family,Hydraenidae,Hydraenidae,NA,2,0.048,0.048,NA,NA,NA,NA,NA,NA,NA,NA,NA,NA,NA   NA   NA   NA,NA   NA   NA   NA
STTD_2000-02-29 11:55:00,2/29/2000 11:55,STTD,2000,W,TRUE,NA,NA,NA,NA,NA,NA,NA,NA,NA,NA,5,Regular,634979,648686,13707,13707,42.10224262,42.10224262,NA,NA,NA,Aquatic Insects,48,Family,Hydropsychidae,Hydropsychidae,NA,7,0.166,0.166,NA,NA,NA,NA,NA,NA,NA,NA,NA,NA,NA   NA   NA   NA,NA   NA   NA   NA
STTD_2000-02-29 11:55:00,2/29/2000 11:55,STTD,2000,W,TRUE,NA,NA,NA,NA,NA,NA,NA,NA,NA,NA,5,Regular,634979,648686,13707,13707,42.10224262,42.10224262,NA,NA,NA,Aquatic Insects,32,Family,Ceratopogonidae,Ceratopogonidae,NA,7,0.166,0.166,NA,NA,NA,NA,NA,NA,NA,NA,NA,NA,NA   NA   NA   NA,NA   NA   NA   NA
STTD_2000-02-29 11:55:00,2/29/2000 11:55,STTD,2000,W,TRUE,NA,NA,NA,NA,NA,NA,NA,NA,NA,NA,5,Regular,634979,648686,13707,13707,42.10224262,42.10224262,NA,NA,NA,Aquatic Insects,34,Family,Chironomidae,Chironomidae,NA,175,4.157,4.157,NA,NA,NA,NA,NA,NA,NA,NA,NA,NA,NA   NA   NA   NA,NA   NA   NA   NA
STTD_2000-02-29 11:55:00,2/29/2000 11:55,STTD,2000,W,TRUE,NA,NA,NA,NA,NA,NA,NA,NA,NA,NA,5,Regular,634979,648686,13707,13707,42.10224262,42.10224262,NA,NA,NA,Aquatic Insects,36,Family,Ephydridae,Ephydridae,NA,17,0.404,0.404,NA,NA,NA,NA,NA,NA,NA,NA,NA,NA,NA   NA   NA   NA,NA   NA   NA   NA
STTD_2000-02-29 11:55:00,2/29/2000 11:55,STTD,2000,W,TRUE,NA,NA,NA,NA,NA,NA,NA,NA,NA,NA,5,Regular,634979,648686,13707,13707,42.10224262,42.10224262,NA,NA,NA,Aquatic Insects,54,Family,Sciomyzidae,Sciomyzidae,NA,1,0.024,0.024,NA,NA,NA,NA,NA,NA,NA,NA,NA,NA,NA   NA   NA   NA,NA   NA   NA   NA
STTD_2000-02-29 11:55:00,2/29/2000 11:55,STTD,2000,W,TRUE,NA,NA,NA,NA,NA,NA,NA,NA,NA,NA,5,Regular,634979,648686,13707,13707,42.10224262,42.10224262,NA,NA,NA,Terrestrial Non-Insects,68,Order,Collembola,Collembola,NA,3,0.071,0.071,NA,NA,NA,NA,NA,NA,NA,NA,NA,NA,NA   NA   NA   NA,NA   NA   NA   NA
STTD_2000-02-29 11:55:00,2/29/2000 11:55,STTD,2000,W,TRUE,NA,NA,NA,NA,NA,NA,NA,NA,NA,NA,5,Regular,634979,648686,13707,13707,42.10224262,42.10224262,NA,NA,NA,Terrestrial Insects,71,Order,Hemiptera,Hemiptera,NA,4,0.095,0.095,NA,NA,NA,NA,NA,NA,NA,NA,NA,NA,NA   NA   NA   NA,NA   NA   NA   NA
STTD_2000-02-29 11:55:00,2/29/2000 11:55,STTD,2000,W,TRUE,NA,NA,NA,NA,NA,NA,NA,NA,NA,NA,5,Regular,634979,648686,13707,13707,42.10224262,42.10224262,NA,NA,NA,Terrestrial Insects,73,Order,Lepidoptera,Lepidoptera,NA,2,0.048,0.048,NA,NA,NA,NA,NA,NA,NA,NA,NA,NA,NA   NA   NA   NA,NA   NA   NA   NA
STTD_2000-02-29 11:55:00,2/29/2000 11:55,STTD,2000,W,TRUE,NA,NA,NA,NA,NA,NA,NA,NA,NA,NA,5,Regular,634979,648686,13707,13707,42.10224262,42.10224262,NA,NA,NA,Terrestrial Insects,63,Order,Coleoptera,Coleoptera,NA,82,1.948,1.948,NA,NA,NA,NA,NA,NA,NA,NA,NA,NA,NA   NA   NA   NA,NA   NA   NA   NA
STTD_2000-02-29 11:55:00,2/29/2000 11:55,STTD,2000,W,TRUE,NA,NA,NA,NA,NA,NA,NA,NA,NA,NA,5,Regular,634979,648686,13707,13707,42.10224262,42.10224262,NA,NA,NA,Terrestrial Non-Insects,58,Suborder,Araneida,Araneida,NA,2,0.048,0.048,NA,NA,NA,NA,NA,NA,NA,NA,NA,NA,NA   NA   NA   NA,NA   NA   NA   NA
SHR_2000-03-08 09:55:00,3/8/2000 9:55,SHR,2000,W,TRUE,CLR,NA,NA,NA,NA,NA,NA,NA,NA,NA,30,Regular,648701,657148,8447,8447,25.94569515,25.94569515,NA,NA,NA,Aquatic Non-Insects,4,Family,Naididae,Naididae,NA,2,0.077,0.077,NA,NA,NA,NA,NA,NA,NA,NA,NA,NA,NA   NA   NA   NA,NA   NA   NA   NA
SHR_2000-03-08 09:55:00,3/8/2000 9:55,SHR,2000,W,TRUE,CLR,NA,NA,NA,NA,NA,NA,NA,NA,NA,30,Regular,648701,657148,8447,8447,25.94569515,25.94569515,NA,NA,NA,Aquatic Non-Insects,2,Family,Enchytraeidae,Enchytraeidae,NA,1,0.039,0.039,NA,NA,NA,NA,NA,NA,NA,NA,NA,NA,NA   NA   NA   NA,NA   NA   NA   NA
SHR_2000-03-08 09:55:00,3/8/2000 9:55,SHR,2000,W,TRUE,CLR,NA,NA,NA,NA,NA,NA,NA,NA,NA,30,Regular,648701,657148,8447,8447,25.94569515,25.94569515,NA,NA,NA,Aquatic Non-Insects,9,Family,Corophiidae,Corophiidae,NA,1,0.039,0.039,NA,NA,NA,NA,NA,NA,NA,NA,NA,NA,NA   NA   NA   NA,NA   NA   NA   NA
SHR_2000-03-08 09:55:00,3/8/2000 9:55,SHR,2000,W,TRUE,CLR,NA,NA,NA,NA,NA,NA,NA,NA,NA,30,Regular,648701,657148,8447,8447,25.94569515,25.94569515,NA,NA,NA,Aquatic Non-Insects,10,Family,Crangonyctidae,Crangonyctidae,NA,1,0.039,0.039,NA,NA,NA,NA,NA,NA,NA,NA,NA,NA,NA   NA   NA   NA,NA   NA   NA   NA
SHR_2000-03-08 09:55:00,3/8/2000 9:55,SHR,2000,W,TRUE,CLR,NA,NA,NA,NA,NA,NA,NA,NA,NA,30,Regular,648701,657148,8447,8447,25.94569515,25.94569515,NA,NA,NA,Aquatic Insects,42,Family,Ephemerellidae,Ephemerellidae,NA,1,0.039,0.039,NA,NA,NA,NA,NA,NA,NA,NA,NA,NA,NA   NA   NA   NA,NA   NA   NA   NA
SHR_2000-03-08 09:55:00,3/8/2000 9:55,SHR,2000,W,TRUE,CLR,NA,NA,NA,NA,NA,NA,NA,NA,NA,30,Regular,648701,657148,8447,8447,25.94569515,25.94569515,NA,NA,NA,Aquatic Insects,43,Family,Heptageniidae,Heptageniidae,NA,2,0.077,0.077,NA,NA,NA,NA,NA,NA,NA,NA,NA,NA,NA   NA   NA   NA,NA   NA   NA   NA
SHR_2000-03-08 09:55:00,3/8/2000 9:55,SHR,2000,W,TRUE,CLR,NA,NA,NA,NA,NA,NA,NA,NA,NA,30,Regular,648701,657148,8447,8447,25.94569515,25.94569515,NA,NA,NA,Aquatic Insects,44,Family,Corixidae,Corixidae,NA,4,0.154,0.154,NA,NA,NA,NA,NA,NA,NA,NA,NA,NA,NA   NA   NA   NA,NA   NA   NA   NA
SHR_2000-03-08 09:55:00,3/8/2000 9:55,SHR,2000,W,TRUE,CLR,NA,NA,NA,NA,NA,NA,NA,NA,NA,30,Regular,648701,657148,8447,8447,25.94569515,25.94569515,NA,NA,NA,Aquatic Insects,48,Family,Hydropsychidae,Hydropsychidae,NA,1,0.039,0.039,NA,NA,NA,NA,NA,NA,NA,NA,NA,NA,NA   NA   NA   NA,NA   NA   NA   NA
SHR_2000-03-08 09:55:00,3/8/2000 9:55,SHR,2000,W,TRUE,CLR,NA,NA,NA,NA,NA,NA,NA,NA,NA,30,Regular,648701,657148,8447,8447,25.94569515,25.94569515,NA,NA,NA,Aquatic Insects,34,Family,Chironomidae,Chironomidae,NA,7,0.27,0.27,NA,NA,NA,NA,NA,NA,NA,NA,NA,NA,NA   NA   NA   NA,NA   NA   NA   NA
SHR_2000-03-08 09:55:00,3/8/2000 9:55,SHR,2000,W,TRUE,CLR,NA,NA,NA,NA,NA,NA,NA,NA,NA,30,Regular,648701,657148,8447,8447,25.94569515,25.94569515,NA,NA,NA,Aquatic Insects,38,Family,Simuliidae,Simuliidae,NA,1,0.039,0.039,NA,NA,NA,NA,NA,NA,NA,NA,NA,NA,NA   NA   NA   NA,NA   NA   NA   NA
SHR_2000-03-08 09:55:00,3/8/2000 9:55,SHR,2000,W,TRUE,CLR,NA,NA,NA,NA,NA,NA,NA,NA,NA,30,Regular,648701,657148,8447,8447,25.94569515,25.94569515,NA,NA,NA,Terrestrial Insects,63,Order,Coleoptera,Coleoptera,NA,1,0.039,0.039,NA,NA,NA,NA,NA,NA,NA,NA,NA,NA,NA   NA   NA   NA,NA   NA   NA   NA
STTD_2000-03-08 11:52:00,3/8/2000 11:52,STTD,2000,W,TRUE,CLR,NA,NA,NA,NA,NA,NA,NA,NA,NA,30,Regular,657153,689845,32692,32692,100.4163213,100.4163213,NA,NA,NA,Aquatic Non-Insects,24,Family,Mermithidae,Mermithidae,NA,3,0.03,0.03,NA,NA,NA,NA,NA,NA,NA,NA,NA,NA,NA   NA   NA   NA,NA   NA   NA   NA
STTD_2000-03-08 11:52:00,3/8/2000 11:52,STTD,2000,W,TRUE,CLR,NA,NA,NA,NA,NA,NA,NA,NA,NA,30,Regular,657153,689845,32692,32692,100.4163213,100.4163213,NA,NA,NA,Aquatic Non-Insects,2,Family,Enchytraeidae,Enchytraeidae,NA,8,0.08,0.08,NA,NA,NA,NA,NA,NA,NA,NA,NA,NA,NA   NA   NA   NA,NA   NA   NA   NA
STTD_2000-03-08 11:52:00,3/8/2000 11:52,STTD,2000,W,TRUE,CLR,NA,NA,NA,NA,NA,NA,NA,NA,NA,30,Regular,657153,689845,32692,32692,100.4163213,100.4163213,NA,NA,NA,Aquatic Non-Insects,8,Family,Sabellidae,Sabellidae,NA,1,0.01,0.01,NA,NA,NA,NA,NA,NA,NA,NA,NA,NA,NA   NA   NA   NA,NA   NA   NA   NA
STTD_2000-03-08 11:52:00,3/8/2000 11:52,STTD,2000,W,TRUE,CLR,NA,NA,NA,NA,NA,NA,NA,NA,NA,30,Regular,657153,689845,32692,32692,100.4163213,100.4163213,NA,NA,NA,Aquatic Non-Insects,14,Family,Cyprididae,Cyprididae,NA,4,0.04,0.04,NA,NA,NA,NA,NA,NA,NA,NA,NA,NA,NA   NA   NA   NA,NA   NA   NA   NA
STTD_2000-03-08 11:52:00,3/8/2000 11:52,STTD,2000,W,TRUE,CLR,NA,NA,NA,NA,NA,NA,NA,NA,NA,30,Regular,657153,689845,32692,32692,100.4163213,100.4163213,NA,NA,NA,Aquatic Non-Insects,9,Family,Corophiidae,Corophiidae,NA,41,0.408,0.408,NA,NA,NA,NA,NA,NA,NA,NA,NA,NA,NA   NA   NA   NA,NA   NA   NA   NA
STTD_2000-03-08 11:52:00,3/8/2000 11:52,STTD,2000,W,TRUE,CLR,NA,NA,NA,NA,NA,NA,NA,NA,NA,30,Regular,657153,689845,32692,32692,100.4163213,100.4163213,NA,NA,NA,Aquatic Non-Insects,10,Family,Crangonyctidae,Crangonyctidae,NA,5,0.05,0.05,NA,NA,NA,NA,NA,NA,NA,NA,NA,NA,NA   NA   NA   NA,NA   NA   NA   NA
STTD_2000-03-08 11:52:00,3/8/2000 11:52,STTD,2000,W,TRUE,CLR,NA,NA,NA,NA,NA,NA,NA,NA,NA,30,Regular,657153,689845,32692,32692,100.4163213,100.4163213,NA,NA,NA,Aquatic Insects,46,Family,Coenagrionidae,Coenagrionidae,NA,1,0.01,0.01,NA,NA,NA,NA,NA,NA,NA,NA,NA,NA,NA   NA   NA   NA,NA   NA   NA   NA
STTD_2000-03-08 11:52:00,3/8/2000 11:52,STTD,2000,W,TRUE,CLR,NA,NA,NA,NA,NA,NA,NA,NA,NA,30,Regular,657153,689845,32692,32692,100.4163213,100.4163213,NA,NA,NA,Aquatic Insects,44,Family,Corixidae,Corixidae,NA,48,0.478,0.478,NA,NA,NA,NA,NA,NA,NA,NA,NA,NA,NA   NA   NA   NA,NA   NA   NA   NA
STTD_2000-03-08 11:52:00,3/8/2000 11:52,STTD,2000,W,TRUE,CLR,NA,NA,NA,NA,NA,NA,NA,NA,NA,30,Regular,657153,689845,32692,32692,100.4163213,100.4163213,NA,NA,NA,Aquatic Insects,30,Family,Dytiscidae,Dytiscidae,NA,28,0.279,0.279,NA,NA,NA,NA,NA,NA,NA,NA,NA,NA,NA   NA   NA   NA,NA   NA   NA   NA
STTD_2000-03-08 11:52:00,3/8/2000 11:52,STTD,2000,W,TRUE,CLR,NA,NA,NA,NA,NA,NA,NA,NA,NA,30,Regular,657153,689845,32692,32692,100.4163213,100.4163213,NA,NA,NA,Aquatic Insects,48,Family,Hydropsychidae,Hydropsychidae,NA,3,0.03,0.03,NA,NA,NA,NA,NA,NA,NA,NA,NA,NA,NA   NA   NA   NA,NA   NA   NA   NA
STTD_2000-03-08 11:52:00,3/8/2000 11:52,STTD,2000,W,TRUE,CLR,NA,NA,NA,NA,NA,NA,NA,NA,NA,30,Regular,657153,689845,32692,32692,100.4163213,100.4163213,NA,NA,NA,Aquatic Insects,32,Family,Ceratopogonidae,Ceratopogonidae,NA,125,1.245,1.245,NA,NA,NA,NA,NA,NA,NA,NA,NA,NA,NA   NA   NA   NA,NA   NA   NA   NA
STTD_2000-03-08 11:52:00,3/8/2000 11:52,STTD,2000,W,TRUE,CLR,NA,NA,NA,NA,NA,NA,NA,NA,NA,30,Regular,657153,689845,32692,32692,100.4163213,100.4163213,NA,NA,NA,Aquatic Insects,34,Family,Chironomidae,Chironomidae,NA,674,6.712,6.712,NA,NA,NA,NA,NA,NA,NA,NA,NA,NA,NA   NA   NA   NA,NA   NA   NA   NA
STTD_2000-03-08 11:52:00,3/8/2000 11:52,STTD,2000,W,TRUE,CLR,NA,NA,NA,NA,NA,NA,NA,NA,NA,30,Regular,657153,689845,32692,32692,100.4163213,100.4163213,NA,NA,NA,Aquatic Insects,36,Family,Ephydridae,Ephydridae,NA,62,0.617,0.617,NA,NA,NA,NA,NA,NA,NA,NA,NA,NA,NA   NA   NA   NA,NA   NA   NA   NA
STTD_2000-03-08 11:52:00,3/8/2000 11:52,STTD,2000,W,TRUE,CLR,NA,NA,NA,NA,NA,NA,NA,NA,NA,30,Regular,657153,689845,32692,32692,100.4163213,100.4163213,NA,NA,NA,Aquatic Insects,54,Family,Sciomyzidae,Sciomyzidae,NA,1,0.01,0.01,NA,NA,NA,NA,NA,NA,NA,NA,NA,NA,NA   NA   NA   NA,NA   NA   NA   NA
STTD_2000-03-08 11:52:00,3/8/2000 11:52,STTD,2000,W,TRUE,CLR,NA,NA,NA,NA,NA,NA,NA,NA,NA,30,Regular,657153,689845,32692,32692,100.4163213,100.4163213,NA,NA,NA,Aquatic Non-Insects,77,Family,Hygrobatidae,Hygrobatidae,NA,1,0.01,0.01,NA,NA,NA,NA,NA,NA,NA,NA,NA,NA,NA   NA   NA   NA,NA   NA   NA   NA
STTD_2000-03-08 11:52:00,3/8/2000 11:52,STTD,2000,W,TRUE,CLR,NA,NA,NA,NA,NA,NA,NA,NA,NA,30,Regular,657153,689845,32692,32692,100.4163213,100.4163213,NA,NA,NA,Aquatic Non-Insects,20,Family,Physidae,Physidae,NA,80,0.797,0.797,NA,NA,NA,NA,NA,NA,NA,NA,NA,NA,NA   NA   NA   NA,NA   NA   NA   NA
STTD_2000-03-08 11:52:00,3/8/2000 11:52,STTD,2000,W,TRUE,CLR,NA,NA,NA,NA,NA,NA,NA,NA,NA,30,Regular,657153,689845,32692,32692,100.4163213,100.4163213,NA,NA,NA,Terrestrial Non-Insects,59,Order,Geophilomorpha,Geophilomorpha,NA,1,0.01,0.01,NA,NA,NA,NA,NA,NA,NA,NA,NA,NA,NA   NA   NA   NA,NA   NA   NA   NA
STTD_2000-03-08 11:52:00,3/8/2000 11:52,STTD,2000,W,TRUE,CLR,NA,NA,NA,NA,NA,NA,NA,NA,NA,30,Regular,657153,689845,32692,32692,100.4163213,100.4163213,NA,NA,NA,Terrestrial Non-Insects,68,Order,Collembola,Collembola,NA,8,0.08,0.08,NA,NA,NA,NA,NA,NA,NA,NA,NA,NA,NA   NA   NA   NA,NA   NA   NA   NA
STTD_2000-03-08 11:52:00,3/8/2000 11:52,STTD,2000,W,TRUE,CLR,NA,NA,NA,NA,NA,NA,NA,NA,NA,30,Regular,657153,689845,32692,32692,100.4163213,100.4163213,NA,NA,NA,Terrestrial Insects,67,Order,Psocoptera,Psocoptera,NA,3,0.03,0.03,NA,NA,NA,NA,NA,NA,NA,NA,NA,NA,NA   NA   NA   NA,NA   NA   NA   NA
STTD_2000-03-08 11:52:00,3/8/2000 11:52,STTD,2000,W,TRUE,CLR,NA,NA,NA,NA,NA,NA,NA,NA,NA,30,Regular,657153,689845,32692,32692,100.4163213,100.4163213,NA,NA,NA,Terrestrial Insects,71,Order,Hemiptera,Hemiptera,NA,4,0.04,0.04,NA,NA,NA,NA,NA,NA,NA,NA,NA,NA,NA   NA   NA   NA,NA   NA   NA   NA
STTD_2000-03-08 11:52:00,3/8/2000 11:52,STTD,2000,W,TRUE,CLR,NA,NA,NA,NA,NA,NA,NA,NA,NA,30,Regular,657153,689845,32692,32692,100.4163213,100.4163213,NA,NA,NA,Terrestrial Insects,73,Order,Lepidoptera,Lepidoptera,NA,4,0.04,0.04,NA,NA,NA,NA,NA,NA,NA,NA,NA,NA,NA   NA   NA   NA,NA   NA   NA   NA
STTD_2000-03-08 11:52:00,3/8/2000 11:52,STTD,2000,W,TRUE,CLR,NA,NA,NA,NA,NA,NA,NA,NA,NA,30,Regular,657153,689845,32692,32692,100.4163213,100.4163213,NA,NA,NA,Terrestrial Insects,63,Order,Coleoptera,Coleoptera,NA,59,0.588,0.588,NA,NA,NA,NA,NA,NA,NA,NA,NA,NA,NA   NA   NA   NA,NA   NA   NA   NA
STTD_2000-03-08 11:52:00,3/8/2000 11:52,STTD,2000,W,TRUE,CLR,NA,NA,NA,NA,NA,NA,NA,NA,NA,30,Regular,657153,689845,32692,32692,100.4163213,100.4163213,NA,NA,NA,Terrestrial Insects,64,Order,Diptera,Diptera,NA,7,0.07,0.07,NA,NA,NA,NA,NA,NA,NA,NA,NA,NA,NA   NA   NA   NA,NA   NA   NA   NA
STTD_2000-03-08 11:52:00,3/8/2000 11:52,STTD,2000,W,TRUE,CLR,NA,NA,NA,NA,NA,NA,NA,NA,NA,30,Regular,657153,689845,32692,32692,100.4163213,100.4163213,NA,NA,NA,Terrestrial Insects,66,Order,Hymenoptera,Hymenoptera,NA,17,0.169,0.169,NA,NA,NA,NA,NA,NA,NA,NA,NA,NA,NA   NA   NA   NA,NA   NA   NA   NA
STTD_2000-03-08 11:52:00,3/8/2000 11:52,STTD,2000,W,TRUE,CLR,NA,NA,NA,NA,NA,NA,NA,NA,NA,30,Regular,657153,689845,32692,32692,100.4163213,100.4163213,NA,NA,NA,Terrestrial Non-Insects,57,Subclass,Acari,Acari,NA,1,0.01,0.01,NA,NA,NA,NA,NA,NA,NA,NA,NA,NA,NA   NA   NA   NA,NA   NA   NA   NA
STTD_2000-03-08 11:52:00,3/8/2000 11:52,STTD,2000,W,TRUE,CLR,NA,NA,NA,NA,NA,NA,NA,NA,NA,30,Regular,657153,689845,32692,32692,100.4163213,100.4163213,NA,NA,NA,Terrestrial Non-Insects,58,Suborder,Araneida,Araneida,NA,72,0.717,0.717,NA,NA,NA,NA,NA,NA,NA,NA,NA,NA,NA   NA   NA   NA,NA   NA   NA   NA
STTD_2000-03-15 11:37:00,3/15/2000 11:37,STTD,2000,W,TRUE,NA,NA,NA,NA,NA,NA,NA,NA,NA,NA,30,Regular,825502,845914,20412,20412,62.69723326,62.69723326,NA,YD00-006,NA,Aquatic Non-Insects,4,Family,Naididae,Naididae,NA,5,0.08,0.08,NA,NA,NA,NA,NA,NA,NA,NA,NA,NA,NA   NA   NA   NA,NA   NA   NA   NA
STTD_2000-03-15 11:37:00,3/15/2000 11:37,STTD,2000,W,TRUE,NA,NA,NA,NA,NA,NA,NA,NA,NA,NA,30,Regular,825502,845914,20412,20412,62.69723326,62.69723326,NA,YD00-006,NA,Aquatic Non-Insects,14,Family,Cyprididae,Cyprididae,NA,9,0.144,0.144,NA,NA,NA,NA,NA,NA,NA,NA,NA,NA,NA   NA   NA   NA,NA   NA   NA   NA
STTD_2000-03-15 11:37:00,3/15/2000 11:37,STTD,2000,W,TRUE,NA,NA,NA,NA,NA,NA,NA,NA,NA,NA,30,Regular,825502,845914,20412,20412,62.69723326,62.69723326,NA,YD00-006,NA,Aquatic Non-Insects,9,Family,Corophiidae,Corophiidae,NA,18,0.287,0.287,NA,NA,NA,NA,NA,NA,NA,NA,NA,NA,NA   NA   NA   NA,NA   NA   NA   NA
STTD_2000-03-15 11:37:00,3/15/2000 11:37,STTD,2000,W,TRUE,NA,NA,NA,NA,NA,NA,NA,NA,NA,NA,30,Regular,825502,845914,20412,20412,62.69723326,62.69723326,NA,YD00-006,NA,Aquatic Non-Insects,10,Family,Crangonyctidae,Crangonyctidae,NA,8,0.128,0.128,NA,NA,NA,NA,NA,NA,NA,NA,NA,NA,NA   NA   NA   NA,NA   NA   NA   NA
STTD_2000-03-15 11:37:00,3/15/2000 11:37,STTD,2000,W,TRUE,NA,NA,NA,NA,NA,NA,NA,NA,NA,NA,30,Regular,825502,845914,20412,20412,62.69723326,62.69723326,NA,YD00-006,NA,Aquatic Insects,44,Family,Corixidae,Corixidae,NA,15,0.239,0.239,NA,NA,NA,NA,NA,NA,NA,NA,NA,NA,NA   NA   NA   NA,NA   NA   NA   NA
STTD_2000-03-15 11:37:00,3/15/2000 11:37,STTD,2000,W,TRUE,NA,NA,NA,NA,NA,NA,NA,NA,NA,NA,30,Regular,825502,845914,20412,20412,62.69723326,62.69723326,NA,YD00-006,NA,Aquatic Insects,30,Family,Dytiscidae,Dytiscidae,NA,3,0.048,0.048,NA,NA,NA,NA,NA,NA,NA,NA,NA,NA,NA   NA   NA   NA,NA   NA   NA   NA
STTD_2000-03-15 11:37:00,3/15/2000 11:37,STTD,2000,W,TRUE,NA,NA,NA,NA,NA,NA,NA,NA,NA,NA,30,Regular,825502,845914,20412,20412,62.69723326,62.69723326,NA,YD00-006,NA,Aquatic Insects,52,Family,Hydraenidae,Hydraenidae,NA,1,0.016,0.016,NA,NA,NA,NA,NA,NA,NA,NA,NA,NA,NA   NA   NA   NA,NA   NA   NA   NA
STTD_2000-03-15 11:37:00,3/15/2000 11:37,STTD,2000,W,TRUE,NA,NA,NA,NA,NA,NA,NA,NA,NA,NA,30,Regular,825502,845914,20412,20412,62.69723326,62.69723326,NA,YD00-006,NA,Aquatic Insects,32,Family,Ceratopogonidae,Ceratopogonidae,NA,2,0.032,0.032,NA,NA,NA,NA,NA,NA,NA,NA,NA,NA,NA   NA   NA   NA,NA   NA   NA   NA
STTD_2000-03-15 11:37:00,3/15/2000 11:37,STTD,2000,W,TRUE,NA,NA,NA,NA,NA,NA,NA,NA,NA,NA,30,Regular,825502,845914,20412,20412,62.69723326,62.69723326,NA,YD00-006,NA,Aquatic Insects,34,Family,Chironomidae,Chironomidae,NA,109,1.739,1.739,NA,NA,NA,NA,NA,NA,NA,NA,NA,NA,NA   NA   NA   NA,NA   NA   NA   NA
STTD_2000-03-15 11:37:00,3/15/2000 11:37,STTD,2000,W,TRUE,NA,NA,NA,NA,NA,NA,NA,NA,NA,NA,30,Regular,825502,845914,20412,20412,62.69723326,62.69723326,NA,YD00-006,NA,Aquatic Insects,36,Family,Ephydridae,Ephydridae,NA,1,0.016,0.016,NA,NA,NA,NA,NA,NA,NA,NA,NA,NA,NA   NA   NA   NA,NA   NA   NA   NA
STTD_2000-03-15 11:37:00,3/15/2000 11:37,STTD,2000,W,TRUE,NA,NA,NA,NA,NA,NA,NA,NA,NA,NA,30,Regular,825502,845914,20412,20412,62.69723326,62.69723326,NA,YD00-006,NA,Aquatic Non-Insects,20,Family,Physidae,Physidae,NA,35,0.558,0.558,NA,NA,NA,NA,NA,NA,NA,NA,NA,NA,NA   NA   NA   NA,NA   NA   NA   NA
STTD_2000-03-15 11:37:00,3/15/2000 11:37,STTD,2000,W,TRUE,NA,NA,NA,NA,NA,NA,NA,NA,NA,NA,30,Regular,825502,845914,20412,20412,62.69723326,62.69723326,NA,YD00-006,NA,Terrestrial Insects,71,Order,Hemiptera,Hemiptera,NA,1,0.016,0.016,NA,NA,NA,NA,NA,NA,NA,NA,NA,NA,NA   NA   NA   NA,NA   NA   NA   NA
STTD_2000-03-15 11:37:00,3/15/2000 11:37,STTD,2000,W,TRUE,NA,NA,NA,NA,NA,NA,NA,NA,NA,NA,30,Regular,825502,845914,20412,20412,62.69723326,62.69723326,NA,YD00-006,NA,Terrestrial Insects,63,Order,Coleoptera,Coleoptera,NA,9,0.144,0.144,NA,NA,NA,NA,NA,NA,NA,NA,NA,NA,NA   NA   NA   NA,NA   NA   NA   NA
STTD_2000-03-15 11:37:00,3/15/2000 11:37,STTD,2000,W,TRUE,NA,NA,NA,NA,NA,NA,NA,NA,NA,NA,30,Regular,825502,845914,20412,20412,62.69723326,62.69723326,NA,YD00-006,NA,Terrestrial Insects,66,Order,Hymenoptera,Hymenoptera,NA,3,0.048,0.048,NA,NA,NA,NA,NA,NA,NA,NA,NA,NA,NA   NA   NA   NA,NA   NA   NA   NA
STTD_2000-03-15 11:37:00,3/15/2000 11:37,STTD,2000,W,TRUE,NA,NA,NA,NA,NA,NA,NA,NA,NA,NA,30,Regular,825502,845914,20412,20412,62.69723326,62.69723326,NA,YD00-006,NA,Terrestrial Non-Insects,58,Suborder,Araneida,Araneida,NA,8,0.128,0.128,NA,NA,NA,NA,NA,NA,NA,NA,NA,NA,NA   NA   NA   NA,NA   NA   NA   NA
SHR_2000-03-16 10:51:00,3/16/2000 10:51,SHR,2000,W,TRUE,NA,NA,NA,NA,NA,NA,NA,NA,NA,NA,30,Regular,890606,898967,8361,8361,25.68153867,25.68153867,NA,NA,NA,Aquatic Non-Insects,24,Family,Mermithidae,Mermithidae,NA,1,0.039,0.039,NA,NA,NA,NA,NA,NA,NA,NA,NA,NA,NA   NA   NA   NA,NA   NA   NA   NA
SHR_2000-03-16 10:51:00,3/16/2000 10:51,SHR,2000,W,TRUE,NA,NA,NA,NA,NA,NA,NA,NA,NA,NA,30,Regular,890606,898967,8361,8361,25.68153867,25.68153867,NA,NA,NA,Aquatic Non-Insects,4,Family,Naididae,Naididae,NA,3,0.117,0.117,NA,NA,NA,NA,NA,NA,NA,NA,NA,NA,NA   NA   NA   NA,NA   NA   NA   NA
SHR_2000-03-16 10:51:00,3/16/2000 10:51,SHR,2000,W,TRUE,NA,NA,NA,NA,NA,NA,NA,NA,NA,NA,30,Regular,890606,898967,8361,8361,25.68153867,25.68153867,NA,NA,NA,Aquatic Non-Insects,9,Family,Corophiidae,Corophiidae,NA,7,0.273,0.273,NA,NA,NA,NA,NA,NA,NA,NA,NA,NA,NA   NA   NA   NA,NA   NA   NA   NA
SHR_2000-03-16 10:51:00,3/16/2000 10:51,SHR,2000,W,TRUE,NA,NA,NA,NA,NA,NA,NA,NA,NA,NA,30,Regular,890606,898967,8361,8361,25.68153867,25.68153867,NA,NA,NA,Aquatic Insects,44,Family,Corixidae,Corixidae,NA,2,0.078,0.078,NA,NA,NA,NA,NA,NA,NA,NA,NA,NA,NA   NA   NA   NA,NA   NA   NA   NA
SHR_2000-03-16 10:51:00,3/16/2000 10:51,SHR,2000,W,TRUE,NA,NA,NA,NA,NA,NA,NA,NA,NA,NA,30,Regular,890606,898967,8361,8361,25.68153867,25.68153867,NA,NA,NA,Aquatic Insects,48,Family,Hydropsychidae,Hydropsychidae,NA,1,0.039,0.039,NA,NA,NA,NA,NA,NA,NA,NA,NA,NA,NA   NA   NA   NA,NA   NA   NA   NA
SHR_2000-03-16 10:51:00,3/16/2000 10:51,SHR,2000,W,TRUE,NA,NA,NA,NA,NA,NA,NA,NA,NA,NA,30,Regular,890606,898967,8361,8361,25.68153867,25.68153867,NA,NA,NA,Aquatic Insects,32,Family,Ceratopogonidae,Ceratopogonidae,NA,1,0.039,0.039,NA,NA,NA,NA,NA,NA,NA,NA,NA,NA,NA   NA   NA   NA,NA   NA   NA   NA
SHR_2000-03-16 10:51:00,3/16/2000 10:51,SHR,2000,W,TRUE,NA,NA,NA,NA,NA,NA,NA,NA,NA,NA,30,Regular,890606,898967,8361,8361,25.68153867,25.68153867,NA,NA,NA,Aquatic Insects,34,Family,Chironomidae,Chironomidae,NA,15,0.584,0.584,NA,NA,NA,NA,NA,NA,NA,NA,NA,NA,NA   NA   NA   NA,NA   NA   NA   NA
SHR_2000-03-20 10:52:00,3/20/2000 10:52,SHR,2000,W,FALSE,CLR,NA,NA,NA,NA,NA,NA,NA,NA,NA,30,Regular,898950,907928,8978,8978,27.57670783,27.57670783,NA,NA,NA,Aquatic Non-Insects,18,Family,Hydridae,Hydridae,NA,7,0.254,0.254,NA,NA,NA,NA,NA,NA,NA,NA,NA,NA,NA   NA   NA   NA,NA   NA   NA   NA
SHR_2000-03-20 10:52:00,3/20/2000 10:52,SHR,2000,W,FALSE,CLR,NA,NA,NA,NA,NA,NA,NA,NA,NA,30,Regular,898950,907928,8978,8978,27.57670783,27.57670783,NA,NA,NA,Aquatic Non-Insects,23,Family,Dorylaimidae,Dorylaimidae,NA,2,0.073,0.073,NA,NA,NA,NA,NA,NA,NA,NA,NA,NA,NA   NA   NA   NA,NA   NA   NA   NA
SHR_2000-03-20 10:52:00,3/20/2000 10:52,SHR,2000,W,FALSE,CLR,NA,NA,NA,NA,NA,NA,NA,NA,NA,30,Regular,898950,907928,8978,8978,27.57670783,27.57670783,NA,NA,NA,Aquatic Non-Insects,24,Family,Mermithidae,Mermithidae,NA,3,0.109,0.109,NA,NA,NA,NA,NA,NA,NA,NA,NA,NA,NA   NA   NA   NA,NA   NA   NA   NA
SHR_2000-03-20 10:52:00,3/20/2000 10:52,SHR,2000,W,FALSE,CLR,NA,NA,NA,NA,NA,NA,NA,NA,NA,30,Regular,898950,907928,8978,8978,27.57670783,27.57670783,NA,NA,NA,Aquatic Non-Insects,4,Family,Naididae,Naididae,NA,66,2.393,2.393,NA,NA,NA,NA,NA,NA,NA,NA,NA,NA,NA   NA   NA   NA,NA   NA   NA   NA
SHR_2000-03-20 10:52:00,3/20/2000 10:52,SHR,2000,W,FALSE,CLR,NA,NA,NA,NA,NA,NA,NA,NA,NA,30,Regular,898950,907928,8978,8978,27.57670783,27.57670783,NA,NA,NA,Aquatic Non-Insects,2,Family,Enchytraeidae,Enchytraeidae,NA,2,0.073,0.073,NA,NA,NA,NA,NA,NA,NA,NA,NA,NA,NA   NA   NA   NA,NA   NA   NA   NA
SHR_2000-03-20 10:52:00,3/20/2000 10:52,SHR,2000,W,FALSE,CLR,NA,NA,NA,NA,NA,NA,NA,NA,NA,30,Regular,898950,907928,8978,8978,27.57670783,27.57670783,NA,NA,NA,Aquatic Non-Insects,8,Family,Sabellidae,Sabellidae,NA,1,0.036,0.036,NA,NA,NA,NA,NA,NA,NA,NA,NA,NA,NA   NA   NA   NA,NA   NA   NA   NA
SHR_2000-03-20 10:52:00,3/20/2000 10:52,SHR,2000,W,FALSE,CLR,NA,NA,NA,NA,NA,NA,NA,NA,NA,30,Regular,898950,907928,8978,8978,27.57670783,27.57670783,NA,NA,NA,Aquatic Non-Insects,13,Family,Mysidae,Mysidae,NA,1,0.036,0.036,NA,NA,NA,NA,NA,NA,NA,NA,NA,NA,NA   NA   NA   NA,NA   NA   NA   NA
SHR_2000-03-20 10:52:00,3/20/2000 10:52,SHR,2000,W,FALSE,CLR,NA,NA,NA,NA,NA,NA,NA,NA,NA,30,Regular,898950,907928,8978,8978,27.57670783,27.57670783,NA,NA,NA,Aquatic Non-Insects,9,Family,Corophiidae,Corophiidae,NA,4,0.145,0.145,NA,NA,NA,NA,NA,NA,NA,NA,NA,NA,NA   NA   NA   NA,NA   NA   NA   NA
SHR_2000-03-20 10:52:00,3/20/2000 10:52,SHR,2000,W,FALSE,CLR,NA,NA,NA,NA,NA,NA,NA,NA,NA,30,Regular,898950,907928,8978,8978,27.57670783,27.57670783,NA,NA,NA,Aquatic Insects,41,Family,Baetidae,Baetidae,NA,1,0.036,0.036,NA,NA,NA,NA,NA,NA,NA,NA,NA,NA,NA   NA   NA   NA,NA   NA   NA   NA
SHR_2000-03-20 10:52:00,3/20/2000 10:52,SHR,2000,W,FALSE,CLR,NA,NA,NA,NA,NA,NA,NA,NA,NA,30,Regular,898950,907928,8978,8978,27.57670783,27.57670783,NA,NA,NA,Aquatic Insects,34,Family,Chironomidae,Chironomidae,NA,30,1.088,1.088,NA,NA,NA,NA,NA,NA,NA,NA,NA,NA,NA   NA   NA   NA,NA   NA   NA   NA
SHR_2000-03-20 10:52:00,3/20/2000 10:52,SHR,2000,W,FALSE,CLR,NA,NA,NA,NA,NA,NA,NA,NA,NA,30,Regular,898950,907928,8978,8978,27.57670783,27.57670783,NA,NA,NA,Aquatic Insects,38,Family,Simuliidae,Simuliidae,NA,1,0.036,0.036,NA,NA,NA,NA,NA,NA,NA,NA,NA,NA,NA   NA   NA   NA,NA   NA   NA   NA
SHR_2000-03-20 10:52:00,3/20/2000 10:52,SHR,2000,W,FALSE,CLR,NA,NA,NA,NA,NA,NA,NA,NA,NA,30,Regular,898950,907928,8978,8978,27.57670783,27.57670783,NA,NA,NA,Aquatic Non-Insects,10,Family,Crangonyctidae,Crangonyctidae,NA,1,0.036,0.036,NA,NA,NA,NA,NA,NA,NA,NA,NA,NA,NA   NA   NA   NA,NA   NA   NA   NA
STTD_2000-03-21 08:45:00,3/21/2000 8:45,STTD,2000,W,FALSE,CLR,NA,NA,NA,NA,NA,NA,NA,NA,NA,30,Regular,907936,933226,25290,25290,77.68043451,77.68043451,NA,windy (LR 4/9/13),NA,Aquatic Non-Insects,4,Family,Naididae,Naididae,NA,2,0.026,0.026,NA,NA,NA,NA,NA,NA,NA,NA,NA,NA,NA   NA   NA   NA,NA   NA   NA   NA
STTD_2000-03-21 08:45:00,3/21/2000 8:45,STTD,2000,W,FALSE,CLR,NA,NA,NA,NA,NA,NA,NA,NA,NA,30,Regular,907936,933226,25290,25290,77.68043451,77.68043451,NA,windy (LR 4/9/13),NA,Aquatic Non-Insects,2,Family,Enchytraeidae,Enchytraeidae,NA,1,0.013,0.013,NA,NA,NA,NA,NA,NA,NA,NA,NA,NA,NA   NA   NA   NA,NA   NA   NA   NA
STTD_2000-03-21 08:45:00,3/21/2000 8:45,STTD,2000,W,FALSE,CLR,NA,NA,NA,NA,NA,NA,NA,NA,NA,30,Regular,907936,933226,25290,25290,77.68043451,77.68043451,NA,windy (LR 4/9/13),NA,Aquatic Non-Insects,14,Family,Cyprididae,Cyprididae,NA,4,0.051,0.051,NA,NA,NA,NA,NA,NA,NA,NA,NA,NA,NA   NA   NA   NA,NA   NA   NA   NA
STTD_2000-03-21 08:45:00,3/21/2000 8:45,STTD,2000,W,FALSE,CLR,NA,NA,NA,NA,NA,NA,NA,NA,NA,30,Regular,907936,933226,25290,25290,77.68043451,77.68043451,NA,windy (LR 4/9/13),NA,Aquatic Non-Insects,9,Family,Corophiidae,Corophiidae,NA,19,0.245,0.245,NA,NA,NA,NA,NA,NA,NA,NA,NA,NA,NA   NA   NA   NA,NA   NA   NA   NA
STTD_2000-03-21 08:45:00,3/21/2000 8:45,STTD,2000,W,FALSE,CLR,NA,NA,NA,NA,NA,NA,NA,NA,NA,30,Regular,907936,933226,25290,25290,77.68043451,77.68043451,NA,windy (LR 4/9/13),NA,Aquatic Non-Insects,10,Family,Crangonyctidae,Crangonyctidae,NA,37,0.476,0.476,NA,NA,NA,NA,NA,NA,NA,NA,NA,NA,NA   NA   NA   NA,NA   NA   NA   NA
STTD_2000-03-21 08:45:00,3/21/2000 8:45,STTD,2000,W,FALSE,CLR,NA,NA,NA,NA,NA,NA,NA,NA,NA,30,Regular,907936,933226,25290,25290,77.68043451,77.68043451,NA,windy (LR 4/9/13),NA,Aquatic Insects,41,Family,Baetidae,Baetidae,NA,1,0.013,0.013,NA,NA,NA,NA,NA,NA,NA,NA,NA,NA,NA   NA   NA   NA,NA   NA   NA   NA
STTD_2000-03-21 08:45:00,3/21/2000 8:45,STTD,2000,W,FALSE,CLR,NA,NA,NA,NA,NA,NA,NA,NA,NA,30,Regular,907936,933226,25290,25290,77.68043451,77.68043451,NA,windy (LR 4/9/13),NA,Aquatic Insects,44,Family,Corixidae,Corixidae,NA,8,0.103,0.103,NA,NA,NA,NA,NA,NA,NA,NA,NA,NA,NA   NA   NA   NA,NA   NA   NA   NA
STTD_2000-03-21 08:45:00,3/21/2000 8:45,STTD,2000,W,FALSE,CLR,NA,NA,NA,NA,NA,NA,NA,NA,NA,30,Regular,907936,933226,25290,25290,77.68043451,77.68043451,NA,windy (LR 4/9/13),NA,Aquatic Insects,48,Family,Hydropsychidae,Hydropsychidae,NA,1,0.013,0.013,NA,NA,NA,NA,NA,NA,NA,NA,NA,NA,NA   NA   NA   NA,NA   NA   NA   NA
STTD_2000-03-21 08:45:00,3/21/2000 8:45,STTD,2000,W,FALSE,CLR,NA,NA,NA,NA,NA,NA,NA,NA,NA,30,Regular,907936,933226,25290,25290,77.68043451,77.68043451,NA,windy (LR 4/9/13),NA,Aquatic Insects,34,Family,Chironomidae,Chironomidae,NA,48,0.618,0.618,NA,NA,NA,NA,NA,NA,NA,NA,NA,NA,NA   NA   NA   NA,NA   NA   NA   NA
STTD_2000-03-21 08:45:00,3/21/2000 8:45,STTD,2000,W,FALSE,CLR,NA,NA,NA,NA,NA,NA,NA,NA,NA,30,Regular,907936,933226,25290,25290,77.68043451,77.68043451,NA,windy (LR 4/9/13),NA,Aquatic Non-Insects,20,Family,Physidae,Physidae,NA,4,0.051,0.051,NA,NA,NA,NA,NA,NA,NA,NA,NA,NA,NA   NA   NA   NA,NA   NA   NA   NA
STTD_2000-03-21 08:45:00,3/21/2000 8:45,STTD,2000,W,FALSE,CLR,NA,NA,NA,NA,NA,NA,NA,NA,NA,30,Regular,907936,933226,25290,25290,77.68043451,77.68043451,NA,windy (LR 4/9/13),NA,Aquatic Insects,36,Family,Ephydridae,Ephydridae,NA,3,0.039,0.039,NA,NA,NA,NA,NA,NA,NA,NA,NA,NA,NA   NA   NA   NA,NA   NA   NA   NA
STTD_2001-01-30 11:00:00,1/30/2001 11:00,STTD,2001,D,FALSE,CLR,NA,NA,7.8,0.12,NA,NA,NA,NA,NA,30,Regular,278387,287918,9531,9531,29.27529543,29.27529543,NA,Flowmeter #:B11158,NA,Aquatic Non-Insects,18,Family,Hydridae,Hydridae,NA,18,0.615,0.615,NA,NA,NA,NA,NA,NA,NA,NA,NA,NA,NA   NA   NA   NA,NA   NA   NA   NA
STTD_2001-01-30 11:00:00,1/30/2001 11:00,STTD,2001,D,FALSE,CLR,NA,NA,7.8,0.12,NA,NA,NA,NA,NA,30,Regular,278387,287918,9531,9531,29.27529543,29.27529543,NA,Flowmeter #:B11158,NA,Aquatic Non-Insects,4,Family,Naididae,Naididae,NA,3,0.102,0.102,NA,NA,NA,NA,NA,NA,NA,NA,NA,NA,NA   NA   NA   NA,NA   NA   NA   NA
STTD_2001-01-30 11:00:00,1/30/2001 11:00,STTD,2001,D,FALSE,CLR,NA,NA,7.8,0.12,NA,NA,NA,NA,NA,30,Regular,278387,287918,9531,9531,29.27529543,29.27529543,NA,Flowmeter #:B11158,NA,Aquatic Non-Insects,9,Family,Corophiidae,Corophiidae,NA,76,2.596,2.596,NA,NA,NA,NA,NA,NA,NA,NA,NA,NA,NA   NA   NA   NA,NA   NA   NA   NA
STTD_2001-01-30 11:00:00,1/30/2001 11:00,STTD,2001,D,FALSE,CLR,NA,NA,7.8,0.12,NA,NA,NA,NA,NA,30,Regular,278387,287918,9531,9531,29.27529543,29.27529543,NA,Flowmeter #:B11158,NA,Aquatic Non-Insects,11,Family,Gammaridae,Gammaridae,NA,21,0.717,0.717,NA,NA,NA,NA,NA,NA,NA,NA,NA,NA,NA   NA   NA   NA,NA   NA   NA   NA
STTD_2001-01-30 11:00:00,1/30/2001 11:00,STTD,2001,D,FALSE,CLR,NA,NA,7.8,0.12,NA,NA,NA,NA,NA,30,Regular,278387,287918,9531,9531,29.27529543,29.27529543,NA,Flowmeter #:B11158,NA,Aquatic Insects,46,Family,Coenagrionidae,Coenagrionidae,NA,1,0.034,0.034,NA,NA,NA,NA,NA,NA,NA,NA,NA,NA,NA   NA   NA   NA,NA   NA   NA   NA
STTD_2001-01-30 11:00:00,1/30/2001 11:00,STTD,2001,D,FALSE,CLR,NA,NA,7.8,0.12,NA,NA,NA,NA,NA,30,Regular,278387,287918,9531,9531,29.27529543,29.27529543,NA,Flowmeter #:B11158,NA,Aquatic Insects,44,Family,Corixidae,Corixidae,NA,7,0.239,0.239,NA,NA,NA,NA,NA,NA,NA,NA,NA,NA,NA   NA   NA   NA,NA   NA   NA   NA
STTD_2001-01-30 11:00:00,1/30/2001 11:00,STTD,2001,D,FALSE,CLR,NA,NA,7.8,0.12,NA,NA,NA,NA,NA,30,Regular,278387,287918,9531,9531,29.27529543,29.27529543,NA,Flowmeter #:B11158,NA,Aquatic Insects,30,Family,Dytiscidae,Dytiscidae,NA,1,0.034,0.034,NA,NA,NA,NA,NA,NA,NA,NA,NA,NA,NA   NA   NA   NA,NA   NA   NA   NA
STTD_2001-01-30 11:00:00,1/30/2001 11:00,STTD,2001,D,FALSE,CLR,NA,NA,7.8,0.12,NA,NA,NA,NA,NA,30,Regular,278387,287918,9531,9531,29.27529543,29.27529543,NA,Flowmeter #:B11158,NA,Aquatic Insects,34,Family,Chironomidae,Chironomidae,NA,9,0.307,0.307,NA,NA,NA,NA,NA,NA,NA,NA,NA,NA,NA   NA   NA   NA,NA   NA   NA   NA
STTD_2001-01-30 11:00:00,1/30/2001 11:00,STTD,2001,D,FALSE,CLR,NA,NA,7.8,0.12,NA,NA,NA,NA,NA,30,Regular,278387,287918,9531,9531,29.27529543,29.27529543,NA,Flowmeter #:B11158,NA,Aquatic Non-Insects,20,Family,Physidae,Physidae,NA,2,0.068,0.068,NA,NA,NA,NA,NA,NA,NA,NA,NA,NA,NA   NA   NA   NA,NA   NA   NA   NA
STTD_2001-01-30 11:00:00,1/30/2001 11:00,STTD,2001,D,FALSE,CLR,NA,NA,7.8,0.12,NA,NA,NA,NA,NA,30,Regular,278387,287918,9531,9531,29.27529543,29.27529543,NA,Flowmeter #:B11158,NA,Terrestrial Non-Insects,68,Order,Collembola,Collembola,NA,1,0.034,0.034,NA,NA,NA,NA,NA,NA,NA,NA,NA,NA,NA   NA   NA   NA,NA   NA   NA   NA
STTD_2001-01-30 11:00:00,1/30/2001 11:00,STTD,2001,D,FALSE,CLR,NA,NA,7.8,0.12,NA,NA,NA,NA,NA,30,Regular,278387,287918,9531,9531,29.27529543,29.27529543,NA,Flowmeter #:B11158,NA,Terrestrial Insects,71,Order,Hemiptera,Hemiptera,NA,1,0.034,0.034,NA,NA,NA,NA,NA,NA,NA,NA,NA,NA,NA   NA   NA   NA,NA   NA   NA   NA
STTD_2001-01-30 11:00:00,1/30/2001 11:00,STTD,2001,D,FALSE,CLR,NA,NA,7.8,0.12,NA,NA,NA,NA,NA,30,Regular,278387,287918,9531,9531,29.27529543,29.27529543,NA,Flowmeter #:B11158,NA,Terrestrial Insects,73,Order,Lepidoptera,Lepidoptera,NA,1,0.034,0.034,NA,NA,NA,NA,NA,NA,NA,NA,NA,NA,NA   NA   NA   NA,NA   NA   NA   NA
SHR_2001-01-30 13:20:00,1/30/2001 13:20,SHR,2001,D,FALSE,CLR,NA,NA,7.8,0.2,NA,NA,NA,NA,NA,30,Regular,831800,841889,10089,10089,30.98924096,30.98924096,1,Used Larval flowmeter multiplied by 3,NA,Aquatic Non-Insects,18,Family,Hydridae,Hydridae,NA,18,0.581,0.581,NA,NA,2,SAMP,NA,NA,NA,NA,NA,NA,2   NA   NA   NA,SAMP   NA   NA   NA
SHR_2001-01-30 13:20:00,1/30/2001 13:20,SHR,2001,D,FALSE,CLR,NA,NA,7.8,0.2,NA,NA,NA,NA,NA,30,Regular,831800,841889,10089,10089,30.98924096,30.98924096,1,Used Larval flowmeter multiplied by 3,NA,Aquatic Non-Insects,24,Family,Mermithidae,Mermithidae,NA,1,0.032,0.032,NA,NA,2,SAMP,NA,NA,NA,NA,NA,NA,2   NA   NA   NA,SAMP   NA   NA   NA
SHR_2001-01-30 13:20:00,1/30/2001 13:20,SHR,2001,D,FALSE,CLR,NA,NA,7.8,0.2,NA,NA,NA,NA,NA,30,Regular,831800,841889,10089,10089,30.98924096,30.98924096,1,Used Larval flowmeter multiplied by 3,NA,Aquatic Non-Insects,4,Family,Naididae,Naididae,NA,9,0.29,0.29,NA,NA,2,SAMP,NA,NA,NA,NA,NA,NA,2   NA   NA   NA,SAMP   NA   NA   NA
SHR_2001-01-30 13:20:00,1/30/2001 13:20,SHR,2001,D,FALSE,CLR,NA,NA,7.8,0.2,NA,NA,NA,NA,NA,30,Regular,831800,841889,10089,10089,30.98924096,30.98924096,1,Used Larval flowmeter multiplied by 3,NA,Aquatic Non-Insects,2,Family,Enchytraeidae,Enchytraeidae,NA,2,0.065,0.065,NA,NA,2,SAMP,NA,NA,NA,NA,NA,NA,2   NA   NA   NA,SAMP   NA   NA   NA
SHR_2001-01-30 13:20:00,1/30/2001 13:20,SHR,2001,D,FALSE,CLR,NA,NA,7.8,0.2,NA,NA,NA,NA,NA,30,Regular,831800,841889,10089,10089,30.98924096,30.98924096,1,Used Larval flowmeter multiplied by 3,NA,Aquatic Non-Insects,8,Family,Sabellidae,Sabellidae,NA,1,0.032,0.032,NA,NA,2,SAMP,NA,NA,NA,NA,NA,NA,2   NA   NA   NA,SAMP   NA   NA   NA
SHR_2001-01-30 13:20:00,1/30/2001 13:20,SHR,2001,D,FALSE,CLR,NA,NA,7.8,0.2,NA,NA,NA,NA,NA,30,Regular,831800,841889,10089,10089,30.98924096,30.98924096,1,Used Larval flowmeter multiplied by 3,NA,Aquatic Non-Insects,9,Family,Corophiidae,Corophiidae,NA,6,0.194,0.194,NA,NA,2,SAMP,NA,NA,NA,NA,NA,NA,2   NA   NA   NA,SAMP   NA   NA   NA
SHR_2001-01-30 13:20:00,1/30/2001 13:20,SHR,2001,D,FALSE,CLR,NA,NA,7.8,0.2,NA,NA,NA,NA,NA,30,Regular,831800,841889,10089,10089,30.98924096,30.98924096,1,Used Larval flowmeter multiplied by 3,NA,Aquatic Non-Insects,11,Family,Gammaridae,Gammaridae,NA,1,0.032,0.032,NA,NA,2,SAMP,NA,NA,NA,NA,NA,NA,2   NA   NA   NA,SAMP   NA   NA   NA
SHR_2001-01-30 13:20:00,1/30/2001 13:20,SHR,2001,D,FALSE,CLR,NA,NA,7.8,0.2,NA,NA,NA,NA,NA,30,Regular,831800,841889,10089,10089,30.98924096,30.98924096,1,Used Larval flowmeter multiplied by 3,NA,Aquatic Insects,34,Family,Chironomidae,Chironomidae,NA,7,0.226,0.226,NA,NA,2,SAMP,NA,NA,NA,NA,NA,NA,2   NA   NA   NA,SAMP   NA   NA   NA
SHR_2001-02-16 13:56:00,2/16/2001 13:56,SHR,2001,D,FALSE,CLD,NA,NA,9.4,0.32,NA,NA,NA,NA,NA,30,Regular,290661,294699,4038,4038,12.40306819,12.40306819,1,Used Larval flowmeter multiplied by 3,NA,Aquatic Non-Insects,18,Family,Hydridae,Hydridae,NA,1,0.081,0.081,NA,NA,2,SAMP,NA,NA,NA,NA,NA,NA,2   NA   NA   NA,SAMP   NA   NA   NA
SHR_2001-02-16 13:56:00,2/16/2001 13:56,SHR,2001,D,FALSE,CLD,NA,NA,9.4,0.32,NA,NA,NA,NA,NA,30,Regular,290661,294699,4038,4038,12.40306819,12.40306819,1,Used Larval flowmeter multiplied by 3,NA,Aquatic Non-Insects,4,Family,Naididae,Naididae,NA,1,0.081,0.081,NA,NA,2,SAMP,NA,NA,NA,NA,NA,NA,2   NA   NA   NA,SAMP   NA   NA   NA
SHR_2001-02-16 13:56:00,2/16/2001 13:56,SHR,2001,D,FALSE,CLD,NA,NA,9.4,0.32,NA,NA,NA,NA,NA,30,Regular,290661,294699,4038,4038,12.40306819,12.40306819,1,Used Larval flowmeter multiplied by 3,NA,Aquatic Insects,32,Family,Ceratopogonidae,Ceratopogonidae,NA,1,0.081,0.081,NA,NA,2,SAMP,NA,NA,NA,NA,NA,NA,2   NA   NA   NA,SAMP   NA   NA   NA
SHR_2001-02-16 13:56:00,2/16/2001 13:56,SHR,2001,D,FALSE,CLD,NA,NA,9.4,0.32,NA,NA,NA,NA,NA,30,Regular,290661,294699,4038,4038,12.40306819,12.40306819,1,Used Larval flowmeter multiplied by 3,NA,Aquatic Insects,34,Family,Chironomidae,Chironomidae,NA,5,0.403,0.403,NA,NA,2,SAMP,NA,NA,NA,NA,NA,NA,2   NA   NA   NA,SAMP   NA   NA   NA
STTD_2001-02-16 16:10:00,2/16/2001 16:10,STTD,2001,D,FALSE,CLR,NA,NA,10,0.16,NA,NA,NA,NA,NA,10,Regular,292164,302674,10510,10510,32.28237907,32.28237907,NA,Large amount of woody debris - shorter sample duration,NA,Aquatic Non-Insects,18,Family,Hydridae,Hydridae,NA,1,0.031,0.031,NA,NA,2,SAMP,NA,NA,NA,NA,NA,NA,2   NA   NA   NA,SAMP   NA   NA   NA
STTD_2001-02-16 16:10:00,2/16/2001 16:10,STTD,2001,D,FALSE,CLR,NA,NA,10,0.16,NA,NA,NA,NA,NA,10,Regular,292164,302674,10510,10510,32.28237907,32.28237907,NA,Large amount of woody debris - shorter sample duration,NA,Aquatic Non-Insects,4,Family,Naididae,Naididae,NA,1,0.031,0.031,NA,NA,2,SAMP,NA,NA,NA,NA,NA,NA,2   NA   NA   NA,SAMP   NA   NA   NA
STTD_2001-02-16 16:10:00,2/16/2001 16:10,STTD,2001,D,FALSE,CLR,NA,NA,10,0.16,NA,NA,NA,NA,NA,10,Regular,292164,302674,10510,10510,32.28237907,32.28237907,NA,Large amount of woody debris - shorter sample duration,NA,Aquatic Non-Insects,2,Family,Enchytraeidae,Enchytraeidae,NA,1,0.031,0.031,NA,NA,2,SAMP,NA,NA,NA,NA,NA,NA,2   NA   NA   NA,SAMP   NA   NA   NA
STTD_2001-02-16 16:10:00,2/16/2001 16:10,STTD,2001,D,FALSE,CLR,NA,NA,10,0.16,NA,NA,NA,NA,NA,10,Regular,292164,302674,10510,10510,32.28237907,32.28237907,NA,Large amount of woody debris - shorter sample duration,NA,Aquatic Non-Insects,9,Family,Corophiidae,Corophiidae,NA,1,0.031,0.031,NA,NA,2,SAMP,NA,NA,NA,NA,NA,NA,2   NA   NA   NA,SAMP   NA   NA   NA
STTD_2001-02-16 16:10:00,2/16/2001 16:10,STTD,2001,D,FALSE,CLR,NA,NA,10,0.16,NA,NA,NA,NA,NA,10,Regular,292164,302674,10510,10510,32.28237907,32.28237907,NA,Large amount of woody debris - shorter sample duration,NA,Aquatic Insects,46,Family,Coenagrionidae,Coenagrionidae,NA,1,0.031,0.031,NA,NA,2,SAMP,NA,NA,NA,NA,NA,NA,2   NA   NA   NA,SAMP   NA   NA   NA
STTD_2001-02-16 16:10:00,2/16/2001 16:10,STTD,2001,D,FALSE,CLR,NA,NA,10,0.16,NA,NA,NA,NA,NA,10,Regular,292164,302674,10510,10510,32.28237907,32.28237907,NA,Large amount of woody debris - shorter sample duration,NA,Aquatic Insects,44,Family,Corixidae,Corixidae,NA,9,0.279,0.279,NA,NA,2,SAMP,NA,NA,NA,NA,NA,NA,2   NA   NA   NA,SAMP   NA   NA   NA
STTD_2001-02-16 16:10:00,2/16/2001 16:10,STTD,2001,D,FALSE,CLR,NA,NA,10,0.16,NA,NA,NA,NA,NA,10,Regular,292164,302674,10510,10510,32.28237907,32.28237907,NA,Large amount of woody debris - shorter sample duration,NA,Aquatic Insects,45,Family,Notonectidae,Notonectidae,NA,1,0.031,0.031,NA,NA,2,SAMP,NA,NA,NA,NA,NA,NA,2   NA   NA   NA,SAMP   NA   NA   NA
STTD_2001-02-16 16:10:00,2/16/2001 16:10,STTD,2001,D,FALSE,CLR,NA,NA,10,0.16,NA,NA,NA,NA,NA,10,Regular,292164,302674,10510,10510,32.28237907,32.28237907,NA,Large amount of woody debris - shorter sample duration,NA,Aquatic Insects,32,Family,Ceratopogonidae,Ceratopogonidae,NA,12,0.372,0.372,NA,NA,2,SAMP,NA,NA,NA,NA,NA,NA,2   NA   NA   NA,SAMP   NA   NA   NA
STTD_2001-02-16 16:10:00,2/16/2001 16:10,STTD,2001,D,FALSE,CLR,NA,NA,10,0.16,NA,NA,NA,NA,NA,10,Regular,292164,302674,10510,10510,32.28237907,32.28237907,NA,Large amount of woody debris - shorter sample duration,NA,Aquatic Insects,34,Family,Chironomidae,Chironomidae,NA,81,2.509,2.509,NA,NA,2,SAMP,NA,NA,NA,NA,NA,NA,2   NA   NA   NA,SAMP   NA   NA   NA
STTD_2001-02-16 16:10:00,2/16/2001 16:10,STTD,2001,D,FALSE,CLR,NA,NA,10,0.16,NA,NA,NA,NA,NA,10,Regular,292164,302674,10510,10510,32.28237907,32.28237907,NA,Large amount of woody debris - shorter sample duration,NA,Aquatic Insects,36,Family,Ephydridae,Ephydridae,NA,10,0.31,0.31,NA,NA,2,SAMP,NA,NA,NA,NA,NA,NA,2   NA   NA   NA,SAMP   NA   NA   NA
STTD_2001-02-16 16:10:00,2/16/2001 16:10,STTD,2001,D,FALSE,CLR,NA,NA,10,0.16,NA,NA,NA,NA,NA,10,Regular,292164,302674,10510,10510,32.28237907,32.28237907,NA,Large amount of woody debris - shorter sample duration,NA,Aquatic Non-Insects,20,Family,Physidae,Physidae,NA,6,0.186,0.186,NA,NA,2,SAMP,NA,NA,NA,NA,NA,NA,2   NA   NA   NA,SAMP   NA   NA   NA
STTD_2001-02-16 16:10:00,2/16/2001 16:10,STTD,2001,D,FALSE,CLR,NA,NA,10,0.16,NA,NA,NA,NA,NA,10,Regular,292164,302674,10510,10510,32.28237907,32.28237907,NA,Large amount of woody debris - shorter sample duration,NA,Terrestrial Non-Insects,68,Order,Collembola,Collembola,NA,27,0.836,0.836,NA,NA,2,SAMP,NA,NA,NA,NA,NA,NA,2   NA   NA   NA,SAMP   NA   NA   NA
STTD_2001-02-16 16:10:00,2/16/2001 16:10,STTD,2001,D,FALSE,CLR,NA,NA,10,0.16,NA,NA,NA,NA,NA,10,Regular,292164,302674,10510,10510,32.28237907,32.28237907,NA,Large amount of woody debris - shorter sample duration,NA,Terrestrial Insects,67,Order,Psocoptera,Psocoptera,NA,1,0.031,0.031,NA,NA,2,SAMP,NA,NA,NA,NA,NA,NA,2   NA   NA   NA,SAMP   NA   NA   NA
STTD_2001-02-16 16:10:00,2/16/2001 16:10,STTD,2001,D,FALSE,CLR,NA,NA,10,0.16,NA,NA,NA,NA,NA,10,Regular,292164,302674,10510,10510,32.28237907,32.28237907,NA,Large amount of woody debris - shorter sample duration,NA,Terrestrial Insects,71,Order,Hemiptera,Hemiptera,NA,3,0.093,0.093,NA,NA,2,SAMP,NA,NA,NA,NA,NA,NA,2   NA   NA   NA,SAMP   NA   NA   NA
STTD_2001-02-16 16:10:00,2/16/2001 16:10,STTD,2001,D,FALSE,CLR,NA,NA,10,0.16,NA,NA,NA,NA,NA,10,Regular,292164,302674,10510,10510,32.28237907,32.28237907,NA,Large amount of woody debris - shorter sample duration,NA,Terrestrial Insects,63,Order,Coleoptera,Coleoptera,NA,32,0.991,0.991,NA,NA,2,SAMP,NA,NA,NA,NA,NA,NA,2   NA   NA   NA,SAMP   NA   NA   NA
STTD_2001-02-16 16:10:00,2/16/2001 16:10,STTD,2001,D,FALSE,CLR,NA,NA,10,0.16,NA,NA,NA,NA,NA,10,Regular,292164,302674,10510,10510,32.28237907,32.28237907,NA,Large amount of woody debris - shorter sample duration,NA,Terrestrial Insects,66,Order,Hymenoptera,Hymenoptera,NA,5,0.155,0.155,NA,NA,2,SAMP,NA,NA,NA,NA,NA,NA,2   NA   NA   NA,SAMP   NA   NA   NA
STTD_2001-02-16 16:10:00,2/16/2001 16:10,STTD,2001,D,FALSE,CLR,NA,NA,10,0.16,NA,NA,NA,NA,NA,10,Regular,292164,302674,10510,10510,32.28237907,32.28237907,NA,Large amount of woody debris - shorter sample duration,NA,Terrestrial Insects,64,Order,Diptera,Diptera,NA,3,0.093,0.093,NA,NA,2,SAMP,NA,NA,NA,NA,NA,NA,2   NA   NA   NA,SAMP   NA   NA   NA
STTD_2001-02-16 16:10:00,2/16/2001 16:10,STTD,2001,D,FALSE,CLR,NA,NA,10,0.16,NA,NA,NA,NA,NA,10,Regular,292164,302674,10510,10510,32.28237907,32.28237907,NA,Large amount of woody debris - shorter sample duration,NA,Terrestrial Non-Insects,58,Suborder,Araneida,Araneida,NA,3,0.093,0.093,NA,NA,2,SAMP,NA,NA,NA,NA,NA,NA,2   NA   NA   NA,SAMP   NA   NA   NA
STTD_2001-02-28 12:30:00,2/28/2001 12:30,STTD,2001,D,FALSE,CLR,NA,NA,12,0.09,NA,NA,NA,NA,NA,10,Regular,302775,306527,3752,3752,11.52459432,11.52459432,NA,"Meter based on Larval sample. Large amounts of  particulate matter clogging net, causing low flow",NA,Aquatic Non-Insects,18,Family,Hydridae,Hydridae,NA,4,0.347,0.347,NA,NA,2,SAMP,NA,NA,NA,NA,NA,NA,2   NA   NA   NA,SAMP   NA   NA   NA
STTD_2001-02-28 12:30:00,2/28/2001 12:30,STTD,2001,D,FALSE,CLR,NA,NA,12,0.09,NA,NA,NA,NA,NA,10,Regular,302775,306527,3752,3752,11.52459432,11.52459432,NA,"Meter based on Larval sample. Large amounts of  particulate matter clogging net, causing low flow",NA,Aquatic Non-Insects,24,Family,Mermithidae,Mermithidae,NA,1,0.087,0.087,NA,NA,2,SAMP,NA,NA,NA,NA,NA,NA,2   NA   NA   NA,SAMP   NA   NA   NA
STTD_2001-02-28 12:30:00,2/28/2001 12:30,STTD,2001,D,FALSE,CLR,NA,NA,12,0.09,NA,NA,NA,NA,NA,10,Regular,302775,306527,3752,3752,11.52459432,11.52459432,NA,"Meter based on Larval sample. Large amounts of  particulate matter clogging net, causing low flow",NA,Aquatic Non-Insects,4,Family,Naididae,Naididae,NA,22,1.909,1.909,NA,NA,2,SAMP,NA,NA,NA,NA,NA,NA,2   NA   NA   NA,SAMP   NA   NA   NA
STTD_2001-02-28 12:30:00,2/28/2001 12:30,STTD,2001,D,FALSE,CLR,NA,NA,12,0.09,NA,NA,NA,NA,NA,10,Regular,302775,306527,3752,3752,11.52459432,11.52459432,NA,"Meter based on Larval sample. Large amounts of  particulate matter clogging net, causing low flow",NA,Aquatic Non-Insects,8,Family,Sabellidae,Sabellidae,NA,1,0.087,0.087,NA,NA,2,SAMP,NA,NA,NA,NA,NA,NA,2   NA   NA   NA,SAMP   NA   NA   NA
STTD_2001-02-28 12:30:00,2/28/2001 12:30,STTD,2001,D,FALSE,CLR,NA,NA,12,0.09,NA,NA,NA,NA,NA,10,Regular,302775,306527,3752,3752,11.52459432,11.52459432,NA,"Meter based on Larval sample. Large amounts of  particulate matter clogging net, causing low flow",NA,Aquatic Non-Insects,9,Family,Corophiidae,Corophiidae,NA,11,0.954,0.954,NA,NA,2,SAMP,NA,NA,NA,NA,NA,NA,2   NA   NA   NA,SAMP   NA   NA   NA
STTD_2001-02-28 12:30:00,2/28/2001 12:30,STTD,2001,D,FALSE,CLR,NA,NA,12,0.09,NA,NA,NA,NA,NA,10,Regular,302775,306527,3752,3752,11.52459432,11.52459432,NA,"Meter based on Larval sample. Large amounts of  particulate matter clogging net, causing low flow",NA,Aquatic Insects,45,Family,Notonectidae,Notonectidae,NA,1,0.087,0.087,NA,NA,2,SAMP,NA,NA,NA,NA,NA,NA,2   NA   NA   NA,SAMP   NA   NA   NA
STTD_2001-02-28 12:30:00,2/28/2001 12:30,STTD,2001,D,FALSE,CLR,NA,NA,12,0.09,NA,NA,NA,NA,NA,10,Regular,302775,306527,3752,3752,11.52459432,11.52459432,NA,"Meter based on Larval sample. Large amounts of  particulate matter clogging net, causing low flow",NA,Aquatic Insects,34,Family,Chironomidae,Chironomidae,NA,13,1.128,1.128,NA,NA,2,SAMP,NA,NA,NA,NA,NA,NA,2   NA   NA   NA,SAMP   NA   NA   NA
STTD_2001-02-28 12:30:00,2/28/2001 12:30,STTD,2001,D,FALSE,CLR,NA,NA,12,0.09,NA,NA,NA,NA,NA,10,Regular,302775,306527,3752,3752,11.52459432,11.52459432,NA,"Meter based on Larval sample. Large amounts of  particulate matter clogging net, causing low flow",NA,Terrestrial Non-Insects,68,Order,Collembola,Collembola,NA,5,0.434,0.434,NA,NA,2,SAMP,NA,NA,NA,NA,NA,NA,2   NA   NA   NA,SAMP   NA   NA   NA
STTD_2001-02-28 12:30:00,2/28/2001 12:30,STTD,2001,D,FALSE,CLR,NA,NA,12,0.09,NA,NA,NA,NA,NA,10,Regular,302775,306527,3752,3752,11.52459432,11.52459432,NA,"Meter based on Larval sample. Large amounts of  particulate matter clogging net, causing low flow",NA,Terrestrial Insects,67,Order,Psocoptera,Psocoptera,NA,1,0.087,0.087,NA,NA,2,SAMP,NA,NA,NA,NA,NA,NA,2   NA   NA   NA,SAMP   NA   NA   NA
STTD_2001-02-28 12:30:00,2/28/2001 12:30,STTD,2001,D,FALSE,CLR,NA,NA,12,0.09,NA,NA,NA,NA,NA,10,Regular,302775,306527,3752,3752,11.52459432,11.52459432,NA,"Meter based on Larval sample. Large amounts of  particulate matter clogging net, causing low flow",NA,Terrestrial Insects,63,Order,Coleoptera,Coleoptera,NA,1,0.087,0.087,NA,NA,2,SAMP,NA,NA,NA,NA,NA,NA,2   NA   NA   NA,SAMP   NA   NA   NA
STTD_2001-02-28 12:30:00,2/28/2001 12:30,STTD,2001,D,FALSE,CLR,NA,NA,12,0.09,NA,NA,NA,NA,NA,10,Regular,302775,306527,3752,3752,11.52459432,11.52459432,NA,"Meter based on Larval sample. Large amounts of  particulate matter clogging net, causing low flow",NA,Terrestrial Insects,64,Order,Diptera,Diptera,NA,1,0.087,0.087,NA,NA,2,SAMP,NA,NA,NA,NA,NA,NA,2   NA   NA   NA,SAMP   NA   NA   NA
STTD_2001-03-15 10:15:00,3/15/2001 10:15,STTD,2001,D,FALSE,CLD,NA,NA,16.1,0.16,NA,NA,NA,NA,NA,15,Regular,649240,685486,36246,36246,111.3327414,111.3327414,1,Large amount of debris - shorter sample time - Used Larval flowmeter,NA,Aquatic Non-Insects,18,Family,Hydridae,Hydridae,NA,1,0.009,0.009,NA,NA,2,SAMP,NA,NA,NA,NA,NA,NA,2   NA   NA   NA,SAMP   NA   NA   NA
STTD_2001-03-15 10:15:00,3/15/2001 10:15,STTD,2001,D,FALSE,CLD,NA,NA,16.1,0.16,NA,NA,NA,NA,NA,15,Regular,649240,685486,36246,36246,111.3327414,111.3327414,1,Large amount of debris - shorter sample time - Used Larval flowmeter,NA,Aquatic Non-Insects,4,Family,Naididae,Naididae,NA,4,0.036,0.036,NA,NA,2,SAMP,NA,NA,NA,NA,NA,NA,2   NA   NA   NA,SAMP   NA   NA   NA
STTD_2001-03-15 10:15:00,3/15/2001 10:15,STTD,2001,D,FALSE,CLD,NA,NA,16.1,0.16,NA,NA,NA,NA,NA,15,Regular,649240,685486,36246,36246,111.3327414,111.3327414,1,Large amount of debris - shorter sample time - Used Larval flowmeter,NA,Aquatic Non-Insects,8,Family,Sabellidae,Sabellidae,NA,1,0.009,0.009,NA,NA,2,SAMP,NA,NA,NA,NA,NA,NA,2   NA   NA   NA,SAMP   NA   NA   NA
STTD_2001-03-15 10:15:00,3/15/2001 10:15,STTD,2001,D,FALSE,CLD,NA,NA,16.1,0.16,NA,NA,NA,NA,NA,15,Regular,649240,685486,36246,36246,111.3327414,111.3327414,1,Large amount of debris - shorter sample time - Used Larval flowmeter,NA,Aquatic Non-Insects,9,Family,Corophiidae,Corophiidae,NA,1,0.009,0.009,NA,NA,2,SAMP,NA,NA,NA,NA,NA,NA,2   NA   NA   NA,SAMP   NA   NA   NA
STTD_2001-03-15 10:15:00,3/15/2001 10:15,STTD,2001,D,FALSE,CLD,NA,NA,16.1,0.16,NA,NA,NA,NA,NA,15,Regular,649240,685486,36246,36246,111.3327414,111.3327414,1,Large amount of debris - shorter sample time - Used Larval flowmeter,NA,Aquatic Insects,40,Family,Caenidae,Caenidae,NA,1,0.009,0.009,NA,NA,2,SAMP,NA,NA,NA,NA,NA,NA,2   NA   NA   NA,SAMP   NA   NA   NA
STTD_2001-03-15 10:15:00,3/15/2001 10:15,STTD,2001,D,FALSE,CLD,NA,NA,16.1,0.16,NA,NA,NA,NA,NA,15,Regular,649240,685486,36246,36246,111.3327414,111.3327414,1,Large amount of debris - shorter sample time - Used Larval flowmeter,NA,Aquatic Insects,46,Family,Coenagrionidae,Coenagrionidae,NA,4,0.036,0.036,NA,NA,2,SAMP,NA,NA,NA,NA,NA,NA,2   NA   NA   NA,SAMP   NA   NA   NA
STTD_2001-03-15 10:15:00,3/15/2001 10:15,STTD,2001,D,FALSE,CLD,NA,NA,16.1,0.16,NA,NA,NA,NA,NA,15,Regular,649240,685486,36246,36246,111.3327414,111.3327414,1,Large amount of debris - shorter sample time - Used Larval flowmeter,NA,Aquatic Insects,44,Family,Corixidae,Corixidae,NA,9,0.081,0.081,NA,NA,2,SAMP,NA,NA,NA,NA,NA,NA,2   NA   NA   NA,SAMP   NA   NA   NA
STTD_2001-03-15 10:15:00,3/15/2001 10:15,STTD,2001,D,FALSE,CLD,NA,NA,16.1,0.16,NA,NA,NA,NA,NA,15,Regular,649240,685486,36246,36246,111.3327414,111.3327414,1,Large amount of debris - shorter sample time - Used Larval flowmeter,NA,Aquatic Insects,32,Family,Ceratopogonidae,Ceratopogonidae,NA,1,0.009,0.009,NA,NA,2,SAMP,NA,NA,NA,NA,NA,NA,2   NA   NA   NA,SAMP   NA   NA   NA
STTD_2001-03-15 10:15:00,3/15/2001 10:15,STTD,2001,D,FALSE,CLD,NA,NA,16.1,0.16,NA,NA,NA,NA,NA,15,Regular,649240,685486,36246,36246,111.3327414,111.3327414,1,Large amount of debris - shorter sample time - Used Larval flowmeter,NA,Aquatic Insects,33,Family,Chaoboridae,Chaoboridae,NA,1,0.009,0.009,NA,NA,2,SAMP,NA,NA,NA,NA,NA,NA,2   NA   NA   NA,SAMP   NA   NA   NA
STTD_2001-03-15 10:15:00,3/15/2001 10:15,STTD,2001,D,FALSE,CLD,NA,NA,16.1,0.16,NA,NA,NA,NA,NA,15,Regular,649240,685486,36246,36246,111.3327414,111.3327414,1,Large amount of debris - shorter sample time - Used Larval flowmeter,NA,Aquatic Insects,34,Family,Chironomidae,Chironomidae,NA,82,0.737,0.737,NA,NA,2,SAMP,NA,NA,NA,NA,NA,NA,2   NA   NA   NA,SAMP   NA   NA   NA
STTD_2001-03-15 10:15:00,3/15/2001 10:15,STTD,2001,D,FALSE,CLD,NA,NA,16.1,0.16,NA,NA,NA,NA,NA,15,Regular,649240,685486,36246,36246,111.3327414,111.3327414,1,Large amount of debris - shorter sample time - Used Larval flowmeter,NA,Aquatic Insects,36,Family,Ephydridae,Ephydridae,NA,1,0.009,0.009,NA,NA,2,SAMP,NA,NA,NA,NA,NA,NA,2   NA   NA   NA,SAMP   NA   NA   NA
STTD_2001-03-15 10:15:00,3/15/2001 10:15,STTD,2001,D,FALSE,CLD,NA,NA,16.1,0.16,NA,NA,NA,NA,NA,15,Regular,649240,685486,36246,36246,111.3327414,111.3327414,1,Large amount of debris - shorter sample time - Used Larval flowmeter,NA,Terrestrial Non-Insects,68,Order,Collembola,Collembola,NA,1,0.009,0.009,NA,NA,2,SAMP,NA,NA,NA,NA,NA,NA,2   NA   NA   NA,SAMP   NA   NA   NA
STTD_2001-03-15 10:15:00,3/15/2001 10:15,STTD,2001,D,FALSE,CLD,NA,NA,16.1,0.16,NA,NA,NA,NA,NA,15,Regular,649240,685486,36246,36246,111.3327414,111.3327414,1,Large amount of debris - shorter sample time - Used Larval flowmeter,NA,Terrestrial Insects,63,Order,Coleoptera,Coleoptera,NA,1,0.009,0.009,NA,NA,2,SAMP,NA,NA,NA,NA,NA,NA,2   NA   NA   NA,SAMP   NA   NA   NA
STTD_2001-03-15 10:15:00,3/15/2001 10:15,STTD,2001,D,FALSE,CLD,NA,NA,16.1,0.16,NA,NA,NA,NA,NA,15,Regular,649240,685486,36246,36246,111.3327414,111.3327414,1,Large amount of debris - shorter sample time - Used Larval flowmeter,NA,Terrestrial Insects,66,Order,Hymenoptera,Hymenoptera,NA,4,0.036,0.036,NA,NA,2,SAMP,NA,NA,NA,NA,NA,NA,2   NA   NA   NA,SAMP   NA   NA   NA
SHR_2001-03-15 13:40:00,3/15/2001 13:40,SHR,2001,D,FALSE,CLD,NA,NA,13.9,0.33,NA,NA,NA,NA,NA,30,Regular,673428,673539,111,4737,0.340946154,14.55010748,1,Used Larval flowmeter multiplied by 3,NA,Aquatic Non-Insects,18,Family,Hydridae,Hydridae,NA,3,8.799,0.206,NA,NA,2,SAMP,NA,NA,3,FM,NA,NA,2   NA   3   NA,SAMP   NA   FM   NA
SHR_2001-03-15 13:40:00,3/15/2001 13:40,SHR,2001,D,FALSE,CLD,NA,NA,13.9,0.33,NA,NA,NA,NA,NA,30,Regular,673428,673539,111,4737,0.340946154,14.55010748,1,Used Larval flowmeter multiplied by 3,NA,Aquatic Non-Insects,4,Family,Naididae,Naididae,NA,1,2.933,0.069,NA,NA,2,SAMP,NA,NA,3,FM,NA,NA,2   NA   3   NA,SAMP   NA   FM   NA
SHR_2001-03-15 13:40:00,3/15/2001 13:40,SHR,2001,D,FALSE,CLD,NA,NA,13.9,0.33,NA,NA,NA,NA,NA,30,Regular,673428,673539,111,4737,0.340946154,14.55010748,1,Used Larval flowmeter multiplied by 3,NA,Aquatic Insects,32,Family,Ceratopogonidae,Ceratopogonidae,NA,2,5.866,0.137,NA,NA,2,SAMP,NA,NA,3,FM,NA,NA,2   NA   3   NA,SAMP   NA   FM   NA
SHR_2001-03-15 13:40:00,3/15/2001 13:40,SHR,2001,D,FALSE,CLD,NA,NA,13.9,0.33,NA,NA,NA,NA,NA,30,Regular,673428,673539,111,4737,0.340946154,14.55010748,1,Used Larval flowmeter multiplied by 3,NA,Aquatic Insects,34,Family,Chironomidae,Chironomidae,NA,7,20.531,0.481,NA,NA,2,SAMP,NA,NA,3,FM,NA,NA,2   NA   3   NA,SAMP   NA   FM   NA
STTD_2001-03-19 09:33:00,3/19/2001 9:33,STTD,2001,D,FALSE,CLR,NA,NA,17.8,0.16,NA,NA,NA,NA,NA,10,Regular,324997,325007,10,7000,0.03071587,21.5011088,2,Short set due to heavy debris,NA,Aquatic Non-Insects,18,Family,Hydridae,Hydridae,NA,1,32.556,0.047,NA,NA,1,SAMP,NA,NA,3,FM,NA,NA,1   NA   3   NA,SAMP   NA   FM   NA
STTD_2001-03-19 09:33:00,3/19/2001 9:33,STTD,2001,D,FALSE,CLR,NA,NA,17.8,0.16,NA,NA,NA,NA,NA,10,Regular,324997,325007,10,7000,0.03071587,21.5011088,2,Short set due to heavy debris,NA,Aquatic Non-Insects,4,Family,Naididae,Naididae,NA,1,32.556,0.047,NA,NA,1,SAMP,NA,NA,3,FM,NA,NA,1   NA   3   NA,SAMP   NA   FM   NA
STTD_2001-03-19 09:33:00,3/19/2001 9:33,STTD,2001,D,FALSE,CLR,NA,NA,17.8,0.16,NA,NA,NA,NA,NA,10,Regular,324997,325007,10,7000,0.03071587,21.5011088,2,Short set due to heavy debris,NA,Aquatic Non-Insects,2,Family,Enchytraeidae,Enchytraeidae,NA,8,260.452,0.372,NA,NA,1,SAMP,NA,NA,3,FM,NA,NA,1   NA   3   NA,SAMP   NA   FM   NA
STTD_2001-03-19 09:33:00,3/19/2001 9:33,STTD,2001,D,FALSE,CLR,NA,NA,17.8,0.16,NA,NA,NA,NA,NA,10,Regular,324997,325007,10,7000,0.03071587,21.5011088,2,Short set due to heavy debris,NA,Aquatic Non-Insects,3,Suborder,Lumbricina,Lumbricina,NA,1,32.556,0.047,NA,NA,1,SAMP,NA,NA,3,FM,NA,NA,1   NA   3   NA,SAMP   NA   FM   NA
STTD_2001-03-19 09:33:00,3/19/2001 9:33,STTD,2001,D,FALSE,CLR,NA,NA,17.8,0.16,NA,NA,NA,NA,NA,10,Regular,324997,325007,10,7000,0.03071587,21.5011088,2,Short set due to heavy debris,NA,Aquatic Non-Insects,10,Family,Crangonyctidae,Crangonyctidae,NA,8,260.452,0.372,NA,NA,1,SAMP,NA,NA,3,FM,NA,NA,1   NA   3   NA,SAMP   NA   FM   NA
STTD_2001-03-19 09:33:00,3/19/2001 9:33,STTD,2001,D,FALSE,CLR,NA,NA,17.8,0.16,NA,NA,NA,NA,NA,10,Regular,324997,325007,10,7000,0.03071587,21.5011088,2,Short set due to heavy debris,NA,Aquatic Insects,46,Family,Coenagrionidae,Coenagrionidae,NA,10,325.565,0.465,NA,NA,1,SAMP,NA,NA,3,FM,NA,NA,1   NA   3   NA,SAMP   NA   FM   NA
STTD_2001-03-19 09:33:00,3/19/2001 9:33,STTD,2001,D,FALSE,CLR,NA,NA,17.8,0.16,NA,NA,NA,NA,NA,10,Regular,324997,325007,10,7000,0.03071587,21.5011088,2,Short set due to heavy debris,NA,Aquatic Insects,44,Family,Corixidae,Corixidae,NA,34,1106.92,1.581,NA,NA,1,SAMP,NA,NA,3,FM,NA,NA,1   NA   3   NA,SAMP   NA   FM   NA
STTD_2001-03-19 09:33:00,3/19/2001 9:33,STTD,2001,D,FALSE,CLR,NA,NA,17.8,0.16,NA,NA,NA,NA,NA,10,Regular,324997,325007,10,7000,0.03071587,21.5011088,2,Short set due to heavy debris,NA,Aquatic Insects,45,Family,Notonectidae,Notonectidae,NA,1,32.556,0.047,NA,NA,1,SAMP,NA,NA,3,FM,NA,NA,1   NA   3   NA,SAMP   NA   FM   NA
STTD_2001-03-19 09:33:00,3/19/2001 9:33,STTD,2001,D,FALSE,CLR,NA,NA,17.8,0.16,NA,NA,NA,NA,NA,10,Regular,324997,325007,10,7000,0.03071587,21.5011088,2,Short set due to heavy debris,NA,Aquatic Insects,30,Family,Dytiscidae,Dytiscidae,NA,5,162.782,0.233,NA,NA,1,SAMP,NA,NA,3,FM,NA,NA,1   NA   3   NA,SAMP   NA   FM   NA
STTD_2001-03-19 09:33:00,3/19/2001 9:33,STTD,2001,D,FALSE,CLR,NA,NA,17.8,0.16,NA,NA,NA,NA,NA,10,Regular,324997,325007,10,7000,0.03071587,21.5011088,2,Short set due to heavy debris,NA,Aquatic Insects,80,Family,Haliplidae,Haliplidae,NA,1,32.556,0.047,NA,NA,1,SAMP,NA,NA,3,FM,NA,NA,1   NA   3   NA,SAMP   NA   FM   NA
STTD_2001-03-19 09:33:00,3/19/2001 9:33,STTD,2001,D,FALSE,CLR,NA,NA,17.8,0.16,NA,NA,NA,NA,NA,10,Regular,324997,325007,10,7000,0.03071587,21.5011088,2,Short set due to heavy debris,NA,Aquatic Insects,81,Family,Hydrophilidae,Hydrophilidae,NA,1,32.556,0.047,NA,NA,1,SAMP,NA,NA,3,FM,NA,NA,1   NA   3   NA,SAMP   NA   FM   NA
STTD_2001-03-19 09:33:00,3/19/2001 9:33,STTD,2001,D,FALSE,CLR,NA,NA,17.8,0.16,NA,NA,NA,NA,NA,10,Regular,324997,325007,10,7000,0.03071587,21.5011088,2,Short set due to heavy debris,NA,Aquatic Insects,52,Family,Hydraenidae,Hydraenidae,NA,1,32.556,0.047,NA,NA,1,SAMP,NA,NA,3,FM,NA,NA,1   NA   3   NA,SAMP   NA   FM   NA
STTD_2001-03-19 09:33:00,3/19/2001 9:33,STTD,2001,D,FALSE,CLR,NA,NA,17.8,0.16,NA,NA,NA,NA,NA,10,Regular,324997,325007,10,7000,0.03071587,21.5011088,2,Short set due to heavy debris,NA,Aquatic Insects,32,Family,Ceratopogonidae,Ceratopogonidae,NA,10,325.565,0.465,NA,NA,1,SAMP,NA,NA,3,FM,NA,NA,1   NA   3   NA,SAMP   NA   FM   NA
STTD_2001-03-19 09:33:00,3/19/2001 9:33,STTD,2001,D,FALSE,CLR,NA,NA,17.8,0.16,NA,NA,NA,NA,NA,10,Regular,324997,325007,10,7000,0.03071587,21.5011088,2,Short set due to heavy debris,NA,Aquatic Insects,34,Family,Chironomidae,Chironomidae,NA,157,5111.364,7.302,NA,NA,1,SAMP,NA,NA,3,FM,NA,NA,1   NA   3   NA,SAMP   NA   FM   NA
STTD_2001-03-19 09:33:00,3/19/2001 9:33,STTD,2001,D,FALSE,CLR,NA,NA,17.8,0.16,NA,NA,NA,NA,NA,10,Regular,324997,325007,10,7000,0.03071587,21.5011088,2,Short set due to heavy debris,NA,Aquatic Insects,49,Family,Culicidae,Culicidae,NA,1,32.556,0.047,NA,NA,1,SAMP,NA,NA,3,FM,NA,NA,1   NA   3   NA,SAMP   NA   FM   NA
STTD_2001-03-19 09:33:00,3/19/2001 9:33,STTD,2001,D,FALSE,CLR,NA,NA,17.8,0.16,NA,NA,NA,NA,NA,10,Regular,324997,325007,10,7000,0.03071587,21.5011088,2,Short set due to heavy debris,NA,Aquatic Insects,82,Family,Tabanidae,Tabanidae,NA,1,32.556,0.047,NA,NA,1,SAMP,NA,NA,3,FM,NA,NA,1   NA   3   NA,SAMP   NA   FM   NA
STTD_2001-03-19 09:33:00,3/19/2001 9:33,STTD,2001,D,FALSE,CLR,NA,NA,17.8,0.16,NA,NA,NA,NA,NA,10,Regular,324997,325007,10,7000,0.03071587,21.5011088,2,Short set due to heavy debris,NA,Aquatic Insects,36,Family,Ephydridae,Ephydridae,NA,9,293.008,0.419,NA,NA,1,SAMP,NA,NA,3,FM,NA,NA,1   NA   3   NA,SAMP   NA   FM   NA
STTD_2001-03-19 09:33:00,3/19/2001 9:33,STTD,2001,D,FALSE,CLR,NA,NA,17.8,0.16,NA,NA,NA,NA,NA,10,Regular,324997,325007,10,7000,0.03071587,21.5011088,2,Short set due to heavy debris,NA,Aquatic Non-Insects,20,Family,Physidae,Physidae,NA,135,4395.122,6.279,NA,NA,1,SAMP,NA,NA,3,FM,NA,NA,1   NA   3   NA,SAMP   NA   FM   NA
STTD_2001-03-19 09:33:00,3/19/2001 9:33,STTD,2001,D,FALSE,CLR,NA,NA,17.8,0.16,NA,NA,NA,NA,NA,10,Regular,324997,325007,10,7000,0.03071587,21.5011088,2,Short set due to heavy debris,NA,Terrestrial Non-Insects,68,Order,Collembola,Collembola,NA,5,162.782,0.233,NA,NA,1,SAMP,NA,NA,3,FM,NA,NA,1   NA   3   NA,SAMP   NA   FM   NA
STTD_2001-03-19 09:33:00,3/19/2001 9:33,STTD,2001,D,FALSE,CLR,NA,NA,17.8,0.16,NA,NA,NA,NA,NA,10,Regular,324997,325007,10,7000,0.03071587,21.5011088,2,Short set due to heavy debris,NA,Terrestrial Insects,71,Order,Hemiptera,Hemiptera,NA,6,195.339,0.279,NA,NA,1,SAMP,NA,NA,3,FM,NA,NA,1   NA   3   NA,SAMP   NA   FM   NA
STTD_2001-03-19 09:33:00,3/19/2001 9:33,STTD,2001,D,FALSE,CLR,NA,NA,17.8,0.16,NA,NA,NA,NA,NA,10,Regular,324997,325007,10,7000,0.03071587,21.5011088,2,Short set due to heavy debris,NA,Terrestrial Insects,73,Order,Lepidoptera,Lepidoptera,NA,3,97.669,0.14,NA,NA,1,SAMP,NA,NA,3,FM,NA,NA,1   NA   3   NA,SAMP   NA   FM   NA
STTD_2001-03-19 09:33:00,3/19/2001 9:33,STTD,2001,D,FALSE,CLR,NA,NA,17.8,0.16,NA,NA,NA,NA,NA,10,Regular,324997,325007,10,7000,0.03071587,21.5011088,2,Short set due to heavy debris,NA,Terrestrial Insects,63,Order,Coleoptera,Coleoptera,NA,26,846.468,1.209,NA,NA,1,SAMP,NA,NA,3,FM,NA,NA,1   NA   3   NA,SAMP   NA   FM   NA
STTD_2001-03-19 09:33:00,3/19/2001 9:33,STTD,2001,D,FALSE,CLR,NA,NA,17.8,0.16,NA,NA,NA,NA,NA,10,Regular,324997,325007,10,7000,0.03071587,21.5011088,2,Short set due to heavy debris,NA,Terrestrial Insects,66,Order,Hymenoptera,Hymenoptera,NA,4,130.226,0.186,NA,NA,1,SAMP,NA,NA,3,FM,NA,NA,1   NA   3   NA,SAMP   NA   FM   NA
STTD_2001-03-19 09:33:00,3/19/2001 9:33,STTD,2001,D,FALSE,CLR,NA,NA,17.8,0.16,NA,NA,NA,NA,NA,10,Regular,324997,325007,10,7000,0.03071587,21.5011088,2,Short set due to heavy debris,NA,Terrestrial Insects,64,Order,Diptera,Diptera,NA,1,32.556,0.047,NA,NA,1,SAMP,NA,NA,3,FM,NA,NA,1   NA   3   NA,SAMP   NA   FM   NA
STTD_2001-03-19 09:33:00,3/19/2001 9:33,STTD,2001,D,FALSE,CLR,NA,NA,17.8,0.16,NA,NA,NA,NA,NA,10,Regular,324997,325007,10,7000,0.03071587,21.5011088,2,Short set due to heavy debris,NA,Terrestrial Non-Insects,58,Suborder,Araneida,Araneida,NA,4,130.226,0.186,NA,NA,1,SAMP,NA,NA,3,FM,NA,NA,1   NA   3   NA,SAMP   NA   FM   NA
SHR_2001-03-19 13:51:00,3/19/2001 13:51,SHR,2001,D,FALSE,CLR,NA,NA,15,0.5,NA,NA,NA,NA,NA,30,Regular,673613,673709,96,4737,0.294872349,14.55010748,1,Used Larval flowmeter multiplied by 3,NA,Aquatic Non-Insects,18,Family,Hydridae,Hydridae,NA,1,3.391,0.069,NA,NA,2,SAMP,NA,NA,3,FM,NA,NA,2   NA   3   NA,SAMP   NA   FM   NA
SHR_2001-03-19 13:51:00,3/19/2001 13:51,SHR,2001,D,FALSE,CLR,NA,NA,15,0.5,NA,NA,NA,NA,NA,30,Regular,673613,673709,96,4737,0.294872349,14.55010748,1,Used Larval flowmeter multiplied by 3,NA,Aquatic Non-Insects,9,Family,Corophiidae,Corophiidae,NA,1,3.391,0.069,NA,NA,2,SAMP,NA,NA,3,FM,NA,NA,2   NA   3   NA,SAMP   NA   FM   NA
SHR_2001-03-19 13:51:00,3/19/2001 13:51,SHR,2001,D,FALSE,CLR,NA,NA,15,0.5,NA,NA,NA,NA,NA,30,Regular,673613,673709,96,4737,0.294872349,14.55010748,1,Used Larval flowmeter multiplied by 3,NA,Aquatic Insects,43,Family,Heptageniidae,Heptageniidae,NA,1,3.391,0.069,NA,NA,2,SAMP,NA,NA,3,FM,NA,NA,2   NA   3   NA,SAMP   NA   FM   NA
SHR_2001-03-19 13:51:00,3/19/2001 13:51,SHR,2001,D,FALSE,CLR,NA,NA,15,0.5,NA,NA,NA,NA,NA,30,Regular,673613,673709,96,4737,0.294872349,14.55010748,1,Used Larval flowmeter multiplied by 3,NA,Aquatic Insects,44,Family,Corixidae,Corixidae,NA,1,3.391,0.069,NA,NA,2,SAMP,NA,NA,3,FM,NA,NA,2   NA   3   NA,SAMP   NA   FM   NA
SHR_2001-03-19 13:51:00,3/19/2001 13:51,SHR,2001,D,FALSE,CLR,NA,NA,15,0.5,NA,NA,NA,NA,NA,30,Regular,673613,673709,96,4737,0.294872349,14.55010748,1,Used Larval flowmeter multiplied by 3,NA,Aquatic Insects,88,Family,Hydroptilidae,Hydroptilidae,NA,1,3.391,0.069,NA,NA,2,SAMP,NA,NA,3,FM,NA,NA,2   NA   3   NA,SAMP   NA   FM   NA
SHR_2001-03-19 13:51:00,3/19/2001 13:51,SHR,2001,D,FALSE,CLR,NA,NA,15,0.5,NA,NA,NA,NA,NA,30,Regular,673613,673709,96,4737,0.294872349,14.55010748,1,Used Larval flowmeter multiplied by 3,NA,Aquatic Insects,32,Family,Ceratopogonidae,Ceratopogonidae,NA,1,3.391,0.069,NA,NA,2,SAMP,NA,NA,3,FM,NA,NA,2   NA   3   NA,SAMP   NA   FM   NA
SHR_2001-03-19 13:51:00,3/19/2001 13:51,SHR,2001,D,FALSE,CLR,NA,NA,15,0.5,NA,NA,NA,NA,NA,30,Regular,673613,673709,96,4737,0.294872349,14.55010748,1,Used Larval flowmeter multiplied by 3,NA,Aquatic Insects,34,Family,Chironomidae,Chironomidae,NA,10,33.913,0.687,NA,NA,2,SAMP,NA,NA,3,FM,NA,NA,2   NA   3   NA,SAMP   NA   FM   NA
SHR_2001-03-19 13:51:00,3/19/2001 13:51,SHR,2001,D,FALSE,CLR,NA,NA,15,0.5,NA,NA,NA,NA,NA,30,Regular,673613,673709,96,4737,0.294872349,14.55010748,1,Used Larval flowmeter multiplied by 3,NA,Terrestrial Insects,67,Order,Psocoptera,Psocoptera,NA,1,3.391,0.069,NA,NA,2,SAMP,NA,NA,3,FM,NA,NA,2   NA   3   NA,SAMP   NA   FM   NA
SHR_2001-03-19 13:51:00,3/19/2001 13:51,SHR,2001,D,FALSE,CLR,NA,NA,15,0.5,NA,NA,NA,NA,NA,30,Regular,673613,673709,96,4737,0.294872349,14.55010748,1,Used Larval flowmeter multiplied by 3,NA,Aquatic Non-Insects,19,Family,Corbiculidae,Corbiculidae,NA,1,3.391,0.069,NA,NA,2,SAMP,NA,NA,3,FM,NA,NA,2   NA   3   NA,SAMP   NA   FM   NA
STTD_2001-04-04 11:31:00,4/4/2001 11:31,STTD,2001,D,FALSE,CLR,NA,NA,17.8,0.22,NA,NA,NA,NA,NA,30,Regular,673647,688228,14581,14581,44.78680963,44.78680963,1,Used Larval Sample net flowmeter multiplied by 3.5,NA,Aquatic Insects,44,Family,Corixidae,Corixidae,NA,1,0.022,0.022,NA,NA,2,SAMP,NA,NA,NA,NA,NA,NA,2   NA   NA   NA,SAMP   NA   NA   NA
STTD_2001-04-04 11:31:00,4/4/2001 11:31,STTD,2001,D,FALSE,CLR,NA,NA,17.8,0.22,NA,NA,NA,NA,NA,30,Regular,673647,688228,14581,14581,44.78680963,44.78680963,1,Used Larval Sample net flowmeter multiplied by 3.5,NA,Aquatic Insects,45,Family,Notonectidae,Notonectidae,NA,6,0.134,0.134,NA,NA,2,SAMP,NA,NA,NA,NA,NA,NA,2   NA   NA   NA,SAMP   NA   NA   NA
STTD_2001-04-04 11:31:00,4/4/2001 11:31,STTD,2001,D,FALSE,CLR,NA,NA,17.8,0.22,NA,NA,NA,NA,NA,30,Regular,673647,688228,14581,14581,44.78680963,44.78680963,1,Used Larval Sample net flowmeter multiplied by 3.5,NA,Aquatic Insects,34,Family,Chironomidae,Chironomidae,NA,1,0.022,0.022,NA,NA,2,SAMP,NA,NA,NA,NA,NA,NA,2   NA   NA   NA,SAMP   NA   NA   NA
STTD_2001-04-04 11:31:00,4/4/2001 11:31,STTD,2001,D,FALSE,CLR,NA,NA,17.8,0.22,NA,NA,NA,NA,NA,30,Regular,673647,688228,14581,14581,44.78680963,44.78680963,1,Used Larval Sample net flowmeter multiplied by 3.5,NA,Aquatic Insects,37,Family,Psychodidae,Psychodidae,NA,1,0.022,0.022,NA,NA,2,SAMP,NA,NA,NA,NA,NA,NA,2   NA   NA   NA,SAMP   NA   NA   NA
STTD_2001-04-04 11:31:00,4/4/2001 11:31,STTD,2001,D,FALSE,CLR,NA,NA,17.8,0.22,NA,NA,NA,NA,NA,30,Regular,673647,688228,14581,14581,44.78680963,44.78680963,1,Used Larval Sample net flowmeter multiplied by 3.5,NA,Terrestrial Non-Insects,68,Order,Collembola,Collembola,NA,1,0.022,0.022,NA,NA,2,SAMP,NA,NA,NA,NA,NA,NA,2   NA   NA   NA,SAMP   NA   NA   NA
STTD_2001-04-04 11:31:00,4/4/2001 11:31,STTD,2001,D,FALSE,CLR,NA,NA,17.8,0.22,NA,NA,NA,NA,NA,30,Regular,673647,688228,14581,14581,44.78680963,44.78680963,1,Used Larval Sample net flowmeter multiplied by 3.5,NA,Terrestrial Insects,71,Order,Hemiptera,Hemiptera,NA,1,0.022,0.022,NA,NA,2,SAMP,NA,NA,NA,NA,NA,NA,2   NA   NA   NA,SAMP   NA   NA   NA
STTD_2001-04-24 09:20:00,4/24/2001 9:20,STTD,2001,D,FALSE,CLR,NA,NA,17.8,0.23,NA,NA,NA,NA,NA,20,Regular,677756,693554,15798,15798,48.52493098,48.52493098,1,Used Larval flowmeter multiplied by 2,NA,Aquatic Non-Insects,18,Family,Hydridae,Hydridae,NA,8,0.165,0.165,NA,NA,2,SAMP,NA,NA,NA,NA,NA,NA,2   NA   NA   NA,SAMP   NA   NA   NA
STTD_2001-04-24 09:20:00,4/24/2001 9:20,STTD,2001,D,FALSE,CLR,NA,NA,17.8,0.23,NA,NA,NA,NA,NA,20,Regular,677756,693554,15798,15798,48.52493098,48.52493098,1,Used Larval flowmeter multiplied by 2,NA,Aquatic Non-Insects,4,Family,Naididae,Naididae,NA,3,0.062,0.062,NA,NA,2,SAMP,NA,NA,NA,NA,NA,NA,2   NA   NA   NA,SAMP   NA   NA   NA
STTD_2001-04-24 09:20:00,4/24/2001 9:20,STTD,2001,D,FALSE,CLR,NA,NA,17.8,0.23,NA,NA,NA,NA,NA,20,Regular,677756,693554,15798,15798,48.52493098,48.52493098,1,Used Larval flowmeter multiplied by 2,NA,Aquatic Non-Insects,2,Family,Enchytraeidae,Enchytraeidae,NA,1,0.021,0.021,NA,NA,2,SAMP,NA,NA,NA,NA,NA,NA,2   NA   NA   NA,SAMP   NA   NA   NA
STTD_2001-04-24 09:20:00,4/24/2001 9:20,STTD,2001,D,FALSE,CLR,NA,NA,17.8,0.23,NA,NA,NA,NA,NA,20,Regular,677756,693554,15798,15798,48.52493098,48.52493098,1,Used Larval flowmeter multiplied by 2,NA,Aquatic Non-Insects,9,Family,Corophiidae,Corophiidae,NA,1,0.021,0.021,NA,NA,2,SAMP,NA,NA,NA,NA,NA,NA,2   NA   NA   NA,SAMP   NA   NA   NA
STTD_2001-04-24 09:20:00,4/24/2001 9:20,STTD,2001,D,FALSE,CLR,NA,NA,17.8,0.23,NA,NA,NA,NA,NA,20,Regular,677756,693554,15798,15798,48.52493098,48.52493098,1,Used Larval flowmeter multiplied by 2,NA,Aquatic Insects,46,Family,Coenagrionidae,Coenagrionidae,NA,1,0.021,0.021,NA,NA,2,SAMP,NA,NA,NA,NA,NA,NA,2   NA   NA   NA,SAMP   NA   NA   NA
STTD_2001-04-24 09:20:00,4/24/2001 9:20,STTD,2001,D,FALSE,CLR,NA,NA,17.8,0.23,NA,NA,NA,NA,NA,20,Regular,677756,693554,15798,15798,48.52493098,48.52493098,1,Used Larval flowmeter multiplied by 2,NA,Aquatic Insects,44,Family,Corixidae,Corixidae,NA,2,0.041,0.041,NA,NA,2,SAMP,NA,NA,NA,NA,NA,NA,2   NA   NA   NA,SAMP   NA   NA   NA
STTD_2001-04-24 09:20:00,4/24/2001 9:20,STTD,2001,D,FALSE,CLR,NA,NA,17.8,0.23,NA,NA,NA,NA,NA,20,Regular,677756,693554,15798,15798,48.52493098,48.52493098,1,Used Larval flowmeter multiplied by 2,NA,Aquatic Insects,83,Family,Psychomyiidae,Psychomyiidae,NA,1,0.021,0.021,NA,NA,2,SAMP,NA,NA,NA,NA,NA,NA,2   NA   NA   NA,SAMP   NA   NA   NA
STTD_2001-04-24 09:20:00,4/24/2001 9:20,STTD,2001,D,FALSE,CLR,NA,NA,17.8,0.23,NA,NA,NA,NA,NA,20,Regular,677756,693554,15798,15798,48.52493098,48.52493098,1,Used Larval flowmeter multiplied by 2,NA,Aquatic Insects,30,Family,Dytiscidae,Dytiscidae,NA,3,0.062,0.062,NA,NA,2,SAMP,NA,NA,NA,NA,NA,NA,2   NA   NA   NA,SAMP   NA   NA   NA
STTD_2001-04-24 09:20:00,4/24/2001 9:20,STTD,2001,D,FALSE,CLR,NA,NA,17.8,0.23,NA,NA,NA,NA,NA,20,Regular,677756,693554,15798,15798,48.52493098,48.52493098,1,Used Larval flowmeter multiplied by 2,NA,Aquatic Insects,31,Family,Helophoridae,Helophoridae,NA,6,0.124,0.124,NA,NA,2,SAMP,NA,NA,NA,NA,NA,NA,2   NA   NA   NA,SAMP   NA   NA   NA
STTD_2001-04-24 09:20:00,4/24/2001 9:20,STTD,2001,D,FALSE,CLR,NA,NA,17.8,0.23,NA,NA,NA,NA,NA,20,Regular,677756,693554,15798,15798,48.52493098,48.52493098,1,Used Larval flowmeter multiplied by 2,NA,Aquatic Insects,81,Family,Hydrophilidae,Hydrophilidae,NA,4,0.082,0.082,NA,NA,2,SAMP,NA,NA,NA,NA,NA,NA,2   NA   NA   NA,SAMP   NA   NA   NA
STTD_2001-04-24 09:20:00,4/24/2001 9:20,STTD,2001,D,FALSE,CLR,NA,NA,17.8,0.23,NA,NA,NA,NA,NA,20,Regular,677756,693554,15798,15798,48.52493098,48.52493098,1,Used Larval flowmeter multiplied by 2,NA,Aquatic Insects,52,Family,Hydraenidae,Hydraenidae,NA,8,0.165,0.165,NA,NA,2,SAMP,NA,NA,NA,NA,NA,NA,2   NA   NA   NA,SAMP   NA   NA   NA
STTD_2001-04-24 09:20:00,4/24/2001 9:20,STTD,2001,D,FALSE,CLR,NA,NA,17.8,0.23,NA,NA,NA,NA,NA,20,Regular,677756,693554,15798,15798,48.52493098,48.52493098,1,Used Larval flowmeter multiplied by 2,NA,Aquatic Insects,32,Family,Ceratopogonidae,Ceratopogonidae,NA,63,1.298,1.298,NA,NA,2,SAMP,NA,NA,NA,NA,NA,NA,2   NA   NA   NA,SAMP   NA   NA   NA
STTD_2001-04-24 09:20:00,4/24/2001 9:20,STTD,2001,D,FALSE,CLR,NA,NA,17.8,0.23,NA,NA,NA,NA,NA,20,Regular,677756,693554,15798,15798,48.52493098,48.52493098,1,Used Larval flowmeter multiplied by 2,NA,Aquatic Insects,34,Family,Chironomidae,Chironomidae,NA,147,3.029,3.029,NA,NA,2,SAMP,NA,NA,NA,NA,NA,NA,2   NA   NA   NA,SAMP   NA   NA   NA
STTD_2001-04-24 09:20:00,4/24/2001 9:20,STTD,2001,D,FALSE,CLR,NA,NA,17.8,0.23,NA,NA,NA,NA,NA,20,Regular,677756,693554,15798,15798,48.52493098,48.52493098,1,Used Larval flowmeter multiplied by 2,NA,Aquatic Insects,36,Family,Ephydridae,Ephydridae,NA,19,0.392,0.392,NA,NA,2,SAMP,NA,NA,NA,NA,NA,NA,2   NA   NA   NA,SAMP   NA   NA   NA
STTD_2001-04-24 09:20:00,4/24/2001 9:20,STTD,2001,D,FALSE,CLR,NA,NA,17.8,0.23,NA,NA,NA,NA,NA,20,Regular,677756,693554,15798,15798,48.52493098,48.52493098,1,Used Larval flowmeter multiplied by 2,NA,Terrestrial Insects,84,Order,Thysanura,Thysanura,NA,1,0.021,0.021,NA,NA,2,SAMP,NA,NA,NA,NA,NA,NA,2   NA   NA   NA,SAMP   NA   NA   NA
STTD_2001-04-24 09:20:00,4/24/2001 9:20,STTD,2001,D,FALSE,CLR,NA,NA,17.8,0.23,NA,NA,NA,NA,NA,20,Regular,677756,693554,15798,15798,48.52493098,48.52493098,1,Used Larval flowmeter multiplied by 2,NA,Terrestrial Non-Insects,68,Order,Collembola,Collembola,NA,235,4.843,4.843,NA,NA,2,SAMP,NA,NA,NA,NA,NA,NA,2   NA   NA   NA,SAMP   NA   NA   NA
STTD_2001-04-24 09:20:00,4/24/2001 9:20,STTD,2001,D,FALSE,CLR,NA,NA,17.8,0.23,NA,NA,NA,NA,NA,20,Regular,677756,693554,15798,15798,48.52493098,48.52493098,1,Used Larval flowmeter multiplied by 2,NA,Terrestrial Insects,67,Order,Psocoptera,Psocoptera,NA,26,0.536,0.536,NA,NA,2,SAMP,NA,NA,NA,NA,NA,NA,2   NA   NA   NA,SAMP   NA   NA   NA
STTD_2001-04-24 09:20:00,4/24/2001 9:20,STTD,2001,D,FALSE,CLR,NA,NA,17.8,0.23,NA,NA,NA,NA,NA,20,Regular,677756,693554,15798,15798,48.52493098,48.52493098,1,Used Larval flowmeter multiplied by 2,NA,Terrestrial Insects,85,Order,Thysanoptera,Thysanoptera,NA,5,0.103,0.103,NA,NA,2,SAMP,NA,NA,NA,NA,NA,NA,2   NA   NA   NA,SAMP   NA   NA   NA
STTD_2001-04-24 09:20:00,4/24/2001 9:20,STTD,2001,D,FALSE,CLR,NA,NA,17.8,0.23,NA,NA,NA,NA,NA,20,Regular,677756,693554,15798,15798,48.52493098,48.52493098,1,Used Larval flowmeter multiplied by 2,NA,Terrestrial Insects,71,Order,Hemiptera,Hemiptera,NA,411,8.47,8.47,NA,NA,2,SAMP,NA,NA,NA,NA,NA,NA,2   NA   NA   NA,SAMP   NA   NA   NA
STTD_2001-04-24 09:20:00,4/24/2001 9:20,STTD,2001,D,FALSE,CLR,NA,NA,17.8,0.23,NA,NA,NA,NA,NA,20,Regular,677756,693554,15798,15798,48.52493098,48.52493098,1,Used Larval flowmeter multiplied by 2,NA,Terrestrial Insects,73,Order,Lepidoptera,Lepidoptera,NA,2,0.041,0.041,NA,NA,2,SAMP,NA,NA,NA,NA,NA,NA,2   NA   NA   NA,SAMP   NA   NA   NA
STTD_2001-04-24 09:20:00,4/24/2001 9:20,STTD,2001,D,FALSE,CLR,NA,NA,17.8,0.23,NA,NA,NA,NA,NA,20,Regular,677756,693554,15798,15798,48.52493098,48.52493098,1,Used Larval flowmeter multiplied by 2,NA,Terrestrial Insects,63,Order,Coleoptera,Coleoptera,NA,110,2.267,2.267,NA,NA,2,SAMP,NA,NA,NA,NA,NA,NA,2   NA   NA   NA,SAMP   NA   NA   NA
STTD_2001-04-24 09:20:00,4/24/2001 9:20,STTD,2001,D,FALSE,CLR,NA,NA,17.8,0.23,NA,NA,NA,NA,NA,20,Regular,677756,693554,15798,15798,48.52493098,48.52493098,1,Used Larval flowmeter multiplied by 2,NA,Terrestrial Insects,66,Order,Hymenoptera,Hymenoptera,NA,64,1.319,1.319,NA,NA,2,SAMP,NA,NA,NA,NA,NA,NA,2   NA   NA   NA,SAMP   NA   NA   NA
STTD_2001-04-24 09:20:00,4/24/2001 9:20,STTD,2001,D,FALSE,CLR,NA,NA,17.8,0.23,NA,NA,NA,NA,NA,20,Regular,677756,693554,15798,15798,48.52493098,48.52493098,1,Used Larval flowmeter multiplied by 2,NA,Terrestrial Insects,64,Order,Diptera,Diptera,NA,7,0.144,0.144,NA,NA,2,SAMP,NA,NA,NA,NA,NA,NA,2   NA   NA   NA,SAMP   NA   NA   NA
STTD_2001-04-24 09:20:00,4/24/2001 9:20,STTD,2001,D,FALSE,CLR,NA,NA,17.8,0.23,NA,NA,NA,NA,NA,20,Regular,677756,693554,15798,15798,48.52493098,48.52493098,1,Used Larval flowmeter multiplied by 2,NA,Terrestrial Non-Insects,57,Subclass,Acari,Acari,NA,2,0.041,0.041,NA,NA,2,SAMP,NA,NA,NA,NA,NA,NA,2   NA   NA   NA,SAMP   NA   NA   NA
STTD_2001-04-24 09:20:00,4/24/2001 9:20,STTD,2001,D,FALSE,CLR,NA,NA,17.8,0.23,NA,NA,NA,NA,NA,20,Regular,677756,693554,15798,15798,48.52493098,48.52493098,1,Used Larval flowmeter multiplied by 2,NA,Terrestrial Non-Insects,58,Suborder,Araneida,Araneida,NA,7,0.144,0.144,NA,NA,2,SAMP,NA,NA,NA,NA,NA,NA,2   NA   NA   NA,SAMP   NA   NA   NA
SHR_2001-04-24 10:45:00,4/24/2001 10:45,SHR,2001,D,FALSE,CLR,NA,NA,17.2,0.45,NA,NA,NA,NA,NA,30,Regular,685667,687599,1932,1932,5.934306029,5.934306029,1,NA,NA,Aquatic Insects,34,Family,Chironomidae,Chironomidae,NA,3,0.506,0.506,NA,NA,NA,NA,NA,NA,NA,NA,NA,NA,NA   NA   NA   NA,NA   NA   NA   NA
SHR_2001-04-24 10:45:00,4/24/2001 10:45,SHR,2001,D,FALSE,CLR,NA,NA,17.2,0.45,NA,NA,NA,NA,NA,30,Regular,685667,687599,1932,1932,5.934306029,5.934306029,1,NA,NA,Aquatic Insects,38,Family,Simuliidae,Simuliidae,NA,1,0.169,0.169,NA,NA,NA,NA,NA,NA,NA,NA,NA,NA,NA   NA   NA   NA,NA   NA   NA   NA
SHR_2001-04-24 10:45:00,4/24/2001 10:45,SHR,2001,D,FALSE,CLR,NA,NA,17.2,0.45,NA,NA,NA,NA,NA,30,Regular,685667,687599,1932,1932,5.934306029,5.934306029,1,NA,NA,Aquatic Non-Insects,19,Family,Corbiculidae,Corbiculidae,NA,1,0.169,0.169,NA,NA,NA,NA,NA,NA,NA,NA,NA,NA,NA   NA   NA   NA,NA   NA   NA   NA
SHR_2001-04-24 10:45:00,4/24/2001 10:45,SHR,2001,D,FALSE,CLR,NA,NA,17.2,0.45,NA,NA,NA,NA,NA,30,Regular,685667,687599,1932,1932,5.934306029,5.934306029,1,NA,NA,Terrestrial Insects,71,Order,Hemiptera,Hemiptera,NA,2,0.337,0.337,NA,NA,NA,NA,NA,NA,NA,NA,NA,NA,NA   NA   NA   NA,NA   NA   NA   NA
SHR_2001-04-24 10:45:00,4/24/2001 10:45,SHR,2001,D,FALSE,CLR,NA,NA,17.2,0.45,NA,NA,NA,NA,NA,30,Regular,685667,687599,1932,1932,5.934306029,5.934306029,1,NA,NA,Terrestrial Insects,63,Order,Coleoptera,Coleoptera,NA,3,0.506,0.506,NA,NA,NA,NA,NA,NA,NA,NA,NA,NA,NA   NA   NA   NA,NA   NA   NA   NA
STTD_2001-05-10 11:10:00,5/10/2001 11:10,STTD,2001,D,FALSE,CLR,NA,NA,23.9,NA,NA,NA,NA,NA,NA,16,Regular,686371,705301,18930,18930,58.14514137,58.14514137,1,Used Larval Sample flowmeter value multiplied by 1.5,NA,Aquatic Non-Insects,4,Family,Naididae,Naididae,NA,3,0.052,0.052,NA,NA,2,SAMP,NA,NA,NA,NA,NA,NA,2   NA   NA   NA,SAMP   NA   NA   NA
STTD_2001-05-10 11:10:00,5/10/2001 11:10,STTD,2001,D,FALSE,CLR,NA,NA,23.9,NA,NA,NA,NA,NA,NA,16,Regular,686371,705301,18930,18930,58.14514137,58.14514137,1,Used Larval Sample flowmeter value multiplied by 1.5,NA,Aquatic Non-Insects,86,Family,Asellidae,Asellidae,NA,1,0.017,0.017,NA,NA,2,SAMP,NA,NA,NA,NA,NA,NA,2   NA   NA   NA,SAMP   NA   NA   NA
STTD_2001-05-10 11:10:00,5/10/2001 11:10,STTD,2001,D,FALSE,CLR,NA,NA,23.9,NA,NA,NA,NA,NA,NA,16,Regular,686371,705301,18930,18930,58.14514137,58.14514137,1,Used Larval Sample flowmeter value multiplied by 1.5,NA,Aquatic Non-Insects,87,Family,Crangonidae,Crangonidae,NA,1,0.017,0.017,NA,NA,2,SAMP,NA,NA,NA,NA,NA,NA,2   NA   NA   NA,SAMP   NA   NA   NA
STTD_2001-05-10 11:10:00,5/10/2001 11:10,STTD,2001,D,FALSE,CLR,NA,NA,23.9,NA,NA,NA,NA,NA,NA,16,Regular,686371,705301,18930,18930,58.14514137,58.14514137,1,Used Larval Sample flowmeter value multiplied by 1.5,NA,Aquatic Insects,52,Family,Hydraenidae,Hydraenidae,NA,1,0.017,0.017,NA,NA,2,SAMP,NA,NA,NA,NA,NA,NA,2   NA   NA   NA,SAMP   NA   NA   NA
STTD_2001-05-10 11:10:00,5/10/2001 11:10,STTD,2001,D,FALSE,CLR,NA,NA,23.9,NA,NA,NA,NA,NA,NA,16,Regular,686371,705301,18930,18930,58.14514137,58.14514137,1,Used Larval Sample flowmeter value multiplied by 1.5,NA,Aquatic Insects,32,Family,Ceratopogonidae,Ceratopogonidae,NA,91,1.565,1.565,NA,NA,2,SAMP,NA,NA,NA,NA,NA,NA,2   NA   NA   NA,SAMP   NA   NA   NA
STTD_2001-05-10 11:10:00,5/10/2001 11:10,STTD,2001,D,FALSE,CLR,NA,NA,23.9,NA,NA,NA,NA,NA,NA,16,Regular,686371,705301,18930,18930,58.14514137,58.14514137,1,Used Larval Sample flowmeter value multiplied by 1.5,NA,Aquatic Insects,34,Family,Chironomidae,Chironomidae,NA,9,0.155,0.155,NA,NA,2,SAMP,NA,NA,NA,NA,NA,NA,2   NA   NA   NA,SAMP   NA   NA   NA
STTD_2001-05-10 11:10:00,5/10/2001 11:10,STTD,2001,D,FALSE,CLR,NA,NA,23.9,NA,NA,NA,NA,NA,NA,16,Regular,686371,705301,18930,18930,58.14514137,58.14514137,1,Used Larval Sample flowmeter value multiplied by 1.5,NA,Aquatic Insects,39,Family,Tipulidae,Tipulidae,NA,1,0.017,0.017,NA,NA,2,SAMP,NA,NA,NA,NA,NA,NA,2   NA   NA   NA,SAMP   NA   NA   NA
STTD_2001-05-10 11:10:00,5/10/2001 11:10,STTD,2001,D,FALSE,CLR,NA,NA,23.9,NA,NA,NA,NA,NA,NA,16,Regular,686371,705301,18930,18930,58.14514137,58.14514137,1,Used Larval Sample flowmeter value multiplied by 1.5,NA,Aquatic Insects,36,Family,Ephydridae,Ephydridae,NA,3,0.052,0.052,NA,NA,2,SAMP,NA,NA,NA,NA,NA,NA,2   NA   NA   NA,SAMP   NA   NA   NA
STTD_2001-05-10 11:10:00,5/10/2001 11:10,STTD,2001,D,FALSE,CLR,NA,NA,23.9,NA,NA,NA,NA,NA,NA,16,Regular,686371,705301,18930,18930,58.14514137,58.14514137,1,Used Larval Sample flowmeter value multiplied by 1.5,NA,Terrestrial Non-Insects,68,Order,Collembola,Collembola,NA,4,0.069,0.069,NA,NA,2,SAMP,NA,NA,NA,NA,NA,NA,2   NA   NA   NA,SAMP   NA   NA   NA
STTD_2001-05-10 11:10:00,5/10/2001 11:10,STTD,2001,D,FALSE,CLR,NA,NA,23.9,NA,NA,NA,NA,NA,NA,16,Regular,686371,705301,18930,18930,58.14514137,58.14514137,1,Used Larval Sample flowmeter value multiplied by 1.5,NA,Terrestrial Insects,67,Order,Psocoptera,Psocoptera,NA,1,0.017,0.017,NA,NA,2,SAMP,NA,NA,NA,NA,NA,NA,2   NA   NA   NA,SAMP   NA   NA   NA
STTD_2001-05-10 11:10:00,5/10/2001 11:10,STTD,2001,D,FALSE,CLR,NA,NA,23.9,NA,NA,NA,NA,NA,NA,16,Regular,686371,705301,18930,18930,58.14514137,58.14514137,1,Used Larval Sample flowmeter value multiplied by 1.5,NA,Terrestrial Insects,71,Order,Hemiptera,Hemiptera,NA,22,0.378,0.378,NA,NA,2,SAMP,NA,NA,NA,NA,NA,NA,2   NA   NA   NA,SAMP   NA   NA   NA
STTD_2001-05-10 11:10:00,5/10/2001 11:10,STTD,2001,D,FALSE,CLR,NA,NA,23.9,NA,NA,NA,NA,NA,NA,16,Regular,686371,705301,18930,18930,58.14514137,58.14514137,1,Used Larval Sample flowmeter value multiplied by 1.5,NA,Terrestrial Insects,63,Order,Coleoptera,Coleoptera,NA,8,0.138,0.138,NA,NA,2,SAMP,NA,NA,NA,NA,NA,NA,2   NA   NA   NA,SAMP   NA   NA   NA
STTD_2001-05-10 11:10:00,5/10/2001 11:10,STTD,2001,D,FALSE,CLR,NA,NA,23.9,NA,NA,NA,NA,NA,NA,16,Regular,686371,705301,18930,18930,58.14514137,58.14514137,1,Used Larval Sample flowmeter value multiplied by 1.5,NA,Terrestrial Insects,66,Order,Hymenoptera,Hymenoptera,NA,13,0.224,0.224,NA,NA,2,SAMP,NA,NA,NA,NA,NA,NA,2   NA   NA   NA,SAMP   NA   NA   NA
STTD_2001-05-10 11:10:00,5/10/2001 11:10,STTD,2001,D,FALSE,CLR,NA,NA,23.9,NA,NA,NA,NA,NA,NA,16,Regular,686371,705301,18930,18930,58.14514137,58.14514137,1,Used Larval Sample flowmeter value multiplied by 1.5,NA,Terrestrial Insects,64,Order,Diptera,Diptera,NA,9,0.155,0.155,NA,NA,2,SAMP,NA,NA,NA,NA,NA,NA,2   NA   NA   NA,SAMP   NA   NA   NA
STTD_2001-05-10 11:10:00,5/10/2001 11:10,STTD,2001,D,FALSE,CLR,NA,NA,23.9,NA,NA,NA,NA,NA,NA,16,Regular,686371,705301,18930,18930,58.14514137,58.14514137,1,Used Larval Sample flowmeter value multiplied by 1.5,NA,Terrestrial Non-Insects,58,Suborder,Araneida,Araneida,NA,17,0.292,0.292,NA,NA,2,SAMP,NA,NA,NA,NA,NA,NA,2   NA   NA   NA,SAMP   NA   NA   NA
SHR_2002-01-08 11:00:00,1/8/2002 11:00,SHR,2002,D,TRUE,FOG,NA,NA,NA,0.19,NA,NA,NA,NA,NA,30,Regular,367442,385676,18234,18234,56.00731684,56.00731684,NA,use 6x's zoop meter difference,NA,Aquatic Non-Insects,4,Family,Naididae,Naididae,NA,1,0.018,0.018,NA,NA,2,SAMP,NA,NA,NA,NA,NA,NA,2   NA   NA   NA,SAMP   NA   NA   NA
SHR_2002-01-08 11:00:00,1/8/2002 11:00,SHR,2002,D,TRUE,FOG,NA,NA,NA,0.19,NA,NA,NA,NA,NA,30,Regular,367442,385676,18234,18234,56.00731684,56.00731684,NA,use 6x's zoop meter difference,NA,Aquatic Non-Insects,9,Family,Corophiidae,Corophiidae,NA,6,0.107,0.107,NA,NA,2,SAMP,NA,NA,NA,NA,NA,NA,2   NA   NA   NA,SAMP   NA   NA   NA
SHR_2002-01-08 11:00:00,1/8/2002 11:00,SHR,2002,D,TRUE,FOG,NA,NA,NA,0.19,NA,NA,NA,NA,NA,30,Regular,367442,385676,18234,18234,56.00731684,56.00731684,NA,use 6x's zoop meter difference,NA,Aquatic Insects,41,Family,Baetidae,Baetidae,NA,2,0.036,0.036,NA,NA,2,SAMP,NA,NA,NA,NA,NA,NA,2   NA   NA   NA,SAMP   NA   NA   NA
SHR_2002-01-08 11:00:00,1/8/2002 11:00,SHR,2002,D,TRUE,FOG,NA,NA,NA,0.19,NA,NA,NA,NA,NA,30,Regular,367442,385676,18234,18234,56.00731684,56.00731684,NA,use 6x's zoop meter difference,NA,Aquatic Insects,43,Family,Heptageniidae,Heptageniidae,NA,1,0.018,0.018,NA,NA,2,SAMP,NA,NA,NA,NA,NA,NA,2   NA   NA   NA,SAMP   NA   NA   NA
SHR_2002-01-08 11:00:00,1/8/2002 11:00,SHR,2002,D,TRUE,FOG,NA,NA,NA,0.19,NA,NA,NA,NA,NA,30,Regular,367442,385676,18234,18234,56.00731684,56.00731684,NA,use 6x's zoop meter difference,NA,Aquatic Insects,44,Family,Corixidae,Corixidae,NA,9,0.161,0.161,NA,NA,2,SAMP,NA,NA,NA,NA,NA,NA,2   NA   NA   NA,SAMP   NA   NA   NA
SHR_2002-01-08 11:00:00,1/8/2002 11:00,SHR,2002,D,TRUE,FOG,NA,NA,NA,0.19,NA,NA,NA,NA,NA,30,Regular,367442,385676,18234,18234,56.00731684,56.00731684,NA,use 6x's zoop meter difference,NA,Aquatic Insects,88,Family,Hydroptilidae,Hydroptilidae,NA,1,0.018,0.018,NA,NA,2,SAMP,NA,NA,NA,NA,NA,NA,2   NA   NA   NA,SAMP   NA   NA   NA
SHR_2002-01-08 11:00:00,1/8/2002 11:00,SHR,2002,D,TRUE,FOG,NA,NA,NA,0.19,NA,NA,NA,NA,NA,30,Regular,367442,385676,18234,18234,56.00731684,56.00731684,NA,use 6x's zoop meter difference,NA,Aquatic Insects,34,Family,Chironomidae,Chironomidae,NA,6,0.107,0.107,NA,NA,2,SAMP,NA,NA,NA,NA,NA,NA,2   NA   NA   NA,SAMP   NA   NA   NA
SHR_2002-01-08 11:00:00,1/8/2002 11:00,SHR,2002,D,TRUE,FOG,NA,NA,NA,0.19,NA,NA,NA,NA,NA,30,Regular,367442,385676,18234,18234,56.00731684,56.00731684,NA,use 6x's zoop meter difference,NA,Aquatic Insects,49,Family,Culicidae,Culicidae,NA,1,0.018,0.018,NA,NA,2,SAMP,NA,NA,NA,NA,NA,NA,2   NA   NA   NA,SAMP   NA   NA   NA
SHR_2002-01-08 11:00:00,1/8/2002 11:00,SHR,2002,D,TRUE,FOG,NA,NA,NA,0.19,NA,NA,NA,NA,NA,30,Regular,367442,385676,18234,18234,56.00731684,56.00731684,NA,use 6x's zoop meter difference,NA,Terrestrial Insects,63,Order,Coleoptera,Coleoptera,NA,1,0.018,0.018,NA,NA,2,SAMP,NA,NA,NA,NA,NA,NA,2   NA   NA   NA,SAMP   NA   NA   NA
SHR_2002-01-08 11:00:00,1/8/2002 11:00,SHR,2002,D,TRUE,FOG,NA,NA,NA,0.19,NA,NA,NA,NA,NA,30,Regular,367442,385676,18234,18234,56.00731684,56.00731684,NA,use 6x's zoop meter difference,NA,Terrestrial Insects,66,Order,Hymenoptera,Hymenoptera,NA,2,0.036,0.036,NA,NA,2,SAMP,NA,NA,NA,NA,NA,NA,2   NA   NA   NA,SAMP   NA   NA   NA
SHR_2002-01-16 08:45:00,1/16/2002 8:45,SHR,2002,D,TRUE,CLR,NA,NA,9.7,0.24,127,NA,NA,NA,NA,30,Regular,396434,407456,11022,11022,33.8550316,33.8550316,NA,use 3x's zoop net meter,NA,Aquatic Non-Insects,4,Family,Naididae,Naididae,NA,3,0.089,0.089,NA,NA,2,SAMP,NA,NA,NA,NA,NA,NA,2   NA   NA   NA,SAMP   NA   NA   NA
SHR_2002-01-16 08:45:00,1/16/2002 8:45,SHR,2002,D,TRUE,CLR,NA,NA,9.7,0.24,127,NA,NA,NA,NA,30,Regular,396434,407456,11022,11022,33.8550316,33.8550316,NA,use 3x's zoop net meter,NA,Aquatic Non-Insects,2,Family,Enchytraeidae,Enchytraeidae,NA,2,0.059,0.059,NA,NA,2,SAMP,NA,NA,NA,NA,NA,NA,2   NA   NA   NA,SAMP   NA   NA   NA
SHR_2002-01-16 08:45:00,1/16/2002 8:45,SHR,2002,D,TRUE,CLR,NA,NA,9.7,0.24,127,NA,NA,NA,NA,30,Regular,396434,407456,11022,11022,33.8550316,33.8550316,NA,use 3x's zoop net meter,NA,Aquatic Non-Insects,10,Family,Crangonyctidae,Crangonyctidae,NA,1,0.03,0.03,NA,NA,2,SAMP,NA,NA,NA,NA,NA,NA,2   NA   NA   NA,SAMP   NA   NA   NA
SHR_2002-01-16 08:45:00,1/16/2002 8:45,SHR,2002,D,TRUE,CLR,NA,NA,9.7,0.24,127,NA,NA,NA,NA,30,Regular,396434,407456,11022,11022,33.8550316,33.8550316,NA,use 3x's zoop net meter,NA,Aquatic Insects,41,Family,Baetidae,Baetidae,NA,1,0.03,0.03,NA,NA,2,SAMP,NA,NA,NA,NA,NA,NA,2   NA   NA   NA,SAMP   NA   NA   NA
SHR_2002-01-16 08:45:00,1/16/2002 8:45,SHR,2002,D,TRUE,CLR,NA,NA,9.7,0.24,127,NA,NA,NA,NA,30,Regular,396434,407456,11022,11022,33.8550316,33.8550316,NA,use 3x's zoop net meter,NA,Aquatic Insects,43,Family,Heptageniidae,Heptageniidae,NA,1,0.03,0.03,NA,NA,2,SAMP,NA,NA,NA,NA,NA,NA,2   NA   NA   NA,SAMP   NA   NA   NA
SHR_2002-01-16 08:45:00,1/16/2002 8:45,SHR,2002,D,TRUE,CLR,NA,NA,9.7,0.24,127,NA,NA,NA,NA,30,Regular,396434,407456,11022,11022,33.8550316,33.8550316,NA,use 3x's zoop net meter,NA,Aquatic Insects,48,Family,Hydropsychidae,Hydropsychidae,NA,1,0.03,0.03,NA,NA,2,SAMP,NA,NA,NA,NA,NA,NA,2   NA   NA   NA,SAMP   NA   NA   NA
SHR_2002-01-16 08:45:00,1/16/2002 8:45,SHR,2002,D,TRUE,CLR,NA,NA,9.7,0.24,127,NA,NA,NA,NA,30,Regular,396434,407456,11022,11022,33.8550316,33.8550316,NA,use 3x's zoop net meter,NA,Aquatic Insects,101,Family,Carabidae,Carabidae,NA,1,0.03,0.03,NA,NA,2,SAMP,NA,NA,NA,NA,NA,NA,2   NA   NA   NA,SAMP   NA   NA   NA
SHR_2002-01-16 08:45:00,1/16/2002 8:45,SHR,2002,D,TRUE,CLR,NA,NA,9.7,0.24,127,NA,NA,NA,NA,30,Regular,396434,407456,11022,11022,33.8550316,33.8550316,NA,use 3x's zoop net meter,NA,Aquatic Insects,34,Family,Chironomidae,Chironomidae,NA,3,0.089,0.089,NA,NA,2,SAMP,NA,NA,NA,NA,NA,NA,2   NA   NA   NA,SAMP   NA   NA   NA
SHR_2002-01-16 08:45:00,1/16/2002 8:45,SHR,2002,D,TRUE,CLR,NA,NA,9.7,0.24,127,NA,NA,NA,NA,30,Regular,396434,407456,11022,11022,33.8550316,33.8550316,NA,use 3x's zoop net meter,NA,Aquatic Insects,38,Family,Simuliidae,Simuliidae,NA,1,0.03,0.03,NA,NA,2,SAMP,NA,NA,NA,NA,NA,NA,2   NA   NA   NA,SAMP   NA   NA   NA
SHR_2002-01-16 08:45:00,1/16/2002 8:45,SHR,2002,D,TRUE,CLR,NA,NA,9.7,0.24,127,NA,NA,NA,NA,30,Regular,396434,407456,11022,11022,33.8550316,33.8550316,NA,use 3x's zoop net meter,NA,Terrestrial Insects,66,Order,Hymenoptera,Hymenoptera,NA,2,0.059,0.059,NA,NA,2,SAMP,NA,NA,NA,NA,NA,NA,2   NA   NA   NA,SAMP   NA   NA   NA
STTD_2002-01-16 11:47:00,1/16/2002 11:47,STTD,2002,D,TRUE,CLR,NA,NA,9.4,0.15,260,NA,NA,NA,NA,10,Regular,402421,435976,33555,33555,103.0671008,103.0671008,NA,use zoop meter diff.,NA,Aquatic Non-Insects,18,Family,Hydridae,Hydridae,NA,1,0.01,0.01,NA,NA,2,SAMP,NA,NA,2,FM,NA,NA,2   NA   2   NA,SAMP   NA   FM   NA
STTD_2002-01-16 11:47:00,1/16/2002 11:47,STTD,2002,D,TRUE,CLR,NA,NA,9.4,0.15,260,NA,NA,NA,NA,10,Regular,402421,435976,33555,33555,103.0671008,103.0671008,NA,use zoop meter diff.,NA,Aquatic Non-Insects,4,Family,Naididae,Naididae,NA,3,0.029,0.029,NA,NA,2,SAMP,NA,NA,2,FM,NA,NA,2   NA   2   NA,SAMP   NA   FM   NA
STTD_2002-01-16 11:47:00,1/16/2002 11:47,STTD,2002,D,TRUE,CLR,NA,NA,9.4,0.15,260,NA,NA,NA,NA,10,Regular,402421,435976,33555,33555,103.0671008,103.0671008,NA,use zoop meter diff.,NA,Aquatic Non-Insects,14,Family,Cyprididae,Cyprididae,NA,23,0.223,0.223,NA,NA,2,SAMP,NA,NA,2,FM,NA,NA,2   NA   2   NA,SAMP   NA   FM   NA
STTD_2002-01-16 11:47:00,1/16/2002 11:47,STTD,2002,D,TRUE,CLR,NA,NA,9.4,0.15,260,NA,NA,NA,NA,10,Regular,402421,435976,33555,33555,103.0671008,103.0671008,NA,use zoop meter diff.,NA,Aquatic Non-Insects,10,Family,Crangonyctidae,Crangonyctidae,NA,23,0.223,0.223,NA,NA,2,SAMP,NA,NA,2,FM,NA,NA,2   NA   2   NA,SAMP   NA   FM   NA
STTD_2002-01-16 11:47:00,1/16/2002 11:47,STTD,2002,D,TRUE,CLR,NA,NA,9.4,0.15,260,NA,NA,NA,NA,10,Regular,402421,435976,33555,33555,103.0671008,103.0671008,NA,use zoop meter diff.,NA,Aquatic Non-Insects,20,Family,Physidae,Physidae,NA,250,2.426,2.426,NA,NA,2,SAMP,NA,NA,2,FM,NA,NA,2   NA   2   NA,SAMP   NA   FM   NA
STTD_2002-01-16 11:47:00,1/16/2002 11:47,STTD,2002,D,TRUE,CLR,NA,NA,9.4,0.15,260,NA,NA,NA,NA,10,Regular,402421,435976,33555,33555,103.0671008,103.0671008,NA,use zoop meter diff.,NA,Aquatic Insects,41,Family,Baetidae,Baetidae,NA,1,0.01,0.01,NA,NA,2,SAMP,NA,NA,2,FM,NA,NA,2   NA   2   NA,SAMP   NA   FM   NA
STTD_2002-01-16 11:47:00,1/16/2002 11:47,STTD,2002,D,TRUE,CLR,NA,NA,9.4,0.15,260,NA,NA,NA,NA,10,Regular,402421,435976,33555,33555,103.0671008,103.0671008,NA,use zoop meter diff.,NA,Aquatic Insects,46,Family,Coenagrionidae,Coenagrionidae,NA,1,0.01,0.01,NA,NA,2,SAMP,NA,NA,2,FM,NA,NA,2   NA   2   NA,SAMP   NA   FM   NA
STTD_2002-01-16 11:47:00,1/16/2002 11:47,STTD,2002,D,TRUE,CLR,NA,NA,9.4,0.15,260,NA,NA,NA,NA,10,Regular,402421,435976,33555,33555,103.0671008,103.0671008,NA,use zoop meter diff.,NA,Aquatic Insects,44,Family,Corixidae,Corixidae,NA,60,0.582,0.582,NA,NA,2,SAMP,NA,NA,2,FM,NA,NA,2   NA   2   NA,SAMP   NA   FM   NA
STTD_2002-01-16 11:47:00,1/16/2002 11:47,STTD,2002,D,TRUE,CLR,NA,NA,9.4,0.15,260,NA,NA,NA,NA,10,Regular,402421,435976,33555,33555,103.0671008,103.0671008,NA,use zoop meter diff.,NA,Aquatic Insects,45,Family,Notonectidae,Notonectidae,NA,1,0.01,0.01,NA,NA,2,SAMP,NA,NA,2,FM,NA,NA,2   NA   2   NA,SAMP   NA   FM   NA
STTD_2002-01-16 11:47:00,1/16/2002 11:47,STTD,2002,D,TRUE,CLR,NA,NA,9.4,0.15,260,NA,NA,NA,NA,10,Regular,402421,435976,33555,33555,103.0671008,103.0671008,NA,use zoop meter diff.,NA,Aquatic Insects,30,Family,Dytiscidae,Dytiscidae,NA,34,0.33,0.33,NA,NA,2,SAMP,NA,NA,2,FM,NA,NA,2   NA   2   NA,SAMP   NA   FM   NA
STTD_2002-01-16 11:47:00,1/16/2002 11:47,STTD,2002,D,TRUE,CLR,NA,NA,9.4,0.15,260,NA,NA,NA,NA,10,Regular,402421,435976,33555,33555,103.0671008,103.0671008,NA,use zoop meter diff.,NA,Aquatic Insects,81,Family,Hydrophilidae,Hydrophilidae,NA,3,0.029,0.029,NA,NA,2,SAMP,NA,NA,2,FM,NA,NA,2   NA   2   NA,SAMP   NA   FM   NA
STTD_2002-01-16 11:47:00,1/16/2002 11:47,STTD,2002,D,TRUE,CLR,NA,NA,9.4,0.15,260,NA,NA,NA,NA,10,Regular,402421,435976,33555,33555,103.0671008,103.0671008,NA,use zoop meter diff.,NA,Aquatic Insects,52,Family,Hydraenidae,Hydraenidae,NA,3,0.029,0.029,NA,NA,2,SAMP,NA,NA,2,FM,NA,NA,2   NA   2   NA,SAMP   NA   FM   NA
STTD_2002-01-16 11:47:00,1/16/2002 11:47,STTD,2002,D,TRUE,CLR,NA,NA,9.4,0.15,260,NA,NA,NA,NA,10,Regular,402421,435976,33555,33555,103.0671008,103.0671008,NA,use zoop meter diff.,NA,Aquatic Insects,34,Family,Chironomidae,Chironomidae,NA,131,1.271,1.271,NA,NA,2,SAMP,NA,NA,2,FM,NA,NA,2   NA   2   NA,SAMP   NA   FM   NA
STTD_2002-01-16 11:47:00,1/16/2002 11:47,STTD,2002,D,TRUE,CLR,NA,NA,9.4,0.15,260,NA,NA,NA,NA,10,Regular,402421,435976,33555,33555,103.0671008,103.0671008,NA,use zoop meter diff.,NA,Aquatic Insects,36,Family,Ephydridae,Ephydridae,NA,3,0.029,0.029,NA,NA,2,SAMP,NA,NA,2,FM,NA,NA,2   NA   2   NA,SAMP   NA   FM   NA
STTD_2002-01-16 11:47:00,1/16/2002 11:47,STTD,2002,D,TRUE,CLR,NA,NA,9.4,0.15,260,NA,NA,NA,NA,10,Regular,402421,435976,33555,33555,103.0671008,103.0671008,NA,use zoop meter diff.,NA,Terrestrial Non-Insects,58,Suborder,Araneida,Araneida,NA,20,0.194,0.194,NA,NA,2,SAMP,NA,NA,2,FM,NA,NA,2   NA   2   NA,SAMP   NA   FM   NA
STTD_2002-01-16 11:47:00,1/16/2002 11:47,STTD,2002,D,TRUE,CLR,NA,NA,9.4,0.15,260,NA,NA,NA,NA,10,Regular,402421,435976,33555,33555,103.0671008,103.0671008,NA,use zoop meter diff.,NA,Terrestrial Non-Insects,57,Subclass,Acari,Acari,NA,1,0.01,0.01,NA,NA,2,SAMP,NA,NA,2,FM,NA,NA,2   NA   2   NA,SAMP   NA   FM   NA
STTD_2002-01-16 11:47:00,1/16/2002 11:47,STTD,2002,D,TRUE,CLR,NA,NA,9.4,0.15,260,NA,NA,NA,NA,10,Regular,402421,435976,33555,33555,103.0671008,103.0671008,NA,use zoop meter diff.,NA,Terrestrial Non-Insects,68,Order,Collembola,Collembola,NA,3,0.029,0.029,NA,NA,2,SAMP,NA,NA,2,FM,NA,NA,2   NA   2   NA,SAMP   NA   FM   NA
STTD_2002-01-16 11:47:00,1/16/2002 11:47,STTD,2002,D,TRUE,CLR,NA,NA,9.4,0.15,260,NA,NA,NA,NA,10,Regular,402421,435976,33555,33555,103.0671008,103.0671008,NA,use zoop meter diff.,NA,Terrestrial Insects,71,Order,Hemiptera,Hemiptera,NA,1,0.01,0.01,NA,NA,2,SAMP,NA,NA,2,FM,NA,NA,2   NA   2   NA,SAMP   NA   FM   NA
STTD_2002-01-16 11:47:00,1/16/2002 11:47,STTD,2002,D,TRUE,CLR,NA,NA,9.4,0.15,260,NA,NA,NA,NA,10,Regular,402421,435976,33555,33555,103.0671008,103.0671008,NA,use zoop meter diff.,NA,Terrestrial Insects,63,Order,Coleoptera,Coleoptera,NA,21,0.204,0.204,NA,NA,2,SAMP,NA,NA,2,FM,NA,NA,2   NA   2   NA,SAMP   NA   FM   NA
STTD_2002-01-16 11:47:00,1/16/2002 11:47,STTD,2002,D,TRUE,CLR,NA,NA,9.4,0.15,260,NA,NA,NA,NA,10,Regular,402421,435976,33555,33555,103.0671008,103.0671008,NA,use zoop meter diff.,NA,Terrestrial Insects,64,Order,Diptera,Diptera,NA,14,0.136,0.136,NA,NA,2,SAMP,NA,NA,2,FM,NA,NA,2   NA   2   NA,SAMP   NA   FM   NA
STTD_2002-01-16 11:47:00,1/16/2002 11:47,STTD,2002,D,TRUE,CLR,NA,NA,9.4,0.15,260,NA,NA,NA,NA,10,Regular,402421,435976,33555,33555,103.0671008,103.0671008,NA,use zoop meter diff.,NA,Terrestrial Insects,66,Order,Hymenoptera,Hymenoptera,NA,9,0.087,0.087,NA,NA,2,SAMP,NA,NA,2,FM,NA,NA,2   NA   2   NA,SAMP   NA   FM   NA
SHR_2002-01-24 08:45:00,1/24/2002 8:45,SHR,2002,D,FALSE,CLR,NA,NA,8.7,0.35,142,NA,NA,NA,NA,30,Regular,436022,551234,115212,4737,353.8836782,14.55010748,NA,use 3x's zoop net difference,NA,Aquatic Non-Insects,18,Family,Hydridae,Hydridae,NA,15,0.042,1.031,NA,NA,2,SAMP,NA,NA,3,FM,NA,NA,2   NA   3   NA,SAMP   NA   FM   NA
SHR_2002-01-24 08:45:00,1/24/2002 8:45,SHR,2002,D,FALSE,CLR,NA,NA,8.7,0.35,142,NA,NA,NA,NA,30,Regular,436022,551234,115212,4737,353.8836782,14.55010748,NA,use 3x's zoop net difference,NA,Aquatic Non-Insects,4,Family,Naididae,Naididae,NA,1,0.003,0.069,NA,NA,2,SAMP,NA,NA,3,FM,NA,NA,2   NA   3   NA,SAMP   NA   FM   NA
SHR_2002-01-24 08:45:00,1/24/2002 8:45,SHR,2002,D,FALSE,CLR,NA,NA,8.7,0.35,142,NA,NA,NA,NA,30,Regular,436022,551234,115212,4737,353.8836782,14.55010748,NA,use 3x's zoop net difference,NA,Aquatic Insects,44,Family,Corixidae,Corixidae,NA,1,0.003,0.069,NA,NA,2,SAMP,NA,NA,3,FM,NA,NA,2   NA   3   NA,SAMP   NA   FM   NA
SHR_2002-01-24 08:45:00,1/24/2002 8:45,SHR,2002,D,FALSE,CLR,NA,NA,8.7,0.35,142,NA,NA,NA,NA,30,Regular,436022,551234,115212,4737,353.8836782,14.55010748,NA,use 3x's zoop net difference,NA,Aquatic Insects,34,Family,Chironomidae,Chironomidae,NA,1,0.003,0.069,NA,NA,2,SAMP,NA,NA,3,FM,NA,NA,2   NA   3   NA,SAMP   NA   FM   NA
SHR_2002-01-24 08:45:00,1/24/2002 8:45,SHR,2002,D,FALSE,CLR,NA,NA,8.7,0.35,142,NA,NA,NA,NA,30,Regular,436022,551234,115212,4737,353.8836782,14.55010748,NA,use 3x's zoop net difference,NA,Terrestrial Non-Insects,58,Suborder,Araneida,Araneida,NA,1,0.003,0.069,NA,NA,2,SAMP,NA,NA,3,FM,NA,NA,2   NA   3   NA,SAMP   NA   FM   NA
SHR_2002-01-24 08:45:00,1/24/2002 8:45,SHR,2002,D,FALSE,CLR,NA,NA,8.7,0.35,142,NA,NA,NA,NA,30,Regular,436022,551234,115212,4737,353.8836782,14.55010748,NA,use 3x's zoop net difference,NA,Terrestrial Insects,64,Order,Diptera,Diptera,NA,1,0.003,0.069,NA,NA,2,SAMP,NA,NA,3,FM,NA,NA,2   NA   3   NA,SAMP   NA   FM   NA
SHR_2002-01-24 08:45:00,1/24/2002 8:45,SHR,2002,D,FALSE,CLR,NA,NA,8.7,0.35,142,NA,NA,NA,NA,30,Regular,436022,551234,115212,4737,353.8836782,14.55010748,NA,use 3x's zoop net difference,NA,Terrestrial Insects,66,Order,Hymenoptera,Hymenoptera,NA,1,0.003,0.069,NA,NA,2,SAMP,NA,NA,3,FM,NA,NA,2   NA   3   NA,SAMP   NA   FM   NA
STTD_2002-01-24 10:38:00,1/24/2002 10:38,STTD,2002,D,FALSE,CLR,NA,NA,8,0.11,377,NA,NA,NA,NA,15,Regular,436754,445240,8486,8486,26.06548704,26.06548704,NA,NA,NA,Aquatic Non-Insects,18,Family,Hydridae,Hydridae,NA,15,0.575,0.575,NA,NA,NA,NA,NA,NA,NA,NA,NA,NA,NA   NA   NA   NA,NA   NA   NA   NA
STTD_2002-01-24 10:38:00,1/24/2002 10:38,STTD,2002,D,FALSE,CLR,NA,NA,8,0.11,377,NA,NA,NA,NA,15,Regular,436754,445240,8486,8486,26.06548704,26.06548704,NA,NA,NA,Aquatic Non-Insects,4,Family,Naididae,Naididae,NA,1,0.038,0.038,NA,NA,NA,NA,NA,NA,NA,NA,NA,NA,NA   NA   NA   NA,NA   NA   NA   NA
STTD_2002-01-24 10:38:00,1/24/2002 10:38,STTD,2002,D,FALSE,CLR,NA,NA,8,0.11,377,NA,NA,NA,NA,15,Regular,436754,445240,8486,8486,26.06548704,26.06548704,NA,NA,NA,Aquatic Insects,44,Family,Corixidae,Corixidae,NA,1,0.038,0.038,NA,NA,NA,NA,NA,NA,NA,NA,NA,NA,NA   NA   NA   NA,NA   NA   NA   NA
STTD_2002-01-24 10:38:00,1/24/2002 10:38,STTD,2002,D,FALSE,CLR,NA,NA,8,0.11,377,NA,NA,NA,NA,15,Regular,436754,445240,8486,8486,26.06548704,26.06548704,NA,NA,NA,Aquatic Insects,34,Family,Chironomidae,Chironomidae,NA,1,0.038,0.038,NA,NA,NA,NA,NA,NA,NA,NA,NA,NA,NA   NA   NA   NA,NA   NA   NA   NA
STTD_2002-01-24 10:38:00,1/24/2002 10:38,STTD,2002,D,FALSE,CLR,NA,NA,8,0.11,377,NA,NA,NA,NA,15,Regular,436754,445240,8486,8486,26.06548704,26.06548704,NA,NA,NA,Terrestrial Non-Insects,58,Suborder,Araneida,Araneida,NA,1,0.038,0.038,NA,NA,NA,NA,NA,NA,NA,NA,NA,NA,NA   NA   NA   NA,NA   NA   NA   NA
STTD_2002-01-24 10:38:00,1/24/2002 10:38,STTD,2002,D,FALSE,CLR,NA,NA,8,0.11,377,NA,NA,NA,NA,15,Regular,436754,445240,8486,8486,26.06548704,26.06548704,NA,NA,NA,Terrestrial Insects,64,Order,Diptera,Diptera,NA,1,0.038,0.038,NA,NA,NA,NA,NA,NA,NA,NA,NA,NA,NA   NA   NA   NA,NA   NA   NA   NA
STTD_2002-01-24 10:38:00,1/24/2002 10:38,STTD,2002,D,FALSE,CLR,NA,NA,8,0.11,377,NA,NA,NA,NA,15,Regular,436754,445240,8486,8486,26.06548704,26.06548704,NA,NA,NA,Terrestrial Insects,66,Order,Hymenoptera,Hymenoptera,NA,1,0.038,0.038,NA,NA,NA,NA,NA,NA,NA,NA,NA,NA,NA   NA   NA   NA,NA   NA   NA   NA
SHR_2002-01-29 08:40:00,1/29/2002 8:40,SHR,2002,D,FALSE,FOG,NA,NA,8.5,0.4,143,NA,NA,NA,NA,30,Regular,442426,445681,3255,3255,9.998015593,9.998015593,NA,use 3x's zoop net meter,NA,Aquatic Non-Insects,18,Family,Hydridae,Hydridae,NA,14,1.4,1.4,NA,NA,2,SAMP,NA,NA,NA,NA,NA,NA,2   NA   NA   NA,SAMP   NA   NA   NA
SHR_2002-01-29 08:40:00,1/29/2002 8:40,SHR,2002,D,FALSE,FOG,NA,NA,8.5,0.4,143,NA,NA,NA,NA,30,Regular,442426,445681,3255,3255,9.998015593,9.998015593,NA,use 3x's zoop net meter,NA,Aquatic Non-Insects,4,Family,Naididae,Naididae,NA,5,0.5,0.5,NA,NA,2,SAMP,NA,NA,NA,NA,NA,NA,2   NA   NA   NA,SAMP   NA   NA   NA
SHR_2002-01-29 08:40:00,1/29/2002 8:40,SHR,2002,D,FALSE,FOG,NA,NA,8.5,0.4,143,NA,NA,NA,NA,30,Regular,442426,445681,3255,3255,9.998015593,9.998015593,NA,use 3x's zoop net meter,NA,Aquatic Non-Insects,13,Family,Mysidae,Mysidae,NA,1,0.1,0.1,NA,NA,2,SAMP,NA,NA,NA,NA,NA,NA,2   NA   NA   NA,SAMP   NA   NA   NA
SHR_2002-01-29 08:40:00,1/29/2002 8:40,SHR,2002,D,FALSE,FOG,NA,NA,8.5,0.4,143,NA,NA,NA,NA,30,Regular,442426,445681,3255,3255,9.998015593,9.998015593,NA,use 3x's zoop net meter,NA,Aquatic Insects,38,Family,Simuliidae,Simuliidae,NA,1,0.1,0.1,NA,NA,2,SAMP,NA,NA,NA,NA,NA,NA,2   NA   NA   NA,SAMP   NA   NA   NA
STTD_2002-01-29 11:07:00,1/29/2002 11:07,STTD,2002,D,FALSE,CLD,NA,NA,7.7,NA,NA,NA,NA,NA,NA,30,Regular,443537,467582,24045,24045,73.85630873,73.85630873,NA,use 3x's zoop meter,NA,Aquatic Non-Insects,18,Family,Hydridae,Hydridae,NA,1,0.014,0.014,NA,NA,2,SAMP,NA,NA,NA,NA,NA,NA,2   NA   NA   NA,SAMP   NA   NA   NA
STTD_2002-01-29 11:07:00,1/29/2002 11:07,STTD,2002,D,FALSE,CLD,NA,NA,7.7,NA,NA,NA,NA,NA,NA,30,Regular,443537,467582,24045,24045,73.85630873,73.85630873,NA,use 3x's zoop meter,NA,Aquatic Non-Insects,14,Family,Cyprididae,Cyprididae,NA,4,0.054,0.054,NA,NA,2,SAMP,NA,NA,NA,NA,NA,NA,2   NA   NA   NA,SAMP   NA   NA   NA
STTD_2002-01-29 11:07:00,1/29/2002 11:07,STTD,2002,D,FALSE,CLD,NA,NA,7.7,NA,NA,NA,NA,NA,NA,30,Regular,443537,467582,24045,24045,73.85630873,73.85630873,NA,use 3x's zoop meter,NA,Aquatic Non-Insects,20,Family,Physidae,Physidae,NA,1,0.014,0.014,NA,NA,2,SAMP,NA,NA,NA,NA,NA,NA,2   NA   NA   NA,SAMP   NA   NA   NA
STTD_2002-01-29 11:07:00,1/29/2002 11:07,STTD,2002,D,FALSE,CLD,NA,NA,7.7,NA,NA,NA,NA,NA,NA,30,Regular,443537,467582,24045,24045,73.85630873,73.85630873,NA,use 3x's zoop meter,NA,Aquatic Insects,41,Family,Baetidae,Baetidae,NA,3,0.041,0.041,NA,NA,2,SAMP,NA,NA,NA,NA,NA,NA,2   NA   NA   NA,SAMP   NA   NA   NA
STTD_2002-01-29 11:07:00,1/29/2002 11:07,STTD,2002,D,FALSE,CLD,NA,NA,7.7,NA,NA,NA,NA,NA,NA,30,Regular,443537,467582,24045,24045,73.85630873,73.85630873,NA,use 3x's zoop meter,NA,Aquatic Insects,46,Family,Coenagrionidae,Coenagrionidae,NA,3,0.041,0.041,NA,NA,2,SAMP,NA,NA,NA,NA,NA,NA,2   NA   NA   NA,SAMP   NA   NA   NA
STTD_2002-01-29 11:07:00,1/29/2002 11:07,STTD,2002,D,FALSE,CLD,NA,NA,7.7,NA,NA,NA,NA,NA,NA,30,Regular,443537,467582,24045,24045,73.85630873,73.85630873,NA,use 3x's zoop meter,NA,Aquatic Insects,93,Family,Capniidae,Capniidae,NA,1,0.014,0.014,NA,NA,2,SAMP,NA,NA,NA,NA,NA,NA,2   NA   NA   NA,SAMP   NA   NA   NA
STTD_2002-01-29 11:07:00,1/29/2002 11:07,STTD,2002,D,FALSE,CLD,NA,NA,7.7,NA,NA,NA,NA,NA,NA,30,Regular,443537,467582,24045,24045,73.85630873,73.85630873,NA,use 3x's zoop meter,NA,Aquatic Insects,44,Family,Corixidae,Corixidae,NA,82,1.11,1.11,NA,NA,2,SAMP,NA,NA,NA,NA,NA,NA,2   NA   NA   NA,SAMP   NA   NA   NA
STTD_2002-01-29 11:07:00,1/29/2002 11:07,STTD,2002,D,FALSE,CLD,NA,NA,7.7,NA,NA,NA,NA,NA,NA,30,Regular,443537,467582,24045,24045,73.85630873,73.85630873,NA,use 3x's zoop meter,NA,Aquatic Insects,45,Family,Notonectidae,Notonectidae,NA,1,0.014,0.014,NA,NA,2,SAMP,NA,NA,NA,NA,NA,NA,2   NA   NA   NA,SAMP   NA   NA   NA
STTD_2002-01-29 11:07:00,1/29/2002 11:07,STTD,2002,D,FALSE,CLD,NA,NA,7.7,NA,NA,NA,NA,NA,NA,30,Regular,443537,467582,24045,24045,73.85630873,73.85630873,NA,use 3x's zoop meter,NA,Aquatic Insects,30,Family,Dytiscidae,Dytiscidae,NA,2,0.027,0.027,NA,NA,2,SAMP,NA,NA,NA,NA,NA,NA,2   NA   NA   NA,SAMP   NA   NA   NA
STTD_2002-01-29 11:07:00,1/29/2002 11:07,STTD,2002,D,FALSE,CLD,NA,NA,7.7,NA,NA,NA,NA,NA,NA,30,Regular,443537,467582,24045,24045,73.85630873,73.85630873,NA,use 3x's zoop meter,NA,Aquatic Insects,52,Family,Hydraenidae,Hydraenidae,NA,1,0.014,0.014,NA,NA,2,SAMP,NA,NA,NA,NA,NA,NA,2   NA   NA   NA,SAMP   NA   NA   NA
STTD_2002-01-29 11:07:00,1/29/2002 11:07,STTD,2002,D,FALSE,CLD,NA,NA,7.7,NA,NA,NA,NA,NA,NA,30,Regular,443537,467582,24045,24045,73.85630873,73.85630873,NA,use 3x's zoop meter,NA,Aquatic Insects,34,Family,Chironomidae,Chironomidae,NA,7,0.095,0.095,NA,NA,2,SAMP,NA,NA,NA,NA,NA,NA,2   NA   NA   NA,SAMP   NA   NA   NA
STTD_2002-01-29 11:07:00,1/29/2002 11:07,STTD,2002,D,FALSE,CLD,NA,NA,7.7,NA,NA,NA,NA,NA,NA,30,Regular,443537,467582,24045,24045,73.85630873,73.85630873,NA,use 3x's zoop meter,NA,Terrestrial Insects,64,Order,Diptera,Diptera,NA,10,0.135,0.135,NA,NA,2,SAMP,NA,NA,NA,NA,NA,NA,2   NA   NA   NA,SAMP   NA   NA   NA
SHR_2002-02-08 08:49:00,2/8/2002 8:49,SHR,2002,D,FALSE,CLR,NA,NA,10.7,0.61,150,NA,NA,NA,NA,30,Regular,451665,465012,13347,13347,40.99647131,40.99647131,NA,use 3x's zoop meter,NA,Aquatic Non-Insects,18,Family,Hydridae,Hydridae,NA,24,0.585,0.585,NA,NA,2,SAMP,NA,NA,NA,NA,NA,NA,2   NA   NA   NA,SAMP   NA   NA   NA
SHR_2002-02-08 08:49:00,2/8/2002 8:49,SHR,2002,D,FALSE,CLR,NA,NA,10.7,0.61,150,NA,NA,NA,NA,30,Regular,451665,465012,13347,13347,40.99647131,40.99647131,NA,use 3x's zoop meter,NA,Aquatic Insects,41,Family,Baetidae,Baetidae,NA,1,0.024,0.024,NA,NA,2,SAMP,NA,NA,NA,NA,NA,NA,2   NA   NA   NA,SAMP   NA   NA   NA
STTD_2002-02-08 10:10:00,2/8/2002 10:10,STTD,2002,D,FALSE,CLR,NA,NA,12.4,0.27,497,NA,NA,NA,NA,10,Regular,456394,462580,6186,6186,19.00083701,19.00083701,NA,use zoop meter,NA,Aquatic Non-Insects,20,Family,Physidae,Physidae,NA,2,0.105,0.105,NA,NA,2,SAMP,NA,NA,NA,NA,NA,NA,2   NA   NA   NA,SAMP   NA   NA   NA
STTD_2002-02-08 10:10:00,2/8/2002 10:10,STTD,2002,D,FALSE,CLR,NA,NA,12.4,0.27,497,NA,NA,NA,NA,10,Regular,456394,462580,6186,6186,19.00083701,19.00083701,NA,use zoop meter,NA,Aquatic Insects,46,Family,Coenagrionidae,Coenagrionidae,NA,2,0.105,0.105,NA,NA,2,SAMP,NA,NA,NA,NA,NA,NA,2   NA   NA   NA,SAMP   NA   NA   NA
STTD_2002-02-08 10:10:00,2/8/2002 10:10,STTD,2002,D,FALSE,CLR,NA,NA,12.4,0.27,497,NA,NA,NA,NA,10,Regular,456394,462580,6186,6186,19.00083701,19.00083701,NA,use zoop meter,NA,Aquatic Insects,44,Family,Corixidae,Corixidae,NA,12,0.632,0.632,NA,NA,2,SAMP,NA,NA,NA,NA,NA,NA,2   NA   NA   NA,SAMP   NA   NA   NA
STTD_2002-02-08 10:10:00,2/8/2002 10:10,STTD,2002,D,FALSE,CLR,NA,NA,12.4,0.27,497,NA,NA,NA,NA,10,Regular,456394,462580,6186,6186,19.00083701,19.00083701,NA,use zoop meter,NA,Aquatic Insects,30,Family,Dytiscidae,Dytiscidae,NA,1,0.053,0.053,NA,NA,2,SAMP,NA,NA,NA,NA,NA,NA,2   NA   NA   NA,SAMP   NA   NA   NA
STTD_2002-02-08 10:10:00,2/8/2002 10:10,STTD,2002,D,FALSE,CLR,NA,NA,12.4,0.27,497,NA,NA,NA,NA,10,Regular,456394,462580,6186,6186,19.00083701,19.00083701,NA,use zoop meter,NA,Aquatic Insects,34,Family,Chironomidae,Chironomidae,NA,4,0.211,0.211,NA,NA,2,SAMP,NA,NA,NA,NA,NA,NA,2   NA   NA   NA,SAMP   NA   NA   NA
STTD_2002-02-08 10:10:00,2/8/2002 10:10,STTD,2002,D,FALSE,CLR,NA,NA,12.4,0.27,497,NA,NA,NA,NA,10,Regular,456394,462580,6186,6186,19.00083701,19.00083701,NA,use zoop meter,NA,Terrestrial Non-Insects,68,Order,Collembola,Collembola,NA,2,0.105,0.105,NA,NA,2,SAMP,NA,NA,NA,NA,NA,NA,2   NA   NA   NA,SAMP   NA   NA   NA
STTD_2002-02-08 10:10:00,2/8/2002 10:10,STTD,2002,D,FALSE,CLR,NA,NA,12.4,0.27,497,NA,NA,NA,NA,10,Regular,456394,462580,6186,6186,19.00083701,19.00083701,NA,use zoop meter,NA,Terrestrial Insects,64,Order,Diptera,Diptera,NA,6,0.316,0.316,NA,NA,2,SAMP,NA,NA,NA,NA,NA,NA,2   NA   NA   NA,SAMP   NA   NA   NA
SHR_2002-02-22 08:30:00,2/22/2002 8:30,SHR,2002,D,FALSE,FOG,NA,NA,12.2,0.31,128,NA,NA,NA,NA,30,Regular,462714,467013,4299,4299,13.20475239,13.20475239,NA,use zoo meter x's 3,NA,Aquatic Non-Insects,18,Family,Hydridae,Hydridae,NA,14,1.06,1.06,NA,NA,2,SAMP,NA,NA,NA,NA,NA,NA,2   NA   NA   NA,SAMP   NA   NA   NA
SHR_2002-02-22 08:30:00,2/22/2002 8:30,SHR,2002,D,FALSE,FOG,NA,NA,12.2,0.31,128,NA,NA,NA,NA,30,Regular,462714,467013,4299,4299,13.20475239,13.20475239,NA,use zoo meter x's 3,NA,Aquatic Non-Insects,4,Family,Naididae,Naididae,NA,5,0.379,0.379,NA,NA,2,SAMP,NA,NA,NA,NA,NA,NA,2   NA   NA   NA,SAMP   NA   NA   NA
SHR_2002-02-22 08:30:00,2/22/2002 8:30,SHR,2002,D,FALSE,FOG,NA,NA,12.2,0.31,128,NA,NA,NA,NA,30,Regular,462714,467013,4299,4299,13.20475239,13.20475239,NA,use zoo meter x's 3,NA,Aquatic Non-Insects,8,Family,Sabellidae,Sabellidae,NA,1,0.076,0.076,NA,NA,2,SAMP,NA,NA,NA,NA,NA,NA,2   NA   NA   NA,SAMP   NA   NA   NA
SHR_2002-02-22 08:30:00,2/22/2002 8:30,SHR,2002,D,FALSE,FOG,NA,NA,12.2,0.31,128,NA,NA,NA,NA,30,Regular,462714,467013,4299,4299,13.20475239,13.20475239,NA,use zoo meter x's 3,NA,Aquatic Non-Insects,15,Family,Hyalellidae,Hyalellidae,NA,1,0.076,0.076,NA,NA,2,SAMP,NA,NA,NA,NA,NA,NA,2   NA   NA   NA,SAMP   NA   NA   NA
SHR_2002-02-22 08:30:00,2/22/2002 8:30,SHR,2002,D,FALSE,FOG,NA,NA,12.2,0.31,128,NA,NA,NA,NA,30,Regular,462714,467013,4299,4299,13.20475239,13.20475239,NA,use zoo meter x's 3,NA,Aquatic Non-Insects,19,Family,Corbiculidae,Corbiculidae,NA,1,0.076,0.076,NA,NA,2,SAMP,NA,NA,NA,NA,NA,NA,2   NA   NA   NA,SAMP   NA   NA   NA
SHR_2002-02-22 08:30:00,2/22/2002 8:30,SHR,2002,D,FALSE,FOG,NA,NA,12.2,0.31,128,NA,NA,NA,NA,30,Regular,462714,467013,4299,4299,13.20475239,13.20475239,NA,use zoo meter x's 3,NA,Aquatic Insects,40,Family,Caenidae,Caenidae,NA,1,0.076,0.076,NA,NA,2,SAMP,NA,NA,NA,NA,NA,NA,2   NA   NA   NA,SAMP   NA   NA   NA
SHR_2002-02-22 08:30:00,2/22/2002 8:30,SHR,2002,D,FALSE,FOG,NA,NA,12.2,0.31,128,NA,NA,NA,NA,30,Regular,462714,467013,4299,4299,13.20475239,13.20475239,NA,use zoo meter x's 3,NA,Aquatic Insects,43,Family,Heptageniidae,Heptageniidae,NA,1,0.076,0.076,NA,NA,2,SAMP,NA,NA,NA,NA,NA,NA,2   NA   NA   NA,SAMP   NA   NA   NA
SHR_2002-02-22 08:30:00,2/22/2002 8:30,SHR,2002,D,FALSE,FOG,NA,NA,12.2,0.31,128,NA,NA,NA,NA,30,Regular,462714,467013,4299,4299,13.20475239,13.20475239,NA,use zoo meter x's 3,NA,Aquatic Insects,102,Family,Gomphidae,Gomphidae,NA,1,0.076,0.076,NA,NA,2,SAMP,NA,NA,NA,NA,NA,NA,2   NA   NA   NA,SAMP   NA   NA   NA
SHR_2002-02-22 08:30:00,2/22/2002 8:30,SHR,2002,D,FALSE,FOG,NA,NA,12.2,0.31,128,NA,NA,NA,NA,30,Regular,462714,467013,4299,4299,13.20475239,13.20475239,NA,use zoo meter x's 3,NA,Aquatic Insects,34,Family,Chironomidae,Chironomidae,NA,11,0.833,0.833,NA,NA,2,SAMP,NA,NA,NA,NA,NA,NA,2   NA   NA   NA,SAMP   NA   NA   NA
SHR_2002-02-22 08:30:00,2/22/2002 8:30,SHR,2002,D,FALSE,FOG,NA,NA,12.2,0.31,128,NA,NA,NA,NA,30,Regular,462714,467013,4299,4299,13.20475239,13.20475239,NA,use zoo meter x's 3,NA,Aquatic Insects,38,Family,Simuliidae,Simuliidae,NA,3,0.227,0.227,NA,NA,2,SAMP,NA,NA,NA,NA,NA,NA,2   NA   NA   NA,SAMP   NA   NA   NA
SHR_2002-02-22 08:30:00,2/22/2002 8:30,SHR,2002,D,FALSE,FOG,NA,NA,12.2,0.31,128,NA,NA,NA,NA,30,Regular,462714,467013,4299,4299,13.20475239,13.20475239,NA,use zoo meter x's 3,NA,Terrestrial Non-Insects,68,Order,Collembola,Collembola,NA,1,0.076,0.076,NA,NA,2,SAMP,NA,NA,NA,NA,NA,NA,2   NA   NA   NA,SAMP   NA   NA   NA
STTD_2002-02-22 10:00:00,2/22/2002 10:00,STTD,2002,D,FALSE,FOG,NA,NA,14.6,0.26,713,NA,NA,NA,NA,15,Regular,464147,475955,11808,11808,36.26929896,36.26929896,NA,1.5x's zoop meter; boat tow,NA,Aquatic Non-Insects,103,Family,Arrenuridae,Arrenuridae,NA,3,0.083,0.083,NA,NA,2,SAMP,NA,NA,NA,NA,NA,NA,2   NA   NA   NA,SAMP   NA   NA   NA
STTD_2002-02-22 10:00:00,2/22/2002 10:00,STTD,2002,D,FALSE,FOG,NA,NA,14.6,0.26,713,NA,NA,NA,NA,15,Regular,464147,475955,11808,11808,36.26929896,36.26929896,NA,1.5x's zoop meter; boat tow,NA,Aquatic Non-Insects,20,Family,Physidae,Physidae,NA,18,0.496,0.496,NA,NA,2,SAMP,NA,NA,NA,NA,NA,NA,2   NA   NA   NA,SAMP   NA   NA   NA
STTD_2002-02-22 10:00:00,2/22/2002 10:00,STTD,2002,D,FALSE,FOG,NA,NA,14.6,0.26,713,NA,NA,NA,NA,15,Regular,464147,475955,11808,11808,36.26929896,36.26929896,NA,1.5x's zoop meter; boat tow,NA,Aquatic Non-Insects,21,Family,Planorbidae,Planorbidae,NA,1,0.028,0.028,NA,NA,2,SAMP,NA,NA,NA,NA,NA,NA,2   NA   NA   NA,SAMP   NA   NA   NA
STTD_2002-02-22 10:00:00,2/22/2002 10:00,STTD,2002,D,FALSE,FOG,NA,NA,14.6,0.26,713,NA,NA,NA,NA,15,Regular,464147,475955,11808,11808,36.26929896,36.26929896,NA,1.5x's zoop meter; boat tow,NA,Aquatic Insects,46,Family,Coenagrionidae,Coenagrionidae,NA,4,0.11,0.11,NA,NA,2,SAMP,NA,NA,NA,NA,NA,NA,2   NA   NA   NA,SAMP   NA   NA   NA
STTD_2002-02-22 10:00:00,2/22/2002 10:00,STTD,2002,D,FALSE,FOG,NA,NA,14.6,0.26,713,NA,NA,NA,NA,15,Regular,464147,475955,11808,11808,36.26929896,36.26929896,NA,1.5x's zoop meter; boat tow,NA,Aquatic Insects,30,Family,Dytiscidae,Dytiscidae,NA,6,0.165,0.165,NA,NA,2,SAMP,NA,NA,NA,NA,NA,NA,2   NA   NA   NA,SAMP   NA   NA   NA
STTD_2002-02-22 10:00:00,2/22/2002 10:00,STTD,2002,D,FALSE,FOG,NA,NA,14.6,0.26,713,NA,NA,NA,NA,15,Regular,464147,475955,11808,11808,36.26929896,36.26929896,NA,1.5x's zoop meter; boat tow,NA,Aquatic Insects,34,Family,Chironomidae,Chironomidae,NA,18,0.496,0.496,NA,NA,2,SAMP,NA,NA,NA,NA,NA,NA,2   NA   NA   NA,SAMP   NA   NA   NA
STTD_2002-02-22 10:00:00,2/22/2002 10:00,STTD,2002,D,FALSE,FOG,NA,NA,14.6,0.26,713,NA,NA,NA,NA,15,Regular,464147,475955,11808,11808,36.26929896,36.26929896,NA,1.5x's zoop meter; boat tow,NA,Terrestrial Non-Insects,58,Suborder,Araneida,Araneida,NA,3,0.083,0.083,NA,NA,2,SAMP,NA,NA,NA,NA,NA,NA,2   NA   NA   NA,SAMP   NA   NA   NA
STTD_2002-02-22 10:00:00,2/22/2002 10:00,STTD,2002,D,FALSE,FOG,NA,NA,14.6,0.26,713,NA,NA,NA,NA,15,Regular,464147,475955,11808,11808,36.26929896,36.26929896,NA,1.5x's zoop meter; boat tow,NA,Terrestrial Non-Insects,68,Order,Collembola,Collembola,NA,178,4.908,4.908,NA,NA,2,SAMP,NA,NA,NA,NA,NA,NA,2   NA   NA   NA,SAMP   NA   NA   NA
STTD_2002-02-22 10:00:00,2/22/2002 10:00,STTD,2002,D,FALSE,FOG,NA,NA,14.6,0.26,713,NA,NA,NA,NA,15,Regular,464147,475955,11808,11808,36.26929896,36.26929896,NA,1.5x's zoop meter; boat tow,NA,Terrestrial Insects,71,Order,Hemiptera,Hemiptera,NA,1,0.028,0.028,NA,NA,2,SAMP,NA,NA,NA,NA,NA,NA,2   NA   NA   NA,SAMP   NA   NA   NA
STTD_2002-02-22 10:00:00,2/22/2002 10:00,STTD,2002,D,FALSE,FOG,NA,NA,14.6,0.26,713,NA,NA,NA,NA,15,Regular,464147,475955,11808,11808,36.26929896,36.26929896,NA,1.5x's zoop meter; boat tow,NA,Terrestrial Insects,63,Order,Coleoptera,Coleoptera,NA,15,0.414,0.414,NA,NA,2,SAMP,NA,NA,NA,NA,NA,NA,2   NA   NA   NA,SAMP   NA   NA   NA
STTD_2002-02-22 10:00:00,2/22/2002 10:00,STTD,2002,D,FALSE,FOG,NA,NA,14.6,0.26,713,NA,NA,NA,NA,15,Regular,464147,475955,11808,11808,36.26929896,36.26929896,NA,1.5x's zoop meter; boat tow,NA,Terrestrial Insects,64,Order,Diptera,Diptera,NA,77,2.123,2.123,NA,NA,2,SAMP,NA,NA,NA,NA,NA,NA,2   NA   NA   NA,SAMP   NA   NA   NA
STTD_2002-02-22 10:00:00,2/22/2002 10:00,STTD,2002,D,FALSE,FOG,NA,NA,14.6,0.26,713,NA,NA,NA,NA,15,Regular,464147,475955,11808,11808,36.26929896,36.26929896,NA,1.5x's zoop meter; boat tow,NA,Terrestrial Insects,66,Order,Hymenoptera,Hymenoptera,NA,12,0.331,0.331,NA,NA,2,SAMP,NA,NA,NA,NA,NA,NA,2   NA   NA   NA,SAMP   NA   NA   NA
SHR_2002-03-05 09:00:00,3/5/2002 9:00,SHR,2002,D,FALSE,CLR,NA,NA,11.9,0.66,122,NA,NA,NA,NA,30,Regular,468183,481950,13767,13767,42.28653784,42.28653784,NA,meter x's 3 zoop,NA,Aquatic Non-Insects,18,Family,Hydridae,Hydridae,NA,1,0.024,0.024,NA,NA,2,SAMP,NA,NA,NA,NA,NA,NA,2   NA   NA   NA,SAMP   NA   NA   NA
SHR_2002-03-05 09:00:00,3/5/2002 9:00,SHR,2002,D,FALSE,CLR,NA,NA,11.9,0.66,122,NA,NA,NA,NA,30,Regular,468183,481950,13767,13767,42.28653784,42.28653784,NA,meter x's 3 zoop,NA,Aquatic Non-Insects,9,Family,Corophiidae,Corophiidae,NA,1,0.024,0.024,NA,NA,2,SAMP,NA,NA,NA,NA,NA,NA,2   NA   NA   NA,SAMP   NA   NA   NA
SHR_2002-03-05 09:00:00,3/5/2002 9:00,SHR,2002,D,FALSE,CLR,NA,NA,11.9,0.66,122,NA,NA,NA,NA,30,Regular,468183,481950,13767,13767,42.28653784,42.28653784,NA,meter x's 3 zoop,NA,Aquatic Insects,34,Family,Chironomidae,Chironomidae,NA,1,0.024,0.024,NA,NA,2,SAMP,NA,NA,NA,NA,NA,NA,2   NA   NA   NA,SAMP   NA   NA   NA
SHR_2002-03-05 09:00:00,3/5/2002 9:00,SHR,2002,D,FALSE,CLR,NA,NA,11.9,0.66,122,NA,NA,NA,NA,30,Regular,468183,481950,13767,13767,42.28653784,42.28653784,NA,meter x's 3 zoop,NA,Terrestrial Non-Insects,68,Order,Collembola,Collembola,NA,1,0.024,0.024,NA,NA,2,SAMP,NA,NA,NA,NA,NA,NA,2   NA   NA   NA,SAMP   NA   NA   NA
SHR_2002-03-05 09:00:00,3/5/2002 9:00,SHR,2002,D,FALSE,CLR,NA,NA,11.9,0.66,122,NA,NA,NA,NA,30,Regular,468183,481950,13767,13767,42.28653784,42.28653784,NA,meter x's 3 zoop,NA,Terrestrial Insects,64,Order,Diptera,Diptera,NA,2,0.047,0.047,NA,NA,2,SAMP,NA,NA,NA,NA,NA,NA,2   NA   NA   NA,SAMP   NA   NA   NA
SHR_2002-03-05 09:00:00,3/5/2002 9:00,SHR,2002,D,FALSE,CLR,NA,NA,11.9,0.66,122,NA,NA,NA,NA,30,Regular,468183,481950,13767,13767,42.28653784,42.28653784,NA,meter x's 3 zoop,NA,Terrestrial Insects,66,Order,Hymenoptera,Hymenoptera,NA,3,0.071,0.071,NA,NA,2,SAMP,NA,NA,NA,NA,NA,NA,2   NA   NA   NA,SAMP   NA   NA   NA
STTD_2002-03-05 10:40:00,3/5/2002 10:40,STTD,2002,D,FALSE,CLR,NA,NA,13.5,0.4,718,NA,NA,NA,NA,15,Regular,472772,487792,15020,15020,46.13523631,46.13523631,NA,1.5x's zoop meter,NA,Aquatic Insects,30,Family,Dytiscidae,Dytiscidae,NA,1,0.022,0.022,NA,NA,2,SAMP,NA,NA,NA,NA,NA,NA,2   NA   NA   NA,SAMP   NA   NA   NA
STTD_2002-03-05 10:40:00,3/5/2002 10:40,STTD,2002,D,FALSE,CLR,NA,NA,13.5,0.4,718,NA,NA,NA,NA,15,Regular,472772,487792,15020,15020,46.13523631,46.13523631,NA,1.5x's zoop meter,NA,Aquatic Insects,34,Family,Chironomidae,Chironomidae,NA,2,0.043,0.043,NA,NA,2,SAMP,NA,NA,NA,NA,NA,NA,2   NA   NA   NA,SAMP   NA   NA   NA
STTD_2002-03-05 10:40:00,3/5/2002 10:40,STTD,2002,D,FALSE,CLR,NA,NA,13.5,0.4,718,NA,NA,NA,NA,15,Regular,472772,487792,15020,15020,46.13523631,46.13523631,NA,1.5x's zoop meter,NA,Terrestrial Non-Insects,68,Order,Collembola,Collembola,NA,3,0.065,0.065,NA,NA,2,SAMP,NA,NA,NA,NA,NA,NA,2   NA   NA   NA,SAMP   NA   NA   NA
STTD_2002-03-05 10:40:00,3/5/2002 10:40,STTD,2002,D,FALSE,CLR,NA,NA,13.5,0.4,718,NA,NA,NA,NA,15,Regular,472772,487792,15020,15020,46.13523631,46.13523631,NA,1.5x's zoop meter,NA,Terrestrial Insects,64,Order,Diptera,Diptera,NA,11,0.238,0.238,NA,NA,2,SAMP,NA,NA,NA,NA,NA,NA,2   NA   NA   NA,SAMP   NA   NA   NA
STTD_2002-03-05 10:40:00,3/5/2002 10:40,STTD,2002,D,FALSE,CLR,NA,NA,13.5,0.4,718,NA,NA,NA,NA,15,Regular,472772,487792,15020,15020,46.13523631,46.13523631,NA,1.5x's zoop meter,NA,Terrestrial Insects,66,Order,Hymenoptera,Hymenoptera,NA,6,0.13,0.13,NA,NA,2,SAMP,NA,NA,NA,NA,NA,NA,2   NA   NA   NA,SAMP   NA   NA   NA
SHR_2002-03-21 09:00:00,3/21/2002 9:00,SHR,2002,D,FALSE,CLD,NA,NA,13.1,0.77,117,NA,NA,NA,NA,30,Regular,490641,505311,14670,14670,45.06018087,45.06018087,NA,3x zoop meter,NA,Aquatic Non-Insects,98,Family,Candoniidae,Candonidae,NA,2,0.044,0.044,NA,NA,2,SAMP,NA,NA,NA,NA,NA,NA,2   NA   NA   NA,SAMP   NA   NA   NA
SHR_2002-03-21 09:00:00,3/21/2002 9:00,SHR,2002,D,FALSE,CLD,NA,NA,13.1,0.77,117,NA,NA,NA,NA,30,Regular,490641,505311,14670,14670,45.06018087,45.06018087,NA,3x zoop meter,NA,Aquatic Non-Insects,9,Family,Corophiidae,Corophiidae,NA,1,0.022,0.022,NA,NA,2,SAMP,NA,NA,NA,NA,NA,NA,2   NA   NA   NA,SAMP   NA   NA   NA
SHR_2002-03-21 09:00:00,3/21/2002 9:00,SHR,2002,D,FALSE,CLD,NA,NA,13.1,0.77,117,NA,NA,NA,NA,30,Regular,490641,505311,14670,14670,45.06018087,45.06018087,NA,3x zoop meter,NA,Aquatic Non-Insects,104,Family,Palaemonidae,Palaemonidae,NA,1,0.022,0.022,NA,NA,2,SAMP,NA,NA,NA,NA,NA,NA,2   NA   NA   NA,SAMP   NA   NA   NA
SHR_2002-03-21 09:00:00,3/21/2002 9:00,SHR,2002,D,FALSE,CLD,NA,NA,13.1,0.77,117,NA,NA,NA,NA,30,Regular,490641,505311,14670,14670,45.06018087,45.06018087,NA,3x zoop meter,NA,Aquatic Insects,30,Family,Dytiscidae,Dytiscidae,NA,1,0.022,0.022,NA,NA,2,SAMP,NA,NA,NA,NA,NA,NA,2   NA   NA   NA,SAMP   NA   NA   NA
SHR_2002-03-21 09:00:00,3/21/2002 9:00,SHR,2002,D,FALSE,CLD,NA,NA,13.1,0.77,117,NA,NA,NA,NA,30,Regular,490641,505311,14670,14670,45.06018087,45.06018087,NA,3x zoop meter,NA,Aquatic Insects,52,Family,Hydraenidae,Hydraenidae,NA,1,0.022,0.022,NA,NA,2,SAMP,NA,NA,NA,NA,NA,NA,2   NA   NA   NA,SAMP   NA   NA   NA
SHR_2002-03-21 09:00:00,3/21/2002 9:00,SHR,2002,D,FALSE,CLD,NA,NA,13.1,0.77,117,NA,NA,NA,NA,30,Regular,490641,505311,14670,14670,45.06018087,45.06018087,NA,3x zoop meter,NA,Aquatic Insects,34,Family,Chironomidae,Chironomidae,NA,8,0.178,0.178,NA,NA,2,SAMP,NA,NA,NA,NA,NA,NA,2   NA   NA   NA,SAMP   NA   NA   NA
SHR_2002-03-21 09:00:00,3/21/2002 9:00,SHR,2002,D,FALSE,CLD,NA,NA,13.1,0.77,117,NA,NA,NA,NA,30,Regular,490641,505311,14670,14670,45.06018087,45.06018087,NA,3x zoop meter,NA,Terrestrial Non-Insects,57,Subclass,Acari,Acari,NA,1,0.022,0.022,NA,NA,2,SAMP,NA,NA,NA,NA,NA,NA,2   NA   NA   NA,SAMP   NA   NA   NA
SHR_2002-03-21 09:00:00,3/21/2002 9:00,SHR,2002,D,FALSE,CLD,NA,NA,13.1,0.77,117,NA,NA,NA,NA,30,Regular,490641,505311,14670,14670,45.06018087,45.06018087,NA,3x zoop meter,NA,Terrestrial Non-Insects,68,Order,Collembola,Collembola,NA,6,0.133,0.133,NA,NA,2,SAMP,NA,NA,NA,NA,NA,NA,2   NA   NA   NA,SAMP   NA   NA   NA
SHR_2002-03-21 09:00:00,3/21/2002 9:00,SHR,2002,D,FALSE,CLD,NA,NA,13.1,0.77,117,NA,NA,NA,NA,30,Regular,490641,505311,14670,14670,45.06018087,45.06018087,NA,3x zoop meter,NA,Terrestrial Insects,67,Order,Psocoptera,Psocoptera,NA,1,0.022,0.022,NA,NA,2,SAMP,NA,NA,NA,NA,NA,NA,2   NA   NA   NA,SAMP   NA   NA   NA
SHR_2002-03-21 09:00:00,3/21/2002 9:00,SHR,2002,D,FALSE,CLD,NA,NA,13.1,0.77,117,NA,NA,NA,NA,30,Regular,490641,505311,14670,14670,45.06018087,45.06018087,NA,3x zoop meter,NA,Terrestrial Insects,73,Order,Lepidoptera,Lepidoptera,NA,2,0.044,0.044,NA,NA,2,SAMP,NA,NA,NA,NA,NA,NA,2   NA   NA   NA,SAMP   NA   NA   NA
SHR_2002-03-21 09:00:00,3/21/2002 9:00,SHR,2002,D,FALSE,CLD,NA,NA,13.1,0.77,117,NA,NA,NA,NA,30,Regular,490641,505311,14670,14670,45.06018087,45.06018087,NA,3x zoop meter,NA,Terrestrial Insects,63,Order,Coleoptera,Coleoptera,NA,1,0.022,0.022,NA,NA,2,SAMP,NA,NA,NA,NA,NA,NA,2   NA   NA   NA,SAMP   NA   NA   NA
SHR_2002-03-21 09:00:00,3/21/2002 9:00,SHR,2002,D,FALSE,CLD,NA,NA,13.1,0.77,117,NA,NA,NA,NA,30,Regular,490641,505311,14670,14670,45.06018087,45.06018087,NA,3x zoop meter,NA,Terrestrial Insects,64,Order,Diptera,Diptera,NA,15,0.333,0.333,NA,NA,2,SAMP,NA,NA,NA,NA,NA,NA,2   NA   NA   NA,SAMP   NA   NA   NA
SHR_2002-03-21 09:00:00,3/21/2002 9:00,SHR,2002,D,FALSE,CLD,NA,NA,13.1,0.77,117,NA,NA,NA,NA,30,Regular,490641,505311,14670,14670,45.06018087,45.06018087,NA,3x zoop meter,NA,Terrestrial Insects,66,Order,Hymenoptera,Hymenoptera,NA,142,3.151,3.151,NA,NA,2,SAMP,NA,NA,NA,NA,NA,NA,2   NA   NA   NA,SAMP   NA   NA   NA
STTD_2002-03-21 11:35:00,3/21/2002 11:35,STTD,2002,D,FALSE,CLD,NA,NA,15.8,0.44,723,NA,NA,NA,NA,30,Regular,495582,509130,13548,13548,41.61386029,41.61386029,NA,3x zoop meter,NA,Aquatic Non-Insects,4,Family,Naididae,Naididae,NA,1,0.024,0.024,NA,NA,2,SAMP,NA,NA,NA,NA,NA,NA,2   NA   NA   NA,SAMP   NA   NA   NA
STTD_2002-03-21 11:35:00,3/21/2002 11:35,STTD,2002,D,FALSE,CLD,NA,NA,15.8,0.44,723,NA,NA,NA,NA,30,Regular,495582,509130,13548,13548,41.61386029,41.61386029,NA,3x zoop meter,NA,Aquatic Insects,30,Family,Dytiscidae,Dytiscidae,NA,10,0.24,0.24,NA,NA,2,SAMP,NA,NA,NA,NA,NA,NA,2   NA   NA   NA,SAMP   NA   NA   NA
STTD_2002-03-21 11:35:00,3/21/2002 11:35,STTD,2002,D,FALSE,CLD,NA,NA,15.8,0.44,723,NA,NA,NA,NA,30,Regular,495582,509130,13548,13548,41.61386029,41.61386029,NA,3x zoop meter,NA,Aquatic Insects,31,Family,Helophoridae,Helophoridae,NA,1,0.024,0.024,NA,NA,2,SAMP,NA,NA,NA,NA,NA,NA,2   NA   NA   NA,SAMP   NA   NA   NA
STTD_2002-03-21 11:35:00,3/21/2002 11:35,STTD,2002,D,FALSE,CLD,NA,NA,15.8,0.44,723,NA,NA,NA,NA,30,Regular,495582,509130,13548,13548,41.61386029,41.61386029,NA,3x zoop meter,NA,Aquatic Insects,81,Family,Hydrophilidae,Hydrophilidae,NA,3,0.072,0.072,NA,NA,2,SAMP,NA,NA,NA,NA,NA,NA,2   NA   NA   NA,SAMP   NA   NA   NA
STTD_2002-03-21 11:35:00,3/21/2002 11:35,STTD,2002,D,FALSE,CLD,NA,NA,15.8,0.44,723,NA,NA,NA,NA,30,Regular,495582,509130,13548,13548,41.61386029,41.61386029,NA,3x zoop meter,NA,Aquatic Insects,52,Family,Hydraenidae,Hydraenidae,NA,28,0.673,0.673,NA,NA,2,SAMP,NA,NA,NA,NA,NA,NA,2   NA   NA   NA,SAMP   NA   NA   NA
STTD_2002-03-21 11:35:00,3/21/2002 11:35,STTD,2002,D,FALSE,CLD,NA,NA,15.8,0.44,723,NA,NA,NA,NA,30,Regular,495582,509130,13548,13548,41.61386029,41.61386029,NA,3x zoop meter,NA,Aquatic Insects,32,Family,Ceratopogonidae,Ceratopogonidae,NA,1,0.024,0.024,NA,NA,2,SAMP,NA,NA,NA,NA,NA,NA,2   NA   NA   NA,SAMP   NA   NA   NA
STTD_2002-03-21 11:35:00,3/21/2002 11:35,STTD,2002,D,FALSE,CLD,NA,NA,15.8,0.44,723,NA,NA,NA,NA,30,Regular,495582,509130,13548,13548,41.61386029,41.61386029,NA,3x zoop meter,NA,Aquatic Insects,34,Family,Chironomidae,Chironomidae,NA,43,1.033,1.033,NA,NA,2,SAMP,NA,NA,NA,NA,NA,NA,2   NA   NA   NA,SAMP   NA   NA   NA
STTD_2002-03-21 11:35:00,3/21/2002 11:35,STTD,2002,D,FALSE,CLD,NA,NA,15.8,0.44,723,NA,NA,NA,NA,30,Regular,495582,509130,13548,13548,41.61386029,41.61386029,NA,3x zoop meter,NA,Terrestrial Non-Insects,58,Suborder,Araneida,Araneida,NA,7,0.168,0.168,NA,NA,2,SAMP,NA,NA,NA,NA,NA,NA,2   NA   NA   NA,SAMP   NA   NA   NA
STTD_2002-03-21 11:35:00,3/21/2002 11:35,STTD,2002,D,FALSE,CLD,NA,NA,15.8,0.44,723,NA,NA,NA,NA,30,Regular,495582,509130,13548,13548,41.61386029,41.61386029,NA,3x zoop meter,NA,Terrestrial Non-Insects,57,Subclass,Acari,Acari,NA,56,1.346,1.346,NA,NA,2,SAMP,NA,NA,NA,NA,NA,NA,2   NA   NA   NA,SAMP   NA   NA   NA
STTD_2002-03-21 11:35:00,3/21/2002 11:35,STTD,2002,D,FALSE,CLD,NA,NA,15.8,0.44,723,NA,NA,NA,NA,30,Regular,495582,509130,13548,13548,41.61386029,41.61386029,NA,3x zoop meter,NA,Terrestrial Non-Insects,68,Order,Collembola,Collembola,NA,560,13.457,13.457,NA,NA,2,SAMP,NA,NA,NA,NA,NA,NA,2   NA   NA   NA,SAMP   NA   NA   NA
STTD_2002-03-21 11:35:00,3/21/2002 11:35,STTD,2002,D,FALSE,CLD,NA,NA,15.8,0.44,723,NA,NA,NA,NA,30,Regular,495582,509130,13548,13548,41.61386029,41.61386029,NA,3x zoop meter,NA,Terrestrial Insects,67,Order,Psocoptera,Psocoptera,NA,24,0.577,0.577,NA,NA,2,SAMP,NA,NA,NA,NA,NA,NA,2   NA   NA   NA,SAMP   NA   NA   NA
STTD_2002-03-21 11:35:00,3/21/2002 11:35,STTD,2002,D,FALSE,CLD,NA,NA,15.8,0.44,723,NA,NA,NA,NA,30,Regular,495582,509130,13548,13548,41.61386029,41.61386029,NA,3x zoop meter,NA,Terrestrial Insects,85,Order,Thysanoptera,Thysanoptera,NA,10,0.24,0.24,NA,NA,2,SAMP,NA,NA,NA,NA,NA,NA,2   NA   NA   NA,SAMP   NA   NA   NA
STTD_2002-03-21 11:35:00,3/21/2002 11:35,STTD,2002,D,FALSE,CLD,NA,NA,15.8,0.44,723,NA,NA,NA,NA,30,Regular,495582,509130,13548,13548,41.61386029,41.61386029,NA,3x zoop meter,NA,Terrestrial Insects,71,Order,Hemiptera,Hemiptera,NA,2,0.048,0.048,NA,NA,2,SAMP,NA,NA,NA,NA,NA,NA,2   NA   NA   NA,SAMP   NA   NA   NA
STTD_2002-03-21 11:35:00,3/21/2002 11:35,STTD,2002,D,FALSE,CLD,NA,NA,15.8,0.44,723,NA,NA,NA,NA,30,Regular,495582,509130,13548,13548,41.61386029,41.61386029,NA,3x zoop meter,NA,Terrestrial Insects,73,Order,Lepidoptera,Lepidoptera,NA,4,0.096,0.096,NA,NA,2,SAMP,NA,NA,NA,NA,NA,NA,2   NA   NA   NA,SAMP   NA   NA   NA
STTD_2002-03-21 11:35:00,3/21/2002 11:35,STTD,2002,D,FALSE,CLD,NA,NA,15.8,0.44,723,NA,NA,NA,NA,30,Regular,495582,509130,13548,13548,41.61386029,41.61386029,NA,3x zoop meter,NA,Terrestrial Insects,63,Order,Coleoptera,Coleoptera,NA,65,1.562,1.562,NA,NA,2,SAMP,NA,NA,NA,NA,NA,NA,2   NA   NA   NA,SAMP   NA   NA   NA
STTD_2002-03-21 11:35:00,3/21/2002 11:35,STTD,2002,D,FALSE,CLD,NA,NA,15.8,0.44,723,NA,NA,NA,NA,30,Regular,495582,509130,13548,13548,41.61386029,41.61386029,NA,3x zoop meter,NA,Terrestrial Insects,64,Order,Diptera,Diptera,NA,326,7.834,7.834,NA,NA,2,SAMP,NA,NA,NA,NA,NA,NA,2   NA   NA   NA,SAMP   NA   NA   NA
STTD_2002-03-21 11:35:00,3/21/2002 11:35,STTD,2002,D,FALSE,CLD,NA,NA,15.8,0.44,723,NA,NA,NA,NA,30,Regular,495582,509130,13548,13548,41.61386029,41.61386029,NA,3x zoop meter,NA,Terrestrial Insects,66,Order,Hymenoptera,Hymenoptera,NA,61,1.466,1.466,NA,NA,2,SAMP,NA,NA,NA,NA,NA,NA,2   NA   NA   NA,SAMP   NA   NA   NA
SHR_2002-04-03 08:30:00,4/3/2002 8:30,SHR,2002,D,FALSE,CLD,NA,NA,16.7,1.95,130,NA,NA,NA,NA,30,Regular,500102,504698,4596,4596,14.11701372,14.11701372,NA,flow meter from the 10 min zoop x's 3,NA,Aquatic Non-Insects,9,Family,Corophiidae,Corophiidae,NA,1,0.071,0.071,NA,NA,2,SAMP,NA,NA,NA,NA,NA,NA,2   NA   NA   NA,SAMP   NA   NA   NA
SHR_2002-04-03 08:30:00,4/3/2002 8:30,SHR,2002,D,FALSE,CLD,NA,NA,16.7,1.95,130,NA,NA,NA,NA,30,Regular,500102,504698,4596,4596,14.11701372,14.11701372,NA,flow meter from the 10 min zoop x's 3,NA,Aquatic Insects,34,Family,Chironomidae,Chironomidae,NA,5,0.354,0.354,NA,NA,2,SAMP,NA,NA,NA,NA,NA,NA,2   NA   NA   NA,SAMP   NA   NA   NA
SHR_2002-04-03 08:30:00,4/3/2002 8:30,SHR,2002,D,FALSE,CLD,NA,NA,16.7,1.95,130,NA,NA,NA,NA,30,Regular,500102,504698,4596,4596,14.11701372,14.11701372,NA,flow meter from the 10 min zoop x's 3,NA,Terrestrial Insects,66,Order,Hymenoptera,Hymenoptera,NA,1,0.071,0.071,NA,NA,2,SAMP,NA,NA,NA,NA,NA,NA,2   NA   NA   NA,SAMP   NA   NA   NA
STTD_2002-04-03 11:40:00,4/3/2002 11:40,STTD,2002,D,FALSE,CLR,NA,NA,19,0.36,748,NA,NA,NA,NA,30,Regular,503956,510856,6900,6900,21.1939501,21.1939501,NA,3x zoop meter,NA,Aquatic Non-Insects,4,Family,Naididae,Naididae,NA,9,0.425,0.425,NA,NA,2,SAMP,NA,NA,NA,NA,NA,NA,2   NA   NA   NA,SAMP   NA   NA   NA
STTD_2002-04-03 11:40:00,4/3/2002 11:40,STTD,2002,D,FALSE,CLR,NA,NA,19,0.36,748,NA,NA,NA,NA,30,Regular,503956,510856,6900,6900,21.1939501,21.1939501,NA,3x zoop meter,NA,Aquatic Non-Insects,13,Family,Mysidae,Mysidae,NA,1,0.047,0.047,NA,NA,2,SAMP,NA,NA,NA,NA,NA,NA,2   NA   NA   NA,SAMP   NA   NA   NA
STTD_2002-04-03 11:40:00,4/3/2002 11:40,STTD,2002,D,FALSE,CLR,NA,NA,19,0.36,748,NA,NA,NA,NA,30,Regular,503956,510856,6900,6900,21.1939501,21.1939501,NA,3x zoop meter,NA,Aquatic Insects,44,Family,Corixidae,Corixidae,NA,1,0.047,0.047,NA,NA,2,SAMP,NA,NA,NA,NA,NA,NA,2   NA   NA   NA,SAMP   NA   NA   NA
STTD_2002-04-03 11:40:00,4/3/2002 11:40,STTD,2002,D,FALSE,CLR,NA,NA,19,0.36,748,NA,NA,NA,NA,30,Regular,503956,510856,6900,6900,21.1939501,21.1939501,NA,3x zoop meter,NA,Aquatic Insects,52,Family,Hydraenidae,Hydraenidae,NA,1,0.047,0.047,NA,NA,2,SAMP,NA,NA,NA,NA,NA,NA,2   NA   NA   NA,SAMP   NA   NA   NA
STTD_2002-04-03 11:40:00,4/3/2002 11:40,STTD,2002,D,FALSE,CLR,NA,NA,19,0.36,748,NA,NA,NA,NA,30,Regular,503956,510856,6900,6900,21.1939501,21.1939501,NA,3x zoop meter,NA,Aquatic Insects,34,Family,Chironomidae,Chironomidae,NA,3,0.142,0.142,NA,NA,2,SAMP,NA,NA,NA,NA,NA,NA,2   NA   NA   NA,SAMP   NA   NA   NA
STTD_2002-04-03 11:40:00,4/3/2002 11:40,STTD,2002,D,FALSE,CLR,NA,NA,19,0.36,748,NA,NA,NA,NA,30,Regular,503956,510856,6900,6900,21.1939501,21.1939501,NA,3x zoop meter,NA,Aquatic Insects,96,Family,Muscidae,Muscidae,NA,1,0.047,0.047,NA,NA,2,SAMP,NA,NA,NA,NA,NA,NA,2   NA   NA   NA,SAMP   NA   NA   NA
STTD_2002-04-03 11:40:00,4/3/2002 11:40,STTD,2002,D,FALSE,CLR,NA,NA,19,0.36,748,NA,NA,NA,NA,30,Regular,503956,510856,6900,6900,21.1939501,21.1939501,NA,3x zoop meter,NA,Terrestrial Non-Insects,58,Suborder,Araneida,Araneida,NA,2,0.094,0.094,NA,NA,2,SAMP,NA,NA,NA,NA,NA,NA,2   NA   NA   NA,SAMP   NA   NA   NA
STTD_2002-04-03 11:40:00,4/3/2002 11:40,STTD,2002,D,FALSE,CLR,NA,NA,19,0.36,748,NA,NA,NA,NA,30,Regular,503956,510856,6900,6900,21.1939501,21.1939501,NA,3x zoop meter,NA,Terrestrial Non-Insects,68,Order,Collembola,Collembola,NA,1,0.047,0.047,NA,NA,2,SAMP,NA,NA,NA,NA,NA,NA,2   NA   NA   NA,SAMP   NA   NA   NA
STTD_2002-04-03 11:40:00,4/3/2002 11:40,STTD,2002,D,FALSE,CLR,NA,NA,19,0.36,748,NA,NA,NA,NA,30,Regular,503956,510856,6900,6900,21.1939501,21.1939501,NA,3x zoop meter,NA,Terrestrial Insects,63,Order,Coleoptera,Coleoptera,NA,3,0.142,0.142,NA,NA,2,SAMP,NA,NA,NA,NA,NA,NA,2   NA   NA   NA,SAMP   NA   NA   NA
STTD_2002-04-03 11:40:00,4/3/2002 11:40,STTD,2002,D,FALSE,CLR,NA,NA,19,0.36,748,NA,NA,NA,NA,30,Regular,503956,510856,6900,6900,21.1939501,21.1939501,NA,3x zoop meter,NA,Terrestrial Insects,64,Order,Diptera,Diptera,NA,36,1.699,1.699,NA,NA,2,SAMP,NA,NA,NA,NA,NA,NA,2   NA   NA   NA,SAMP   NA   NA   NA
STTD_2002-04-03 11:40:00,4/3/2002 11:40,STTD,2002,D,FALSE,CLR,NA,NA,19,0.36,748,NA,NA,NA,NA,30,Regular,503956,510856,6900,6900,21.1939501,21.1939501,NA,3x zoop meter,NA,Terrestrial Insects,66,Order,Hymenoptera,Hymenoptera,NA,2,0.094,0.094,NA,NA,2,SAMP,NA,NA,NA,NA,NA,NA,2   NA   NA   NA,SAMP   NA   NA   NA
SHR_2002-04-18 09:25:00,4/18/2002 9:25,SHR,2002,D,FALSE,CLR,NA,NA,14.6,0.84,126,NA,NA,NA,NA,30,Regular,510145,511481,1336,1336,4.103640194,4.103640194,NA,flow meter from the 10 min zoop net,NA,Aquatic Non-Insects,18,Family,Hydridae,Hydridae,NA,3,0.731,0.731,NA,NA,2,SAMP,NA,NA,NA,NA,NA,NA,2   NA   NA   NA,SAMP   NA   NA   NA
SHR_2002-04-18 09:25:00,4/18/2002 9:25,SHR,2002,D,FALSE,CLR,NA,NA,14.6,0.84,126,NA,NA,NA,NA,30,Regular,510145,511481,1336,1336,4.103640194,4.103640194,NA,flow meter from the 10 min zoop net,NA,Aquatic Insects,32,Family,Ceratopogonidae,Ceratopogonidae,NA,1,0.244,0.244,NA,NA,2,SAMP,NA,NA,NA,NA,NA,NA,2   NA   NA   NA,SAMP   NA   NA   NA
SHR_2002-04-18 09:25:00,4/18/2002 9:25,SHR,2002,D,FALSE,CLR,NA,NA,14.6,0.84,126,NA,NA,NA,NA,30,Regular,510145,511481,1336,1336,4.103640194,4.103640194,NA,flow meter from the 10 min zoop net,NA,Aquatic Insects,34,Family,Chironomidae,Chironomidae,NA,2,0.487,0.487,NA,NA,2,SAMP,NA,NA,NA,NA,NA,NA,2   NA   NA   NA,SAMP   NA   NA   NA
SHR_2002-04-18 09:25:00,4/18/2002 9:25,SHR,2002,D,FALSE,CLR,NA,NA,14.6,0.84,126,NA,NA,NA,NA,30,Regular,510145,511481,1336,1336,4.103640194,4.103640194,NA,flow meter from the 10 min zoop net,NA,Terrestrial Insects,64,Order,Diptera,Diptera,NA,1,0.244,0.244,NA,NA,2,SAMP,NA,NA,NA,NA,NA,NA,2   NA   NA   NA,SAMP   NA   NA   NA
SHR_2002-04-18 09:25:00,4/18/2002 9:25,SHR,2002,D,FALSE,CLR,NA,NA,14.6,0.84,126,NA,NA,NA,NA,30,Regular,510145,511481,1336,1336,4.103640194,4.103640194,NA,flow meter from the 10 min zoop net,NA,Terrestrial Insects,66,Order,Hymenoptera,Hymenoptera,NA,1,0.244,0.244,NA,NA,2,SAMP,NA,NA,NA,NA,NA,NA,2   NA   NA   NA,SAMP   NA   NA   NA
STTD_2002-04-18 11:00:00,4/18/2002 11:00,STTD,2002,D,FALSE,CLD,NA,NA,16.6,0.23,642,NA,NA,NA,NA,30,Regular,511822,515320,3498,3498,10.74441123,10.74441123,NA,5 min set was used to get flow meter reading (end meter 512405),NA,Aquatic Insects,95,Family,Veliidae,Veliidae,NA,1,0.093,0.093,NA,NA,2,SAMP,NA,NA,NA,NA,NA,NA,2   NA   NA   NA,SAMP   NA   NA   NA
STTD_2002-04-18 11:00:00,4/18/2002 11:00,STTD,2002,D,FALSE,CLD,NA,NA,16.6,0.23,642,NA,NA,NA,NA,30,Regular,511822,515320,3498,3498,10.74441123,10.74441123,NA,5 min set was used to get flow meter reading (end meter 512405),NA,Aquatic Insects,52,Family,Hydraenidae,Hydraenidae,NA,1,0.093,0.093,NA,NA,2,SAMP,NA,NA,NA,NA,NA,NA,2   NA   NA   NA,SAMP   NA   NA   NA
STTD_2002-04-18 11:00:00,4/18/2002 11:00,STTD,2002,D,FALSE,CLD,NA,NA,16.6,0.23,642,NA,NA,NA,NA,30,Regular,511822,515320,3498,3498,10.74441123,10.74441123,NA,5 min set was used to get flow meter reading (end meter 512405),NA,Aquatic Insects,34,Family,Chironomidae,Chironomidae,NA,44,4.095,4.095,NA,NA,2,SAMP,NA,NA,NA,NA,NA,NA,2   NA   NA   NA,SAMP   NA   NA   NA
STTD_2002-04-18 11:00:00,4/18/2002 11:00,STTD,2002,D,FALSE,CLD,NA,NA,16.6,0.23,642,NA,NA,NA,NA,30,Regular,511822,515320,3498,3498,10.74441123,10.74441123,NA,5 min set was used to get flow meter reading (end meter 512405),NA,Aquatic Insects,38,Family,Simuliidae,Simuliidae,NA,1,0.093,0.093,NA,NA,2,SAMP,NA,NA,NA,NA,NA,NA,2   NA   NA   NA,SAMP   NA   NA   NA
STTD_2002-04-18 11:00:00,4/18/2002 11:00,STTD,2002,D,FALSE,CLD,NA,NA,16.6,0.23,642,NA,NA,NA,NA,30,Regular,511822,515320,3498,3498,10.74441123,10.74441123,NA,5 min set was used to get flow meter reading (end meter 512405),NA,Terrestrial Non-Insects,58,Suborder,Araneida,Araneida,NA,1,0.093,0.093,NA,NA,2,SAMP,NA,NA,NA,NA,NA,NA,2   NA   NA   NA,SAMP   NA   NA   NA
STTD_2002-04-18 11:00:00,4/18/2002 11:00,STTD,2002,D,FALSE,CLD,NA,NA,16.6,0.23,642,NA,NA,NA,NA,30,Regular,511822,515320,3498,3498,10.74441123,10.74441123,NA,5 min set was used to get flow meter reading (end meter 512405),NA,Terrestrial Non-Insects,57,Subclass,Acari,Acari,NA,1,0.093,0.093,NA,NA,2,SAMP,NA,NA,NA,NA,NA,NA,2   NA   NA   NA,SAMP   NA   NA   NA
STTD_2002-04-18 11:00:00,4/18/2002 11:00,STTD,2002,D,FALSE,CLD,NA,NA,16.6,0.23,642,NA,NA,NA,NA,30,Regular,511822,515320,3498,3498,10.74441123,10.74441123,NA,5 min set was used to get flow meter reading (end meter 512405),NA,Terrestrial Insects,84,Order,Thysanura,Thysanura,NA,1,0.093,0.093,NA,NA,2,SAMP,NA,NA,NA,NA,NA,NA,2   NA   NA   NA,SAMP   NA   NA   NA
STTD_2002-04-18 11:00:00,4/18/2002 11:00,STTD,2002,D,FALSE,CLD,NA,NA,16.6,0.23,642,NA,NA,NA,NA,30,Regular,511822,515320,3498,3498,10.74441123,10.74441123,NA,5 min set was used to get flow meter reading (end meter 512405),NA,Terrestrial Non-Insects,68,Order,Collembola,Collembola,NA,1,0.093,0.093,NA,NA,2,SAMP,NA,NA,NA,NA,NA,NA,2   NA   NA   NA,SAMP   NA   NA   NA
STTD_2002-04-18 11:00:00,4/18/2002 11:00,STTD,2002,D,FALSE,CLD,NA,NA,16.6,0.23,642,NA,NA,NA,NA,30,Regular,511822,515320,3498,3498,10.74441123,10.74441123,NA,5 min set was used to get flow meter reading (end meter 512405),NA,Terrestrial Insects,67,Order,Psocoptera,Psocoptera,NA,5,0.465,0.465,NA,NA,2,SAMP,NA,NA,NA,NA,NA,NA,2   NA   NA   NA,SAMP   NA   NA   NA
STTD_2002-04-18 11:00:00,4/18/2002 11:00,STTD,2002,D,FALSE,CLD,NA,NA,16.6,0.23,642,NA,NA,NA,NA,30,Regular,511822,515320,3498,3498,10.74441123,10.74441123,NA,5 min set was used to get flow meter reading (end meter 512405),NA,Terrestrial Insects,71,Order,Hemiptera,Hemiptera,NA,1,0.093,0.093,NA,NA,2,SAMP,NA,NA,NA,NA,NA,NA,2   NA   NA   NA,SAMP   NA   NA   NA
STTD_2002-04-18 11:00:00,4/18/2002 11:00,STTD,2002,D,FALSE,CLD,NA,NA,16.6,0.23,642,NA,NA,NA,NA,30,Regular,511822,515320,3498,3498,10.74441123,10.74441123,NA,5 min set was used to get flow meter reading (end meter 512405),NA,Terrestrial Insects,73,Order,Lepidoptera,Lepidoptera,NA,1,0.093,0.093,NA,NA,2,SAMP,NA,NA,NA,NA,NA,NA,2   NA   NA   NA,SAMP   NA   NA   NA
STTD_2002-04-18 11:00:00,4/18/2002 11:00,STTD,2002,D,FALSE,CLD,NA,NA,16.6,0.23,642,NA,NA,NA,NA,30,Regular,511822,515320,3498,3498,10.74441123,10.74441123,NA,5 min set was used to get flow meter reading (end meter 512405),NA,Terrestrial Insects,63,Order,Coleoptera,Coleoptera,NA,2,0.186,0.186,NA,NA,2,SAMP,NA,NA,NA,NA,NA,NA,2   NA   NA   NA,SAMP   NA   NA   NA
STTD_2002-04-18 11:00:00,4/18/2002 11:00,STTD,2002,D,FALSE,CLD,NA,NA,16.6,0.23,642,NA,NA,NA,NA,30,Regular,511822,515320,3498,3498,10.74441123,10.74441123,NA,5 min set was used to get flow meter reading (end meter 512405),NA,Terrestrial Insects,64,Order,Diptera,Diptera,NA,21,1.955,1.955,NA,NA,2,SAMP,NA,NA,NA,NA,NA,NA,2   NA   NA   NA,SAMP   NA   NA   NA
STTD_2002-04-18 11:00:00,4/18/2002 11:00,STTD,2002,D,FALSE,CLD,NA,NA,16.6,0.23,642,NA,NA,NA,NA,30,Regular,511822,515320,3498,3498,10.74441123,10.74441123,NA,5 min set was used to get flow meter reading (end meter 512405),NA,Terrestrial Insects,66,Order,Hymenoptera,Hymenoptera,NA,6,0.558,0.558,NA,NA,2,SAMP,NA,NA,NA,NA,NA,NA,2   NA   NA   NA,SAMP   NA   NA   NA
SHR_2002-05-02 08:37:00,5/2/2002 8:37,SHR,2002,D,FALSE,CLR,NA,NA,15.6,0.85,124,NA,NA,NA,NA,30,Regular,512442,514263,1821,1821,5.593359875,5.593359875,NA,flow meter based off 10 min zoop,NA,Aquatic Non-Insects,18,Family,Hydridae,Hydridae,NA,2,0.358,0.358,NA,NA,2,SAMP,NA,NA,NA,NA,NA,NA,2   NA   NA   NA,SAMP   NA   NA   NA
SHR_2002-05-02 08:37:00,5/2/2002 8:37,SHR,2002,D,FALSE,CLR,NA,NA,15.6,0.85,124,NA,NA,NA,NA,30,Regular,512442,514263,1821,1821,5.593359875,5.593359875,NA,flow meter based off 10 min zoop,NA,Aquatic Insects,30,Family,Dytiscidae,Dytiscidae,NA,2,0.358,0.358,NA,NA,2,SAMP,NA,NA,NA,NA,NA,NA,2   NA   NA   NA,SAMP   NA   NA   NA
SHR_2002-05-02 08:37:00,5/2/2002 8:37,SHR,2002,D,FALSE,CLR,NA,NA,15.6,0.85,124,NA,NA,NA,NA,30,Regular,512442,514263,1821,1821,5.593359875,5.593359875,NA,flow meter based off 10 min zoop,NA,Aquatic Insects,32,Family,Ceratopogonidae,Ceratopogonidae,NA,2,0.358,0.358,NA,NA,2,SAMP,NA,NA,NA,NA,NA,NA,2   NA   NA   NA,SAMP   NA   NA   NA
SHR_2002-05-02 08:37:00,5/2/2002 8:37,SHR,2002,D,FALSE,CLR,NA,NA,15.6,0.85,124,NA,NA,NA,NA,30,Regular,512442,514263,1821,1821,5.593359875,5.593359875,NA,flow meter based off 10 min zoop,NA,Aquatic Insects,34,Family,Chironomidae,Chironomidae,NA,9,1.609,1.609,NA,NA,2,SAMP,NA,NA,NA,NA,NA,NA,2   NA   NA   NA,SAMP   NA   NA   NA
SHR_2002-05-02 08:37:00,5/2/2002 8:37,SHR,2002,D,FALSE,CLR,NA,NA,15.6,0.85,124,NA,NA,NA,NA,30,Regular,512442,514263,1821,1821,5.593359875,5.593359875,NA,flow meter based off 10 min zoop,NA,Terrestrial Insects,64,Order,Diptera,Diptera,NA,1,0.179,0.179,NA,NA,2,SAMP,NA,NA,NA,NA,NA,NA,2   NA   NA   NA,SAMP   NA   NA   NA
SHR_2002-05-02 08:37:00,5/2/2002 8:37,SHR,2002,D,FALSE,CLR,NA,NA,15.6,0.85,124,NA,NA,NA,NA,30,Regular,512442,514263,1821,1821,5.593359875,5.593359875,NA,flow meter based off 10 min zoop,NA,Terrestrial Insects,66,Order,Hymenoptera,Hymenoptera,NA,3,0.536,0.536,NA,NA,2,SAMP,NA,NA,NA,NA,NA,NA,2   NA   NA   NA,SAMP   NA   NA   NA
STTD_2002-05-02 11:06:00,5/2/2002 11:06,STTD,2002,D,FALSE,CLR,NA,NA,16.6,0.11,389,NA,NA,NA,NA,30,Regular,513110,514304,1194,1194,3.667474844,3.667474844,NA,flow meter from 10 min zoop,NA,Aquatic Non-Insects,104,Family,Palaemonidae,Palaemonidae,NA,1,0.273,0.273,NA,NA,2,SAMP,NA,NA,NA,NA,NA,NA,2   NA   NA   NA,SAMP   NA   NA   NA
STTD_2002-05-02 11:06:00,5/2/2002 11:06,STTD,2002,D,FALSE,CLR,NA,NA,16.6,0.11,389,NA,NA,NA,NA,30,Regular,513110,514304,1194,1194,3.667474844,3.667474844,NA,flow meter from 10 min zoop,NA,Aquatic Insects,30,Family,Dytiscidae,Dytiscidae,NA,1,0.273,0.273,NA,NA,2,SAMP,NA,NA,NA,NA,NA,NA,2   NA   NA   NA,SAMP   NA   NA   NA
STTD_2002-05-02 11:06:00,5/2/2002 11:06,STTD,2002,D,FALSE,CLR,NA,NA,16.6,0.11,389,NA,NA,NA,NA,30,Regular,513110,514304,1194,1194,3.667474844,3.667474844,NA,flow meter from 10 min zoop,NA,Aquatic Insects,52,Family,Hydraenidae,Hydraenidae,NA,2,0.545,0.545,NA,NA,2,SAMP,NA,NA,NA,NA,NA,NA,2   NA   NA   NA,SAMP   NA   NA   NA
STTD_2002-05-02 11:06:00,5/2/2002 11:06,STTD,2002,D,FALSE,CLR,NA,NA,16.6,0.11,389,NA,NA,NA,NA,30,Regular,513110,514304,1194,1194,3.667474844,3.667474844,NA,flow meter from 10 min zoop,NA,Aquatic Insects,34,Family,Chironomidae,Chironomidae,NA,6,1.636,1.636,NA,NA,2,SAMP,NA,NA,NA,NA,NA,NA,2   NA   NA   NA,SAMP   NA   NA   NA
STTD_2002-05-02 11:06:00,5/2/2002 11:06,STTD,2002,D,FALSE,CLR,NA,NA,16.6,0.11,389,NA,NA,NA,NA,30,Regular,513110,514304,1194,1194,3.667474844,3.667474844,NA,flow meter from 10 min zoop,NA,Terrestrial Non-Insects,58,Suborder,Araneida,Araneida,NA,1,0.273,0.273,NA,NA,2,SAMP,NA,NA,NA,NA,NA,NA,2   NA   NA   NA,SAMP   NA   NA   NA
STTD_2002-05-02 11:06:00,5/2/2002 11:06,STTD,2002,D,FALSE,CLR,NA,NA,16.6,0.11,389,NA,NA,NA,NA,30,Regular,513110,514304,1194,1194,3.667474844,3.667474844,NA,flow meter from 10 min zoop,NA,Terrestrial Non-Insects,68,Order,Collembola,Collembola,NA,3,0.818,0.818,NA,NA,2,SAMP,NA,NA,NA,NA,NA,NA,2   NA   NA   NA,SAMP   NA   NA   NA
STTD_2002-05-02 11:06:00,5/2/2002 11:06,STTD,2002,D,FALSE,CLR,NA,NA,16.6,0.11,389,NA,NA,NA,NA,30,Regular,513110,514304,1194,1194,3.667474844,3.667474844,NA,flow meter from 10 min zoop,NA,Terrestrial Insects,64,Order,Diptera,Diptera,NA,4,1.091,1.091,NA,NA,2,SAMP,NA,NA,NA,NA,NA,NA,2   NA   NA   NA,SAMP   NA   NA   NA
SHR_2002-05-16 08:40:00,5/16/2002 8:40,SHR,2002,D,FALSE,CLR,NA,NA,NA,0.82,NA,NA,NA,NA,NA,30,Low,513256,517189,3933,3933,25.87565764,25.87565764,NA,low flow propeller: used different rotor constant; flow meter from 10 min set,NA,Aquatic Non-Insects,4,Family,Naididae,Naididae,NA,5,0.193,0.193,NA,NA,2,SAMP,NA,NA,NA,NA,NA,NA,2   NA   NA   NA,SAMP   NA   NA   NA
SHR_2002-05-16 08:40:00,5/16/2002 8:40,SHR,2002,D,FALSE,CLR,NA,NA,NA,0.82,NA,NA,NA,NA,NA,30,Low,513256,517189,3933,3933,25.87565764,25.87565764,NA,low flow propeller: used different rotor constant; flow meter from 10 min set,NA,Aquatic Non-Insects,13,Family,Mysidae,Mysidae,NA,1,0.039,0.039,NA,NA,2,SAMP,NA,NA,NA,NA,NA,NA,2   NA   NA   NA,SAMP   NA   NA   NA
SHR_2002-05-16 08:40:00,5/16/2002 8:40,SHR,2002,D,FALSE,CLR,NA,NA,NA,0.82,NA,NA,NA,NA,NA,30,Low,513256,517189,3933,3933,25.87565764,25.87565764,NA,low flow propeller: used different rotor constant; flow meter from 10 min set,NA,Aquatic Insects,44,Family,Corixidae,Corixidae,NA,2,0.077,0.077,NA,NA,2,SAMP,NA,NA,NA,NA,NA,NA,2   NA   NA   NA,SAMP   NA   NA   NA
SHR_2002-05-16 08:40:00,5/16/2002 8:40,SHR,2002,D,FALSE,CLR,NA,NA,NA,0.82,NA,NA,NA,NA,NA,30,Low,513256,517189,3933,3933,25.87565764,25.87565764,NA,low flow propeller: used different rotor constant; flow meter from 10 min set,NA,Aquatic Insects,32,Family,Ceratopogonidae,Ceratopogonidae,NA,17,0.657,0.657,NA,NA,2,SAMP,NA,NA,NA,NA,NA,NA,2   NA   NA   NA,SAMP   NA   NA   NA
SHR_2002-05-16 08:40:00,5/16/2002 8:40,SHR,2002,D,FALSE,CLR,NA,NA,NA,0.82,NA,NA,NA,NA,NA,30,Low,513256,517189,3933,3933,25.87565764,25.87565764,NA,low flow propeller: used different rotor constant; flow meter from 10 min set,NA,Aquatic Insects,34,Family,Chironomidae,Chironomidae,NA,42,1.623,1.623,NA,NA,2,SAMP,NA,NA,NA,NA,NA,NA,2   NA   NA   NA,SAMP   NA   NA   NA
SHR_2002-05-16 08:40:00,5/16/2002 8:40,SHR,2002,D,FALSE,CLR,NA,NA,NA,0.82,NA,NA,NA,NA,NA,30,Low,513256,517189,3933,3933,25.87565764,25.87565764,NA,low flow propeller: used different rotor constant; flow meter from 10 min set,NA,Terrestrial Non-Insects,58,Suborder,Araneida,Araneida,NA,1,0.039,0.039,NA,NA,2,SAMP,NA,NA,NA,NA,NA,NA,2   NA   NA   NA,SAMP   NA   NA   NA
SHR_2002-05-16 08:40:00,5/16/2002 8:40,SHR,2002,D,FALSE,CLR,NA,NA,NA,0.82,NA,NA,NA,NA,NA,30,Low,513256,517189,3933,3933,25.87565764,25.87565764,NA,low flow propeller: used different rotor constant; flow meter from 10 min set,NA,Terrestrial Insects,73,Order,Lepidoptera,Lepidoptera,NA,1,0.039,0.039,NA,NA,2,SAMP,NA,NA,NA,NA,NA,NA,2   NA   NA   NA,SAMP   NA   NA   NA
SHR_2002-05-16 08:40:00,5/16/2002 8:40,SHR,2002,D,FALSE,CLR,NA,NA,NA,0.82,NA,NA,NA,NA,NA,30,Low,513256,517189,3933,3933,25.87565764,25.87565764,NA,low flow propeller: used different rotor constant; flow meter from 10 min set,NA,Terrestrial Insects,63,Order,Coleoptera,Coleoptera,NA,2,0.077,0.077,NA,NA,2,SAMP,NA,NA,NA,NA,NA,NA,2   NA   NA   NA,SAMP   NA   NA   NA
SHR_2002-05-16 08:40:00,5/16/2002 8:40,SHR,2002,D,FALSE,CLR,NA,NA,NA,0.82,NA,NA,NA,NA,NA,30,Low,513256,517189,3933,3933,25.87565764,25.87565764,NA,low flow propeller: used different rotor constant; flow meter from 10 min set,NA,Terrestrial Insects,64,Order,Diptera,Diptera,NA,8,0.309,0.309,NA,NA,2,SAMP,NA,NA,NA,NA,NA,NA,2   NA   NA   NA,SAMP   NA   NA   NA
SHR_2002-05-16 08:40:00,5/16/2002 8:40,SHR,2002,D,FALSE,CLR,NA,NA,NA,0.82,NA,NA,NA,NA,NA,30,Low,513256,517189,3933,3933,25.87565764,25.87565764,NA,low flow propeller: used different rotor constant; flow meter from 10 min set,NA,Terrestrial Insects,66,Order,Hymenoptera,Hymenoptera,NA,1,0.039,0.039,NA,NA,2,SAMP,NA,NA,NA,NA,NA,NA,2   NA   NA   NA,SAMP   NA   NA   NA
STTD_2002-05-16 11:15:00,5/16/2002 11:15,STTD,2002,D,FALSE,CLR,NA,NA,NA,0.11,NA,NA,NA,NA,NA,31,Regular,515520,533872,18352,18352,56.3697641,56.3697641,NA,regular propeller; flow meter set at 11 minutes,NA,Aquatic Non-Insects,104,Family,Palaemonidae,Palaemonidae,NA,4,0.071,0.071,NA,NA,1,SAMP,NA,NA,NA,NA,NA,NA,1   NA   NA   NA,SAMP   NA   NA   NA
STTD_2002-05-16 11:15:00,5/16/2002 11:15,STTD,2002,D,FALSE,CLR,NA,NA,NA,0.11,NA,NA,NA,NA,NA,31,Regular,515520,533872,18352,18352,56.3697641,56.3697641,NA,regular propeller; flow meter set at 11 minutes,NA,Aquatic Insects,81,Family,Hydrophilidae,Hydrophilidae,NA,1,0.018,0.018,NA,NA,1,SAMP,NA,NA,NA,NA,NA,NA,1   NA   NA   NA,SAMP   NA   NA   NA
STTD_2002-05-16 11:15:00,5/16/2002 11:15,STTD,2002,D,FALSE,CLR,NA,NA,NA,0.11,NA,NA,NA,NA,NA,31,Regular,515520,533872,18352,18352,56.3697641,56.3697641,NA,regular propeller; flow meter set at 11 minutes,NA,Aquatic Insects,32,Family,Ceratopogonidae,Ceratopogonidae,NA,1,0.018,0.018,NA,NA,1,SAMP,NA,NA,NA,NA,NA,NA,1   NA   NA   NA,SAMP   NA   NA   NA
STTD_2002-05-16 11:15:00,5/16/2002 11:15,STTD,2002,D,FALSE,CLR,NA,NA,NA,0.11,NA,NA,NA,NA,NA,31,Regular,515520,533872,18352,18352,56.3697641,56.3697641,NA,regular propeller; flow meter set at 11 minutes,NA,Aquatic Insects,34,Family,Chironomidae,Chironomidae,NA,6,0.106,0.106,NA,NA,1,SAMP,NA,NA,NA,NA,NA,NA,1   NA   NA   NA,SAMP   NA   NA   NA
STTD_2002-05-16 11:15:00,5/16/2002 11:15,STTD,2002,D,FALSE,CLR,NA,NA,NA,0.11,NA,NA,NA,NA,NA,31,Regular,515520,533872,18352,18352,56.3697641,56.3697641,NA,regular propeller; flow meter set at 11 minutes,NA,Terrestrial Non-Insects,58,Suborder,Araneida,Araneida,NA,2,0.035,0.035,NA,NA,1,SAMP,NA,NA,NA,NA,NA,NA,1   NA   NA   NA,SAMP   NA   NA   NA
STTD_2002-05-16 11:15:00,5/16/2002 11:15,STTD,2002,D,FALSE,CLR,NA,NA,NA,0.11,NA,NA,NA,NA,NA,31,Regular,515520,533872,18352,18352,56.3697641,56.3697641,NA,regular propeller; flow meter set at 11 minutes,NA,Terrestrial Insects,67,Order,Psocoptera,Psocoptera,NA,1,0.018,0.018,NA,NA,1,SAMP,NA,NA,NA,NA,NA,NA,1   NA   NA   NA,SAMP   NA   NA   NA
STTD_2002-05-16 11:15:00,5/16/2002 11:15,STTD,2002,D,FALSE,CLR,NA,NA,NA,0.11,NA,NA,NA,NA,NA,31,Regular,515520,533872,18352,18352,56.3697641,56.3697641,NA,regular propeller; flow meter set at 11 minutes,NA,Terrestrial Insects,71,Order,Hemiptera,Hemiptera,NA,1,0.018,0.018,NA,NA,1,SAMP,NA,NA,NA,NA,NA,NA,1   NA   NA   NA,SAMP   NA   NA   NA
STTD_2002-05-16 11:15:00,5/16/2002 11:15,STTD,2002,D,FALSE,CLR,NA,NA,NA,0.11,NA,NA,NA,NA,NA,31,Regular,515520,533872,18352,18352,56.3697641,56.3697641,NA,regular propeller; flow meter set at 11 minutes,NA,Terrestrial Insects,63,Order,Coleoptera,Coleoptera,NA,7,0.124,0.124,NA,NA,1,SAMP,NA,NA,NA,NA,NA,NA,1   NA   NA   NA,SAMP   NA   NA   NA
STTD_2002-05-16 11:15:00,5/16/2002 11:15,STTD,2002,D,FALSE,CLR,NA,NA,NA,0.11,NA,NA,NA,NA,NA,31,Regular,515520,533872,18352,18352,56.3697641,56.3697641,NA,regular propeller; flow meter set at 11 minutes,NA,Terrestrial Insects,64,Order,Diptera,Diptera,NA,25,0.444,0.444,NA,NA,1,SAMP,NA,NA,NA,NA,NA,NA,1   NA   NA   NA,SAMP   NA   NA   NA
STTD_2002-05-16 11:15:00,5/16/2002 11:15,STTD,2002,D,FALSE,CLR,NA,NA,NA,0.11,NA,NA,NA,NA,NA,31,Regular,515520,533872,18352,18352,56.3697641,56.3697641,NA,regular propeller; flow meter set at 11 minutes,NA,Terrestrial Insects,66,Order,Hymenoptera,Hymenoptera,NA,11,0.195,0.195,NA,NA,1,SAMP,NA,NA,NA,NA,NA,NA,1   NA   NA   NA,SAMP   NA   NA   NA
SHR_2002-05-30 08:38:00,5/30/2002 8:38,SHR,2002,D,FALSE,CLR,NA,NA,21.8,0.69,141,NA,NA,NA,NA,30,Low,528023,531194,3171,3171,20.86237233,20.86237233,NA,NA,NA,Aquatic Non-Insects,4,Family,Naididae,Naididae,NA,1,0.048,0.048,NA,NA,NA,NA,NA,NA,NA,NA,NA,NA,NA   NA   NA   NA,NA   NA   NA   NA
SHR_2002-05-30 08:38:00,5/30/2002 8:38,SHR,2002,D,FALSE,CLR,NA,NA,21.8,0.69,141,NA,NA,NA,NA,30,Low,528023,531194,3171,3171,20.86237233,20.86237233,NA,NA,NA,Aquatic Non-Insects,106,Family,Lymnaeidae,Lymnaeidae,NA,1,0.048,0.048,NA,NA,NA,NA,NA,NA,NA,NA,NA,NA,NA   NA   NA   NA,NA   NA   NA   NA
SHR_2002-05-30 08:38:00,5/30/2002 8:38,SHR,2002,D,FALSE,CLR,NA,NA,21.8,0.69,141,NA,NA,NA,NA,30,Low,528023,531194,3171,3171,20.86237233,20.86237233,NA,NA,NA,Aquatic Insects,44,Family,Corixidae,Corixidae,NA,1,0.048,0.048,NA,NA,NA,NA,NA,NA,NA,NA,NA,NA,NA   NA   NA   NA,NA   NA   NA   NA
SHR_2002-05-30 08:38:00,5/30/2002 8:38,SHR,2002,D,FALSE,CLR,NA,NA,21.8,0.69,141,NA,NA,NA,NA,30,Low,528023,531194,3171,3171,20.86237233,20.86237233,NA,NA,NA,Aquatic Insects,32,Family,Ceratopogonidae,Ceratopogonidae,NA,30,1.438,1.438,NA,NA,NA,NA,NA,NA,NA,NA,NA,NA,NA   NA   NA   NA,NA   NA   NA   NA
SHR_2002-05-30 08:38:00,5/30/2002 8:38,SHR,2002,D,FALSE,CLR,NA,NA,21.8,0.69,141,NA,NA,NA,NA,30,Low,528023,531194,3171,3171,20.86237233,20.86237233,NA,NA,NA,Aquatic Insects,34,Family,Chironomidae,Chironomidae,NA,4,0.192,0.192,NA,NA,NA,NA,NA,NA,NA,NA,NA,NA,NA   NA   NA   NA,NA   NA   NA   NA
SHR_2002-05-30 08:38:00,5/30/2002 8:38,SHR,2002,D,FALSE,CLR,NA,NA,21.8,0.69,141,NA,NA,NA,NA,30,Low,528023,531194,3171,3171,20.86237233,20.86237233,NA,NA,NA,Terrestrial Insects,64,Order,Diptera,Diptera,NA,3,0.144,0.144,NA,NA,NA,NA,NA,NA,NA,NA,NA,NA,NA   NA   NA   NA,NA   NA   NA   NA
SHR_2002-05-30 08:38:00,5/30/2002 8:38,SHR,2002,D,FALSE,CLR,NA,NA,21.8,0.69,141,NA,NA,NA,NA,30,Low,528023,531194,3171,3171,20.86237233,20.86237233,NA,NA,NA,Terrestrial Insects,66,Order,Hymenoptera,Hymenoptera,NA,1,0.048,0.048,NA,NA,NA,NA,NA,NA,NA,NA,NA,NA,NA   NA   NA   NA,NA   NA   NA   NA
STTD_2002-05-30 11:00:00,5/30/2002 11:00,STTD,2002,D,FALSE,CLR,NA,NA,24,0.14,550,NA,NA,NA,NA,30,Regular,530116,534733,4617,4617,14.18151705,14.18151705,NA,NA,NA,Aquatic Non-Insects,9,Family,Corophiidae,Corophiidae,NA,2,0.141,0.141,NA,NA,NA,NA,NA,NA,NA,NA,NA,NA,NA   NA   NA   NA,NA   NA   NA   NA
STTD_2002-05-30 11:00:00,5/30/2002 11:00,STTD,2002,D,FALSE,CLR,NA,NA,24,0.14,550,NA,NA,NA,NA,30,Regular,530116,534733,4617,4617,14.18151705,14.18151705,NA,NA,NA,Aquatic Non-Insects,104,Family,Palaemonidae,Palaemonidae,NA,1,0.071,0.071,NA,NA,NA,NA,NA,NA,NA,NA,NA,NA,NA   NA   NA   NA,NA   NA   NA   NA
STTD_2002-05-30 11:00:00,5/30/2002 11:00,STTD,2002,D,FALSE,CLR,NA,NA,24,0.14,550,NA,NA,NA,NA,30,Regular,530116,534733,4617,4617,14.18151705,14.18151705,NA,NA,NA,Aquatic Insects,44,Family,Corixidae,Corixidae,NA,2,0.141,0.141,NA,NA,NA,NA,NA,NA,NA,NA,NA,NA,NA   NA   NA   NA,NA   NA   NA   NA
STTD_2002-05-30 11:00:00,5/30/2002 11:00,STTD,2002,D,FALSE,CLR,NA,NA,24,0.14,550,NA,NA,NA,NA,30,Regular,530116,534733,4617,4617,14.18151705,14.18151705,NA,NA,NA,Aquatic Insects,30,Family,Dytiscidae,Dytiscidae,NA,5,0.353,0.353,NA,NA,NA,NA,NA,NA,NA,NA,NA,NA,NA   NA   NA   NA,NA   NA   NA   NA
STTD_2002-05-30 11:00:00,5/30/2002 11:00,STTD,2002,D,FALSE,CLR,NA,NA,24,0.14,550,NA,NA,NA,NA,30,Regular,530116,534733,4617,4617,14.18151705,14.18151705,NA,NA,NA,Aquatic Insects,31,Family,Helophoridae,Helophoridae,NA,2,0.141,0.141,NA,NA,NA,NA,NA,NA,NA,NA,NA,NA,NA   NA   NA   NA,NA   NA   NA   NA
STTD_2002-05-30 11:00:00,5/30/2002 11:00,STTD,2002,D,FALSE,CLR,NA,NA,24,0.14,550,NA,NA,NA,NA,30,Regular,530116,534733,4617,4617,14.18151705,14.18151705,NA,NA,NA,Aquatic Insects,52,Family,Hydraenidae,Hydraenidae,NA,6,0.423,0.423,NA,NA,NA,NA,NA,NA,NA,NA,NA,NA,NA   NA   NA   NA,NA   NA   NA   NA
STTD_2002-05-30 11:00:00,5/30/2002 11:00,STTD,2002,D,FALSE,CLR,NA,NA,24,0.14,550,NA,NA,NA,NA,30,Regular,530116,534733,4617,4617,14.18151705,14.18151705,NA,NA,NA,Aquatic Insects,32,Family,Ceratopogonidae,Ceratopogonidae,NA,2,0.141,0.141,NA,NA,NA,NA,NA,NA,NA,NA,NA,NA,NA   NA   NA   NA,NA   NA   NA   NA
STTD_2002-05-30 11:00:00,5/30/2002 11:00,STTD,2002,D,FALSE,CLR,NA,NA,24,0.14,550,NA,NA,NA,NA,30,Regular,530116,534733,4617,4617,14.18151705,14.18151705,NA,NA,NA,Aquatic Insects,34,Family,Chironomidae,Chironomidae,NA,29,2.045,2.045,NA,NA,NA,NA,NA,NA,NA,NA,NA,NA,NA   NA   NA   NA,NA   NA   NA   NA
STTD_2002-05-30 11:00:00,5/30/2002 11:00,STTD,2002,D,FALSE,CLR,NA,NA,24,0.14,550,NA,NA,NA,NA,30,Regular,530116,534733,4617,4617,14.18151705,14.18151705,NA,NA,NA,Aquatic Insects,36,Family,Ephydridae,Ephydridae,NA,1,0.071,0.071,NA,NA,NA,NA,NA,NA,NA,NA,NA,NA,NA   NA   NA   NA,NA   NA   NA   NA
STTD_2002-05-30 11:00:00,5/30/2002 11:00,STTD,2002,D,FALSE,CLR,NA,NA,24,0.14,550,NA,NA,NA,NA,30,Regular,530116,534733,4617,4617,14.18151705,14.18151705,NA,NA,NA,Terrestrial Non-Insects,58,Suborder,Araneida,Araneida,NA,15,1.058,1.058,NA,NA,NA,NA,NA,NA,NA,NA,NA,NA,NA   NA   NA   NA,NA   NA   NA   NA
STTD_2002-05-30 11:00:00,5/30/2002 11:00,STTD,2002,D,FALSE,CLR,NA,NA,24,0.14,550,NA,NA,NA,NA,30,Regular,530116,534733,4617,4617,14.18151705,14.18151705,NA,NA,NA,Terrestrial Non-Insects,57,Subclass,Acari,Acari,NA,3,0.212,0.212,NA,NA,NA,NA,NA,NA,NA,NA,NA,NA,NA   NA   NA   NA,NA   NA   NA   NA
STTD_2002-05-30 11:00:00,5/30/2002 11:00,STTD,2002,D,FALSE,CLR,NA,NA,24,0.14,550,NA,NA,NA,NA,30,Regular,530116,534733,4617,4617,14.18151705,14.18151705,NA,NA,NA,Terrestrial Non-Insects,68,Order,Collembola,Collembola,NA,10,0.705,0.705,NA,NA,NA,NA,NA,NA,NA,NA,NA,NA,NA   NA   NA   NA,NA   NA   NA   NA
STTD_2002-05-30 11:00:00,5/30/2002 11:00,STTD,2002,D,FALSE,CLR,NA,NA,24,0.14,550,NA,NA,NA,NA,30,Regular,530116,534733,4617,4617,14.18151705,14.18151705,NA,NA,NA,Terrestrial Insects,67,Order,Psocoptera,Psocoptera,NA,15,1.058,1.058,NA,NA,NA,NA,NA,NA,NA,NA,NA,NA,NA   NA   NA   NA,NA   NA   NA   NA
STTD_2002-05-30 11:00:00,5/30/2002 11:00,STTD,2002,D,FALSE,CLR,NA,NA,24,0.14,550,NA,NA,NA,NA,30,Regular,530116,534733,4617,4617,14.18151705,14.18151705,NA,NA,NA,Terrestrial Insects,85,Order,Thysanoptera,Thysanoptera,NA,3,0.212,0.212,NA,NA,NA,NA,NA,NA,NA,NA,NA,NA,NA   NA   NA   NA,NA   NA   NA   NA
STTD_2002-05-30 11:00:00,5/30/2002 11:00,STTD,2002,D,FALSE,CLR,NA,NA,24,0.14,550,NA,NA,NA,NA,30,Regular,530116,534733,4617,4617,14.18151705,14.18151705,NA,NA,NA,Terrestrial Insects,71,Order,Hemiptera,Hemiptera,NA,9,0.635,0.635,NA,NA,NA,NA,NA,NA,NA,NA,NA,NA,NA   NA   NA   NA,NA   NA   NA   NA
STTD_2002-05-30 11:00:00,5/30/2002 11:00,STTD,2002,D,FALSE,CLR,NA,NA,24,0.14,550,NA,NA,NA,NA,30,Regular,530116,534733,4617,4617,14.18151705,14.18151705,NA,NA,NA,Terrestrial Insects,63,Order,Coleoptera,Coleoptera,NA,13,0.917,0.917,NA,NA,NA,NA,NA,NA,NA,NA,NA,NA,NA   NA   NA   NA,NA   NA   NA   NA
STTD_2002-05-30 11:00:00,5/30/2002 11:00,STTD,2002,D,FALSE,CLR,NA,NA,24,0.14,550,NA,NA,NA,NA,30,Regular,530116,534733,4617,4617,14.18151705,14.18151705,NA,NA,NA,Terrestrial Insects,74,Order,Neuroptera,Neuroptera,NA,2,0.141,0.141,NA,NA,NA,NA,NA,NA,NA,NA,NA,NA,NA   NA   NA   NA,NA   NA   NA   NA
STTD_2002-05-30 11:00:00,5/30/2002 11:00,STTD,2002,D,FALSE,CLR,NA,NA,24,0.14,550,NA,NA,NA,NA,30,Regular,530116,534733,4617,4617,14.18151705,14.18151705,NA,NA,NA,Terrestrial Insects,64,Order,Diptera,Diptera,NA,120,8.462,8.462,NA,NA,NA,NA,NA,NA,NA,NA,NA,NA,NA   NA   NA   NA,NA   NA   NA   NA
STTD_2002-05-30 11:00:00,5/30/2002 11:00,STTD,2002,D,FALSE,CLR,NA,NA,24,0.14,550,NA,NA,NA,NA,30,Regular,530116,534733,4617,4617,14.18151705,14.18151705,NA,NA,NA,Terrestrial Insects,66,Order,Hymenoptera,Hymenoptera,NA,89,6.276,6.276,NA,NA,NA,NA,NA,NA,NA,NA,NA,NA,NA   NA   NA   NA,NA   NA   NA   NA
SHR_2002-06-11 08:27:00,6/11/2002 8:27,SHR,2002,D,FALSE,CLR,NA,NA,19.4,0.54,121,NA,NA,NA,NA,30,Regular,541432,557935,16503,16503,50.69039979,50.69039979,NA,NA,NA,Aquatic Non-Insects,4,Family,Naididae,Naididae,NA,1,0.02,0.02,NA,NA,NA,NA,NA,NA,NA,NA,NA,NA,NA   NA   NA   NA,NA   NA   NA   NA
SHR_2002-06-11 08:27:00,6/11/2002 8:27,SHR,2002,D,FALSE,CLR,NA,NA,19.4,0.54,121,NA,NA,NA,NA,30,Regular,541432,557935,16503,16503,50.69039979,50.69039979,NA,NA,NA,Aquatic Non-Insects,9,Family,Corophiidae,Corophiidae,NA,1,0.02,0.02,NA,NA,NA,NA,NA,NA,NA,NA,NA,NA,NA   NA   NA   NA,NA   NA   NA   NA
SHR_2002-06-11 08:27:00,6/11/2002 8:27,SHR,2002,D,FALSE,CLR,NA,NA,19.4,0.54,121,NA,NA,NA,NA,30,Regular,541432,557935,16503,16503,50.69039979,50.69039979,NA,NA,NA,Aquatic Insects,46,Family,Coenagrionidae,Coenagrionidae,NA,1,0.02,0.02,NA,NA,NA,NA,NA,NA,NA,NA,NA,NA,NA   NA   NA   NA,NA   NA   NA   NA
SHR_2002-06-11 08:27:00,6/11/2002 8:27,SHR,2002,D,FALSE,CLR,NA,NA,19.4,0.54,121,NA,NA,NA,NA,30,Regular,541432,557935,16503,16503,50.69039979,50.69039979,NA,NA,NA,Aquatic Insects,44,Family,Corixidae,Corixidae,NA,2,0.039,0.039,NA,NA,NA,NA,NA,NA,NA,NA,NA,NA,NA   NA   NA   NA,NA   NA   NA   NA
SHR_2002-06-11 08:27:00,6/11/2002 8:27,SHR,2002,D,FALSE,CLR,NA,NA,19.4,0.54,121,NA,NA,NA,NA,30,Regular,541432,557935,16503,16503,50.69039979,50.69039979,NA,NA,NA,Aquatic Insects,30,Family,Dytiscidae,Dytiscidae,NA,1,0.02,0.02,NA,NA,NA,NA,NA,NA,NA,NA,NA,NA,NA   NA   NA   NA,NA   NA   NA   NA
SHR_2002-06-11 08:27:00,6/11/2002 8:27,SHR,2002,D,FALSE,CLR,NA,NA,19.4,0.54,121,NA,NA,NA,NA,30,Regular,541432,557935,16503,16503,50.69039979,50.69039979,NA,NA,NA,Aquatic Insects,52,Family,Hydraenidae,Hydraenidae,NA,1,0.02,0.02,NA,NA,NA,NA,NA,NA,NA,NA,NA,NA,NA   NA   NA   NA,NA   NA   NA   NA
SHR_2002-06-11 08:27:00,6/11/2002 8:27,SHR,2002,D,FALSE,CLR,NA,NA,19.4,0.54,121,NA,NA,NA,NA,30,Regular,541432,557935,16503,16503,50.69039979,50.69039979,NA,NA,NA,Aquatic Insects,34,Family,Chironomidae,Chironomidae,NA,13,0.256,0.256,NA,NA,NA,NA,NA,NA,NA,NA,NA,NA,NA   NA   NA   NA,NA   NA   NA   NA
SHR_2002-06-11 08:27:00,6/11/2002 8:27,SHR,2002,D,FALSE,CLR,NA,NA,19.4,0.54,121,NA,NA,NA,NA,30,Regular,541432,557935,16503,16503,50.69039979,50.69039979,NA,NA,NA,Terrestrial Non-Insects,58,Suborder,Araneida,Araneida,NA,3,0.059,0.059,NA,NA,NA,NA,NA,NA,NA,NA,NA,NA,NA   NA   NA   NA,NA   NA   NA   NA
SHR_2002-06-11 08:27:00,6/11/2002 8:27,SHR,2002,D,FALSE,CLR,NA,NA,19.4,0.54,121,NA,NA,NA,NA,30,Regular,541432,557935,16503,16503,50.69039979,50.69039979,NA,NA,NA,Terrestrial Non-Insects,68,Order,Collembola,Collembola,NA,3,0.059,0.059,NA,NA,NA,NA,NA,NA,NA,NA,NA,NA,NA   NA   NA   NA,NA   NA   NA   NA
SHR_2002-06-11 08:27:00,6/11/2002 8:27,SHR,2002,D,FALSE,CLR,NA,NA,19.4,0.54,121,NA,NA,NA,NA,30,Regular,541432,557935,16503,16503,50.69039979,50.69039979,NA,NA,NA,Terrestrial Insects,63,Order,Coleoptera,Coleoptera,NA,4,0.079,0.079,NA,NA,NA,NA,NA,NA,NA,NA,NA,NA,NA   NA   NA   NA,NA   NA   NA   NA
SHR_2002-06-11 08:27:00,6/11/2002 8:27,SHR,2002,D,FALSE,CLR,NA,NA,19.4,0.54,121,NA,NA,NA,NA,30,Regular,541432,557935,16503,16503,50.69039979,50.69039979,NA,NA,NA,Terrestrial Insects,64,Order,Diptera,Diptera,NA,18,0.355,0.355,NA,NA,NA,NA,NA,NA,NA,NA,NA,NA,NA   NA   NA   NA,NA   NA   NA   NA
SHR_2002-06-11 08:27:00,6/11/2002 8:27,SHR,2002,D,FALSE,CLR,NA,NA,19.4,0.54,121,NA,NA,NA,NA,30,Regular,541432,557935,16503,16503,50.69039979,50.69039979,NA,NA,NA,Terrestrial Insects,66,Order,Hymenoptera,Hymenoptera,NA,4,0.079,0.079,NA,NA,NA,NA,NA,NA,NA,NA,NA,NA,NA   NA   NA   NA,NA   NA   NA   NA
STTD_2002-06-11 10:15:00,6/11/2002 10:15,STTD,2002,D,FALSE,CLR,NA,NA,20.5,0.11,277,NA,NA,NA,NA,30,Regular,543971,565396,21425,21425,65.80875087,65.80875087,NA,NA,NA,Aquatic Non-Insects,4,Family,Naididae,Naididae,NA,6,0.091,0.091,NA,NA,NA,NA,NA,NA,NA,NA,NA,NA,NA   NA   NA   NA,NA   NA   NA   NA
STTD_2002-06-11 10:15:00,6/11/2002 10:15,STTD,2002,D,FALSE,CLR,NA,NA,20.5,0.11,277,NA,NA,NA,NA,30,Regular,543971,565396,21425,21425,65.80875087,65.80875087,NA,NA,NA,Aquatic Non-Insects,13,Family,Mysidae,Mysidae,NA,5,0.076,0.076,NA,NA,NA,NA,NA,NA,NA,NA,NA,NA,NA   NA   NA   NA,NA   NA   NA   NA
STTD_2002-06-11 10:15:00,6/11/2002 10:15,STTD,2002,D,FALSE,CLR,NA,NA,20.5,0.11,277,NA,NA,NA,NA,30,Regular,543971,565396,21425,21425,65.80875087,65.80875087,NA,NA,NA,Aquatic Non-Insects,104,Family,Palaemonidae,Palaemonidae,NA,16,0.243,0.243,NA,NA,NA,NA,NA,NA,NA,NA,NA,NA,NA   NA   NA   NA,NA   NA   NA   NA
STTD_2002-06-11 10:15:00,6/11/2002 10:15,STTD,2002,D,FALSE,CLR,NA,NA,20.5,0.11,277,NA,NA,NA,NA,30,Regular,543971,565396,21425,21425,65.80875087,65.80875087,NA,NA,NA,Aquatic Insects,44,Family,Corixidae,Corixidae,NA,1,0.015,0.015,NA,NA,NA,NA,NA,NA,NA,NA,NA,NA,NA   NA   NA   NA,NA   NA   NA   NA
STTD_2002-06-11 10:15:00,6/11/2002 10:15,STTD,2002,D,FALSE,CLR,NA,NA,20.5,0.11,277,NA,NA,NA,NA,30,Regular,543971,565396,21425,21425,65.80875087,65.80875087,NA,NA,NA,Aquatic Insects,52,Family,Hydraenidae,Hydraenidae,NA,3,0.046,0.046,NA,NA,NA,NA,NA,NA,NA,NA,NA,NA,NA   NA   NA   NA,NA   NA   NA   NA
STTD_2002-06-11 10:15:00,6/11/2002 10:15,STTD,2002,D,FALSE,CLR,NA,NA,20.5,0.11,277,NA,NA,NA,NA,30,Regular,543971,565396,21425,21425,65.80875087,65.80875087,NA,NA,NA,Aquatic Insects,34,Family,Chironomidae,Chironomidae,NA,11,0.167,0.167,NA,NA,NA,NA,NA,NA,NA,NA,NA,NA,NA   NA   NA   NA,NA   NA   NA   NA
STTD_2002-06-11 10:15:00,6/11/2002 10:15,STTD,2002,D,FALSE,CLR,NA,NA,20.5,0.11,277,NA,NA,NA,NA,30,Regular,543971,565396,21425,21425,65.80875087,65.80875087,NA,NA,NA,Terrestrial Non-Insects,58,Suborder,Araneida,Araneida,NA,59,0.897,0.897,NA,NA,NA,NA,NA,NA,NA,NA,NA,NA,NA   NA   NA   NA,NA   NA   NA   NA
STTD_2002-06-11 10:15:00,6/11/2002 10:15,STTD,2002,D,FALSE,CLR,NA,NA,20.5,0.11,277,NA,NA,NA,NA,30,Regular,543971,565396,21425,21425,65.80875087,65.80875087,NA,NA,NA,Terrestrial Insects,84,Order,Thysanura,Thysanura,NA,1,0.015,0.015,NA,NA,NA,NA,NA,NA,NA,NA,NA,NA,NA   NA   NA   NA,NA   NA   NA   NA
STTD_2002-06-11 10:15:00,6/11/2002 10:15,STTD,2002,D,FALSE,CLR,NA,NA,20.5,0.11,277,NA,NA,NA,NA,30,Regular,543971,565396,21425,21425,65.80875087,65.80875087,NA,NA,NA,Terrestrial Insects,108,Order,Orthoptera,Orthoptera,NA,1,0.015,0.015,NA,NA,NA,NA,NA,NA,NA,NA,NA,NA,NA   NA   NA   NA,NA   NA   NA   NA
STTD_2002-06-11 10:15:00,6/11/2002 10:15,STTD,2002,D,FALSE,CLR,NA,NA,20.5,0.11,277,NA,NA,NA,NA,30,Regular,543971,565396,21425,21425,65.80875087,65.80875087,NA,NA,NA,Terrestrial Insects,67,Order,Psocoptera,Psocoptera,NA,2,0.03,0.03,NA,NA,NA,NA,NA,NA,NA,NA,NA,NA,NA   NA   NA   NA,NA   NA   NA   NA
STTD_2002-06-11 10:15:00,6/11/2002 10:15,STTD,2002,D,FALSE,CLR,NA,NA,20.5,0.11,277,NA,NA,NA,NA,30,Regular,543971,565396,21425,21425,65.80875087,65.80875087,NA,NA,NA,Terrestrial Insects,85,Order,Thysanoptera,Thysanoptera,NA,10,0.152,0.152,NA,NA,NA,NA,NA,NA,NA,NA,NA,NA,NA   NA   NA   NA,NA   NA   NA   NA
STTD_2002-06-11 10:15:00,6/11/2002 10:15,STTD,2002,D,FALSE,CLR,NA,NA,20.5,0.11,277,NA,NA,NA,NA,30,Regular,543971,565396,21425,21425,65.80875087,65.80875087,NA,NA,NA,Terrestrial Insects,71,Order,Hemiptera,Hemiptera,NA,4,0.061,0.061,NA,NA,NA,NA,NA,NA,NA,NA,NA,NA,NA   NA   NA   NA,NA   NA   NA   NA
STTD_2002-06-11 10:15:00,6/11/2002 10:15,STTD,2002,D,FALSE,CLR,NA,NA,20.5,0.11,277,NA,NA,NA,NA,30,Regular,543971,565396,21425,21425,65.80875087,65.80875087,NA,NA,NA,Terrestrial Insects,63,Order,Coleoptera,Coleoptera,NA,25,0.38,0.38,NA,NA,NA,NA,NA,NA,NA,NA,NA,NA,NA   NA   NA   NA,NA   NA   NA   NA
STTD_2002-06-11 10:15:00,6/11/2002 10:15,STTD,2002,D,FALSE,CLR,NA,NA,20.5,0.11,277,NA,NA,NA,NA,30,Regular,543971,565396,21425,21425,65.80875087,65.80875087,NA,NA,NA,Terrestrial Insects,64,Order,Diptera,Diptera,NA,157,2.386,2.386,NA,NA,NA,NA,NA,NA,NA,NA,NA,NA,NA   NA   NA   NA,NA   NA   NA   NA
STTD_2002-06-11 10:15:00,6/11/2002 10:15,STTD,2002,D,FALSE,CLR,NA,NA,20.5,0.11,277,NA,NA,NA,NA,30,Regular,543971,565396,21425,21425,65.80875087,65.80875087,NA,NA,NA,Terrestrial Insects,66,Order,Hymenoptera,Hymenoptera,NA,29,0.441,0.441,NA,NA,NA,NA,NA,NA,NA,NA,NA,NA,NA   NA   NA   NA,NA   NA   NA   NA
SHR_2002-06-19 08:25:00,6/19/2002 8:25,SHR,2002,D,FALSE,CLR,NA,NA,21.7,0.65,139,NA,NA,NA,NA,30,Regular,551849,562292,10443,10443,32.07658274,32.07658274,NA,NA,NA,Aquatic Non-Insects,4,Family,Naididae,Naididae,NA,8,0.249,0.249,NA,NA,NA,NA,NA,NA,NA,NA,NA,NA,NA   NA   NA   NA,NA   NA   NA   NA
SHR_2002-06-19 08:25:00,6/19/2002 8:25,SHR,2002,D,FALSE,CLR,NA,NA,21.7,0.65,139,NA,NA,NA,NA,30,Regular,551849,562292,10443,10443,32.07658274,32.07658274,NA,NA,NA,Aquatic Non-Insects,9,Family,Corophiidae,Corophiidae,NA,1,0.031,0.031,NA,NA,NA,NA,NA,NA,NA,NA,NA,NA,NA   NA   NA   NA,NA   NA   NA   NA
SHR_2002-06-19 08:25:00,6/19/2002 8:25,SHR,2002,D,FALSE,CLR,NA,NA,21.7,0.65,139,NA,NA,NA,NA,30,Regular,551849,562292,10443,10443,32.07658274,32.07658274,NA,NA,NA,Aquatic Non-Insects,104,Family,Palaemonidae,Palaemonidae,NA,1,0.031,0.031,NA,NA,NA,NA,NA,NA,NA,NA,NA,NA,NA   NA   NA   NA,NA   NA   NA   NA
SHR_2002-06-19 08:25:00,6/19/2002 8:25,SHR,2002,D,FALSE,CLR,NA,NA,21.7,0.65,139,NA,NA,NA,NA,30,Regular,551849,562292,10443,10443,32.07658274,32.07658274,NA,NA,NA,Aquatic Insects,107,Family,Leptohyphidae,Leptohyphidae,NA,1,0.031,0.031,NA,NA,NA,NA,NA,NA,NA,NA,NA,NA,NA   NA   NA   NA,NA   NA   NA   NA
SHR_2002-06-19 08:25:00,6/19/2002 8:25,SHR,2002,D,FALSE,CLR,NA,NA,21.7,0.65,139,NA,NA,NA,NA,30,Regular,551849,562292,10443,10443,32.07658274,32.07658274,NA,NA,NA,Aquatic Insects,44,Family,Corixidae,Corixidae,NA,1,0.031,0.031,NA,NA,NA,NA,NA,NA,NA,NA,NA,NA,NA   NA   NA   NA,NA   NA   NA   NA
SHR_2002-06-19 08:25:00,6/19/2002 8:25,SHR,2002,D,FALSE,CLR,NA,NA,21.7,0.65,139,NA,NA,NA,NA,30,Regular,551849,562292,10443,10443,32.07658274,32.07658274,NA,NA,NA,Aquatic Insects,56,Family,Leptoceridae,Leptoceridae,NA,2,0.062,0.062,NA,NA,NA,NA,NA,NA,NA,NA,NA,NA,NA   NA   NA   NA,NA   NA   NA   NA
SHR_2002-06-19 08:25:00,6/19/2002 8:25,SHR,2002,D,FALSE,CLR,NA,NA,21.7,0.65,139,NA,NA,NA,NA,30,Regular,551849,562292,10443,10443,32.07658274,32.07658274,NA,NA,NA,Aquatic Insects,52,Family,Hydraenidae,Hydraenidae,NA,1,0.031,0.031,NA,NA,NA,NA,NA,NA,NA,NA,NA,NA,NA   NA   NA   NA,NA   NA   NA   NA
SHR_2002-06-19 08:25:00,6/19/2002 8:25,SHR,2002,D,FALSE,CLR,NA,NA,21.7,0.65,139,NA,NA,NA,NA,30,Regular,551849,562292,10443,10443,32.07658274,32.07658274,NA,NA,NA,Aquatic Insects,32,Family,Ceratopogonidae,Ceratopogonidae,NA,4,0.125,0.125,NA,NA,NA,NA,NA,NA,NA,NA,NA,NA,NA   NA   NA   NA,NA   NA   NA   NA
SHR_2002-06-19 08:25:00,6/19/2002 8:25,SHR,2002,D,FALSE,CLR,NA,NA,21.7,0.65,139,NA,NA,NA,NA,30,Regular,551849,562292,10443,10443,32.07658274,32.07658274,NA,NA,NA,Aquatic Insects,34,Family,Chironomidae,Chironomidae,NA,41,1.278,1.278,NA,NA,NA,NA,NA,NA,NA,NA,NA,NA,NA   NA   NA   NA,NA   NA   NA   NA
SHR_2002-06-19 08:25:00,6/19/2002 8:25,SHR,2002,D,FALSE,CLR,NA,NA,21.7,0.65,139,NA,NA,NA,NA,30,Regular,551849,562292,10443,10443,32.07658274,32.07658274,NA,NA,NA,Terrestrial Non-Insects,58,Suborder,Araneida,Araneida,NA,32,0.998,0.998,NA,NA,NA,NA,NA,NA,NA,NA,NA,NA,NA   NA   NA   NA,NA   NA   NA   NA
SHR_2002-06-19 08:25:00,6/19/2002 8:25,SHR,2002,D,FALSE,CLR,NA,NA,21.7,0.65,139,NA,NA,NA,NA,30,Regular,551849,562292,10443,10443,32.07658274,32.07658274,NA,NA,NA,Terrestrial Non-Insects,68,Order,Collembola,Collembola,NA,1,0.031,0.031,NA,NA,NA,NA,NA,NA,NA,NA,NA,NA,NA   NA   NA   NA,NA   NA   NA   NA
SHR_2002-06-19 08:25:00,6/19/2002 8:25,SHR,2002,D,FALSE,CLR,NA,NA,21.7,0.65,139,NA,NA,NA,NA,30,Regular,551849,562292,10443,10443,32.07658274,32.07658274,NA,NA,NA,Terrestrial Insects,67,Order,Psocoptera,Psocoptera,NA,1,0.031,0.031,NA,NA,NA,NA,NA,NA,NA,NA,NA,NA,NA   NA   NA   NA,NA   NA   NA   NA
SHR_2002-06-19 08:25:00,6/19/2002 8:25,SHR,2002,D,FALSE,CLR,NA,NA,21.7,0.65,139,NA,NA,NA,NA,30,Regular,551849,562292,10443,10443,32.07658274,32.07658274,NA,NA,NA,Terrestrial Insects,85,Order,Thysanoptera,Thysanoptera,NA,10,0.312,0.312,NA,NA,NA,NA,NA,NA,NA,NA,NA,NA,NA   NA   NA   NA,NA   NA   NA   NA
SHR_2002-06-19 08:25:00,6/19/2002 8:25,SHR,2002,D,FALSE,CLR,NA,NA,21.7,0.65,139,NA,NA,NA,NA,30,Regular,551849,562292,10443,10443,32.07658274,32.07658274,NA,NA,NA,Terrestrial Insects,71,Order,Hemiptera,Hemiptera,NA,2,0.062,0.062,NA,NA,NA,NA,NA,NA,NA,NA,NA,NA,NA   NA   NA   NA,NA   NA   NA   NA
SHR_2002-06-19 08:25:00,6/19/2002 8:25,SHR,2002,D,FALSE,CLR,NA,NA,21.7,0.65,139,NA,NA,NA,NA,30,Regular,551849,562292,10443,10443,32.07658274,32.07658274,NA,NA,NA,Terrestrial Insects,73,Order,Lepidoptera,Lepidoptera,NA,1,0.031,0.031,NA,NA,NA,NA,NA,NA,NA,NA,NA,NA,NA   NA   NA   NA,NA   NA   NA   NA
SHR_2002-06-19 08:25:00,6/19/2002 8:25,SHR,2002,D,FALSE,CLR,NA,NA,21.7,0.65,139,NA,NA,NA,NA,30,Regular,551849,562292,10443,10443,32.07658274,32.07658274,NA,NA,NA,Terrestrial Insects,63,Order,Coleoptera,Coleoptera,NA,19,0.592,0.592,NA,NA,NA,NA,NA,NA,NA,NA,NA,NA,NA   NA   NA   NA,NA   NA   NA   NA
SHR_2002-06-19 08:25:00,6/19/2002 8:25,SHR,2002,D,FALSE,CLR,NA,NA,21.7,0.65,139,NA,NA,NA,NA,30,Regular,551849,562292,10443,10443,32.07658274,32.07658274,NA,NA,NA,Terrestrial Insects,64,Order,Diptera,Diptera,NA,310,9.664,9.664,NA,NA,NA,NA,NA,NA,NA,NA,NA,NA,NA   NA   NA   NA,NA   NA   NA   NA
SHR_2002-06-19 08:25:00,6/19/2002 8:25,SHR,2002,D,FALSE,CLR,NA,NA,21.7,0.65,139,NA,NA,NA,NA,30,Regular,551849,562292,10443,10443,32.07658274,32.07658274,NA,NA,NA,Terrestrial Insects,66,Order,Hymenoptera,Hymenoptera,NA,59,1.839,1.839,NA,NA,NA,NA,NA,NA,NA,NA,NA,NA,NA   NA   NA   NA,NA   NA   NA   NA
STTD_2002-06-19 10:05:00,6/19/2002 10:05,STTD,2002,D,FALSE,CLR,NA,NA,22.1,0.09,266,NA,NA,NA,NA,30,Regular,555338,576044,20706,20706,63.60027983,63.60027983,NA,3x zoop meter,NA,Aquatic Non-Insects,104,Family,Palaemonidae,Palaemonidae,NA,138,2.17,2.17,NA,NA,2,SAMP,NA,NA,NA,NA,NA,NA,2   NA   NA   NA,SAMP   NA   NA   NA
STTD_2002-06-19 10:05:00,6/19/2002 10:05,STTD,2002,D,FALSE,CLR,NA,NA,22.1,0.09,266,NA,NA,NA,NA,30,Regular,555338,576044,20706,20706,63.60027983,63.60027983,NA,3x zoop meter,NA,Aquatic Insects,45,Family,Notonectidae,Notonectidae,NA,1,0.016,0.016,NA,NA,2,SAMP,NA,NA,NA,NA,NA,NA,2   NA   NA   NA,SAMP   NA   NA   NA
STTD_2002-06-19 10:05:00,6/19/2002 10:05,STTD,2002,D,FALSE,CLR,NA,NA,22.1,0.09,266,NA,NA,NA,NA,30,Regular,555338,576044,20706,20706,63.60027983,63.60027983,NA,3x zoop meter,NA,Aquatic Insects,52,Family,Hydraenidae,Hydraenidae,NA,3,0.047,0.047,NA,NA,2,SAMP,NA,NA,NA,NA,NA,NA,2   NA   NA   NA,SAMP   NA   NA   NA
STTD_2002-06-19 10:05:00,6/19/2002 10:05,STTD,2002,D,FALSE,CLR,NA,NA,22.1,0.09,266,NA,NA,NA,NA,30,Regular,555338,576044,20706,20706,63.60027983,63.60027983,NA,3x zoop meter,NA,Aquatic Insects,34,Family,Chironomidae,Chironomidae,NA,6,0.094,0.094,NA,NA,2,SAMP,NA,NA,NA,NA,NA,NA,2   NA   NA   NA,SAMP   NA   NA   NA
STTD_2002-06-19 10:05:00,6/19/2002 10:05,STTD,2002,D,FALSE,CLR,NA,NA,22.1,0.09,266,NA,NA,NA,NA,30,Regular,555338,576044,20706,20706,63.60027983,63.60027983,NA,3x zoop meter,NA,Terrestrial Non-Insects,58,Suborder,Araneida,Araneida,NA,1,0.016,0.016,NA,NA,2,SAMP,NA,NA,NA,NA,NA,NA,2   NA   NA   NA,SAMP   NA   NA   NA
STTD_2002-06-19 10:05:00,6/19/2002 10:05,STTD,2002,D,FALSE,CLR,NA,NA,22.1,0.09,266,NA,NA,NA,NA,30,Regular,555338,576044,20706,20706,63.60027983,63.60027983,NA,3x zoop meter,NA,Terrestrial Non-Insects,68,Order,Collembola,Collembola,NA,2,0.031,0.031,NA,NA,2,SAMP,NA,NA,NA,NA,NA,NA,2   NA   NA   NA,SAMP   NA   NA   NA
STTD_2002-06-19 10:05:00,6/19/2002 10:05,STTD,2002,D,FALSE,CLR,NA,NA,22.1,0.09,266,NA,NA,NA,NA,30,Regular,555338,576044,20706,20706,63.60027983,63.60027983,NA,3x zoop meter,NA,Terrestrial Insects,71,Order,Hemiptera,Hemiptera,NA,1,0.016,0.016,NA,NA,2,SAMP,NA,NA,NA,NA,NA,NA,2   NA   NA   NA,SAMP   NA   NA   NA
STTD_2002-06-19 10:05:00,6/19/2002 10:05,STTD,2002,D,FALSE,CLR,NA,NA,22.1,0.09,266,NA,NA,NA,NA,30,Regular,555338,576044,20706,20706,63.60027983,63.60027983,NA,3x zoop meter,NA,Terrestrial Insects,64,Order,Diptera,Diptera,NA,12,0.189,0.189,NA,NA,2,SAMP,NA,NA,NA,NA,NA,NA,2   NA   NA   NA,SAMP   NA   NA   NA
SHR_2003-01-03 08:52:00,1/3/2003 8:52,SHR,2003,A,TRUE,CLR,NA,NA,NA,NA,NA,NA,NA,NA,NA,10,Regular,572506,652188,79682,9123,244.7501931,28.02208794,NA,NA,NA,Aquatic Non-Insects,9,Family,Corophiidae,Corophiidae,NA,6,0.025,0.214,NA,NA,NA,NA,NA,NA,3,FM,NA,NA,NA   NA   3   NA,NA   NA   FM   NA
SHR_2003-01-03 08:52:00,1/3/2003 8:52,SHR,2003,A,TRUE,CLR,NA,NA,NA,NA,NA,NA,NA,NA,NA,10,Regular,572506,652188,79682,9123,244.7501931,28.02208794,NA,NA,NA,Aquatic Insects,44,Family,Corixidae,Corixidae,NA,6,0.025,0.214,NA,NA,NA,NA,NA,NA,3,FM,NA,NA,NA   NA   3   NA,NA   NA   FM   NA
SHR_2003-01-03 08:52:00,1/3/2003 8:52,SHR,2003,A,TRUE,CLR,NA,NA,NA,NA,NA,NA,NA,NA,NA,10,Regular,572506,652188,79682,9123,244.7501931,28.02208794,NA,NA,NA,Aquatic Insects,34,Family,Chironomidae,Chironomidae,NA,3,0.012,0.107,NA,NA,NA,NA,NA,NA,3,FM,NA,NA,NA   NA   3   NA,NA   NA   FM   NA
SHR_2003-01-03 08:52:00,1/3/2003 8:52,SHR,2003,A,TRUE,CLR,NA,NA,NA,NA,NA,NA,NA,NA,NA,10,Regular,572506,652188,79682,9123,244.7501931,28.02208794,NA,NA,NA,Aquatic Insects,49,Family,Culicidae,Culicidae,NA,1,0.004,0.036,NA,NA,NA,NA,NA,NA,3,FM,NA,NA,NA   NA   3   NA,NA   NA   FM   NA
SHR_2003-01-03 08:52:00,1/3/2003 8:52,SHR,2003,A,TRUE,CLR,NA,NA,NA,NA,NA,NA,NA,NA,NA,10,Regular,572506,652188,79682,9123,244.7501931,28.02208794,NA,NA,NA,Terrestrial Insects,71,Order,Hemiptera,Hemiptera,NA,1,0.004,0.036,NA,NA,NA,NA,NA,NA,3,FM,NA,NA,NA   NA   3   NA,NA   NA   FM   NA
SHR_2003-01-03 08:52:00,1/3/2003 8:52,SHR,2003,A,TRUE,CLR,NA,NA,NA,NA,NA,NA,NA,NA,NA,10,Regular,572506,652188,79682,9123,244.7501931,28.02208794,NA,NA,NA,Terrestrial Insects,63,Order,Coleoptera,Coleoptera,NA,2,0.008,0.071,NA,NA,NA,NA,NA,NA,3,FM,NA,NA,NA   NA   3   NA,NA   NA   FM   NA
SHR_2003-01-03 08:52:00,1/3/2003 8:52,SHR,2003,A,TRUE,CLR,NA,NA,NA,NA,NA,NA,NA,NA,NA,10,Regular,572506,652188,79682,9123,244.7501931,28.02208794,NA,NA,NA,Terrestrial Insects,66,Order,Hymenoptera,Hymenoptera,NA,42,0.172,1.499,NA,NA,NA,NA,NA,NA,3,FM,NA,NA,NA   NA   3   NA,NA   NA   FM   NA
STTD_2003-01-03 11:34:00,1/3/2003 11:34,STTD,2003,A,TRUE,CLR,NA,NA,NA,NA,NA,NA,NA,NA,NA,4,Regular,572524,585424,12900,12900,39.62347193,39.62347193,NA,High Flow/much debris,NA,Aquatic Non-Insects,25,Family,Tetrastemmatidae,Tetrastemmatidae,NA,1,0.025,0.025,NA,NA,1,SAMP,NA,NA,NA,NA,NA,NA,1   NA   NA   NA,SAMP   NA   NA   NA
STTD_2003-01-03 11:34:00,1/3/2003 11:34,STTD,2003,A,TRUE,CLR,NA,NA,NA,NA,NA,NA,NA,NA,NA,4,Regular,572524,585424,12900,12900,39.62347193,39.62347193,NA,High Flow/much debris,NA,Aquatic Non-Insects,2,Family,Enchytraeidae,Enchytraeidae,NA,3,0.076,0.076,NA,NA,1,SAMP,NA,NA,NA,NA,NA,NA,1   NA   NA   NA,SAMP   NA   NA   NA
STTD_2003-01-03 11:34:00,1/3/2003 11:34,STTD,2003,A,TRUE,CLR,NA,NA,NA,NA,NA,NA,NA,NA,NA,4,Regular,572524,585424,12900,12900,39.62347193,39.62347193,NA,High Flow/much debris,NA,Aquatic Non-Insects,4,Family,Naididae,Naididae,NA,5,0.126,0.126,NA,NA,1,SAMP,NA,NA,NA,NA,NA,NA,1   NA   NA   NA,SAMP   NA   NA   NA
STTD_2003-01-03 11:34:00,1/3/2003 11:34,STTD,2003,A,TRUE,CLR,NA,NA,NA,NA,NA,NA,NA,NA,NA,4,Regular,572524,585424,12900,12900,39.62347193,39.62347193,NA,High Flow/much debris,NA,Aquatic Non-Insects,9,Family,Corophiidae,Corophiidae,NA,1,0.025,0.025,NA,NA,1,SAMP,NA,NA,NA,NA,NA,NA,1   NA   NA   NA,SAMP   NA   NA   NA
STTD_2003-01-03 11:34:00,1/3/2003 11:34,STTD,2003,A,TRUE,CLR,NA,NA,NA,NA,NA,NA,NA,NA,NA,4,Regular,572524,585424,12900,12900,39.62347193,39.62347193,NA,High Flow/much debris,NA,Aquatic Non-Insects,10,Family,Crangonyctidae,Crangonyctidae,NA,3,0.076,0.076,NA,NA,1,SAMP,NA,NA,NA,NA,NA,NA,1   NA   NA   NA,SAMP   NA   NA   NA
STTD_2003-01-03 11:34:00,1/3/2003 11:34,STTD,2003,A,TRUE,CLR,NA,NA,NA,NA,NA,NA,NA,NA,NA,4,Regular,572524,585424,12900,12900,39.62347193,39.62347193,NA,High Flow/much debris,NA,Aquatic Non-Insects,15,Family,Hyalellidae,Hyalellidae,NA,1,0.025,0.025,NA,NA,1,SAMP,NA,NA,NA,NA,NA,NA,1   NA   NA   NA,SAMP   NA   NA   NA
STTD_2003-01-03 11:34:00,1/3/2003 11:34,STTD,2003,A,TRUE,CLR,NA,NA,NA,NA,NA,NA,NA,NA,NA,4,Regular,572524,585424,12900,12900,39.62347193,39.62347193,NA,High Flow/much debris,NA,Aquatic Non-Insects,20,Family,Physidae,Physidae,NA,208,5.249,5.249,NA,NA,1,SAMP,NA,NA,NA,NA,NA,NA,1   NA   NA   NA,SAMP   NA   NA   NA
STTD_2003-01-03 11:34:00,1/3/2003 11:34,STTD,2003,A,TRUE,CLR,NA,NA,NA,NA,NA,NA,NA,NA,NA,4,Regular,572524,585424,12900,12900,39.62347193,39.62347193,NA,High Flow/much debris,NA,Aquatic Non-Insects,19,Family,Corbiculidae,Corbiculidae,NA,1,0.025,0.025,NA,NA,1,SAMP,NA,NA,NA,NA,NA,NA,1   NA   NA   NA,SAMP   NA   NA   NA
STTD_2003-01-03 11:34:00,1/3/2003 11:34,STTD,2003,A,TRUE,CLR,NA,NA,NA,NA,NA,NA,NA,NA,NA,4,Regular,572524,585424,12900,12900,39.62347193,39.62347193,NA,High Flow/much debris,NA,Aquatic Insects,44,Family,Corixidae,Corixidae,NA,146,3.685,3.685,NA,NA,1,SAMP,NA,NA,NA,NA,NA,NA,1   NA   NA   NA,SAMP   NA   NA   NA
STTD_2003-01-03 11:34:00,1/3/2003 11:34,STTD,2003,A,TRUE,CLR,NA,NA,NA,NA,NA,NA,NA,NA,NA,4,Regular,572524,585424,12900,12900,39.62347193,39.62347193,NA,High Flow/much debris,NA,Aquatic Insects,45,Family,Notonectidae,Notonectidae,NA,3,0.076,0.076,NA,NA,1,SAMP,NA,NA,NA,NA,NA,NA,1   NA   NA   NA,SAMP   NA   NA   NA
STTD_2003-01-03 11:34:00,1/3/2003 11:34,STTD,2003,A,TRUE,CLR,NA,NA,NA,NA,NA,NA,NA,NA,NA,4,Regular,572524,585424,12900,12900,39.62347193,39.62347193,NA,High Flow/much debris,NA,Aquatic Insects,30,Family,Dytiscidae,Dytiscidae,NA,90,2.271,2.271,NA,NA,1,SAMP,NA,NA,NA,NA,NA,NA,1   NA   NA   NA,SAMP   NA   NA   NA
STTD_2003-01-03 11:34:00,1/3/2003 11:34,STTD,2003,A,TRUE,CLR,NA,NA,NA,NA,NA,NA,NA,NA,NA,4,Regular,572524,585424,12900,12900,39.62347193,39.62347193,NA,High Flow/much debris,NA,Aquatic Insects,81,Family,Hydrophilidae,Hydrophilidae,NA,10,0.252,0.252,NA,NA,1,SAMP,NA,NA,NA,NA,NA,NA,1   NA   NA   NA,SAMP   NA   NA   NA
STTD_2003-01-03 11:34:00,1/3/2003 11:34,STTD,2003,A,TRUE,CLR,NA,NA,NA,NA,NA,NA,NA,NA,NA,4,Regular,572524,585424,12900,12900,39.62347193,39.62347193,NA,High Flow/much debris,NA,Aquatic Insects,52,Family,Hydraenidae,Hydraenidae,NA,6,0.151,0.151,NA,NA,1,SAMP,NA,NA,NA,NA,NA,NA,1   NA   NA   NA,SAMP   NA   NA   NA
STTD_2003-01-03 11:34:00,1/3/2003 11:34,STTD,2003,A,TRUE,CLR,NA,NA,NA,NA,NA,NA,NA,NA,NA,4,Regular,572524,585424,12900,12900,39.62347193,39.62347193,NA,High Flow/much debris,NA,Aquatic Insects,34,Family,Chironomidae,Chironomidae,NA,111,2.801,2.801,NA,NA,1,SAMP,NA,NA,NA,NA,NA,NA,1   NA   NA   NA,SAMP   NA   NA   NA
STTD_2003-01-03 11:34:00,1/3/2003 11:34,STTD,2003,A,TRUE,CLR,NA,NA,NA,NA,NA,NA,NA,NA,NA,4,Regular,572524,585424,12900,12900,39.62347193,39.62347193,NA,High Flow/much debris,NA,Aquatic Insects,49,Family,Culicidae,Culicidae,NA,27,0.681,0.681,NA,NA,1,SAMP,NA,NA,NA,NA,NA,NA,1   NA   NA   NA,SAMP   NA   NA   NA
STTD_2003-01-03 11:34:00,1/3/2003 11:34,STTD,2003,A,TRUE,CLR,NA,NA,NA,NA,NA,NA,NA,NA,NA,4,Regular,572524,585424,12900,12900,39.62347193,39.62347193,NA,High Flow/much debris,NA,Aquatic Insects,50,Family,Dixidae,Dixidae,NA,3,0.076,0.076,NA,NA,1,SAMP,NA,NA,NA,NA,NA,NA,1   NA   NA   NA,SAMP   NA   NA   NA
STTD_2003-01-03 11:34:00,1/3/2003 11:34,STTD,2003,A,TRUE,CLR,NA,NA,NA,NA,NA,NA,NA,NA,NA,4,Regular,572524,585424,12900,12900,39.62347193,39.62347193,NA,High Flow/much debris,NA,Aquatic Insects,109,Family,Syrphidae,Syrphidae,NA,1,0.025,0.025,NA,NA,1,SAMP,NA,NA,NA,NA,NA,NA,1   NA   NA   NA,SAMP   NA   NA   NA
STTD_2003-01-03 11:34:00,1/3/2003 11:34,STTD,2003,A,TRUE,CLR,NA,NA,NA,NA,NA,NA,NA,NA,NA,4,Regular,572524,585424,12900,12900,39.62347193,39.62347193,NA,High Flow/much debris,NA,Aquatic Insects,36,Family,Ephydridae,Ephydridae,NA,46,1.161,1.161,NA,NA,1,SAMP,NA,NA,NA,NA,NA,NA,1   NA   NA   NA,SAMP   NA   NA   NA
STTD_2003-01-03 11:34:00,1/3/2003 11:34,STTD,2003,A,TRUE,CLR,NA,NA,NA,NA,NA,NA,NA,NA,NA,4,Regular,572524,585424,12900,12900,39.62347193,39.62347193,NA,High Flow/much debris,NA,Terrestrial Non-Insects,100,Class,Chilopoda,Chilopoda,NA,3,0.076,0.076,NA,NA,1,SAMP,NA,NA,NA,NA,NA,NA,1   NA   NA   NA,SAMP   NA   NA   NA
STTD_2003-01-03 11:34:00,1/3/2003 11:34,STTD,2003,A,TRUE,CLR,NA,NA,NA,NA,NA,NA,NA,NA,NA,4,Regular,572524,585424,12900,12900,39.62347193,39.62347193,NA,High Flow/much debris,NA,Terrestrial Non-Insects,113,Class,Arachnida,Arachnid,NA,12,0.303,0.303,NA,NA,1,SAMP,NA,NA,NA,NA,NA,NA,1   NA   NA   NA,SAMP   NA   NA   NA
STTD_2003-01-03 11:34:00,1/3/2003 11:34,STTD,2003,A,TRUE,CLR,NA,NA,NA,NA,NA,NA,NA,NA,NA,4,Regular,572524,585424,12900,12900,39.62347193,39.62347193,NA,High Flow/much debris,NA,Terrestrial Insects,84,Order,Thysanura,Thysanura,NA,1,0.025,0.025,NA,NA,1,SAMP,NA,NA,NA,NA,NA,NA,1   NA   NA   NA,SAMP   NA   NA   NA
STTD_2003-01-03 11:34:00,1/3/2003 11:34,STTD,2003,A,TRUE,CLR,NA,NA,NA,NA,NA,NA,NA,NA,NA,4,Regular,572524,585424,12900,12900,39.62347193,39.62347193,NA,High Flow/much debris,NA,Terrestrial Non-Insects,68,Order,Collembola,Collembola,NA,32,0.808,0.808,NA,NA,1,SAMP,NA,NA,NA,NA,NA,NA,1   NA   NA   NA,SAMP   NA   NA   NA
STTD_2003-01-03 11:34:00,1/3/2003 11:34,STTD,2003,A,TRUE,CLR,NA,NA,NA,NA,NA,NA,NA,NA,NA,4,Regular,572524,585424,12900,12900,39.62347193,39.62347193,NA,High Flow/much debris,NA,Terrestrial Insects,108,Order,Orthoptera,Orthoptera,NA,1,0.025,0.025,NA,NA,1,SAMP,NA,NA,NA,NA,NA,NA,1   NA   NA   NA,SAMP   NA   NA   NA
STTD_2003-01-03 11:34:00,1/3/2003 11:34,STTD,2003,A,TRUE,CLR,NA,NA,NA,NA,NA,NA,NA,NA,NA,4,Regular,572524,585424,12900,12900,39.62347193,39.62347193,NA,High Flow/much debris,NA,Terrestrial Insects,67,Order,Psocoptera,Psocoptera,NA,1,0.025,0.025,NA,NA,1,SAMP,NA,NA,NA,NA,NA,NA,1   NA   NA   NA,SAMP   NA   NA   NA
STTD_2003-01-03 11:34:00,1/3/2003 11:34,STTD,2003,A,TRUE,CLR,NA,NA,NA,NA,NA,NA,NA,NA,NA,4,Regular,572524,585424,12900,12900,39.62347193,39.62347193,NA,High Flow/much debris,NA,Terrestrial Insects,71,Order,Hemiptera,Hemiptera,NA,3,0.076,0.076,NA,NA,1,SAMP,NA,NA,NA,NA,NA,NA,1   NA   NA   NA,SAMP   NA   NA   NA
STTD_2003-01-03 11:34:00,1/3/2003 11:34,STTD,2003,A,TRUE,CLR,NA,NA,NA,NA,NA,NA,NA,NA,NA,4,Regular,572524,585424,12900,12900,39.62347193,39.62347193,NA,High Flow/much debris,NA,Terrestrial Insects,63,Order,Coleoptera,Coleoptera,NA,381,9.616,9.616,NA,NA,1,SAMP,NA,NA,NA,NA,NA,NA,1   NA   NA   NA,SAMP   NA   NA   NA
STTD_2003-01-03 11:34:00,1/3/2003 11:34,STTD,2003,A,TRUE,CLR,NA,NA,NA,NA,NA,NA,NA,NA,NA,4,Regular,572524,585424,12900,12900,39.62347193,39.62347193,NA,High Flow/much debris,NA,Terrestrial Insects,73,Order,Lepidoptera,Lepidoptera,NA,1,0.025,0.025,NA,NA,1,SAMP,NA,NA,NA,NA,NA,NA,1   NA   NA   NA,SAMP   NA   NA   NA
STTD_2003-01-03 11:34:00,1/3/2003 11:34,STTD,2003,A,TRUE,CLR,NA,NA,NA,NA,NA,NA,NA,NA,NA,4,Regular,572524,585424,12900,12900,39.62347193,39.62347193,NA,High Flow/much debris,NA,Terrestrial Insects,64,Order,Diptera,Diptera,NA,3,0.076,0.076,NA,NA,1,SAMP,NA,NA,NA,NA,NA,NA,1   NA   NA   NA,SAMP   NA   NA   NA
STTD_2003-01-03 11:34:00,1/3/2003 11:34,STTD,2003,A,TRUE,CLR,NA,NA,NA,NA,NA,NA,NA,NA,NA,4,Regular,572524,585424,12900,12900,39.62347193,39.62347193,NA,High Flow/much debris,NA,Terrestrial Insects,66,Order,Hymenoptera,Hymenoptera,NA,29,0.732,0.732,NA,NA,1,SAMP,NA,NA,NA,NA,NA,NA,1   NA   NA   NA,SAMP   NA   NA   NA
SHR_2003-01-07 10:00:00,1/7/2003 10:00,SHR,2003,A,TRUE,FOG,NA,NA,9.9,0.2,152,NA,NA,NA,NA,10,Regular,585609,589957,4348,4348,13.35526015,13.35526015,NA,NA,NA,Aquatic Non-Insects,24,Family,Mermithidae,Mermithidae,NA,1,0.075,0.075,NA,NA,NA,NA,NA,NA,NA,NA,NA,NA,NA   NA   NA   NA,NA   NA   NA   NA
SHR_2003-01-07 10:00:00,1/7/2003 10:00,SHR,2003,A,TRUE,FOG,NA,NA,9.9,0.2,152,NA,NA,NA,NA,10,Regular,585609,589957,4348,4348,13.35526015,13.35526015,NA,NA,NA,Aquatic Non-Insects,2,Family,Enchytraeidae,Enchytraeidae,NA,2,0.15,0.15,NA,NA,NA,NA,NA,NA,NA,NA,NA,NA,NA   NA   NA   NA,NA   NA   NA   NA
SHR_2003-01-07 10:00:00,1/7/2003 10:00,SHR,2003,A,TRUE,FOG,NA,NA,9.9,0.2,152,NA,NA,NA,NA,10,Regular,585609,589957,4348,4348,13.35526015,13.35526015,NA,NA,NA,Aquatic Non-Insects,4,Family,Naididae,Naididae,NA,5,0.374,0.374,NA,NA,NA,NA,NA,NA,NA,NA,NA,NA,NA   NA   NA   NA,NA   NA   NA   NA
SHR_2003-01-07 10:00:00,1/7/2003 10:00,SHR,2003,A,TRUE,FOG,NA,NA,9.9,0.2,152,NA,NA,NA,NA,10,Regular,585609,589957,4348,4348,13.35526015,13.35526015,NA,NA,NA,Aquatic Non-Insects,9,Family,Corophiidae,Corophiidae,NA,1,0.075,0.075,NA,NA,NA,NA,NA,NA,NA,NA,NA,NA,NA   NA   NA   NA,NA   NA   NA   NA
SHR_2003-01-07 10:00:00,1/7/2003 10:00,SHR,2003,A,TRUE,FOG,NA,NA,9.9,0.2,152,NA,NA,NA,NA,10,Regular,585609,589957,4348,4348,13.35526015,13.35526015,NA,NA,NA,Aquatic Insects,41,Family,Baetidae,Baetidae,NA,2,0.15,0.15,NA,NA,NA,NA,NA,NA,NA,NA,NA,NA,NA   NA   NA   NA,NA   NA   NA   NA
SHR_2003-01-07 10:00:00,1/7/2003 10:00,SHR,2003,A,TRUE,FOG,NA,NA,9.9,0.2,152,NA,NA,NA,NA,10,Regular,585609,589957,4348,4348,13.35526015,13.35526015,NA,NA,NA,Aquatic Insects,46,Family,Coenagrionidae,Coenagrionidae,NA,1,0.075,0.075,NA,NA,NA,NA,NA,NA,NA,NA,NA,NA,NA   NA   NA   NA,NA   NA   NA   NA
SHR_2003-01-07 10:00:00,1/7/2003 10:00,SHR,2003,A,TRUE,FOG,NA,NA,9.9,0.2,152,NA,NA,NA,NA,10,Regular,585609,589957,4348,4348,13.35526015,13.35526015,NA,NA,NA,Aquatic Insects,30,Family,Dytiscidae,Dytiscidae,NA,1,0.075,0.075,NA,NA,NA,NA,NA,NA,NA,NA,NA,NA,NA   NA   NA   NA,NA   NA   NA   NA
SHR_2003-01-07 10:00:00,1/7/2003 10:00,SHR,2003,A,TRUE,FOG,NA,NA,9.9,0.2,152,NA,NA,NA,NA,10,Regular,585609,589957,4348,4348,13.35526015,13.35526015,NA,NA,NA,Aquatic Insects,34,Family,Chironomidae,Chironomidae,NA,1,0.075,0.075,NA,NA,NA,NA,NA,NA,NA,NA,NA,NA,NA   NA   NA   NA,NA   NA   NA   NA
SHR_2003-01-07 10:00:00,1/7/2003 10:00,SHR,2003,A,TRUE,FOG,NA,NA,9.9,0.2,152,NA,NA,NA,NA,10,Regular,585609,589957,4348,4348,13.35526015,13.35526015,NA,NA,NA,Terrestrial Non-Insects,113,Class,Arachnida,Arachnid,NA,1,0.075,0.075,NA,NA,NA,NA,NA,NA,NA,NA,NA,NA,NA   NA   NA   NA,NA   NA   NA   NA
SHR_2003-01-07 10:00:00,1/7/2003 10:00,SHR,2003,A,TRUE,FOG,NA,NA,9.9,0.2,152,NA,NA,NA,NA,10,Regular,585609,589957,4348,4348,13.35526015,13.35526015,NA,NA,NA,Terrestrial Insects,63,Order,Coleoptera,Coleoptera,NA,2,0.15,0.15,NA,NA,NA,NA,NA,NA,NA,NA,NA,NA,NA   NA   NA   NA,NA   NA   NA   NA
SHR_2003-01-07 10:00:00,1/7/2003 10:00,SHR,2003,A,TRUE,FOG,NA,NA,9.9,0.2,152,NA,NA,NA,NA,10,Regular,585609,589957,4348,4348,13.35526015,13.35526015,NA,NA,NA,Terrestrial Insects,66,Order,Hymenoptera,Hymenoptera,NA,7,0.524,0.524,NA,NA,NA,NA,NA,NA,NA,NA,NA,NA,NA   NA   NA   NA,NA   NA   NA   NA
STTD_2003-01-07 12:00:00,1/7/2003 12:00,STTD,2003,A,TRUE,FOG,NA,NA,10,0.17,252,NA,NA,NA,NA,10,Regular,589971,619771,29800,29800,91.53329175,91.53329175,NA,NA,NA,Aquatic Non-Insects,14,Family,Cyprididae,Cyprididae,NA,1,0.011,0.011,NA,NA,NA,NA,NA,NA,NA,NA,NA,NA,NA   NA   NA   NA,NA   NA   NA   NA
STTD_2003-01-07 12:00:00,1/7/2003 12:00,STTD,2003,A,TRUE,FOG,NA,NA,10,0.17,252,NA,NA,NA,NA,10,Regular,589971,619771,29800,29800,91.53329175,91.53329175,NA,NA,NA,Aquatic Non-Insects,9,Family,Corophiidae,Corophiidae,NA,1,0.011,0.011,NA,NA,NA,NA,NA,NA,NA,NA,NA,NA,NA   NA   NA   NA,NA   NA   NA   NA
STTD_2003-01-07 12:00:00,1/7/2003 12:00,STTD,2003,A,TRUE,FOG,NA,NA,10,0.17,252,NA,NA,NA,NA,10,Regular,589971,619771,29800,29800,91.53329175,91.53329175,NA,NA,NA,Aquatic Non-Insects,20,Family,Physidae,Physidae,NA,247,2.698,2.698,NA,NA,NA,NA,NA,NA,NA,NA,NA,NA,NA   NA   NA   NA,NA   NA   NA   NA
STTD_2003-01-07 12:00:00,1/7/2003 12:00,STTD,2003,A,TRUE,FOG,NA,NA,10,0.17,252,NA,NA,NA,NA,10,Regular,589971,619771,29800,29800,91.53329175,91.53329175,NA,NA,NA,Aquatic Non-Insects,21,Family,Planorbidae,Planorbidae,NA,3,0.033,0.033,NA,NA,NA,NA,NA,NA,NA,NA,NA,NA,NA   NA   NA   NA,NA   NA   NA   NA
STTD_2003-01-07 12:00:00,1/7/2003 12:00,STTD,2003,A,TRUE,FOG,NA,NA,10,0.17,252,NA,NA,NA,NA,10,Regular,589971,619771,29800,29800,91.53329175,91.53329175,NA,NA,NA,Aquatic Insects,46,Family,Coenagrionidae,Coenagrionidae,NA,2,0.022,0.022,NA,NA,NA,NA,NA,NA,NA,NA,NA,NA,NA   NA   NA   NA,NA   NA   NA   NA
STTD_2003-01-07 12:00:00,1/7/2003 12:00,STTD,2003,A,TRUE,FOG,NA,NA,10,0.17,252,NA,NA,NA,NA,10,Regular,589971,619771,29800,29800,91.53329175,91.53329175,NA,NA,NA,Aquatic Insects,111,Family,Belostomatidae,Belostomatidae,NA,1,0.011,0.011,NA,NA,NA,NA,NA,NA,NA,NA,NA,NA,NA   NA   NA   NA,NA   NA   NA   NA
STTD_2003-01-07 12:00:00,1/7/2003 12:00,STTD,2003,A,TRUE,FOG,NA,NA,10,0.17,252,NA,NA,NA,NA,10,Regular,589971,619771,29800,29800,91.53329175,91.53329175,NA,NA,NA,Aquatic Insects,44,Family,Corixidae,Corixidae,NA,46,0.503,0.503,NA,NA,NA,NA,NA,NA,NA,NA,NA,NA,NA   NA   NA   NA,NA   NA   NA   NA
STTD_2003-01-07 12:00:00,1/7/2003 12:00,STTD,2003,A,TRUE,FOG,NA,NA,10,0.17,252,NA,NA,NA,NA,10,Regular,589971,619771,29800,29800,91.53329175,91.53329175,NA,NA,NA,Aquatic Insects,30,Family,Dytiscidae,Dytiscidae,NA,59,0.645,0.645,NA,NA,NA,NA,NA,NA,NA,NA,NA,NA,NA   NA   NA   NA,NA   NA   NA   NA
STTD_2003-01-07 12:00:00,1/7/2003 12:00,STTD,2003,A,TRUE,FOG,NA,NA,10,0.17,252,NA,NA,NA,NA,10,Regular,589971,619771,29800,29800,91.53329175,91.53329175,NA,NA,NA,Aquatic Insects,81,Family,Hydrophilidae,Hydrophilidae,NA,4,0.044,0.044,NA,NA,NA,NA,NA,NA,NA,NA,NA,NA,NA   NA   NA   NA,NA   NA   NA   NA
STTD_2003-01-07 12:00:00,1/7/2003 12:00,STTD,2003,A,TRUE,FOG,NA,NA,10,0.17,252,NA,NA,NA,NA,10,Regular,589971,619771,29800,29800,91.53329175,91.53329175,NA,NA,NA,Aquatic Insects,52,Family,Hydraenidae,Hydraenidae,NA,1,0.011,0.011,NA,NA,NA,NA,NA,NA,NA,NA,NA,NA,NA   NA   NA   NA,NA   NA   NA   NA
STTD_2003-01-07 12:00:00,1/7/2003 12:00,STTD,2003,A,TRUE,FOG,NA,NA,10,0.17,252,NA,NA,NA,NA,10,Regular,589971,619771,29800,29800,91.53329175,91.53329175,NA,NA,NA,Aquatic Insects,32,Family,Ceratopogonidae,Ceratopogonidae,NA,1,0.011,0.011,NA,NA,NA,NA,NA,NA,NA,NA,NA,NA,NA   NA   NA   NA,NA   NA   NA   NA
STTD_2003-01-07 12:00:00,1/7/2003 12:00,STTD,2003,A,TRUE,FOG,NA,NA,10,0.17,252,NA,NA,NA,NA,10,Regular,589971,619771,29800,29800,91.53329175,91.53329175,NA,NA,NA,Aquatic Insects,34,Family,Chironomidae,Chironomidae,NA,663,7.243,7.243,NA,NA,NA,NA,NA,NA,NA,NA,NA,NA,NA   NA   NA   NA,NA   NA   NA   NA
STTD_2003-01-07 12:00:00,1/7/2003 12:00,STTD,2003,A,TRUE,FOG,NA,NA,10,0.17,252,NA,NA,NA,NA,10,Regular,589971,619771,29800,29800,91.53329175,91.53329175,NA,NA,NA,Aquatic Insects,49,Family,Culicidae,Culicidae,NA,24,0.262,0.262,NA,NA,NA,NA,NA,NA,NA,NA,NA,NA,NA   NA   NA   NA,NA   NA   NA   NA
STTD_2003-01-07 12:00:00,1/7/2003 12:00,STTD,2003,A,TRUE,FOG,NA,NA,10,0.17,252,NA,NA,NA,NA,10,Regular,589971,619771,29800,29800,91.53329175,91.53329175,NA,NA,NA,Aquatic Insects,109,Family,Syrphidae,Syrphidae,NA,2,0.022,0.022,NA,NA,NA,NA,NA,NA,NA,NA,NA,NA,NA   NA   NA   NA,NA   NA   NA   NA
STTD_2003-01-07 12:00:00,1/7/2003 12:00,STTD,2003,A,TRUE,FOG,NA,NA,10,0.17,252,NA,NA,NA,NA,10,Regular,589971,619771,29800,29800,91.53329175,91.53329175,NA,NA,NA,Aquatic Insects,36,Family,Ephydridae,Ephydridae,NA,3,0.033,0.033,NA,NA,NA,NA,NA,NA,NA,NA,NA,NA,NA   NA   NA   NA,NA   NA   NA   NA
STTD_2003-01-07 12:00:00,1/7/2003 12:00,STTD,2003,A,TRUE,FOG,NA,NA,10,0.17,252,NA,NA,NA,NA,10,Regular,589971,619771,29800,29800,91.53329175,91.53329175,NA,NA,NA,Terrestrial Non-Insects,113,Class,Arachnida,Arachnid,NA,11,0.12,0.12,NA,NA,NA,NA,NA,NA,NA,NA,NA,NA,NA   NA   NA   NA,NA   NA   NA   NA
STTD_2003-01-07 12:00:00,1/7/2003 12:00,STTD,2003,A,TRUE,FOG,NA,NA,10,0.17,252,NA,NA,NA,NA,10,Regular,589971,619771,29800,29800,91.53329175,91.53329175,NA,NA,NA,Terrestrial Non-Insects,68,Order,Collembola,Collembola,NA,2,0.022,0.022,NA,NA,NA,NA,NA,NA,NA,NA,NA,NA,NA   NA   NA   NA,NA   NA   NA   NA
STTD_2003-01-07 12:00:00,1/7/2003 12:00,STTD,2003,A,TRUE,FOG,NA,NA,10,0.17,252,NA,NA,NA,NA,10,Regular,589971,619771,29800,29800,91.53329175,91.53329175,NA,NA,NA,Terrestrial Insects,71,Order,Hemiptera,Hemiptera,NA,2,0.022,0.022,NA,NA,NA,NA,NA,NA,NA,NA,NA,NA,NA   NA   NA   NA,NA   NA   NA   NA
STTD_2003-01-07 12:00:00,1/7/2003 12:00,STTD,2003,A,TRUE,FOG,NA,NA,10,0.17,252,NA,NA,NA,NA,10,Regular,589971,619771,29800,29800,91.53329175,91.53329175,NA,NA,NA,Terrestrial Insects,63,Order,Coleoptera,Coleoptera,NA,30,0.328,0.328,NA,NA,NA,NA,NA,NA,NA,NA,NA,NA,NA   NA   NA   NA,NA   NA   NA   NA
STTD_2003-01-07 12:00:00,1/7/2003 12:00,STTD,2003,A,TRUE,FOG,NA,NA,10,0.17,252,NA,NA,NA,NA,10,Regular,589971,619771,29800,29800,91.53329175,91.53329175,NA,NA,NA,Terrestrial Insects,73,Order,Lepidoptera,Lepidoptera,NA,2,0.022,0.022,NA,NA,NA,NA,NA,NA,NA,NA,NA,NA,NA   NA   NA   NA,NA   NA   NA   NA
STTD_2003-01-07 12:00:00,1/7/2003 12:00,STTD,2003,A,TRUE,FOG,NA,NA,10,0.17,252,NA,NA,NA,NA,10,Regular,589971,619771,29800,29800,91.53329175,91.53329175,NA,NA,NA,Terrestrial Insects,66,Order,Hymenoptera,Hymenoptera,NA,6,0.066,0.066,NA,NA,NA,NA,NA,NA,NA,NA,NA,NA,NA   NA   NA   NA,NA   NA   NA   NA
SHR_2003-01-13 09:15:00,1/13/2003 9:15,SHR,2003,A,TRUE,CLR,NA,NA,10.8,0.13,139,NA,NA,NA,NA,15,Regular,490385,503688,13303,13303,40.86132148,40.86132148,NA,NA,NA,Aquatic Non-Insects,20,Family,Physidae,Physidae,NA,1,0.024,0.024,NA,NA,NA,NA,NA,NA,NA,NA,NA,NA,NA   NA   NA   NA,NA   NA   NA   NA
SHR_2003-01-13 09:15:00,1/13/2003 9:15,SHR,2003,A,TRUE,CLR,NA,NA,10.8,0.13,139,NA,NA,NA,NA,15,Regular,490385,503688,13303,13303,40.86132148,40.86132148,NA,NA,NA,Aquatic Insects,41,Family,Baetidae,Baetidae,NA,1,0.024,0.024,NA,NA,NA,NA,NA,NA,NA,NA,NA,NA,NA   NA   NA   NA,NA   NA   NA   NA
SHR_2003-01-13 09:15:00,1/13/2003 9:15,SHR,2003,A,TRUE,CLR,NA,NA,10.8,0.13,139,NA,NA,NA,NA,15,Regular,490385,503688,13303,13303,40.86132148,40.86132148,NA,NA,NA,Aquatic Insects,46,Family,Coenagrionidae,Coenagrionidae,NA,2,0.049,0.049,NA,NA,NA,NA,NA,NA,NA,NA,NA,NA,NA   NA   NA   NA,NA   NA   NA   NA
SHR_2003-01-13 09:15:00,1/13/2003 9:15,SHR,2003,A,TRUE,CLR,NA,NA,10.8,0.13,139,NA,NA,NA,NA,15,Regular,490385,503688,13303,13303,40.86132148,40.86132148,NA,NA,NA,Aquatic Insects,93,Family,Capniidae,Capniidae,NA,1,0.024,0.024,NA,NA,NA,NA,NA,NA,NA,NA,NA,NA,NA   NA   NA   NA,NA   NA   NA   NA
SHR_2003-01-13 09:15:00,1/13/2003 9:15,SHR,2003,A,TRUE,CLR,NA,NA,10.8,0.13,139,NA,NA,NA,NA,15,Regular,490385,503688,13303,13303,40.86132148,40.86132148,NA,NA,NA,Aquatic Insects,44,Family,Corixidae,Corixidae,NA,2,0.049,0.049,NA,NA,NA,NA,NA,NA,NA,NA,NA,NA,NA   NA   NA   NA,NA   NA   NA   NA
SHR_2003-01-13 09:15:00,1/13/2003 9:15,SHR,2003,A,TRUE,CLR,NA,NA,10.8,0.13,139,NA,NA,NA,NA,15,Regular,490385,503688,13303,13303,40.86132148,40.86132148,NA,NA,NA,Aquatic Insects,30,Family,Dytiscidae,Dytiscidae,NA,3,0.073,0.073,NA,NA,NA,NA,NA,NA,NA,NA,NA,NA,NA   NA   NA   NA,NA   NA   NA   NA
SHR_2003-01-13 09:15:00,1/13/2003 9:15,SHR,2003,A,TRUE,CLR,NA,NA,10.8,0.13,139,NA,NA,NA,NA,15,Regular,490385,503688,13303,13303,40.86132148,40.86132148,NA,NA,NA,Aquatic Insects,34,Family,Chironomidae,Chironomidae,NA,11,0.269,0.269,NA,NA,NA,NA,NA,NA,NA,NA,NA,NA,NA   NA   NA   NA,NA   NA   NA   NA
SHR_2003-01-13 09:15:00,1/13/2003 9:15,SHR,2003,A,TRUE,CLR,NA,NA,10.8,0.13,139,NA,NA,NA,NA,15,Regular,490385,503688,13303,13303,40.86132148,40.86132148,NA,NA,NA,Terrestrial Non-Insects,113,Class,Arachnida,Arachnid,NA,1,0.024,0.024,NA,NA,NA,NA,NA,NA,NA,NA,NA,NA,NA   NA   NA   NA,NA   NA   NA   NA
SHR_2003-01-13 09:15:00,1/13/2003 9:15,SHR,2003,A,TRUE,CLR,NA,NA,10.8,0.13,139,NA,NA,NA,NA,15,Regular,490385,503688,13303,13303,40.86132148,40.86132148,NA,NA,NA,Terrestrial Non-Insects,68,Order,Collembola,Collembola,NA,1,0.024,0.024,NA,NA,NA,NA,NA,NA,NA,NA,NA,NA,NA   NA   NA   NA,NA   NA   NA   NA
SHR_2003-01-13 09:15:00,1/13/2003 9:15,SHR,2003,A,TRUE,CLR,NA,NA,10.8,0.13,139,NA,NA,NA,NA,15,Regular,490385,503688,13303,13303,40.86132148,40.86132148,NA,NA,NA,Terrestrial Insects,63,Order,Coleoptera,Coleoptera,NA,2,0.049,0.049,NA,NA,NA,NA,NA,NA,NA,NA,NA,NA,NA   NA   NA   NA,NA   NA   NA   NA
SHR_2003-01-13 09:15:00,1/13/2003 9:15,SHR,2003,A,TRUE,CLR,NA,NA,10.8,0.13,139,NA,NA,NA,NA,15,Regular,490385,503688,13303,13303,40.86132148,40.86132148,NA,NA,NA,Terrestrial Insects,66,Order,Hymenoptera,Hymenoptera,NA,38,0.93,0.93,NA,NA,NA,NA,NA,NA,NA,NA,NA,NA,NA   NA   NA   NA,NA   NA   NA   NA
STTD_2003-01-13 12:00:00,1/13/2003 12:00,STTD,2003,A,TRUE,CLR,NA,NA,11.6,0.21,457,NA,NA,NA,NA,10,Regular,503690,652824,149134,13667,458.0780514,41.97937914,NA,NA,NA,Aquatic Non-Insects,14,Family,Cyprididae,Cyprididae,NA,2,0.004,0.048,NA,NA,NA,NA,NA,NA,3,FM,NA,NA,NA   NA   3   NA,NA   NA   FM   NA
STTD_2003-01-13 12:00:00,1/13/2003 12:00,STTD,2003,A,TRUE,CLR,NA,NA,11.6,0.21,457,NA,NA,NA,NA,10,Regular,503690,652824,149134,13667,458.0780514,41.97937914,NA,NA,NA,Aquatic Non-Insects,9,Family,Corophiidae,Corophiidae,NA,2,0.004,0.048,NA,NA,NA,NA,NA,NA,3,FM,NA,NA,NA   NA   3   NA,NA   NA   FM   NA
STTD_2003-01-13 12:00:00,1/13/2003 12:00,STTD,2003,A,TRUE,CLR,NA,NA,11.6,0.21,457,NA,NA,NA,NA,10,Regular,503690,652824,149134,13667,458.0780514,41.97937914,NA,NA,NA,Aquatic Non-Insects,15,Family,Hyalellidae,Hyalellidae,NA,7,0.015,0.167,NA,NA,NA,NA,NA,NA,3,FM,NA,NA,NA   NA   3   NA,NA   NA   FM   NA
STTD_2003-01-13 12:00:00,1/13/2003 12:00,STTD,2003,A,TRUE,CLR,NA,NA,11.6,0.21,457,NA,NA,NA,NA,10,Regular,503690,652824,149134,13667,458.0780514,41.97937914,NA,NA,NA,Aquatic Non-Insects,106,Family,Lymnaeidae,Lymnaeidae,NA,2,0.004,0.048,NA,NA,NA,NA,NA,NA,3,FM,NA,NA,NA   NA   3   NA,NA   NA   FM   NA
STTD_2003-01-13 12:00:00,1/13/2003 12:00,STTD,2003,A,TRUE,CLR,NA,NA,11.6,0.21,457,NA,NA,NA,NA,10,Regular,503690,652824,149134,13667,458.0780514,41.97937914,NA,NA,NA,Aquatic Non-Insects,20,Family,Physidae,Physidae,NA,209,0.456,4.979,NA,NA,NA,NA,NA,NA,3,FM,NA,NA,NA   NA   3   NA,NA   NA   FM   NA
STTD_2003-01-13 12:00:00,1/13/2003 12:00,STTD,2003,A,TRUE,CLR,NA,NA,11.6,0.21,457,NA,NA,NA,NA,10,Regular,503690,652824,149134,13667,458.0780514,41.97937914,NA,NA,NA,Aquatic Insects,46,Family,Coenagrionidae,Coenagrionidae,NA,2,0.004,0.048,NA,NA,NA,NA,NA,NA,3,FM,NA,NA,NA   NA   3   NA,NA   NA   FM   NA
STTD_2003-01-13 12:00:00,1/13/2003 12:00,STTD,2003,A,TRUE,CLR,NA,NA,11.6,0.21,457,NA,NA,NA,NA,10,Regular,503690,652824,149134,13667,458.0780514,41.97937914,NA,NA,NA,Aquatic Insects,111,Family,Belostomatidae,Belostomatidae,NA,55,0.12,1.31,NA,NA,NA,NA,NA,NA,3,FM,NA,NA,NA   NA   3   NA,NA   NA   FM   NA
STTD_2003-01-13 12:00:00,1/13/2003 12:00,STTD,2003,A,TRUE,CLR,NA,NA,11.6,0.21,457,NA,NA,NA,NA,10,Regular,503690,652824,149134,13667,458.0780514,41.97937914,NA,NA,NA,Aquatic Insects,45,Family,Notonectidae,Notonectidae,NA,1,0.002,0.024,NA,NA,NA,NA,NA,NA,3,FM,NA,NA,NA   NA   3   NA,NA   NA   FM   NA
STTD_2003-01-13 12:00:00,1/13/2003 12:00,STTD,2003,A,TRUE,CLR,NA,NA,11.6,0.21,457,NA,NA,NA,NA,10,Regular,503690,652824,149134,13667,458.0780514,41.97937914,NA,NA,NA,Aquatic Insects,30,Family,Dytiscidae,Dytiscidae,NA,109,0.238,2.597,NA,NA,NA,NA,NA,NA,3,FM,NA,NA,NA   NA   3   NA,NA   NA   FM   NA
STTD_2003-01-13 12:00:00,1/13/2003 12:00,STTD,2003,A,TRUE,CLR,NA,NA,11.6,0.21,457,NA,NA,NA,NA,10,Regular,503690,652824,149134,13667,458.0780514,41.97937914,NA,NA,NA,Aquatic Insects,31,Family,Helophoridae,Helophoridae,NA,2,0.004,0.048,NA,NA,NA,NA,NA,NA,3,FM,NA,NA,NA   NA   3   NA,NA   NA   FM   NA
STTD_2003-01-13 12:00:00,1/13/2003 12:00,STTD,2003,A,TRUE,CLR,NA,NA,11.6,0.21,457,NA,NA,NA,NA,10,Regular,503690,652824,149134,13667,458.0780514,41.97937914,NA,NA,NA,Aquatic Insects,81,Family,Hydrophilidae,Hydrophilidae,NA,8,0.017,0.191,NA,NA,NA,NA,NA,NA,3,FM,NA,NA,NA   NA   3   NA,NA   NA   FM   NA
STTD_2003-01-13 12:00:00,1/13/2003 12:00,STTD,2003,A,TRUE,CLR,NA,NA,11.6,0.21,457,NA,NA,NA,NA,10,Regular,503690,652824,149134,13667,458.0780514,41.97937914,NA,NA,NA,Aquatic Insects,34,Family,Chironomidae,Chironomidae,NA,357,0.779,8.504,NA,NA,NA,NA,NA,NA,3,FM,NA,NA,NA   NA   3   NA,NA   NA   FM   NA
STTD_2003-01-13 12:00:00,1/13/2003 12:00,STTD,2003,A,TRUE,CLR,NA,NA,11.6,0.21,457,NA,NA,NA,NA,10,Regular,503690,652824,149134,13667,458.0780514,41.97937914,NA,NA,NA,Aquatic Insects,36,Family,Ephydridae,Ephydridae,NA,34,0.074,0.81,NA,NA,NA,NA,NA,NA,3,FM,NA,NA,NA   NA   3   NA,NA   NA   FM   NA
STTD_2003-01-13 12:00:00,1/13/2003 12:00,STTD,2003,A,TRUE,CLR,NA,NA,11.6,0.21,457,NA,NA,NA,NA,10,Regular,503690,652824,149134,13667,458.0780514,41.97937914,NA,NA,NA,Aquatic Insects,54,Family,Sciomyzidae,Sciomyzidae,NA,3,0.007,0.071,NA,NA,NA,NA,NA,NA,3,FM,NA,NA,NA   NA   3   NA,NA   NA   FM   NA
STTD_2003-01-13 12:00:00,1/13/2003 12:00,STTD,2003,A,TRUE,CLR,NA,NA,11.6,0.21,457,NA,NA,NA,NA,10,Regular,503690,652824,149134,13667,458.0780514,41.97937914,NA,NA,NA,Terrestrial Non-Insects,100,Class,Chilopoda,Chilopoda,NA,1,0.002,0.024,NA,NA,NA,NA,NA,NA,3,FM,NA,NA,NA   NA   3   NA,NA   NA   FM   NA
STTD_2003-01-13 12:00:00,1/13/2003 12:00,STTD,2003,A,TRUE,CLR,NA,NA,11.6,0.21,457,NA,NA,NA,NA,10,Regular,503690,652824,149134,13667,458.0780514,41.97937914,NA,NA,NA,Terrestrial Non-Insects,113,Class,Arachnida,Arachnid,NA,18,0.039,0.429,NA,NA,NA,NA,NA,NA,3,FM,NA,NA,NA   NA   3   NA,NA   NA   FM   NA
STTD_2003-01-13 12:00:00,1/13/2003 12:00,STTD,2003,A,TRUE,CLR,NA,NA,11.6,0.21,457,NA,NA,NA,NA,10,Regular,503690,652824,149134,13667,458.0780514,41.97937914,NA,NA,NA,Terrestrial Non-Insects,68,Order,Collembola,Collembola,NA,1,0.002,0.024,NA,NA,NA,NA,NA,NA,3,FM,NA,NA,NA   NA   3   NA,NA   NA   FM   NA
STTD_2003-01-13 12:00:00,1/13/2003 12:00,STTD,2003,A,TRUE,CLR,NA,NA,11.6,0.21,457,NA,NA,NA,NA,10,Regular,503690,652824,149134,13667,458.0780514,41.97937914,NA,NA,NA,Terrestrial Insects,71,Order,Hemiptera,Hemiptera,NA,1,0.002,0.024,NA,NA,NA,NA,NA,NA,3,FM,NA,NA,NA   NA   3   NA,NA   NA   FM   NA
STTD_2003-01-13 12:00:00,1/13/2003 12:00,STTD,2003,A,TRUE,CLR,NA,NA,11.6,0.21,457,NA,NA,NA,NA,10,Regular,503690,652824,149134,13667,458.0780514,41.97937914,NA,NA,NA,Terrestrial Insects,63,Order,Coleoptera,Coleoptera,NA,28,0.061,0.667,NA,NA,NA,NA,NA,NA,3,FM,NA,NA,NA   NA   3   NA,NA   NA   FM   NA
STTD_2003-01-13 12:00:00,1/13/2003 12:00,STTD,2003,A,TRUE,CLR,NA,NA,11.6,0.21,457,NA,NA,NA,NA,10,Regular,503690,652824,149134,13667,458.0780514,41.97937914,NA,NA,NA,Terrestrial Insects,73,Order,Lepidoptera,Lepidoptera,NA,1,0.002,0.024,NA,NA,NA,NA,NA,NA,3,FM,NA,NA,NA   NA   3   NA,NA   NA   FM   NA
STTD_2003-01-13 12:00:00,1/13/2003 12:00,STTD,2003,A,TRUE,CLR,NA,NA,11.6,0.21,457,NA,NA,NA,NA,10,Regular,503690,652824,149134,13667,458.0780514,41.97937914,NA,NA,NA,Terrestrial Insects,66,Order,Hymenoptera,Hymenoptera,NA,8,0.017,0.191,NA,NA,NA,NA,NA,NA,3,FM,NA,NA,NA   NA   3   NA,NA   NA   FM   NA
SHR_2003-01-14 09:15:00,1/14/2003 9:15,SHR,2003,A,FALSE,FOG,NA,NA,11,0.18,137,NA,NA,NA,NA,15,Regular,527066,542542,15476,15476,47.53587997,47.53587997,NA,NA,NA,Aquatic Non-Insects,9,Family,Corophiidae,Corophiidae,NA,1,0.021,0.021,NA,NA,NA,NA,NA,NA,NA,NA,NA,NA,NA   NA   NA   NA,NA   NA   NA   NA
SHR_2003-01-14 09:15:00,1/14/2003 9:15,SHR,2003,A,FALSE,FOG,NA,NA,11,0.18,137,NA,NA,NA,NA,15,Regular,527066,542542,15476,15476,47.53587997,47.53587997,NA,NA,NA,Aquatic Insects,41,Family,Baetidae,Baetidae,NA,1,0.021,0.021,NA,NA,NA,NA,NA,NA,NA,NA,NA,NA,NA   NA   NA   NA,NA   NA   NA   NA
SHR_2003-01-14 09:15:00,1/14/2003 9:15,SHR,2003,A,FALSE,FOG,NA,NA,11,0.18,137,NA,NA,NA,NA,15,Regular,527066,542542,15476,15476,47.53587997,47.53587997,NA,NA,NA,Aquatic Insects,46,Family,Coenagrionidae,Coenagrionidae,NA,2,0.042,0.042,NA,NA,NA,NA,NA,NA,NA,NA,NA,NA,NA   NA   NA   NA,NA   NA   NA   NA
SHR_2003-01-14 09:15:00,1/14/2003 9:15,SHR,2003,A,FALSE,FOG,NA,NA,11,0.18,137,NA,NA,NA,NA,15,Regular,527066,542542,15476,15476,47.53587997,47.53587997,NA,NA,NA,Aquatic Insects,93,Family,Capniidae,Capniidae,NA,1,0.021,0.021,NA,NA,NA,NA,NA,NA,NA,NA,NA,NA,NA   NA   NA   NA,NA   NA   NA   NA
SHR_2003-01-14 09:15:00,1/14/2003 9:15,SHR,2003,A,FALSE,FOG,NA,NA,11,0.18,137,NA,NA,NA,NA,15,Regular,527066,542542,15476,15476,47.53587997,47.53587997,NA,NA,NA,Aquatic Insects,44,Family,Corixidae,Corixidae,NA,2,0.042,0.042,NA,NA,NA,NA,NA,NA,NA,NA,NA,NA,NA   NA   NA   NA,NA   NA   NA   NA
SHR_2003-01-14 09:15:00,1/14/2003 9:15,SHR,2003,A,FALSE,FOG,NA,NA,11,0.18,137,NA,NA,NA,NA,15,Regular,527066,542542,15476,15476,47.53587997,47.53587997,NA,NA,NA,Aquatic Insects,30,Family,Dytiscidae,Dytiscidae,NA,2,0.042,0.042,NA,NA,NA,NA,NA,NA,NA,NA,NA,NA,NA   NA   NA   NA,NA   NA   NA   NA
SHR_2003-01-14 09:15:00,1/14/2003 9:15,SHR,2003,A,FALSE,FOG,NA,NA,11,0.18,137,NA,NA,NA,NA,15,Regular,527066,542542,15476,15476,47.53587997,47.53587997,NA,NA,NA,Aquatic Insects,32,Family,Ceratopogonidae,Ceratopogonidae,NA,1,0.021,0.021,NA,NA,NA,NA,NA,NA,NA,NA,NA,NA,NA   NA   NA   NA,NA   NA   NA   NA
SHR_2003-01-14 09:15:00,1/14/2003 9:15,SHR,2003,A,FALSE,FOG,NA,NA,11,0.18,137,NA,NA,NA,NA,15,Regular,527066,542542,15476,15476,47.53587997,47.53587997,NA,NA,NA,Aquatic Insects,34,Family,Chironomidae,Chironomidae,NA,2,0.042,0.042,NA,NA,NA,NA,NA,NA,NA,NA,NA,NA,NA   NA   NA   NA,NA   NA   NA   NA
SHR_2003-01-14 09:15:00,1/14/2003 9:15,SHR,2003,A,FALSE,FOG,NA,NA,11,0.18,137,NA,NA,NA,NA,15,Regular,527066,542542,15476,15476,47.53587997,47.53587997,NA,NA,NA,Terrestrial Non-Insects,113,Class,Arachnida,Arachnid,NA,1,0.021,0.021,NA,NA,NA,NA,NA,NA,NA,NA,NA,NA,NA   NA   NA   NA,NA   NA   NA   NA
SHR_2003-01-14 09:15:00,1/14/2003 9:15,SHR,2003,A,FALSE,FOG,NA,NA,11,0.18,137,NA,NA,NA,NA,15,Regular,527066,542542,15476,15476,47.53587997,47.53587997,NA,NA,NA,Terrestrial Insects,71,Order,Hemiptera,Hemiptera,NA,1,0.021,0.021,NA,NA,NA,NA,NA,NA,NA,NA,NA,NA,NA   NA   NA   NA,NA   NA   NA   NA
SHR_2003-01-14 09:15:00,1/14/2003 9:15,SHR,2003,A,FALSE,FOG,NA,NA,11,0.18,137,NA,NA,NA,NA,15,Regular,527066,542542,15476,15476,47.53587997,47.53587997,NA,NA,NA,Terrestrial Insects,63,Order,Coleoptera,Coleoptera,NA,4,0.084,0.084,NA,NA,NA,NA,NA,NA,NA,NA,NA,NA,NA   NA   NA   NA,NA   NA   NA   NA
SHR_2003-01-14 09:15:00,1/14/2003 9:15,SHR,2003,A,FALSE,FOG,NA,NA,11,0.18,137,NA,NA,NA,NA,15,Regular,527066,542542,15476,15476,47.53587997,47.53587997,NA,NA,NA,Terrestrial Insects,66,Order,Hymenoptera,Hymenoptera,NA,35,0.736,0.736,NA,NA,NA,NA,NA,NA,NA,NA,NA,NA,NA   NA   NA   NA,NA   NA   NA   NA
STTD_2003-01-14 11:30:00,1/14/2003 11:30,STTD,2003,A,FALSE,FOG,NA,NA,12.2,0.17,469,NA,NA,NA,NA,15,Regular,542534,566103,23569,23569,72.39423333,72.39423333,NA,NA,NA,Aquatic Non-Insects,14,Family,Cyprididae,Cyprididae,NA,3,0.041,0.041,NA,NA,NA,NA,NA,NA,NA,NA,NA,NA,NA   NA   NA   NA,NA   NA   NA   NA
STTD_2003-01-14 11:30:00,1/14/2003 11:30,STTD,2003,A,FALSE,FOG,NA,NA,12.2,0.17,469,NA,NA,NA,NA,15,Regular,542534,566103,23569,23569,72.39423333,72.39423333,NA,NA,NA,Aquatic Non-Insects,9,Family,Corophiidae,Corophiidae,NA,1,0.014,0.014,NA,NA,NA,NA,NA,NA,NA,NA,NA,NA,NA   NA   NA   NA,NA   NA   NA   NA
STTD_2003-01-14 11:30:00,1/14/2003 11:30,STTD,2003,A,FALSE,FOG,NA,NA,12.2,0.17,469,NA,NA,NA,NA,15,Regular,542534,566103,23569,23569,72.39423333,72.39423333,NA,NA,NA,Aquatic Non-Insects,15,Family,Hyalellidae,Hyalellidae,NA,14,0.193,0.193,NA,NA,NA,NA,NA,NA,NA,NA,NA,NA,NA   NA   NA   NA,NA   NA   NA   NA
STTD_2003-01-14 11:30:00,1/14/2003 11:30,STTD,2003,A,FALSE,FOG,NA,NA,12.2,0.17,469,NA,NA,NA,NA,15,Regular,542534,566103,23569,23569,72.39423333,72.39423333,NA,NA,NA,Aquatic Non-Insects,106,Family,Lymnaeidae,Lymnaeidae,NA,4,0.055,0.055,NA,NA,NA,NA,NA,NA,NA,NA,NA,NA,NA   NA   NA   NA,NA   NA   NA   NA
STTD_2003-01-14 11:30:00,1/14/2003 11:30,STTD,2003,A,FALSE,FOG,NA,NA,12.2,0.17,469,NA,NA,NA,NA,15,Regular,542534,566103,23569,23569,72.39423333,72.39423333,NA,NA,NA,Aquatic Non-Insects,20,Family,Physidae,Physidae,NA,257,3.55,3.55,NA,NA,NA,NA,NA,NA,NA,NA,NA,NA,NA   NA   NA   NA,NA   NA   NA   NA
STTD_2003-01-14 11:30:00,1/14/2003 11:30,STTD,2003,A,FALSE,FOG,NA,NA,12.2,0.17,469,NA,NA,NA,NA,15,Regular,542534,566103,23569,23569,72.39423333,72.39423333,NA,NA,NA,Aquatic Non-Insects,21,Family,Planorbidae,Planorbidae,NA,1,0.014,0.014,NA,NA,NA,NA,NA,NA,NA,NA,NA,NA,NA   NA   NA   NA,NA   NA   NA   NA
STTD_2003-01-14 11:30:00,1/14/2003 11:30,STTD,2003,A,FALSE,FOG,NA,NA,12.2,0.17,469,NA,NA,NA,NA,15,Regular,542534,566103,23569,23569,72.39423333,72.39423333,NA,NA,NA,Aquatic Insects,46,Family,Coenagrionidae,Coenagrionidae,NA,1,0.014,0.014,NA,NA,NA,NA,NA,NA,NA,NA,NA,NA,NA   NA   NA   NA,NA   NA   NA   NA
STTD_2003-01-14 11:30:00,1/14/2003 11:30,STTD,2003,A,FALSE,FOG,NA,NA,12.2,0.17,469,NA,NA,NA,NA,15,Regular,542534,566103,23569,23569,72.39423333,72.39423333,NA,NA,NA,Aquatic Insects,44,Family,Corixidae,Corixidae,NA,139,1.92,1.92,NA,NA,NA,NA,NA,NA,NA,NA,NA,NA,NA   NA   NA   NA,NA   NA   NA   NA
STTD_2003-01-14 11:30:00,1/14/2003 11:30,STTD,2003,A,FALSE,FOG,NA,NA,12.2,0.17,469,NA,NA,NA,NA,15,Regular,542534,566103,23569,23569,72.39423333,72.39423333,NA,NA,NA,Aquatic Insects,45,Family,Notonectidae,Notonectidae,NA,1,0.014,0.014,NA,NA,NA,NA,NA,NA,NA,NA,NA,NA,NA   NA   NA   NA,NA   NA   NA   NA
STTD_2003-01-14 11:30:00,1/14/2003 11:30,STTD,2003,A,FALSE,FOG,NA,NA,12.2,0.17,469,NA,NA,NA,NA,15,Regular,542534,566103,23569,23569,72.39423333,72.39423333,NA,NA,NA,Aquatic Insects,30,Family,Dytiscidae,Dytiscidae,NA,66,0.912,0.912,NA,NA,NA,NA,NA,NA,NA,NA,NA,NA,NA   NA   NA   NA,NA   NA   NA   NA
STTD_2003-01-14 11:30:00,1/14/2003 11:30,STTD,2003,A,FALSE,FOG,NA,NA,12.2,0.17,469,NA,NA,NA,NA,15,Regular,542534,566103,23569,23569,72.39423333,72.39423333,NA,NA,NA,Aquatic Insects,81,Family,Hydrophilidae,Hydrophilidae,NA,3,0.041,0.041,NA,NA,NA,NA,NA,NA,NA,NA,NA,NA,NA   NA   NA   NA,NA   NA   NA   NA
STTD_2003-01-14 11:30:00,1/14/2003 11:30,STTD,2003,A,FALSE,FOG,NA,NA,12.2,0.17,469,NA,NA,NA,NA,15,Regular,542534,566103,23569,23569,72.39423333,72.39423333,NA,NA,NA,Aquatic Insects,34,Family,Chironomidae,Chironomidae,NA,526,7.266,7.266,NA,NA,NA,NA,NA,NA,NA,NA,NA,NA,NA   NA   NA   NA,NA   NA   NA   NA
STTD_2003-01-14 11:30:00,1/14/2003 11:30,STTD,2003,A,FALSE,FOG,NA,NA,12.2,0.17,469,NA,NA,NA,NA,15,Regular,542534,566103,23569,23569,72.39423333,72.39423333,NA,NA,NA,Aquatic Insects,49,Family,Culicidae,Culicidae,NA,1,0.014,0.014,NA,NA,NA,NA,NA,NA,NA,NA,NA,NA,NA   NA   NA   NA,NA   NA   NA   NA
STTD_2003-01-14 11:30:00,1/14/2003 11:30,STTD,2003,A,FALSE,FOG,NA,NA,12.2,0.17,469,NA,NA,NA,NA,15,Regular,542534,566103,23569,23569,72.39423333,72.39423333,NA,NA,NA,Aquatic Insects,36,Family,Ephydridae,Ephydridae,NA,130,1.796,1.796,NA,NA,NA,NA,NA,NA,NA,NA,NA,NA,NA   NA   NA   NA,NA   NA   NA   NA
STTD_2003-01-14 11:30:00,1/14/2003 11:30,STTD,2003,A,FALSE,FOG,NA,NA,12.2,0.17,469,NA,NA,NA,NA,15,Regular,542534,566103,23569,23569,72.39423333,72.39423333,NA,NA,NA,Aquatic Insects,54,Family,Sciomyzidae,Sciomyzidae,NA,1,0.014,0.014,NA,NA,NA,NA,NA,NA,NA,NA,NA,NA,NA   NA   NA   NA,NA   NA   NA   NA
STTD_2003-01-14 11:30:00,1/14/2003 11:30,STTD,2003,A,FALSE,FOG,NA,NA,12.2,0.17,469,NA,NA,NA,NA,15,Regular,542534,566103,23569,23569,72.39423333,72.39423333,NA,NA,NA,Terrestrial Non-Insects,100,Class,Chilopoda,Chilopoda,NA,2,0.028,0.028,NA,NA,NA,NA,NA,NA,NA,NA,NA,NA,NA   NA   NA   NA,NA   NA   NA   NA
STTD_2003-01-14 11:30:00,1/14/2003 11:30,STTD,2003,A,FALSE,FOG,NA,NA,12.2,0.17,469,NA,NA,NA,NA,15,Regular,542534,566103,23569,23569,72.39423333,72.39423333,NA,NA,NA,Terrestrial Non-Insects,113,Class,Arachnida,Arachnid,NA,7,0.097,0.097,NA,NA,NA,NA,NA,NA,NA,NA,NA,NA,NA   NA   NA   NA,NA   NA   NA   NA
STTD_2003-01-14 11:30:00,1/14/2003 11:30,STTD,2003,A,FALSE,FOG,NA,NA,12.2,0.17,469,NA,NA,NA,NA,15,Regular,542534,566103,23569,23569,72.39423333,72.39423333,NA,NA,NA,Terrestrial Non-Insects,68,Order,Collembola,Collembola,NA,6,0.083,0.083,NA,NA,NA,NA,NA,NA,NA,NA,NA,NA,NA   NA   NA   NA,NA   NA   NA   NA
STTD_2003-01-14 11:30:00,1/14/2003 11:30,STTD,2003,A,FALSE,FOG,NA,NA,12.2,0.17,469,NA,NA,NA,NA,15,Regular,542534,566103,23569,23569,72.39423333,72.39423333,NA,NA,NA,Terrestrial Insects,71,Order,Hemiptera,Hemiptera,NA,1,0.014,0.014,NA,NA,NA,NA,NA,NA,NA,NA,NA,NA,NA   NA   NA   NA,NA   NA   NA   NA
STTD_2003-01-14 11:30:00,1/14/2003 11:30,STTD,2003,A,FALSE,FOG,NA,NA,12.2,0.17,469,NA,NA,NA,NA,15,Regular,542534,566103,23569,23569,72.39423333,72.39423333,NA,NA,NA,Terrestrial Insects,63,Order,Coleoptera,Coleoptera,NA,35,0.483,0.483,NA,NA,NA,NA,NA,NA,NA,NA,NA,NA,NA   NA   NA   NA,NA   NA   NA   NA
STTD_2003-01-14 11:30:00,1/14/2003 11:30,STTD,2003,A,FALSE,FOG,NA,NA,12.2,0.17,469,NA,NA,NA,NA,15,Regular,542534,566103,23569,23569,72.39423333,72.39423333,NA,NA,NA,Terrestrial Insects,64,Order,Diptera,Diptera,NA,4,0.055,0.055,NA,NA,NA,NA,NA,NA,NA,NA,NA,NA,NA   NA   NA   NA,NA   NA   NA   NA
STTD_2003-01-14 11:30:00,1/14/2003 11:30,STTD,2003,A,FALSE,FOG,NA,NA,12.2,0.17,469,NA,NA,NA,NA,15,Regular,542534,566103,23569,23569,72.39423333,72.39423333,NA,NA,NA,Terrestrial Insects,66,Order,Hymenoptera,Hymenoptera,NA,9,0.124,0.124,NA,NA,NA,NA,NA,NA,NA,NA,NA,NA,NA   NA   NA   NA,NA   NA   NA   NA
SHR_2003-01-17 09:05:00,1/17/2003 9:05,SHR,2003,A,TRUE,FOG,NA,NA,12,0.15,118,NA,NA,NA,NA,10,Regular,685490,695724,10234,10234,31.43462107,31.43462107,NA,NA,NA,Aquatic Non-Insects,4,Family,Naididae,Naididae,NA,1,0.032,0.032,NA,NA,NA,NA,NA,NA,NA,NA,NA,NA,NA   NA   NA   NA,NA   NA   NA   NA
SHR_2003-01-17 09:05:00,1/17/2003 9:05,SHR,2003,A,TRUE,FOG,NA,NA,12,0.15,118,NA,NA,NA,NA,10,Regular,685490,695724,10234,10234,31.43462107,31.43462107,NA,NA,NA,Aquatic Non-Insects,14,Family,Cyprididae,Cyprididae,NA,1,0.032,0.032,NA,NA,NA,NA,NA,NA,NA,NA,NA,NA,NA   NA   NA   NA,NA   NA   NA   NA
SHR_2003-01-17 09:05:00,1/17/2003 9:05,SHR,2003,A,TRUE,FOG,NA,NA,12,0.15,118,NA,NA,NA,NA,10,Regular,685490,695724,10234,10234,31.43462107,31.43462107,NA,NA,NA,Aquatic Insects,46,Family,Coenagrionidae,Coenagrionidae,NA,1,0.032,0.032,NA,NA,NA,NA,NA,NA,NA,NA,NA,NA,NA   NA   NA   NA,NA   NA   NA   NA
SHR_2003-01-17 09:05:00,1/17/2003 9:05,SHR,2003,A,TRUE,FOG,NA,NA,12,0.15,118,NA,NA,NA,NA,10,Regular,685490,695724,10234,10234,31.43462107,31.43462107,NA,NA,NA,Aquatic Insects,93,Family,Capniidae,Capniidae,NA,1,0.032,0.032,NA,NA,NA,NA,NA,NA,NA,NA,NA,NA,NA   NA   NA   NA,NA   NA   NA   NA
SHR_2003-01-17 09:05:00,1/17/2003 9:05,SHR,2003,A,TRUE,FOG,NA,NA,12,0.15,118,NA,NA,NA,NA,10,Regular,685490,695724,10234,10234,31.43462107,31.43462107,NA,NA,NA,Aquatic Insects,44,Family,Corixidae,Corixidae,NA,1,0.032,0.032,NA,NA,NA,NA,NA,NA,NA,NA,NA,NA,NA   NA   NA   NA,NA   NA   NA   NA
SHR_2003-01-17 09:05:00,1/17/2003 9:05,SHR,2003,A,TRUE,FOG,NA,NA,12,0.15,118,NA,NA,NA,NA,10,Regular,685490,695724,10234,10234,31.43462107,31.43462107,NA,NA,NA,Aquatic Insects,34,Family,Chironomidae,Chironomidae,NA,2,0.064,0.064,NA,NA,NA,NA,NA,NA,NA,NA,NA,NA,NA   NA   NA   NA,NA   NA   NA   NA
SHR_2003-01-17 09:05:00,1/17/2003 9:05,SHR,2003,A,TRUE,FOG,NA,NA,12,0.15,118,NA,NA,NA,NA,10,Regular,685490,695724,10234,10234,31.43462107,31.43462107,NA,NA,NA,Terrestrial Insects,66,Order,Hymenoptera,Hymenoptera,NA,3,0.095,0.095,NA,NA,NA,NA,NA,NA,NA,NA,NA,NA,NA   NA   NA   NA,NA   NA   NA   NA
STTD_2003-01-17 11:25:00,1/17/2003 11:25,STTD,2003,A,TRUE,FOG,NA,NA,12,0.22,408,NA,NA,NA,NA,10,Regular,695737,718020,22283,22283,68.44417249,68.44417249,NA,dirty samples,NA,Aquatic Non-Insects,14,Family,Cyprididae,Cyprididae,NA,11,0.161,0.161,NA,NA,1,SAMP,NA,NA,NA,NA,NA,NA,1   NA   NA   NA,SAMP   NA   NA   NA
STTD_2003-01-17 11:25:00,1/17/2003 11:25,STTD,2003,A,TRUE,FOG,NA,NA,12,0.22,408,NA,NA,NA,NA,10,Regular,695737,718020,22283,22283,68.44417249,68.44417249,NA,dirty samples,NA,Aquatic Non-Insects,9,Family,Corophiidae,Corophiidae,NA,1,0.015,0.015,NA,NA,1,SAMP,NA,NA,NA,NA,NA,NA,1   NA   NA   NA,SAMP   NA   NA   NA
STTD_2003-01-17 11:25:00,1/17/2003 11:25,STTD,2003,A,TRUE,FOG,NA,NA,12,0.22,408,NA,NA,NA,NA,10,Regular,695737,718020,22283,22283,68.44417249,68.44417249,NA,dirty samples,NA,Aquatic Non-Insects,15,Family,Hyalellidae,Hyalellidae,NA,2,0.029,0.029,NA,NA,1,SAMP,NA,NA,NA,NA,NA,NA,1   NA   NA   NA,SAMP   NA   NA   NA
STTD_2003-01-17 11:25:00,1/17/2003 11:25,STTD,2003,A,TRUE,FOG,NA,NA,12,0.22,408,NA,NA,NA,NA,10,Regular,695737,718020,22283,22283,68.44417249,68.44417249,NA,dirty samples,NA,Aquatic Non-Insects,106,Family,Lymnaeidae,Lymnaeidae,NA,4,0.058,0.058,NA,NA,1,SAMP,NA,NA,NA,NA,NA,NA,1   NA   NA   NA,SAMP   NA   NA   NA
STTD_2003-01-17 11:25:00,1/17/2003 11:25,STTD,2003,A,TRUE,FOG,NA,NA,12,0.22,408,NA,NA,NA,NA,10,Regular,695737,718020,22283,22283,68.44417249,68.44417249,NA,dirty samples,NA,Aquatic Non-Insects,20,Family,Physidae,Physidae,NA,484,7.071,7.071,NA,NA,1,SAMP,NA,NA,NA,NA,NA,NA,1   NA   NA   NA,SAMP   NA   NA   NA
STTD_2003-01-17 11:25:00,1/17/2003 11:25,STTD,2003,A,TRUE,FOG,NA,NA,12,0.22,408,NA,NA,NA,NA,10,Regular,695737,718020,22283,22283,68.44417249,68.44417249,NA,dirty samples,NA,Aquatic Insects,46,Family,Coenagrionidae,Coenagrionidae,NA,3,0.044,0.044,NA,NA,1,SAMP,NA,NA,NA,NA,NA,NA,1   NA   NA   NA,SAMP   NA   NA   NA
STTD_2003-01-17 11:25:00,1/17/2003 11:25,STTD,2003,A,TRUE,FOG,NA,NA,12,0.22,408,NA,NA,NA,NA,10,Regular,695737,718020,22283,22283,68.44417249,68.44417249,NA,dirty samples,NA,Aquatic Insects,44,Family,Corixidae,Corixidae,NA,32,0.468,0.468,NA,NA,1,SAMP,NA,NA,NA,NA,NA,NA,1   NA   NA   NA,SAMP   NA   NA   NA
STTD_2003-01-17 11:25:00,1/17/2003 11:25,STTD,2003,A,TRUE,FOG,NA,NA,12,0.22,408,NA,NA,NA,NA,10,Regular,695737,718020,22283,22283,68.44417249,68.44417249,NA,dirty samples,NA,Aquatic Insects,45,Family,Notonectidae,Notonectidae,NA,1,0.015,0.015,NA,NA,1,SAMP,NA,NA,NA,NA,NA,NA,1   NA   NA   NA,SAMP   NA   NA   NA
STTD_2003-01-17 11:25:00,1/17/2003 11:25,STTD,2003,A,TRUE,FOG,NA,NA,12,0.22,408,NA,NA,NA,NA,10,Regular,695737,718020,22283,22283,68.44417249,68.44417249,NA,dirty samples,NA,Aquatic Insects,30,Family,Dytiscidae,Dytiscidae,NA,46,0.672,0.672,NA,NA,1,SAMP,NA,NA,NA,NA,NA,NA,1   NA   NA   NA,SAMP   NA   NA   NA
STTD_2003-01-17 11:25:00,1/17/2003 11:25,STTD,2003,A,TRUE,FOG,NA,NA,12,0.22,408,NA,NA,NA,NA,10,Regular,695737,718020,22283,22283,68.44417249,68.44417249,NA,dirty samples,NA,Aquatic Insects,52,Family,Hydraenidae,Hydraenidae,NA,1,0.015,0.015,NA,NA,1,SAMP,NA,NA,NA,NA,NA,NA,1   NA   NA   NA,SAMP   NA   NA   NA
STTD_2003-01-17 11:25:00,1/17/2003 11:25,STTD,2003,A,TRUE,FOG,NA,NA,12,0.22,408,NA,NA,NA,NA,10,Regular,695737,718020,22283,22283,68.44417249,68.44417249,NA,dirty samples,NA,Aquatic Insects,34,Family,Chironomidae,Chironomidae,NA,1675,24.472,24.472,NA,NA,1,SAMP,NA,NA,NA,NA,NA,NA,1   NA   NA   NA,SAMP   NA   NA   NA
STTD_2003-01-17 11:25:00,1/17/2003 11:25,STTD,2003,A,TRUE,FOG,NA,NA,12,0.22,408,NA,NA,NA,NA,10,Regular,695737,718020,22283,22283,68.44417249,68.44417249,NA,dirty samples,NA,Aquatic Insects,36,Family,Ephydridae,Ephydridae,NA,108,1.578,1.578,NA,NA,1,SAMP,NA,NA,NA,NA,NA,NA,1   NA   NA   NA,SAMP   NA   NA   NA
STTD_2003-01-17 11:25:00,1/17/2003 11:25,STTD,2003,A,TRUE,FOG,NA,NA,12,0.22,408,NA,NA,NA,NA,10,Regular,695737,718020,22283,22283,68.44417249,68.44417249,NA,dirty samples,NA,Aquatic Insects,96,Family,Muscidae,Muscidae,NA,4,0.058,0.058,NA,NA,1,SAMP,NA,NA,NA,NA,NA,NA,1   NA   NA   NA,SAMP   NA   NA   NA
STTD_2003-01-17 11:25:00,1/17/2003 11:25,STTD,2003,A,TRUE,FOG,NA,NA,12,0.22,408,NA,NA,NA,NA,10,Regular,695737,718020,22283,22283,68.44417249,68.44417249,NA,dirty samples,NA,Aquatic Insects,54,Family,Sciomyzidae,Sciomyzidae,NA,2,0.029,0.029,NA,NA,1,SAMP,NA,NA,NA,NA,NA,NA,1   NA   NA   NA,SAMP   NA   NA   NA
STTD_2003-01-17 11:25:00,1/17/2003 11:25,STTD,2003,A,TRUE,FOG,NA,NA,12,0.22,408,NA,NA,NA,NA,10,Regular,695737,718020,22283,22283,68.44417249,68.44417249,NA,dirty samples,NA,Terrestrial Non-Insects,100,Class,Chilopoda,Chilopoda,NA,3,0.044,0.044,NA,NA,1,SAMP,NA,NA,NA,NA,NA,NA,1   NA   NA   NA,SAMP   NA   NA   NA
STTD_2003-01-17 11:25:00,1/17/2003 11:25,STTD,2003,A,TRUE,FOG,NA,NA,12,0.22,408,NA,NA,NA,NA,10,Regular,695737,718020,22283,22283,68.44417249,68.44417249,NA,dirty samples,NA,Terrestrial Non-Insects,113,Class,Arachnida,Arachnid,NA,31,0.453,0.453,NA,NA,1,SAMP,NA,NA,NA,NA,NA,NA,1   NA   NA   NA,SAMP   NA   NA   NA
STTD_2003-01-17 11:25:00,1/17/2003 11:25,STTD,2003,A,TRUE,FOG,NA,NA,12,0.22,408,NA,NA,NA,NA,10,Regular,695737,718020,22283,22283,68.44417249,68.44417249,NA,dirty samples,NA,Terrestrial Non-Insects,68,Order,Collembola,Collembola,NA,35,0.511,0.511,NA,NA,1,SAMP,NA,NA,NA,NA,NA,NA,1   NA   NA   NA,SAMP   NA   NA   NA
STTD_2003-01-17 11:25:00,1/17/2003 11:25,STTD,2003,A,TRUE,FOG,NA,NA,12,0.22,408,NA,NA,NA,NA,10,Regular,695737,718020,22283,22283,68.44417249,68.44417249,NA,dirty samples,NA,Terrestrial Insects,67,Order,Psocoptera,Psocoptera,NA,2,0.029,0.029,NA,NA,1,SAMP,NA,NA,NA,NA,NA,NA,1   NA   NA   NA,SAMP   NA   NA   NA
STTD_2003-01-17 11:25:00,1/17/2003 11:25,STTD,2003,A,TRUE,FOG,NA,NA,12,0.22,408,NA,NA,NA,NA,10,Regular,695737,718020,22283,22283,68.44417249,68.44417249,NA,dirty samples,NA,Terrestrial Insects,71,Order,Hemiptera,Hemiptera,NA,3,0.044,0.044,NA,NA,1,SAMP,NA,NA,NA,NA,NA,NA,1   NA   NA   NA,SAMP   NA   NA   NA
STTD_2003-01-17 11:25:00,1/17/2003 11:25,STTD,2003,A,TRUE,FOG,NA,NA,12,0.22,408,NA,NA,NA,NA,10,Regular,695737,718020,22283,22283,68.44417249,68.44417249,NA,dirty samples,NA,Terrestrial Insects,63,Order,Coleoptera,Coleoptera,NA,49,0.716,0.716,NA,NA,1,SAMP,NA,NA,NA,NA,NA,NA,1   NA   NA   NA,SAMP   NA   NA   NA
STTD_2003-01-17 11:25:00,1/17/2003 11:25,STTD,2003,A,TRUE,FOG,NA,NA,12,0.22,408,NA,NA,NA,NA,10,Regular,695737,718020,22283,22283,68.44417249,68.44417249,NA,dirty samples,NA,Terrestrial Insects,64,Order,Diptera,Diptera,NA,1,0.015,0.015,NA,NA,1,SAMP,NA,NA,NA,NA,NA,NA,1   NA   NA   NA,SAMP   NA   NA   NA
STTD_2003-01-17 11:25:00,1/17/2003 11:25,STTD,2003,A,TRUE,FOG,NA,NA,12,0.22,408,NA,NA,NA,NA,10,Regular,695737,718020,22283,22283,68.44417249,68.44417249,NA,dirty samples,NA,Terrestrial Insects,66,Order,Hymenoptera,Hymenoptera,NA,2,0.029,0.029,NA,NA,1,SAMP,NA,NA,NA,NA,NA,NA,1   NA   NA   NA,SAMP   NA   NA   NA
SHR_2003-01-31 09:40:00,1/31/2003 9:40,SHR,2003,A,FALSE,FOG,NA,NA,11.3,0.38,141,NA,NA,NA,NA,10,Regular,718165,721782,3617,3617,11.10993008,11.10993008,NA,NA,NA,Aquatic Non-Insects,4,Family,Naididae,Naididae,NA,1,0.09,0.09,NA,NA,NA,NA,NA,NA,NA,NA,NA,NA,NA   NA   NA   NA,NA   NA   NA   NA
SHR_2003-01-31 09:40:00,1/31/2003 9:40,SHR,2003,A,FALSE,FOG,NA,NA,11.3,0.38,141,NA,NA,NA,NA,10,Regular,718165,721782,3617,3617,11.10993008,11.10993008,NA,NA,NA,Aquatic Non-Insects,14,Family,Cyprididae,Cyprididae,NA,1,0.09,0.09,NA,NA,NA,NA,NA,NA,NA,NA,NA,NA,NA   NA   NA   NA,NA   NA   NA   NA
SHR_2003-01-31 09:40:00,1/31/2003 9:40,SHR,2003,A,FALSE,FOG,NA,NA,11.3,0.38,141,NA,NA,NA,NA,10,Regular,718165,721782,3617,3617,11.10993008,11.10993008,NA,NA,NA,Aquatic Insects,43,Family,Heptageniidae,Heptageniidae,NA,1,0.09,0.09,NA,NA,NA,NA,NA,NA,NA,NA,NA,NA,NA   NA   NA   NA,NA   NA   NA   NA
SHR_2003-01-31 09:40:00,1/31/2003 9:40,SHR,2003,A,FALSE,FOG,NA,NA,11.3,0.38,141,NA,NA,NA,NA,10,Regular,718165,721782,3617,3617,11.10993008,11.10993008,NA,NA,NA,Aquatic Insects,44,Family,Corixidae,Corixidae,NA,1,0.09,0.09,NA,NA,NA,NA,NA,NA,NA,NA,NA,NA,NA   NA   NA   NA,NA   NA   NA   NA
SHR_2003-01-31 09:40:00,1/31/2003 9:40,SHR,2003,A,FALSE,FOG,NA,NA,11.3,0.38,141,NA,NA,NA,NA,10,Regular,718165,721782,3617,3617,11.10993008,11.10993008,NA,NA,NA,Aquatic Insects,34,Family,Chironomidae,Chironomidae,NA,2,0.18,0.18,NA,NA,NA,NA,NA,NA,NA,NA,NA,NA,NA   NA   NA   NA,NA   NA   NA   NA
SHR_2003-01-31 09:40:00,1/31/2003 9:40,SHR,2003,A,FALSE,FOG,NA,NA,11.3,0.38,141,NA,NA,NA,NA,10,Regular,718165,721782,3617,3617,11.10993008,11.10993008,NA,NA,NA,Terrestrial Non-Insects,113,Class,Arachnida,Arachnid,NA,1,0.09,0.09,NA,NA,NA,NA,NA,NA,NA,NA,NA,NA,NA   NA   NA   NA,NA   NA   NA   NA
SHR_2003-01-31 09:40:00,1/31/2003 9:40,SHR,2003,A,FALSE,FOG,NA,NA,11.3,0.38,141,NA,NA,NA,NA,10,Regular,718165,721782,3617,3617,11.10993008,11.10993008,NA,NA,NA,Terrestrial Insects,63,Order,Coleoptera,Coleoptera,NA,1,0.09,0.09,NA,NA,NA,NA,NA,NA,NA,NA,NA,NA,NA   NA   NA   NA,NA   NA   NA   NA
STTD_2003-01-31 11:30:00,1/31/2003 11:30,STTD,2003,A,FALSE,FOG,NA,NA,13,0.24,540,NA,NA,NA,NA,10,Regular,624114,648018,23904,23904,73.42321497,73.42321497,NA,NA,NA,Aquatic Non-Insects,14,Family,Cyprididae,Cyprididae,NA,12,0.163,0.163,NA,NA,NA,NA,NA,NA,NA,NA,NA,NA,NA   NA   NA   NA,NA   NA   NA   NA
STTD_2003-01-31 11:30:00,1/31/2003 11:30,STTD,2003,A,FALSE,FOG,NA,NA,13,0.24,540,NA,NA,NA,NA,10,Regular,624114,648018,23904,23904,73.42321497,73.42321497,NA,NA,NA,Aquatic Non-Insects,9,Family,Corophiidae,Corophiidae,NA,1,0.014,0.014,NA,NA,NA,NA,NA,NA,NA,NA,NA,NA,NA   NA   NA   NA,NA   NA   NA   NA
STTD_2003-01-31 11:30:00,1/31/2003 11:30,STTD,2003,A,FALSE,FOG,NA,NA,13,0.24,540,NA,NA,NA,NA,10,Regular,624114,648018,23904,23904,73.42321497,73.42321497,NA,NA,NA,Aquatic Non-Insects,15,Family,Hyalellidae,Hyalellidae,NA,6,0.082,0.082,NA,NA,NA,NA,NA,NA,NA,NA,NA,NA,NA   NA   NA   NA,NA   NA   NA   NA
STTD_2003-01-31 11:30:00,1/31/2003 11:30,STTD,2003,A,FALSE,FOG,NA,NA,13,0.24,540,NA,NA,NA,NA,10,Regular,624114,648018,23904,23904,73.42321497,73.42321497,NA,NA,NA,Aquatic Non-Insects,106,Family,Lymnaeidae,Lymnaeidae,NA,2,0.027,0.027,NA,NA,NA,NA,NA,NA,NA,NA,NA,NA,NA   NA   NA   NA,NA   NA   NA   NA
STTD_2003-01-31 11:30:00,1/31/2003 11:30,STTD,2003,A,FALSE,FOG,NA,NA,13,0.24,540,NA,NA,NA,NA,10,Regular,624114,648018,23904,23904,73.42321497,73.42321497,NA,NA,NA,Aquatic Non-Insects,20,Family,Physidae,Physidae,NA,625,8.512,8.512,NA,NA,NA,NA,NA,NA,NA,NA,NA,NA,NA   NA   NA   NA,NA   NA   NA   NA
STTD_2003-01-31 11:30:00,1/31/2003 11:30,STTD,2003,A,FALSE,FOG,NA,NA,13,0.24,540,NA,NA,NA,NA,10,Regular,624114,648018,23904,23904,73.42321497,73.42321497,NA,NA,NA,Aquatic Non-Insects,21,Family,Planorbidae,Planorbidae,NA,1,0.014,0.014,NA,NA,NA,NA,NA,NA,NA,NA,NA,NA,NA   NA   NA   NA,NA   NA   NA   NA
STTD_2003-01-31 11:30:00,1/31/2003 11:30,STTD,2003,A,FALSE,FOG,NA,NA,13,0.24,540,NA,NA,NA,NA,10,Regular,624114,648018,23904,23904,73.42321497,73.42321497,NA,NA,NA,Aquatic Insects,46,Family,Coenagrionidae,Coenagrionidae,NA,4,0.054,0.054,NA,NA,NA,NA,NA,NA,NA,NA,NA,NA,NA   NA   NA   NA,NA   NA   NA   NA
STTD_2003-01-31 11:30:00,1/31/2003 11:30,STTD,2003,A,FALSE,FOG,NA,NA,13,0.24,540,NA,NA,NA,NA,10,Regular,624114,648018,23904,23904,73.42321497,73.42321497,NA,NA,NA,Aquatic Insects,44,Family,Corixidae,Corixidae,NA,34,0.463,0.463,NA,NA,NA,NA,NA,NA,NA,NA,NA,NA,NA   NA   NA   NA,NA   NA   NA   NA
STTD_2003-01-31 11:30:00,1/31/2003 11:30,STTD,2003,A,FALSE,FOG,NA,NA,13,0.24,540,NA,NA,NA,NA,10,Regular,624114,648018,23904,23904,73.42321497,73.42321497,NA,NA,NA,Aquatic Insects,30,Family,Dytiscidae,Dytiscidae,NA,13,0.177,0.177,NA,NA,NA,NA,NA,NA,NA,NA,NA,NA,NA   NA   NA   NA,NA   NA   NA   NA
STTD_2003-01-31 11:30:00,1/31/2003 11:30,STTD,2003,A,FALSE,FOG,NA,NA,13,0.24,540,NA,NA,NA,NA,10,Regular,624114,648018,23904,23904,73.42321497,73.42321497,NA,NA,NA,Aquatic Insects,34,Family,Chironomidae,Chironomidae,NA,53,0.722,0.722,NA,NA,NA,NA,NA,NA,NA,NA,NA,NA,NA   NA   NA   NA,NA   NA   NA   NA
STTD_2003-01-31 11:30:00,1/31/2003 11:30,STTD,2003,A,FALSE,FOG,NA,NA,13,0.24,540,NA,NA,NA,NA,10,Regular,624114,648018,23904,23904,73.42321497,73.42321497,NA,NA,NA,Aquatic Insects,49,Family,Culicidae,Culicidae,NA,1,0.014,0.014,NA,NA,NA,NA,NA,NA,NA,NA,NA,NA,NA   NA   NA   NA,NA   NA   NA   NA
STTD_2003-01-31 11:30:00,1/31/2003 11:30,STTD,2003,A,FALSE,FOG,NA,NA,13,0.24,540,NA,NA,NA,NA,10,Regular,624114,648018,23904,23904,73.42321497,73.42321497,NA,NA,NA,Aquatic Insects,36,Family,Ephydridae,Ephydridae,NA,39,0.531,0.531,NA,NA,NA,NA,NA,NA,NA,NA,NA,NA,NA   NA   NA   NA,NA   NA   NA   NA
STTD_2003-01-31 11:30:00,1/31/2003 11:30,STTD,2003,A,FALSE,FOG,NA,NA,13,0.24,540,NA,NA,NA,NA,10,Regular,624114,648018,23904,23904,73.42321497,73.42321497,NA,NA,NA,Terrestrial Non-Insects,100,Class,Chilopoda,Chilopoda,NA,2,0.027,0.027,NA,NA,NA,NA,NA,NA,NA,NA,NA,NA,NA   NA   NA   NA,NA   NA   NA   NA
STTD_2003-01-31 11:30:00,1/31/2003 11:30,STTD,2003,A,FALSE,FOG,NA,NA,13,0.24,540,NA,NA,NA,NA,10,Regular,624114,648018,23904,23904,73.42321497,73.42321497,NA,NA,NA,Terrestrial Non-Insects,113,Class,Arachnida,Arachnid,NA,4,0.054,0.054,NA,NA,NA,NA,NA,NA,NA,NA,NA,NA,NA   NA   NA   NA,NA   NA   NA   NA
STTD_2003-01-31 11:30:00,1/31/2003 11:30,STTD,2003,A,FALSE,FOG,NA,NA,13,0.24,540,NA,NA,NA,NA,10,Regular,624114,648018,23904,23904,73.42321497,73.42321497,NA,NA,NA,Terrestrial Insects,63,Order,Coleoptera,Coleoptera,NA,5,0.068,0.068,NA,NA,NA,NA,NA,NA,NA,NA,NA,NA,NA   NA   NA   NA,NA   NA   NA   NA
SHR_2003-02-11 09:15:00,2/11/2003 9:15,SHR,2003,A,FALSE,CLD,NA,NA,9,0.45,162,NA,NA,NA,NA,10,Regular,648028,656940,8912,8912,27.37398309,27.37398309,NA,NA,NA,Aquatic Non-Insects,18,Family,Hydridae,Hydridae,NA,1,0.037,0.037,NA,NA,NA,NA,NA,NA,NA,NA,NA,NA,NA   NA   NA   NA,NA   NA   NA   NA
SHR_2003-02-11 09:15:00,2/11/2003 9:15,SHR,2003,A,FALSE,CLD,NA,NA,9,0.45,162,NA,NA,NA,NA,10,Regular,648028,656940,8912,8912,27.37398309,27.37398309,NA,NA,NA,Aquatic Non-Insects,9,Family,Corophiidae,Corophiidae,NA,1,0.037,0.037,NA,NA,NA,NA,NA,NA,NA,NA,NA,NA,NA   NA   NA   NA,NA   NA   NA   NA
SHR_2003-02-11 09:15:00,2/11/2003 9:15,SHR,2003,A,FALSE,CLD,NA,NA,9,0.45,162,NA,NA,NA,NA,10,Regular,648028,656940,8912,8912,27.37398309,27.37398309,NA,NA,NA,Aquatic Non-Insects,28,Family,Lebertiidae,Lebertiidae,NA,1,0.037,0.037,NA,NA,NA,NA,NA,NA,NA,NA,NA,NA,NA   NA   NA   NA,NA   NA   NA   NA
SHR_2003-02-11 09:15:00,2/11/2003 9:15,SHR,2003,A,FALSE,CLD,NA,NA,9,0.45,162,NA,NA,NA,NA,10,Regular,648028,656940,8912,8912,27.37398309,27.37398309,NA,NA,NA,Aquatic Non-Insects,120,Family,Lebertiidae,Lebertiidae,NA,1,0.037,0.037,NA,NA,NA,NA,NA,NA,NA,NA,NA,NA,NA   NA   NA   NA,NA   NA   NA   NA
SHR_2003-02-11 09:15:00,2/11/2003 9:15,SHR,2003,A,FALSE,CLD,NA,NA,9,0.45,162,NA,NA,NA,NA,10,Regular,648028,656940,8912,8912,27.37398309,27.37398309,NA,NA,NA,Aquatic Insects,46,Family,Coenagrionidae,Coenagrionidae,NA,2,0.073,0.073,NA,NA,NA,NA,NA,NA,NA,NA,NA,NA,NA   NA   NA   NA,NA   NA   NA   NA
SHR_2003-02-11 09:15:00,2/11/2003 9:15,SHR,2003,A,FALSE,CLD,NA,NA,9,0.45,162,NA,NA,NA,NA,10,Regular,648028,656940,8912,8912,27.37398309,27.37398309,NA,NA,NA,Aquatic Insects,44,Family,Corixidae,Corixidae,NA,4,0.146,0.146,NA,NA,NA,NA,NA,NA,NA,NA,NA,NA,NA   NA   NA   NA,NA   NA   NA   NA
SHR_2003-02-11 09:15:00,2/11/2003 9:15,SHR,2003,A,FALSE,CLD,NA,NA,9,0.45,162,NA,NA,NA,NA,10,Regular,648028,656940,8912,8912,27.37398309,27.37398309,NA,NA,NA,Aquatic Insects,34,Family,Chironomidae,Chironomidae,NA,2,0.073,0.073,NA,NA,NA,NA,NA,NA,NA,NA,NA,NA,NA   NA   NA   NA,NA   NA   NA   NA
SHR_2003-02-11 09:15:00,2/11/2003 9:15,SHR,2003,A,FALSE,CLD,NA,NA,9,0.45,162,NA,NA,NA,NA,10,Regular,648028,656940,8912,8912,27.37398309,27.37398309,NA,NA,NA,Terrestrial Insects,66,Order,Hymenoptera,Hymenoptera,NA,2,0.073,0.073,NA,NA,NA,NA,NA,NA,NA,NA,NA,NA,NA   NA   NA   NA,NA   NA   NA   NA
SHR_2003-03-05 09:24:00,3/5/2003 9:24,SHR,2003,A,FALSE,CLR,NA,NA,12.6,0.75,170,NA,NA,NA,NA,10,Regular,750518,757069,6551,6551,20.12196625,20.12196625,NA,NA,NA,Aquatic Insects,34,Family,Chironomidae,Chironomidae,NA,1,0.05,0.05,NA,NA,NA,NA,NA,NA,NA,NA,NA,NA,NA   NA   NA   NA,NA   NA   NA   NA
SHR_2003-03-05 09:24:00,3/5/2003 9:24,SHR,2003,A,FALSE,CLR,NA,NA,12.6,0.75,170,NA,NA,NA,NA,10,Regular,750518,757069,6551,6551,20.12196625,20.12196625,NA,NA,NA,Aquatic Insects,36,Family,Ephydridae,Ephydridae,NA,1,0.05,0.05,NA,NA,NA,NA,NA,NA,NA,NA,NA,NA,NA   NA   NA   NA,NA   NA   NA   NA
SHR_2003-03-05 09:24:00,3/5/2003 9:24,SHR,2003,A,FALSE,CLR,NA,NA,12.6,0.75,170,NA,NA,NA,NA,10,Regular,750518,757069,6551,6551,20.12196625,20.12196625,NA,NA,NA,Terrestrial Insects,66,Order,Hymenoptera,Hymenoptera,NA,2,0.099,0.099,NA,NA,NA,NA,NA,NA,NA,NA,NA,NA,NA   NA   NA   NA,NA   NA   NA   NA
STTD_2003-03-05 11:00:00,3/5/2003 11:00,STTD,2003,A,FALSE,CLR,NA,NA,14.7,0.19,784,NA,NA,NA,NA,10,Regular,757139,765317,8178,8178,25.11943825,25.11943825,NA,NA,NA,Aquatic Non-Insects,15,Family,Hyalellidae,Hyalellidae,NA,1,0.04,0.04,NA,NA,NA,NA,NA,NA,NA,NA,NA,NA,NA   NA   NA   NA,NA   NA   NA   NA
STTD_2003-03-05 11:00:00,3/5/2003 11:00,STTD,2003,A,FALSE,CLR,NA,NA,14.7,0.19,784,NA,NA,NA,NA,10,Regular,757139,765317,8178,8178,25.11943825,25.11943825,NA,NA,NA,Aquatic Non-Insects,20,Family,Physidae,Physidae,NA,1,0.04,0.04,NA,NA,NA,NA,NA,NA,NA,NA,NA,NA,NA   NA   NA   NA,NA   NA   NA   NA
STTD_2003-03-05 11:00:00,3/5/2003 11:00,STTD,2003,A,FALSE,CLR,NA,NA,14.7,0.19,784,NA,NA,NA,NA,10,Regular,757139,765317,8178,8178,25.11943825,25.11943825,NA,NA,NA,Aquatic Insects,46,Family,Coenagrionidae,Coenagrionidae,NA,1,0.04,0.04,NA,NA,NA,NA,NA,NA,NA,NA,NA,NA,NA   NA   NA   NA,NA   NA   NA   NA
STTD_2003-03-05 11:00:00,3/5/2003 11:00,STTD,2003,A,FALSE,CLR,NA,NA,14.7,0.19,784,NA,NA,NA,NA,10,Regular,757139,765317,8178,8178,25.11943825,25.11943825,NA,NA,NA,Aquatic Insects,44,Family,Corixidae,Corixidae,NA,43,1.712,1.712,NA,NA,NA,NA,NA,NA,NA,NA,NA,NA,NA   NA   NA   NA,NA   NA   NA   NA
STTD_2003-03-05 11:00:00,3/5/2003 11:00,STTD,2003,A,FALSE,CLR,NA,NA,14.7,0.19,784,NA,NA,NA,NA,10,Regular,757139,765317,8178,8178,25.11943825,25.11943825,NA,NA,NA,Aquatic Insects,81,Family,Hydrophilidae,Hydrophilidae,NA,1,0.04,0.04,NA,NA,NA,NA,NA,NA,NA,NA,NA,NA,NA   NA   NA   NA,NA   NA   NA   NA
STTD_2003-03-05 11:00:00,3/5/2003 11:00,STTD,2003,A,FALSE,CLR,NA,NA,14.7,0.19,784,NA,NA,NA,NA,10,Regular,757139,765317,8178,8178,25.11943825,25.11943825,NA,NA,NA,Aquatic Insects,34,Family,Chironomidae,Chironomidae,NA,5,0.199,0.199,NA,NA,NA,NA,NA,NA,NA,NA,NA,NA,NA   NA   NA   NA,NA   NA   NA   NA
SHR_2003-03-18 09:00:00,3/18/2003 9:00,SHR,2003,A,FALSE,CLR,NA,NA,13.1,0.12,126,NA,NA,NA,NA,10,Regular,765366,767599,2233,2233,6.858853708,6.858853708,NA,NA,NA,Aquatic Non-Insects,89,Family,Branchiobdellidae,Branchiobdellidae,NA,1,0.146,0.146,NA,NA,NA,NA,NA,NA,NA,NA,NA,NA,NA   NA   NA   NA,NA   NA   NA   NA
SHR_2003-03-18 09:00:00,3/18/2003 9:00,SHR,2003,A,FALSE,CLR,NA,NA,13.1,0.12,126,NA,NA,NA,NA,10,Regular,765366,767599,2233,2233,6.858853708,6.858853708,NA,NA,NA,Aquatic Insects,34,Family,Chironomidae,Chironomidae,NA,7,1.021,1.021,NA,NA,NA,NA,NA,NA,NA,NA,NA,NA,NA   NA   NA   NA,NA   NA   NA   NA
SHR_2003-03-18 09:00:00,3/18/2003 9:00,SHR,2003,A,FALSE,CLR,NA,NA,13.1,0.12,126,NA,NA,NA,NA,10,Regular,765366,767599,2233,2233,6.858853708,6.858853708,NA,NA,NA,Aquatic Insects,38,Family,Simuliidae,Simuliidae,NA,3,0.437,0.437,NA,NA,NA,NA,NA,NA,NA,NA,NA,NA,NA   NA   NA   NA,NA   NA   NA   NA
SHR_2003-03-18 09:00:00,3/18/2003 9:00,SHR,2003,A,FALSE,CLR,NA,NA,13.1,0.12,126,NA,NA,NA,NA,10,Regular,765366,767599,2233,2233,6.858853708,6.858853708,NA,NA,NA,Aquatic Non-Insects,79,Subphylum,Vertebrata,Fish,NA,1,0.146,0.146,NA,NA,NA,NA,NA,NA,NA,NA,NA,NA,NA   NA   NA   NA,NA   NA   NA   NA
STTD_2003-03-18 10:40:00,3/18/2003 10:40,STTD,2003,A,FALSE,CLR,NA,NA,14,0.07,440,NA,NA,NA,NA,10,Regular,767680,776354,8674,8674,26.64294539,26.64294539,NA,NA,NA,Aquatic Non-Insects,4,Family,Naididae,Naididae,NA,3,0.113,0.113,NA,NA,NA,NA,NA,NA,NA,NA,NA,NA,NA   NA   NA   NA,NA   NA   NA   NA
STTD_2003-03-18 10:40:00,3/18/2003 10:40,STTD,2003,A,FALSE,CLR,NA,NA,14,0.07,440,NA,NA,NA,NA,10,Regular,767680,776354,8674,8674,26.64294539,26.64294539,NA,NA,NA,Aquatic Non-Insects,9,Family,Corophiidae,Corophiidae,NA,27,1.013,1.013,NA,NA,NA,NA,NA,NA,NA,NA,NA,NA,NA   NA   NA   NA,NA   NA   NA   NA
STTD_2003-03-18 10:40:00,3/18/2003 10:40,STTD,2003,A,FALSE,CLR,NA,NA,14,0.07,440,NA,NA,NA,NA,10,Regular,767680,776354,8674,8674,26.64294539,26.64294539,NA,NA,NA,Aquatic Non-Insects,10,Family,Crangonyctidae,Crangonyctidae,NA,4,0.15,0.15,NA,NA,NA,NA,NA,NA,NA,NA,NA,NA,NA   NA   NA   NA,NA   NA   NA   NA
STTD_2003-03-18 10:40:00,3/18/2003 10:40,STTD,2003,A,FALSE,CLR,NA,NA,14,0.07,440,NA,NA,NA,NA,10,Regular,767680,776354,8674,8674,26.64294539,26.64294539,NA,NA,NA,Aquatic Insects,46,Family,Coenagrionidae,Coenagrionidae,NA,2,0.075,0.075,NA,NA,NA,NA,NA,NA,NA,NA,NA,NA,NA   NA   NA   NA,NA   NA   NA   NA
STTD_2003-03-18 10:40:00,3/18/2003 10:40,STTD,2003,A,FALSE,CLR,NA,NA,14,0.07,440,NA,NA,NA,NA,10,Regular,767680,776354,8674,8674,26.64294539,26.64294539,NA,NA,NA,Aquatic Insects,44,Family,Corixidae,Corixidae,NA,4,0.15,0.15,NA,NA,NA,NA,NA,NA,NA,NA,NA,NA,NA   NA   NA   NA,NA   NA   NA   NA
STTD_2003-03-18 10:40:00,3/18/2003 10:40,STTD,2003,A,FALSE,CLR,NA,NA,14,0.07,440,NA,NA,NA,NA,10,Regular,767680,776354,8674,8674,26.64294539,26.64294539,NA,NA,NA,Aquatic Insects,32,Family,Ceratopogonidae,Ceratopogonidae,NA,2,0.075,0.075,NA,NA,NA,NA,NA,NA,NA,NA,NA,NA,NA   NA   NA   NA,NA   NA   NA   NA
STTD_2003-03-18 10:40:00,3/18/2003 10:40,STTD,2003,A,FALSE,CLR,NA,NA,14,0.07,440,NA,NA,NA,NA,10,Regular,767680,776354,8674,8674,26.64294539,26.64294539,NA,NA,NA,Aquatic Insects,34,Family,Chironomidae,Chironomidae,NA,27,1.013,1.013,NA,NA,NA,NA,NA,NA,NA,NA,NA,NA,NA   NA   NA   NA,NA   NA   NA   NA
STTD_2003-03-18 10:40:00,3/18/2003 10:40,STTD,2003,A,FALSE,CLR,NA,NA,14,0.07,440,NA,NA,NA,NA,10,Regular,767680,776354,8674,8674,26.64294539,26.64294539,NA,NA,NA,Aquatic Insects,36,Family,Ephydridae,Ephydridae,NA,1,0.038,0.038,NA,NA,NA,NA,NA,NA,NA,NA,NA,NA,NA   NA   NA   NA,NA   NA   NA   NA
STTD_2003-03-18 10:40:00,3/18/2003 10:40,STTD,2003,A,FALSE,CLR,NA,NA,14,0.07,440,NA,NA,NA,NA,10,Regular,767680,776354,8674,8674,26.64294539,26.64294539,NA,NA,NA,Terrestrial Insects,74,Order,Neuroptera,Neuroptera,NA,1,0.038,0.038,NA,NA,NA,NA,NA,NA,NA,NA,NA,NA,NA   NA   NA   NA,NA   NA   NA   NA
STTD_2003-03-18 10:40:00,3/18/2003 10:40,STTD,2003,A,FALSE,CLR,NA,NA,14,0.07,440,NA,NA,NA,NA,10,Regular,767680,776354,8674,8674,26.64294539,26.64294539,NA,NA,NA,Aquatic Non-Insects,79,Subphylum,Vertebrata,Fish,NA,2,0.075,0.075,NA,NA,NA,NA,NA,NA,NA,NA,NA,NA,NA   NA   NA   NA,NA   NA   NA   NA
STTD_2003-04-01 10:27:00,4/1/2003 10:27,STTD,2003,A,FALSE,CLD,NA,NA,17,0.24,713,NA,NA,NA,NA,10,Regular,781626,793506,11880,11880,36.49045322,36.49045322,NA,NA,NA,Aquatic Non-Insects,9,Family,Corophiidae,Corophiidae,NA,1,0.027,0.027,NA,NA,NA,NA,NA,NA,NA,NA,NA,NA,NA   NA   NA   NA,NA   NA   NA   NA
STTD_2003-04-01 10:27:00,4/1/2003 10:27,STTD,2003,A,FALSE,CLD,NA,NA,17,0.24,713,NA,NA,NA,NA,10,Regular,781626,793506,11880,11880,36.49045322,36.49045322,NA,NA,NA,Aquatic Non-Insects,20,Family,Physidae,Physidae,NA,1,0.027,0.027,NA,NA,NA,NA,NA,NA,NA,NA,NA,NA,NA   NA   NA   NA,NA   NA   NA   NA
STTD_2003-04-01 10:27:00,4/1/2003 10:27,STTD,2003,A,FALSE,CLD,NA,NA,17,0.24,713,NA,NA,NA,NA,10,Regular,781626,793506,11880,11880,36.49045322,36.49045322,NA,NA,NA,Aquatic Insects,46,Family,Coenagrionidae,Coenagrionidae,NA,2,0.055,0.055,NA,NA,NA,NA,NA,NA,NA,NA,NA,NA,NA   NA   NA   NA,NA   NA   NA   NA
STTD_2003-04-01 10:27:00,4/1/2003 10:27,STTD,2003,A,FALSE,CLD,NA,NA,17,0.24,713,NA,NA,NA,NA,10,Regular,781626,793506,11880,11880,36.49045322,36.49045322,NA,NA,NA,Aquatic Insects,34,Family,Chironomidae,Chironomidae,NA,2,0.055,0.055,NA,NA,NA,NA,NA,NA,NA,NA,NA,NA,NA   NA   NA   NA,NA   NA   NA   NA
STTD_2003-04-01 10:27:00,4/1/2003 10:27,STTD,2003,A,FALSE,CLD,NA,NA,17,0.24,713,NA,NA,NA,NA,10,Regular,781626,793506,11880,11880,36.49045322,36.49045322,NA,NA,NA,Aquatic Insects,38,Family,Simuliidae,Simuliidae,NA,1,0.027,0.027,NA,NA,NA,NA,NA,NA,NA,NA,NA,NA,NA   NA   NA   NA,NA   NA   NA   NA
STTD_2003-04-01 10:27:00,4/1/2003 10:27,STTD,2003,A,FALSE,CLD,NA,NA,17,0.24,713,NA,NA,NA,NA,10,Regular,781626,793506,11880,11880,36.49045322,36.49045322,NA,NA,NA,Aquatic Insects,36,Family,Ephydridae,Ephydridae,NA,1,0.027,0.027,NA,NA,NA,NA,NA,NA,NA,NA,NA,NA,NA   NA   NA   NA,NA   NA   NA   NA
STTD_2003-04-01 10:27:00,4/1/2003 10:27,STTD,2003,A,FALSE,CLD,NA,NA,17,0.24,713,NA,NA,NA,NA,10,Regular,781626,793506,11880,11880,36.49045322,36.49045322,NA,NA,NA,Terrestrial Non-Insects,68,Order,Collembola,Collembola,NA,1,0.027,0.027,NA,NA,NA,NA,NA,NA,NA,NA,NA,NA,NA   NA   NA   NA,NA   NA   NA   NA
STTD_2003-04-01 10:27:00,4/1/2003 10:27,STTD,2003,A,FALSE,CLD,NA,NA,17,0.24,713,NA,NA,NA,NA,10,Regular,781626,793506,11880,11880,36.49045322,36.49045322,NA,NA,NA,Aquatic Non-Insects,79,Subphylum,Vertebrata,Fish,NA,10,0.274,0.274,NA,NA,NA,NA,NA,NA,NA,NA,NA,NA,NA   NA   NA   NA,NA   NA   NA   NA
SHR_2003-04-14 09:00:00,4/14/2003 9:00,SHR,2003,A,FALSE,CLR,NA,NA,14,0.6,163,NA,NA,NA,NA,10,Regular,793522,793569,47,9123,0.144364588,28.02208794,NA,NA,NA,Aquatic Non-Insects,18,Family,Hydridae,Hydridae,NA,1,6.927,0.036,NA,NA,NA,NA,NA,NA,3,FM,NA,NA,NA   NA   3   NA,NA   NA   FM   NA
SHR_2003-04-14 09:00:00,4/14/2003 9:00,SHR,2003,A,FALSE,CLR,NA,NA,14,0.6,163,NA,NA,NA,NA,10,Regular,793522,793569,47,9123,0.144364588,28.02208794,NA,NA,NA,Aquatic Non-Insects,4,Family,Naididae,Naididae,NA,2,13.854,0.071,NA,NA,NA,NA,NA,NA,3,FM,NA,NA,NA   NA   3   NA,NA   NA   FM   NA
SHR_2003-04-14 09:00:00,4/14/2003 9:00,SHR,2003,A,FALSE,CLR,NA,NA,14,0.6,163,NA,NA,NA,NA,10,Regular,793522,793569,47,9123,0.144364588,28.02208794,NA,NA,NA,Aquatic Non-Insects,9,Family,Corophiidae,Corophiidae,NA,3,20.781,0.107,NA,NA,NA,NA,NA,NA,3,FM,NA,NA,NA   NA   3   NA,NA   NA   FM   NA
SHR_2003-04-14 09:00:00,4/14/2003 9:00,SHR,2003,A,FALSE,CLR,NA,NA,14,0.6,163,NA,NA,NA,NA,10,Regular,793522,793569,47,9123,0.144364588,28.02208794,NA,NA,NA,Aquatic Non-Insects,10,Family,Crangonyctidae,Crangonyctidae,NA,1,6.927,0.036,NA,NA,NA,NA,NA,NA,3,FM,NA,NA,NA   NA   3   NA,NA   NA   FM   NA
SHR_2003-04-14 09:00:00,4/14/2003 9:00,SHR,2003,A,FALSE,CLR,NA,NA,14,0.6,163,NA,NA,NA,NA,10,Regular,793522,793569,47,9123,0.144364588,28.02208794,NA,NA,NA,Aquatic Insects,43,Family,Heptageniidae,Heptageniidae,NA,1,6.927,0.036,NA,NA,NA,NA,NA,NA,3,FM,NA,NA,NA   NA   3   NA,NA   NA   FM   NA
STTD_2003-04-14 10:15:00,4/14/2003 10:15,STTD,2003,A,FALSE,CLD,NA,NA,15,0.23,768,NA,NA,NA,NA,10,Regular,793590,800891,7301,7301,22.42565648,22.42565648,NA,NA,NA,Aquatic Non-Insects,9,Family,Corophiidae,Corophiidae,NA,1,0.045,0.045,NA,NA,NA,NA,NA,NA,NA,NA,NA,NA,NA   NA   NA   NA,NA   NA   NA   NA
SHR_2003-05-05 09:00:00,5/5/2003 9:00,SHR,2003,A,TRUE,CLD,NA,NA,14,0.28,112,NA,NA,NA,NA,10,Regular,800947,800998,51,9123,0.156650936,28.02208794,NA,NA,NA,Aquatic Non-Insects,4,Family,Naididae,Naididae,NA,2,12.767,0.071,NA,NA,NA,NA,NA,NA,3,FM,NA,NA,NA   NA   3   NA,NA   NA   FM   NA
SHR_2003-05-05 09:00:00,5/5/2003 9:00,SHR,2003,A,TRUE,CLD,NA,NA,14,0.28,112,NA,NA,NA,NA,10,Regular,800947,800998,51,9123,0.156650936,28.02208794,NA,NA,NA,Aquatic Non-Insects,9,Family,Corophiidae,Corophiidae,NA,1,6.384,0.036,NA,NA,NA,NA,NA,NA,3,FM,NA,NA,NA   NA   3   NA,NA   NA   FM   NA
SHR_2003-05-05 09:00:00,5/5/2003 9:00,SHR,2003,A,TRUE,CLD,NA,NA,14,0.28,112,NA,NA,NA,NA,10,Regular,800947,800998,51,9123,0.156650936,28.02208794,NA,NA,NA,Aquatic Insects,41,Family,Baetidae,Baetidae,NA,1,6.384,0.036,NA,NA,NA,NA,NA,NA,3,FM,NA,NA,NA   NA   3   NA,NA   NA   FM   NA
SHR_2003-05-05 09:00:00,5/5/2003 9:00,SHR,2003,A,TRUE,CLD,NA,NA,14,0.28,112,NA,NA,NA,NA,10,Regular,800947,800998,51,9123,0.156650936,28.02208794,NA,NA,NA,Aquatic Insects,34,Family,Chironomidae,Chironomidae,NA,4,25.534,0.143,NA,NA,NA,NA,NA,NA,3,FM,NA,NA,NA   NA   3   NA,NA   NA   FM   NA
SHR_2003-05-05 09:00:00,5/5/2003 9:00,SHR,2003,A,TRUE,CLD,NA,NA,14,0.28,112,NA,NA,NA,NA,10,Regular,800947,800998,51,9123,0.156650936,28.02208794,NA,NA,NA,Terrestrial Insects,66,Order,Hymenoptera,Hymenoptera,NA,1,6.384,0.036,NA,NA,NA,NA,NA,NA,3,FM,NA,NA,NA   NA   3   NA,NA   NA   FM   NA
SHR_2003-05-14 08:42:00,5/14/2003 8:42,SHR,2003,A,FALSE,CLR,NA,NA,17,0.5,121,NA,NA,NA,NA,10,Regular,814658,816322,1664,1664,5.111120721,5.111120721,NA,NA,NA,Aquatic Non-Insects,24,Family,Mermithidae,Mermithidae,NA,2,0.391,0.391,NA,NA,NA,NA,NA,NA,NA,NA,NA,NA,NA   NA   NA   NA,NA   NA   NA   NA
SHR_2003-05-14 08:42:00,5/14/2003 8:42,SHR,2003,A,FALSE,CLR,NA,NA,17,0.5,121,NA,NA,NA,NA,10,Regular,814658,816322,1664,1664,5.111120721,5.111120721,NA,NA,NA,Aquatic Non-Insects,2,Family,Enchytraeidae,Enchytraeidae,NA,2,0.391,0.391,NA,NA,NA,NA,NA,NA,NA,NA,NA,NA,NA   NA   NA   NA,NA   NA   NA   NA
SHR_2003-05-14 08:42:00,5/14/2003 8:42,SHR,2003,A,FALSE,CLR,NA,NA,17,0.5,121,NA,NA,NA,NA,10,Regular,814658,816322,1664,1664,5.111120721,5.111120721,NA,NA,NA,Aquatic Non-Insects,4,Family,Naididae,Naididae,NA,2,0.391,0.391,NA,NA,NA,NA,NA,NA,NA,NA,NA,NA,NA   NA   NA   NA,NA   NA   NA   NA
SHR_2003-05-14 08:42:00,5/14/2003 8:42,SHR,2003,A,FALSE,CLR,NA,NA,17,0.5,121,NA,NA,NA,NA,10,Regular,814658,816322,1664,1664,5.111120721,5.111120721,NA,NA,NA,Aquatic Non-Insects,13,Family,Mysidae,Mysidae,NA,1,0.196,0.196,NA,NA,NA,NA,NA,NA,NA,NA,NA,NA,NA   NA   NA   NA,NA   NA   NA   NA
SHR_2003-05-14 08:42:00,5/14/2003 8:42,SHR,2003,A,FALSE,CLR,NA,NA,17,0.5,121,NA,NA,NA,NA,10,Regular,814658,816322,1664,1664,5.111120721,5.111120721,NA,NA,NA,Aquatic Non-Insects,9,Family,Corophiidae,Corophiidae,NA,2,0.391,0.391,NA,NA,NA,NA,NA,NA,NA,NA,NA,NA,NA   NA   NA   NA,NA   NA   NA   NA
SHR_2003-05-14 08:42:00,5/14/2003 8:42,SHR,2003,A,FALSE,CLR,NA,NA,17,0.5,121,NA,NA,NA,NA,10,Regular,814658,816322,1664,1664,5.111120721,5.111120721,NA,NA,NA,Aquatic Non-Insects,19,Family,Corbiculidae,Corbiculidae,NA,1,0.196,0.196,NA,NA,NA,NA,NA,NA,NA,NA,NA,NA,NA   NA   NA   NA,NA   NA   NA   NA
SHR_2003-05-14 08:42:00,5/14/2003 8:42,SHR,2003,A,FALSE,CLR,NA,NA,17,0.5,121,NA,NA,NA,NA,10,Regular,814658,816322,1664,1664,5.111120721,5.111120721,NA,NA,NA,Aquatic Insects,110,Family,Pseudironidae,Pseudironidae,NA,1,0.196,0.196,NA,NA,NA,NA,NA,NA,NA,NA,NA,NA,NA   NA   NA   NA,NA   NA   NA   NA
SHR_2003-05-14 08:42:00,5/14/2003 8:42,SHR,2003,A,FALSE,CLR,NA,NA,17,0.5,121,NA,NA,NA,NA,10,Regular,814658,816322,1664,1664,5.111120721,5.111120721,NA,NA,NA,Aquatic Insects,34,Family,Chironomidae,Chironomidae,NA,20,3.913,3.913,NA,NA,NA,NA,NA,NA,NA,NA,NA,NA,NA   NA   NA   NA,NA   NA   NA   NA
SHR_2003-05-14 08:42:00,5/14/2003 8:42,SHR,2003,A,FALSE,CLR,NA,NA,17,0.5,121,NA,NA,NA,NA,10,Regular,814658,816322,1664,1664,5.111120721,5.111120721,NA,NA,NA,Terrestrial Non-Insects,68,Order,Collembola,Collembola,NA,1,0.196,0.196,NA,NA,NA,NA,NA,NA,NA,NA,NA,NA,NA   NA   NA   NA,NA   NA   NA   NA
SHR_2003-05-14 08:42:00,5/14/2003 8:42,SHR,2003,A,FALSE,CLR,NA,NA,17,0.5,121,NA,NA,NA,NA,10,Regular,814658,816322,1664,1664,5.111120721,5.111120721,NA,NA,NA,Terrestrial Insects,66,Order,Hymenoptera,Hymenoptera,NA,1,0.196,0.196,NA,NA,NA,NA,NA,NA,NA,NA,NA,NA,NA   NA   NA   NA,NA   NA   NA   NA
STTD_2003-05-14 10:00:00,5/14/2003 10:00,STTD,2003,A,FALSE,CLR,NA,NA,21.1,0.23,466,NA,NA,NA,NA,10,Regular,816319,826732,10413,10413,31.98443514,31.98443514,NA,meter reading from zoop,NA,Aquatic Non-Insects,13,Family,Mysidae,Mysidae,NA,1,0.031,0.031,NA,NA,2,SAMP,NA,NA,NA,NA,NA,NA,2   NA   NA   NA,SAMP   NA   NA   NA
STTD_2003-05-14 10:00:00,5/14/2003 10:00,STTD,2003,A,FALSE,CLR,NA,NA,21.1,0.23,466,NA,NA,NA,NA,10,Regular,816319,826732,10413,10413,31.98443514,31.98443514,NA,meter reading from zoop,NA,Aquatic Non-Insects,9,Family,Corophiidae,Corophiidae,NA,7,0.219,0.219,NA,NA,2,SAMP,NA,NA,NA,NA,NA,NA,2   NA   NA   NA,SAMP   NA   NA   NA
STTD_2003-05-14 10:00:00,5/14/2003 10:00,STTD,2003,A,FALSE,CLR,NA,NA,21.1,0.23,466,NA,NA,NA,NA,10,Regular,816319,826732,10413,10413,31.98443514,31.98443514,NA,meter reading from zoop,NA,Aquatic Insects,40,Family,Caenidae,Caenidae,NA,1,0.031,0.031,NA,NA,2,SAMP,NA,NA,NA,NA,NA,NA,2   NA   NA   NA,SAMP   NA   NA   NA
STTD_2003-05-14 10:00:00,5/14/2003 10:00,STTD,2003,A,FALSE,CLR,NA,NA,21.1,0.23,466,NA,NA,NA,NA,10,Regular,816319,826732,10413,10413,31.98443514,31.98443514,NA,meter reading from zoop,NA,Aquatic Insects,44,Family,Corixidae,Corixidae,NA,129,4.033,4.033,NA,NA,2,SAMP,NA,NA,NA,NA,NA,NA,2   NA   NA   NA,SAMP   NA   NA   NA
STTD_2003-05-14 10:00:00,5/14/2003 10:00,STTD,2003,A,FALSE,CLR,NA,NA,21.1,0.23,466,NA,NA,NA,NA,10,Regular,816319,826732,10413,10413,31.98443514,31.98443514,NA,meter reading from zoop,NA,Aquatic Insects,45,Family,Notonectidae,Notonectidae,NA,1,0.031,0.031,NA,NA,2,SAMP,NA,NA,NA,NA,NA,NA,2   NA   NA   NA,SAMP   NA   NA   NA
STTD_2003-05-14 10:00:00,5/14/2003 10:00,STTD,2003,A,FALSE,CLR,NA,NA,21.1,0.23,466,NA,NA,NA,NA,10,Regular,816319,826732,10413,10413,31.98443514,31.98443514,NA,meter reading from zoop,NA,Aquatic Insects,32,Family,Ceratopogonidae,Ceratopogonidae,NA,16,0.5,0.5,NA,NA,2,SAMP,NA,NA,NA,NA,NA,NA,2   NA   NA   NA,SAMP   NA   NA   NA
STTD_2003-05-14 10:00:00,5/14/2003 10:00,STTD,2003,A,FALSE,CLR,NA,NA,21.1,0.23,466,NA,NA,NA,NA,10,Regular,816319,826732,10413,10413,31.98443514,31.98443514,NA,meter reading from zoop,NA,Aquatic Insects,34,Family,Chironomidae,Chironomidae,NA,33,1.032,1.032,NA,NA,2,SAMP,NA,NA,NA,NA,NA,NA,2   NA   NA   NA,SAMP   NA   NA   NA
STTD_2003-05-14 10:00:00,5/14/2003 10:00,STTD,2003,A,FALSE,CLR,NA,NA,21.1,0.23,466,NA,NA,NA,NA,10,Regular,816319,826732,10413,10413,31.98443514,31.98443514,NA,meter reading from zoop,NA,Aquatic Insects,38,Family,Simuliidae,Simuliidae,NA,1,0.031,0.031,NA,NA,2,SAMP,NA,NA,NA,NA,NA,NA,2   NA   NA   NA,SAMP   NA   NA   NA
STTD_2003-05-14 10:00:00,5/14/2003 10:00,STTD,2003,A,FALSE,CLR,NA,NA,21.1,0.23,466,NA,NA,NA,NA,10,Regular,816319,826732,10413,10413,31.98443514,31.98443514,NA,meter reading from zoop,NA,Aquatic Insects,39,Family,Tipulidae,Tipulidae,NA,1,0.031,0.031,NA,NA,2,SAMP,NA,NA,NA,NA,NA,NA,2   NA   NA   NA,SAMP   NA   NA   NA
STTD_2003-05-14 10:00:00,5/14/2003 10:00,STTD,2003,A,FALSE,CLR,NA,NA,21.1,0.23,466,NA,NA,NA,NA,10,Regular,816319,826732,10413,10413,31.98443514,31.98443514,NA,meter reading from zoop,NA,Aquatic Insects,36,Family,Ephydridae,Ephydridae,NA,4,0.125,0.125,NA,NA,2,SAMP,NA,NA,NA,NA,NA,NA,2   NA   NA   NA,SAMP   NA   NA   NA
STTD_2003-05-14 10:00:00,5/14/2003 10:00,STTD,2003,A,FALSE,CLR,NA,NA,21.1,0.23,466,NA,NA,NA,NA,10,Regular,816319,826732,10413,10413,31.98443514,31.98443514,NA,meter reading from zoop,NA,Terrestrial Non-Insects,113,Class,Arachnida,Arachnid,NA,2,0.063,0.063,NA,NA,2,SAMP,NA,NA,NA,NA,NA,NA,2   NA   NA   NA,SAMP   NA   NA   NA
STTD_2003-05-14 10:00:00,5/14/2003 10:00,STTD,2003,A,FALSE,CLR,NA,NA,21.1,0.23,466,NA,NA,NA,NA,10,Regular,816319,826732,10413,10413,31.98443514,31.98443514,NA,meter reading from zoop,NA,Terrestrial Non-Insects,68,Order,Collembola,Collembola,NA,1,0.031,0.031,NA,NA,2,SAMP,NA,NA,NA,NA,NA,NA,2   NA   NA   NA,SAMP   NA   NA   NA
STTD_2003-05-14 10:00:00,5/14/2003 10:00,STTD,2003,A,FALSE,CLR,NA,NA,21.1,0.23,466,NA,NA,NA,NA,10,Regular,816319,826732,10413,10413,31.98443514,31.98443514,NA,meter reading from zoop,NA,Terrestrial Insects,67,Order,Psocoptera,Psocoptera,NA,1,0.031,0.031,NA,NA,2,SAMP,NA,NA,NA,NA,NA,NA,2   NA   NA   NA,SAMP   NA   NA   NA
STTD_2003-05-14 10:00:00,5/14/2003 10:00,STTD,2003,A,FALSE,CLR,NA,NA,21.1,0.23,466,NA,NA,NA,NA,10,Regular,816319,826732,10413,10413,31.98443514,31.98443514,NA,meter reading from zoop,NA,Terrestrial Insects,63,Order,Coleoptera,Coleoptera,NA,6,0.188,0.188,NA,NA,2,SAMP,NA,NA,NA,NA,NA,NA,2   NA   NA   NA,SAMP   NA   NA   NA
STTD_2003-05-14 10:00:00,5/14/2003 10:00,STTD,2003,A,FALSE,CLR,NA,NA,21.1,0.23,466,NA,NA,NA,NA,10,Regular,816319,826732,10413,10413,31.98443514,31.98443514,NA,meter reading from zoop,NA,Terrestrial Insects,66,Order,Hymenoptera,Hymenoptera,NA,6,0.188,0.188,NA,NA,2,SAMP,NA,NA,NA,NA,NA,NA,2   NA   NA   NA,SAMP   NA   NA   NA
SHR_2003-05-28 08:57:00,5/28/2003 8:57,SHR,2003,A,FALSE,CLR,NA,NA,19,0.56,127,NA,NA,NA,NA,10,Regular,826750,828327,1577,1577,4.843892654,4.843892654,NA,NA,NA,Aquatic Non-Insects,18,Family,Hydridae,Hydridae,NA,1,0.206,0.206,NA,NA,NA,NA,NA,NA,NA,NA,NA,NA,NA   NA   NA   NA,NA   NA   NA   NA
SHR_2003-05-28 08:57:00,5/28/2003 8:57,SHR,2003,A,FALSE,CLR,NA,NA,19,0.56,127,NA,NA,NA,NA,10,Regular,826750,828327,1577,1577,4.843892654,4.843892654,NA,NA,NA,Aquatic Non-Insects,24,Family,Mermithidae,Mermithidae,NA,2,0.413,0.413,NA,NA,NA,NA,NA,NA,NA,NA,NA,NA,NA   NA   NA   NA,NA   NA   NA   NA
SHR_2003-05-28 08:57:00,5/28/2003 8:57,SHR,2003,A,FALSE,CLR,NA,NA,19,0.56,127,NA,NA,NA,NA,10,Regular,826750,828327,1577,1577,4.843892654,4.843892654,NA,NA,NA,Aquatic Non-Insects,4,Family,Naididae,Naididae,NA,1,0.206,0.206,NA,NA,NA,NA,NA,NA,NA,NA,NA,NA,NA   NA   NA   NA,NA   NA   NA   NA
SHR_2003-05-28 08:57:00,5/28/2003 8:57,SHR,2003,A,FALSE,CLR,NA,NA,19,0.56,127,NA,NA,NA,NA,10,Regular,826750,828327,1577,1577,4.843892654,4.843892654,NA,NA,NA,Aquatic Non-Insects,9,Family,Corophiidae,Corophiidae,NA,1,0.206,0.206,NA,NA,NA,NA,NA,NA,NA,NA,NA,NA,NA   NA   NA   NA,NA   NA   NA   NA
SHR_2003-05-28 08:57:00,5/28/2003 8:57,SHR,2003,A,FALSE,CLR,NA,NA,19,0.56,127,NA,NA,NA,NA,10,Regular,826750,828327,1577,1577,4.843892654,4.843892654,NA,NA,NA,Aquatic Insects,41,Family,Baetidae,Baetidae,NA,3,0.619,0.619,NA,NA,NA,NA,NA,NA,NA,NA,NA,NA,NA   NA   NA   NA,NA   NA   NA   NA
SHR_2003-05-28 08:57:00,5/28/2003 8:57,SHR,2003,A,FALSE,CLR,NA,NA,19,0.56,127,NA,NA,NA,NA,10,Regular,826750,828327,1577,1577,4.843892654,4.843892654,NA,NA,NA,Aquatic Insects,34,Family,Chironomidae,Chironomidae,NA,5,1.032,1.032,NA,NA,NA,NA,NA,NA,NA,NA,NA,NA,NA   NA   NA   NA,NA   NA   NA   NA
SHR_2003-05-28 08:57:00,5/28/2003 8:57,SHR,2003,A,FALSE,CLR,NA,NA,19,0.56,127,NA,NA,NA,NA,10,Regular,826750,828327,1577,1577,4.843892654,4.843892654,NA,NA,NA,Terrestrial Non-Insects,68,Order,Collembola,Collembola,NA,1,0.206,0.206,NA,NA,NA,NA,NA,NA,NA,NA,NA,NA,NA   NA   NA   NA,NA   NA   NA   NA
SHR_2003-05-28 08:57:00,5/28/2003 8:57,SHR,2003,A,FALSE,CLR,NA,NA,19,0.56,127,NA,NA,NA,NA,10,Regular,826750,828327,1577,1577,4.843892654,4.843892654,NA,NA,NA,Terrestrial Insects,66,Order,Hymenoptera,Hymenoptera,NA,1,0.206,0.206,NA,NA,NA,NA,NA,NA,NA,NA,NA,NA,NA   NA   NA   NA,NA   NA   NA   NA
SHR_2003-05-28 08:57:00,5/28/2003 8:57,SHR,2003,A,FALSE,CLR,NA,NA,19,0.56,127,NA,NA,NA,NA,10,Regular,826750,828327,1577,1577,4.843892654,4.843892654,NA,NA,NA,Aquatic Non-Insects,79,Subphylum,Vertebrata,Fish,NA,17,3.51,3.51,NA,NA,NA,NA,NA,NA,NA,NA,NA,NA,NA   NA   NA   NA,NA   NA   NA   NA
STTD_2003-05-28 10:39:00,5/28/2003 10:39,STTD,2003,A,FALSE,CLR,NA,NA,24,0.24,692,NA,NA,NA,NA,10,Regular,828332,838205,9873,9873,30.32577817,30.32577817,NA,meter reading from zoop;end meter not written down right after sample pulled,NA,Aquatic Non-Insects,9,Family,Corophiidae,Corophiidae,NA,1,0.033,0.033,NA,NA,2,SAMP,NA,NA,NA,NA,NA,NA,2   NA   NA   NA,SAMP   NA   NA   NA
STTD_2003-05-28 10:39:00,5/28/2003 10:39,STTD,2003,A,FALSE,CLR,NA,NA,24,0.24,692,NA,NA,NA,NA,10,Regular,828332,838205,9873,9873,30.32577817,30.32577817,NA,meter reading from zoop;end meter not written down right after sample pulled,NA,Aquatic Non-Insects,104,Family,Palaemonidae,Palaemonidae,NA,3,0.099,0.099,NA,NA,2,SAMP,NA,NA,NA,NA,NA,NA,2   NA   NA   NA,SAMP   NA   NA   NA
STTD_2003-05-28 10:39:00,5/28/2003 10:39,STTD,2003,A,FALSE,CLR,NA,NA,24,0.24,692,NA,NA,NA,NA,10,Regular,828332,838205,9873,9873,30.32577817,30.32577817,NA,meter reading from zoop;end meter not written down right after sample pulled,NA,Aquatic Insects,44,Family,Corixidae,Corixidae,NA,1,0.033,0.033,NA,NA,2,SAMP,NA,NA,NA,NA,NA,NA,2   NA   NA   NA,SAMP   NA   NA   NA
STTD_2003-05-28 10:39:00,5/28/2003 10:39,STTD,2003,A,FALSE,CLR,NA,NA,24,0.24,692,NA,NA,NA,NA,10,Regular,828332,838205,9873,9873,30.32577817,30.32577817,NA,meter reading from zoop;end meter not written down right after sample pulled,NA,Aquatic Insects,30,Family,Dytiscidae,Dytiscidae,NA,1,0.033,0.033,NA,NA,2,SAMP,NA,NA,NA,NA,NA,NA,2   NA   NA   NA,SAMP   NA   NA   NA
STTD_2003-05-28 10:39:00,5/28/2003 10:39,STTD,2003,A,FALSE,CLR,NA,NA,24,0.24,692,NA,NA,NA,NA,10,Regular,828332,838205,9873,9873,30.32577817,30.32577817,NA,meter reading from zoop;end meter not written down right after sample pulled,NA,Aquatic Insects,52,Family,Hydraenidae,Hydraenidae,NA,1,0.033,0.033,NA,NA,2,SAMP,NA,NA,NA,NA,NA,NA,2   NA   NA   NA,SAMP   NA   NA   NA
STTD_2003-05-28 10:39:00,5/28/2003 10:39,STTD,2003,A,FALSE,CLR,NA,NA,24,0.24,692,NA,NA,NA,NA,10,Regular,828332,838205,9873,9873,30.32577817,30.32577817,NA,meter reading from zoop;end meter not written down right after sample pulled,NA,Aquatic Insects,32,Family,Ceratopogonidae,Ceratopogonidae,NA,2,0.066,0.066,NA,NA,2,SAMP,NA,NA,NA,NA,NA,NA,2   NA   NA   NA,SAMP   NA   NA   NA
STTD_2003-05-28 10:39:00,5/28/2003 10:39,STTD,2003,A,FALSE,CLR,NA,NA,24,0.24,692,NA,NA,NA,NA,10,Regular,828332,838205,9873,9873,30.32577817,30.32577817,NA,meter reading from zoop;end meter not written down right after sample pulled,NA,Aquatic Insects,34,Family,Chironomidae,Chironomidae,NA,13,0.429,0.429,NA,NA,2,SAMP,NA,NA,NA,NA,NA,NA,2   NA   NA   NA,SAMP   NA   NA   NA
STTD_2003-05-28 10:39:00,5/28/2003 10:39,STTD,2003,A,FALSE,CLR,NA,NA,24,0.24,692,NA,NA,NA,NA,10,Regular,828332,838205,9873,9873,30.32577817,30.32577817,NA,meter reading from zoop;end meter not written down right after sample pulled,NA,Terrestrial Insects,84,Order,Thysanura,Thysanura,NA,1,0.033,0.033,NA,NA,2,SAMP,NA,NA,NA,NA,NA,NA,2   NA   NA   NA,SAMP   NA   NA   NA
STTD_2003-05-28 10:39:00,5/28/2003 10:39,STTD,2003,A,FALSE,CLR,NA,NA,24,0.24,692,NA,NA,NA,NA,10,Regular,828332,838205,9873,9873,30.32577817,30.32577817,NA,meter reading from zoop;end meter not written down right after sample pulled,NA,Terrestrial Insects,63,Order,Coleoptera,Coleoptera,NA,1,0.033,0.033,NA,NA,2,SAMP,NA,NA,NA,NA,NA,NA,2   NA   NA   NA,SAMP   NA   NA   NA
STTD_2003-05-28 10:39:00,5/28/2003 10:39,STTD,2003,A,FALSE,CLR,NA,NA,24,0.24,692,NA,NA,NA,NA,10,Regular,828332,838205,9873,9873,30.32577817,30.32577817,NA,meter reading from zoop;end meter not written down right after sample pulled,NA,Terrestrial Insects,66,Order,Hymenoptera,Hymenoptera,NA,3,0.099,0.099,NA,NA,2,SAMP,NA,NA,NA,NA,NA,NA,2   NA   NA   NA,SAMP   NA   NA   NA
STTD_2003-05-28 10:39:00,5/28/2003 10:39,STTD,2003,A,FALSE,CLR,NA,NA,24,0.24,692,NA,NA,NA,NA,10,Regular,828332,838205,9873,9873,30.32577817,30.32577817,NA,meter reading from zoop;end meter not written down right after sample pulled,NA,Aquatic Non-Insects,79,Subphylum,Vertebrata,Fish,NA,10,0.33,0.33,NA,NA,2,SAMP,NA,NA,NA,NA,NA,NA,2   NA   NA   NA,SAMP   NA   NA   NA
SHR_2003-06-11 08:38:00,6/11/2003 8:38,SHR,2003,A,FALSE,CLD,NA,NA,19,0.7,127,NA,NA,NA,NA,10,Regular,838208,839736,1528,1528,4.693384893,4.693384893,NA,NA,NA,Aquatic Non-Insects,9,Family,Corophiidae,Corophiidae,NA,1,0.213,0.213,NA,NA,NA,NA,NA,NA,NA,NA,NA,NA,NA   NA   NA   NA,NA   NA   NA   NA
SHR_2003-06-11 08:38:00,6/11/2003 8:38,SHR,2003,A,FALSE,CLD,NA,NA,19,0.7,127,NA,NA,NA,NA,10,Regular,838208,839736,1528,1528,4.693384893,4.693384893,NA,NA,NA,Aquatic Non-Insects,19,Family,Corbiculidae,Corbiculidae,NA,1,0.213,0.213,NA,NA,NA,NA,NA,NA,NA,NA,NA,NA,NA   NA   NA   NA,NA   NA   NA   NA
SHR_2003-06-11 08:38:00,6/11/2003 8:38,SHR,2003,A,FALSE,CLD,NA,NA,19,0.7,127,NA,NA,NA,NA,10,Regular,838208,839736,1528,1528,4.693384893,4.693384893,NA,NA,NA,Aquatic Insects,88,Family,Hydroptilidae,Hydroptilidae,NA,1,0.213,0.213,NA,NA,NA,NA,NA,NA,NA,NA,NA,NA,NA   NA   NA   NA,NA   NA   NA   NA
SHR_2003-06-11 08:38:00,6/11/2003 8:38,SHR,2003,A,FALSE,CLD,NA,NA,19,0.7,127,NA,NA,NA,NA,10,Regular,838208,839736,1528,1528,4.693384893,4.693384893,NA,NA,NA,Aquatic Insects,34,Family,Chironomidae,Chironomidae,NA,8,1.705,1.705,NA,NA,NA,NA,NA,NA,NA,NA,NA,NA,NA   NA   NA   NA,NA   NA   NA   NA
SHR_2003-06-11 08:38:00,6/11/2003 8:38,SHR,2003,A,FALSE,CLD,NA,NA,19,0.7,127,NA,NA,NA,NA,10,Regular,838208,839736,1528,1528,4.693384893,4.693384893,NA,NA,NA,Aquatic Non-Insects,79,Subphylum,Vertebrata,Fish,NA,5,1.065,1.065,NA,NA,NA,NA,NA,NA,NA,NA,NA,NA,NA   NA   NA   NA,NA   NA   NA   NA
STTD_2003-06-11 10:00:00,6/11/2003 10:00,STTD,2003,A,FALSE,CLR,NA,NA,21,0.13,839,NA,NA,NA,NA,10,Regular,839731,839748,17,8106,0.052216979,24.89828399,NA,meter reading from zoop,NA,Aquatic Non-Insects,18,Family,Hydridae,Hydridae,NA,2,38.302,0.08,NA,NA,2,SAMP,NA,NA,3,FM,NA,NA,2   NA   3   NA,SAMP   NA   FM   NA
STTD_2003-06-11 10:00:00,6/11/2003 10:00,STTD,2003,A,FALSE,CLR,NA,NA,21,0.13,839,NA,NA,NA,NA,10,Regular,839731,839748,17,8106,0.052216979,24.89828399,NA,meter reading from zoop,NA,Aquatic Non-Insects,13,Family,Mysidae,Mysidae,NA,1,19.151,0.04,NA,NA,2,SAMP,NA,NA,3,FM,NA,NA,2   NA   3   NA,SAMP   NA   FM   NA
STTD_2003-06-11 10:00:00,6/11/2003 10:00,STTD,2003,A,FALSE,CLR,NA,NA,21,0.13,839,NA,NA,NA,NA,10,Regular,839731,839748,17,8106,0.052216979,24.89828399,NA,meter reading from zoop,NA,Aquatic Non-Insects,104,Family,Palaemonidae,Palaemonidae,NA,5,95.754,0.201,NA,NA,2,SAMP,NA,NA,3,FM,NA,NA,2   NA   3   NA,SAMP   NA   FM   NA
STTD_2003-06-11 10:00:00,6/11/2003 10:00,STTD,2003,A,FALSE,CLR,NA,NA,21,0.13,839,NA,NA,NA,NA,10,Regular,839731,839748,17,8106,0.052216979,24.89828399,NA,meter reading from zoop,NA,Terrestrial Non-Insects,113,Class,Arachnida,Arachnid,NA,1,19.151,0.04,NA,NA,2,SAMP,NA,NA,3,FM,NA,NA,2   NA   3   NA,SAMP   NA   FM   NA
STTD_2003-06-11 10:00:00,6/11/2003 10:00,STTD,2003,A,FALSE,CLR,NA,NA,21,0.13,839,NA,NA,NA,NA,10,Regular,839731,839748,17,8106,0.052216979,24.89828399,NA,meter reading from zoop,NA,Aquatic Non-Insects,79,Subphylum,Vertebrata,Fish,NA,63,1206.504,2.53,NA,NA,2,SAMP,NA,NA,3,FM,NA,NA,2   NA   3   NA,SAMP   NA   FM   NA
SHR_2003-06-25 09:00:00,6/25/2003 9:00,SHR,2003,A,FALSE,CLR,NA,NA,21,0.7,137,NA,NA,NA,NA,10,Regular,839755,839797,42,9123,0.129006653,28.02208794,NA,NA,NA,Aquatic Non-Insects,10,Family,Crangonyctidae,Crangonyctidae,NA,1,7.752,0.036,NA,NA,NA,NA,NA,NA,3,FM,NA,NA,NA   NA   3   NA,NA   NA   FM   NA
SHR_2003-06-25 09:00:00,6/25/2003 9:00,SHR,2003,A,FALSE,CLR,NA,NA,21,0.7,137,NA,NA,NA,NA,10,Regular,839755,839797,42,9123,0.129006653,28.02208794,NA,NA,NA,Aquatic Insects,42,Family,Ephemerellidae,Ephemerellidae,NA,1,7.752,0.036,NA,NA,NA,NA,NA,NA,3,FM,NA,NA,NA   NA   3   NA,NA   NA   FM   NA
SHR_2003-06-25 09:00:00,6/25/2003 9:00,SHR,2003,A,FALSE,CLR,NA,NA,21,0.7,137,NA,NA,NA,NA,10,Regular,839755,839797,42,9123,0.129006653,28.02208794,NA,NA,NA,Aquatic Insects,34,Family,Chironomidae,Chironomidae,NA,2,15.503,0.071,NA,NA,NA,NA,NA,NA,3,FM,NA,NA,NA   NA   3   NA,NA   NA   FM   NA
SHR_2003-06-25 09:00:00,6/25/2003 9:00,SHR,2003,A,FALSE,CLR,NA,NA,21,0.7,137,NA,NA,NA,NA,10,Regular,839755,839797,42,9123,0.129006653,28.02208794,NA,NA,NA,Aquatic Non-Insects,79,Subphylum,Vertebrata,Fish,NA,10,77.515,0.357,NA,NA,NA,NA,NA,NA,3,FM,NA,NA,NA   NA   3   NA,NA   NA   FM   NA
STTD_2003-06-25 10:13:00,6/25/2003 10:13,STTD,2003,A,FALSE,CLR,NA,NA,23,0.09,384,NA,NA,NA,NA,10,Regular,839807,845908,6101,6101,18.73975211,18.73975211,NA,meter reading from zoop,NA,Aquatic Non-Insects,13,Family,Mysidae,Mysidae,NA,3,0.16,0.16,NA,NA,2,SAMP,NA,NA,NA,NA,NA,NA,2   NA   NA   NA,SAMP   NA   NA   NA
STTD_2003-06-25 10:13:00,6/25/2003 10:13,STTD,2003,A,FALSE,CLR,NA,NA,23,0.09,384,NA,NA,NA,NA,10,Regular,839807,845908,6101,6101,18.73975211,18.73975211,NA,meter reading from zoop,NA,Aquatic Non-Insects,104,Family,Palaemonidae,Palaemonidae,NA,1,0.053,0.053,NA,NA,2,SAMP,NA,NA,NA,NA,NA,NA,2   NA   NA   NA,SAMP   NA   NA   NA
STTD_2003-06-25 10:13:00,6/25/2003 10:13,STTD,2003,A,FALSE,CLR,NA,NA,23,0.09,384,NA,NA,NA,NA,10,Regular,839807,845908,6101,6101,18.73975211,18.73975211,NA,meter reading from zoop,NA,Aquatic Insects,44,Family,Corixidae,Corixidae,NA,2,0.107,0.107,NA,NA,2,SAMP,NA,NA,NA,NA,NA,NA,2   NA   NA   NA,SAMP   NA   NA   NA
STTD_2003-06-25 10:13:00,6/25/2003 10:13,STTD,2003,A,FALSE,CLR,NA,NA,23,0.09,384,NA,NA,NA,NA,10,Regular,839807,845908,6101,6101,18.73975211,18.73975211,NA,meter reading from zoop,NA,Aquatic Insects,52,Family,Hydraenidae,Hydraenidae,NA,3,0.16,0.16,NA,NA,2,SAMP,NA,NA,NA,NA,NA,NA,2   NA   NA   NA,SAMP   NA   NA   NA
STTD_2003-06-25 10:13:00,6/25/2003 10:13,STTD,2003,A,FALSE,CLR,NA,NA,23,0.09,384,NA,NA,NA,NA,10,Regular,839807,845908,6101,6101,18.73975211,18.73975211,NA,meter reading from zoop,NA,Aquatic Insects,32,Family,Ceratopogonidae,Ceratopogonidae,NA,1,0.053,0.053,NA,NA,2,SAMP,NA,NA,NA,NA,NA,NA,2   NA   NA   NA,SAMP   NA   NA   NA
STTD_2003-06-25 10:13:00,6/25/2003 10:13,STTD,2003,A,FALSE,CLR,NA,NA,23,0.09,384,NA,NA,NA,NA,10,Regular,839807,845908,6101,6101,18.73975211,18.73975211,NA,meter reading from zoop,NA,Aquatic Insects,34,Family,Chironomidae,Chironomidae,NA,2,0.107,0.107,NA,NA,2,SAMP,NA,NA,NA,NA,NA,NA,2   NA   NA   NA,SAMP   NA   NA   NA
STTD_2003-06-25 10:13:00,6/25/2003 10:13,STTD,2003,A,FALSE,CLR,NA,NA,23,0.09,384,NA,NA,NA,NA,10,Regular,839807,845908,6101,6101,18.73975211,18.73975211,NA,meter reading from zoop,NA,Aquatic Insects,36,Family,Ephydridae,Ephydridae,NA,1,0.053,0.053,NA,NA,2,SAMP,NA,NA,NA,NA,NA,NA,2   NA   NA   NA,SAMP   NA   NA   NA
STTD_2003-06-25 10:13:00,6/25/2003 10:13,STTD,2003,A,FALSE,CLR,NA,NA,23,0.09,384,NA,NA,NA,NA,10,Regular,839807,845908,6101,6101,18.73975211,18.73975211,NA,meter reading from zoop,NA,Terrestrial Non-Insects,113,Class,Arachnida,Arachnid,NA,6,0.32,0.32,NA,NA,2,SAMP,NA,NA,NA,NA,NA,NA,2   NA   NA   NA,SAMP   NA   NA   NA
STTD_2003-06-25 10:13:00,6/25/2003 10:13,STTD,2003,A,FALSE,CLR,NA,NA,23,0.09,384,NA,NA,NA,NA,10,Regular,839807,845908,6101,6101,18.73975211,18.73975211,NA,meter reading from zoop,NA,Terrestrial Insects,67,Order,Psocoptera,Psocoptera,NA,1,0.053,0.053,NA,NA,2,SAMP,NA,NA,NA,NA,NA,NA,2   NA   NA   NA,SAMP   NA   NA   NA
STTD_2003-06-25 10:13:00,6/25/2003 10:13,STTD,2003,A,FALSE,CLR,NA,NA,23,0.09,384,NA,NA,NA,NA,10,Regular,839807,845908,6101,6101,18.73975211,18.73975211,NA,meter reading from zoop,NA,Terrestrial Insects,71,Order,Hemiptera,Hemiptera,NA,1,0.053,0.053,NA,NA,2,SAMP,NA,NA,NA,NA,NA,NA,2   NA   NA   NA,SAMP   NA   NA   NA
STTD_2003-06-25 10:13:00,6/25/2003 10:13,STTD,2003,A,FALSE,CLR,NA,NA,23,0.09,384,NA,NA,NA,NA,10,Regular,839807,845908,6101,6101,18.73975211,18.73975211,NA,meter reading from zoop,NA,Terrestrial Insects,63,Order,Coleoptera,Coleoptera,NA,29,1.548,1.548,NA,NA,2,SAMP,NA,NA,NA,NA,NA,NA,2   NA   NA   NA,SAMP   NA   NA   NA
STTD_2003-06-25 10:13:00,6/25/2003 10:13,STTD,2003,A,FALSE,CLR,NA,NA,23,0.09,384,NA,NA,NA,NA,10,Regular,839807,845908,6101,6101,18.73975211,18.73975211,NA,meter reading from zoop,NA,Terrestrial Insects,73,Order,Lepidoptera,Lepidoptera,NA,1,0.053,0.053,NA,NA,2,SAMP,NA,NA,NA,NA,NA,NA,2   NA   NA   NA,SAMP   NA   NA   NA
STTD_2003-06-25 10:13:00,6/25/2003 10:13,STTD,2003,A,FALSE,CLR,NA,NA,23,0.09,384,NA,NA,NA,NA,10,Regular,839807,845908,6101,6101,18.73975211,18.73975211,NA,meter reading from zoop,NA,Terrestrial Insects,64,Order,Diptera,Diptera,NA,4,0.213,0.213,NA,NA,2,SAMP,NA,NA,NA,NA,NA,NA,2   NA   NA   NA,SAMP   NA   NA   NA
STTD_2003-06-25 10:13:00,6/25/2003 10:13,STTD,2003,A,FALSE,CLR,NA,NA,23,0.09,384,NA,NA,NA,NA,10,Regular,839807,845908,6101,6101,18.73975211,18.73975211,NA,meter reading from zoop,NA,Terrestrial Insects,66,Order,Hymenoptera,Hymenoptera,NA,22,1.174,1.174,NA,NA,2,SAMP,NA,NA,NA,NA,NA,NA,2   NA   NA   NA,SAMP   NA   NA   NA
STTD_2003-06-25 10:13:00,6/25/2003 10:13,STTD,2003,A,FALSE,CLR,NA,NA,23,0.09,384,NA,NA,NA,NA,10,Regular,839807,845908,6101,6101,18.73975211,18.73975211,NA,meter reading from zoop,NA,Aquatic Non-Insects,79,Subphylum,Vertebrata,Fish,NA,28,1.494,1.494,NA,NA,2,SAMP,NA,NA,NA,NA,NA,NA,2   NA   NA   NA,SAMP   NA   NA   NA
SHR_2004-01-09 10:17:00,1/9/2004 10:17,SHR,2004,A,TRUE,CLD,NA,NA,8.9,0.37,150,NA,NA,NA,NA,10,Regular,57,1064,1007,1007,3.09308808,3.09308808,1,From Zoop Net 1/8 (see 1/8/04 data sheet),NA,Aquatic Non-Insects,2,Family,Enchytraeidae,Enchytraeidae,NA,1,0.323,0.323,NA,NA,2,SAMP,NA,NA,NA,NA,NA,NA,2   NA   NA   NA,SAMP   NA   NA   NA
SHR_2004-01-09 10:17:00,1/9/2004 10:17,SHR,2004,A,TRUE,CLD,NA,NA,8.9,0.37,150,NA,NA,NA,NA,10,Regular,57,1064,1007,1007,3.09308808,3.09308808,1,From Zoop Net 1/8 (see 1/8/04 data sheet),NA,Aquatic Non-Insects,4,Family,Naididae,Naididae,NA,3,0.97,0.97,NA,NA,2,SAMP,NA,NA,NA,NA,NA,NA,2   NA   NA   NA,SAMP   NA   NA   NA
SHR_2004-01-09 10:17:00,1/9/2004 10:17,SHR,2004,A,TRUE,CLD,NA,NA,8.9,0.37,150,NA,NA,NA,NA,10,Regular,57,1064,1007,1007,3.09308808,3.09308808,1,From Zoop Net 1/8 (see 1/8/04 data sheet),NA,Aquatic Non-Insects,9,Family,Corophiidae,Corophiidae,NA,1,0.323,0.323,NA,NA,2,SAMP,NA,NA,NA,NA,NA,NA,2   NA   NA   NA,SAMP   NA   NA   NA
SHR_2004-01-09 10:17:00,1/9/2004 10:17,SHR,2004,A,TRUE,CLD,NA,NA,8.9,0.37,150,NA,NA,NA,NA,10,Regular,57,1064,1007,1007,3.09308808,3.09308808,1,From Zoop Net 1/8 (see 1/8/04 data sheet),NA,Aquatic Insects,41,Family,Baetidae,Baetidae,NA,1,0.323,0.323,NA,NA,2,SAMP,NA,NA,NA,NA,NA,NA,2   NA   NA   NA,SAMP   NA   NA   NA
SHR_2004-01-09 10:17:00,1/9/2004 10:17,SHR,2004,A,TRUE,CLD,NA,NA,8.9,0.37,150,NA,NA,NA,NA,10,Regular,57,1064,1007,1007,3.09308808,3.09308808,1,From Zoop Net 1/8 (see 1/8/04 data sheet),NA,Aquatic Insects,44,Family,Corixidae,Corixidae,NA,1,0.323,0.323,NA,NA,2,SAMP,NA,NA,NA,NA,NA,NA,2   NA   NA   NA,SAMP   NA   NA   NA
SHR_2004-01-09 10:17:00,1/9/2004 10:17,SHR,2004,A,TRUE,CLD,NA,NA,8.9,0.37,150,NA,NA,NA,NA,10,Regular,57,1064,1007,1007,3.09308808,3.09308808,1,From Zoop Net 1/8 (see 1/8/04 data sheet),NA,Aquatic Insects,30,Family,Dytiscidae,Dytiscidae,NA,2,0.647,0.647,NA,NA,2,SAMP,NA,NA,NA,NA,NA,NA,2   NA   NA   NA,SAMP   NA   NA   NA
SHR_2004-01-09 10:17:00,1/9/2004 10:17,SHR,2004,A,TRUE,CLD,NA,NA,8.9,0.37,150,NA,NA,NA,NA,10,Regular,57,1064,1007,1007,3.09308808,3.09308808,1,From Zoop Net 1/8 (see 1/8/04 data sheet),NA,Aquatic Insects,34,Family,Chironomidae,Chironomidae,NA,2,0.647,0.647,NA,NA,2,SAMP,NA,NA,NA,NA,NA,NA,2   NA   NA   NA,SAMP   NA   NA   NA
SHR_2004-01-09 10:17:00,1/9/2004 10:17,SHR,2004,A,TRUE,CLD,NA,NA,8.9,0.37,150,NA,NA,NA,NA,10,Regular,57,1064,1007,1007,3.09308808,3.09308808,1,From Zoop Net 1/8 (see 1/8/04 data sheet),NA,Terrestrial Non-Insects,68,Order,Collembola,Collembola,NA,1,0.323,0.323,NA,NA,2,SAMP,NA,NA,NA,NA,NA,NA,2   NA   NA   NA,SAMP   NA   NA   NA
SHR_2004-01-09 10:17:00,1/9/2004 10:17,SHR,2004,A,TRUE,CLD,NA,NA,8.9,0.37,150,NA,NA,NA,NA,10,Regular,57,1064,1007,1007,3.09308808,3.09308808,1,From Zoop Net 1/8 (see 1/8/04 data sheet),NA,Terrestrial Insects,63,Order,Coleoptera,Coleoptera,NA,1,0.323,0.323,NA,NA,2,SAMP,NA,NA,NA,NA,NA,NA,2   NA   NA   NA,SAMP   NA   NA   NA
SHR_2004-01-09 10:17:00,1/9/2004 10:17,SHR,2004,A,TRUE,CLD,NA,NA,8.9,0.37,150,NA,NA,NA,NA,10,Regular,57,1064,1007,1007,3.09308808,3.09308808,1,From Zoop Net 1/8 (see 1/8/04 data sheet),NA,Terrestrial Insects,66,Order,Hymenoptera,Hymenoptera,NA,5,1.617,1.617,NA,NA,2,SAMP,NA,NA,NA,NA,NA,NA,2   NA   NA   NA,SAMP   NA   NA   NA
STTD_2004-01-09 12:10:00,1/9/2004 12:10,STTD,2004,A,TRUE,CLD,NA,NA,8.3,0.19,365,NA,NA,NA,NA,10,Regular,1640,7628,5988,5988,18.39266279,18.39266279,1,From Zoop Net 1/8 (see 1/8/04 data sheet),NA,Aquatic Non-Insects,4,Family,Naididae,Naididae,NA,4,0.217,0.217,NA,NA,2,SAMP,NA,NA,NA,NA,NA,NA,2   NA   NA   NA,SAMP   NA   NA   NA
STTD_2004-01-09 12:10:00,1/9/2004 12:10,STTD,2004,A,TRUE,CLD,NA,NA,8.3,0.19,365,NA,NA,NA,NA,10,Regular,1640,7628,5988,5988,18.39266279,18.39266279,1,From Zoop Net 1/8 (see 1/8/04 data sheet),NA,Aquatic Non-Insects,14,Family,Cyprididae,Cyprididae,NA,11,0.598,0.598,NA,NA,2,SAMP,NA,NA,NA,NA,NA,NA,2   NA   NA   NA,SAMP   NA   NA   NA
STTD_2004-01-09 12:10:00,1/9/2004 12:10,STTD,2004,A,TRUE,CLD,NA,NA,8.3,0.19,365,NA,NA,NA,NA,10,Regular,1640,7628,5988,5988,18.39266279,18.39266279,1,From Zoop Net 1/8 (see 1/8/04 data sheet),NA,Aquatic Non-Insects,10,Family,Crangonyctidae,Crangonyctidae,NA,7,0.381,0.381,NA,NA,2,SAMP,NA,NA,NA,NA,NA,NA,2   NA   NA   NA,SAMP   NA   NA   NA
STTD_2004-01-09 12:10:00,1/9/2004 12:10,STTD,2004,A,TRUE,CLD,NA,NA,8.3,0.19,365,NA,NA,NA,NA,10,Regular,1640,7628,5988,5988,18.39266279,18.39266279,1,From Zoop Net 1/8 (see 1/8/04 data sheet),NA,Aquatic Non-Insects,20,Family,Physidae,Physidae,NA,129,7.014,7.014,NA,NA,2,SAMP,NA,NA,NA,NA,NA,NA,2   NA   NA   NA,SAMP   NA   NA   NA
STTD_2004-01-09 12:10:00,1/9/2004 12:10,STTD,2004,A,TRUE,CLD,NA,NA,8.3,0.19,365,NA,NA,NA,NA,10,Regular,1640,7628,5988,5988,18.39266279,18.39266279,1,From Zoop Net 1/8 (see 1/8/04 data sheet),NA,Aquatic Insects,46,Family,Coenagrionidae,Coenagrionidae,NA,5,0.272,0.272,NA,NA,2,SAMP,NA,NA,NA,NA,NA,NA,2   NA   NA   NA,SAMP   NA   NA   NA
STTD_2004-01-09 12:10:00,1/9/2004 12:10,STTD,2004,A,TRUE,CLD,NA,NA,8.3,0.19,365,NA,NA,NA,NA,10,Regular,1640,7628,5988,5988,18.39266279,18.39266279,1,From Zoop Net 1/8 (see 1/8/04 data sheet),NA,Aquatic Insects,44,Family,Corixidae,Corixidae,NA,9,0.489,0.489,NA,NA,2,SAMP,NA,NA,NA,NA,NA,NA,2   NA   NA   NA,SAMP   NA   NA   NA
STTD_2004-01-09 12:10:00,1/9/2004 12:10,STTD,2004,A,TRUE,CLD,NA,NA,8.3,0.19,365,NA,NA,NA,NA,10,Regular,1640,7628,5988,5988,18.39266279,18.39266279,1,From Zoop Net 1/8 (see 1/8/04 data sheet),NA,Aquatic Insects,30,Family,Dytiscidae,Dytiscidae,NA,12,0.652,0.652,NA,NA,2,SAMP,NA,NA,NA,NA,NA,NA,2   NA   NA   NA,SAMP   NA   NA   NA
STTD_2004-01-09 12:10:00,1/9/2004 12:10,STTD,2004,A,TRUE,CLD,NA,NA,8.3,0.19,365,NA,NA,NA,NA,10,Regular,1640,7628,5988,5988,18.39266279,18.39266279,1,From Zoop Net 1/8 (see 1/8/04 data sheet),NA,Aquatic Insects,81,Family,Hydrophilidae,Hydrophilidae,NA,1,0.054,0.054,NA,NA,2,SAMP,NA,NA,NA,NA,NA,NA,2   NA   NA   NA,SAMP   NA   NA   NA
STTD_2004-01-09 12:10:00,1/9/2004 12:10,STTD,2004,A,TRUE,CLD,NA,NA,8.3,0.19,365,NA,NA,NA,NA,10,Regular,1640,7628,5988,5988,18.39266279,18.39266279,1,From Zoop Net 1/8 (see 1/8/04 data sheet),NA,Aquatic Insects,34,Family,Chironomidae,Chironomidae,NA,38,2.066,2.066,NA,NA,2,SAMP,NA,NA,NA,NA,NA,NA,2   NA   NA   NA,SAMP   NA   NA   NA
STTD_2004-01-09 12:10:00,1/9/2004 12:10,STTD,2004,A,TRUE,CLD,NA,NA,8.3,0.19,365,NA,NA,NA,NA,10,Regular,1640,7628,5988,5988,18.39266279,18.39266279,1,From Zoop Net 1/8 (see 1/8/04 data sheet),NA,Aquatic Insects,49,Family,Culicidae,Culicidae,NA,16,0.87,0.87,NA,NA,2,SAMP,NA,NA,NA,NA,NA,NA,2   NA   NA   NA,SAMP   NA   NA   NA
STTD_2004-01-09 12:10:00,1/9/2004 12:10,STTD,2004,A,TRUE,CLD,NA,NA,8.3,0.19,365,NA,NA,NA,NA,10,Regular,1640,7628,5988,5988,18.39266279,18.39266279,1,From Zoop Net 1/8 (see 1/8/04 data sheet),NA,Aquatic Insects,50,Family,Dixidae,Dixidae,NA,1,0.054,0.054,NA,NA,2,SAMP,NA,NA,NA,NA,NA,NA,2   NA   NA   NA,SAMP   NA   NA   NA
STTD_2004-01-09 12:10:00,1/9/2004 12:10,STTD,2004,A,TRUE,CLD,NA,NA,8.3,0.19,365,NA,NA,NA,NA,10,Regular,1640,7628,5988,5988,18.39266279,18.39266279,1,From Zoop Net 1/8 (see 1/8/04 data sheet),NA,Terrestrial Non-Insects,58,Suborder,Araneida,Araneida,NA,3,0.163,0.163,NA,NA,2,SAMP,NA,NA,NA,NA,NA,NA,2   NA   NA   NA,SAMP   NA   NA   NA
STTD_2004-01-09 12:10:00,1/9/2004 12:10,STTD,2004,A,TRUE,CLD,NA,NA,8.3,0.19,365,NA,NA,NA,NA,10,Regular,1640,7628,5988,5988,18.39266279,18.39266279,1,From Zoop Net 1/8 (see 1/8/04 data sheet),NA,Terrestrial Non-Insects,68,Order,Collembola,Collembola,NA,2,0.109,0.109,NA,NA,2,SAMP,NA,NA,NA,NA,NA,NA,2   NA   NA   NA,SAMP   NA   NA   NA
STTD_2004-01-09 12:10:00,1/9/2004 12:10,STTD,2004,A,TRUE,CLD,NA,NA,8.3,0.19,365,NA,NA,NA,NA,10,Regular,1640,7628,5988,5988,18.39266279,18.39266279,1,From Zoop Net 1/8 (see 1/8/04 data sheet),NA,Terrestrial Insects,71,Order,Hemiptera,Hemiptera,NA,1,0.054,0.054,NA,NA,2,SAMP,NA,NA,NA,NA,NA,NA,2   NA   NA   NA,SAMP   NA   NA   NA
STTD_2004-01-09 12:10:00,1/9/2004 12:10,STTD,2004,A,TRUE,CLD,NA,NA,8.3,0.19,365,NA,NA,NA,NA,10,Regular,1640,7628,5988,5988,18.39266279,18.39266279,1,From Zoop Net 1/8 (see 1/8/04 data sheet),NA,Terrestrial Insects,63,Order,Coleoptera,Coleoptera,NA,14,0.761,0.761,NA,NA,2,SAMP,NA,NA,NA,NA,NA,NA,2   NA   NA   NA,SAMP   NA   NA   NA
STTD_2004-01-09 12:10:00,1/9/2004 12:10,STTD,2004,A,TRUE,CLD,NA,NA,8.3,0.19,365,NA,NA,NA,NA,10,Regular,1640,7628,5988,5988,18.39266279,18.39266279,1,From Zoop Net 1/8 (see 1/8/04 data sheet),NA,Terrestrial Insects,64,Order,Diptera,Diptera,NA,8,0.435,0.435,NA,NA,2,SAMP,NA,NA,NA,NA,NA,NA,2   NA   NA   NA,SAMP   NA   NA   NA
STTD_2004-01-09 12:10:00,1/9/2004 12:10,STTD,2004,A,TRUE,CLD,NA,NA,8.3,0.19,365,NA,NA,NA,NA,10,Regular,1640,7628,5988,5988,18.39266279,18.39266279,1,From Zoop Net 1/8 (see 1/8/04 data sheet),NA,Terrestrial Insects,66,Order,Hymenoptera,Hymenoptera,NA,2,0.109,0.109,NA,NA,2,SAMP,NA,NA,NA,NA,NA,NA,2   NA   NA   NA,SAMP   NA   NA   NA
STTD_2004-01-23 13:25:00,1/23/2004 13:25,STTD,2004,A,FALSE,FOG,NA,NA,9.4,0.22,565,NA,NA,NA,NA,10,Regular,42084,58045,15961,15961,49.02559965,49.02559965,1,NA,NA,Aquatic Non-Insects,2,Family,Enchytraeidae,Enchytraeidae,NA,1,0.02,0.02,NA,NA,NA,NA,NA,NA,NA,NA,NA,NA,NA   NA   NA   NA,NA   NA   NA   NA
STTD_2004-01-23 13:25:00,1/23/2004 13:25,STTD,2004,A,FALSE,FOG,NA,NA,9.4,0.22,565,NA,NA,NA,NA,10,Regular,42084,58045,15961,15961,49.02559965,49.02559965,1,NA,NA,Aquatic Non-Insects,14,Family,Cyprididae,Cyprididae,NA,1,0.02,0.02,NA,NA,NA,NA,NA,NA,NA,NA,NA,NA,NA   NA   NA   NA,NA   NA   NA   NA
STTD_2004-01-23 13:25:00,1/23/2004 13:25,STTD,2004,A,FALSE,FOG,NA,NA,9.4,0.22,565,NA,NA,NA,NA,10,Regular,42084,58045,15961,15961,49.02559965,49.02559965,1,NA,NA,Aquatic Non-Insects,15,Family,Hyalellidae,Hyalellidae,NA,2,0.041,0.041,NA,NA,NA,NA,NA,NA,NA,NA,NA,NA,NA   NA   NA   NA,NA   NA   NA   NA
STTD_2004-01-23 13:25:00,1/23/2004 13:25,STTD,2004,A,FALSE,FOG,NA,NA,9.4,0.22,565,NA,NA,NA,NA,10,Regular,42084,58045,15961,15961,49.02559965,49.02559965,1,NA,NA,Aquatic Non-Insects,20,Family,Physidae,Physidae,NA,49,0.999,0.999,NA,NA,NA,NA,NA,NA,NA,NA,NA,NA,NA   NA   NA   NA,NA   NA   NA   NA
STTD_2004-01-23 13:25:00,1/23/2004 13:25,STTD,2004,A,FALSE,FOG,NA,NA,9.4,0.22,565,NA,NA,NA,NA,10,Regular,42084,58045,15961,15961,49.02559965,49.02559965,1,NA,NA,Aquatic Insects,41,Family,Baetidae,Baetidae,NA,2,0.041,0.041,NA,NA,NA,NA,NA,NA,NA,NA,NA,NA,NA   NA   NA   NA,NA   NA   NA   NA
STTD_2004-01-23 13:25:00,1/23/2004 13:25,STTD,2004,A,FALSE,FOG,NA,NA,9.4,0.22,565,NA,NA,NA,NA,10,Regular,42084,58045,15961,15961,49.02559965,49.02559965,1,NA,NA,Aquatic Insects,46,Family,Coenagrionidae,Coenagrionidae,NA,2,0.041,0.041,NA,NA,NA,NA,NA,NA,NA,NA,NA,NA,NA   NA   NA   NA,NA   NA   NA   NA
STTD_2004-01-23 13:25:00,1/23/2004 13:25,STTD,2004,A,FALSE,FOG,NA,NA,9.4,0.22,565,NA,NA,NA,NA,10,Regular,42084,58045,15961,15961,49.02559965,49.02559965,1,NA,NA,Aquatic Insects,44,Family,Corixidae,Corixidae,NA,17,0.347,0.347,NA,NA,NA,NA,NA,NA,NA,NA,NA,NA,NA   NA   NA   NA,NA   NA   NA   NA
STTD_2004-01-23 13:25:00,1/23/2004 13:25,STTD,2004,A,FALSE,FOG,NA,NA,9.4,0.22,565,NA,NA,NA,NA,10,Regular,42084,58045,15961,15961,49.02559965,49.02559965,1,NA,NA,Aquatic Insects,30,Family,Dytiscidae,Dytiscidae,NA,1,0.02,0.02,NA,NA,NA,NA,NA,NA,NA,NA,NA,NA,NA   NA   NA   NA,NA   NA   NA   NA
STTD_2004-01-23 13:25:00,1/23/2004 13:25,STTD,2004,A,FALSE,FOG,NA,NA,9.4,0.22,565,NA,NA,NA,NA,10,Regular,42084,58045,15961,15961,49.02559965,49.02559965,1,NA,NA,Aquatic Insects,34,Family,Chironomidae,Chironomidae,NA,25,0.51,0.51,NA,NA,NA,NA,NA,NA,NA,NA,NA,NA,NA   NA   NA   NA,NA   NA   NA   NA
STTD_2004-01-23 13:25:00,1/23/2004 13:25,STTD,2004,A,FALSE,FOG,NA,NA,9.4,0.22,565,NA,NA,NA,NA,10,Regular,42084,58045,15961,15961,49.02559965,49.02559965,1,NA,NA,Aquatic Insects,49,Family,Culicidae,Culicidae,NA,1,0.02,0.02,NA,NA,NA,NA,NA,NA,NA,NA,NA,NA,NA   NA   NA   NA,NA   NA   NA   NA
STTD_2004-01-23 13:25:00,1/23/2004 13:25,STTD,2004,A,FALSE,FOG,NA,NA,9.4,0.22,565,NA,NA,NA,NA,10,Regular,42084,58045,15961,15961,49.02559965,49.02559965,1,NA,NA,Terrestrial Insects,67,Order,Psocoptera,Psocoptera,NA,1,0.02,0.02,NA,NA,NA,NA,NA,NA,NA,NA,NA,NA,NA   NA   NA   NA,NA   NA   NA   NA
STTD_2004-01-23 13:25:00,1/23/2004 13:25,STTD,2004,A,FALSE,FOG,NA,NA,9.4,0.22,565,NA,NA,NA,NA,10,Regular,42084,58045,15961,15961,49.02559965,49.02559965,1,NA,NA,Terrestrial Insects,63,Order,Coleoptera,Coleoptera,NA,1,0.02,0.02,NA,NA,NA,NA,NA,NA,NA,NA,NA,NA,NA   NA   NA   NA,NA   NA   NA   NA
STTD_2004-01-23 13:25:00,1/23/2004 13:25,STTD,2004,A,FALSE,FOG,NA,NA,9.4,0.22,565,NA,NA,NA,NA,10,Regular,42084,58045,15961,15961,49.02559965,49.02559965,1,NA,NA,Terrestrial Insects,64,Order,Diptera,Diptera,NA,12,0.245,0.245,NA,NA,NA,NA,NA,NA,NA,NA,NA,NA,NA   NA   NA   NA,NA   NA   NA   NA
STTD_2004-01-23 13:25:00,1/23/2004 13:25,STTD,2004,A,FALSE,FOG,NA,NA,9.4,0.22,565,NA,NA,NA,NA,10,Regular,42084,58045,15961,15961,49.02559965,49.02559965,1,NA,NA,Terrestrial Insects,66,Order,Hymenoptera,Hymenoptera,NA,1,0.02,0.02,NA,NA,NA,NA,NA,NA,NA,NA,NA,NA,NA   NA   NA   NA,NA   NA   NA   NA
SHR_2004-02-13 09:30:00,2/13/2004 9:30,SHR,2004,A,TRUE,CLD,NA,NA,9.7,0.54,142,NA,NA,NA,NA,10,Regular,58048,60668,2620,2620,8.047557866,8.047557866,1,all at same time,NA,Aquatic Non-Insects,18,Family,Hydridae,Hydridae,NA,1,0.124,0.124,NA,NA,NA,NA,NA,NA,NA,NA,NA,NA,NA   NA   NA   NA,NA   NA   NA   NA
SHR_2004-02-13 09:30:00,2/13/2004 9:30,SHR,2004,A,TRUE,CLD,NA,NA,9.7,0.54,142,NA,NA,NA,NA,10,Regular,58048,60668,2620,2620,8.047557866,8.047557866,1,all at same time,NA,Aquatic Insects,34,Family,Chironomidae,Chironomidae,NA,1,0.124,0.124,NA,NA,NA,NA,NA,NA,NA,NA,NA,NA,NA   NA   NA   NA,NA   NA   NA   NA
STTD_2004-02-13 11:40:00,2/13/2004 11:40,STTD,2004,A,TRUE,CLD,NA,NA,10.4,0.26,640,NA,NA,NA,NA,10,Regular,60689,69101,8412,8412,25.8381896,25.8381896,2,Heavy debris in drift net -,NA,Aquatic Non-Insects,14,Family,Cyprididae,Cyprididae,NA,2,0.077,0.077,NA,NA,1,SAMP,NA,NA,NA,NA,NA,NA,1   NA   NA   NA,SAMP   NA   NA   NA
STTD_2004-02-13 11:40:00,2/13/2004 11:40,STTD,2004,A,TRUE,CLD,NA,NA,10.4,0.26,640,NA,NA,NA,NA,10,Regular,60689,69101,8412,8412,25.8381896,25.8381896,2,Heavy debris in drift net -,NA,Aquatic Non-Insects,15,Family,Hyalellidae,Hyalellidae,NA,18,0.697,0.697,NA,NA,1,SAMP,NA,NA,NA,NA,NA,NA,1   NA   NA   NA,SAMP   NA   NA   NA
STTD_2004-02-13 11:40:00,2/13/2004 11:40,STTD,2004,A,TRUE,CLD,NA,NA,10.4,0.26,640,NA,NA,NA,NA,10,Regular,60689,69101,8412,8412,25.8381896,25.8381896,2,Heavy debris in drift net -,NA,Aquatic Non-Insects,20,Family,Physidae,Physidae,NA,9,0.348,0.348,NA,NA,1,SAMP,NA,NA,NA,NA,NA,NA,1   NA   NA   NA,SAMP   NA   NA   NA
STTD_2004-02-13 11:40:00,2/13/2004 11:40,STTD,2004,A,TRUE,CLD,NA,NA,10.4,0.26,640,NA,NA,NA,NA,10,Regular,60689,69101,8412,8412,25.8381896,25.8381896,2,Heavy debris in drift net -,NA,Aquatic Insects,41,Family,Baetidae,Baetidae,NA,1,0.039,0.039,NA,NA,1,SAMP,NA,NA,NA,NA,NA,NA,1   NA   NA   NA,SAMP   NA   NA   NA
STTD_2004-02-13 11:40:00,2/13/2004 11:40,STTD,2004,A,TRUE,CLD,NA,NA,10.4,0.26,640,NA,NA,NA,NA,10,Regular,60689,69101,8412,8412,25.8381896,25.8381896,2,Heavy debris in drift net -,NA,Aquatic Insects,46,Family,Coenagrionidae,Coenagrionidae,NA,3,0.116,0.116,NA,NA,1,SAMP,NA,NA,NA,NA,NA,NA,1   NA   NA   NA,SAMP   NA   NA   NA
STTD_2004-02-13 11:40:00,2/13/2004 11:40,STTD,2004,A,TRUE,CLD,NA,NA,10.4,0.26,640,NA,NA,NA,NA,10,Regular,60689,69101,8412,8412,25.8381896,25.8381896,2,Heavy debris in drift net -,NA,Aquatic Insects,93,Family,Capniidae,Capniidae,NA,1,0.039,0.039,NA,NA,1,SAMP,NA,NA,NA,NA,NA,NA,1   NA   NA   NA,SAMP   NA   NA   NA
STTD_2004-02-13 11:40:00,2/13/2004 11:40,STTD,2004,A,TRUE,CLD,NA,NA,10.4,0.26,640,NA,NA,NA,NA,10,Regular,60689,69101,8412,8412,25.8381896,25.8381896,2,Heavy debris in drift net -,NA,Aquatic Insects,44,Family,Corixidae,Corixidae,NA,6,0.232,0.232,NA,NA,1,SAMP,NA,NA,NA,NA,NA,NA,1   NA   NA   NA,SAMP   NA   NA   NA
STTD_2004-02-13 11:40:00,2/13/2004 11:40,STTD,2004,A,TRUE,CLD,NA,NA,10.4,0.26,640,NA,NA,NA,NA,10,Regular,60689,69101,8412,8412,25.8381896,25.8381896,2,Heavy debris in drift net -,NA,Aquatic Insects,30,Family,Dytiscidae,Dytiscidae,NA,7,0.271,0.271,NA,NA,1,SAMP,NA,NA,NA,NA,NA,NA,1   NA   NA   NA,SAMP   NA   NA   NA
STTD_2004-02-13 11:40:00,2/13/2004 11:40,STTD,2004,A,TRUE,CLD,NA,NA,10.4,0.26,640,NA,NA,NA,NA,10,Regular,60689,69101,8412,8412,25.8381896,25.8381896,2,Heavy debris in drift net -,NA,Aquatic Insects,81,Family,Hydrophilidae,Hydrophilidae,NA,10,0.387,0.387,NA,NA,1,SAMP,NA,NA,NA,NA,NA,NA,1   NA   NA   NA,SAMP   NA   NA   NA
STTD_2004-02-13 11:40:00,2/13/2004 11:40,STTD,2004,A,TRUE,CLD,NA,NA,10.4,0.26,640,NA,NA,NA,NA,10,Regular,60689,69101,8412,8412,25.8381896,25.8381896,2,Heavy debris in drift net -,NA,Aquatic Insects,34,Family,Chironomidae,Chironomidae,NA,7,0.271,0.271,NA,NA,1,SAMP,NA,NA,NA,NA,NA,NA,1   NA   NA   NA,SAMP   NA   NA   NA
STTD_2004-02-13 11:40:00,2/13/2004 11:40,STTD,2004,A,TRUE,CLD,NA,NA,10.4,0.26,640,NA,NA,NA,NA,10,Regular,60689,69101,8412,8412,25.8381896,25.8381896,2,Heavy debris in drift net -,NA,Aquatic Insects,36,Family,Ephydridae,Ephydridae,NA,1,0.039,0.039,NA,NA,1,SAMP,NA,NA,NA,NA,NA,NA,1   NA   NA   NA,SAMP   NA   NA   NA
STTD_2004-02-13 11:40:00,2/13/2004 11:40,STTD,2004,A,TRUE,CLD,NA,NA,10.4,0.26,640,NA,NA,NA,NA,10,Regular,60689,69101,8412,8412,25.8381896,25.8381896,2,Heavy debris in drift net -,NA,Terrestrial Non-Insects,58,Suborder,Araneida,Araneida,NA,2,0.077,0.077,NA,NA,1,SAMP,NA,NA,NA,NA,NA,NA,1   NA   NA   NA,SAMP   NA   NA   NA
STTD_2004-02-13 11:40:00,2/13/2004 11:40,STTD,2004,A,TRUE,CLD,NA,NA,10.4,0.26,640,NA,NA,NA,NA,10,Regular,60689,69101,8412,8412,25.8381896,25.8381896,2,Heavy debris in drift net -,NA,Terrestrial Non-Insects,68,Order,Collembola,Collembola,NA,3,0.116,0.116,NA,NA,1,SAMP,NA,NA,NA,NA,NA,NA,1   NA   NA   NA,SAMP   NA   NA   NA
STTD_2004-02-13 11:40:00,2/13/2004 11:40,STTD,2004,A,TRUE,CLD,NA,NA,10.4,0.26,640,NA,NA,NA,NA,10,Regular,60689,69101,8412,8412,25.8381896,25.8381896,2,Heavy debris in drift net -,NA,Terrestrial Insects,73,Order,Lepidoptera,Lepidoptera,NA,2,0.077,0.077,NA,NA,1,SAMP,NA,NA,NA,NA,NA,NA,1   NA   NA   NA,SAMP   NA   NA   NA
STTD_2004-02-13 11:40:00,2/13/2004 11:40,STTD,2004,A,TRUE,CLD,NA,NA,10.4,0.26,640,NA,NA,NA,NA,10,Regular,60689,69101,8412,8412,25.8381896,25.8381896,2,Heavy debris in drift net -,NA,Terrestrial Insects,63,Order,Coleoptera,Coleoptera,NA,5,0.194,0.194,NA,NA,1,SAMP,NA,NA,NA,NA,NA,NA,1   NA   NA   NA,SAMP   NA   NA   NA
STTD_2004-02-13 11:40:00,2/13/2004 11:40,STTD,2004,A,TRUE,CLD,NA,NA,10.4,0.26,640,NA,NA,NA,NA,10,Regular,60689,69101,8412,8412,25.8381896,25.8381896,2,Heavy debris in drift net -,NA,Terrestrial Insects,64,Order,Diptera,Diptera,NA,3,0.116,0.116,NA,NA,1,SAMP,NA,NA,NA,NA,NA,NA,1   NA   NA   NA,SAMP   NA   NA   NA
STTD_2004-02-13 11:40:00,2/13/2004 11:40,STTD,2004,A,TRUE,CLD,NA,NA,10.4,0.26,640,NA,NA,NA,NA,10,Regular,60689,69101,8412,8412,25.8381896,25.8381896,2,Heavy debris in drift net -,NA,Terrestrial Insects,66,Order,Hymenoptera,Hymenoptera,NA,2,0.077,0.077,NA,NA,1,SAMP,NA,NA,NA,NA,NA,NA,1   NA   NA   NA,SAMP   NA   NA   NA
SHR_2004-02-25 10:00:00,2/25/2004 10:00,SHR,2004,A,TRUE,RAN,NA,NA,11.1,0.24,125,NA,NA,NA,NA,10,Regular,69130,78291,9161,9161,28.13880825,28.13880825,1,NA,NA,Aquatic Non-Insects,2,Family,Enchytraeidae,Enchytraeidae,NA,2,0.071,0.071,NA,NA,NA,NA,NA,NA,NA,NA,NA,NA,NA   NA   NA   NA,NA   NA   NA   NA
SHR_2004-02-25 10:00:00,2/25/2004 10:00,SHR,2004,A,TRUE,RAN,NA,NA,11.1,0.24,125,NA,NA,NA,NA,10,Regular,69130,78291,9161,9161,28.13880825,28.13880825,1,NA,NA,Aquatic Non-Insects,4,Family,Naididae,Naididae,NA,2,0.071,0.071,NA,NA,NA,NA,NA,NA,NA,NA,NA,NA,NA   NA   NA   NA,NA   NA   NA   NA
SHR_2004-02-25 10:00:00,2/25/2004 10:00,SHR,2004,A,TRUE,RAN,NA,NA,11.1,0.24,125,NA,NA,NA,NA,10,Regular,69130,78291,9161,9161,28.13880825,28.13880825,1,NA,NA,Aquatic Non-Insects,9,Family,Corophiidae,Corophiidae,NA,2,0.071,0.071,NA,NA,NA,NA,NA,NA,NA,NA,NA,NA,NA   NA   NA   NA,NA   NA   NA   NA
SHR_2004-02-25 10:00:00,2/25/2004 10:00,SHR,2004,A,TRUE,RAN,NA,NA,11.1,0.24,125,NA,NA,NA,NA,10,Regular,69130,78291,9161,9161,28.13880825,28.13880825,1,NA,NA,Aquatic Non-Insects,79,Subphylum,Vertebrata,Fish,NA,2,0.071,0.071,NA,NA,NA,NA,NA,NA,NA,NA,NA,NA,NA   NA   NA   NA,NA   NA   NA   NA
SHR_2004-02-25 10:00:00,2/25/2004 10:00,SHR,2004,A,TRUE,RAN,NA,NA,11.1,0.24,125,NA,NA,NA,NA,10,Regular,69130,78291,9161,9161,28.13880825,28.13880825,1,NA,NA,Aquatic Insects,30,Family,Dytiscidae,Dytiscidae,NA,1,0.036,0.036,NA,NA,NA,NA,NA,NA,NA,NA,NA,NA,NA   NA   NA   NA,NA   NA   NA   NA
SHR_2004-02-25 10:00:00,2/25/2004 10:00,SHR,2004,A,TRUE,RAN,NA,NA,11.1,0.24,125,NA,NA,NA,NA,10,Regular,69130,78291,9161,9161,28.13880825,28.13880825,1,NA,NA,Aquatic Insects,34,Family,Chironomidae,Chironomidae,NA,7,0.249,0.249,NA,NA,NA,NA,NA,NA,NA,NA,NA,NA,NA   NA   NA   NA,NA   NA   NA   NA
SHR_2004-02-25 10:00:00,2/25/2004 10:00,SHR,2004,A,TRUE,RAN,NA,NA,11.1,0.24,125,NA,NA,NA,NA,10,Regular,69130,78291,9161,9161,28.13880825,28.13880825,1,NA,NA,Terrestrial Non-Insects,68,Order,Collembola,Collembola,NA,1,0.036,0.036,NA,NA,NA,NA,NA,NA,NA,NA,NA,NA,NA   NA   NA   NA,NA   NA   NA   NA
SHR_2004-02-25 10:00:00,2/25/2004 10:00,SHR,2004,A,TRUE,RAN,NA,NA,11.1,0.24,125,NA,NA,NA,NA,10,Regular,69130,78291,9161,9161,28.13880825,28.13880825,1,NA,NA,Terrestrial Insects,66,Order,Hymenoptera,Hymenoptera,NA,1,0.036,0.036,NA,NA,NA,NA,NA,NA,NA,NA,NA,NA,NA   NA   NA   NA,NA   NA   NA   NA
STTD_2004-02-25 13:00:00,2/25/2004 13:00,STTD,2004,A,TRUE,RAN,NA,NA,11.3,0.18,154,NA,NA,NA,NA,10,Regular,78295,95312,17017,17017,52.2691955,52.2691955,1,NA,NA,Aquatic Non-Insects,18,Family,Hydridae,Hydridae,NA,2,0.038,0.038,NA,NA,NA,NA,NA,NA,NA,NA,NA,NA,NA   NA   NA   NA,NA   NA   NA   NA
STTD_2004-02-25 13:00:00,2/25/2004 13:00,STTD,2004,A,TRUE,RAN,NA,NA,11.3,0.18,154,NA,NA,NA,NA,10,Regular,78295,95312,17017,17017,52.2691955,52.2691955,1,NA,NA,Aquatic Non-Insects,2,Family,Enchytraeidae,Enchytraeidae,NA,11,0.21,0.21,NA,NA,NA,NA,NA,NA,NA,NA,NA,NA,NA   NA   NA   NA,NA   NA   NA   NA
STTD_2004-02-25 13:00:00,2/25/2004 13:00,STTD,2004,A,TRUE,RAN,NA,NA,11.3,0.18,154,NA,NA,NA,NA,10,Regular,78295,95312,17017,17017,52.2691955,52.2691955,1,NA,NA,Aquatic Non-Insects,14,Family,Cyprididae,Cyprididae,NA,7,0.134,0.134,NA,NA,NA,NA,NA,NA,NA,NA,NA,NA,NA   NA   NA   NA,NA   NA   NA   NA
STTD_2004-02-25 13:00:00,2/25/2004 13:00,STTD,2004,A,TRUE,RAN,NA,NA,11.3,0.18,154,NA,NA,NA,NA,10,Regular,78295,95312,17017,17017,52.2691955,52.2691955,1,NA,NA,Aquatic Non-Insects,9,Family,Corophiidae,Corophiidae,NA,1,0.019,0.019,NA,NA,NA,NA,NA,NA,NA,NA,NA,NA,NA   NA   NA   NA,NA   NA   NA   NA
STTD_2004-02-25 13:00:00,2/25/2004 13:00,STTD,2004,A,TRUE,RAN,NA,NA,11.3,0.18,154,NA,NA,NA,NA,10,Regular,78295,95312,17017,17017,52.2691955,52.2691955,1,NA,NA,Aquatic Insects,30,Family,Dytiscidae,Dytiscidae,NA,1,0.019,0.019,NA,NA,NA,NA,NA,NA,NA,NA,NA,NA,NA   NA   NA   NA,NA   NA   NA   NA
STTD_2004-02-25 13:00:00,2/25/2004 13:00,STTD,2004,A,TRUE,RAN,NA,NA,11.3,0.18,154,NA,NA,NA,NA,10,Regular,78295,95312,17017,17017,52.2691955,52.2691955,1,NA,NA,Aquatic Insects,81,Family,Hydrophilidae,Hydrophilidae,NA,2,0.038,0.038,NA,NA,NA,NA,NA,NA,NA,NA,NA,NA,NA   NA   NA   NA,NA   NA   NA   NA
STTD_2004-02-25 13:00:00,2/25/2004 13:00,STTD,2004,A,TRUE,RAN,NA,NA,11.3,0.18,154,NA,NA,NA,NA,10,Regular,78295,95312,17017,17017,52.2691955,52.2691955,1,NA,NA,Aquatic Insects,34,Family,Chironomidae,Chironomidae,NA,3,0.057,0.057,NA,NA,NA,NA,NA,NA,NA,NA,NA,NA,NA   NA   NA   NA,NA   NA   NA   NA
STTD_2004-02-25 13:00:00,2/25/2004 13:00,STTD,2004,A,TRUE,RAN,NA,NA,11.3,0.18,154,NA,NA,NA,NA,10,Regular,78295,95312,17017,17017,52.2691955,52.2691955,1,NA,NA,Terrestrial Non-Insects,58,Suborder,Araneida,Araneida,NA,1,0.019,0.019,NA,NA,NA,NA,NA,NA,NA,NA,NA,NA,NA   NA   NA   NA,NA   NA   NA   NA
STTD_2004-02-25 13:00:00,2/25/2004 13:00,STTD,2004,A,TRUE,RAN,NA,NA,11.3,0.18,154,NA,NA,NA,NA,10,Regular,78295,95312,17017,17017,52.2691955,52.2691955,1,NA,NA,Terrestrial Insects,64,Order,Diptera,Diptera,NA,1,0.019,0.019,NA,NA,NA,NA,NA,NA,NA,NA,NA,NA,NA   NA   NA   NA,NA   NA   NA   NA
STTD_2004-02-25 13:00:00,2/25/2004 13:00,STTD,2004,A,TRUE,RAN,NA,NA,11.3,0.18,154,NA,NA,NA,NA,10,Regular,78295,95312,17017,17017,52.2691955,52.2691955,1,NA,NA,Terrestrial Insects,66,Order,Hymenoptera,Hymenoptera,NA,1,0.019,0.019,NA,NA,NA,NA,NA,NA,NA,NA,NA,NA,NA   NA   NA   NA,NA   NA   NA   NA
SHR_2004-03-23 10:00:00,3/23/2004 10:00,SHR,2004,A,FALSE,CLD,NA,NA,16,0.49,151,NA,NA,NA,NA,10,Regular,140343,141048,705,705,2.165468815,2.165468815,1,NA,NA,Aquatic Non-Insects,18,Family,Hydridae,Hydridae,NA,1,0.462,0.462,NA,NA,NA,NA,NA,NA,2,FM,NA,NA,NA   NA   2   NA,NA   NA   FM   NA
SHR_2004-03-23 10:00:00,3/23/2004 10:00,SHR,2004,A,FALSE,CLD,NA,NA,16,0.49,151,NA,NA,NA,NA,10,Regular,140343,141048,705,705,2.165468815,2.165468815,1,NA,NA,Aquatic Non-Insects,4,Family,Naididae,Naididae,NA,1,0.462,0.462,NA,NA,NA,NA,NA,NA,2,FM,NA,NA,NA   NA   2   NA,NA   NA   FM   NA
SHR_2004-03-23 10:00:00,3/23/2004 10:00,SHR,2004,A,FALSE,CLD,NA,NA,16,0.49,151,NA,NA,NA,NA,10,Regular,140343,141048,705,705,2.165468815,2.165468815,1,NA,NA,Aquatic Non-Insects,20,Family,Physidae,Physidae,NA,1,0.462,0.462,NA,NA,NA,NA,NA,NA,2,FM,NA,NA,NA   NA   2   NA,NA   NA   FM   NA
SHR_2004-03-23 10:00:00,3/23/2004 10:00,SHR,2004,A,FALSE,CLD,NA,NA,16,0.49,151,NA,NA,NA,NA,10,Regular,140343,141048,705,705,2.165468815,2.165468815,1,NA,NA,Aquatic Insects,34,Family,Chironomidae,Chironomidae,NA,2,0.924,0.924,NA,NA,NA,NA,NA,NA,2,FM,NA,NA,NA   NA   2   NA,NA   NA   FM   NA
STTD_2004-03-24 12:28:00,3/24/2004 12:28,STTD,2004,A,FALSE,CLR,NA,NA,19.4,0.29,572,NA,NA,NA,NA,10,Regular,141250,158524,17274,17274,53.05859335,53.05859335,1,NA,NA,Aquatic Non-Insects,18,Family,Hydridae,Hydridae,NA,19,0.358,0.358,NA,NA,NA,NA,NA,NA,NA,NA,NA,NA,NA   NA   NA   NA,NA   NA   NA   NA
STTD_2004-03-24 12:28:00,3/24/2004 12:28,STTD,2004,A,FALSE,CLR,NA,NA,19.4,0.29,572,NA,NA,NA,NA,10,Regular,141250,158524,17274,17274,53.05859335,53.05859335,1,NA,NA,Aquatic Non-Insects,4,Family,Naididae,Naididae,NA,1,0.019,0.019,NA,NA,NA,NA,NA,NA,NA,NA,NA,NA,NA   NA   NA   NA,NA   NA   NA   NA
STTD_2004-03-24 12:28:00,3/24/2004 12:28,STTD,2004,A,FALSE,CLR,NA,NA,19.4,0.29,572,NA,NA,NA,NA,10,Regular,141250,158524,17274,17274,53.05859335,53.05859335,1,NA,NA,Aquatic Non-Insects,9,Family,Corophiidae,Corophiidae,NA,6,0.113,0.113,NA,NA,NA,NA,NA,NA,NA,NA,NA,NA,NA   NA   NA   NA,NA   NA   NA   NA
STTD_2004-03-24 12:28:00,3/24/2004 12:28,STTD,2004,A,FALSE,CLR,NA,NA,19.4,0.29,572,NA,NA,NA,NA,10,Regular,141250,158524,17274,17274,53.05859335,53.05859335,1,NA,NA,Aquatic Non-Insects,10,Family,Crangonyctidae,Crangonyctidae,NA,1,0.019,0.019,NA,NA,NA,NA,NA,NA,NA,NA,NA,NA,NA   NA   NA   NA,NA   NA   NA   NA
STTD_2004-03-24 12:28:00,3/24/2004 12:28,STTD,2004,A,FALSE,CLR,NA,NA,19.4,0.29,572,NA,NA,NA,NA,10,Regular,141250,158524,17274,17274,53.05859335,53.05859335,1,NA,NA,Aquatic Non-Insects,119,Family,Limnesiidae,Limnesiidae,NA,1,0.019,0.019,NA,NA,NA,NA,NA,NA,NA,NA,NA,NA,NA   NA   NA   NA,NA   NA   NA   NA
STTD_2004-03-24 12:28:00,3/24/2004 12:28,STTD,2004,A,FALSE,CLR,NA,NA,19.4,0.29,572,NA,NA,NA,NA,10,Regular,141250,158524,17274,17274,53.05859335,53.05859335,1,NA,NA,Aquatic Non-Insects,20,Family,Physidae,Physidae,NA,6,0.113,0.113,NA,NA,NA,NA,NA,NA,NA,NA,NA,NA,NA   NA   NA   NA,NA   NA   NA   NA
STTD_2004-03-24 12:28:00,3/24/2004 12:28,STTD,2004,A,FALSE,CLR,NA,NA,19.4,0.29,572,NA,NA,NA,NA,10,Regular,141250,158524,17274,17274,53.05859335,53.05859335,1,NA,NA,Aquatic Non-Insects,79,Subphylum,Vertebrata,Fish,NA,8,0.151,0.151,NA,NA,NA,NA,NA,NA,NA,NA,NA,NA,NA   NA   NA   NA,NA   NA   NA   NA
STTD_2004-03-24 12:28:00,3/24/2004 12:28,STTD,2004,A,FALSE,CLR,NA,NA,19.4,0.29,572,NA,NA,NA,NA,10,Regular,141250,158524,17274,17274,53.05859335,53.05859335,1,NA,NA,Aquatic Insects,46,Family,Coenagrionidae,Coenagrionidae,NA,4,0.075,0.075,NA,NA,NA,NA,NA,NA,NA,NA,NA,NA,NA   NA   NA   NA,NA   NA   NA   NA
STTD_2004-03-24 12:28:00,3/24/2004 12:28,STTD,2004,A,FALSE,CLR,NA,NA,19.4,0.29,572,NA,NA,NA,NA,10,Regular,141250,158524,17274,17274,53.05859335,53.05859335,1,NA,NA,Aquatic Insects,44,Family,Corixidae,Corixidae,NA,704,13.268,13.268,NA,NA,NA,NA,NA,NA,NA,NA,NA,NA,NA   NA   NA   NA,NA   NA   NA   NA
STTD_2004-03-24 12:28:00,3/24/2004 12:28,STTD,2004,A,FALSE,CLR,NA,NA,19.4,0.29,572,NA,NA,NA,NA,10,Regular,141250,158524,17274,17274,53.05859335,53.05859335,1,NA,NA,Aquatic Insects,45,Family,Notonectidae,Notonectidae,NA,1,0.019,0.019,NA,NA,NA,NA,NA,NA,NA,NA,NA,NA,NA   NA   NA   NA,NA   NA   NA   NA
STTD_2004-03-24 12:28:00,3/24/2004 12:28,STTD,2004,A,FALSE,CLR,NA,NA,19.4,0.29,572,NA,NA,NA,NA,10,Regular,141250,158524,17274,17274,53.05859335,53.05859335,1,NA,NA,Aquatic Insects,34,Family,Chironomidae,Chironomidae,NA,17,0.32,0.32,NA,NA,NA,NA,NA,NA,NA,NA,NA,NA,NA   NA   NA   NA,NA   NA   NA   NA
STTD_2004-03-24 12:28:00,3/24/2004 12:28,STTD,2004,A,FALSE,CLR,NA,NA,19.4,0.29,572,NA,NA,NA,NA,10,Regular,141250,158524,17274,17274,53.05859335,53.05859335,1,NA,NA,Terrestrial Non-Insects,58,Suborder,Araneida,Araneida,NA,2,0.038,0.038,NA,NA,NA,NA,NA,NA,NA,NA,NA,NA,NA   NA   NA   NA,NA   NA   NA   NA
STTD_2004-03-24 12:28:00,3/24/2004 12:28,STTD,2004,A,FALSE,CLR,NA,NA,19.4,0.29,572,NA,NA,NA,NA,10,Regular,141250,158524,17274,17274,53.05859335,53.05859335,1,NA,NA,Terrestrial Insects,73,Order,Lepidoptera,Lepidoptera,NA,1,0.019,0.019,NA,NA,NA,NA,NA,NA,NA,NA,NA,NA,NA   NA   NA   NA,NA   NA   NA   NA
STTD_2004-03-24 12:28:00,3/24/2004 12:28,STTD,2004,A,FALSE,CLR,NA,NA,19.4,0.29,572,NA,NA,NA,NA,10,Regular,141250,158524,17274,17274,53.05859335,53.05859335,1,NA,NA,Terrestrial Insects,64,Order,Diptera,Diptera,NA,22,0.415,0.415,NA,NA,NA,NA,NA,NA,NA,NA,NA,NA,NA   NA   NA   NA,NA   NA   NA   NA
STTD_2004-03-24 12:28:00,3/24/2004 12:28,STTD,2004,A,FALSE,CLR,NA,NA,19.4,0.29,572,NA,NA,NA,NA,10,Regular,141250,158524,17274,17274,53.05859335,53.05859335,1,NA,NA,Terrestrial Insects,66,Order,Hymenoptera,Hymenoptera,NA,2,0.038,0.038,NA,NA,NA,NA,NA,NA,NA,NA,NA,NA,NA   NA   NA   NA,NA   NA   NA   NA
SHR_2004-04-09 09:15:00,4/9/2004 9:15,SHR,2004,A,FALSE,CLR,NA,NA,14.7,0.85,114,NA,NA,NA,NA,10,Regular,158512,165919,7407,7407,22.7512447,22.7512447,1,NA,NA,Aquatic Non-Insects,4,Family,Naididae,Naididae,NA,1,0.044,0.044,NA,NA,NA,NA,NA,NA,NA,NA,NA,NA,NA   NA   NA   NA,NA   NA   NA   NA
SHR_2004-04-09 09:15:00,4/9/2004 9:15,SHR,2004,A,FALSE,CLR,NA,NA,14.7,0.85,114,NA,NA,NA,NA,10,Regular,158512,165919,7407,7407,22.7512447,22.7512447,1,NA,NA,Aquatic Insects,30,Family,Dytiscidae,Dytiscidae,NA,1,0.044,0.044,NA,NA,NA,NA,NA,NA,NA,NA,NA,NA,NA   NA   NA   NA,NA   NA   NA   NA
STTD_2004-04-09 14:55:00,4/9/2004 14:55,STTD,2004,A,FALSE,CLR,NA,NA,20,0.21,720,NA,NA,NA,NA,10,Regular,181304,192008,10704,10704,32.87826694,32.87826694,NA,NA,NA,Aquatic Non-Insects,18,Family,Hydridae,Hydridae,NA,6,0.182,0.182,NA,NA,NA,NA,NA,NA,NA,NA,NA,NA,NA   NA   NA   NA,NA   NA   NA   NA
STTD_2004-04-09 14:55:00,4/9/2004 14:55,STTD,2004,A,FALSE,CLR,NA,NA,20,0.21,720,NA,NA,NA,NA,10,Regular,181304,192008,10704,10704,32.87826694,32.87826694,NA,NA,NA,Aquatic Non-Insects,4,Family,Naididae,Naididae,NA,2,0.061,0.061,NA,NA,NA,NA,NA,NA,NA,NA,NA,NA,NA   NA   NA   NA,NA   NA   NA   NA
STTD_2004-04-09 14:55:00,4/9/2004 14:55,STTD,2004,A,FALSE,CLR,NA,NA,20,0.21,720,NA,NA,NA,NA,10,Regular,181304,192008,10704,10704,32.87826694,32.87826694,NA,NA,NA,Aquatic Non-Insects,9,Family,Corophiidae,Corophiidae,NA,4,0.122,0.122,NA,NA,NA,NA,NA,NA,NA,NA,NA,NA,NA   NA   NA   NA,NA   NA   NA   NA
STTD_2004-04-09 14:55:00,4/9/2004 14:55,STTD,2004,A,FALSE,CLR,NA,NA,20,0.21,720,NA,NA,NA,NA,10,Regular,181304,192008,10704,10704,32.87826694,32.87826694,NA,NA,NA,Aquatic Insects,46,Family,Coenagrionidae,Coenagrionidae,NA,1,0.03,0.03,NA,NA,NA,NA,NA,NA,NA,NA,NA,NA,NA   NA   NA   NA,NA   NA   NA   NA
STTD_2004-04-09 14:55:00,4/9/2004 14:55,STTD,2004,A,FALSE,CLR,NA,NA,20,0.21,720,NA,NA,NA,NA,10,Regular,181304,192008,10704,10704,32.87826694,32.87826694,NA,NA,NA,Aquatic Insects,30,Family,Dytiscidae,Dytiscidae,NA,2,0.061,0.061,NA,NA,NA,NA,NA,NA,NA,NA,NA,NA,NA   NA   NA   NA,NA   NA   NA   NA
STTD_2004-04-09 14:55:00,4/9/2004 14:55,STTD,2004,A,FALSE,CLR,NA,NA,20,0.21,720,NA,NA,NA,NA,10,Regular,181304,192008,10704,10704,32.87826694,32.87826694,NA,NA,NA,Aquatic Insects,34,Family,Chironomidae,Chironomidae,NA,26,0.791,0.791,NA,NA,NA,NA,NA,NA,NA,NA,NA,NA,NA   NA   NA   NA,NA   NA   NA   NA
STTD_2004-04-09 14:55:00,4/9/2004 14:55,STTD,2004,A,FALSE,CLR,NA,NA,20,0.21,720,NA,NA,NA,NA,10,Regular,181304,192008,10704,10704,32.87826694,32.87826694,NA,NA,NA,Terrestrial Non-Insects,58,Suborder,Araneida,Araneida,NA,1,0.03,0.03,NA,NA,NA,NA,NA,NA,NA,NA,NA,NA,NA   NA   NA   NA,NA   NA   NA   NA
STTD_2004-04-09 14:55:00,4/9/2004 14:55,STTD,2004,A,FALSE,CLR,NA,NA,20,0.21,720,NA,NA,NA,NA,10,Regular,181304,192008,10704,10704,32.87826694,32.87826694,NA,NA,NA,Terrestrial Non-Insects,68,Order,Collembola,Collembola,NA,1,0.03,0.03,NA,NA,NA,NA,NA,NA,NA,NA,NA,NA,NA   NA   NA   NA,NA   NA   NA   NA
STTD_2004-04-09 14:55:00,4/9/2004 14:55,STTD,2004,A,FALSE,CLR,NA,NA,20,0.21,720,NA,NA,NA,NA,10,Regular,181304,192008,10704,10704,32.87826694,32.87826694,NA,NA,NA,Terrestrial Insects,63,Order,Coleoptera,Coleoptera,NA,1,0.03,0.03,NA,NA,NA,NA,NA,NA,NA,NA,NA,NA,NA   NA   NA   NA,NA   NA   NA   NA
STTD_2004-04-09 14:55:00,4/9/2004 14:55,STTD,2004,A,FALSE,CLR,NA,NA,20,0.21,720,NA,NA,NA,NA,10,Regular,181304,192008,10704,10704,32.87826694,32.87826694,NA,NA,NA,Terrestrial Insects,64,Order,Diptera,Diptera,NA,21,0.639,0.639,NA,NA,NA,NA,NA,NA,NA,NA,NA,NA,NA   NA   NA   NA,NA   NA   NA   NA
STTD_2004-04-09 14:55:00,4/9/2004 14:55,STTD,2004,A,FALSE,CLR,NA,NA,20,0.21,720,NA,NA,NA,NA,10,Regular,181304,192008,10704,10704,32.87826694,32.87826694,NA,NA,NA,Terrestrial Insects,66,Order,Hymenoptera,Hymenoptera,NA,2,0.061,0.061,NA,NA,NA,NA,NA,NA,NA,NA,NA,NA,NA   NA   NA   NA,NA   NA   NA   NA
SHR_2004-04-23 09:15:00,4/23/2004 9:15,SHR,2004,A,FALSE,CLR,NA,NA,14.6,0.78,141,NA,NA,NA,NA,10,Regular,210377,210548,171,9123,0.525241372,28.02208794,NA,NA,NA,Aquatic Insects,34,Family,Chironomidae,Chironomidae,NA,1,1.904,0.036,NA,NA,NA,NA,NA,NA,3,FM,NA,NA,NA   NA   3   NA,NA   NA   FM   NA
SHR_2004-04-23 09:15:00,4/23/2004 9:15,SHR,2004,A,FALSE,CLR,NA,NA,14.6,0.78,141,NA,NA,NA,NA,10,Regular,210377,210548,171,9123,0.525241372,28.02208794,NA,NA,NA,Aquatic Insects,39,Family,Tipulidae,Tipulidae,NA,1,1.904,0.036,NA,NA,NA,NA,NA,NA,3,FM,NA,NA,NA   NA   3   NA,NA   NA   FM   NA
SHR_2004-04-23 09:15:00,4/23/2004 9:15,SHR,2004,A,FALSE,CLR,NA,NA,14.6,0.78,141,NA,NA,NA,NA,10,Regular,210377,210548,171,9123,0.525241372,28.02208794,NA,NA,NA,Terrestrial Insects,63,Order,Coleoptera,Coleoptera,NA,1,1.904,0.036,NA,NA,NA,NA,NA,NA,3,FM,NA,NA,NA   NA   3   NA,NA   NA   FM   NA
STTD_2004-04-23 12:35:00,4/23/2004 12:35,STTD,2004,A,FALSE,CLR,NA,NA,16.9,0.25,585,NA,NA,NA,NA,10,Regular,210539,221430,10891,10891,33.45265371,33.45265371,NA,NA,NA,Aquatic Non-Insects,18,Family,Hydridae,Hydridae,NA,2,0.06,0.06,NA,NA,NA,NA,NA,NA,NA,NA,NA,NA,NA   NA   NA   NA,NA   NA   NA   NA
STTD_2004-04-23 12:35:00,4/23/2004 12:35,STTD,2004,A,FALSE,CLR,NA,NA,16.9,0.25,585,NA,NA,NA,NA,10,Regular,210539,221430,10891,10891,33.45265371,33.45265371,NA,NA,NA,Aquatic Non-Insects,4,Family,Naididae,Naididae,NA,1,0.03,0.03,NA,NA,NA,NA,NA,NA,NA,NA,NA,NA,NA   NA   NA   NA,NA   NA   NA   NA
STTD_2004-04-23 12:35:00,4/23/2004 12:35,STTD,2004,A,FALSE,CLR,NA,NA,16.9,0.25,585,NA,NA,NA,NA,10,Regular,210539,221430,10891,10891,33.45265371,33.45265371,NA,NA,NA,Aquatic Non-Insects,79,Subphylum,Vertebrata,Fish,NA,1,0.03,0.03,NA,NA,NA,NA,NA,NA,NA,NA,NA,NA,NA   NA   NA   NA,NA   NA   NA   NA
STTD_2004-04-23 12:35:00,4/23/2004 12:35,STTD,2004,A,FALSE,CLR,NA,NA,16.9,0.25,585,NA,NA,NA,NA,10,Regular,210539,221430,10891,10891,33.45265371,33.45265371,NA,NA,NA,Aquatic Insects,44,Family,Corixidae,Corixidae,NA,1,0.03,0.03,NA,NA,NA,NA,NA,NA,NA,NA,NA,NA,NA   NA   NA   NA,NA   NA   NA   NA
STTD_2004-04-23 12:35:00,4/23/2004 12:35,STTD,2004,A,FALSE,CLR,NA,NA,16.9,0.25,585,NA,NA,NA,NA,10,Regular,210539,221430,10891,10891,33.45265371,33.45265371,NA,NA,NA,Aquatic Insects,34,Family,Chironomidae,Chironomidae,NA,10,0.299,0.299,NA,NA,NA,NA,NA,NA,NA,NA,NA,NA,NA   NA   NA   NA,NA   NA   NA   NA
STTD_2004-04-23 12:35:00,4/23/2004 12:35,STTD,2004,A,FALSE,CLR,NA,NA,16.9,0.25,585,NA,NA,NA,NA,10,Regular,210539,221430,10891,10891,33.45265371,33.45265371,NA,NA,NA,Terrestrial Non-Insects,58,Suborder,Araneida,Araneida,NA,1,0.03,0.03,NA,NA,NA,NA,NA,NA,NA,NA,NA,NA,NA   NA   NA   NA,NA   NA   NA   NA
STTD_2004-04-23 12:35:00,4/23/2004 12:35,STTD,2004,A,FALSE,CLR,NA,NA,16.9,0.25,585,NA,NA,NA,NA,10,Regular,210539,221430,10891,10891,33.45265371,33.45265371,NA,NA,NA,Terrestrial Insects,85,Order,Thysanoptera,Thysanoptera,NA,1,0.03,0.03,NA,NA,NA,NA,NA,NA,NA,NA,NA,NA,NA   NA   NA   NA,NA   NA   NA   NA
STTD_2004-04-23 12:35:00,4/23/2004 12:35,STTD,2004,A,FALSE,CLR,NA,NA,16.9,0.25,585,NA,NA,NA,NA,10,Regular,210539,221430,10891,10891,33.45265371,33.45265371,NA,NA,NA,Terrestrial Insects,64,Order,Diptera,Diptera,NA,9,0.269,0.269,NA,NA,NA,NA,NA,NA,NA,NA,NA,NA,NA   NA   NA   NA,NA   NA   NA   NA
SHR_2004-05-21 10:20:00,5/21/2004 10:20,SHR,2004,A,FALSE,CLR,NA,NA,19.5,1,167,NA,NA,NA,NA,10,Regular,221754,221818,64,9123,0.196581566,28.02208794,NA,NA,NA,Aquatic Non-Insects,18,Family,Hydridae,Hydridae,NA,1,5.087,0.036,NA,NA,NA,NA,NA,NA,3,FM,NA,NA,NA   NA   3   NA,NA   NA   FM   NA
SHR_2004-05-21 10:20:00,5/21/2004 10:20,SHR,2004,A,FALSE,CLR,NA,NA,19.5,1,167,NA,NA,NA,NA,10,Regular,221754,221818,64,9123,0.196581566,28.02208794,NA,NA,NA,Aquatic Non-Insects,79,Subphylum,Vertebrata,Fish,NA,1,5.087,0.036,NA,NA,NA,NA,NA,NA,3,FM,NA,NA,NA   NA   3   NA,NA   NA   FM   NA
SHR_2004-05-21 10:20:00,5/21/2004 10:20,SHR,2004,A,FALSE,CLR,NA,NA,19.5,1,167,NA,NA,NA,NA,10,Regular,221754,221818,64,9123,0.196581566,28.02208794,NA,NA,NA,Aquatic Insects,34,Family,Chironomidae,Chironomidae,NA,1,5.087,0.036,NA,NA,NA,NA,NA,NA,3,FM,NA,NA,NA   NA   3   NA,NA   NA   FM   NA
SHR_2004-05-21 10:20:00,5/21/2004 10:20,SHR,2004,A,FALSE,CLR,NA,NA,19.5,1,167,NA,NA,NA,NA,10,Regular,221754,221818,64,9123,0.196581566,28.02208794,NA,NA,NA,Aquatic Insects,39,Family,Tipulidae,Tipulidae,NA,3,15.261,0.107,NA,NA,NA,NA,NA,NA,3,FM,NA,NA,NA   NA   3   NA,NA   NA   FM   NA
SHR_2004-05-21 10:20:00,5/21/2004 10:20,SHR,2004,A,FALSE,CLR,NA,NA,19.5,1,167,NA,NA,NA,NA,10,Regular,221754,221818,64,9123,0.196581566,28.02208794,NA,NA,NA,Terrestrial Non-Insects,58,Suborder,Araneida,Araneida,NA,1,5.087,0.036,NA,NA,NA,NA,NA,NA,3,FM,NA,NA,NA   NA   3   NA,NA   NA   FM   NA
SHR_2004-05-21 10:20:00,5/21/2004 10:20,SHR,2004,A,FALSE,CLR,NA,NA,19.5,1,167,NA,NA,NA,NA,10,Regular,221754,221818,64,9123,0.196581566,28.02208794,NA,NA,NA,Terrestrial Insects,67,Order,Psocoptera,Psocoptera,NA,1,5.087,0.036,NA,NA,NA,NA,NA,NA,3,FM,NA,NA,NA   NA   3   NA,NA   NA   FM   NA
STTD_2004-05-21 13:40:00,5/21/2004 13:40,STTD,2004,A,FALSE,CLR,NA,NA,21,0.16,444,NA,NA,NA,NA,10,Regular,221812,225008,3196,3196,9.816791961,9.816791961,NA,NA,NA,Aquatic Non-Insects,18,Family,Hydridae,Hydridae,NA,1,0.102,0.102,NA,NA,NA,NA,NA,NA,NA,NA,NA,NA,NA   NA   NA   NA,NA   NA   NA   NA
STTD_2004-05-21 13:40:00,5/21/2004 13:40,STTD,2004,A,FALSE,CLR,NA,NA,21,0.16,444,NA,NA,NA,NA,10,Regular,221812,225008,3196,3196,9.816791961,9.816791961,NA,NA,NA,Aquatic Non-Insects,4,Family,Naididae,Naididae,NA,1,0.102,0.102,NA,NA,NA,NA,NA,NA,NA,NA,NA,NA,NA   NA   NA   NA,NA   NA   NA   NA
STTD_2004-05-21 13:40:00,5/21/2004 13:40,STTD,2004,A,FALSE,CLR,NA,NA,21,0.16,444,NA,NA,NA,NA,10,Regular,221812,225008,3196,3196,9.816791961,9.816791961,NA,NA,NA,Aquatic Non-Insects,13,Family,Mysidae,Mysidae,NA,1,0.102,0.102,NA,NA,NA,NA,NA,NA,NA,NA,NA,NA,NA   NA   NA   NA,NA   NA   NA   NA
STTD_2004-05-21 13:40:00,5/21/2004 13:40,STTD,2004,A,FALSE,CLR,NA,NA,21,0.16,444,NA,NA,NA,NA,10,Regular,221812,225008,3196,3196,9.816791961,9.816791961,NA,NA,NA,Aquatic Non-Insects,79,Subphylum,Vertebrata,Fish,NA,10,1.019,1.019,NA,NA,NA,NA,NA,NA,NA,NA,NA,NA,NA   NA   NA   NA,NA   NA   NA   NA
STTD_2004-05-21 13:40:00,5/21/2004 13:40,STTD,2004,A,FALSE,CLR,NA,NA,21,0.16,444,NA,NA,NA,NA,10,Regular,221812,225008,3196,3196,9.816791961,9.816791961,NA,NA,NA,Terrestrial Insects,85,Order,Thysanoptera,Thysanoptera,NA,1,0.102,0.102,NA,NA,NA,NA,NA,NA,NA,NA,NA,NA,NA   NA   NA   NA,NA   NA   NA   NA
STTD_2004-05-21 13:40:00,5/21/2004 13:40,STTD,2004,A,FALSE,CLR,NA,NA,21,0.16,444,NA,NA,NA,NA,10,Regular,221812,225008,3196,3196,9.816791961,9.816791961,NA,NA,NA,Terrestrial Insects,63,Order,Coleoptera,Coleoptera,NA,1,0.102,0.102,NA,NA,NA,NA,NA,NA,NA,NA,NA,NA,NA   NA   NA   NA,NA   NA   NA   NA
STTD_2004-05-21 13:40:00,5/21/2004 13:40,STTD,2004,A,FALSE,CLR,NA,NA,21,0.16,444,NA,NA,NA,NA,10,Regular,221812,225008,3196,3196,9.816791961,9.816791961,NA,NA,NA,Terrestrial Insects,64,Order,Diptera,Diptera,NA,1,0.102,0.102,NA,NA,NA,NA,NA,NA,NA,NA,NA,NA,NA   NA   NA   NA,NA   NA   NA   NA
STTD_2004-05-21 13:40:00,5/21/2004 13:40,STTD,2004,A,FALSE,CLR,NA,NA,21,0.16,444,NA,NA,NA,NA,10,Regular,221812,225008,3196,3196,9.816791961,9.816791961,NA,NA,NA,Terrestrial Insects,66,Order,Hymenoptera,Hymenoptera,NA,1,0.102,0.102,NA,NA,NA,NA,NA,NA,NA,NA,NA,NA,NA   NA   NA   NA,NA   NA   NA   NA
STTD_2004-06-18 11:55:00,6/18/2004 11:55,STTD,2004,A,FALSE,CLR,NA,NA,22.8,0.58,273,NA,NA,NA,NA,10,Regular,226056,234517,8461,8461,25.98869737,25.98869737,NA,NA,NA,Aquatic Non-Insects,9,Family,Corophiidae,Corophiidae,NA,1,0.038,0.038,NA,NA,NA,NA,NA,NA,NA,NA,NA,NA,NA   NA   NA   NA,NA   NA   NA   NA
STTD_2004-06-18 11:55:00,6/18/2004 11:55,STTD,2004,A,FALSE,CLR,NA,NA,22.8,0.58,273,NA,NA,NA,NA,10,Regular,226056,234517,8461,8461,25.98869737,25.98869737,NA,NA,NA,Aquatic Non-Insects,79,Subphylum,Vertebrata,Fish,NA,9,0.346,0.346,NA,NA,NA,NA,NA,NA,NA,NA,NA,NA,NA   NA   NA   NA,NA   NA   NA   NA
STTD_2004-06-18 11:55:00,6/18/2004 11:55,STTD,2004,A,FALSE,CLR,NA,NA,22.8,0.58,273,NA,NA,NA,NA,10,Regular,226056,234517,8461,8461,25.98869737,25.98869737,NA,NA,NA,Aquatic Insects,95,Family,Veliidae,Veliidae,NA,9,0.346,0.346,NA,NA,NA,NA,NA,NA,NA,NA,NA,NA,NA   NA   NA   NA,NA   NA   NA   NA
STTD_2004-06-18 11:55:00,6/18/2004 11:55,STTD,2004,A,FALSE,CLR,NA,NA,22.8,0.58,273,NA,NA,NA,NA,10,Regular,226056,234517,8461,8461,25.98869737,25.98869737,NA,NA,NA,Aquatic Insects,52,Family,Hydraenidae,Hydraenidae,NA,1,0.038,0.038,NA,NA,NA,NA,NA,NA,NA,NA,NA,NA,NA   NA   NA   NA,NA   NA   NA   NA
STTD_2004-06-18 11:55:00,6/18/2004 11:55,STTD,2004,A,FALSE,CLR,NA,NA,22.8,0.58,273,NA,NA,NA,NA,10,Regular,226056,234517,8461,8461,25.98869737,25.98869737,NA,NA,NA,Aquatic Insects,34,Family,Chironomidae,Chironomidae,NA,2,0.077,0.077,NA,NA,NA,NA,NA,NA,NA,NA,NA,NA,NA   NA   NA   NA,NA   NA   NA   NA
STTD_2004-06-18 11:55:00,6/18/2004 11:55,STTD,2004,A,FALSE,CLR,NA,NA,22.8,0.58,273,NA,NA,NA,NA,10,Regular,226056,234517,8461,8461,25.98869737,25.98869737,NA,NA,NA,Terrestrial Insects,67,Order,Psocoptera,Psocoptera,NA,2,0.077,0.077,NA,NA,NA,NA,NA,NA,NA,NA,NA,NA,NA   NA   NA   NA,NA   NA   NA   NA
STTD_2004-06-18 11:55:00,6/18/2004 11:55,STTD,2004,A,FALSE,CLR,NA,NA,22.8,0.58,273,NA,NA,NA,NA,10,Regular,226056,234517,8461,8461,25.98869737,25.98869737,NA,NA,NA,Terrestrial Insects,85,Order,Thysanoptera,Thysanoptera,NA,1,0.038,0.038,NA,NA,NA,NA,NA,NA,NA,NA,NA,NA,NA   NA   NA   NA,NA   NA   NA   NA
STTD_2004-06-18 11:55:00,6/18/2004 11:55,STTD,2004,A,FALSE,CLR,NA,NA,22.8,0.58,273,NA,NA,NA,NA,10,Regular,226056,234517,8461,8461,25.98869737,25.98869737,NA,NA,NA,Terrestrial Insects,63,Order,Coleoptera,Coleoptera,NA,2,0.077,0.077,NA,NA,NA,NA,NA,NA,NA,NA,NA,NA,NA   NA   NA   NA,NA   NA   NA   NA
STTD_2004-06-18 11:55:00,6/18/2004 11:55,STTD,2004,A,FALSE,CLR,NA,NA,22.8,0.58,273,NA,NA,NA,NA,10,Regular,226056,234517,8461,8461,25.98869737,25.98869737,NA,NA,NA,Terrestrial Insects,64,Order,Diptera,Diptera,NA,2,0.077,0.077,NA,NA,NA,NA,NA,NA,NA,NA,NA,NA,NA   NA   NA   NA,NA   NA   NA   NA
STTD_2004-06-18 11:55:00,6/18/2004 11:55,STTD,2004,A,FALSE,CLR,NA,NA,22.8,0.58,273,NA,NA,NA,NA,10,Regular,226056,234517,8461,8461,25.98869737,25.98869737,NA,NA,NA,Terrestrial Insects,66,Order,Hymenoptera,Hymenoptera,NA,1,0.038,0.038,NA,NA,NA,NA,NA,NA,NA,NA,NA,NA,NA   NA   NA   NA,NA   NA   NA   NA
SHR_2004-06-18 15:00:00,6/18/2004 15:00,SHR,2004,A,FALSE,CLR,NA,NA,21.9,0.62,118,NA,NA,NA,NA,10,Regular,234522,235042,520,520,1.597225225,1.597225225,NA,NA,NA,Aquatic Non-Insects,18,Family,Hydridae,Hydridae,NA,1,0.626,0.626,NA,NA,NA,NA,NA,NA,2,FM,NA,NA,NA   NA   2   NA,NA   NA   FM   NA
SHR_2004-06-18 15:00:00,6/18/2004 15:00,SHR,2004,A,FALSE,CLR,NA,NA,21.9,0.62,118,NA,NA,NA,NA,10,Regular,234522,235042,520,520,1.597225225,1.597225225,NA,NA,NA,Aquatic Insects,107,Family,Leptohyphidae,Leptohyphidae,NA,1,0.626,0.626,NA,NA,NA,NA,NA,NA,2,FM,NA,NA,NA   NA   2   NA,NA   NA   FM   NA
SHR_2004-06-18 15:00:00,6/18/2004 15:00,SHR,2004,A,FALSE,CLR,NA,NA,21.9,0.62,118,NA,NA,NA,NA,10,Regular,234522,235042,520,520,1.597225225,1.597225225,NA,NA,NA,Aquatic Insects,52,Family,Hydraenidae,Hydraenidae,NA,1,0.626,0.626,NA,NA,NA,NA,NA,NA,2,FM,NA,NA,NA   NA   2   NA,NA   NA   FM   NA
SHR_2004-06-18 15:00:00,6/18/2004 15:00,SHR,2004,A,FALSE,CLR,NA,NA,21.9,0.62,118,NA,NA,NA,NA,10,Regular,234522,235042,520,520,1.597225225,1.597225225,NA,NA,NA,Aquatic Insects,39,Family,Tipulidae,Tipulidae,NA,1,0.626,0.626,NA,NA,NA,NA,NA,NA,2,FM,NA,NA,NA   NA   2   NA,NA   NA   FM   NA
SHR_2004-06-18 15:00:00,6/18/2004 15:00,SHR,2004,A,FALSE,CLR,NA,NA,21.9,0.62,118,NA,NA,NA,NA,10,Regular,234522,235042,520,520,1.597225225,1.597225225,NA,NA,NA,Terrestrial Insects,71,Order,Hemiptera,Hemiptera,NA,1,0.626,0.626,NA,NA,NA,NA,NA,NA,2,FM,NA,NA,NA   NA   2   NA,NA   NA   FM   NA
SHR_2004-06-18 15:00:00,6/18/2004 15:00,SHR,2004,A,FALSE,CLR,NA,NA,21.9,0.62,118,NA,NA,NA,NA,10,Regular,234522,235042,520,520,1.597225225,1.597225225,NA,NA,NA,Terrestrial Insects,63,Order,Coleoptera,Coleoptera,NA,3,1.878,1.878,NA,NA,NA,NA,NA,NA,2,FM,NA,NA,NA   NA   2   NA,NA   NA   FM   NA
SHR_2004-12-29 10:41:00,12/29/2004 10:41,SHR,2005,A,FALSE,RAN,NA,NA,8.9,0.21,189,NA,NA,NA,NA,10,Regular,48,3601,3553,3553,10.91334851,10.91334851,1,NA,NA,Aquatic Non-Insects,18,Family,Hydridae,Hydridae,NA,43,3.94,3.94,NA,NA,NA,NA,NA,NA,NA,NA,NA,NA,NA   NA   NA   NA,NA   NA   NA   NA
SHR_2004-12-29 10:41:00,12/29/2004 10:41,SHR,2005,A,FALSE,RAN,NA,NA,8.9,0.21,189,NA,NA,NA,NA,10,Regular,48,3601,3553,3553,10.91334851,10.91334851,1,NA,NA,Aquatic Non-Insects,2,Family,Enchytraeidae,Enchytraeidae,NA,2,0.183,0.183,NA,NA,NA,NA,NA,NA,NA,NA,NA,NA,NA   NA   NA   NA,NA   NA   NA   NA
SHR_2004-12-29 10:41:00,12/29/2004 10:41,SHR,2005,A,FALSE,RAN,NA,NA,8.9,0.21,189,NA,NA,NA,NA,10,Regular,48,3601,3553,3553,10.91334851,10.91334851,1,NA,NA,Aquatic Non-Insects,4,Family,Naididae,Naididae,NA,8,0.733,0.733,NA,NA,NA,NA,NA,NA,NA,NA,NA,NA,NA   NA   NA   NA,NA   NA   NA   NA
SHR_2004-12-29 10:41:00,12/29/2004 10:41,SHR,2005,A,FALSE,RAN,NA,NA,8.9,0.21,189,NA,NA,NA,NA,10,Regular,48,3601,3553,3553,10.91334851,10.91334851,1,NA,NA,Aquatic Insects,34,Family,Chironomidae,Chironomidae,NA,21,1.924,1.924,NA,NA,NA,NA,NA,NA,NA,NA,NA,NA,NA   NA   NA   NA,NA   NA   NA   NA
SHR_2004-12-29 10:41:00,12/29/2004 10:41,SHR,2005,A,FALSE,RAN,NA,NA,8.9,0.21,189,NA,NA,NA,NA,10,Regular,48,3601,3553,3553,10.91334851,10.91334851,1,NA,NA,Terrestrial Insects,66,Order,Hymenoptera,Hymenoptera,NA,1,0.092,0.092,NA,NA,NA,NA,NA,NA,NA,NA,NA,NA,NA   NA   NA   NA,NA   NA   NA   NA
STTD_2004-12-29 12:38:00,12/29/2004 12:38,STTD,2005,A,FALSE,CLD,NA,NA,8.4,0.24,288,NA,NA,NA,NA,10,Regular,3600,35613,32013,32013,98.33071372,98.33071372,1,NA,NA,Aquatic Non-Insects,4,Family,Naididae,Naididae,NA,1,0.01,0.01,NA,NA,NA,NA,NA,NA,NA,NA,NA,NA,NA   NA   NA   NA,NA   NA   NA   NA
STTD_2004-12-29 12:38:00,12/29/2004 12:38,STTD,2005,A,FALSE,CLD,NA,NA,8.4,0.24,288,NA,NA,NA,NA,10,Regular,3600,35613,32013,32013,98.33071372,98.33071372,1,NA,NA,Terrestrial Insects,64,Order,Diptera,Diptera,NA,34,0.346,0.346,NA,NA,NA,NA,NA,NA,NA,NA,NA,NA,NA   NA   NA   NA,NA   NA   NA   NA
SHR_2005-01-05 10:00:00,1/5/2005 10:00,SHR,2005,A,FALSE,CLD,NA,NA,8.9,0.21,161,NA,NA,NA,NA,10,Regular,150007,158200,8193,8193,25.16551206,25.16551206,NA,NA,NA,Aquatic Non-Insects,4,Family,Naididae,Naididae,NA,5,0.199,0.199,NA,NA,NA,NA,NA,NA,NA,NA,NA,NA,NA   NA   NA   NA,NA   NA   NA   NA
SHR_2005-01-05 10:00:00,1/5/2005 10:00,SHR,2005,A,FALSE,CLD,NA,NA,8.9,0.21,161,NA,NA,NA,NA,10,Regular,150007,158200,8193,8193,25.16551206,25.16551206,NA,NA,NA,Aquatic Non-Insects,9,Family,Corophiidae,Corophiidae,NA,2,0.079,0.079,NA,NA,NA,NA,NA,NA,NA,NA,NA,NA,NA   NA   NA   NA,NA   NA   NA   NA
SHR_2005-01-05 10:00:00,1/5/2005 10:00,SHR,2005,A,FALSE,CLD,NA,NA,8.9,0.21,161,NA,NA,NA,NA,10,Regular,150007,158200,8193,8193,25.16551206,25.16551206,NA,NA,NA,Aquatic Insects,41,Family,Baetidae,Baetidae,NA,1,0.04,0.04,NA,NA,NA,NA,NA,NA,NA,NA,NA,NA,NA   NA   NA   NA,NA   NA   NA   NA
SHR_2005-01-05 10:00:00,1/5/2005 10:00,SHR,2005,A,FALSE,CLD,NA,NA,8.9,0.21,161,NA,NA,NA,NA,10,Regular,150007,158200,8193,8193,25.16551206,25.16551206,NA,NA,NA,Aquatic Insects,43,Family,Heptageniidae,Heptageniidae,NA,1,0.04,0.04,NA,NA,NA,NA,NA,NA,NA,NA,NA,NA,NA   NA   NA   NA,NA   NA   NA   NA
SHR_2005-01-05 10:00:00,1/5/2005 10:00,SHR,2005,A,FALSE,CLD,NA,NA,8.9,0.21,161,NA,NA,NA,NA,10,Regular,150007,158200,8193,8193,25.16551206,25.16551206,NA,NA,NA,Aquatic Insects,30,Family,Dytiscidae,Dytiscidae,NA,1,0.04,0.04,NA,NA,NA,NA,NA,NA,NA,NA,NA,NA,NA   NA   NA   NA,NA   NA   NA   NA
SHR_2005-01-05 10:00:00,1/5/2005 10:00,SHR,2005,A,FALSE,CLD,NA,NA,8.9,0.21,161,NA,NA,NA,NA,10,Regular,150007,158200,8193,8193,25.16551206,25.16551206,NA,NA,NA,Aquatic Insects,34,Family,Chironomidae,Chironomidae,NA,10,0.397,0.397,NA,NA,NA,NA,NA,NA,NA,NA,NA,NA,NA   NA   NA   NA,NA   NA   NA   NA
SHR_2005-01-05 10:00:00,1/5/2005 10:00,SHR,2005,A,FALSE,CLD,NA,NA,8.9,0.21,161,NA,NA,NA,NA,10,Regular,150007,158200,8193,8193,25.16551206,25.16551206,NA,NA,NA,Terrestrial Insects,63,Order,Coleoptera,Coleoptera,NA,1,0.04,0.04,NA,NA,NA,NA,NA,NA,NA,NA,NA,NA,NA   NA   NA   NA,NA   NA   NA   NA
SHR_2005-01-05 10:00:00,1/5/2005 10:00,SHR,2005,A,FALSE,CLD,NA,NA,8.9,0.21,161,NA,NA,NA,NA,10,Regular,150007,158200,8193,8193,25.16551206,25.16551206,NA,NA,NA,Terrestrial Insects,64,Order,Diptera,Diptera,NA,1,0.04,0.04,NA,NA,NA,NA,NA,NA,NA,NA,NA,NA,NA   NA   NA   NA,NA   NA   NA   NA
STTD_2005-01-05 12:20:00,1/5/2005 12:20,STTD,2005,A,FALSE,CLD,NA,NA,8.2,0.12,346,NA,NA,NA,NA,10,Regular,158219,174486,16267,16267,49.96550527,49.96550527,1,NA,NA,Aquatic Non-Insects,24,Family,Mermithidae,Mermithidae,NA,1,0.02,0.02,NA,NA,NA,NA,NA,NA,NA,NA,NA,NA,NA   NA   NA   NA,NA   NA   NA   NA
STTD_2005-01-05 12:20:00,1/5/2005 12:20,STTD,2005,A,FALSE,CLD,NA,NA,8.2,0.12,346,NA,NA,NA,NA,10,Regular,158219,174486,16267,16267,49.96550527,49.96550527,1,NA,NA,Aquatic Non-Insects,2,Family,Enchytraeidae,Enchytraeidae,NA,22,0.44,0.44,NA,NA,NA,NA,NA,NA,NA,NA,NA,NA,NA   NA   NA   NA,NA   NA   NA   NA
STTD_2005-01-05 12:20:00,1/5/2005 12:20,STTD,2005,A,FALSE,CLD,NA,NA,8.2,0.12,346,NA,NA,NA,NA,10,Regular,158219,174486,16267,16267,49.96550527,49.96550527,1,NA,NA,Aquatic Non-Insects,4,Family,Naididae,Naididae,NA,11,0.22,0.22,NA,NA,NA,NA,NA,NA,NA,NA,NA,NA,NA   NA   NA   NA,NA   NA   NA   NA
STTD_2005-01-05 12:20:00,1/5/2005 12:20,STTD,2005,A,FALSE,CLD,NA,NA,8.2,0.12,346,NA,NA,NA,NA,10,Regular,158219,174486,16267,16267,49.96550527,49.96550527,1,NA,NA,Aquatic Non-Insects,3,Suborder,Lumbricina,Lumbricina,NA,1,0.02,0.02,NA,NA,NA,NA,NA,NA,NA,NA,NA,NA,NA   NA   NA   NA,NA   NA   NA   NA
STTD_2005-01-05 12:20:00,1/5/2005 12:20,STTD,2005,A,FALSE,CLD,NA,NA,8.2,0.12,346,NA,NA,NA,NA,10,Regular,158219,174486,16267,16267,49.96550527,49.96550527,1,NA,NA,Aquatic Non-Insects,118,Class,Ostracoda,Ostracod,NA,9,0.18,0.18,NA,NA,NA,NA,NA,NA,NA,NA,NA,NA,NA   NA   NA   NA,NA   NA   NA   NA
STTD_2005-01-05 12:20:00,1/5/2005 12:20,STTD,2005,A,FALSE,CLD,NA,NA,8.2,0.12,346,NA,NA,NA,NA,10,Regular,158219,174486,16267,16267,49.96550527,49.96550527,1,NA,NA,Aquatic Non-Insects,9,Family,Corophiidae,Corophiidae,NA,6,0.12,0.12,NA,NA,NA,NA,NA,NA,NA,NA,NA,NA,NA   NA   NA   NA,NA   NA   NA   NA
STTD_2005-01-05 12:20:00,1/5/2005 12:20,STTD,2005,A,FALSE,CLD,NA,NA,8.2,0.12,346,NA,NA,NA,NA,10,Regular,158219,174486,16267,16267,49.96550527,49.96550527,1,NA,NA,Aquatic Non-Insects,20,Family,Physidae,Physidae,NA,181,3.622,3.622,NA,NA,NA,NA,NA,NA,NA,NA,NA,NA,NA   NA   NA   NA,NA   NA   NA   NA
STTD_2005-01-05 12:20:00,1/5/2005 12:20,STTD,2005,A,FALSE,CLD,NA,NA,8.2,0.12,346,NA,NA,NA,NA,10,Regular,158219,174486,16267,16267,49.96550527,49.96550527,1,NA,NA,Aquatic Insects,44,Family,Corixidae,Corixidae,NA,11,0.22,0.22,NA,NA,NA,NA,NA,NA,NA,NA,NA,NA,NA   NA   NA   NA,NA   NA   NA   NA
STTD_2005-01-05 12:20:00,1/5/2005 12:20,STTD,2005,A,FALSE,CLD,NA,NA,8.2,0.12,346,NA,NA,NA,NA,10,Regular,158219,174486,16267,16267,49.96550527,49.96550527,1,NA,NA,Aquatic Insects,45,Family,Notonectidae,Notonectidae,NA,1,0.02,0.02,NA,NA,NA,NA,NA,NA,NA,NA,NA,NA,NA   NA   NA   NA,NA   NA   NA   NA
STTD_2005-01-05 12:20:00,1/5/2005 12:20,STTD,2005,A,FALSE,CLD,NA,NA,8.2,0.12,346,NA,NA,NA,NA,10,Regular,158219,174486,16267,16267,49.96550527,49.96550527,1,NA,NA,Aquatic Insects,30,Family,Dytiscidae,Dytiscidae,NA,54,1.081,1.081,NA,NA,NA,NA,NA,NA,NA,NA,NA,NA,NA   NA   NA   NA,NA   NA   NA   NA
STTD_2005-01-05 12:20:00,1/5/2005 12:20,STTD,2005,A,FALSE,CLD,NA,NA,8.2,0.12,346,NA,NA,NA,NA,10,Regular,158219,174486,16267,16267,49.96550527,49.96550527,1,NA,NA,Aquatic Insects,31,Family,Helophoridae,Helophoridae,NA,1,0.02,0.02,NA,NA,NA,NA,NA,NA,NA,NA,NA,NA,NA   NA   NA   NA,NA   NA   NA   NA
STTD_2005-01-05 12:20:00,1/5/2005 12:20,STTD,2005,A,FALSE,CLD,NA,NA,8.2,0.12,346,NA,NA,NA,NA,10,Regular,158219,174486,16267,16267,49.96550527,49.96550527,1,NA,NA,Aquatic Insects,81,Family,Hydrophilidae,Hydrophilidae,NA,4,0.08,0.08,NA,NA,NA,NA,NA,NA,NA,NA,NA,NA,NA   NA   NA   NA,NA   NA   NA   NA
STTD_2005-01-05 12:20:00,1/5/2005 12:20,STTD,2005,A,FALSE,CLD,NA,NA,8.2,0.12,346,NA,NA,NA,NA,10,Regular,158219,174486,16267,16267,49.96550527,49.96550527,1,NA,NA,Aquatic Insects,52,Family,Hydraenidae,Hydraenidae,NA,12,0.24,0.24,NA,NA,NA,NA,NA,NA,NA,NA,NA,NA,NA   NA   NA   NA,NA   NA   NA   NA
STTD_2005-01-05 12:20:00,1/5/2005 12:20,STTD,2005,A,FALSE,CLD,NA,NA,8.2,0.12,346,NA,NA,NA,NA,10,Regular,158219,174486,16267,16267,49.96550527,49.96550527,1,NA,NA,Aquatic Insects,34,Family,Chironomidae,Chironomidae,NA,20,0.4,0.4,NA,NA,NA,NA,NA,NA,NA,NA,NA,NA,NA   NA   NA   NA,NA   NA   NA   NA
STTD_2005-01-05 12:20:00,1/5/2005 12:20,STTD,2005,A,FALSE,CLD,NA,NA,8.2,0.12,346,NA,NA,NA,NA,10,Regular,158219,174486,16267,16267,49.96550527,49.96550527,1,NA,NA,Aquatic Insects,49,Family,Culicidae,Culicidae,NA,1,0.02,0.02,NA,NA,NA,NA,NA,NA,NA,NA,NA,NA,NA   NA   NA   NA,NA   NA   NA   NA
STTD_2005-01-05 12:20:00,1/5/2005 12:20,STTD,2005,A,FALSE,CLD,NA,NA,8.2,0.12,346,NA,NA,NA,NA,10,Regular,158219,174486,16267,16267,49.96550527,49.96550527,1,NA,NA,Aquatic Insects,37,Family,Psychodidae,Psychodidae,NA,3,0.06,0.06,NA,NA,NA,NA,NA,NA,NA,NA,NA,NA,NA   NA   NA   NA,NA   NA   NA   NA
STTD_2005-01-05 12:20:00,1/5/2005 12:20,STTD,2005,A,FALSE,CLD,NA,NA,8.2,0.12,346,NA,NA,NA,NA,10,Regular,158219,174486,16267,16267,49.96550527,49.96550527,1,NA,NA,Aquatic Insects,39,Family,Tipulidae,Tipulidae,NA,1,0.02,0.02,NA,NA,NA,NA,NA,NA,NA,NA,NA,NA,NA   NA   NA   NA,NA   NA   NA   NA
STTD_2005-01-05 12:20:00,1/5/2005 12:20,STTD,2005,A,FALSE,CLD,NA,NA,8.2,0.12,346,NA,NA,NA,NA,10,Regular,158219,174486,16267,16267,49.96550527,49.96550527,1,NA,NA,Aquatic Insects,36,Family,Ephydridae,Ephydridae,NA,32,0.64,0.64,NA,NA,NA,NA,NA,NA,NA,NA,NA,NA,NA   NA   NA   NA,NA   NA   NA   NA
STTD_2005-01-05 12:20:00,1/5/2005 12:20,STTD,2005,A,FALSE,CLD,NA,NA,8.2,0.12,346,NA,NA,NA,NA,10,Regular,158219,174486,16267,16267,49.96550527,49.96550527,1,NA,NA,Terrestrial Non-Insects,59,Order,Geophilomorpha,Geophilomorpha,NA,1,0.02,0.02,NA,NA,NA,NA,NA,NA,NA,NA,NA,NA,NA   NA   NA   NA,NA   NA   NA   NA
STTD_2005-01-05 12:20:00,1/5/2005 12:20,STTD,2005,A,FALSE,CLD,NA,NA,8.2,0.12,346,NA,NA,NA,NA,10,Regular,158219,174486,16267,16267,49.96550527,49.96550527,1,NA,NA,Terrestrial Non-Insects,58,Suborder,Araneida,Araneida,NA,21,0.42,0.42,NA,NA,NA,NA,NA,NA,NA,NA,NA,NA,NA   NA   NA   NA,NA   NA   NA   NA
STTD_2005-01-05 12:20:00,1/5/2005 12:20,STTD,2005,A,FALSE,CLD,NA,NA,8.2,0.12,346,NA,NA,NA,NA,10,Regular,158219,174486,16267,16267,49.96550527,49.96550527,1,NA,NA,Terrestrial Non-Insects,57,Subclass,Acari,Acari,NA,5,0.1,0.1,NA,NA,NA,NA,NA,NA,NA,NA,NA,NA,NA   NA   NA   NA,NA   NA   NA   NA
STTD_2005-01-05 12:20:00,1/5/2005 12:20,STTD,2005,A,FALSE,CLD,NA,NA,8.2,0.12,346,NA,NA,NA,NA,10,Regular,158219,174486,16267,16267,49.96550527,49.96550527,1,NA,NA,Terrestrial Non-Insects,68,Order,Collembola,Collembola,NA,392,7.845,7.845,NA,NA,NA,NA,NA,NA,NA,NA,NA,NA,NA   NA   NA   NA,NA   NA   NA   NA
STTD_2005-01-05 12:20:00,1/5/2005 12:20,STTD,2005,A,FALSE,CLD,NA,NA,8.2,0.12,346,NA,NA,NA,NA,10,Regular,158219,174486,16267,16267,49.96550527,49.96550527,1,NA,NA,Terrestrial Insects,108,Order,Orthoptera,Orthoptera,NA,1,0.02,0.02,NA,NA,NA,NA,NA,NA,NA,NA,NA,NA,NA   NA   NA   NA,NA   NA   NA   NA
STTD_2005-01-05 12:20:00,1/5/2005 12:20,STTD,2005,A,FALSE,CLD,NA,NA,8.2,0.12,346,NA,NA,NA,NA,10,Regular,158219,174486,16267,16267,49.96550527,49.96550527,1,NA,NA,Terrestrial Insects,69,Order,Dermaptera,Dermaptera,NA,2,0.04,0.04,NA,NA,NA,NA,NA,NA,NA,NA,NA,NA,NA   NA   NA   NA,NA   NA   NA   NA
STTD_2005-01-05 12:20:00,1/5/2005 12:20,STTD,2005,A,FALSE,CLD,NA,NA,8.2,0.12,346,NA,NA,NA,NA,10,Regular,158219,174486,16267,16267,49.96550527,49.96550527,1,NA,NA,Terrestrial Insects,67,Order,Psocoptera,Psocoptera,NA,2,0.04,0.04,NA,NA,NA,NA,NA,NA,NA,NA,NA,NA,NA   NA   NA   NA,NA   NA   NA   NA
STTD_2005-01-05 12:20:00,1/5/2005 12:20,STTD,2005,A,FALSE,CLD,NA,NA,8.2,0.12,346,NA,NA,NA,NA,10,Regular,158219,174486,16267,16267,49.96550527,49.96550527,1,NA,NA,Terrestrial Insects,71,Order,Hemiptera,Hemiptera,NA,9,0.18,0.18,NA,NA,NA,NA,NA,NA,NA,NA,NA,NA,NA   NA   NA   NA,NA   NA   NA   NA
STTD_2005-01-05 12:20:00,1/5/2005 12:20,STTD,2005,A,FALSE,CLD,NA,NA,8.2,0.12,346,NA,NA,NA,NA,10,Regular,158219,174486,16267,16267,49.96550527,49.96550527,1,NA,NA,Terrestrial Insects,73,Order,Lepidoptera,Lepidoptera,NA,6,0.12,0.12,NA,NA,NA,NA,NA,NA,NA,NA,NA,NA,NA   NA   NA   NA,NA   NA   NA   NA
STTD_2005-01-05 12:20:00,1/5/2005 12:20,STTD,2005,A,FALSE,CLD,NA,NA,8.2,0.12,346,NA,NA,NA,NA,10,Regular,158219,174486,16267,16267,49.96550527,49.96550527,1,NA,NA,Terrestrial Insects,63,Order,Coleoptera,Coleoptera,NA,367,7.345,7.345,NA,NA,NA,NA,NA,NA,NA,NA,NA,NA,NA   NA   NA   NA,NA   NA   NA   NA
STTD_2005-01-05 12:20:00,1/5/2005 12:20,STTD,2005,A,FALSE,CLD,NA,NA,8.2,0.12,346,NA,NA,NA,NA,10,Regular,158219,174486,16267,16267,49.96550527,49.96550527,1,NA,NA,Terrestrial Insects,64,Order,Diptera,Diptera,NA,13,0.26,0.26,NA,NA,NA,NA,NA,NA,NA,NA,NA,NA,NA   NA   NA   NA,NA   NA   NA   NA
STTD_2005-01-05 12:20:00,1/5/2005 12:20,STTD,2005,A,FALSE,CLD,NA,NA,8.2,0.12,346,NA,NA,NA,NA,10,Regular,158219,174486,16267,16267,49.96550527,49.96550527,1,NA,NA,Terrestrial Insects,66,Order,Hymenoptera,Hymenoptera,NA,13,0.26,0.26,NA,NA,NA,NA,NA,NA,NA,NA,NA,NA,NA   NA   NA   NA,NA   NA   NA   NA
SHR_2005-01-11 10:30:00,1/11/2005 10:30,SHR,2005,A,FALSE,RAN,NA,NA,8.1,0.23,159,NA,NA,NA,NA,10,Regular,211481,217628,6147,6147,18.88104511,18.88104511,NA,NA,NA,Aquatic Non-Insects,4,Family,Naididae,Naididae,NA,4,0.212,0.212,NA,NA,NA,NA,NA,NA,NA,NA,NA,NA,NA   NA   NA   NA,NA   NA   NA   NA
SHR_2005-01-11 10:30:00,1/11/2005 10:30,SHR,2005,A,FALSE,RAN,NA,NA,8.1,0.23,159,NA,NA,NA,NA,10,Regular,211481,217628,6147,6147,18.88104511,18.88104511,NA,NA,NA,Aquatic Insects,34,Family,Chironomidae,Chironomidae,NA,3,0.159,0.159,NA,NA,NA,NA,NA,NA,NA,NA,NA,NA,NA   NA   NA   NA,NA   NA   NA   NA
SHR_2005-01-11 10:30:00,1/11/2005 10:30,SHR,2005,A,FALSE,RAN,NA,NA,8.1,0.23,159,NA,NA,NA,NA,10,Regular,211481,217628,6147,6147,18.88104511,18.88104511,NA,NA,NA,Terrestrial Non-Insects,58,Suborder,Araneida,Araneida,NA,1,0.053,0.053,NA,NA,NA,NA,NA,NA,NA,NA,NA,NA,NA   NA   NA   NA,NA   NA   NA   NA
SHR_2005-01-11 10:30:00,1/11/2005 10:30,SHR,2005,A,FALSE,RAN,NA,NA,8.1,0.23,159,NA,NA,NA,NA,10,Regular,211481,217628,6147,6147,18.88104511,18.88104511,NA,NA,NA,Terrestrial Insects,66,Order,Hymenoptera,Hymenoptera,NA,1,0.053,0.053,NA,NA,NA,NA,NA,NA,NA,NA,NA,NA,NA   NA   NA   NA,NA   NA   NA   NA
STTD_2005-01-12 13:48:00,1/12/2005 13:48,STTD,2005,A,FALSE,CLR,NA,NA,8.5,0.14,393,NA,NA,NA,NA,6,Regular,235556,250716,15160,15160,46.56525849,46.56525849,NA,NA,NA,Aquatic Non-Insects,2,Family,Enchytraeidae,Enchytraeidae,NA,2,0.043,0.043,NA,NA,NA,NA,NA,NA,NA,NA,NA,NA,NA   NA   NA   NA,NA   NA   NA   NA
STTD_2005-01-12 13:48:00,1/12/2005 13:48,STTD,2005,A,FALSE,CLR,NA,NA,8.5,0.14,393,NA,NA,NA,NA,6,Regular,235556,250716,15160,15160,46.56525849,46.56525849,NA,NA,NA,Aquatic Non-Insects,4,Family,Naididae,Naididae,NA,6,0.129,0.129,NA,NA,NA,NA,NA,NA,NA,NA,NA,NA,NA   NA   NA   NA,NA   NA   NA   NA
STTD_2005-01-12 13:48:00,1/12/2005 13:48,STTD,2005,A,FALSE,CLR,NA,NA,8.5,0.14,393,NA,NA,NA,NA,6,Regular,235556,250716,15160,15160,46.56525849,46.56525849,NA,NA,NA,Aquatic Non-Insects,8,Family,Sabellidae,Sabellidae,NA,1,0.021,0.021,NA,NA,NA,NA,NA,NA,NA,NA,NA,NA,NA   NA   NA   NA,NA   NA   NA   NA
STTD_2005-01-12 13:48:00,1/12/2005 13:48,STTD,2005,A,FALSE,CLR,NA,NA,8.5,0.14,393,NA,NA,NA,NA,6,Regular,235556,250716,15160,15160,46.56525849,46.56525849,NA,NA,NA,Aquatic Non-Insects,118,Class,Ostracoda,Ostracod,NA,1,0.021,0.021,NA,NA,NA,NA,NA,NA,NA,NA,NA,NA,NA   NA   NA   NA,NA   NA   NA   NA
STTD_2005-01-12 13:48:00,1/12/2005 13:48,STTD,2005,A,FALSE,CLR,NA,NA,8.5,0.14,393,NA,NA,NA,NA,6,Regular,235556,250716,15160,15160,46.56525849,46.56525849,NA,NA,NA,Aquatic Insects,44,Family,Corixidae,Corixidae,NA,9,0.193,0.193,NA,NA,NA,NA,NA,NA,NA,NA,NA,NA,NA   NA   NA   NA,NA   NA   NA   NA
STTD_2005-01-12 13:48:00,1/12/2005 13:48,STTD,2005,A,FALSE,CLR,NA,NA,8.5,0.14,393,NA,NA,NA,NA,6,Regular,235556,250716,15160,15160,46.56525849,46.56525849,NA,NA,NA,Aquatic Insects,34,Family,Chironomidae,Chironomidae,NA,20,0.43,0.43,NA,NA,NA,NA,NA,NA,NA,NA,NA,NA,NA   NA   NA   NA,NA   NA   NA   NA
STTD_2005-01-12 13:48:00,1/12/2005 13:48,STTD,2005,A,FALSE,CLR,NA,NA,8.5,0.14,393,NA,NA,NA,NA,6,Regular,235556,250716,15160,15160,46.56525849,46.56525849,NA,NA,NA,Aquatic Insects,49,Family,Culicidae,Culicidae,NA,3,0.064,0.064,NA,NA,NA,NA,NA,NA,NA,NA,NA,NA,NA   NA   NA   NA,NA   NA   NA   NA
STTD_2005-01-12 13:48:00,1/12/2005 13:48,STTD,2005,A,FALSE,CLR,NA,NA,8.5,0.14,393,NA,NA,NA,NA,6,Regular,235556,250716,15160,15160,46.56525849,46.56525849,NA,NA,NA,Terrestrial Non-Insects,58,Suborder,Araneida,Araneida,NA,3,0.064,0.064,NA,NA,NA,NA,NA,NA,NA,NA,NA,NA,NA   NA   NA   NA,NA   NA   NA   NA
STTD_2005-01-12 13:48:00,1/12/2005 13:48,STTD,2005,A,FALSE,CLR,NA,NA,8.5,0.14,393,NA,NA,NA,NA,6,Regular,235556,250716,15160,15160,46.56525849,46.56525849,NA,NA,NA,Terrestrial Non-Insects,68,Order,Collembola,Collembola,NA,2,0.043,0.043,NA,NA,NA,NA,NA,NA,NA,NA,NA,NA,NA   NA   NA   NA,NA   NA   NA   NA
STTD_2005-01-12 13:48:00,1/12/2005 13:48,STTD,2005,A,FALSE,CLR,NA,NA,8.5,0.14,393,NA,NA,NA,NA,6,Regular,235556,250716,15160,15160,46.56525849,46.56525849,NA,NA,NA,Terrestrial Insects,63,Order,Coleoptera,Coleoptera,NA,6,0.129,0.129,NA,NA,NA,NA,NA,NA,NA,NA,NA,NA,NA   NA   NA   NA,NA   NA   NA   NA
STTD_2005-01-12 13:48:00,1/12/2005 13:48,STTD,2005,A,FALSE,CLR,NA,NA,8.5,0.14,393,NA,NA,NA,NA,6,Regular,235556,250716,15160,15160,46.56525849,46.56525849,NA,NA,NA,Terrestrial Insects,64,Order,Diptera,Diptera,NA,7,0.15,0.15,NA,NA,NA,NA,NA,NA,NA,NA,NA,NA,NA   NA   NA   NA,NA   NA   NA   NA
SHR_2005-01-14 09:52:00,1/14/2005 9:52,SHR,2005,A,FALSE,CLD,NA,NA,8,0.16,150,NA,NA,NA,NA,10,Regular,312992,319602,6610,6610,20.30318988,20.30318988,NA,NA,NA,Aquatic Non-Insects,18,Family,Hydridae,Hydridae,NA,4,0.197,0.197,NA,NA,NA,NA,NA,NA,NA,NA,NA,NA,NA   NA   NA   NA,NA   NA   NA   NA
SHR_2005-01-14 09:52:00,1/14/2005 9:52,SHR,2005,A,FALSE,CLD,NA,NA,8,0.16,150,NA,NA,NA,NA,10,Regular,312992,319602,6610,6610,20.30318988,20.30318988,NA,NA,NA,Aquatic Non-Insects,2,Family,Enchytraeidae,Enchytraeidae,NA,4,0.197,0.197,NA,NA,NA,NA,NA,NA,NA,NA,NA,NA,NA   NA   NA   NA,NA   NA   NA   NA
SHR_2005-01-14 09:52:00,1/14/2005 9:52,SHR,2005,A,FALSE,CLD,NA,NA,8,0.16,150,NA,NA,NA,NA,10,Regular,312992,319602,6610,6610,20.30318988,20.30318988,NA,NA,NA,Aquatic Non-Insects,4,Family,Naididae,Naididae,NA,8,0.394,0.394,NA,NA,NA,NA,NA,NA,NA,NA,NA,NA,NA   NA   NA   NA,NA   NA   NA   NA
SHR_2005-01-14 09:52:00,1/14/2005 9:52,SHR,2005,A,FALSE,CLD,NA,NA,8,0.16,150,NA,NA,NA,NA,10,Regular,312992,319602,6610,6610,20.30318988,20.30318988,NA,NA,NA,Aquatic Non-Insects,9,Family,Corophiidae,Corophiidae,NA,2,0.099,0.099,NA,NA,NA,NA,NA,NA,NA,NA,NA,NA,NA   NA   NA   NA,NA   NA   NA   NA
SHR_2005-01-14 09:52:00,1/14/2005 9:52,SHR,2005,A,FALSE,CLD,NA,NA,8,0.16,150,NA,NA,NA,NA,10,Regular,312992,319602,6610,6610,20.30318988,20.30318988,NA,NA,NA,Aquatic Insects,41,Family,Baetidae,Baetidae,NA,1,0.049,0.049,NA,NA,NA,NA,NA,NA,NA,NA,NA,NA,NA   NA   NA   NA,NA   NA   NA   NA
SHR_2005-01-14 09:52:00,1/14/2005 9:52,SHR,2005,A,FALSE,CLD,NA,NA,8,0.16,150,NA,NA,NA,NA,10,Regular,312992,319602,6610,6610,20.30318988,20.30318988,NA,NA,NA,Aquatic Insects,83,Family,Psychomyiidae,Psychomyiidae,NA,1,0.049,0.049,NA,NA,NA,NA,NA,NA,NA,NA,NA,NA,NA   NA   NA   NA,NA   NA   NA   NA
SHR_2005-01-14 09:52:00,1/14/2005 9:52,SHR,2005,A,FALSE,CLD,NA,NA,8,0.16,150,NA,NA,NA,NA,10,Regular,312992,319602,6610,6610,20.30318988,20.30318988,NA,NA,NA,Aquatic Insects,34,Family,Chironomidae,Chironomidae,NA,8,0.394,0.394,NA,NA,NA,NA,NA,NA,NA,NA,NA,NA,NA   NA   NA   NA,NA   NA   NA   NA
STTD_2005-01-14 13:10:00,1/14/2005 13:10,STTD,2005,A,FALSE,CLD,NA,NA,7.3,0.14,285,NA,NA,NA,NA,10,Regular,319622,348456,28834,28834,88.56613874,88.56613874,NA,NA,NA,Aquatic Non-Insects,2,Family,Enchytraeidae,Enchytraeidae,NA,2,0.023,0.023,NA,NA,NA,NA,NA,NA,NA,NA,NA,NA,NA   NA   NA   NA,NA   NA   NA   NA
STTD_2005-01-14 13:10:00,1/14/2005 13:10,STTD,2005,A,FALSE,CLD,NA,NA,7.3,0.14,285,NA,NA,NA,NA,10,Regular,319622,348456,28834,28834,88.56613874,88.56613874,NA,NA,NA,Aquatic Non-Insects,4,Family,Naididae,Naididae,NA,11,0.124,0.124,NA,NA,NA,NA,NA,NA,NA,NA,NA,NA,NA   NA   NA   NA,NA   NA   NA   NA
STTD_2005-01-14 13:10:00,1/14/2005 13:10,STTD,2005,A,FALSE,CLD,NA,NA,7.3,0.14,285,NA,NA,NA,NA,10,Regular,319622,348456,28834,28834,88.56613874,88.56613874,NA,NA,NA,Aquatic Non-Insects,8,Family,Sabellidae,Sabellidae,NA,2,0.023,0.023,NA,NA,NA,NA,NA,NA,NA,NA,NA,NA,NA   NA   NA   NA,NA   NA   NA   NA
STTD_2005-01-14 13:10:00,1/14/2005 13:10,STTD,2005,A,FALSE,CLD,NA,NA,7.3,0.14,285,NA,NA,NA,NA,10,Regular,319622,348456,28834,28834,88.56613874,88.56613874,NA,NA,NA,Aquatic Non-Insects,118,Class,Ostracoda,Ostracod,NA,8,0.09,0.09,NA,NA,NA,NA,NA,NA,NA,NA,NA,NA,NA   NA   NA   NA,NA   NA   NA   NA
STTD_2005-01-14 13:10:00,1/14/2005 13:10,STTD,2005,A,FALSE,CLD,NA,NA,7.3,0.14,285,NA,NA,NA,NA,10,Regular,319622,348456,28834,28834,88.56613874,88.56613874,NA,NA,NA,Aquatic Non-Insects,9,Family,Corophiidae,Corophiidae,NA,11,0.124,0.124,NA,NA,NA,NA,NA,NA,NA,NA,NA,NA,NA   NA   NA   NA,NA   NA   NA   NA
STTD_2005-01-14 13:10:00,1/14/2005 13:10,STTD,2005,A,FALSE,CLD,NA,NA,7.3,0.14,285,NA,NA,NA,NA,10,Regular,319622,348456,28834,28834,88.56613874,88.56613874,NA,NA,NA,Aquatic Non-Insects,10,Family,Crangonyctidae,Crangonyctidae,NA,2,0.023,0.023,NA,NA,NA,NA,NA,NA,NA,NA,NA,NA,NA   NA   NA   NA,NA   NA   NA   NA
STTD_2005-01-14 13:10:00,1/14/2005 13:10,STTD,2005,A,FALSE,CLD,NA,NA,7.3,0.14,285,NA,NA,NA,NA,10,Regular,319622,348456,28834,28834,88.56613874,88.56613874,NA,NA,NA,Aquatic Non-Insects,11,Family,Gammaridae,Gammaridae,NA,2,0.023,0.023,NA,NA,NA,NA,NA,NA,NA,NA,NA,NA,NA   NA   NA   NA,NA   NA   NA   NA
STTD_2005-01-14 13:10:00,1/14/2005 13:10,STTD,2005,A,FALSE,CLD,NA,NA,7.3,0.14,285,NA,NA,NA,NA,10,Regular,319622,348456,28834,28834,88.56613874,88.56613874,NA,NA,NA,Aquatic Non-Insects,20,Family,Physidae,Physidae,NA,50,0.565,0.565,NA,NA,NA,NA,NA,NA,NA,NA,NA,NA,NA   NA   NA   NA,NA   NA   NA   NA
STTD_2005-01-14 13:10:00,1/14/2005 13:10,STTD,2005,A,FALSE,CLD,NA,NA,7.3,0.14,285,NA,NA,NA,NA,10,Regular,319622,348456,28834,28834,88.56613874,88.56613874,NA,NA,NA,Aquatic Insects,44,Family,Corixidae,Corixidae,NA,11,0.124,0.124,NA,NA,NA,NA,NA,NA,NA,NA,NA,NA,NA   NA   NA   NA,NA   NA   NA   NA
STTD_2005-01-14 13:10:00,1/14/2005 13:10,STTD,2005,A,FALSE,CLD,NA,NA,7.3,0.14,285,NA,NA,NA,NA,10,Regular,319622,348456,28834,28834,88.56613874,88.56613874,NA,NA,NA,Aquatic Insects,30,Family,Dytiscidae,Dytiscidae,NA,8,0.09,0.09,NA,NA,NA,NA,NA,NA,NA,NA,NA,NA,NA   NA   NA   NA,NA   NA   NA   NA
STTD_2005-01-14 13:10:00,1/14/2005 13:10,STTD,2005,A,FALSE,CLD,NA,NA,7.3,0.14,285,NA,NA,NA,NA,10,Regular,319622,348456,28834,28834,88.56613874,88.56613874,NA,NA,NA,Aquatic Insects,81,Family,Hydrophilidae,Hydrophilidae,NA,2,0.023,0.023,NA,NA,NA,NA,NA,NA,NA,NA,NA,NA,NA   NA   NA   NA,NA   NA   NA   NA
STTD_2005-01-14 13:10:00,1/14/2005 13:10,STTD,2005,A,FALSE,CLD,NA,NA,7.3,0.14,285,NA,NA,NA,NA,10,Regular,319622,348456,28834,28834,88.56613874,88.56613874,NA,NA,NA,Aquatic Insects,52,Family,Hydraenidae,Hydraenidae,NA,1,0.011,0.011,NA,NA,NA,NA,NA,NA,NA,NA,NA,NA,NA   NA   NA   NA,NA   NA   NA   NA
STTD_2005-01-14 13:10:00,1/14/2005 13:10,STTD,2005,A,FALSE,CLD,NA,NA,7.3,0.14,285,NA,NA,NA,NA,10,Regular,319622,348456,28834,28834,88.56613874,88.56613874,NA,NA,NA,Aquatic Insects,34,Family,Chironomidae,Chironomidae,NA,51,0.576,0.576,NA,NA,NA,NA,NA,NA,NA,NA,NA,NA,NA   NA   NA   NA,NA   NA   NA   NA
STTD_2005-01-14 13:10:00,1/14/2005 13:10,STTD,2005,A,FALSE,CLD,NA,NA,7.3,0.14,285,NA,NA,NA,NA,10,Regular,319622,348456,28834,28834,88.56613874,88.56613874,NA,NA,NA,Aquatic Insects,49,Family,Culicidae,Culicidae,NA,1,0.011,0.011,NA,NA,NA,NA,NA,NA,NA,NA,NA,NA,NA   NA   NA   NA,NA   NA   NA   NA
STTD_2005-01-14 13:10:00,1/14/2005 13:10,STTD,2005,A,FALSE,CLD,NA,NA,7.3,0.14,285,NA,NA,NA,NA,10,Regular,319622,348456,28834,28834,88.56613874,88.56613874,NA,NA,NA,Aquatic Insects,36,Family,Ephydridae,Ephydridae,NA,1,0.011,0.011,NA,NA,NA,NA,NA,NA,NA,NA,NA,NA,NA   NA   NA   NA,NA   NA   NA   NA
STTD_2005-01-14 13:10:00,1/14/2005 13:10,STTD,2005,A,FALSE,CLD,NA,NA,7.3,0.14,285,NA,NA,NA,NA,10,Regular,319622,348456,28834,28834,88.56613874,88.56613874,NA,NA,NA,Terrestrial Non-Insects,59,Order,Geophilomorpha,Geophilomorpha,NA,1,0.011,0.011,NA,NA,NA,NA,NA,NA,NA,NA,NA,NA,NA   NA   NA   NA,NA   NA   NA   NA
STTD_2005-01-14 13:10:00,1/14/2005 13:10,STTD,2005,A,FALSE,CLD,NA,NA,7.3,0.14,285,NA,NA,NA,NA,10,Regular,319622,348456,28834,28834,88.56613874,88.56613874,NA,NA,NA,Terrestrial Non-Insects,58,Suborder,Araneida,Araneida,NA,3,0.034,0.034,NA,NA,NA,NA,NA,NA,NA,NA,NA,NA,NA   NA   NA   NA,NA   NA   NA   NA
STTD_2005-01-14 13:10:00,1/14/2005 13:10,STTD,2005,A,FALSE,CLD,NA,NA,7.3,0.14,285,NA,NA,NA,NA,10,Regular,319622,348456,28834,28834,88.56613874,88.56613874,NA,NA,NA,Terrestrial Non-Insects,68,Order,Collembola,Collembola,NA,25,0.282,0.282,NA,NA,NA,NA,NA,NA,NA,NA,NA,NA,NA   NA   NA   NA,NA   NA   NA   NA
STTD_2005-01-14 13:10:00,1/14/2005 13:10,STTD,2005,A,FALSE,CLD,NA,NA,7.3,0.14,285,NA,NA,NA,NA,10,Regular,319622,348456,28834,28834,88.56613874,88.56613874,NA,NA,NA,Terrestrial Insects,63,Order,Coleoptera,Coleoptera,NA,19,0.215,0.215,NA,NA,NA,NA,NA,NA,NA,NA,NA,NA,NA   NA   NA   NA,NA   NA   NA   NA
STTD_2005-01-14 13:10:00,1/14/2005 13:10,STTD,2005,A,FALSE,CLD,NA,NA,7.3,0.14,285,NA,NA,NA,NA,10,Regular,319622,348456,28834,28834,88.56613874,88.56613874,NA,NA,NA,Terrestrial Insects,64,Order,Diptera,Diptera,NA,4,0.045,0.045,NA,NA,NA,NA,NA,NA,NA,NA,NA,NA,NA   NA   NA   NA,NA   NA   NA   NA
STTD_2005-01-14 13:10:00,1/14/2005 13:10,STTD,2005,A,FALSE,CLD,NA,NA,7.3,0.14,285,NA,NA,NA,NA,10,Regular,319622,348456,28834,28834,88.56613874,88.56613874,NA,NA,NA,Terrestrial Insects,66,Order,Hymenoptera,Hymenoptera,NA,1,0.011,0.011,NA,NA,NA,NA,NA,NA,NA,NA,NA,NA,NA   NA   NA   NA,NA   NA   NA   NA
SHR_2005-01-18 11:05:00,1/18/2005 11:05,SHR,2005,A,FALSE,CLD,NA,NA,8.4,0.35,203,NA,NA,NA,NA,10,Regular,349490,350043,553,553,1.698587595,1.698587595,NA,NA,NA,Aquatic Non-Insects,18,Family,Hydridae,Hydridae,NA,2,1.177,1.177,NA,NA,NA,NA,NA,NA,2,FM,NA,NA,NA   NA   2   NA,NA   NA   FM   NA
SHR_2005-01-18 11:05:00,1/18/2005 11:05,SHR,2005,A,FALSE,CLD,NA,NA,8.4,0.35,203,NA,NA,NA,NA,10,Regular,349490,350043,553,553,1.698587595,1.698587595,NA,NA,NA,Aquatic Non-Insects,4,Family,Naididae,Naididae,NA,1,0.589,0.589,NA,NA,NA,NA,NA,NA,2,FM,NA,NA,NA   NA   2   NA,NA   NA   FM   NA
SHR_2005-01-18 11:05:00,1/18/2005 11:05,SHR,2005,A,FALSE,CLD,NA,NA,8.4,0.35,203,NA,NA,NA,NA,10,Regular,349490,350043,553,553,1.698587595,1.698587595,NA,NA,NA,Aquatic Insects,34,Family,Chironomidae,Chironomidae,NA,6,3.532,3.532,NA,NA,NA,NA,NA,NA,2,FM,NA,NA,NA   NA   2   NA,NA   NA   FM   NA
STTD_2005-01-18 13:15:00,1/18/2005 13:15,STTD,2005,A,FALSE,CLD,NA,NA,8.1,0.18,382,NA,NA,NA,NA,10,Regular,350043,369624,19581,19581,60.14474449,60.14474449,NA,NA,NA,Aquatic Non-Insects,18,Family,Hydridae,Hydridae,NA,1,0.017,0.017,NA,NA,NA,NA,NA,NA,NA,NA,NA,NA,NA   NA   NA   NA,NA   NA   NA   NA
STTD_2005-01-18 13:15:00,1/18/2005 13:15,STTD,2005,A,FALSE,CLD,NA,NA,8.1,0.18,382,NA,NA,NA,NA,10,Regular,350043,369624,19581,19581,60.14474449,60.14474449,NA,NA,NA,Aquatic Non-Insects,4,Family,Naididae,Naididae,NA,14,0.233,0.233,NA,NA,NA,NA,NA,NA,NA,NA,NA,NA,NA   NA   NA   NA,NA   NA   NA   NA
STTD_2005-01-18 13:15:00,1/18/2005 13:15,STTD,2005,A,FALSE,CLD,NA,NA,8.1,0.18,382,NA,NA,NA,NA,10,Regular,350043,369624,19581,19581,60.14474449,60.14474449,NA,NA,NA,Aquatic Non-Insects,118,Class,Ostracoda,Ostracod,NA,2,0.033,0.033,NA,NA,NA,NA,NA,NA,NA,NA,NA,NA,NA   NA   NA   NA,NA   NA   NA   NA
STTD_2005-01-18 13:15:00,1/18/2005 13:15,STTD,2005,A,FALSE,CLD,NA,NA,8.1,0.18,382,NA,NA,NA,NA,10,Regular,350043,369624,19581,19581,60.14474449,60.14474449,NA,NA,NA,Aquatic Non-Insects,9,Family,Corophiidae,Corophiidae,NA,5,0.083,0.083,NA,NA,NA,NA,NA,NA,NA,NA,NA,NA,NA   NA   NA   NA,NA   NA   NA   NA
STTD_2005-01-18 13:15:00,1/18/2005 13:15,STTD,2005,A,FALSE,CLD,NA,NA,8.1,0.18,382,NA,NA,NA,NA,10,Regular,350043,369624,19581,19581,60.14474449,60.14474449,NA,NA,NA,Aquatic Non-Insects,15,Family,Hyalellidae,Hyalellidae,NA,1,0.017,0.017,NA,NA,NA,NA,NA,NA,NA,NA,NA,NA,NA   NA   NA   NA,NA   NA   NA   NA
STTD_2005-01-18 13:15:00,1/18/2005 13:15,STTD,2005,A,FALSE,CLD,NA,NA,8.1,0.18,382,NA,NA,NA,NA,10,Regular,350043,369624,19581,19581,60.14474449,60.14474449,NA,NA,NA,Aquatic Non-Insects,20,Family,Physidae,Physidae,NA,8,0.133,0.133,NA,NA,NA,NA,NA,NA,NA,NA,NA,NA,NA   NA   NA   NA,NA   NA   NA   NA
STTD_2005-01-18 13:15:00,1/18/2005 13:15,STTD,2005,A,FALSE,CLD,NA,NA,8.1,0.18,382,NA,NA,NA,NA,10,Regular,350043,369624,19581,19581,60.14474449,60.14474449,NA,NA,NA,Aquatic Insects,44,Family,Corixidae,Corixidae,NA,11,0.183,0.183,NA,NA,NA,NA,NA,NA,NA,NA,NA,NA,NA   NA   NA   NA,NA   NA   NA   NA
STTD_2005-01-18 13:15:00,1/18/2005 13:15,STTD,2005,A,FALSE,CLD,NA,NA,8.1,0.18,382,NA,NA,NA,NA,10,Regular,350043,369624,19581,19581,60.14474449,60.14474449,NA,NA,NA,Aquatic Insects,30,Family,Dytiscidae,Dytiscidae,NA,3,0.05,0.05,NA,NA,NA,NA,NA,NA,NA,NA,NA,NA,NA   NA   NA   NA,NA   NA   NA   NA
STTD_2005-01-18 13:15:00,1/18/2005 13:15,STTD,2005,A,FALSE,CLD,NA,NA,8.1,0.18,382,NA,NA,NA,NA,10,Regular,350043,369624,19581,19581,60.14474449,60.14474449,NA,NA,NA,Aquatic Insects,34,Family,Chironomidae,Chironomidae,NA,43,0.715,0.715,NA,NA,NA,NA,NA,NA,NA,NA,NA,NA,NA   NA   NA   NA,NA   NA   NA   NA
STTD_2005-01-18 13:15:00,1/18/2005 13:15,STTD,2005,A,FALSE,CLD,NA,NA,8.1,0.18,382,NA,NA,NA,NA,10,Regular,350043,369624,19581,19581,60.14474449,60.14474449,NA,NA,NA,Aquatic Insects,49,Family,Culicidae,Culicidae,NA,1,0.017,0.017,NA,NA,NA,NA,NA,NA,NA,NA,NA,NA,NA   NA   NA   NA,NA   NA   NA   NA
STTD_2005-01-18 13:15:00,1/18/2005 13:15,STTD,2005,A,FALSE,CLD,NA,NA,8.1,0.18,382,NA,NA,NA,NA,10,Regular,350043,369624,19581,19581,60.14474449,60.14474449,NA,NA,NA,Aquatic Insects,54,Family,Sciomyzidae,Sciomyzidae,NA,1,0.017,0.017,NA,NA,NA,NA,NA,NA,NA,NA,NA,NA,NA   NA   NA   NA,NA   NA   NA   NA
STTD_2005-01-18 13:15:00,1/18/2005 13:15,STTD,2005,A,FALSE,CLD,NA,NA,8.1,0.18,382,NA,NA,NA,NA,10,Regular,350043,369624,19581,19581,60.14474449,60.14474449,NA,NA,NA,Terrestrial Non-Insects,68,Order,Collembola,Collembola,NA,4,0.067,0.067,NA,NA,NA,NA,NA,NA,NA,NA,NA,NA,NA   NA   NA   NA,NA   NA   NA   NA
STTD_2005-01-18 13:15:00,1/18/2005 13:15,STTD,2005,A,FALSE,CLD,NA,NA,8.1,0.18,382,NA,NA,NA,NA,10,Regular,350043,369624,19581,19581,60.14474449,60.14474449,NA,NA,NA,Terrestrial Insects,73,Order,Lepidoptera,Lepidoptera,NA,1,0.017,0.017,NA,NA,NA,NA,NA,NA,NA,NA,NA,NA,NA   NA   NA   NA,NA   NA   NA   NA
STTD_2005-01-18 13:15:00,1/18/2005 13:15,STTD,2005,A,FALSE,CLD,NA,NA,8.1,0.18,382,NA,NA,NA,NA,10,Regular,350043,369624,19581,19581,60.14474449,60.14474449,NA,NA,NA,Terrestrial Insects,63,Order,Coleoptera,Coleoptera,NA,2,0.033,0.033,NA,NA,NA,NA,NA,NA,NA,NA,NA,NA,NA   NA   NA   NA,NA   NA   NA   NA
STTD_2005-01-18 13:15:00,1/18/2005 13:15,STTD,2005,A,FALSE,CLD,NA,NA,8.1,0.18,382,NA,NA,NA,NA,10,Regular,350043,369624,19581,19581,60.14474449,60.14474449,NA,NA,NA,Terrestrial Insects,64,Order,Diptera,Diptera,NA,23,0.382,0.382,NA,NA,NA,NA,NA,NA,NA,NA,NA,NA,NA   NA   NA   NA,NA   NA   NA   NA
STTD_2005-01-18 13:15:00,1/18/2005 13:15,STTD,2005,A,FALSE,CLD,NA,NA,8.1,0.18,382,NA,NA,NA,NA,10,Regular,350043,369624,19581,19581,60.14474449,60.14474449,NA,NA,NA,Terrestrial Insects,66,Order,Hymenoptera,Hymenoptera,NA,3,0.05,0.05,NA,NA,NA,NA,NA,NA,NA,NA,NA,NA,NA   NA   NA   NA,NA   NA   NA   NA
SHR_2005-01-25 09:44:00,1/25/2005 9:44,SHR,2005,A,FALSE,CLD,NA,NA,9.3,0.48,170,NA,NA,NA,NA,10,Regular,411206,414044,2838,2838,8.717163825,8.717163825,NA,NA,NA,Aquatic Non-Insects,18,Family,Hydridae,Hydridae,NA,2,0.229,0.229,NA,NA,NA,NA,NA,NA,NA,NA,NA,NA,NA   NA   NA   NA,NA   NA   NA   NA
SHR_2005-01-25 09:44:00,1/25/2005 9:44,SHR,2005,A,FALSE,CLD,NA,NA,9.3,0.48,170,NA,NA,NA,NA,10,Regular,411206,414044,2838,2838,8.717163825,8.717163825,NA,NA,NA,Aquatic Non-Insects,23,Family,Dorylaimidae,Dorylaimidae,NA,1,0.115,0.115,NA,NA,NA,NA,NA,NA,NA,NA,NA,NA,NA   NA   NA   NA,NA   NA   NA   NA
SHR_2005-01-25 09:44:00,1/25/2005 9:44,SHR,2005,A,FALSE,CLD,NA,NA,9.3,0.48,170,NA,NA,NA,NA,10,Regular,411206,414044,2838,2838,8.717163825,8.717163825,NA,NA,NA,Aquatic Non-Insects,4,Family,Naididae,Naididae,NA,1,0.115,0.115,NA,NA,NA,NA,NA,NA,NA,NA,NA,NA,NA   NA   NA   NA,NA   NA   NA   NA
SHR_2005-01-25 09:44:00,1/25/2005 9:44,SHR,2005,A,FALSE,CLD,NA,NA,9.3,0.48,170,NA,NA,NA,NA,10,Regular,411206,414044,2838,2838,8.717163825,8.717163825,NA,NA,NA,Aquatic Insects,34,Family,Chironomidae,Chironomidae,NA,3,0.344,0.344,NA,NA,NA,NA,NA,NA,NA,NA,NA,NA,NA   NA   NA   NA,NA   NA   NA   NA
STTD_2005-01-26 13:40:00,1/26/2005 13:40,STTD,2005,A,FALSE,RAN,NA,NA,9.7,0.16,549,NA,NA,NA,NA,10,Regular,419981,499999,80018,8106,245.7822463,24.89828399,1,NA,NA,Aquatic Non-Insects,18,Family,Hydridae,Hydridae,NA,1,0.004,0.04,NA,NA,NA,NA,NA,NA,3,FM,NA,NA,NA   NA   3   NA,NA   NA   FM   NA
STTD_2005-01-26 13:40:00,1/26/2005 13:40,STTD,2005,A,FALSE,RAN,NA,NA,9.7,0.16,549,NA,NA,NA,NA,10,Regular,419981,499999,80018,8106,245.7822463,24.89828399,1,NA,NA,Aquatic Non-Insects,4,Family,Naididae,Naididae,NA,2,0.008,0.08,NA,NA,NA,NA,NA,NA,3,FM,NA,NA,NA   NA   3   NA,NA   NA   FM   NA
STTD_2005-01-26 13:40:00,1/26/2005 13:40,STTD,2005,A,FALSE,RAN,NA,NA,9.7,0.16,549,NA,NA,NA,NA,10,Regular,419981,499999,80018,8106,245.7822463,24.89828399,1,NA,NA,Aquatic Non-Insects,91,Family,Erpobdellidae,Erpobdellidae,NA,1,0.004,0.04,NA,NA,NA,NA,NA,NA,3,FM,NA,NA,NA   NA   3   NA,NA   NA   FM   NA
STTD_2005-01-26 13:40:00,1/26/2005 13:40,STTD,2005,A,FALSE,RAN,NA,NA,9.7,0.16,549,NA,NA,NA,NA,10,Regular,419981,499999,80018,8106,245.7822463,24.89828399,1,NA,NA,Aquatic Non-Insects,118,Class,Ostracoda,Ostracod,NA,3,0.012,0.12,NA,NA,NA,NA,NA,NA,3,FM,NA,NA,NA   NA   3   NA,NA   NA   FM   NA
STTD_2005-01-26 13:40:00,1/26/2005 13:40,STTD,2005,A,FALSE,RAN,NA,NA,9.7,0.16,549,NA,NA,NA,NA,10,Regular,419981,499999,80018,8106,245.7822463,24.89828399,1,NA,NA,Aquatic Non-Insects,9,Family,Corophiidae,Corophiidae,NA,2,0.008,0.08,NA,NA,NA,NA,NA,NA,3,FM,NA,NA,NA   NA   3   NA,NA   NA   FM   NA
STTD_2005-01-26 13:40:00,1/26/2005 13:40,STTD,2005,A,FALSE,RAN,NA,NA,9.7,0.16,549,NA,NA,NA,NA,10,Regular,419981,499999,80018,8106,245.7822463,24.89828399,1,NA,NA,Aquatic Non-Insects,106,Family,Lymnaeidae,Lymnaeidae,NA,1,0.004,0.04,NA,NA,NA,NA,NA,NA,3,FM,NA,NA,NA   NA   3   NA,NA   NA   FM   NA
STTD_2005-01-26 13:40:00,1/26/2005 13:40,STTD,2005,A,FALSE,RAN,NA,NA,9.7,0.16,549,NA,NA,NA,NA,10,Regular,419981,499999,80018,8106,245.7822463,24.89828399,1,NA,NA,Aquatic Non-Insects,20,Family,Physidae,Physidae,NA,4,0.016,0.161,NA,NA,NA,NA,NA,NA,3,FM,NA,NA,NA   NA   3   NA,NA   NA   FM   NA
STTD_2005-01-26 13:40:00,1/26/2005 13:40,STTD,2005,A,FALSE,RAN,NA,NA,9.7,0.16,549,NA,NA,NA,NA,10,Regular,419981,499999,80018,8106,245.7822463,24.89828399,1,NA,NA,Aquatic Non-Insects,79,Subphylum,Vertebrata,Fish,NA,3,0.012,0.12,NA,NA,NA,NA,NA,NA,3,FM,NA,NA,NA   NA   3   NA,NA   NA   FM   NA
STTD_2005-01-26 13:40:00,1/26/2005 13:40,STTD,2005,A,FALSE,RAN,NA,NA,9.7,0.16,549,NA,NA,NA,NA,10,Regular,419981,499999,80018,8106,245.7822463,24.89828399,1,NA,NA,Aquatic Insects,46,Family,Coenagrionidae,Coenagrionidae,NA,3,0.012,0.12,NA,NA,NA,NA,NA,NA,3,FM,NA,NA,NA   NA   3   NA,NA   NA   FM   NA
STTD_2005-01-26 13:40:00,1/26/2005 13:40,STTD,2005,A,FALSE,RAN,NA,NA,9.7,0.16,549,NA,NA,NA,NA,10,Regular,419981,499999,80018,8106,245.7822463,24.89828399,1,NA,NA,Aquatic Insects,44,Family,Corixidae,Corixidae,NA,39,0.159,1.566,NA,NA,NA,NA,NA,NA,3,FM,NA,NA,NA   NA   3   NA,NA   NA   FM   NA
STTD_2005-01-26 13:40:00,1/26/2005 13:40,STTD,2005,A,FALSE,RAN,NA,NA,9.7,0.16,549,NA,NA,NA,NA,10,Regular,419981,499999,80018,8106,245.7822463,24.89828399,1,NA,NA,Aquatic Insects,30,Family,Dytiscidae,Dytiscidae,NA,4,0.016,0.161,NA,NA,NA,NA,NA,NA,3,FM,NA,NA,NA   NA   3   NA,NA   NA   FM   NA
STTD_2005-01-26 13:40:00,1/26/2005 13:40,STTD,2005,A,FALSE,RAN,NA,NA,9.7,0.16,549,NA,NA,NA,NA,10,Regular,419981,499999,80018,8106,245.7822463,24.89828399,1,NA,NA,Aquatic Insects,81,Family,Hydrophilidae,Hydrophilidae,NA,1,0.004,0.04,NA,NA,NA,NA,NA,NA,3,FM,NA,NA,NA   NA   3   NA,NA   NA   FM   NA
STTD_2005-01-26 13:40:00,1/26/2005 13:40,STTD,2005,A,FALSE,RAN,NA,NA,9.7,0.16,549,NA,NA,NA,NA,10,Regular,419981,499999,80018,8106,245.7822463,24.89828399,1,NA,NA,Aquatic Insects,52,Family,Hydraenidae,Hydraenidae,NA,2,0.008,0.08,NA,NA,NA,NA,NA,NA,3,FM,NA,NA,NA   NA   3   NA,NA   NA   FM   NA
STTD_2005-01-26 13:40:00,1/26/2005 13:40,STTD,2005,A,FALSE,RAN,NA,NA,9.7,0.16,549,NA,NA,NA,NA,10,Regular,419981,499999,80018,8106,245.7822463,24.89828399,1,NA,NA,Aquatic Insects,34,Family,Chironomidae,Chironomidae,NA,46,0.187,1.848,NA,NA,NA,NA,NA,NA,3,FM,NA,NA,NA   NA   3   NA,NA   NA   FM   NA
STTD_2005-01-26 13:40:00,1/26/2005 13:40,STTD,2005,A,FALSE,RAN,NA,NA,9.7,0.16,549,NA,NA,NA,NA,10,Regular,419981,499999,80018,8106,245.7822463,24.89828399,1,NA,NA,Aquatic Insects,49,Family,Culicidae,Culicidae,NA,3,0.012,0.12,NA,NA,NA,NA,NA,NA,3,FM,NA,NA,NA   NA   3   NA,NA   NA   FM   NA
STTD_2005-01-26 13:40:00,1/26/2005 13:40,STTD,2005,A,FALSE,RAN,NA,NA,9.7,0.16,549,NA,NA,NA,NA,10,Regular,419981,499999,80018,8106,245.7822463,24.89828399,1,NA,NA,Aquatic Insects,36,Family,Ephydridae,Ephydridae,NA,1,0.004,0.04,NA,NA,NA,NA,NA,NA,3,FM,NA,NA,NA   NA   3   NA,NA   NA   FM   NA
STTD_2005-01-26 13:40:00,1/26/2005 13:40,STTD,2005,A,FALSE,RAN,NA,NA,9.7,0.16,549,NA,NA,NA,NA,10,Regular,419981,499999,80018,8106,245.7822463,24.89828399,1,NA,NA,Terrestrial Non-Insects,68,Order,Collembola,Collembola,NA,2,0.008,0.08,NA,NA,NA,NA,NA,NA,3,FM,NA,NA,NA   NA   3   NA,NA   NA   FM   NA
STTD_2005-01-26 13:40:00,1/26/2005 13:40,STTD,2005,A,FALSE,RAN,NA,NA,9.7,0.16,549,NA,NA,NA,NA,10,Regular,419981,499999,80018,8106,245.7822463,24.89828399,1,NA,NA,Terrestrial Insects,71,Order,Hemiptera,Hemiptera,NA,1,0.004,0.04,NA,NA,NA,NA,NA,NA,3,FM,NA,NA,NA   NA   3   NA,NA   NA   FM   NA
STTD_2005-01-26 13:40:00,1/26/2005 13:40,STTD,2005,A,FALSE,RAN,NA,NA,9.7,0.16,549,NA,NA,NA,NA,10,Regular,419981,499999,80018,8106,245.7822463,24.89828399,1,NA,NA,Terrestrial Insects,63,Order,Coleoptera,Coleoptera,NA,3,0.012,0.12,NA,NA,NA,NA,NA,NA,3,FM,NA,NA,NA   NA   3   NA,NA   NA   FM   NA
STTD_2005-01-26 13:40:00,1/26/2005 13:40,STTD,2005,A,FALSE,RAN,NA,NA,9.7,0.16,549,NA,NA,NA,NA,10,Regular,419981,499999,80018,8106,245.7822463,24.89828399,1,NA,NA,Terrestrial Insects,64,Order,Diptera,Diptera,NA,56,0.228,2.249,NA,NA,NA,NA,NA,NA,3,FM,NA,NA,NA   NA   3   NA,NA   NA   FM   NA
STTD_2005-01-26 13:40:00,1/26/2005 13:40,STTD,2005,A,FALSE,RAN,NA,NA,9.7,0.16,549,NA,NA,NA,NA,10,Regular,419981,499999,80018,8106,245.7822463,24.89828399,1,NA,NA,Terrestrial Insects,66,Order,Hymenoptera,Hymenoptera,NA,1,0.004,0.04,NA,NA,NA,NA,NA,NA,3,FM,NA,NA,NA   NA   3   NA,NA   NA   FM   NA
SHR_2005-02-01 10:00:00,2/1/2005 10:00,SHR,2005,A,FALSE,CLR,NA,NA,9.9,0.16,173,NA,NA,NA,NA,10,Regular,450011,453588,3577,3577,10.9870666,10.9870666,NA,NA,NA,Aquatic Insects,34,Family,Chironomidae,Chironomidae,Larvae,4,0.364,0.364,NA,NA,NA,NA,NA,NA,NA,NA,NA,NA,NA   NA   NA   NA,NA   NA   NA   NA
SHR_2005-02-01 10:00:00,2/1/2005 10:00,SHR,2005,A,FALSE,CLR,NA,NA,9.9,0.16,173,NA,NA,NA,NA,10,Regular,450011,453588,3577,3577,10.9870666,10.9870666,NA,NA,NA,Aquatic Insects,34,Family,Chironomidae,Chironomidae,Adults,1,0.091,0.091,NA,NA,NA,NA,NA,NA,NA,NA,NA,NA,NA   NA   NA   NA,NA   NA   NA   NA
SHR_2005-02-01 10:00:00,2/1/2005 10:00,SHR,2005,A,FALSE,CLR,NA,NA,9.9,0.16,173,NA,NA,NA,NA,10,Regular,450011,453588,3577,3577,10.9870666,10.9870666,NA,NA,NA,Aquatic Non-Insects,9,Family,Corophiidae,Corophiidae,NotDetermined,1,0.091,0.091,NA,NA,NA,NA,NA,NA,NA,NA,NA,NA,NA   NA   NA   NA,NA   NA   NA   NA
SHR_2005-02-01 10:00:00,2/1/2005 10:00,SHR,2005,A,FALSE,CLR,NA,NA,9.9,0.16,173,NA,NA,NA,NA,10,Regular,450011,453588,3577,3577,10.9870666,10.9870666,NA,NA,NA,Aquatic Non-Insects,28,Family,Lebertiidae,Lebertiidae,NotDetermined,1,0.091,0.091,NA,NA,NA,NA,NA,NA,NA,NA,NA,NA,NA   NA   NA   NA,NA   NA   NA   NA
SHR_2005-02-01 10:00:00,2/1/2005 10:00,SHR,2005,A,FALSE,CLR,NA,NA,9.9,0.16,173,NA,NA,NA,NA,10,Regular,450011,453588,3577,3577,10.9870666,10.9870666,NA,NA,NA,Aquatic Non-Insects,120,Family,Lebertiidae,Lebertiidae,NotDetermined,1,0.091,0.091,NA,NA,NA,NA,NA,NA,NA,NA,NA,NA,NA   NA   NA   NA,NA   NA   NA   NA
SHR_2005-02-01 10:00:00,2/1/2005 10:00,SHR,2005,A,FALSE,CLR,NA,NA,9.9,0.16,173,NA,NA,NA,NA,10,Regular,450011,453588,3577,3577,10.9870666,10.9870666,NA,NA,NA,Aquatic Non-Insects,18,Family,Hydridae,Hydridae,NotDetermined,1,0.091,0.091,NA,NA,NA,NA,NA,NA,NA,NA,NA,NA,NA   NA   NA   NA,NA   NA   NA   NA
SHR_2005-02-01 10:00:00,2/1/2005 10:00,SHR,2005,A,FALSE,CLR,NA,NA,9.9,0.16,173,NA,NA,NA,NA,10,Regular,450011,453588,3577,3577,10.9870666,10.9870666,NA,NA,NA,Aquatic Non-Insects,130,Phylum,Nematoda,Nematoda,NotDetermined,1,0.091,0.091,NA,NA,NA,NA,NA,NA,NA,NA,NA,NA,NA   NA   NA   NA,NA   NA   NA   NA
STTD_2005-02-02 13:45:00,2/2/2005 13:45,STTD,2005,A,FALSE,CLR,NA,NA,11.6,0.13,478,NA,NA,NA,NA,10,Regular,98711,99406,695,695,2.134752945,2.134752945,NA,NA,NA,Aquatic Insects,46,Family,Coenagrionidae,Coenagrionidae,Larvae,3,1.405,1.405,NA,NA,NA,NA,NA,NA,2,FM,NA,NA,NA   NA   2   NA,NA   NA   FM   NA
STTD_2005-02-02 13:45:00,2/2/2005 13:45,STTD,2005,A,FALSE,CLR,NA,NA,11.6,0.13,478,NA,NA,NA,NA,10,Regular,98711,99406,695,695,2.134752945,2.134752945,NA,NA,NA,Aquatic Insects,44,Family,Corixidae,Corixidae,Larvae,7,3.279,3.279,NA,NA,NA,NA,NA,NA,2,FM,NA,NA,NA   NA   2   NA,NA   NA   FM   NA
STTD_2005-02-02 13:45:00,2/2/2005 13:45,STTD,2005,A,FALSE,CLR,NA,NA,11.6,0.13,478,NA,NA,NA,NA,10,Regular,98711,99406,695,695,2.134752945,2.134752945,NA,NA,NA,Aquatic Insects,44,Family,Corixidae,Corixidae,Adults,53,24.827,24.827,NA,NA,NA,NA,NA,NA,2,FM,NA,NA,NA   NA   2   NA,NA   NA   FM   NA
STTD_2005-02-02 13:45:00,2/2/2005 13:45,STTD,2005,A,FALSE,CLR,NA,NA,11.6,0.13,478,NA,NA,NA,NA,10,Regular,98711,99406,695,695,2.134752945,2.134752945,NA,NA,NA,Aquatic Insects,45,Family,Notonectidae,Notonectidae,Adults,1,0.468,0.468,NA,NA,NA,NA,NA,NA,2,FM,NA,NA,NA   NA   2   NA,NA   NA   FM   NA
STTD_2005-02-02 13:45:00,2/2/2005 13:45,STTD,2005,A,FALSE,CLR,NA,NA,11.6,0.13,478,NA,NA,NA,NA,10,Regular,98711,99406,695,695,2.134752945,2.134752945,NA,NA,NA,Aquatic Insects,30,Family,Dytiscidae,Dytiscidae,Adults,36,16.864,16.864,NA,NA,NA,NA,NA,NA,2,FM,NA,NA,NA   NA   2   NA,NA   NA   FM   NA
STTD_2005-02-02 13:45:00,2/2/2005 13:45,STTD,2005,A,FALSE,CLR,NA,NA,11.6,0.13,478,NA,NA,NA,NA,10,Regular,98711,99406,695,695,2.134752945,2.134752945,NA,NA,NA,Aquatic Insects,52,Family,Hydraenidae,Hydraenidae,Adults,2,0.937,0.937,NA,NA,NA,NA,NA,NA,2,FM,NA,NA,NA   NA   2   NA,NA   NA   FM   NA
STTD_2005-02-02 13:45:00,2/2/2005 13:45,STTD,2005,A,FALSE,CLR,NA,NA,11.6,0.13,478,NA,NA,NA,NA,10,Regular,98711,99406,695,695,2.134752945,2.134752945,NA,NA,NA,Aquatic Insects,81,Family,Hydrophilidae,Hydrophilidae,Larvae,9,4.216,4.216,NA,NA,NA,NA,NA,NA,2,FM,NA,NA,NA   NA   2   NA,NA   NA   FM   NA
STTD_2005-02-02 13:45:00,2/2/2005 13:45,STTD,2005,A,FALSE,CLR,NA,NA,11.6,0.13,478,NA,NA,NA,NA,10,Regular,98711,99406,695,695,2.134752945,2.134752945,NA,NA,NA,Aquatic Insects,34,Family,Chironomidae,Chironomidae,Larvae,6,2.811,2.811,NA,NA,NA,NA,NA,NA,2,FM,NA,NA,NA   NA   2   NA,NA   NA   FM   NA
STTD_2005-02-02 13:45:00,2/2/2005 13:45,STTD,2005,A,FALSE,CLR,NA,NA,11.6,0.13,478,NA,NA,NA,NA,10,Regular,98711,99406,695,695,2.134752945,2.134752945,NA,NA,NA,Aquatic Insects,34,Family,Chironomidae,Chironomidae,Pupae,8,3.748,3.748,NA,NA,NA,NA,NA,NA,2,FM,NA,NA,NA   NA   2   NA,NA   NA   FM   NA
STTD_2005-02-02 13:45:00,2/2/2005 13:45,STTD,2005,A,FALSE,CLR,NA,NA,11.6,0.13,478,NA,NA,NA,NA,10,Regular,98711,99406,695,695,2.134752945,2.134752945,NA,NA,NA,Aquatic Insects,34,Family,Chironomidae,Chironomidae,Adults,1,0.468,0.468,NA,NA,NA,NA,NA,NA,2,FM,NA,NA,NA   NA   2   NA,NA   NA   FM   NA
STTD_2005-02-02 13:45:00,2/2/2005 13:45,STTD,2005,A,FALSE,CLR,NA,NA,11.6,0.13,478,NA,NA,NA,NA,10,Regular,98711,99406,695,695,2.134752945,2.134752945,NA,NA,NA,Aquatic Non-Insects,2,Family,Enchytraeidae,Enchytraeidae,NotDetermined,4,1.874,1.874,NA,NA,NA,NA,NA,NA,2,FM,NA,NA,NA   NA   2   NA,NA   NA   FM   NA
STTD_2005-02-02 13:45:00,2/2/2005 13:45,STTD,2005,A,FALSE,CLR,NA,NA,11.6,0.13,478,NA,NA,NA,NA,10,Regular,98711,99406,695,695,2.134752945,2.134752945,NA,NA,NA,Aquatic Non-Insects,106,Family,Lymnaeidae,Lymnaeidae,NotDetermined,1,0.468,0.468,NA,NA,NA,NA,NA,NA,2,FM,NA,NA,NA   NA   2   NA,NA   NA   FM   NA
STTD_2005-02-02 13:45:00,2/2/2005 13:45,STTD,2005,A,FALSE,CLR,NA,NA,11.6,0.13,478,NA,NA,NA,NA,10,Regular,98711,99406,695,695,2.134752945,2.134752945,NA,NA,NA,Aquatic Non-Insects,20,Family,Physidae,Physidae,NotDetermined,49,22.953,22.953,NA,NA,NA,NA,NA,NA,2,FM,NA,NA,NA   NA   2   NA,NA   NA   FM   NA
STTD_2005-02-02 13:45:00,2/2/2005 13:45,STTD,2005,A,FALSE,CLR,NA,NA,11.6,0.13,478,NA,NA,NA,NA,10,Regular,98711,99406,695,695,2.134752945,2.134752945,NA,NA,NA,Aquatic Non-Insects,9,Family,Corophiidae,Corophiidae,NotDetermined,10,4.684,4.684,NA,NA,NA,NA,NA,NA,2,FM,NA,NA,NA   NA   2   NA,NA   NA   FM   NA
STTD_2005-02-02 13:45:00,2/2/2005 13:45,STTD,2005,A,FALSE,CLR,NA,NA,11.6,0.13,478,NA,NA,NA,NA,10,Regular,98711,99406,695,695,2.134752945,2.134752945,NA,NA,NA,Aquatic Non-Insects,15,Family,Hyalellidae,Hyalellidae,NotDetermined,6,2.811,2.811,NA,NA,NA,NA,NA,NA,2,FM,NA,NA,NA   NA   2   NA,NA   NA   FM   NA
STTD_2005-02-02 13:45:00,2/2/2005 13:45,STTD,2005,A,FALSE,CLR,NA,NA,11.6,0.13,478,NA,NA,NA,NA,10,Regular,98711,99406,695,695,2.134752945,2.134752945,NA,NA,NA,Terrestrial Insects,71,Order,Hemiptera,Hemiptera,Adults,12,5.621,5.621,NA,NA,NA,NA,NA,NA,2,FM,NA,NA,NA   NA   2   NA,NA   NA   FM   NA
STTD_2005-02-02 13:45:00,2/2/2005 13:45,STTD,2005,A,FALSE,CLR,NA,NA,11.6,0.13,478,NA,NA,NA,NA,10,Regular,98711,99406,695,695,2.134752945,2.134752945,NA,NA,NA,Terrestrial Insects,63,Order,Coleoptera,Coleoptera,Larvae,1,0.468,0.468,NA,NA,NA,NA,NA,NA,2,FM,NA,NA,NA   NA   2   NA,NA   NA   FM   NA
STTD_2005-02-02 13:45:00,2/2/2005 13:45,STTD,2005,A,FALSE,CLR,NA,NA,11.6,0.13,478,NA,NA,NA,NA,10,Regular,98711,99406,695,695,2.134752945,2.134752945,NA,NA,NA,Terrestrial Insects,63,Order,Coleoptera,Coleoptera,Adults,77,36.07,36.07,NA,NA,NA,NA,NA,NA,2,FM,NA,NA,NA   NA   2   NA,NA   NA   FM   NA
STTD_2005-02-02 13:45:00,2/2/2005 13:45,STTD,2005,A,FALSE,CLR,NA,NA,11.6,0.13,478,NA,NA,NA,NA,10,Regular,98711,99406,695,695,2.134752945,2.134752945,NA,NA,NA,Terrestrial Insects,64,Order,Diptera,Diptera,Larvae,1,0.468,0.468,NA,NA,NA,NA,NA,NA,2,FM,NA,NA,NA   NA   2   NA,NA   NA   FM   NA
STTD_2005-02-02 13:45:00,2/2/2005 13:45,STTD,2005,A,FALSE,CLR,NA,NA,11.6,0.13,478,NA,NA,NA,NA,10,Regular,98711,99406,695,695,2.134752945,2.134752945,NA,NA,NA,Terrestrial Insects,64,Order,Diptera,Diptera,Pupae,7,3.279,3.279,NA,NA,NA,NA,NA,NA,2,FM,NA,NA,NA   NA   2   NA,NA   NA   FM   NA
STTD_2005-02-02 13:45:00,2/2/2005 13:45,STTD,2005,A,FALSE,CLR,NA,NA,11.6,0.13,478,NA,NA,NA,NA,10,Regular,98711,99406,695,695,2.134752945,2.134752945,NA,NA,NA,Terrestrial Insects,64,Order,Diptera,Diptera,Adults,1,0.468,0.468,NA,NA,NA,NA,NA,NA,2,FM,NA,NA,NA   NA   2   NA,NA   NA   FM   NA
STTD_2005-02-02 13:45:00,2/2/2005 13:45,STTD,2005,A,FALSE,CLR,NA,NA,11.6,0.13,478,NA,NA,NA,NA,10,Regular,98711,99406,695,695,2.134752945,2.134752945,NA,NA,NA,Terrestrial Insects,66,Order,Hymenoptera,Hymenoptera,Pupae,1,0.468,0.468,NA,NA,NA,NA,NA,NA,2,FM,NA,NA,NA   NA   2   NA,NA   NA   FM   NA
STTD_2005-02-02 13:45:00,2/2/2005 13:45,STTD,2005,A,FALSE,CLR,NA,NA,11.6,0.13,478,NA,NA,NA,NA,10,Regular,98711,99406,695,695,2.134752945,2.134752945,NA,NA,NA,Terrestrial Insects,66,Order,Hymenoptera,Hymenoptera,Adults,5,2.342,2.342,NA,NA,NA,NA,NA,NA,2,FM,NA,NA,NA   NA   2   NA,NA   NA   FM   NA
STTD_2005-02-02 13:45:00,2/2/2005 13:45,STTD,2005,A,FALSE,CLR,NA,NA,11.6,0.13,478,NA,NA,NA,NA,10,Regular,98711,99406,695,695,2.134752945,2.134752945,NA,NA,NA,Terrestrial Non-Insects,61,Order,Isopoda,Isopoda,NotDetermined,1,0.468,0.468,NA,NA,NA,NA,NA,NA,2,FM,NA,NA,NA   NA   2   NA,NA   NA   FM   NA
STTD_2005-02-02 13:45:00,2/2/2005 13:45,STTD,2005,A,FALSE,CLR,NA,NA,11.6,0.13,478,NA,NA,NA,NA,10,Regular,98711,99406,695,695,2.134752945,2.134752945,NA,NA,NA,Terrestrial Non-Insects,58,Suborder,Araneida,Araneida,NotDetermined,18,8.432,8.432,NA,NA,NA,NA,NA,NA,2,FM,NA,NA,NA   NA   2   NA,NA   NA   FM   NA
STTD_2005-02-02 13:45:00,2/2/2005 13:45,STTD,2005,A,FALSE,CLR,NA,NA,11.6,0.13,478,NA,NA,NA,NA,10,Regular,98711,99406,695,695,2.134752945,2.134752945,NA,NA,NA,Terrestrial Non-Insects,59,Order,Geophilomorpha,Geophilomorpha,NotDetermined,1,0.468,0.468,NA,NA,NA,NA,NA,NA,2,FM,NA,NA,NA   NA   2   NA,NA   NA   FM   NA
SHR_2005-02-08 14:00:00,2/8/2005 14:00,SHR,2005,A,FALSE,CLR,NA,NA,11.4,0.5,230,NA,NA,NA,NA,10,Regular,453748,454009,261,261,0.8016842,0.8016842,1,NA,NA,Aquatic Insects,41,Family,Baetidae,Baetidae,Larvae,2,2.495,2.495,NA,NA,NA,NA,NA,NA,2,FM,NA,NA,NA   NA   2   NA,NA   NA   FM   NA
SHR_2005-02-08 14:00:00,2/8/2005 14:00,SHR,2005,A,FALSE,CLR,NA,NA,11.4,0.5,230,NA,NA,NA,NA,10,Regular,453748,454009,261,261,0.8016842,0.8016842,1,NA,NA,Aquatic Insects,93,Family,Capniidae,Capniidae,Larvae,1,1.247,1.247,NA,NA,NA,NA,NA,NA,2,FM,NA,NA,NA   NA   2   NA,NA   NA   FM   NA
SHR_2005-02-08 14:00:00,2/8/2005 14:00,SHR,2005,A,FALSE,CLR,NA,NA,11.4,0.5,230,NA,NA,NA,NA,10,Regular,453748,454009,261,261,0.8016842,0.8016842,1,NA,NA,Aquatic Insects,34,Family,Chironomidae,Chironomidae,Larvae,4,4.989,4.989,NA,NA,NA,NA,NA,NA,2,FM,NA,NA,NA   NA   2   NA,NA   NA   FM   NA
SHR_2005-02-08 14:00:00,2/8/2005 14:00,SHR,2005,A,FALSE,CLR,NA,NA,11.4,0.5,230,NA,NA,NA,NA,10,Regular,453748,454009,261,261,0.8016842,0.8016842,1,NA,NA,Aquatic Insects,34,Family,Chironomidae,Chironomidae,Pupae,1,1.247,1.247,NA,NA,NA,NA,NA,NA,2,FM,NA,NA,NA   NA   2   NA,NA   NA   FM   NA
SHR_2005-02-08 14:00:00,2/8/2005 14:00,SHR,2005,A,FALSE,CLR,NA,NA,11.4,0.5,230,NA,NA,NA,NA,10,Regular,453748,454009,261,261,0.8016842,0.8016842,1,NA,NA,Aquatic Insects,34,Family,Chironomidae,Chironomidae,Adults,3,3.742,3.742,NA,NA,NA,NA,NA,NA,2,FM,NA,NA,NA   NA   2   NA,NA   NA   FM   NA
SHR_2005-02-08 14:00:00,2/8/2005 14:00,SHR,2005,A,FALSE,CLR,NA,NA,11.4,0.5,230,NA,NA,NA,NA,10,Regular,453748,454009,261,261,0.8016842,0.8016842,1,NA,NA,Aquatic Non-Insects,9,Family,Corophiidae,Corophiidae,NotDetermined,2,2.495,2.495,NA,NA,NA,NA,NA,NA,2,FM,NA,NA,NA   NA   2   NA,NA   NA   FM   NA
SHR_2005-02-08 14:00:00,2/8/2005 14:00,SHR,2005,A,FALSE,CLR,NA,NA,11.4,0.5,230,NA,NA,NA,NA,10,Regular,453748,454009,261,261,0.8016842,0.8016842,1,NA,NA,Aquatic Non-Insects,18,Family,Hydridae,Hydridae,NotDetermined,1,1.247,1.247,NA,NA,NA,NA,NA,NA,2,FM,NA,NA,NA   NA   2   NA,NA   NA   FM   NA
SHR_2005-02-08 14:00:00,2/8/2005 14:00,SHR,2005,A,FALSE,CLR,NA,NA,11.4,0.5,230,NA,NA,NA,NA,10,Regular,453748,454009,261,261,0.8016842,0.8016842,1,NA,NA,Terrestrial Insects,63,Order,Coleoptera,Coleoptera,Adults,1,1.247,1.247,NA,NA,NA,NA,NA,NA,2,FM,NA,NA,NA   NA   2   NA,NA   NA   FM   NA
SHR_2005-02-08 14:00:00,2/8/2005 14:00,SHR,2005,A,FALSE,CLR,NA,NA,11.4,0.5,230,NA,NA,NA,NA,10,Regular,453748,454009,261,261,0.8016842,0.8016842,1,NA,NA,Terrestrial Insects,64,Order,Diptera,Diptera,Adults,6,7.484,7.484,NA,NA,NA,NA,NA,NA,2,FM,NA,NA,NA   NA   2   NA,NA   NA   FM   NA
SHR_2005-02-08 14:00:00,2/8/2005 14:00,SHR,2005,A,FALSE,CLR,NA,NA,11.4,0.5,230,NA,NA,NA,NA,10,Regular,453748,454009,261,261,0.8016842,0.8016842,1,NA,NA,Terrestrial Non-Insects,68,Order,Collembola,Collembola,NotDetermined,1,1.247,1.247,NA,NA,NA,NA,NA,NA,2,FM,NA,NA,NA   NA   2   NA,NA   NA   FM   NA
SHR_2005-02-08 14:00:00,2/8/2005 14:00,SHR,2005,A,FALSE,CLR,NA,NA,11.4,0.5,230,NA,NA,NA,NA,10,Regular,453748,454009,261,261,0.8016842,0.8016842,1,NA,NA,Terrestrial Insects,66,Order,Hymenoptera,Hymenoptera,Adults,1,1.247,1.247,NA,NA,NA,NA,NA,NA,2,FM,NA,NA,NA   NA   2   NA,NA   NA   FM   NA
SHR_2005-02-08 14:00:00,2/8/2005 14:00,SHR,2005,A,FALSE,CLR,NA,NA,11.4,0.5,230,NA,NA,NA,NA,10,Regular,453748,454009,261,261,0.8016842,0.8016842,1,NA,NA,Terrestrial Insects,85,Order,Thysanoptera,Thysanoptera,Adults,1,1.247,1.247,NA,NA,NA,NA,NA,NA,2,FM,NA,NA,NA   NA   2   NA,NA   NA   FM   NA
SHR_2005-02-08 14:00:00,2/8/2005 14:00,SHR,2005,A,FALSE,CLR,NA,NA,11.4,0.5,230,NA,NA,NA,NA,10,Regular,453748,454009,261,261,0.8016842,0.8016842,1,NA,NA,Terrestrial Non-Insects,58,Suborder,Araneida,Araneida,NotDetermined,2,2.495,2.495,NA,NA,NA,NA,NA,NA,2,FM,NA,NA,NA   NA   2   NA,NA   NA   FM   NA
STTD_2005-02-09 13:15:00,2/9/2005 13:15,STTD,2005,A,FALSE,CLR,NA,NA,12.4,NA,660,NA,NA,NA,NA,10,Regular,453991,454005,14,8106,0.043002218,24.89828399,1,Very low flow,NA,Aquatic Insects,46,Family,Coenagrionidae,Coenagrionidae,Larvae,1,23.255,0.04,NA,NA,2,SAMP,NA,NA,3,FM,NA,NA,2   NA   3   NA,SAMP   NA   FM   NA
STTD_2005-02-09 13:15:00,2/9/2005 13:15,STTD,2005,A,FALSE,CLR,NA,NA,12.4,NA,660,NA,NA,NA,NA,10,Regular,453991,454005,14,8106,0.043002218,24.89828399,1,Very low flow,NA,Aquatic Insects,44,Family,Corixidae,Corixidae,Larvae,1,23.255,0.04,NA,NA,2,SAMP,NA,NA,3,FM,NA,NA,2   NA   3   NA,SAMP   NA   FM   NA
STTD_2005-02-09 13:15:00,2/9/2005 13:15,STTD,2005,A,FALSE,CLR,NA,NA,12.4,NA,660,NA,NA,NA,NA,10,Regular,453991,454005,14,8106,0.043002218,24.89828399,1,Very low flow,NA,Aquatic Insects,44,Family,Corixidae,Corixidae,Adults,2,46.509,0.08,NA,NA,2,SAMP,NA,NA,3,FM,NA,NA,2   NA   3   NA,SAMP   NA   FM   NA
STTD_2005-02-09 13:15:00,2/9/2005 13:15,STTD,2005,A,FALSE,CLR,NA,NA,12.4,NA,660,NA,NA,NA,NA,10,Regular,453991,454005,14,8106,0.043002218,24.89828399,1,Very low flow,NA,Aquatic Insects,34,Family,Chironomidae,Chironomidae,Larvae,1,23.255,0.04,NA,NA,2,SAMP,NA,NA,3,FM,NA,NA,2   NA   3   NA,SAMP   NA   FM   NA
STTD_2005-02-09 13:15:00,2/9/2005 13:15,STTD,2005,A,FALSE,CLR,NA,NA,12.4,NA,660,NA,NA,NA,NA,10,Regular,453991,454005,14,8106,0.043002218,24.89828399,1,Very low flow,NA,Aquatic Insects,34,Family,Chironomidae,Chironomidae,Adults,2,46.509,0.08,NA,NA,2,SAMP,NA,NA,3,FM,NA,NA,2   NA   3   NA,SAMP   NA   FM   NA
STTD_2005-02-09 13:15:00,2/9/2005 13:15,STTD,2005,A,FALSE,CLR,NA,NA,12.4,NA,660,NA,NA,NA,NA,10,Regular,453991,454005,14,8106,0.043002218,24.89828399,1,Very low flow,NA,Aquatic Non-Insects,103,Family,Arrenuridae,Arrenuridae,NotDetermined,1,23.255,0.04,NA,NA,2,SAMP,NA,NA,3,FM,NA,NA,2   NA   3   NA,SAMP   NA   FM   NA
SHR_2005-02-24 11:14:00,2/24/2005 11:14,SHR,2005,A,FALSE,CLD,NA,NA,12.6,0.21,170,NA,NA,NA,NA,10,Low,448475,451006,2531,2531,16.651739,16.651739,1,NA,NA,Aquatic Insects,34,Family,Chironomidae,Chironomidae,Larvae,2,0.12,0.12,NA,NA,NA,NA,NA,NA,NA,NA,NA,NA,NA   NA   NA   NA,NA   NA   NA   NA
SHR_2005-02-24 11:14:00,2/24/2005 11:14,SHR,2005,A,FALSE,CLD,NA,NA,12.6,0.21,170,NA,NA,NA,NA,10,Low,448475,451006,2531,2531,16.651739,16.651739,1,NA,NA,Aquatic Insects,32,Family,Ceratopogonidae,Ceratopogonidae,Pupae,1,0.06,0.06,NA,NA,NA,NA,NA,NA,NA,NA,NA,NA,NA   NA   NA   NA,NA   NA   NA   NA
SHR_2005-02-24 11:14:00,2/24/2005 11:14,SHR,2005,A,FALSE,CLD,NA,NA,12.6,0.21,170,NA,NA,NA,NA,10,Low,448475,451006,2531,2531,16.651739,16.651739,1,NA,NA,Aquatic Non-Insects,77,Family,Hygrobatidae,Hygrobatidae,NotDetermined,1,0.06,0.06,NA,NA,NA,NA,NA,NA,NA,NA,NA,NA,NA   NA   NA   NA,NA   NA   NA   NA
SHR_2005-02-24 11:14:00,2/24/2005 11:14,SHR,2005,A,FALSE,CLD,NA,NA,12.6,0.21,170,NA,NA,NA,NA,10,Low,448475,451006,2531,2531,16.651739,16.651739,1,NA,NA,Aquatic Non-Insects,28,Family,Lebertiidae,Lebertiidae,NotDetermined,2,0.12,0.12,NA,NA,NA,NA,NA,NA,NA,NA,NA,NA,NA   NA   NA   NA,NA   NA   NA   NA
SHR_2005-02-24 11:14:00,2/24/2005 11:14,SHR,2005,A,FALSE,CLD,NA,NA,12.6,0.21,170,NA,NA,NA,NA,10,Low,448475,451006,2531,2531,16.651739,16.651739,1,NA,NA,Aquatic Non-Insects,120,Family,Lebertiidae,Lebertiidae,NotDetermined,2,0.12,0.12,NA,NA,NA,NA,NA,NA,NA,NA,NA,NA,NA   NA   NA   NA,NA   NA   NA   NA
SHR_2005-02-24 11:14:00,2/24/2005 11:14,SHR,2005,A,FALSE,CLD,NA,NA,12.6,0.21,170,NA,NA,NA,NA,10,Low,448475,451006,2531,2531,16.651739,16.651739,1,NA,NA,Aquatic Non-Insects,18,Family,Hydridae,Hydridae,NotDetermined,1,0.06,0.06,NA,NA,NA,NA,NA,NA,NA,NA,NA,NA,NA   NA   NA   NA,NA   NA   NA   NA
SHR_2005-02-24 11:14:00,2/24/2005 11:14,SHR,2005,A,FALSE,CLD,NA,NA,12.6,0.21,170,NA,NA,NA,NA,10,Low,448475,451006,2531,2531,16.651739,16.651739,1,NA,NA,Terrestrial Insects,64,Order,Diptera,Diptera,Adults,3,0.18,0.18,NA,NA,NA,NA,NA,NA,NA,NA,NA,NA,NA   NA   NA   NA,NA   NA   NA   NA
SHR_2005-02-24 11:14:00,2/24/2005 11:14,SHR,2005,A,FALSE,CLD,NA,NA,12.6,0.21,170,NA,NA,NA,NA,10,Low,448475,451006,2531,2531,16.651739,16.651739,1,NA,NA,Terrestrial Insects,66,Order,Hymenoptera,Hymenoptera,Larvae,2,0.12,0.12,NA,NA,NA,NA,NA,NA,NA,NA,NA,NA,NA   NA   NA   NA,NA   NA   NA   NA
STTD_2005-02-25 14:20:00,2/25/2005 14:20,STTD,2005,A,FALSE,CLD,NA,NA,13.8,0.11,465,NA,NA,NA,NA,10,Regular,466518,482018,15500,15500,47.60959806,47.60959806,1,NA,NA,Aquatic Insects,40,Family,Caenidae,Caenidae,Larvae,1,0.021,0.021,NA,NA,NA,NA,NA,NA,NA,NA,NA,NA,NA   NA   NA   NA,NA   NA   NA   NA
STTD_2005-02-25 14:20:00,2/25/2005 14:20,STTD,2005,A,FALSE,CLD,NA,NA,13.8,0.11,465,NA,NA,NA,NA,10,Regular,466518,482018,15500,15500,47.60959806,47.60959806,1,NA,NA,Aquatic Insects,46,Family,Coenagrionidae,Coenagrionidae,Larvae,11,0.231,0.231,NA,NA,NA,NA,NA,NA,NA,NA,NA,NA,NA   NA   NA   NA,NA   NA   NA   NA
STTD_2005-02-25 14:20:00,2/25/2005 14:20,STTD,2005,A,FALSE,CLD,NA,NA,13.8,0.11,465,NA,NA,NA,NA,10,Regular,466518,482018,15500,15500,47.60959806,47.60959806,1,NA,NA,Aquatic Insects,44,Family,Corixidae,Corixidae,Larvae,30,0.63,0.63,NA,NA,NA,NA,NA,NA,NA,NA,NA,NA,NA   NA   NA   NA,NA   NA   NA   NA
STTD_2005-02-25 14:20:00,2/25/2005 14:20,STTD,2005,A,FALSE,CLD,NA,NA,13.8,0.11,465,NA,NA,NA,NA,10,Regular,466518,482018,15500,15500,47.60959806,47.60959806,1,NA,NA,Aquatic Insects,44,Family,Corixidae,Corixidae,Adults,3,0.063,0.063,NA,NA,NA,NA,NA,NA,NA,NA,NA,NA,NA   NA   NA   NA,NA   NA   NA   NA
STTD_2005-02-25 14:20:00,2/25/2005 14:20,STTD,2005,A,FALSE,CLD,NA,NA,13.8,0.11,465,NA,NA,NA,NA,10,Regular,466518,482018,15500,15500,47.60959806,47.60959806,1,NA,NA,Aquatic Insects,30,Family,Dytiscidae,Dytiscidae,Adults,6,0.126,0.126,NA,NA,NA,NA,NA,NA,NA,NA,NA,NA,NA   NA   NA   NA,NA   NA   NA   NA
STTD_2005-02-25 14:20:00,2/25/2005 14:20,STTD,2005,A,FALSE,CLD,NA,NA,13.8,0.11,465,NA,NA,NA,NA,10,Regular,466518,482018,15500,15500,47.60959806,47.60959806,1,NA,NA,Aquatic Insects,34,Family,Chironomidae,Chironomidae,Larvae,12,0.252,0.252,NA,NA,NA,NA,NA,NA,NA,NA,NA,NA,NA   NA   NA   NA,NA   NA   NA   NA
STTD_2005-02-25 14:20:00,2/25/2005 14:20,STTD,2005,A,FALSE,CLD,NA,NA,13.8,0.11,465,NA,NA,NA,NA,10,Regular,466518,482018,15500,15500,47.60959806,47.60959806,1,NA,NA,Aquatic Insects,34,Family,Chironomidae,Chironomidae,Pupae,4,0.084,0.084,NA,NA,NA,NA,NA,NA,NA,NA,NA,NA,NA   NA   NA   NA,NA   NA   NA   NA
STTD_2005-02-25 14:20:00,2/25/2005 14:20,STTD,2005,A,FALSE,CLD,NA,NA,13.8,0.11,465,NA,NA,NA,NA,10,Regular,466518,482018,15500,15500,47.60959806,47.60959806,1,NA,NA,Aquatic Insects,34,Family,Chironomidae,Chironomidae,Adults,1,0.021,0.021,NA,NA,NA,NA,NA,NA,NA,NA,NA,NA,NA   NA   NA   NA,NA   NA   NA   NA
STTD_2005-02-25 14:20:00,2/25/2005 14:20,STTD,2005,A,FALSE,CLD,NA,NA,13.8,0.11,465,NA,NA,NA,NA,10,Regular,466518,482018,15500,15500,47.60959806,47.60959806,1,NA,NA,Aquatic Insects,32,Family,Ceratopogonidae,Ceratopogonidae,Pupae,1,0.021,0.021,NA,NA,NA,NA,NA,NA,NA,NA,NA,NA,NA   NA   NA   NA,NA   NA   NA   NA
STTD_2005-02-25 14:20:00,2/25/2005 14:20,STTD,2005,A,FALSE,CLD,NA,NA,13.8,0.11,465,NA,NA,NA,NA,10,Regular,466518,482018,15500,15500,47.60959806,47.60959806,1,NA,NA,Aquatic Insects,36,Family,Ephydridae,Ephydridae,Pupae,5,0.105,0.105,NA,NA,NA,NA,NA,NA,NA,NA,NA,NA,NA   NA   NA   NA,NA   NA   NA   NA
STTD_2005-02-25 14:20:00,2/25/2005 14:20,STTD,2005,A,FALSE,CLD,NA,NA,13.8,0.11,465,NA,NA,NA,NA,10,Regular,466518,482018,15500,15500,47.60959806,47.60959806,1,NA,NA,Aquatic Insects,37,Family,Psychodidae,Psychodidae,Pupae,1,0.021,0.021,NA,NA,NA,NA,NA,NA,NA,NA,NA,NA,NA   NA   NA   NA,NA   NA   NA   NA
STTD_2005-02-25 14:20:00,2/25/2005 14:20,STTD,2005,A,FALSE,CLD,NA,NA,13.8,0.11,465,NA,NA,NA,NA,10,Regular,466518,482018,15500,15500,47.60959806,47.60959806,1,NA,NA,Aquatic Non-Insects,2,Family,Enchytraeidae,Enchytraeidae,NotDetermined,2,0.042,0.042,NA,NA,NA,NA,NA,NA,NA,NA,NA,NA,NA   NA   NA   NA,NA   NA   NA   NA
STTD_2005-02-25 14:20:00,2/25/2005 14:20,STTD,2005,A,FALSE,CLD,NA,NA,13.8,0.11,465,NA,NA,NA,NA,10,Regular,466518,482018,15500,15500,47.60959806,47.60959806,1,NA,NA,Aquatic Non-Insects,4,Family,Naididae,Naididae,NotDetermined,6,0.126,0.126,NA,NA,NA,NA,NA,NA,NA,NA,NA,NA,NA   NA   NA   NA,NA   NA   NA   NA
STTD_2005-02-25 14:20:00,2/25/2005 14:20,STTD,2005,A,FALSE,CLD,NA,NA,13.8,0.11,465,NA,NA,NA,NA,10,Regular,466518,482018,15500,15500,47.60959806,47.60959806,1,NA,NA,Aquatic Non-Insects,20,Family,Physidae,Physidae,NotDetermined,5,0.105,0.105,NA,NA,NA,NA,NA,NA,NA,NA,NA,NA,NA   NA   NA   NA,NA   NA   NA   NA
STTD_2005-02-25 14:20:00,2/25/2005 14:20,STTD,2005,A,FALSE,CLD,NA,NA,13.8,0.11,465,NA,NA,NA,NA,10,Regular,466518,482018,15500,15500,47.60959806,47.60959806,1,NA,NA,Aquatic Non-Insects,9,Family,Corophiidae,Corophiidae,NotDetermined,11,0.231,0.231,NA,NA,NA,NA,NA,NA,NA,NA,NA,NA,NA   NA   NA   NA,NA   NA   NA   NA
STTD_2005-02-25 14:20:00,2/25/2005 14:20,STTD,2005,A,FALSE,CLD,NA,NA,13.8,0.11,465,NA,NA,NA,NA,10,Regular,466518,482018,15500,15500,47.60959806,47.60959806,1,NA,NA,Aquatic Non-Insects,10,Family,Crangonyctidae,Crangonyctidae,NotDetermined,2,0.042,0.042,NA,NA,NA,NA,NA,NA,NA,NA,NA,NA,NA   NA   NA   NA,NA   NA   NA   NA
STTD_2005-02-25 14:20:00,2/25/2005 14:20,STTD,2005,A,FALSE,CLD,NA,NA,13.8,0.11,465,NA,NA,NA,NA,10,Regular,466518,482018,15500,15500,47.60959806,47.60959806,1,NA,NA,Aquatic Non-Insects,118,Class,Ostracoda,Ostracod,NotDetermined,58,1.218,1.218,NA,NA,NA,NA,NA,NA,NA,NA,NA,NA,NA   NA   NA   NA,NA   NA   NA   NA
STTD_2005-02-25 14:20:00,2/25/2005 14:20,STTD,2005,A,FALSE,CLD,NA,NA,13.8,0.11,465,NA,NA,NA,NA,10,Regular,466518,482018,15500,15500,47.60959806,47.60959806,1,NA,NA,Aquatic Non-Insects,119,Family,Limnesiidae,Limnesiidae,NotDetermined,1,0.021,0.021,NA,NA,NA,NA,NA,NA,NA,NA,NA,NA,NA   NA   NA   NA,NA   NA   NA   NA
STTD_2005-02-25 14:20:00,2/25/2005 14:20,STTD,2005,A,FALSE,CLD,NA,NA,13.8,0.11,465,NA,NA,NA,NA,10,Regular,466518,482018,15500,15500,47.60959806,47.60959806,1,NA,NA,Aquatic Non-Insects,18,Family,Hydridae,Hydridae,NotDetermined,7,0.147,0.147,NA,NA,NA,NA,NA,NA,NA,NA,NA,NA,NA   NA   NA   NA,NA   NA   NA   NA
STTD_2005-02-25 14:20:00,2/25/2005 14:20,STTD,2005,A,FALSE,CLD,NA,NA,13.8,0.11,465,NA,NA,NA,NA,10,Regular,466518,482018,15500,15500,47.60959806,47.60959806,1,NA,NA,Terrestrial Insects,71,Order,Hemiptera,Hemiptera,Adults,6,0.126,0.126,NA,NA,NA,NA,NA,NA,NA,NA,NA,NA,NA   NA   NA   NA,NA   NA   NA   NA
STTD_2005-02-25 14:20:00,2/25/2005 14:20,STTD,2005,A,FALSE,CLD,NA,NA,13.8,0.11,465,NA,NA,NA,NA,10,Regular,466518,482018,15500,15500,47.60959806,47.60959806,1,NA,NA,Terrestrial Insects,63,Order,Coleoptera,Coleoptera,Larvae,1,0.021,0.021,NA,NA,NA,NA,NA,NA,NA,NA,NA,NA,NA   NA   NA   NA,NA   NA   NA   NA
STTD_2005-02-25 14:20:00,2/25/2005 14:20,STTD,2005,A,FALSE,CLD,NA,NA,13.8,0.11,465,NA,NA,NA,NA,10,Regular,466518,482018,15500,15500,47.60959806,47.60959806,1,NA,NA,Terrestrial Insects,63,Order,Coleoptera,Coleoptera,Adults,6,0.126,0.126,NA,NA,NA,NA,NA,NA,NA,NA,NA,NA,NA   NA   NA   NA,NA   NA   NA   NA
STTD_2005-02-25 14:20:00,2/25/2005 14:20,STTD,2005,A,FALSE,CLD,NA,NA,13.8,0.11,465,NA,NA,NA,NA,10,Regular,466518,482018,15500,15500,47.60959806,47.60959806,1,NA,NA,Terrestrial Insects,64,Order,Diptera,Diptera,Larvae,2,0.042,0.042,NA,NA,NA,NA,NA,NA,NA,NA,NA,NA,NA   NA   NA   NA,NA   NA   NA   NA
STTD_2005-02-25 14:20:00,2/25/2005 14:20,STTD,2005,A,FALSE,CLD,NA,NA,13.8,0.11,465,NA,NA,NA,NA,10,Regular,466518,482018,15500,15500,47.60959806,47.60959806,1,NA,NA,Terrestrial Insects,64,Order,Diptera,Diptera,Adults,3,0.063,0.063,NA,NA,NA,NA,NA,NA,NA,NA,NA,NA,NA   NA   NA   NA,NA   NA   NA   NA
STTD_2005-02-25 14:20:00,2/25/2005 14:20,STTD,2005,A,FALSE,CLD,NA,NA,13.8,0.11,465,NA,NA,NA,NA,10,Regular,466518,482018,15500,15500,47.60959806,47.60959806,1,NA,NA,Terrestrial Non-Insects,68,Order,Collembola,Collembola,NotDetermined,12,0.252,0.252,NA,NA,NA,NA,NA,NA,NA,NA,NA,NA,NA   NA   NA   NA,NA   NA   NA   NA
STTD_2005-02-25 14:20:00,2/25/2005 14:20,STTD,2005,A,FALSE,CLD,NA,NA,13.8,0.11,465,NA,NA,NA,NA,10,Regular,466518,482018,15500,15500,47.60959806,47.60959806,1,NA,NA,Terrestrial Insects,66,Order,Hymenoptera,Hymenoptera,Adults,1,0.021,0.021,NA,NA,NA,NA,NA,NA,NA,NA,NA,NA,NA   NA   NA   NA,NA   NA   NA   NA
SHR_2005-03-03 14:23:00,3/3/2005 14:23,SHR,2005,A,FALSE,CLR,NA,NA,13.3,0.26,189,NA,NA,NA,NA,10,Regular,490644,493018,2374,2374,7.291947471,7.291947471,1,NA,NA,Aquatic Insects,107,Family,Leptohyphidae,Leptohyphidae,Larvae,1,0.137,0.137,NA,NA,NA,NA,NA,NA,NA,NA,NA,NA,NA   NA   NA   NA,NA   NA   NA   NA
SHR_2005-03-03 14:23:00,3/3/2005 14:23,SHR,2005,A,FALSE,CLR,NA,NA,13.3,0.26,189,NA,NA,NA,NA,10,Regular,490644,493018,2374,2374,7.291947471,7.291947471,1,NA,NA,Aquatic Insects,30,Family,Dytiscidae,Dytiscidae,Adults,1,0.137,0.137,NA,NA,NA,NA,NA,NA,NA,NA,NA,NA,NA   NA   NA   NA,NA   NA   NA   NA
SHR_2005-03-03 14:23:00,3/3/2005 14:23,SHR,2005,A,FALSE,CLR,NA,NA,13.3,0.26,189,NA,NA,NA,NA,10,Regular,490644,493018,2374,2374,7.291947471,7.291947471,1,NA,NA,Aquatic Insects,34,Family,Chironomidae,Chironomidae,Larvae,6,0.823,0.823,NA,NA,NA,NA,NA,NA,NA,NA,NA,NA,NA   NA   NA   NA,NA   NA   NA   NA
SHR_2005-03-03 14:23:00,3/3/2005 14:23,SHR,2005,A,FALSE,CLR,NA,NA,13.3,0.26,189,NA,NA,NA,NA,10,Regular,490644,493018,2374,2374,7.291947471,7.291947471,1,NA,NA,Aquatic Insects,34,Family,Chironomidae,Chironomidae,Pupae,2,0.274,0.274,NA,NA,NA,NA,NA,NA,NA,NA,NA,NA,NA   NA   NA   NA,NA   NA   NA   NA
SHR_2005-03-03 14:23:00,3/3/2005 14:23,SHR,2005,A,FALSE,CLR,NA,NA,13.3,0.26,189,NA,NA,NA,NA,10,Regular,490644,493018,2374,2374,7.291947471,7.291947471,1,NA,NA,Aquatic Insects,34,Family,Chironomidae,Chironomidae,Adults,12,1.646,1.646,NA,NA,NA,NA,NA,NA,NA,NA,NA,NA,NA   NA   NA   NA,NA   NA   NA   NA
SHR_2005-03-03 14:23:00,3/3/2005 14:23,SHR,2005,A,FALSE,CLR,NA,NA,13.3,0.26,189,NA,NA,NA,NA,10,Regular,490644,493018,2374,2374,7.291947471,7.291947471,1,NA,NA,Aquatic Non-Insects,4,Family,Naididae,Naididae,NotDetermined,4,0.549,0.549,NA,NA,NA,NA,NA,NA,NA,NA,NA,NA,NA   NA   NA   NA,NA   NA   NA   NA
SHR_2005-03-03 14:23:00,3/3/2005 14:23,SHR,2005,A,FALSE,CLR,NA,NA,13.3,0.26,189,NA,NA,NA,NA,10,Regular,490644,493018,2374,2374,7.291947471,7.291947471,1,NA,NA,Aquatic Non-Insects,20,Family,Physidae,Physidae,NotDetermined,1,0.137,0.137,NA,NA,NA,NA,NA,NA,NA,NA,NA,NA,NA   NA   NA   NA,NA   NA   NA   NA
SHR_2005-03-03 14:23:00,3/3/2005 14:23,SHR,2005,A,FALSE,CLR,NA,NA,13.3,0.26,189,NA,NA,NA,NA,10,Regular,490644,493018,2374,2374,7.291947471,7.291947471,1,NA,NA,Aquatic Non-Insects,118,Class,Ostracoda,Ostracod,NotDetermined,2,0.274,0.274,NA,NA,NA,NA,NA,NA,NA,NA,NA,NA,NA   NA   NA   NA,NA   NA   NA   NA
SHR_2005-03-03 14:23:00,3/3/2005 14:23,SHR,2005,A,FALSE,CLR,NA,NA,13.3,0.26,189,NA,NA,NA,NA,10,Regular,490644,493018,2374,2374,7.291947471,7.291947471,1,NA,NA,Aquatic Non-Insects,77,Family,Hygrobatidae,Hygrobatidae,NotDetermined,2,0.274,0.274,NA,NA,NA,NA,NA,NA,NA,NA,NA,NA,NA   NA   NA   NA,NA   NA   NA   NA
SHR_2005-03-03 14:23:00,3/3/2005 14:23,SHR,2005,A,FALSE,CLR,NA,NA,13.3,0.26,189,NA,NA,NA,NA,10,Regular,490644,493018,2374,2374,7.291947471,7.291947471,1,NA,NA,Aquatic Non-Insects,29,Family,Sperchontidae,Sperchontidae,NotDetermined,1,0.137,0.137,NA,NA,NA,NA,NA,NA,NA,NA,NA,NA,NA   NA   NA   NA,NA   NA   NA   NA
SHR_2005-03-03 14:23:00,3/3/2005 14:23,SHR,2005,A,FALSE,CLR,NA,NA,13.3,0.26,189,NA,NA,NA,NA,10,Regular,490644,493018,2374,2374,7.291947471,7.291947471,1,NA,NA,Aquatic Non-Insects,146,Family,Sperchontidae,Sperchontidae,NotDetermined,1,0.137,0.137,NA,NA,NA,NA,NA,NA,NA,NA,NA,NA,NA   NA   NA   NA,NA   NA   NA   NA
SHR_2005-03-03 14:23:00,3/3/2005 14:23,SHR,2005,A,FALSE,CLR,NA,NA,13.3,0.26,189,NA,NA,NA,NA,10,Regular,490644,493018,2374,2374,7.291947471,7.291947471,1,NA,NA,Aquatic Non-Insects,18,Family,Hydridae,Hydridae,NotDetermined,7,0.96,0.96,NA,NA,NA,NA,NA,NA,NA,NA,NA,NA,NA   NA   NA   NA,NA   NA   NA   NA
SHR_2005-03-03 14:23:00,3/3/2005 14:23,SHR,2005,A,FALSE,CLR,NA,NA,13.3,0.26,189,NA,NA,NA,NA,10,Regular,490644,493018,2374,2374,7.291947471,7.291947471,1,NA,NA,Terrestrial Insects,71,Order,Hemiptera,Hemiptera,Adults,1,0.137,0.137,NA,NA,NA,NA,NA,NA,NA,NA,NA,NA,NA   NA   NA   NA,NA   NA   NA   NA
SHR_2005-03-03 14:23:00,3/3/2005 14:23,SHR,2005,A,FALSE,CLR,NA,NA,13.3,0.26,189,NA,NA,NA,NA,10,Regular,490644,493018,2374,2374,7.291947471,7.291947471,1,NA,NA,Terrestrial Insects,63,Order,Coleoptera,Coleoptera,Adults,2,0.274,0.274,NA,NA,NA,NA,NA,NA,NA,NA,NA,NA,NA   NA   NA   NA,NA   NA   NA   NA
SHR_2005-03-03 14:23:00,3/3/2005 14:23,SHR,2005,A,FALSE,CLR,NA,NA,13.3,0.26,189,NA,NA,NA,NA,10,Regular,490644,493018,2374,2374,7.291947471,7.291947471,1,NA,NA,Terrestrial Insects,64,Order,Diptera,Diptera,Adults,3,0.411,0.411,NA,NA,NA,NA,NA,NA,NA,NA,NA,NA,NA   NA   NA   NA,NA   NA   NA   NA
SHR_2005-03-03 14:23:00,3/3/2005 14:23,SHR,2005,A,FALSE,CLR,NA,NA,13.3,0.26,189,NA,NA,NA,NA,10,Regular,490644,493018,2374,2374,7.291947471,7.291947471,1,NA,NA,Terrestrial Non-Insects,68,Order,Collembola,Collembola,NotDetermined,3,0.411,0.411,NA,NA,NA,NA,NA,NA,NA,NA,NA,NA,NA   NA   NA   NA,NA   NA   NA   NA
STTD_2005-03-04 13:41:00,3/4/2005 13:41,STTD,2005,A,FALSE,RAN,NA,NA,14.4,0.15,557,NA,NA,NA,NA,10,Regular,493001,507825,14824,14824,45.53320527,45.53320527,1,NA,NA,Aquatic Insects,40,Family,Caenidae,Caenidae,Larvae,1,0.022,0.022,NA,NA,NA,NA,NA,NA,NA,NA,NA,NA,NA   NA   NA   NA,NA   NA   NA   NA
STTD_2005-03-04 13:41:00,3/4/2005 13:41,STTD,2005,A,FALSE,RAN,NA,NA,14.4,0.15,557,NA,NA,NA,NA,10,Regular,493001,507825,14824,14824,45.53320527,45.53320527,1,NA,NA,Aquatic Insects,46,Family,Coenagrionidae,Coenagrionidae,Larvae,1,0.022,0.022,NA,NA,NA,NA,NA,NA,NA,NA,NA,NA,NA   NA   NA   NA,NA   NA   NA   NA
STTD_2005-03-04 13:41:00,3/4/2005 13:41,STTD,2005,A,FALSE,RAN,NA,NA,14.4,0.15,557,NA,NA,NA,NA,10,Regular,493001,507825,14824,14824,45.53320527,45.53320527,1,NA,NA,Aquatic Insects,44,Family,Corixidae,Corixidae,Larvae,39,0.857,0.857,NA,NA,NA,NA,NA,NA,NA,NA,NA,NA,NA   NA   NA   NA,NA   NA   NA   NA
STTD_2005-03-04 13:41:00,3/4/2005 13:41,STTD,2005,A,FALSE,RAN,NA,NA,14.4,0.15,557,NA,NA,NA,NA,10,Regular,493001,507825,14824,14824,45.53320527,45.53320527,1,NA,NA,Aquatic Insects,44,Family,Corixidae,Corixidae,Adults,6,0.132,0.132,NA,NA,NA,NA,NA,NA,NA,NA,NA,NA,NA   NA   NA   NA,NA   NA   NA   NA
STTD_2005-03-04 13:41:00,3/4/2005 13:41,STTD,2005,A,FALSE,RAN,NA,NA,14.4,0.15,557,NA,NA,NA,NA,10,Regular,493001,507825,14824,14824,45.53320527,45.53320527,1,NA,NA,Aquatic Insects,34,Family,Chironomidae,Chironomidae,Larvae,1,0.022,0.022,NA,NA,NA,NA,NA,NA,NA,NA,NA,NA,NA   NA   NA   NA,NA   NA   NA   NA
STTD_2005-03-04 13:41:00,3/4/2005 13:41,STTD,2005,A,FALSE,RAN,NA,NA,14.4,0.15,557,NA,NA,NA,NA,10,Regular,493001,507825,14824,14824,45.53320527,45.53320527,1,NA,NA,Aquatic Insects,34,Family,Chironomidae,Chironomidae,Pupae,2,0.044,0.044,NA,NA,NA,NA,NA,NA,NA,NA,NA,NA,NA   NA   NA   NA,NA   NA   NA   NA
STTD_2005-03-04 13:41:00,3/4/2005 13:41,STTD,2005,A,FALSE,RAN,NA,NA,14.4,0.15,557,NA,NA,NA,NA,10,Regular,493001,507825,14824,14824,45.53320527,45.53320527,1,NA,NA,Aquatic Insects,34,Family,Chironomidae,Chironomidae,Adults,87,1.911,1.911,NA,NA,NA,NA,NA,NA,NA,NA,NA,NA,NA   NA   NA   NA,NA   NA   NA   NA
STTD_2005-03-04 13:41:00,3/4/2005 13:41,STTD,2005,A,FALSE,RAN,NA,NA,14.4,0.15,557,NA,NA,NA,NA,10,Regular,493001,507825,14824,14824,45.53320527,45.53320527,1,NA,NA,Aquatic Insects,32,Family,Ceratopogonidae,Ceratopogonidae,Larvae,1,0.022,0.022,NA,NA,NA,NA,NA,NA,NA,NA,NA,NA,NA   NA   NA   NA,NA   NA   NA   NA
STTD_2005-03-04 13:41:00,3/4/2005 13:41,STTD,2005,A,FALSE,RAN,NA,NA,14.4,0.15,557,NA,NA,NA,NA,10,Regular,493001,507825,14824,14824,45.53320527,45.53320527,1,NA,NA,Aquatic Insects,32,Family,Ceratopogonidae,Ceratopogonidae,Pupae,1,0.022,0.022,NA,NA,NA,NA,NA,NA,NA,NA,NA,NA,NA   NA   NA   NA,NA   NA   NA   NA
STTD_2005-03-04 13:41:00,3/4/2005 13:41,STTD,2005,A,FALSE,RAN,NA,NA,14.4,0.15,557,NA,NA,NA,NA,10,Regular,493001,507825,14824,14824,45.53320527,45.53320527,1,NA,NA,Aquatic Insects,33,Family,Chaoboridae,Chaoboridae,Larvae,1,0.022,0.022,NA,NA,NA,NA,NA,NA,NA,NA,NA,NA,NA   NA   NA   NA,NA   NA   NA   NA
STTD_2005-03-04 13:41:00,3/4/2005 13:41,STTD,2005,A,FALSE,RAN,NA,NA,14.4,0.15,557,NA,NA,NA,NA,10,Regular,493001,507825,14824,14824,45.53320527,45.53320527,1,NA,NA,Aquatic Non-Insects,4,Family,Naididae,Naididae,NotDetermined,7,0.154,0.154,NA,NA,NA,NA,NA,NA,NA,NA,NA,NA,NA   NA   NA   NA,NA   NA   NA   NA
STTD_2005-03-04 13:41:00,3/4/2005 13:41,STTD,2005,A,FALSE,RAN,NA,NA,14.4,0.15,557,NA,NA,NA,NA,10,Regular,493001,507825,14824,14824,45.53320527,45.53320527,1,NA,NA,Aquatic Non-Insects,9,Family,Corophiidae,Corophiidae,NotDetermined,20,0.439,0.439,NA,NA,NA,NA,NA,NA,NA,NA,NA,NA,NA   NA   NA   NA,NA   NA   NA   NA
STTD_2005-03-04 13:41:00,3/4/2005 13:41,STTD,2005,A,FALSE,RAN,NA,NA,14.4,0.15,557,NA,NA,NA,NA,10,Regular,493001,507825,14824,14824,45.53320527,45.53320527,1,NA,NA,Aquatic Non-Insects,10,Family,Crangonyctidae,Crangonyctidae,NotDetermined,2,0.044,0.044,NA,NA,NA,NA,NA,NA,NA,NA,NA,NA,NA   NA   NA   NA,NA   NA   NA   NA
STTD_2005-03-04 13:41:00,3/4/2005 13:41,STTD,2005,A,FALSE,RAN,NA,NA,14.4,0.15,557,NA,NA,NA,NA,10,Regular,493001,507825,14824,14824,45.53320527,45.53320527,1,NA,NA,Terrestrial Non-Insects,57,Subclass,Acari,Acari,NotDetermined,3,0.066,0.066,NA,NA,NA,NA,NA,NA,NA,NA,NA,NA,NA   NA   NA   NA,NA   NA   NA   NA
STTD_2005-03-04 13:41:00,3/4/2005 13:41,STTD,2005,A,FALSE,RAN,NA,NA,14.4,0.15,557,NA,NA,NA,NA,10,Regular,493001,507825,14824,14824,45.53320527,45.53320527,1,NA,NA,Aquatic Non-Insects,118,Class,Ostracoda,Ostracod,NotDetermined,2,0.044,0.044,NA,NA,NA,NA,NA,NA,NA,NA,NA,NA,NA   NA   NA   NA,NA   NA   NA   NA
STTD_2005-03-04 13:41:00,3/4/2005 13:41,STTD,2005,A,FALSE,RAN,NA,NA,14.4,0.15,557,NA,NA,NA,NA,10,Regular,493001,507825,14824,14824,45.53320527,45.53320527,1,NA,NA,Aquatic Non-Insects,103,Family,Arrenuridae,Arrenuridae,NotDetermined,1,0.022,0.022,NA,NA,NA,NA,NA,NA,NA,NA,NA,NA,NA   NA   NA   NA,NA   NA   NA   NA
STTD_2005-03-04 13:41:00,3/4/2005 13:41,STTD,2005,A,FALSE,RAN,NA,NA,14.4,0.15,557,NA,NA,NA,NA,10,Regular,493001,507825,14824,14824,45.53320527,45.53320527,1,NA,NA,Aquatic Non-Insects,18,Family,Hydridae,Hydridae,NotDetermined,56,1.23,1.23,NA,NA,NA,NA,NA,NA,NA,NA,NA,NA,NA   NA   NA   NA,NA   NA   NA   NA
STTD_2005-03-04 13:41:00,3/4/2005 13:41,STTD,2005,A,FALSE,RAN,NA,NA,14.4,0.15,557,NA,NA,NA,NA,10,Regular,493001,507825,14824,14824,45.53320527,45.53320527,1,NA,NA,Terrestrial Insects,71,Order,Hemiptera,Hemiptera,Adults,6,0.132,0.132,NA,NA,NA,NA,NA,NA,NA,NA,NA,NA,NA   NA   NA   NA,NA   NA   NA   NA
STTD_2005-03-04 13:41:00,3/4/2005 13:41,STTD,2005,A,FALSE,RAN,NA,NA,14.4,0.15,557,NA,NA,NA,NA,10,Regular,493001,507825,14824,14824,45.53320527,45.53320527,1,NA,NA,Terrestrial Insects,63,Order,Coleoptera,Coleoptera,Adults,1,0.022,0.022,NA,NA,NA,NA,NA,NA,NA,NA,NA,NA,NA   NA   NA   NA,NA   NA   NA   NA
STTD_2005-03-04 13:41:00,3/4/2005 13:41,STTD,2005,A,FALSE,RAN,NA,NA,14.4,0.15,557,NA,NA,NA,NA,10,Regular,493001,507825,14824,14824,45.53320527,45.53320527,1,NA,NA,Terrestrial Insects,64,Order,Diptera,Diptera,Larvae,1,0.022,0.022,NA,NA,NA,NA,NA,NA,NA,NA,NA,NA,NA   NA   NA   NA,NA   NA   NA   NA
STTD_2005-03-04 13:41:00,3/4/2005 13:41,STTD,2005,A,FALSE,RAN,NA,NA,14.4,0.15,557,NA,NA,NA,NA,10,Regular,493001,507825,14824,14824,45.53320527,45.53320527,1,NA,NA,Terrestrial Insects,64,Order,Diptera,Diptera,Adults,13,0.286,0.286,NA,NA,NA,NA,NA,NA,NA,NA,NA,NA,NA   NA   NA   NA,NA   NA   NA   NA
STTD_2005-03-04 13:41:00,3/4/2005 13:41,STTD,2005,A,FALSE,RAN,NA,NA,14.4,0.15,557,NA,NA,NA,NA,10,Regular,493001,507825,14824,14824,45.53320527,45.53320527,1,NA,NA,Terrestrial Non-Insects,68,Order,Collembola,Collembola,NotDetermined,5,0.11,0.11,NA,NA,NA,NA,NA,NA,NA,NA,NA,NA,NA   NA   NA   NA,NA   NA   NA   NA
STTD_2005-03-04 13:41:00,3/4/2005 13:41,STTD,2005,A,FALSE,RAN,NA,NA,14.4,0.15,557,NA,NA,NA,NA,10,Regular,493001,507825,14824,14824,45.53320527,45.53320527,1,NA,NA,Terrestrial Non-Insects,58,Suborder,Araneida,Araneida,NotDetermined,3,0.066,0.066,NA,NA,NA,NA,NA,NA,NA,NA,NA,NA,NA   NA   NA   NA,NA   NA   NA   NA
STTD_2005-03-04 13:41:00,3/4/2005 13:41,STTD,2005,A,FALSE,RAN,NA,NA,14.4,0.15,557,NA,NA,NA,NA,10,Regular,493001,507825,14824,14824,45.53320527,45.53320527,1,NA,NA,Aquatic Non-Insects,123,Family,Pionidae,Pionidae,NotDetermined,1,0.022,0.022,NA,NA,NA,NA,NA,NA,NA,NA,NA,NA,NA   NA   NA   NA,NA   NA   NA   NA
STTD_2005-03-04 13:41:00,3/4/2005 13:41,STTD,2005,A,FALSE,RAN,NA,NA,14.4,0.15,557,NA,NA,NA,NA,10,Regular,493001,507825,14824,14824,45.53320527,45.53320527,1,NA,NA,Aquatic Non-Insects,124,Phylum,Ectoprocta,Ectoprocta,NotDetermined,4,0.088,0.088,NA,NA,NA,NA,NA,NA,NA,NA,NA,NA,NA   NA   NA   NA,NA   NA   NA   NA
SHR_2005-03-08 10:47:00,3/8/2005 10:47,SHR,2005,A,FALSE,CLR,NA,NA,14.6,0.47,204,NA,NA,NA,NA,10,Low,506176,508851,2675,2675,17.5991315,17.5991315,1,Low flow meter,NA,Aquatic Insects,44,Family,Corixidae,Corixidae,Larvae,1,0.057,0.057,NA,NA,NA,NA,NA,NA,NA,NA,NA,NA,NA   NA   NA   NA,NA   NA   NA   NA
SHR_2005-03-08 10:47:00,3/8/2005 10:47,SHR,2005,A,FALSE,CLR,NA,NA,14.6,0.47,204,NA,NA,NA,NA,10,Low,506176,508851,2675,2675,17.5991315,17.5991315,1,Low flow meter,NA,Aquatic Insects,44,Family,Corixidae,Corixidae,Adults,1,0.057,0.057,NA,NA,NA,NA,NA,NA,NA,NA,NA,NA,NA   NA   NA   NA,NA   NA   NA   NA
SHR_2005-03-08 10:47:00,3/8/2005 10:47,SHR,2005,A,FALSE,CLR,NA,NA,14.6,0.47,204,NA,NA,NA,NA,10,Low,506176,508851,2675,2675,17.5991315,17.5991315,1,Low flow meter,NA,Aquatic Insects,34,Family,Chironomidae,Chironomidae,Larvae,2,0.114,0.114,NA,NA,NA,NA,NA,NA,NA,NA,NA,NA,NA   NA   NA   NA,NA   NA   NA   NA
SHR_2005-03-08 10:47:00,3/8/2005 10:47,SHR,2005,A,FALSE,CLR,NA,NA,14.6,0.47,204,NA,NA,NA,NA,10,Low,506176,508851,2675,2675,17.5991315,17.5991315,1,Low flow meter,NA,Aquatic Insects,34,Family,Chironomidae,Chironomidae,Pupae,2,0.114,0.114,NA,NA,NA,NA,NA,NA,NA,NA,NA,NA,NA   NA   NA   NA,NA   NA   NA   NA
SHR_2005-03-08 10:47:00,3/8/2005 10:47,SHR,2005,A,FALSE,CLR,NA,NA,14.6,0.47,204,NA,NA,NA,NA,10,Low,506176,508851,2675,2675,17.5991315,17.5991315,1,Low flow meter,NA,Aquatic Non-Insects,19,Family,Corbiculidae,Corbiculidae,NotDetermined,1,0.057,0.057,NA,NA,NA,NA,NA,NA,NA,NA,NA,NA,NA   NA   NA   NA,NA   NA   NA   NA
SHR_2005-03-08 10:47:00,3/8/2005 10:47,SHR,2005,A,FALSE,CLR,NA,NA,14.6,0.47,204,NA,NA,NA,NA,10,Low,506176,508851,2675,2675,17.5991315,17.5991315,1,Low flow meter,NA,Aquatic Non-Insects,18,Family,Hydridae,Hydridae,NotDetermined,2,0.114,0.114,NA,NA,NA,NA,NA,NA,NA,NA,NA,NA,NA   NA   NA   NA,NA   NA   NA   NA
STTD_2005-03-09 13:15:00,3/9/2005 13:15,STTD,2005,A,FALSE,CLR,NA,NA,18.6,0.3,607,NA,NA,NA,NA,10,Regular,488311,489431,1120,1120,3.440177408,3.440177408,1,NA,NA,Aquatic Insects,44,Family,Corixidae,Corixidae,Larvae,52,15.115,15.115,NA,NA,NA,NA,NA,NA,NA,NA,NA,NA,NA   NA   NA   NA,NA   NA   NA   NA
STTD_2005-03-09 13:15:00,3/9/2005 13:15,STTD,2005,A,FALSE,CLR,NA,NA,18.6,0.3,607,NA,NA,NA,NA,10,Regular,488311,489431,1120,1120,3.440177408,3.440177408,1,NA,NA,Aquatic Insects,34,Family,Chironomidae,Chironomidae,Adults,10,2.907,2.907,NA,NA,NA,NA,NA,NA,NA,NA,NA,NA,NA   NA   NA   NA,NA   NA   NA   NA
STTD_2005-03-09 13:15:00,3/9/2005 13:15,STTD,2005,A,FALSE,CLR,NA,NA,18.6,0.3,607,NA,NA,NA,NA,10,Regular,488311,489431,1120,1120,3.440177408,3.440177408,1,NA,NA,Aquatic Non-Insects,10,Family,Crangonyctidae,Crangonyctidae,NotDetermined,2,0.581,0.581,NA,NA,NA,NA,NA,NA,NA,NA,NA,NA,NA   NA   NA   NA,NA   NA   NA   NA
STTD_2005-03-09 13:15:00,3/9/2005 13:15,STTD,2005,A,FALSE,CLR,NA,NA,18.6,0.3,607,NA,NA,NA,NA,10,Regular,488311,489431,1120,1120,3.440177408,3.440177408,1,NA,NA,Terrestrial Insects,71,Order,Hemiptera,Hemiptera,Larvae,1,0.291,0.291,NA,NA,NA,NA,NA,NA,NA,NA,NA,NA,NA   NA   NA   NA,NA   NA   NA   NA
STTD_2005-03-09 13:15:00,3/9/2005 13:15,STTD,2005,A,FALSE,CLR,NA,NA,18.6,0.3,607,NA,NA,NA,NA,10,Regular,488311,489431,1120,1120,3.440177408,3.440177408,1,NA,NA,Terrestrial Non-Insects,68,Order,Collembola,Collembola,NotDetermined,2,0.581,0.581,NA,NA,NA,NA,NA,NA,NA,NA,NA,NA,NA   NA   NA   NA,NA   NA   NA   NA
STTD_2005-03-09 13:15:00,3/9/2005 13:15,STTD,2005,A,FALSE,CLR,NA,NA,18.6,0.3,607,NA,NA,NA,NA,10,Regular,488311,489431,1120,1120,3.440177408,3.440177408,1,NA,NA,Terrestrial Insects,66,Order,Hymenoptera,Hymenoptera,Adults,1,0.291,0.291,NA,NA,NA,NA,NA,NA,NA,NA,NA,NA,NA   NA   NA   NA,NA   NA   NA   NA
STTD_2005-03-09 13:15:00,3/9/2005 13:15,STTD,2005,A,FALSE,CLR,NA,NA,18.6,0.3,607,NA,NA,NA,NA,10,Regular,488311,489431,1120,1120,3.440177408,3.440177408,1,NA,NA,Terrestrial Non-Insects,58,Suborder,Araneida,Araneida,NotDetermined,1,0.291,0.291,NA,NA,NA,NA,NA,NA,NA,NA,NA,NA,NA   NA   NA   NA,NA   NA   NA   NA
SHR_2005-03-22 10:50:00,3/22/2005 10:50,SHR,2005,A,FALSE,RAN,NA,NA,12.6,0.8,170,NA,NA,NA,NA,10,Low,485229,488294,3065,3065,20.16498618,20.16498618,NA,NA,NA,Aquatic Insects,34,Family,Chironomidae,Chironomidae,Larvae,2,0.099,0.099,NA,NA,NA,NA,NA,NA,NA,NA,NA,NA,NA   NA   NA   NA,NA   NA   NA   NA
SHR_2005-03-22 10:50:00,3/22/2005 10:50,SHR,2005,A,FALSE,RAN,NA,NA,12.6,0.8,170,NA,NA,NA,NA,10,Low,485229,488294,3065,3065,20.16498618,20.16498618,NA,NA,NA,Aquatic Insects,34,Family,Chironomidae,Chironomidae,Pupae,1,0.05,0.05,NA,NA,NA,NA,NA,NA,NA,NA,NA,NA,NA   NA   NA   NA,NA   NA   NA   NA
SHR_2005-03-22 10:50:00,3/22/2005 10:50,SHR,2005,A,FALSE,RAN,NA,NA,12.6,0.8,170,NA,NA,NA,NA,10,Low,485229,488294,3065,3065,20.16498618,20.16498618,NA,NA,NA,Aquatic Non-Insects,4,Family,Naididae,Naididae,NotDetermined,1,0.05,0.05,NA,NA,NA,NA,NA,NA,NA,NA,NA,NA,NA   NA   NA   NA,NA   NA   NA   NA
SHR_2005-03-22 10:50:00,3/22/2005 10:50,SHR,2005,A,FALSE,RAN,NA,NA,12.6,0.8,170,NA,NA,NA,NA,10,Low,485229,488294,3065,3065,20.16498618,20.16498618,NA,NA,NA,Aquatic Non-Insects,19,Family,Corbiculidae,Corbiculidae,NotDetermined,1,0.05,0.05,NA,NA,NA,NA,NA,NA,NA,NA,NA,NA,NA   NA   NA   NA,NA   NA   NA   NA
SHR_2005-03-22 10:50:00,3/22/2005 10:50,SHR,2005,A,FALSE,RAN,NA,NA,12.6,0.8,170,NA,NA,NA,NA,10,Low,485229,488294,3065,3065,20.16498618,20.16498618,NA,NA,NA,Aquatic Non-Insects,18,Family,Hydridae,Hydridae,NotDetermined,2,0.099,0.099,NA,NA,NA,NA,NA,NA,NA,NA,NA,NA,NA   NA   NA   NA,NA   NA   NA   NA
SHR_2005-03-22 10:50:00,3/22/2005 10:50,SHR,2005,A,FALSE,RAN,NA,NA,12.6,0.8,170,NA,NA,NA,NA,10,Low,485229,488294,3065,3065,20.16498618,20.16498618,NA,NA,NA,Terrestrial Insects,64,Order,Diptera,Diptera,Adults,1,0.05,0.05,NA,NA,NA,NA,NA,NA,NA,NA,NA,NA,NA   NA   NA   NA,NA   NA   NA   NA
STTD_2005-03-23 15:00:00,3/23/2005 15:00,STTD,2005,A,FALSE,CLD,NA,NA,13,0.09,492,NA,NA,NA,NA,10,Regular,504968,509998,5030,5030,15.45008247,15.45008247,1,NA,NA,Aquatic Insects,44,Family,Corixidae,Corixidae,Adults,7,0.453,0.453,NA,NA,NA,NA,NA,NA,NA,NA,NA,NA,NA   NA   NA   NA,NA   NA   NA   NA
STTD_2005-03-23 15:00:00,3/23/2005 15:00,STTD,2005,A,FALSE,CLD,NA,NA,13,0.09,492,NA,NA,NA,NA,10,Regular,504968,509998,5030,5030,15.45008247,15.45008247,1,NA,NA,Aquatic Insects,34,Family,Chironomidae,Chironomidae,Larvae,1,0.065,0.065,NA,NA,NA,NA,NA,NA,NA,NA,NA,NA,NA   NA   NA   NA,NA   NA   NA   NA
STTD_2005-03-23 15:00:00,3/23/2005 15:00,STTD,2005,A,FALSE,CLD,NA,NA,13,0.09,492,NA,NA,NA,NA,10,Regular,504968,509998,5030,5030,15.45008247,15.45008247,1,NA,NA,Aquatic Insects,34,Family,Chironomidae,Chironomidae,Pupae,2,0.129,0.129,NA,NA,NA,NA,NA,NA,NA,NA,NA,NA,NA   NA   NA   NA,NA   NA   NA   NA
STTD_2005-03-23 15:00:00,3/23/2005 15:00,STTD,2005,A,FALSE,CLD,NA,NA,13,0.09,492,NA,NA,NA,NA,10,Regular,504968,509998,5030,5030,15.45008247,15.45008247,1,NA,NA,Aquatic Insects,34,Family,Chironomidae,Chironomidae,Adults,1,0.065,0.065,NA,NA,NA,NA,NA,NA,NA,NA,NA,NA,NA   NA   NA   NA,NA   NA   NA   NA
STTD_2005-03-23 15:00:00,3/23/2005 15:00,STTD,2005,A,FALSE,CLD,NA,NA,13,0.09,492,NA,NA,NA,NA,10,Regular,504968,509998,5030,5030,15.45008247,15.45008247,1,NA,NA,Aquatic Non-Insects,20,Family,Physidae,Physidae,NotDetermined,1,0.065,0.065,NA,NA,NA,NA,NA,NA,NA,NA,NA,NA,NA   NA   NA   NA,NA   NA   NA   NA
STTD_2005-03-23 15:00:00,3/23/2005 15:00,STTD,2005,A,FALSE,CLD,NA,NA,13,0.09,492,NA,NA,NA,NA,10,Regular,504968,509998,5030,5030,15.45008247,15.45008247,1,NA,NA,Aquatic Non-Insects,9,Family,Corophiidae,Corophiidae,NotDetermined,5,0.324,0.324,NA,NA,NA,NA,NA,NA,NA,NA,NA,NA,NA   NA   NA   NA,NA   NA   NA   NA
STTD_2005-03-23 15:00:00,3/23/2005 15:00,STTD,2005,A,FALSE,CLD,NA,NA,13,0.09,492,NA,NA,NA,NA,10,Regular,504968,509998,5030,5030,15.45008247,15.45008247,1,NA,NA,Terrestrial Insects,64,Order,Diptera,Diptera,Larvae,1,0.065,0.065,NA,NA,NA,NA,NA,NA,NA,NA,NA,NA,NA   NA   NA   NA,NA   NA   NA   NA
STTD_2005-03-23 15:00:00,3/23/2005 15:00,STTD,2005,A,FALSE,CLD,NA,NA,13,0.09,492,NA,NA,NA,NA,10,Regular,504968,509998,5030,5030,15.45008247,15.45008247,1,NA,NA,Terrestrial Insects,64,Order,Diptera,Diptera,Adults,3,0.194,0.194,NA,NA,NA,NA,NA,NA,NA,NA,NA,NA,NA   NA   NA   NA,NA   NA   NA   NA
STTD_2005-03-23 15:00:00,3/23/2005 15:00,STTD,2005,A,FALSE,CLD,NA,NA,13,0.09,492,NA,NA,NA,NA,10,Regular,504968,509998,5030,5030,15.45008247,15.45008247,1,NA,NA,Terrestrial Non-Insects,68,Order,Collembola,Collembola,NotDetermined,40,2.589,2.589,NA,NA,NA,NA,NA,NA,NA,NA,NA,NA,NA   NA   NA   NA,NA   NA   NA   NA
STTD_2005-03-29 11:35:00,3/29/2005 11:35,STTD,2005,A,FALSE,RAN,NA,NA,14.4,0.22,389,NA,NA,NA,NA,10,Regular,510036,528030,17994,17994,55.27013597,55.27013597,1,NA,NA,Aquatic Insects,46,Family,Coenagrionidae,Coenagrionidae,Larvae,1,0.018,0.018,NA,NA,NA,NA,NA,NA,NA,NA,NA,NA,NA   NA   NA   NA,NA   NA   NA   NA
STTD_2005-03-29 11:35:00,3/29/2005 11:35,STTD,2005,A,FALSE,RAN,NA,NA,14.4,0.22,389,NA,NA,NA,NA,10,Regular,510036,528030,17994,17994,55.27013597,55.27013597,1,NA,NA,Aquatic Insects,44,Family,Corixidae,Corixidae,Larvae,88,1.592,1.592,NA,NA,NA,NA,NA,NA,NA,NA,NA,NA,NA   NA   NA   NA,NA   NA   NA   NA
STTD_2005-03-29 11:35:00,3/29/2005 11:35,STTD,2005,A,FALSE,RAN,NA,NA,14.4,0.22,389,NA,NA,NA,NA,10,Regular,510036,528030,17994,17994,55.27013597,55.27013597,1,NA,NA,Aquatic Insects,44,Family,Corixidae,Corixidae,Adults,2,0.036,0.036,NA,NA,NA,NA,NA,NA,NA,NA,NA,NA,NA   NA   NA   NA,NA   NA   NA   NA
STTD_2005-03-29 11:35:00,3/29/2005 11:35,STTD,2005,A,FALSE,RAN,NA,NA,14.4,0.22,389,NA,NA,NA,NA,10,Regular,510036,528030,17994,17994,55.27013597,55.27013597,1,NA,NA,Aquatic Insects,45,Family,Notonectidae,Notonectidae,Larvae,4,0.072,0.072,NA,NA,NA,NA,NA,NA,NA,NA,NA,NA,NA   NA   NA   NA,NA   NA   NA   NA
STTD_2005-03-29 11:35:00,3/29/2005 11:35,STTD,2005,A,FALSE,RAN,NA,NA,14.4,0.22,389,NA,NA,NA,NA,10,Regular,510036,528030,17994,17994,55.27013597,55.27013597,1,NA,NA,Aquatic Insects,30,Family,Dytiscidae,Dytiscidae,Adults,22,0.398,0.398,NA,NA,NA,NA,NA,NA,NA,NA,NA,NA,NA   NA   NA   NA,NA   NA   NA   NA
STTD_2005-03-29 11:35:00,3/29/2005 11:35,STTD,2005,A,FALSE,RAN,NA,NA,14.4,0.22,389,NA,NA,NA,NA,10,Regular,510036,528030,17994,17994,55.27013597,55.27013597,1,NA,NA,Aquatic Insects,81,Family,Hydrophilidae,Hydrophilidae,Larvae,8,0.145,0.145,NA,NA,NA,NA,NA,NA,NA,NA,NA,NA,NA   NA   NA   NA,NA   NA   NA   NA
STTD_2005-03-29 11:35:00,3/29/2005 11:35,STTD,2005,A,FALSE,RAN,NA,NA,14.4,0.22,389,NA,NA,NA,NA,10,Regular,510036,528030,17994,17994,55.27013597,55.27013597,1,NA,NA,Aquatic Insects,81,Family,Hydrophilidae,Hydrophilidae,Adults,2,0.036,0.036,NA,NA,NA,NA,NA,NA,NA,NA,NA,NA,NA   NA   NA   NA,NA   NA   NA   NA
STTD_2005-03-29 11:35:00,3/29/2005 11:35,STTD,2005,A,FALSE,RAN,NA,NA,14.4,0.22,389,NA,NA,NA,NA,10,Regular,510036,528030,17994,17994,55.27013597,55.27013597,1,NA,NA,Aquatic Insects,34,Family,Chironomidae,Chironomidae,Larvae,15,0.271,0.271,NA,NA,NA,NA,NA,NA,NA,NA,NA,NA,NA   NA   NA   NA,NA   NA   NA   NA
STTD_2005-03-29 11:35:00,3/29/2005 11:35,STTD,2005,A,FALSE,RAN,NA,NA,14.4,0.22,389,NA,NA,NA,NA,10,Regular,510036,528030,17994,17994,55.27013597,55.27013597,1,NA,NA,Aquatic Insects,34,Family,Chironomidae,Chironomidae,Pupae,1,0.018,0.018,NA,NA,NA,NA,NA,NA,NA,NA,NA,NA,NA   NA   NA   NA,NA   NA   NA   NA
STTD_2005-03-29 11:35:00,3/29/2005 11:35,STTD,2005,A,FALSE,RAN,NA,NA,14.4,0.22,389,NA,NA,NA,NA,10,Regular,510036,528030,17994,17994,55.27013597,55.27013597,1,NA,NA,Aquatic Insects,34,Family,Chironomidae,Chironomidae,Adults,12,0.217,0.217,NA,NA,NA,NA,NA,NA,NA,NA,NA,NA,NA   NA   NA   NA,NA   NA   NA   NA
STTD_2005-03-29 11:35:00,3/29/2005 11:35,STTD,2005,A,FALSE,RAN,NA,NA,14.4,0.22,389,NA,NA,NA,NA,10,Regular,510036,528030,17994,17994,55.27013597,55.27013597,1,NA,NA,Aquatic Insects,32,Family,Ceratopogonidae,Ceratopogonidae,Pupae,1,0.018,0.018,NA,NA,NA,NA,NA,NA,NA,NA,NA,NA,NA   NA   NA   NA,NA   NA   NA   NA
STTD_2005-03-29 11:35:00,3/29/2005 11:35,STTD,2005,A,FALSE,RAN,NA,NA,14.4,0.22,389,NA,NA,NA,NA,10,Regular,510036,528030,17994,17994,55.27013597,55.27013597,1,NA,NA,Aquatic Insects,36,Family,Ephydridae,Ephydridae,Larvae,14,0.253,0.253,NA,NA,NA,NA,NA,NA,NA,NA,NA,NA,NA   NA   NA   NA,NA   NA   NA   NA
STTD_2005-03-29 11:35:00,3/29/2005 11:35,STTD,2005,A,FALSE,RAN,NA,NA,14.4,0.22,389,NA,NA,NA,NA,10,Regular,510036,528030,17994,17994,55.27013597,55.27013597,1,NA,NA,Aquatic Insects,36,Family,Ephydridae,Ephydridae,Pupae,63,1.14,1.14,NA,NA,NA,NA,NA,NA,NA,NA,NA,NA,NA   NA   NA   NA,NA   NA   NA   NA
STTD_2005-03-29 11:35:00,3/29/2005 11:35,STTD,2005,A,FALSE,RAN,NA,NA,14.4,0.22,389,NA,NA,NA,NA,10,Regular,510036,528030,17994,17994,55.27013597,55.27013597,1,NA,NA,Aquatic Insects,39,Family,Tipulidae,Tipulidae,Larvae,1,0.018,0.018,NA,NA,NA,NA,NA,NA,NA,NA,NA,NA,NA   NA   NA   NA,NA   NA   NA   NA
STTD_2005-03-29 11:35:00,3/29/2005 11:35,STTD,2005,A,FALSE,RAN,NA,NA,14.4,0.22,389,NA,NA,NA,NA,10,Regular,510036,528030,17994,17994,55.27013597,55.27013597,1,NA,NA,Aquatic Non-Insects,2,Family,Enchytraeidae,Enchytraeidae,NotDetermined,54,0.977,0.977,NA,NA,NA,NA,NA,NA,NA,NA,NA,NA,NA   NA   NA   NA,NA   NA   NA   NA
STTD_2005-03-29 11:35:00,3/29/2005 11:35,STTD,2005,A,FALSE,RAN,NA,NA,14.4,0.22,389,NA,NA,NA,NA,10,Regular,510036,528030,17994,17994,55.27013597,55.27013597,1,NA,NA,Aquatic Non-Insects,3,Suborder,Lumbricina,Lumbricina,NotDetermined,1,0.018,0.018,NA,NA,NA,NA,NA,NA,NA,NA,NA,NA,NA   NA   NA   NA,NA   NA   NA   NA
STTD_2005-03-29 11:35:00,3/29/2005 11:35,STTD,2005,A,FALSE,RAN,NA,NA,14.4,0.22,389,NA,NA,NA,NA,10,Regular,510036,528030,17994,17994,55.27013597,55.27013597,1,NA,NA,Aquatic Non-Insects,4,Family,Naididae,Naididae,NotDetermined,2,0.036,0.036,NA,NA,NA,NA,NA,NA,NA,NA,NA,NA,NA   NA   NA   NA,NA   NA   NA   NA
STTD_2005-03-29 11:35:00,3/29/2005 11:35,STTD,2005,A,FALSE,RAN,NA,NA,14.4,0.22,389,NA,NA,NA,NA,10,Regular,510036,528030,17994,17994,55.27013597,55.27013597,1,NA,NA,Aquatic Non-Insects,106,Family,Lymnaeidae,Lymnaeidae,NotDetermined,2,0.036,0.036,NA,NA,NA,NA,NA,NA,NA,NA,NA,NA,NA   NA   NA   NA,NA   NA   NA   NA
STTD_2005-03-29 11:35:00,3/29/2005 11:35,STTD,2005,A,FALSE,RAN,NA,NA,14.4,0.22,389,NA,NA,NA,NA,10,Regular,510036,528030,17994,17994,55.27013597,55.27013597,1,NA,NA,Aquatic Non-Insects,20,Family,Physidae,Physidae,NotDetermined,66,1.194,1.194,NA,NA,NA,NA,NA,NA,NA,NA,NA,NA,NA   NA   NA   NA,NA   NA   NA   NA
STTD_2005-03-29 11:35:00,3/29/2005 11:35,STTD,2005,A,FALSE,RAN,NA,NA,14.4,0.22,389,NA,NA,NA,NA,10,Regular,510036,528030,17994,17994,55.27013597,55.27013597,1,NA,NA,Aquatic Non-Insects,9,Family,Corophiidae,Corophiidae,NotDetermined,10,0.181,0.181,NA,NA,NA,NA,NA,NA,NA,NA,NA,NA,NA   NA   NA   NA,NA   NA   NA   NA
STTD_2005-03-29 11:35:00,3/29/2005 11:35,STTD,2005,A,FALSE,RAN,NA,NA,14.4,0.22,389,NA,NA,NA,NA,10,Regular,510036,528030,17994,17994,55.27013597,55.27013597,1,NA,NA,Aquatic Non-Insects,10,Family,Crangonyctidae,Crangonyctidae,NotDetermined,1,0.018,0.018,NA,NA,NA,NA,NA,NA,NA,NA,NA,NA,NA   NA   NA   NA,NA   NA   NA   NA
STTD_2005-03-29 11:35:00,3/29/2005 11:35,STTD,2005,A,FALSE,RAN,NA,NA,14.4,0.22,389,NA,NA,NA,NA,10,Regular,510036,528030,17994,17994,55.27013597,55.27013597,1,NA,NA,Terrestrial Non-Insects,57,Subclass,Acari,Acari,NotDetermined,4,0.072,0.072,NA,NA,NA,NA,NA,NA,NA,NA,NA,NA,NA   NA   NA   NA,NA   NA   NA   NA
STTD_2005-03-29 11:35:00,3/29/2005 11:35,STTD,2005,A,FALSE,RAN,NA,NA,14.4,0.22,389,NA,NA,NA,NA,10,Regular,510036,528030,17994,17994,55.27013597,55.27013597,1,NA,NA,Terrestrial Insects,71,Order,Hemiptera,Hemiptera,Larvae,17,0.308,0.308,NA,NA,NA,NA,NA,NA,NA,NA,NA,NA,NA   NA   NA   NA,NA   NA   NA   NA
STTD_2005-03-29 11:35:00,3/29/2005 11:35,STTD,2005,A,FALSE,RAN,NA,NA,14.4,0.22,389,NA,NA,NA,NA,10,Regular,510036,528030,17994,17994,55.27013597,55.27013597,1,NA,NA,Terrestrial Insects,71,Order,Hemiptera,Hemiptera,Adults,13,0.235,0.235,NA,NA,NA,NA,NA,NA,NA,NA,NA,NA,NA   NA   NA   NA,NA   NA   NA   NA
STTD_2005-03-29 11:35:00,3/29/2005 11:35,STTD,2005,A,FALSE,RAN,NA,NA,14.4,0.22,389,NA,NA,NA,NA,10,Regular,510036,528030,17994,17994,55.27013597,55.27013597,1,NA,NA,Terrestrial Insects,63,Order,Coleoptera,Coleoptera,Larvae,2,0.036,0.036,NA,NA,NA,NA,NA,NA,NA,NA,NA,NA,NA   NA   NA   NA,NA   NA   NA   NA
STTD_2005-03-29 11:35:00,3/29/2005 11:35,STTD,2005,A,FALSE,RAN,NA,NA,14.4,0.22,389,NA,NA,NA,NA,10,Regular,510036,528030,17994,17994,55.27013597,55.27013597,1,NA,NA,Terrestrial Insects,63,Order,Coleoptera,Coleoptera,Adults,23,0.416,0.416,NA,NA,NA,NA,NA,NA,NA,NA,NA,NA,NA   NA   NA   NA,NA   NA   NA   NA
STTD_2005-03-29 11:35:00,3/29/2005 11:35,STTD,2005,A,FALSE,RAN,NA,NA,14.4,0.22,389,NA,NA,NA,NA,10,Regular,510036,528030,17994,17994,55.27013597,55.27013597,1,NA,NA,Terrestrial Insects,64,Order,Diptera,Diptera,Adults,4,0.072,0.072,NA,NA,NA,NA,NA,NA,NA,NA,NA,NA,NA   NA   NA   NA,NA   NA   NA   NA
STTD_2005-03-29 11:35:00,3/29/2005 11:35,STTD,2005,A,FALSE,RAN,NA,NA,14.4,0.22,389,NA,NA,NA,NA,10,Regular,510036,528030,17994,17994,55.27013597,55.27013597,1,NA,NA,Terrestrial Insects,73,Order,Lepidoptera,Lepidoptera,Larvae,3,0.054,0.054,NA,NA,NA,NA,NA,NA,NA,NA,NA,NA,NA   NA   NA   NA,NA   NA   NA   NA
STTD_2005-03-29 11:35:00,3/29/2005 11:35,STTD,2005,A,FALSE,RAN,NA,NA,14.4,0.22,389,NA,NA,NA,NA,10,Regular,510036,528030,17994,17994,55.27013597,55.27013597,1,NA,NA,Terrestrial Insects,73,Order,Lepidoptera,Lepidoptera,Pupae,1,0.018,0.018,NA,NA,NA,NA,NA,NA,NA,NA,NA,NA,NA   NA   NA   NA,NA   NA   NA   NA
STTD_2005-03-29 11:35:00,3/29/2005 11:35,STTD,2005,A,FALSE,RAN,NA,NA,14.4,0.22,389,NA,NA,NA,NA,10,Regular,510036,528030,17994,17994,55.27013597,55.27013597,1,NA,NA,Terrestrial Insects,66,Order,Hymenoptera,Hymenoptera,Adults,2,0.036,0.036,NA,NA,NA,NA,NA,NA,NA,NA,NA,NA,NA   NA   NA   NA,NA   NA   NA   NA
STTD_2005-03-29 11:35:00,3/29/2005 11:35,STTD,2005,A,FALSE,RAN,NA,NA,14.4,0.22,389,NA,NA,NA,NA,10,Regular,510036,528030,17994,17994,55.27013597,55.27013597,1,NA,NA,Terrestrial Non-Insects,58,Suborder,Araneida,Araneida,NotDetermined,4,0.072,0.072,NA,NA,NA,NA,NA,NA,NA,NA,NA,NA,NA   NA   NA   NA,NA   NA   NA   NA
STTD_2005-03-29 11:35:00,3/29/2005 11:35,STTD,2005,A,FALSE,RAN,NA,NA,14.4,0.22,389,NA,NA,NA,NA,10,Regular,510036,528030,17994,17994,55.27013597,55.27013597,1,NA,NA,Terrestrial Non-Insects,59,Order,Geophilomorpha,Geophilomorpha,NotDetermined,8,0.145,0.145,NA,NA,NA,NA,NA,NA,NA,NA,NA,NA,NA   NA   NA   NA,NA   NA   NA   NA
STTD_2005-03-29 11:35:00,3/29/2005 11:35,STTD,2005,A,FALSE,RAN,NA,NA,14.4,0.22,389,NA,NA,NA,NA,10,Regular,510036,528030,17994,17994,55.27013597,55.27013597,1,NA,NA,Terrestrial Non-Insects,126,Class,Gastropoda,Gastropoda,NotDetermined,1,0.018,0.018,NA,NA,NA,NA,NA,NA,NA,NA,NA,NA,NA   NA   NA   NA,NA   NA   NA   NA
SHR_2005-03-29 15:50:00,3/29/2005 15:50,SHR,2005,A,FALSE,CLR,NA,NA,13.3,0.29,142,NA,NA,NA,NA,10,Regular,538482,540000,1518,1518,4.662669023,4.662669023,NA,Flowmeter not spinning the entire time,NA,Aquatic Insects,41,Family,Baetidae,Baetidae,Larvae,3,0.643,0.643,NA,NA,3,SAMP,NA,NA,NA,NA,NA,NA,3   NA   NA   NA,SAMP   NA   NA   NA
SHR_2005-03-29 15:50:00,3/29/2005 15:50,SHR,2005,A,FALSE,CLR,NA,NA,13.3,0.29,142,NA,NA,NA,NA,10,Regular,538482,540000,1518,1518,4.662669023,4.662669023,NA,Flowmeter not spinning the entire time,NA,Aquatic Insects,44,Family,Corixidae,Corixidae,Larvae,3,0.643,0.643,NA,NA,3,SAMP,NA,NA,NA,NA,NA,NA,3   NA   NA   NA,SAMP   NA   NA   NA
SHR_2005-03-29 15:50:00,3/29/2005 15:50,SHR,2005,A,FALSE,CLR,NA,NA,13.3,0.29,142,NA,NA,NA,NA,10,Regular,538482,540000,1518,1518,4.662669023,4.662669023,NA,Flowmeter not spinning the entire time,NA,Aquatic Insects,34,Family,Chironomidae,Chironomidae,Larvae,3,0.643,0.643,NA,NA,3,SAMP,NA,NA,NA,NA,NA,NA,3   NA   NA   NA,SAMP   NA   NA   NA
SHR_2005-03-29 15:50:00,3/29/2005 15:50,SHR,2005,A,FALSE,CLR,NA,NA,13.3,0.29,142,NA,NA,NA,NA,10,Regular,538482,540000,1518,1518,4.662669023,4.662669023,NA,Flowmeter not spinning the entire time,NA,Aquatic Insects,34,Family,Chironomidae,Chironomidae,Adults,17,3.646,3.646,NA,NA,3,SAMP,NA,NA,NA,NA,NA,NA,3   NA   NA   NA,SAMP   NA   NA   NA
SHR_2005-03-29 15:50:00,3/29/2005 15:50,SHR,2005,A,FALSE,CLR,NA,NA,13.3,0.29,142,NA,NA,NA,NA,10,Regular,538482,540000,1518,1518,4.662669023,4.662669023,NA,Flowmeter not spinning the entire time,NA,Aquatic Insects,54,Family,Sciomyzidae,Sciomyzidae,Larvae,1,0.214,0.214,NA,NA,3,SAMP,NA,NA,NA,NA,NA,NA,3   NA   NA   NA,SAMP   NA   NA   NA
SHR_2005-03-29 15:50:00,3/29/2005 15:50,SHR,2005,A,FALSE,CLR,NA,NA,13.3,0.29,142,NA,NA,NA,NA,10,Regular,538482,540000,1518,1518,4.662669023,4.662669023,NA,Flowmeter not spinning the entire time,NA,Aquatic Insects,38,Family,Simuliidae,Simuliidae,Larvae,1,0.214,0.214,NA,NA,3,SAMP,NA,NA,NA,NA,NA,NA,3   NA   NA   NA,SAMP   NA   NA   NA
SHR_2005-03-29 15:50:00,3/29/2005 15:50,SHR,2005,A,FALSE,CLR,NA,NA,13.3,0.29,142,NA,NA,NA,NA,10,Regular,538482,540000,1518,1518,4.662669023,4.662669023,NA,Flowmeter not spinning the entire time,NA,Aquatic Non-Insects,4,Family,Naididae,Naididae,NotDetermined,1,0.214,0.214,NA,NA,3,SAMP,NA,NA,NA,NA,NA,NA,3   NA   NA   NA,SAMP   NA   NA   NA
SHR_2005-03-29 15:50:00,3/29/2005 15:50,SHR,2005,A,FALSE,CLR,NA,NA,13.3,0.29,142,NA,NA,NA,NA,10,Regular,538482,540000,1518,1518,4.662669023,4.662669023,NA,Flowmeter not spinning the entire time,NA,Aquatic Non-Insects,20,Family,Physidae,Physidae,NotDetermined,30,6.434,6.434,NA,NA,3,SAMP,NA,NA,NA,NA,NA,NA,3   NA   NA   NA,SAMP   NA   NA   NA
SHR_2005-03-29 15:50:00,3/29/2005 15:50,SHR,2005,A,FALSE,CLR,NA,NA,13.3,0.29,142,NA,NA,NA,NA,10,Regular,538482,540000,1518,1518,4.662669023,4.662669023,NA,Flowmeter not spinning the entire time,NA,Terrestrial Non-Insects,57,Subclass,Acari,Acari,NotDetermined,1,0.214,0.214,NA,NA,3,SAMP,NA,NA,NA,NA,NA,NA,3   NA   NA   NA,SAMP   NA   NA   NA
SHR_2005-03-29 15:50:00,3/29/2005 15:50,SHR,2005,A,FALSE,CLR,NA,NA,13.3,0.29,142,NA,NA,NA,NA,10,Regular,538482,540000,1518,1518,4.662669023,4.662669023,NA,Flowmeter not spinning the entire time,NA,Aquatic Non-Insects,28,Family,Lebertiidae,Lebertiidae,NotDetermined,1,0.214,0.214,NA,NA,3,SAMP,NA,NA,NA,NA,NA,NA,3   NA   NA   NA,SAMP   NA   NA   NA
SHR_2005-03-29 15:50:00,3/29/2005 15:50,SHR,2005,A,FALSE,CLR,NA,NA,13.3,0.29,142,NA,NA,NA,NA,10,Regular,538482,540000,1518,1518,4.662669023,4.662669023,NA,Flowmeter not spinning the entire time,NA,Aquatic Non-Insects,120,Family,Lebertiidae,Lebertiidae,NotDetermined,1,0.214,0.214,NA,NA,3,SAMP,NA,NA,NA,NA,NA,NA,3   NA   NA   NA,SAMP   NA   NA   NA
SHR_2005-03-29 15:50:00,3/29/2005 15:50,SHR,2005,A,FALSE,CLR,NA,NA,13.3,0.29,142,NA,NA,NA,NA,10,Regular,538482,540000,1518,1518,4.662669023,4.662669023,NA,Flowmeter not spinning the entire time,NA,Aquatic Non-Insects,29,Family,Sperchontidae,Sperchontidae,NotDetermined,1,0.214,0.214,NA,NA,3,SAMP,NA,NA,NA,NA,NA,NA,3   NA   NA   NA,SAMP   NA   NA   NA
SHR_2005-03-29 15:50:00,3/29/2005 15:50,SHR,2005,A,FALSE,CLR,NA,NA,13.3,0.29,142,NA,NA,NA,NA,10,Regular,538482,540000,1518,1518,4.662669023,4.662669023,NA,Flowmeter not spinning the entire time,NA,Aquatic Non-Insects,146,Family,Sperchontidae,Sperchontidae,NotDetermined,1,0.214,0.214,NA,NA,3,SAMP,NA,NA,NA,NA,NA,NA,3   NA   NA   NA,SAMP   NA   NA   NA
SHR_2005-03-29 15:50:00,3/29/2005 15:50,SHR,2005,A,FALSE,CLR,NA,NA,13.3,0.29,142,NA,NA,NA,NA,10,Regular,538482,540000,1518,1518,4.662669023,4.662669023,NA,Flowmeter not spinning the entire time,NA,Terrestrial Insects,71,Order,Hemiptera,Hemiptera,Larvae,2,0.429,0.429,NA,NA,3,SAMP,NA,NA,NA,NA,NA,NA,3   NA   NA   NA,SAMP   NA   NA   NA
SHR_2005-03-29 15:50:00,3/29/2005 15:50,SHR,2005,A,FALSE,CLR,NA,NA,13.3,0.29,142,NA,NA,NA,NA,10,Regular,538482,540000,1518,1518,4.662669023,4.662669023,NA,Flowmeter not spinning the entire time,NA,Terrestrial Insects,63,Order,Coleoptera,Coleoptera,Larvae,2,0.429,0.429,NA,NA,3,SAMP,NA,NA,NA,NA,NA,NA,3   NA   NA   NA,SAMP   NA   NA   NA
SHR_2005-03-29 15:50:00,3/29/2005 15:50,SHR,2005,A,FALSE,CLR,NA,NA,13.3,0.29,142,NA,NA,NA,NA,10,Regular,538482,540000,1518,1518,4.662669023,4.662669023,NA,Flowmeter not spinning the entire time,NA,Terrestrial Insects,63,Order,Coleoptera,Coleoptera,Adults,3,0.643,0.643,NA,NA,3,SAMP,NA,NA,NA,NA,NA,NA,3   NA   NA   NA,SAMP   NA   NA   NA
SHR_2005-03-29 15:50:00,3/29/2005 15:50,SHR,2005,A,FALSE,CLR,NA,NA,13.3,0.29,142,NA,NA,NA,NA,10,Regular,538482,540000,1518,1518,4.662669023,4.662669023,NA,Flowmeter not spinning the entire time,NA,Terrestrial Insects,64,Order,Diptera,Diptera,Adults,5,1.072,1.072,NA,NA,3,SAMP,NA,NA,NA,NA,NA,NA,3   NA   NA   NA,SAMP   NA   NA   NA
SHR_2005-03-29 15:50:00,3/29/2005 15:50,SHR,2005,A,FALSE,CLR,NA,NA,13.3,0.29,142,NA,NA,NA,NA,10,Regular,538482,540000,1518,1518,4.662669023,4.662669023,NA,Flowmeter not spinning the entire time,NA,Terrestrial Non-Insects,68,Order,Collembola,Collembola,NotDetermined,5,1.072,1.072,NA,NA,3,SAMP,NA,NA,NA,NA,NA,NA,3   NA   NA   NA,SAMP   NA   NA   NA
SHR_2005-03-29 15:50:00,3/29/2005 15:50,SHR,2005,A,FALSE,CLR,NA,NA,13.3,0.29,142,NA,NA,NA,NA,10,Regular,538482,540000,1518,1518,4.662669023,4.662669023,NA,Flowmeter not spinning the entire time,NA,Terrestrial Insects,66,Order,Hymenoptera,Hymenoptera,Larvae,1,0.214,0.214,NA,NA,3,SAMP,NA,NA,NA,NA,NA,NA,3   NA   NA   NA,SAMP   NA   NA   NA
SHR_2005-04-04 10:22:00,4/4/2005 10:22,SHR,2005,A,FALSE,CLR,NA,NA,13.6,0.42,139,NA,NA,NA,NA,10,Regular,540000,541995,1995,1995,6.127816008,6.127816008,NA,NA,NA,Aquatic Insects,34,Family,Chironomidae,Chironomidae,Larvae,6,0.979,0.979,NA,NA,NA,NA,NA,NA,NA,NA,NA,NA,NA   NA   NA   NA,NA   NA   NA   NA
SHR_2005-04-04 10:22:00,4/4/2005 10:22,SHR,2005,A,FALSE,CLR,NA,NA,13.6,0.42,139,NA,NA,NA,NA,10,Regular,540000,541995,1995,1995,6.127816008,6.127816008,NA,NA,NA,Aquatic Insects,34,Family,Chironomidae,Chironomidae,Pupae,1,0.163,0.163,NA,NA,NA,NA,NA,NA,NA,NA,NA,NA,NA   NA   NA   NA,NA   NA   NA   NA
SHR_2005-04-04 10:22:00,4/4/2005 10:22,SHR,2005,A,FALSE,CLR,NA,NA,13.6,0.42,139,NA,NA,NA,NA,10,Regular,540000,541995,1995,1995,6.127816008,6.127816008,NA,NA,NA,Aquatic Insects,34,Family,Chironomidae,Chironomidae,Adults,3,0.49,0.49,NA,NA,NA,NA,NA,NA,NA,NA,NA,NA,NA   NA   NA   NA,NA   NA   NA   NA
SHR_2005-04-04 10:22:00,4/4/2005 10:22,SHR,2005,A,FALSE,CLR,NA,NA,13.6,0.42,139,NA,NA,NA,NA,10,Regular,540000,541995,1995,1995,6.127816008,6.127816008,NA,NA,NA,Aquatic Non-Insects,4,Family,Naididae,Naididae,NotDetermined,1,0.163,0.163,NA,NA,NA,NA,NA,NA,NA,NA,NA,NA,NA   NA   NA   NA,NA   NA   NA   NA
SHR_2005-04-04 10:22:00,4/4/2005 10:22,SHR,2005,A,FALSE,CLR,NA,NA,13.6,0.42,139,NA,NA,NA,NA,10,Regular,540000,541995,1995,1995,6.127816008,6.127816008,NA,NA,NA,Terrestrial Insects,71,Order,Hemiptera,Hemiptera,Larvae,2,0.326,0.326,NA,NA,NA,NA,NA,NA,NA,NA,NA,NA,NA   NA   NA   NA,NA   NA   NA   NA
SHR_2005-04-04 10:22:00,4/4/2005 10:22,SHR,2005,A,FALSE,CLR,NA,NA,13.6,0.42,139,NA,NA,NA,NA,10,Regular,540000,541995,1995,1995,6.127816008,6.127816008,NA,NA,NA,Terrestrial Insects,71,Order,Hemiptera,Hemiptera,Adults,1,0.163,0.163,NA,NA,NA,NA,NA,NA,NA,NA,NA,NA,NA   NA   NA   NA,NA   NA   NA   NA
SHR_2005-04-04 10:22:00,4/4/2005 10:22,SHR,2005,A,FALSE,CLR,NA,NA,13.6,0.42,139,NA,NA,NA,NA,10,Regular,540000,541995,1995,1995,6.127816008,6.127816008,NA,NA,NA,Aquatic Non-Insects,124,Phylum,Ectoprocta,Ectoprocta,NotDetermined,5,0.816,0.816,NA,NA,NA,NA,NA,NA,NA,NA,NA,NA,NA   NA   NA   NA,NA   NA   NA   NA
SHR_2005-04-04 10:22:00,4/4/2005 10:22,SHR,2005,A,FALSE,CLR,NA,NA,13.6,0.42,139,NA,NA,NA,NA,10,Regular,540000,541995,1995,1995,6.127816008,6.127816008,NA,NA,NA,Aquatic Non-Insects,130,Phylum,Nematoda,Nematoda,NotDetermined,1,0.163,0.163,NA,NA,NA,NA,NA,NA,NA,NA,NA,NA,NA   NA   NA   NA,NA   NA   NA   NA
SHR_2005-04-04 10:22:00,4/4/2005 10:22,SHR,2005,A,FALSE,CLR,NA,NA,13.6,0.42,139,NA,NA,NA,NA,10,Regular,540000,541995,1995,1995,6.127816008,6.127816008,NA,NA,NA,Aquatic Non-Insects,18,Family,Hydridae,Hydridae,Larvae,0,0,0,NA,NA,NA,NA,NA,NA,NA,NA,NA,NA,NA   NA   NA   NA,NA   NA   NA   NA
SHR_2005-04-04 10:22:00,4/4/2005 10:22,SHR,2005,A,FALSE,CLR,NA,NA,13.6,0.42,139,NA,NA,NA,NA,10,Regular,540000,541995,1995,1995,6.127816008,6.127816008,NA,NA,NA,Aquatic Non-Insects,18,Family,Hydridae,Hydridae,Pupae,0,0,0,NA,NA,NA,NA,NA,NA,NA,NA,NA,NA,NA   NA   NA   NA,NA   NA   NA   NA
SHR_2005-04-04 10:22:00,4/4/2005 10:22,SHR,2005,A,FALSE,CLR,NA,NA,13.6,0.42,139,NA,NA,NA,NA,10,Regular,540000,541995,1995,1995,6.127816008,6.127816008,NA,NA,NA,Aquatic Non-Insects,18,Family,Hydridae,Hydridae,Nymphs,0,0,0,NA,NA,NA,NA,NA,NA,NA,NA,NA,NA,NA   NA   NA   NA,NA   NA   NA   NA
SHR_2005-04-04 10:22:00,4/4/2005 10:22,SHR,2005,A,FALSE,CLR,NA,NA,13.6,0.42,139,NA,NA,NA,NA,10,Regular,540000,541995,1995,1995,6.127816008,6.127816008,NA,NA,NA,Aquatic Non-Insects,18,Family,Hydridae,Hydridae,Emergents,0,0,0,NA,NA,NA,NA,NA,NA,NA,NA,NA,NA,NA   NA   NA   NA,NA   NA   NA   NA
SHR_2005-04-04 10:22:00,4/4/2005 10:22,SHR,2005,A,FALSE,CLR,NA,NA,13.6,0.42,139,NA,NA,NA,NA,10,Regular,540000,541995,1995,1995,6.127816008,6.127816008,NA,NA,NA,Aquatic Non-Insects,18,Family,Hydridae,Hydridae,Adults,0,0,0,NA,NA,NA,NA,NA,NA,NA,NA,NA,NA,NA   NA   NA   NA,NA   NA   NA   NA
SHR_2005-04-04 10:22:00,4/4/2005 10:22,SHR,2005,A,FALSE,CLR,NA,NA,13.6,0.42,139,NA,NA,NA,NA,10,Regular,540000,541995,1995,1995,6.127816008,6.127816008,NA,NA,NA,Aquatic Non-Insects,18,Family,Hydridae,Hydridae,NotDetermined,2,0.326,0.326,NA,NA,NA,NA,NA,NA,NA,NA,NA,NA,NA   NA   NA   NA,NA   NA   NA   NA
SHR_2005-04-04 10:22:00,4/4/2005 10:22,SHR,2005,A,FALSE,CLR,NA,NA,13.6,0.42,139,NA,NA,NA,NA,10,Regular,540000,541995,1995,1995,6.127816008,6.127816008,NA,NA,NA,Aquatic Non-Insects,134,Superfamily,Corbiculoidea,Corbiculoidea,Larvae,0,0,0,NA,NA,NA,NA,NA,NA,NA,NA,NA,NA,NA   NA   NA   NA,NA   NA   NA   NA
SHR_2005-04-04 10:22:00,4/4/2005 10:22,SHR,2005,A,FALSE,CLR,NA,NA,13.6,0.42,139,NA,NA,NA,NA,10,Regular,540000,541995,1995,1995,6.127816008,6.127816008,NA,NA,NA,Aquatic Non-Insects,134,Superfamily,Corbiculoidea,Corbiculoidea,Pupae,0,0,0,NA,NA,NA,NA,NA,NA,NA,NA,NA,NA,NA   NA   NA   NA,NA   NA   NA   NA
SHR_2005-04-04 10:22:00,4/4/2005 10:22,SHR,2005,A,FALSE,CLR,NA,NA,13.6,0.42,139,NA,NA,NA,NA,10,Regular,540000,541995,1995,1995,6.127816008,6.127816008,NA,NA,NA,Aquatic Non-Insects,134,Superfamily,Corbiculoidea,Corbiculoidea,Nymphs,0,0,0,NA,NA,NA,NA,NA,NA,NA,NA,NA,NA,NA   NA   NA   NA,NA   NA   NA   NA
SHR_2005-04-04 10:22:00,4/4/2005 10:22,SHR,2005,A,FALSE,CLR,NA,NA,13.6,0.42,139,NA,NA,NA,NA,10,Regular,540000,541995,1995,1995,6.127816008,6.127816008,NA,NA,NA,Aquatic Non-Insects,134,Superfamily,Corbiculoidea,Corbiculoidea,Emergents,0,0,0,NA,NA,NA,NA,NA,NA,NA,NA,NA,NA,NA   NA   NA   NA,NA   NA   NA   NA
SHR_2005-04-04 10:22:00,4/4/2005 10:22,SHR,2005,A,FALSE,CLR,NA,NA,13.6,0.42,139,NA,NA,NA,NA,10,Regular,540000,541995,1995,1995,6.127816008,6.127816008,NA,NA,NA,Aquatic Non-Insects,134,Superfamily,Corbiculoidea,Corbiculoidea,Adults,0,0,0,NA,NA,NA,NA,NA,NA,NA,NA,NA,NA,NA   NA   NA   NA,NA   NA   NA   NA
SHR_2005-04-04 10:22:00,4/4/2005 10:22,SHR,2005,A,FALSE,CLR,NA,NA,13.6,0.42,139,NA,NA,NA,NA,10,Regular,540000,541995,1995,1995,6.127816008,6.127816008,NA,NA,NA,Aquatic Non-Insects,134,Superfamily,Corbiculoidea,Corbiculoidea,NotDetermined,4,0.653,0.653,NA,NA,NA,NA,NA,NA,NA,NA,NA,NA,NA   NA   NA   NA,NA   NA   NA   NA
SHR_2005-04-04 10:22:00,4/4/2005 10:22,SHR,2005,A,FALSE,CLR,NA,NA,13.6,0.42,139,NA,NA,NA,NA,10,Regular,540000,541995,1995,1995,6.127816008,6.127816008,NA,NA,NA,Aquatic Non-Insects,20,Family,Physidae,Physidae,Larvae,0,0,0,NA,NA,NA,NA,NA,NA,NA,NA,NA,NA,NA   NA   NA   NA,NA   NA   NA   NA
SHR_2005-04-04 10:22:00,4/4/2005 10:22,SHR,2005,A,FALSE,CLR,NA,NA,13.6,0.42,139,NA,NA,NA,NA,10,Regular,540000,541995,1995,1995,6.127816008,6.127816008,NA,NA,NA,Aquatic Non-Insects,20,Family,Physidae,Physidae,Pupae,0,0,0,NA,NA,NA,NA,NA,NA,NA,NA,NA,NA,NA   NA   NA   NA,NA   NA   NA   NA
SHR_2005-04-04 10:22:00,4/4/2005 10:22,SHR,2005,A,FALSE,CLR,NA,NA,13.6,0.42,139,NA,NA,NA,NA,10,Regular,540000,541995,1995,1995,6.127816008,6.127816008,NA,NA,NA,Aquatic Non-Insects,20,Family,Physidae,Physidae,Nymphs,0,0,0,NA,NA,NA,NA,NA,NA,NA,NA,NA,NA,NA   NA   NA   NA,NA   NA   NA   NA
SHR_2005-04-04 10:22:00,4/4/2005 10:22,SHR,2005,A,FALSE,CLR,NA,NA,13.6,0.42,139,NA,NA,NA,NA,10,Regular,540000,541995,1995,1995,6.127816008,6.127816008,NA,NA,NA,Aquatic Non-Insects,20,Family,Physidae,Physidae,Emergents,0,0,0,NA,NA,NA,NA,NA,NA,NA,NA,NA,NA,NA   NA   NA   NA,NA   NA   NA   NA
SHR_2005-04-04 10:22:00,4/4/2005 10:22,SHR,2005,A,FALSE,CLR,NA,NA,13.6,0.42,139,NA,NA,NA,NA,10,Regular,540000,541995,1995,1995,6.127816008,6.127816008,NA,NA,NA,Aquatic Non-Insects,20,Family,Physidae,Physidae,Adults,0,0,0,NA,NA,NA,NA,NA,NA,NA,NA,NA,NA,NA   NA   NA   NA,NA   NA   NA   NA
SHR_2005-04-04 10:22:00,4/4/2005 10:22,SHR,2005,A,FALSE,CLR,NA,NA,13.6,0.42,139,NA,NA,NA,NA,10,Regular,540000,541995,1995,1995,6.127816008,6.127816008,NA,NA,NA,Aquatic Non-Insects,20,Family,Physidae,Physidae,NotDetermined,1,0.163,0.163,NA,NA,NA,NA,NA,NA,NA,NA,NA,NA,NA   NA   NA   NA,NA   NA   NA   NA
STTD_2005-04-04 14:00:00,4/4/2005 14:00,STTD,2005,A,FALSE,CLR,NA,NA,15.6,0.22,442,NA,NA,NA,NA,10,Regular,541987,561586,19599,19599,60.20003306,60.20003306,1,NA,NA,Aquatic Insects,44,Family,Corixidae,Corixidae,Larvae,59,0.98,0.98,NA,NA,NA,NA,NA,NA,NA,NA,NA,NA,NA   NA   NA   NA,NA   NA   NA   NA
STTD_2005-04-04 14:00:00,4/4/2005 14:00,STTD,2005,A,FALSE,CLR,NA,NA,15.6,0.22,442,NA,NA,NA,NA,10,Regular,541987,561586,19599,19599,60.20003306,60.20003306,1,NA,NA,Aquatic Insects,44,Family,Corixidae,Corixidae,Adults,2,0.033,0.033,NA,NA,NA,NA,NA,NA,NA,NA,NA,NA,NA   NA   NA   NA,NA   NA   NA   NA
STTD_2005-04-04 14:00:00,4/4/2005 14:00,STTD,2005,A,FALSE,CLR,NA,NA,15.6,0.22,442,NA,NA,NA,NA,10,Regular,541987,561586,19599,19599,60.20003306,60.20003306,1,NA,NA,Aquatic Insects,45,Family,Notonectidae,Notonectidae,Larvae,2,0.033,0.033,NA,NA,NA,NA,NA,NA,NA,NA,NA,NA,NA   NA   NA   NA,NA   NA   NA   NA
STTD_2005-04-04 14:00:00,4/4/2005 14:00,STTD,2005,A,FALSE,CLR,NA,NA,15.6,0.22,442,NA,NA,NA,NA,10,Regular,541987,561586,19599,19599,60.20003306,60.20003306,1,NA,NA,Aquatic Insects,30,Family,Dytiscidae,Dytiscidae,Larvae,1,0.017,0.017,NA,NA,NA,NA,NA,NA,NA,NA,NA,NA,NA   NA   NA   NA,NA   NA   NA   NA
STTD_2005-04-04 14:00:00,4/4/2005 14:00,STTD,2005,A,FALSE,CLR,NA,NA,15.6,0.22,442,NA,NA,NA,NA,10,Regular,541987,561586,19599,19599,60.20003306,60.20003306,1,NA,NA,Aquatic Insects,30,Family,Dytiscidae,Dytiscidae,Adults,7,0.116,0.116,NA,NA,NA,NA,NA,NA,NA,NA,NA,NA,NA   NA   NA   NA,NA   NA   NA   NA
STTD_2005-04-04 14:00:00,4/4/2005 14:00,STTD,2005,A,FALSE,CLR,NA,NA,15.6,0.22,442,NA,NA,NA,NA,10,Regular,541987,561586,19599,19599,60.20003306,60.20003306,1,NA,NA,Aquatic Insects,34,Family,Chironomidae,Chironomidae,Larvae,16,0.266,0.266,NA,NA,NA,NA,NA,NA,NA,NA,NA,NA,NA   NA   NA   NA,NA   NA   NA   NA
STTD_2005-04-04 14:00:00,4/4/2005 14:00,STTD,2005,A,FALSE,CLR,NA,NA,15.6,0.22,442,NA,NA,NA,NA,10,Regular,541987,561586,19599,19599,60.20003306,60.20003306,1,NA,NA,Aquatic Insects,34,Family,Chironomidae,Chironomidae,Pupae,8,0.133,0.133,NA,NA,NA,NA,NA,NA,NA,NA,NA,NA,NA   NA   NA   NA,NA   NA   NA   NA
STTD_2005-04-04 14:00:00,4/4/2005 14:00,STTD,2005,A,FALSE,CLR,NA,NA,15.6,0.22,442,NA,NA,NA,NA,10,Regular,541987,561586,19599,19599,60.20003306,60.20003306,1,NA,NA,Aquatic Insects,34,Family,Chironomidae,Chironomidae,Adults,168,2.791,2.791,NA,NA,NA,NA,NA,NA,NA,NA,NA,NA,NA   NA   NA   NA,NA   NA   NA   NA
STTD_2005-04-04 14:00:00,4/4/2005 14:00,STTD,2005,A,FALSE,CLR,NA,NA,15.6,0.22,442,NA,NA,NA,NA,10,Regular,541987,561586,19599,19599,60.20003306,60.20003306,1,NA,NA,Aquatic Non-Insects,2,Family,Enchytraeidae,Enchytraeidae,NotDetermined,2,0.033,0.033,NA,NA,NA,NA,NA,NA,NA,NA,NA,NA,NA   NA   NA   NA,NA   NA   NA   NA
STTD_2005-04-04 14:00:00,4/4/2005 14:00,STTD,2005,A,FALSE,CLR,NA,NA,15.6,0.22,442,NA,NA,NA,NA,10,Regular,541987,561586,19599,19599,60.20003306,60.20003306,1,NA,NA,Aquatic Non-Insects,4,Family,Naididae,Naididae,NotDetermined,6,0.1,0.1,NA,NA,NA,NA,NA,NA,NA,NA,NA,NA,NA   NA   NA   NA,NA   NA   NA   NA
STTD_2005-04-04 14:00:00,4/4/2005 14:00,STTD,2005,A,FALSE,CLR,NA,NA,15.6,0.22,442,NA,NA,NA,NA,10,Regular,541987,561586,19599,19599,60.20003306,60.20003306,1,NA,NA,Aquatic Non-Insects,21,Family,Planorbidae,Planorbidae,NotDetermined,1,0.017,0.017,NA,NA,NA,NA,NA,NA,NA,NA,NA,NA,NA   NA   NA   NA,NA   NA   NA   NA
STTD_2005-04-04 14:00:00,4/4/2005 14:00,STTD,2005,A,FALSE,CLR,NA,NA,15.6,0.22,442,NA,NA,NA,NA,10,Regular,541987,561586,19599,19599,60.20003306,60.20003306,1,NA,NA,Aquatic Non-Insects,9,Family,Corophiidae,Corophiidae,NotDetermined,7,0.116,0.116,NA,NA,NA,NA,NA,NA,NA,NA,NA,NA,NA   NA   NA   NA,NA   NA   NA   NA
STTD_2005-04-04 14:00:00,4/4/2005 14:00,STTD,2005,A,FALSE,CLR,NA,NA,15.6,0.22,442,NA,NA,NA,NA,10,Regular,541987,561586,19599,19599,60.20003306,60.20003306,1,NA,NA,Terrestrial Non-Insects,57,Subclass,Acari,Acari,NotDetermined,1,0.017,0.017,NA,NA,NA,NA,NA,NA,NA,NA,NA,NA,NA   NA   NA   NA,NA   NA   NA   NA
STTD_2005-04-04 14:00:00,4/4/2005 14:00,STTD,2005,A,FALSE,CLR,NA,NA,15.6,0.22,442,NA,NA,NA,NA,10,Regular,541987,561586,19599,19599,60.20003306,60.20003306,1,NA,NA,Aquatic Non-Insects,18,Family,Hydridae,Hydridae,NotDetermined,20,0.332,0.332,NA,NA,NA,NA,NA,NA,NA,NA,NA,NA,NA   NA   NA   NA,NA   NA   NA   NA
STTD_2005-04-04 14:00:00,4/4/2005 14:00,STTD,2005,A,FALSE,CLR,NA,NA,15.6,0.22,442,NA,NA,NA,NA,10,Regular,541987,561586,19599,19599,60.20003306,60.20003306,1,NA,NA,Terrestrial Insects,71,Order,Hemiptera,Hemiptera,Adults,40,0.664,0.664,NA,NA,NA,NA,NA,NA,NA,NA,NA,NA,NA   NA   NA   NA,NA   NA   NA   NA
STTD_2005-04-04 14:00:00,4/4/2005 14:00,STTD,2005,A,FALSE,CLR,NA,NA,15.6,0.22,442,NA,NA,NA,NA,10,Regular,541987,561586,19599,19599,60.20003306,60.20003306,1,NA,NA,Terrestrial Insects,64,Order,Diptera,Diptera,Larvae,1,0.017,0.017,NA,NA,NA,NA,NA,NA,NA,NA,NA,NA,NA   NA   NA   NA,NA   NA   NA   NA
STTD_2005-04-04 14:00:00,4/4/2005 14:00,STTD,2005,A,FALSE,CLR,NA,NA,15.6,0.22,442,NA,NA,NA,NA,10,Regular,541987,561586,19599,19599,60.20003306,60.20003306,1,NA,NA,Terrestrial Insects,64,Order,Diptera,Diptera,Adults,24,0.399,0.399,NA,NA,NA,NA,NA,NA,NA,NA,NA,NA,NA   NA   NA   NA,NA   NA   NA   NA
STTD_2005-04-04 14:00:00,4/4/2005 14:00,STTD,2005,A,FALSE,CLR,NA,NA,15.6,0.22,442,NA,NA,NA,NA,10,Regular,541987,561586,19599,19599,60.20003306,60.20003306,1,NA,NA,Terrestrial Non-Insects,68,Order,Collembola,Collembola,NotDetermined,6,0.1,0.1,NA,NA,NA,NA,NA,NA,NA,NA,NA,NA,NA   NA   NA   NA,NA   NA   NA   NA
STTD_2005-04-04 14:00:00,4/4/2005 14:00,STTD,2005,A,FALSE,CLR,NA,NA,15.6,0.22,442,NA,NA,NA,NA,10,Regular,541987,561586,19599,19599,60.20003306,60.20003306,1,NA,NA,Terrestrial Insects,66,Order,Hymenoptera,Hymenoptera,Adults,23,0.382,0.382,NA,NA,NA,NA,NA,NA,NA,NA,NA,NA,NA   NA   NA   NA,NA   NA   NA   NA
STTD_2005-04-04 14:00:00,4/4/2005 14:00,STTD,2005,A,FALSE,CLR,NA,NA,15.6,0.22,442,NA,NA,NA,NA,10,Regular,541987,561586,19599,19599,60.20003306,60.20003306,1,NA,NA,Terrestrial Non-Insects,58,Suborder,Araneida,Araneida,NotDetermined,3,0.05,0.05,NA,NA,NA,NA,NA,NA,NA,NA,NA,NA,NA   NA   NA   NA,NA   NA   NA   NA
STTD_2005-04-04 14:00:00,4/4/2005 14:00,STTD,2005,A,FALSE,CLR,NA,NA,15.6,0.22,442,NA,NA,NA,NA,10,Regular,541987,561586,19599,19599,60.20003306,60.20003306,1,NA,NA,Aquatic Non-Insects,130,Phylum,Nematoda,Nematoda,NotDetermined,1,0.017,0.017,NA,NA,NA,NA,NA,NA,NA,NA,NA,NA,NA   NA   NA   NA,NA   NA   NA   NA
STTD_2005-04-11 12:15:00,4/11/2005 12:15,STTD,2005,A,FALSE,CLR,NA,NA,16.5,0.25,455,NA,NA,NA,NA,10,Regular,590015,609174,19159,19159,58.84853479,58.84853479,1,NA,NA,Aquatic Insects,76,Family,Ephemeridae,Ephemeridae,Adults,1,0.017,0.017,NA,NA,NA,NA,NA,NA,NA,NA,NA,NA,NA   NA   NA   NA,NA   NA   NA   NA
STTD_2005-04-11 12:15:00,4/11/2005 12:15,STTD,2005,A,FALSE,CLR,NA,NA,16.5,0.25,455,NA,NA,NA,NA,10,Regular,590015,609174,19159,19159,58.84853479,58.84853479,1,NA,NA,Aquatic Insects,46,Family,Coenagrionidae,Coenagrionidae,Larvae,2,0.034,0.034,NA,NA,NA,NA,NA,NA,NA,NA,NA,NA,NA   NA   NA   NA,NA   NA   NA   NA
STTD_2005-04-11 12:15:00,4/11/2005 12:15,STTD,2005,A,FALSE,CLR,NA,NA,16.5,0.25,455,NA,NA,NA,NA,10,Regular,590015,609174,19159,19159,58.84853479,58.84853479,1,NA,NA,Aquatic Insects,44,Family,Corixidae,Corixidae,Larvae,69,1.173,1.173,NA,NA,NA,NA,NA,NA,NA,NA,NA,NA,NA   NA   NA   NA,NA   NA   NA   NA
STTD_2005-04-11 12:15:00,4/11/2005 12:15,STTD,2005,A,FALSE,CLR,NA,NA,16.5,0.25,455,NA,NA,NA,NA,10,Regular,590015,609174,19159,19159,58.84853479,58.84853479,1,NA,NA,Aquatic Insects,44,Family,Corixidae,Corixidae,Adults,8,0.136,0.136,NA,NA,NA,NA,NA,NA,NA,NA,NA,NA,NA   NA   NA   NA,NA   NA   NA   NA
STTD_2005-04-11 12:15:00,4/11/2005 12:15,STTD,2005,A,FALSE,CLR,NA,NA,16.5,0.25,455,NA,NA,NA,NA,10,Regular,590015,609174,19159,19159,58.84853479,58.84853479,1,NA,NA,Aquatic Insects,30,Family,Dytiscidae,Dytiscidae,Adults,3,0.051,0.051,NA,NA,NA,NA,NA,NA,NA,NA,NA,NA,NA   NA   NA   NA,NA   NA   NA   NA
STTD_2005-04-11 12:15:00,4/11/2005 12:15,STTD,2005,A,FALSE,CLR,NA,NA,16.5,0.25,455,NA,NA,NA,NA,10,Regular,590015,609174,19159,19159,58.84853479,58.84853479,1,NA,NA,Aquatic Insects,34,Family,Chironomidae,Chironomidae,Larvae,23,0.391,0.391,NA,NA,NA,NA,NA,NA,NA,NA,NA,NA,NA   NA   NA   NA,NA   NA   NA   NA
STTD_2005-04-11 12:15:00,4/11/2005 12:15,STTD,2005,A,FALSE,CLR,NA,NA,16.5,0.25,455,NA,NA,NA,NA,10,Regular,590015,609174,19159,19159,58.84853479,58.84853479,1,NA,NA,Aquatic Insects,34,Family,Chironomidae,Chironomidae,Pupae,24,0.408,0.408,NA,NA,NA,NA,NA,NA,NA,NA,NA,NA,NA   NA   NA   NA,NA   NA   NA   NA
STTD_2005-04-11 12:15:00,4/11/2005 12:15,STTD,2005,A,FALSE,CLR,NA,NA,16.5,0.25,455,NA,NA,NA,NA,10,Regular,590015,609174,19159,19159,58.84853479,58.84853479,1,NA,NA,Aquatic Insects,34,Family,Chironomidae,Chironomidae,Adults,47,0.799,0.799,NA,NA,NA,NA,NA,NA,NA,NA,NA,NA,NA   NA   NA   NA,NA   NA   NA   NA
STTD_2005-04-11 12:15:00,4/11/2005 12:15,STTD,2005,A,FALSE,CLR,NA,NA,16.5,0.25,455,NA,NA,NA,NA,10,Regular,590015,609174,19159,19159,58.84853479,58.84853479,1,NA,NA,Aquatic Non-Insects,4,Family,Naididae,Naididae,NotDetermined,4,0.068,0.068,NA,NA,NA,NA,NA,NA,NA,NA,NA,NA,NA   NA   NA   NA,NA   NA   NA   NA
STTD_2005-04-11 12:15:00,4/11/2005 12:15,STTD,2005,A,FALSE,CLR,NA,NA,16.5,0.25,455,NA,NA,NA,NA,10,Regular,590015,609174,19159,19159,58.84853479,58.84853479,1,NA,NA,Aquatic Non-Insects,8,Family,Sabellidae,Sabellidae,NotDetermined,1,0.017,0.017,NA,NA,NA,NA,NA,NA,NA,NA,NA,NA,NA   NA   NA   NA,NA   NA   NA   NA
STTD_2005-04-11 12:15:00,4/11/2005 12:15,STTD,2005,A,FALSE,CLR,NA,NA,16.5,0.25,455,NA,NA,NA,NA,10,Regular,590015,609174,19159,19159,58.84853479,58.84853479,1,NA,NA,Aquatic Non-Insects,19,Family,Corbiculidae,Corbiculidae,NotDetermined,1,0.017,0.017,NA,NA,NA,NA,NA,NA,NA,NA,NA,NA,NA   NA   NA   NA,NA   NA   NA   NA
STTD_2005-04-11 12:15:00,4/11/2005 12:15,STTD,2005,A,FALSE,CLR,NA,NA,16.5,0.25,455,NA,NA,NA,NA,10,Regular,590015,609174,19159,19159,58.84853479,58.84853479,1,NA,NA,Aquatic Non-Insects,20,Family,Physidae,Physidae,NotDetermined,1,0.017,0.017,NA,NA,NA,NA,NA,NA,NA,NA,NA,NA,NA   NA   NA   NA,NA   NA   NA   NA
STTD_2005-04-11 12:15:00,4/11/2005 12:15,STTD,2005,A,FALSE,CLR,NA,NA,16.5,0.25,455,NA,NA,NA,NA,10,Regular,590015,609174,19159,19159,58.84853479,58.84853479,1,NA,NA,Aquatic Non-Insects,9,Family,Corophiidae,Corophiidae,NotDetermined,4,0.068,0.068,NA,NA,NA,NA,NA,NA,NA,NA,NA,NA,NA   NA   NA   NA,NA   NA   NA   NA
STTD_2005-04-11 12:15:00,4/11/2005 12:15,STTD,2005,A,FALSE,CLR,NA,NA,16.5,0.25,455,NA,NA,NA,NA,10,Regular,590015,609174,19159,19159,58.84853479,58.84853479,1,NA,NA,Aquatic Non-Insects,18,Family,Hydridae,Hydridae,NotDetermined,2,0.034,0.034,NA,NA,NA,NA,NA,NA,NA,NA,NA,NA,NA   NA   NA   NA,NA   NA   NA   NA
STTD_2005-04-11 12:15:00,4/11/2005 12:15,STTD,2005,A,FALSE,CLR,NA,NA,16.5,0.25,455,NA,NA,NA,NA,10,Regular,590015,609174,19159,19159,58.84853479,58.84853479,1,NA,NA,Terrestrial Insects,71,Order,Hemiptera,Hemiptera,Larvae,5,0.085,0.085,NA,NA,NA,NA,NA,NA,NA,NA,NA,NA,NA   NA   NA   NA,NA   NA   NA   NA
STTD_2005-04-11 12:15:00,4/11/2005 12:15,STTD,2005,A,FALSE,CLR,NA,NA,16.5,0.25,455,NA,NA,NA,NA,10,Regular,590015,609174,19159,19159,58.84853479,58.84853479,1,NA,NA,Terrestrial Insects,71,Order,Hemiptera,Hemiptera,Adults,1,0.017,0.017,NA,NA,NA,NA,NA,NA,NA,NA,NA,NA,NA   NA   NA   NA,NA   NA   NA   NA
STTD_2005-04-11 12:15:00,4/11/2005 12:15,STTD,2005,A,FALSE,CLR,NA,NA,16.5,0.25,455,NA,NA,NA,NA,10,Regular,590015,609174,19159,19159,58.84853479,58.84853479,1,NA,NA,Terrestrial Insects,63,Order,Coleoptera,Coleoptera,Adults,3,0.051,0.051,NA,NA,NA,NA,NA,NA,NA,NA,NA,NA,NA   NA   NA   NA,NA   NA   NA   NA
STTD_2005-04-11 12:15:00,4/11/2005 12:15,STTD,2005,A,FALSE,CLR,NA,NA,16.5,0.25,455,NA,NA,NA,NA,10,Regular,590015,609174,19159,19159,58.84853479,58.84853479,1,NA,NA,Terrestrial Insects,64,Order,Diptera,Diptera,Pupae,1,0.017,0.017,NA,NA,NA,NA,NA,NA,NA,NA,NA,NA,NA   NA   NA   NA,NA   NA   NA   NA
STTD_2005-04-11 12:15:00,4/11/2005 12:15,STTD,2005,A,FALSE,CLR,NA,NA,16.5,0.25,455,NA,NA,NA,NA,10,Regular,590015,609174,19159,19159,58.84853479,58.84853479,1,NA,NA,Terrestrial Insects,64,Order,Diptera,Diptera,Adults,1,0.017,0.017,NA,NA,NA,NA,NA,NA,NA,NA,NA,NA,NA   NA   NA   NA,NA   NA   NA   NA
STTD_2005-04-11 12:15:00,4/11/2005 12:15,STTD,2005,A,FALSE,CLR,NA,NA,16.5,0.25,455,NA,NA,NA,NA,10,Regular,590015,609174,19159,19159,58.84853479,58.84853479,1,NA,NA,Terrestrial Insects,66,Order,Hymenoptera,Hymenoptera,Adults,2,0.034,0.034,NA,NA,NA,NA,NA,NA,NA,NA,NA,NA,NA   NA   NA   NA,NA   NA   NA   NA
STTD_2005-04-11 12:15:00,4/11/2005 12:15,STTD,2005,A,FALSE,CLR,NA,NA,16.5,0.25,455,NA,NA,NA,NA,10,Regular,590015,609174,19159,19159,58.84853479,58.84853479,1,NA,NA,Terrestrial Non-Insects,61,Order,Isopoda,Isopoda,NotDetermined,1,0.017,0.017,NA,NA,NA,NA,NA,NA,NA,NA,NA,NA,NA   NA   NA   NA,NA   NA   NA   NA
SHR_2005-04-11 14:30:00,4/11/2005 14:30,SHR,2005,A,FALSE,CLR,NA,NA,15.3,0.47,139,NA,NA,NA,NA,10,Regular,609176,612747,3571,3571,10.96863708,10.96863708,1,NA,NA,Aquatic Insects,34,Family,Chironomidae,Chironomidae,Larvae,4,0.365,0.365,NA,NA,NA,NA,NA,NA,NA,NA,NA,NA,NA   NA   NA   NA,NA   NA   NA   NA
SHR_2005-04-11 14:30:00,4/11/2005 14:30,SHR,2005,A,FALSE,CLR,NA,NA,15.3,0.47,139,NA,NA,NA,NA,10,Regular,609176,612747,3571,3571,10.96863708,10.96863708,1,NA,NA,Aquatic Insects,34,Family,Chironomidae,Chironomidae,Pupae,3,0.274,0.274,NA,NA,NA,NA,NA,NA,NA,NA,NA,NA,NA   NA   NA   NA,NA   NA   NA   NA
SHR_2005-04-11 14:30:00,4/11/2005 14:30,SHR,2005,A,FALSE,CLR,NA,NA,15.3,0.47,139,NA,NA,NA,NA,10,Regular,609176,612747,3571,3571,10.96863708,10.96863708,1,NA,NA,Aquatic Insects,34,Family,Chironomidae,Chironomidae,Adults,8,0.729,0.729,NA,NA,NA,NA,NA,NA,NA,NA,NA,NA,NA   NA   NA   NA,NA   NA   NA   NA
SHR_2005-04-11 14:30:00,4/11/2005 14:30,SHR,2005,A,FALSE,CLR,NA,NA,15.3,0.47,139,NA,NA,NA,NA,10,Regular,609176,612747,3571,3571,10.96863708,10.96863708,1,NA,NA,Aquatic Insects,39,Family,Tipulidae,Tipulidae,Larvae,1,0.091,0.091,NA,NA,NA,NA,NA,NA,NA,NA,NA,NA,NA   NA   NA   NA,NA   NA   NA   NA
SHR_2005-04-11 14:30:00,4/11/2005 14:30,SHR,2005,A,FALSE,CLR,NA,NA,15.3,0.47,139,NA,NA,NA,NA,10,Regular,609176,612747,3571,3571,10.96863708,10.96863708,1,NA,NA,Aquatic Non-Insects,4,Family,Naididae,Naididae,NotDetermined,2,0.182,0.182,NA,NA,NA,NA,NA,NA,NA,NA,NA,NA,NA   NA   NA   NA,NA   NA   NA   NA
SHR_2005-04-11 14:30:00,4/11/2005 14:30,SHR,2005,A,FALSE,CLR,NA,NA,15.3,0.47,139,NA,NA,NA,NA,10,Regular,609176,612747,3571,3571,10.96863708,10.96863708,1,NA,NA,Aquatic Non-Insects,19,Family,Corbiculidae,Corbiculidae,NotDetermined,4,0.365,0.365,NA,NA,NA,NA,NA,NA,NA,NA,NA,NA,NA   NA   NA   NA,NA   NA   NA   NA
SHR_2005-04-11 14:30:00,4/11/2005 14:30,SHR,2005,A,FALSE,CLR,NA,NA,15.3,0.47,139,NA,NA,NA,NA,10,Regular,609176,612747,3571,3571,10.96863708,10.96863708,1,NA,NA,Aquatic Non-Insects,9,Family,Corophiidae,Corophiidae,NotDetermined,2,0.182,0.182,NA,NA,NA,NA,NA,NA,NA,NA,NA,NA,NA   NA   NA   NA,NA   NA   NA   NA
SHR_2005-04-11 14:30:00,4/11/2005 14:30,SHR,2005,A,FALSE,CLR,NA,NA,15.3,0.47,139,NA,NA,NA,NA,10,Regular,609176,612747,3571,3571,10.96863708,10.96863708,1,NA,NA,Terrestrial Insects,71,Order,Hemiptera,Hemiptera,Adults,2,0.182,0.182,NA,NA,NA,NA,NA,NA,NA,NA,NA,NA,NA   NA   NA   NA,NA   NA   NA   NA
SHR_2005-04-11 14:30:00,4/11/2005 14:30,SHR,2005,A,FALSE,CLR,NA,NA,15.3,0.47,139,NA,NA,NA,NA,10,Regular,609176,612747,3571,3571,10.96863708,10.96863708,1,NA,NA,Terrestrial Insects,63,Order,Coleoptera,Coleoptera,Adults,1,0.091,0.091,NA,NA,NA,NA,NA,NA,NA,NA,NA,NA,NA   NA   NA   NA,NA   NA   NA   NA
SHR_2005-04-11 14:30:00,4/11/2005 14:30,SHR,2005,A,FALSE,CLR,NA,NA,15.3,0.47,139,NA,NA,NA,NA,10,Regular,609176,612747,3571,3571,10.96863708,10.96863708,1,NA,NA,Terrestrial Insects,64,Order,Diptera,Diptera,Adults,2,0.182,0.182,NA,NA,NA,NA,NA,NA,NA,NA,NA,NA,NA   NA   NA   NA,NA   NA   NA   NA
SHR_2005-04-11 14:30:00,4/11/2005 14:30,SHR,2005,A,FALSE,CLR,NA,NA,15.3,0.47,139,NA,NA,NA,NA,10,Regular,609176,612747,3571,3571,10.96863708,10.96863708,1,NA,NA,Terrestrial Non-Insects,58,Suborder,Araneida,Araneida,NotDetermined,1,0.091,0.091,NA,NA,NA,NA,NA,NA,NA,NA,NA,NA,NA   NA   NA   NA,NA   NA   NA   NA
SHR_2005-04-11 14:30:00,4/11/2005 14:30,SHR,2005,A,FALSE,CLR,NA,NA,15.3,0.47,139,NA,NA,NA,NA,10,Regular,609176,612747,3571,3571,10.96863708,10.96863708,1,NA,NA,Aquatic Non-Insects,130,Phylum,Nematoda,Nematoda,NotDetermined,1,0.091,0.091,NA,NA,NA,NA,NA,NA,NA,NA,NA,NA,NA   NA   NA   NA,NA   NA   NA   NA
SHR_2005-04-22 13:25:00,4/22/2005 13:25,SHR,2005,A,FALSE,CLD,NA,NA,16.7,NA,140,NA,NA,NA,NA,10,Low,617144,618160,1016,1016,6.684380412,6.684380412,NA,NA,NA,Aquatic Insects,34,Family,Chironomidae,Chironomidae,Larvae,2,0.299,0.299,NA,NA,NA,NA,NA,NA,2,FM,NA,NA,NA   NA   2   NA,NA   NA   FM   NA
SHR_2005-04-22 13:25:00,4/22/2005 13:25,SHR,2005,A,FALSE,CLD,NA,NA,16.7,NA,140,NA,NA,NA,NA,10,Low,617144,618160,1016,1016,6.684380412,6.684380412,NA,NA,NA,Aquatic Insects,34,Family,Chironomidae,Chironomidae,Pupae,1,0.15,0.15,NA,NA,NA,NA,NA,NA,2,FM,NA,NA,NA   NA   2   NA,NA   NA   FM   NA
SHR_2005-04-22 13:25:00,4/22/2005 13:25,SHR,2005,A,FALSE,CLD,NA,NA,16.7,NA,140,NA,NA,NA,NA,10,Low,617144,618160,1016,1016,6.684380412,6.684380412,NA,NA,NA,Aquatic Insects,34,Family,Chironomidae,Chironomidae,Adults,16,2.394,2.394,NA,NA,NA,NA,NA,NA,2,FM,NA,NA,NA   NA   2   NA,NA   NA   FM   NA
SHR_2005-04-22 13:25:00,4/22/2005 13:25,SHR,2005,A,FALSE,CLD,NA,NA,16.7,NA,140,NA,NA,NA,NA,10,Low,617144,618160,1016,1016,6.684380412,6.684380412,NA,NA,NA,Aquatic Non-Insects,19,Family,Corbiculidae,Corbiculidae,NotDetermined,1,0.15,0.15,NA,NA,NA,NA,NA,NA,2,FM,NA,NA,NA   NA   2   NA,NA   NA   FM   NA
SHR_2005-04-22 13:25:00,4/22/2005 13:25,SHR,2005,A,FALSE,CLD,NA,NA,16.7,NA,140,NA,NA,NA,NA,10,Low,617144,618160,1016,1016,6.684380412,6.684380412,NA,NA,NA,Aquatic Non-Insects,9,Family,Corophiidae,Corophiidae,NotDetermined,8,1.197,1.197,NA,NA,NA,NA,NA,NA,2,FM,NA,NA,NA   NA   2   NA,NA   NA   FM   NA
SHR_2005-04-22 13:25:00,4/22/2005 13:25,SHR,2005,A,FALSE,CLD,NA,NA,16.7,NA,140,NA,NA,NA,NA,10,Low,617144,618160,1016,1016,6.684380412,6.684380412,NA,NA,NA,Terrestrial Insects,71,Order,Hemiptera,Hemiptera,Larvae,5,0.748,0.748,NA,NA,NA,NA,NA,NA,2,FM,NA,NA,NA   NA   2   NA,NA   NA   FM   NA
SHR_2005-04-22 13:25:00,4/22/2005 13:25,SHR,2005,A,FALSE,CLD,NA,NA,16.7,NA,140,NA,NA,NA,NA,10,Low,617144,618160,1016,1016,6.684380412,6.684380412,NA,NA,NA,Terrestrial Insects,63,Order,Coleoptera,Coleoptera,Adults,1,0.15,0.15,NA,NA,NA,NA,NA,NA,2,FM,NA,NA,NA   NA   2   NA,NA   NA   FM   NA
SHR_2005-04-22 13:25:00,4/22/2005 13:25,SHR,2005,A,FALSE,CLD,NA,NA,16.7,NA,140,NA,NA,NA,NA,10,Low,617144,618160,1016,1016,6.684380412,6.684380412,NA,NA,NA,Terrestrial Insects,64,Order,Diptera,Diptera,Adults,6,0.898,0.898,NA,NA,NA,NA,NA,NA,2,FM,NA,NA,NA   NA   2   NA,NA   NA   FM   NA
SHR_2005-04-22 13:25:00,4/22/2005 13:25,SHR,2005,A,FALSE,CLD,NA,NA,16.7,NA,140,NA,NA,NA,NA,10,Low,617144,618160,1016,1016,6.684380412,6.684380412,NA,NA,NA,Terrestrial Non-Insects,68,Order,Collembola,Collembola,NotDetermined,1,0.15,0.15,NA,NA,NA,NA,NA,NA,2,FM,NA,NA,NA   NA   2   NA,NA   NA   FM   NA
SHR_2005-04-22 13:25:00,4/22/2005 13:25,SHR,2005,A,FALSE,CLD,NA,NA,16.7,NA,140,NA,NA,NA,NA,10,Low,617144,618160,1016,1016,6.684380412,6.684380412,NA,NA,NA,Terrestrial Insects,85,Order,Thysanoptera,Thysanoptera,Adults,1,0.15,0.15,NA,NA,NA,NA,NA,NA,2,FM,NA,NA,NA   NA   2   NA,NA   NA   FM   NA
SHR_2005-04-22 13:25:00,4/22/2005 13:25,SHR,2005,A,FALSE,CLD,NA,NA,16.7,NA,140,NA,NA,NA,NA,10,Low,617144,618160,1016,1016,6.684380412,6.684380412,NA,NA,NA,Aquatic Non-Insects,130,Phylum,Nematoda,Nematoda,NotDetermined,1,0.15,0.15,NA,NA,NA,NA,NA,NA,2,FM,NA,NA,NA   NA   2   NA,NA   NA   FM   NA
SHR_2005-04-22 13:25:00,4/22/2005 13:25,SHR,2005,A,FALSE,CLD,NA,NA,16.7,NA,140,NA,NA,NA,NA,10,Low,617144,618160,1016,1016,6.684380412,6.684380412,NA,NA,NA,Aquatic Non-Insects,119,Family,Limnesiidae,Limnesiidae,Larvae,0,0,0,NA,NA,NA,NA,NA,NA,2,FM,NA,NA,NA   NA   2   NA,NA   NA   FM   NA
SHR_2005-04-22 13:25:00,4/22/2005 13:25,SHR,2005,A,FALSE,CLD,NA,NA,16.7,NA,140,NA,NA,NA,NA,10,Low,617144,618160,1016,1016,6.684380412,6.684380412,NA,NA,NA,Aquatic Non-Insects,119,Family,Limnesiidae,Limnesiidae,Pupae,0,0,0,NA,NA,NA,NA,NA,NA,2,FM,NA,NA,NA   NA   2   NA,NA   NA   FM   NA
SHR_2005-04-22 13:25:00,4/22/2005 13:25,SHR,2005,A,FALSE,CLD,NA,NA,16.7,NA,140,NA,NA,NA,NA,10,Low,617144,618160,1016,1016,6.684380412,6.684380412,NA,NA,NA,Aquatic Non-Insects,119,Family,Limnesiidae,Limnesiidae,Nymphs,0,0,0,NA,NA,NA,NA,NA,NA,2,FM,NA,NA,NA   NA   2   NA,NA   NA   FM   NA
SHR_2005-04-22 13:25:00,4/22/2005 13:25,SHR,2005,A,FALSE,CLD,NA,NA,16.7,NA,140,NA,NA,NA,NA,10,Low,617144,618160,1016,1016,6.684380412,6.684380412,NA,NA,NA,Aquatic Non-Insects,119,Family,Limnesiidae,Limnesiidae,Emergents,0,0,0,NA,NA,NA,NA,NA,NA,2,FM,NA,NA,NA   NA   2   NA,NA   NA   FM   NA
SHR_2005-04-22 13:25:00,4/22/2005 13:25,SHR,2005,A,FALSE,CLD,NA,NA,16.7,NA,140,NA,NA,NA,NA,10,Low,617144,618160,1016,1016,6.684380412,6.684380412,NA,NA,NA,Aquatic Non-Insects,119,Family,Limnesiidae,Limnesiidae,Adults,0,0,0,NA,NA,NA,NA,NA,NA,2,FM,NA,NA,NA   NA   2   NA,NA   NA   FM   NA
SHR_2005-04-22 13:25:00,4/22/2005 13:25,SHR,2005,A,FALSE,CLD,NA,NA,16.7,NA,140,NA,NA,NA,NA,10,Low,617144,618160,1016,1016,6.684380412,6.684380412,NA,NA,NA,Aquatic Non-Insects,119,Family,Limnesiidae,Limnesiidae,NotDetermined,1,0.15,0.15,NA,NA,NA,NA,NA,NA,2,FM,NA,NA,NA   NA   2   NA,NA   NA   FM   NA
SHR_2005-04-26 13:05:00,4/26/2005 13:05,SHR,2005,A,FALSE,CLR,NA,NA,16.5,0.8,135,NA,NA,NA,NA,10,Low,616024,617140,1116,1116,7.34229187,7.34229187,NA,NA,NA,Aquatic Insects,41,Family,Baetidae,Baetidae,Larvae,1,0.136,0.136,NA,NA,NA,NA,NA,NA,2,FM,NA,NA,NA   NA   2   NA,NA   NA   FM   NA
SHR_2005-04-26 13:05:00,4/26/2005 13:05,SHR,2005,A,FALSE,CLR,NA,NA,16.5,0.8,135,NA,NA,NA,NA,10,Low,616024,617140,1116,1116,7.34229187,7.34229187,NA,NA,NA,Aquatic Insects,34,Family,Chironomidae,Chironomidae,Larvae,2,0.272,0.272,NA,NA,NA,NA,NA,NA,2,FM,NA,NA,NA   NA   2   NA,NA   NA   FM   NA
SHR_2005-04-26 13:05:00,4/26/2005 13:05,SHR,2005,A,FALSE,CLR,NA,NA,16.5,0.8,135,NA,NA,NA,NA,10,Low,616024,617140,1116,1116,7.34229187,7.34229187,NA,NA,NA,Aquatic Insects,34,Family,Chironomidae,Chironomidae,Adults,2,0.272,0.272,NA,NA,NA,NA,NA,NA,2,FM,NA,NA,NA   NA   2   NA,NA   NA   FM   NA
SHR_2005-04-26 13:05:00,4/26/2005 13:05,SHR,2005,A,FALSE,CLR,NA,NA,16.5,0.8,135,NA,NA,NA,NA,10,Low,616024,617140,1116,1116,7.34229187,7.34229187,NA,NA,NA,Aquatic Insects,32,Family,Ceratopogonidae,Ceratopogonidae,Larvae,1,0.136,0.136,NA,NA,NA,NA,NA,NA,2,FM,NA,NA,NA   NA   2   NA,NA   NA   FM   NA
SHR_2005-04-26 13:05:00,4/26/2005 13:05,SHR,2005,A,FALSE,CLR,NA,NA,16.5,0.8,135,NA,NA,NA,NA,10,Low,616024,617140,1116,1116,7.34229187,7.34229187,NA,NA,NA,Aquatic Non-Insects,9,Family,Corophiidae,Corophiidae,NotDetermined,2,0.272,0.272,NA,NA,NA,NA,NA,NA,2,FM,NA,NA,NA   NA   2   NA,NA   NA   FM   NA
SHR_2005-04-26 13:05:00,4/26/2005 13:05,SHR,2005,A,FALSE,CLR,NA,NA,16.5,0.8,135,NA,NA,NA,NA,10,Low,616024,617140,1116,1116,7.34229187,7.34229187,NA,NA,NA,Terrestrial Insects,64,Order,Diptera,Diptera,Adults,1,0.136,0.136,NA,NA,NA,NA,NA,NA,2,FM,NA,NA,NA   NA   2   NA,NA   NA   FM   NA
SHR_2005-04-26 13:05:00,4/26/2005 13:05,SHR,2005,A,FALSE,CLR,NA,NA,16.5,0.8,135,NA,NA,NA,NA,10,Low,616024,617140,1116,1116,7.34229187,7.34229187,NA,NA,NA,Aquatic Non-Insects,128,Family,Mideopsidae,Mideopsidae,NotDetermined,1,0.136,0.136,NA,NA,NA,NA,NA,NA,2,FM,NA,NA,NA   NA   2   NA,NA   NA   FM   NA
STTD_2005-04-27 12:50:00,4/27/2005 12:50,STTD,2005,A,FALSE,CLD,NA,NA,19.8,0.27,688,NA,NA,NA,NA,10,Low,609329,614064,4735,4735,31.15210753,31.15210753,NA,NA,NA,Aquatic Insects,44,Family,Corixidae,Corixidae,Larvae,16,0.514,0.514,NA,NA,NA,NA,NA,NA,NA,NA,NA,NA,NA   NA   NA   NA,NA   NA   NA   NA
STTD_2005-04-27 12:50:00,4/27/2005 12:50,STTD,2005,A,FALSE,CLD,NA,NA,19.8,0.27,688,NA,NA,NA,NA,10,Low,609329,614064,4735,4735,31.15210753,31.15210753,NA,NA,NA,Aquatic Insects,34,Family,Chironomidae,Chironomidae,Larvae,11,0.353,0.353,NA,NA,NA,NA,NA,NA,NA,NA,NA,NA,NA   NA   NA   NA,NA   NA   NA   NA
STTD_2005-04-27 12:50:00,4/27/2005 12:50,STTD,2005,A,FALSE,CLD,NA,NA,19.8,0.27,688,NA,NA,NA,NA,10,Low,609329,614064,4735,4735,31.15210753,31.15210753,NA,NA,NA,Aquatic Insects,34,Family,Chironomidae,Chironomidae,Pupae,5,0.161,0.161,NA,NA,NA,NA,NA,NA,NA,NA,NA,NA,NA   NA   NA   NA,NA   NA   NA   NA
STTD_2005-04-27 12:50:00,4/27/2005 12:50,STTD,2005,A,FALSE,CLD,NA,NA,19.8,0.27,688,NA,NA,NA,NA,10,Low,609329,614064,4735,4735,31.15210753,31.15210753,NA,NA,NA,Aquatic Insects,34,Family,Chironomidae,Chironomidae,Adults,6,0.193,0.193,NA,NA,NA,NA,NA,NA,NA,NA,NA,NA,NA   NA   NA   NA,NA   NA   NA   NA
STTD_2005-04-27 12:50:00,4/27/2005 12:50,STTD,2005,A,FALSE,CLD,NA,NA,19.8,0.27,688,NA,NA,NA,NA,10,Low,609329,614064,4735,4735,31.15210753,31.15210753,NA,NA,NA,Aquatic Insects,32,Family,Ceratopogonidae,Ceratopogonidae,Pupae,1,0.032,0.032,NA,NA,NA,NA,NA,NA,NA,NA,NA,NA,NA   NA   NA   NA,NA   NA   NA   NA
STTD_2005-04-27 12:50:00,4/27/2005 12:50,STTD,2005,A,FALSE,CLD,NA,NA,19.8,0.27,688,NA,NA,NA,NA,10,Low,609329,614064,4735,4735,31.15210753,31.15210753,NA,NA,NA,Aquatic Non-Insects,9,Family,Corophiidae,Corophiidae,NotDetermined,1,0.032,0.032,NA,NA,NA,NA,NA,NA,NA,NA,NA,NA,NA   NA   NA   NA,NA   NA   NA   NA
STTD_2005-04-27 12:50:00,4/27/2005 12:50,STTD,2005,A,FALSE,CLD,NA,NA,19.8,0.27,688,NA,NA,NA,NA,10,Low,609329,614064,4735,4735,31.15210753,31.15210753,NA,NA,NA,Terrestrial Insects,71,Order,Hemiptera,Hemiptera,Larvae,1,0.032,0.032,NA,NA,NA,NA,NA,NA,NA,NA,NA,NA,NA   NA   NA   NA,NA   NA   NA   NA
STTD_2005-04-27 12:50:00,4/27/2005 12:50,STTD,2005,A,FALSE,CLD,NA,NA,19.8,0.27,688,NA,NA,NA,NA,10,Low,609329,614064,4735,4735,31.15210753,31.15210753,NA,NA,NA,Terrestrial Insects,71,Order,Hemiptera,Hemiptera,Adults,14,0.449,0.449,NA,NA,NA,NA,NA,NA,NA,NA,NA,NA,NA   NA   NA   NA,NA   NA   NA   NA
STTD_2005-04-27 12:50:00,4/27/2005 12:50,STTD,2005,A,FALSE,CLD,NA,NA,19.8,0.27,688,NA,NA,NA,NA,10,Low,609329,614064,4735,4735,31.15210753,31.15210753,NA,NA,NA,Terrestrial Insects,63,Order,Coleoptera,Coleoptera,Adults,1,0.032,0.032,NA,NA,NA,NA,NA,NA,NA,NA,NA,NA,NA   NA   NA   NA,NA   NA   NA   NA
STTD_2005-04-27 12:50:00,4/27/2005 12:50,STTD,2005,A,FALSE,CLD,NA,NA,19.8,0.27,688,NA,NA,NA,NA,10,Low,609329,614064,4735,4735,31.15210753,31.15210753,NA,NA,NA,Terrestrial Insects,64,Order,Diptera,Diptera,Larvae,1,0.032,0.032,NA,NA,NA,NA,NA,NA,NA,NA,NA,NA,NA   NA   NA   NA,NA   NA   NA   NA
STTD_2005-04-27 12:50:00,4/27/2005 12:50,STTD,2005,A,FALSE,CLD,NA,NA,19.8,0.27,688,NA,NA,NA,NA,10,Low,609329,614064,4735,4735,31.15210753,31.15210753,NA,NA,NA,Terrestrial Insects,64,Order,Diptera,Diptera,Adults,1,0.032,0.032,NA,NA,NA,NA,NA,NA,NA,NA,NA,NA,NA   NA   NA   NA,NA   NA   NA   NA
STTD_2005-04-27 12:50:00,4/27/2005 12:50,STTD,2005,A,FALSE,CLD,NA,NA,19.8,0.27,688,NA,NA,NA,NA,10,Low,609329,614064,4735,4735,31.15210753,31.15210753,NA,NA,NA,Terrestrial Insects,73,Order,Lepidoptera,Lepidoptera,Larvae,1,0.032,0.032,NA,NA,NA,NA,NA,NA,NA,NA,NA,NA,NA   NA   NA   NA,NA   NA   NA   NA
STTD_2005-04-27 12:50:00,4/27/2005 12:50,STTD,2005,A,FALSE,CLD,NA,NA,19.8,0.27,688,NA,NA,NA,NA,10,Low,609329,614064,4735,4735,31.15210753,31.15210753,NA,NA,NA,Terrestrial Insects,66,Order,Hymenoptera,Hymenoptera,Adults,3,0.096,0.096,NA,NA,NA,NA,NA,NA,NA,NA,NA,NA,NA   NA   NA   NA,NA   NA   NA   NA
STTD_2005-05-09 12:45:00,5/9/2005 12:45,STTD,2005,A,FALSE,RAN,NA,NA,19.4,0.18,NA,NA,NA,NA,NA,10,Regular,161072,173150,12078,12078,37.09862744,37.09862744,NA,NA,NA,Aquatic Insects,44,Family,Corixidae,Corixidae,Larvae,15,0.404,0.404,NA,NA,NA,NA,NA,NA,NA,NA,NA,NA,NA   NA   NA   NA,NA   NA   NA   NA
STTD_2005-05-09 12:45:00,5/9/2005 12:45,STTD,2005,A,FALSE,RAN,NA,NA,19.4,0.18,NA,NA,NA,NA,NA,10,Regular,161072,173150,12078,12078,37.09862744,37.09862744,NA,NA,NA,Aquatic Insects,81,Family,Hydrophilidae,Hydrophilidae,Adults,1,0.027,0.027,NA,NA,NA,NA,NA,NA,NA,NA,NA,NA,NA   NA   NA   NA,NA   NA   NA   NA
STTD_2005-05-09 12:45:00,5/9/2005 12:45,STTD,2005,A,FALSE,RAN,NA,NA,19.4,0.18,NA,NA,NA,NA,NA,10,Regular,161072,173150,12078,12078,37.09862744,37.09862744,NA,NA,NA,Aquatic Insects,34,Family,Chironomidae,Chironomidae,Larvae,5,0.135,0.135,NA,NA,NA,NA,NA,NA,NA,NA,NA,NA,NA   NA   NA   NA,NA   NA   NA   NA
STTD_2005-05-09 12:45:00,5/9/2005 12:45,STTD,2005,A,FALSE,RAN,NA,NA,19.4,0.18,NA,NA,NA,NA,NA,10,Regular,161072,173150,12078,12078,37.09862744,37.09862744,NA,NA,NA,Aquatic Insects,34,Family,Chironomidae,Chironomidae,Pupae,13,0.35,0.35,NA,NA,NA,NA,NA,NA,NA,NA,NA,NA,NA   NA   NA   NA,NA   NA   NA   NA
STTD_2005-05-09 12:45:00,5/9/2005 12:45,STTD,2005,A,FALSE,RAN,NA,NA,19.4,0.18,NA,NA,NA,NA,NA,10,Regular,161072,173150,12078,12078,37.09862744,37.09862744,NA,NA,NA,Aquatic Insects,34,Family,Chironomidae,Chironomidae,Adults,14,0.377,0.377,NA,NA,NA,NA,NA,NA,NA,NA,NA,NA,NA   NA   NA   NA,NA   NA   NA   NA
STTD_2005-05-09 12:45:00,5/9/2005 12:45,STTD,2005,A,FALSE,RAN,NA,NA,19.4,0.18,NA,NA,NA,NA,NA,10,Regular,161072,173150,12078,12078,37.09862744,37.09862744,NA,NA,NA,Aquatic Non-Insects,4,Family,Naididae,Naididae,NotDetermined,3,0.081,0.081,NA,NA,NA,NA,NA,NA,NA,NA,NA,NA,NA   NA   NA   NA,NA   NA   NA   NA
STTD_2005-05-09 12:45:00,5/9/2005 12:45,STTD,2005,A,FALSE,RAN,NA,NA,19.4,0.18,NA,NA,NA,NA,NA,10,Regular,161072,173150,12078,12078,37.09862744,37.09862744,NA,NA,NA,Aquatic Non-Insects,9,Family,Corophiidae,Corophiidae,NotDetermined,5,0.135,0.135,NA,NA,NA,NA,NA,NA,NA,NA,NA,NA,NA   NA   NA   NA,NA   NA   NA   NA
STTD_2005-05-09 12:45:00,5/9/2005 12:45,STTD,2005,A,FALSE,RAN,NA,NA,19.4,0.18,NA,NA,NA,NA,NA,10,Regular,161072,173150,12078,12078,37.09862744,37.09862744,NA,NA,NA,Aquatic Non-Insects,18,Family,Hydridae,Hydridae,NotDetermined,1,0.027,0.027,NA,NA,NA,NA,NA,NA,NA,NA,NA,NA,NA   NA   NA   NA,NA   NA   NA   NA
STTD_2005-05-09 12:45:00,5/9/2005 12:45,STTD,2005,A,FALSE,RAN,NA,NA,19.4,0.18,NA,NA,NA,NA,NA,10,Regular,161072,173150,12078,12078,37.09862744,37.09862744,NA,NA,NA,Terrestrial Insects,71,Order,Hemiptera,Hemiptera,Adults,25,0.674,0.674,NA,NA,NA,NA,NA,NA,NA,NA,NA,NA,NA   NA   NA   NA,NA   NA   NA   NA
STTD_2005-05-09 12:45:00,5/9/2005 12:45,STTD,2005,A,FALSE,RAN,NA,NA,19.4,0.18,NA,NA,NA,NA,NA,10,Regular,161072,173150,12078,12078,37.09862744,37.09862744,NA,NA,NA,Terrestrial Insects,63,Order,Coleoptera,Coleoptera,Larvae,1,0.027,0.027,NA,NA,NA,NA,NA,NA,NA,NA,NA,NA,NA   NA   NA   NA,NA   NA   NA   NA
STTD_2005-05-09 12:45:00,5/9/2005 12:45,STTD,2005,A,FALSE,RAN,NA,NA,19.4,0.18,NA,NA,NA,NA,NA,10,Regular,161072,173150,12078,12078,37.09862744,37.09862744,NA,NA,NA,Terrestrial Insects,63,Order,Coleoptera,Coleoptera,Adults,1,0.027,0.027,NA,NA,NA,NA,NA,NA,NA,NA,NA,NA,NA   NA   NA   NA,NA   NA   NA   NA
STTD_2005-05-09 12:45:00,5/9/2005 12:45,STTD,2005,A,FALSE,RAN,NA,NA,19.4,0.18,NA,NA,NA,NA,NA,10,Regular,161072,173150,12078,12078,37.09862744,37.09862744,NA,NA,NA,Terrestrial Insects,64,Order,Diptera,Diptera,Adults,6,0.162,0.162,NA,NA,NA,NA,NA,NA,NA,NA,NA,NA,NA   NA   NA   NA,NA   NA   NA   NA
STTD_2005-05-09 12:45:00,5/9/2005 12:45,STTD,2005,A,FALSE,RAN,NA,NA,19.4,0.18,NA,NA,NA,NA,NA,10,Regular,161072,173150,12078,12078,37.09862744,37.09862744,NA,NA,NA,Terrestrial Insects,66,Order,Hymenoptera,Hymenoptera,Adults,9,0.243,0.243,NA,NA,NA,NA,NA,NA,NA,NA,NA,NA,NA   NA   NA   NA,NA   NA   NA   NA
STTD_2005-05-09 12:45:00,5/9/2005 12:45,STTD,2005,A,FALSE,RAN,NA,NA,19.4,0.18,NA,NA,NA,NA,NA,10,Regular,161072,173150,12078,12078,37.09862744,37.09862744,NA,NA,NA,Terrestrial Insects,67,Order,Psocoptera,Psocoptera,Larvae,1,0.027,0.027,NA,NA,NA,NA,NA,NA,NA,NA,NA,NA,NA   NA   NA   NA,NA   NA   NA   NA
STTD_2005-05-09 12:45:00,5/9/2005 12:45,STTD,2005,A,FALSE,RAN,NA,NA,19.4,0.18,NA,NA,NA,NA,NA,10,Regular,161072,173150,12078,12078,37.09862744,37.09862744,NA,NA,NA,Terrestrial Non-Insects,58,Suborder,Araneida,Araneida,NotDetermined,2,0.054,0.054,NA,NA,NA,NA,NA,NA,NA,NA,NA,NA,NA   NA   NA   NA,NA   NA   NA   NA
STTD_2005-05-09 12:45:00,5/9/2005 12:45,STTD,2005,A,FALSE,RAN,NA,NA,19.4,0.18,NA,NA,NA,NA,NA,10,Regular,161072,173150,12078,12078,37.09862744,37.09862744,NA,NA,NA,Aquatic Non-Insects,130,Phylum,Nematoda,Nematoda,NotDetermined,1,0.027,0.027,NA,NA,NA,NA,NA,NA,NA,NA,NA,NA,NA   NA   NA   NA,NA   NA   NA   NA
SHR_2005-05-10 15:55:00,5/10/2005 15:55,SHR,2005,A,TRUE,CLR,NA,NA,16.8,0.32,154,NA,NA,NA,NA,10,Low,578300,580910,2610,2610,17.17148905,17.17148905,1,NA,NA,Aquatic Insects,43,Family,Heptageniidae,Heptageniidae,Larvae,1,0.058,0.058,NA,NA,NA,NA,NA,NA,NA,NA,NA,NA,NA   NA   NA   NA,NA   NA   NA   NA
SHR_2005-05-10 15:55:00,5/10/2005 15:55,SHR,2005,A,TRUE,CLR,NA,NA,16.8,0.32,154,NA,NA,NA,NA,10,Low,578300,580910,2610,2610,17.17148905,17.17148905,1,NA,NA,Aquatic Insects,88,Family,Hydroptilidae,Hydroptilidae,Larvae,2,0.116,0.116,NA,NA,NA,NA,NA,NA,NA,NA,NA,NA,NA   NA   NA   NA,NA   NA   NA   NA
SHR_2005-05-10 15:55:00,5/10/2005 15:55,SHR,2005,A,TRUE,CLR,NA,NA,16.8,0.32,154,NA,NA,NA,NA,10,Low,578300,580910,2610,2610,17.17148905,17.17148905,1,NA,NA,Aquatic Insects,88,Family,Hydroptilidae,Hydroptilidae,Adults,1,0.058,0.058,NA,NA,NA,NA,NA,NA,NA,NA,NA,NA,NA   NA   NA   NA,NA   NA   NA   NA
SHR_2005-05-10 15:55:00,5/10/2005 15:55,SHR,2005,A,TRUE,CLR,NA,NA,16.8,0.32,154,NA,NA,NA,NA,10,Low,578300,580910,2610,2610,17.17148905,17.17148905,1,NA,NA,Aquatic Insects,102,Family,Gomphidae,Gomphidae,Larvae,1,0.058,0.058,NA,NA,NA,NA,NA,NA,NA,NA,NA,NA,NA   NA   NA   NA,NA   NA   NA   NA
SHR_2005-05-10 15:55:00,5/10/2005 15:55,SHR,2005,A,TRUE,CLR,NA,NA,16.8,0.32,154,NA,NA,NA,NA,10,Low,578300,580910,2610,2610,17.17148905,17.17148905,1,NA,NA,Aquatic Insects,44,Family,Corixidae,Corixidae,Larvae,5,0.291,0.291,NA,NA,NA,NA,NA,NA,NA,NA,NA,NA,NA   NA   NA   NA,NA   NA   NA   NA
SHR_2005-05-10 15:55:00,5/10/2005 15:55,SHR,2005,A,TRUE,CLR,NA,NA,16.8,0.32,154,NA,NA,NA,NA,10,Low,578300,580910,2610,2610,17.17148905,17.17148905,1,NA,NA,Aquatic Insects,30,Family,Dytiscidae,Dytiscidae,Larvae,1,0.058,0.058,NA,NA,NA,NA,NA,NA,NA,NA,NA,NA,NA   NA   NA   NA,NA   NA   NA   NA
SHR_2005-05-10 15:55:00,5/10/2005 15:55,SHR,2005,A,TRUE,CLR,NA,NA,16.8,0.32,154,NA,NA,NA,NA,10,Low,578300,580910,2610,2610,17.17148905,17.17148905,1,NA,NA,Aquatic Insects,30,Family,Dytiscidae,Dytiscidae,Adults,1,0.058,0.058,NA,NA,NA,NA,NA,NA,NA,NA,NA,NA,NA   NA   NA   NA,NA   NA   NA   NA
SHR_2005-05-10 15:55:00,5/10/2005 15:55,SHR,2005,A,TRUE,CLR,NA,NA,16.8,0.32,154,NA,NA,NA,NA,10,Low,578300,580910,2610,2610,17.17148905,17.17148905,1,NA,NA,Aquatic Insects,81,Family,Hydrophilidae,Hydrophilidae,Larvae,2,0.116,0.116,NA,NA,NA,NA,NA,NA,NA,NA,NA,NA,NA   NA   NA   NA,NA   NA   NA   NA
SHR_2005-05-10 15:55:00,5/10/2005 15:55,SHR,2005,A,TRUE,CLR,NA,NA,16.8,0.32,154,NA,NA,NA,NA,10,Low,578300,580910,2610,2610,17.17148905,17.17148905,1,NA,NA,Aquatic Insects,34,Family,Chironomidae,Chironomidae,Larvae,24,1.398,1.398,NA,NA,NA,NA,NA,NA,NA,NA,NA,NA,NA   NA   NA   NA,NA   NA   NA   NA
SHR_2005-05-10 15:55:00,5/10/2005 15:55,SHR,2005,A,TRUE,CLR,NA,NA,16.8,0.32,154,NA,NA,NA,NA,10,Low,578300,580910,2610,2610,17.17148905,17.17148905,1,NA,NA,Aquatic Insects,34,Family,Chironomidae,Chironomidae,Pupae,10,0.582,0.582,NA,NA,NA,NA,NA,NA,NA,NA,NA,NA,NA   NA   NA   NA,NA   NA   NA   NA
SHR_2005-05-10 15:55:00,5/10/2005 15:55,SHR,2005,A,TRUE,CLR,NA,NA,16.8,0.32,154,NA,NA,NA,NA,10,Low,578300,580910,2610,2610,17.17148905,17.17148905,1,NA,NA,Aquatic Insects,34,Family,Chironomidae,Chironomidae,Adults,25,1.456,1.456,NA,NA,NA,NA,NA,NA,NA,NA,NA,NA,NA   NA   NA   NA,NA   NA   NA   NA
SHR_2005-05-10 15:55:00,5/10/2005 15:55,SHR,2005,A,TRUE,CLR,NA,NA,16.8,0.32,154,NA,NA,NA,NA,10,Low,578300,580910,2610,2610,17.17148905,17.17148905,1,NA,NA,Aquatic Insects,32,Family,Ceratopogonidae,Ceratopogonidae,Pupae,1,0.058,0.058,NA,NA,NA,NA,NA,NA,NA,NA,NA,NA,NA   NA   NA   NA,NA   NA   NA   NA
SHR_2005-05-10 15:55:00,5/10/2005 15:55,SHR,2005,A,TRUE,CLR,NA,NA,16.8,0.32,154,NA,NA,NA,NA,10,Low,578300,580910,2610,2610,17.17148905,17.17148905,1,NA,NA,Aquatic Insects,38,Family,Simuliidae,Simuliidae,Larvae,1,0.058,0.058,NA,NA,NA,NA,NA,NA,NA,NA,NA,NA,NA   NA   NA   NA,NA   NA   NA   NA
SHR_2005-05-10 15:55:00,5/10/2005 15:55,SHR,2005,A,TRUE,CLR,NA,NA,16.8,0.32,154,NA,NA,NA,NA,10,Low,578300,580910,2610,2610,17.17148905,17.17148905,1,NA,NA,Aquatic Non-Insects,4,Family,Naididae,Naididae,NotDetermined,4,0.233,0.233,NA,NA,NA,NA,NA,NA,NA,NA,NA,NA,NA   NA   NA   NA,NA   NA   NA   NA
SHR_2005-05-10 15:55:00,5/10/2005 15:55,SHR,2005,A,TRUE,CLR,NA,NA,16.8,0.32,154,NA,NA,NA,NA,10,Low,578300,580910,2610,2610,17.17148905,17.17148905,1,NA,NA,Aquatic Non-Insects,20,Family,Physidae,Physidae,NotDetermined,4,0.233,0.233,NA,NA,NA,NA,NA,NA,NA,NA,NA,NA,NA   NA   NA   NA,NA   NA   NA   NA
SHR_2005-05-10 15:55:00,5/10/2005 15:55,SHR,2005,A,TRUE,CLR,NA,NA,16.8,0.32,154,NA,NA,NA,NA,10,Low,578300,580910,2610,2610,17.17148905,17.17148905,1,NA,NA,Aquatic Non-Insects,9,Family,Corophiidae,Corophiidae,NotDetermined,3,0.175,0.175,NA,NA,NA,NA,NA,NA,NA,NA,NA,NA,NA   NA   NA   NA,NA   NA   NA   NA
SHR_2005-05-10 15:55:00,5/10/2005 15:55,SHR,2005,A,TRUE,CLR,NA,NA,16.8,0.32,154,NA,NA,NA,NA,10,Low,578300,580910,2610,2610,17.17148905,17.17148905,1,NA,NA,Aquatic Non-Insects,10,Family,Crangonyctidae,Crangonyctidae,NotDetermined,1,0.058,0.058,NA,NA,NA,NA,NA,NA,NA,NA,NA,NA,NA   NA   NA   NA,NA   NA   NA   NA
SHR_2005-05-10 15:55:00,5/10/2005 15:55,SHR,2005,A,TRUE,CLR,NA,NA,16.8,0.32,154,NA,NA,NA,NA,10,Low,578300,580910,2610,2610,17.17148905,17.17148905,1,NA,NA,Terrestrial Non-Insects,57,Subclass,Acari,Acari,NotDetermined,4,0.233,0.233,NA,NA,NA,NA,NA,NA,NA,NA,NA,NA,NA   NA   NA   NA,NA   NA   NA   NA
SHR_2005-05-10 15:55:00,5/10/2005 15:55,SHR,2005,A,TRUE,CLR,NA,NA,16.8,0.32,154,NA,NA,NA,NA,10,Low,578300,580910,2610,2610,17.17148905,17.17148905,1,NA,NA,Aquatic Non-Insects,119,Family,Limnesiidae,Limnesiidae,NotDetermined,2,0.116,0.116,NA,NA,NA,NA,NA,NA,NA,NA,NA,NA,NA   NA   NA   NA,NA   NA   NA   NA
SHR_2005-05-10 15:55:00,5/10/2005 15:55,SHR,2005,A,TRUE,CLR,NA,NA,16.8,0.32,154,NA,NA,NA,NA,10,Low,578300,580910,2610,2610,17.17148905,17.17148905,1,NA,NA,Aquatic Non-Insects,29,Family,Sperchontidae,Sperchontidae,NotDetermined,2,0.116,0.116,NA,NA,NA,NA,NA,NA,NA,NA,NA,NA,NA   NA   NA   NA,NA   NA   NA   NA
SHR_2005-05-10 15:55:00,5/10/2005 15:55,SHR,2005,A,TRUE,CLR,NA,NA,16.8,0.32,154,NA,NA,NA,NA,10,Low,578300,580910,2610,2610,17.17148905,17.17148905,1,NA,NA,Aquatic Non-Insects,146,Family,Sperchontidae,Sperchontidae,NotDetermined,2,0.116,0.116,NA,NA,NA,NA,NA,NA,NA,NA,NA,NA,NA   NA   NA   NA,NA   NA   NA   NA
SHR_2005-05-10 15:55:00,5/10/2005 15:55,SHR,2005,A,TRUE,CLR,NA,NA,16.8,0.32,154,NA,NA,NA,NA,10,Low,578300,580910,2610,2610,17.17148905,17.17148905,1,NA,NA,Aquatic Non-Insects,18,Family,Hydridae,Hydridae,NotDetermined,3,0.175,0.175,NA,NA,NA,NA,NA,NA,NA,NA,NA,NA,NA   NA   NA   NA,NA   NA   NA   NA
SHR_2005-05-10 15:55:00,5/10/2005 15:55,SHR,2005,A,TRUE,CLR,NA,NA,16.8,0.32,154,NA,NA,NA,NA,10,Low,578300,580910,2610,2610,17.17148905,17.17148905,1,NA,NA,Terrestrial Insects,71,Order,Hemiptera,Hemiptera,Larvae,6,0.349,0.349,NA,NA,NA,NA,NA,NA,NA,NA,NA,NA,NA   NA   NA   NA,NA   NA   NA   NA
SHR_2005-05-10 15:55:00,5/10/2005 15:55,SHR,2005,A,TRUE,CLR,NA,NA,16.8,0.32,154,NA,NA,NA,NA,10,Low,578300,580910,2610,2610,17.17148905,17.17148905,1,NA,NA,Terrestrial Insects,71,Order,Hemiptera,Hemiptera,Adults,8,0.466,0.466,NA,NA,NA,NA,NA,NA,NA,NA,NA,NA,NA   NA   NA   NA,NA   NA   NA   NA
SHR_2005-05-10 15:55:00,5/10/2005 15:55,SHR,2005,A,TRUE,CLR,NA,NA,16.8,0.32,154,NA,NA,NA,NA,10,Low,578300,580910,2610,2610,17.17148905,17.17148905,1,NA,NA,Terrestrial Insects,64,Order,Diptera,Diptera,Larvae,3,0.175,0.175,NA,NA,NA,NA,NA,NA,NA,NA,NA,NA,NA   NA   NA   NA,NA   NA   NA   NA
SHR_2005-05-10 15:55:00,5/10/2005 15:55,SHR,2005,A,TRUE,CLR,NA,NA,16.8,0.32,154,NA,NA,NA,NA,10,Low,578300,580910,2610,2610,17.17148905,17.17148905,1,NA,NA,Terrestrial Insects,64,Order,Diptera,Diptera,Adults,10,0.582,0.582,NA,NA,NA,NA,NA,NA,NA,NA,NA,NA,NA   NA   NA   NA,NA   NA   NA   NA
SHR_2005-05-10 15:55:00,5/10/2005 15:55,SHR,2005,A,TRUE,CLR,NA,NA,16.8,0.32,154,NA,NA,NA,NA,10,Low,578300,580910,2610,2610,17.17148905,17.17148905,1,NA,NA,Terrestrial Insects,66,Order,Hymenoptera,Hymenoptera,Adults,1,0.058,0.058,NA,NA,NA,NA,NA,NA,NA,NA,NA,NA,NA   NA   NA   NA,NA   NA   NA   NA
SHR_2005-05-10 15:55:00,5/10/2005 15:55,SHR,2005,A,TRUE,CLR,NA,NA,16.8,0.32,154,NA,NA,NA,NA,10,Low,578300,580910,2610,2610,17.17148905,17.17148905,1,NA,NA,Terrestrial Insects,67,Order,Psocoptera,Psocoptera,Larvae,8,0.466,0.466,NA,NA,NA,NA,NA,NA,NA,NA,NA,NA,NA   NA   NA   NA,NA   NA   NA   NA
SHR_2005-05-10 15:55:00,5/10/2005 15:55,SHR,2005,A,TRUE,CLR,NA,NA,16.8,0.32,154,NA,NA,NA,NA,10,Low,578300,580910,2610,2610,17.17148905,17.17148905,1,NA,NA,Terrestrial Insects,67,Order,Psocoptera,Psocoptera,Adults,1,0.058,0.058,NA,NA,NA,NA,NA,NA,NA,NA,NA,NA,NA   NA   NA   NA,NA   NA   NA   NA
SHR_2005-05-10 15:55:00,5/10/2005 15:55,SHR,2005,A,TRUE,CLR,NA,NA,16.8,0.32,154,NA,NA,NA,NA,10,Low,578300,580910,2610,2610,17.17148905,17.17148905,1,NA,NA,Terrestrial Insects,85,Order,Thysanoptera,Thysanoptera,Adults,1,0.058,0.058,NA,NA,NA,NA,NA,NA,NA,NA,NA,NA,NA   NA   NA   NA,NA   NA   NA   NA
SHR_2005-05-10 15:55:00,5/10/2005 15:55,SHR,2005,A,TRUE,CLR,NA,NA,16.8,0.32,154,NA,NA,NA,NA,10,Low,578300,580910,2610,2610,17.17148905,17.17148905,1,NA,NA,Terrestrial Non-Insects,58,Suborder,Araneida,Araneida,NotDetermined,2,0.116,0.116,NA,NA,NA,NA,NA,NA,NA,NA,NA,NA,NA   NA   NA   NA,NA   NA   NA   NA
SHR_2005-05-10 15:55:00,5/10/2005 15:55,SHR,2005,A,TRUE,CLR,NA,NA,16.8,0.32,154,NA,NA,NA,NA,10,Low,578300,580910,2610,2610,17.17148905,17.17148905,1,NA,NA,Terrestrial Non-Insects,59,Order,Geophilomorpha,Geophilomorpha,NotDetermined,1,0.058,0.058,NA,NA,NA,NA,NA,NA,NA,NA,NA,NA,NA   NA   NA   NA,NA   NA   NA   NA
SHR_2005-05-10 15:55:00,5/10/2005 15:55,SHR,2005,A,TRUE,CLR,NA,NA,16.8,0.32,154,NA,NA,NA,NA,10,Low,578300,580910,2610,2610,17.17148905,17.17148905,1,NA,NA,Aquatic Non-Insects,124,Phylum,Ectoprocta,Ectoprocta,NotDetermined,1,0.058,0.058,NA,NA,NA,NA,NA,NA,NA,NA,NA,NA,NA   NA   NA   NA,NA   NA   NA   NA
SHR_2005-05-10 15:55:00,5/10/2005 15:55,SHR,2005,A,TRUE,CLR,NA,NA,16.8,0.32,154,NA,NA,NA,NA,10,Low,578300,580910,2610,2610,17.17148905,17.17148905,1,NA,NA,Aquatic Non-Insects,130,Phylum,Nematoda,Nematoda,NotDetermined,2,0.116,0.116,NA,NA,NA,NA,NA,NA,NA,NA,NA,NA,NA   NA   NA   NA,NA   NA   NA   NA
SHR_2005-05-27 10:40:00,5/27/2005 10:40,SHR,2005,A,FALSE,CLR,NA,NA,19,0.35,108,NA,NA,NA,NA,10,Regular,249386,258295,8909,8909,27.36476833,27.36476833,1,NA,NA,Aquatic Insects,41,Family,Baetidae,Baetidae,Larvae,5,0.183,0.183,NA,NA,NA,NA,NA,NA,NA,NA,NA,NA,NA   NA   NA   NA,NA   NA   NA   NA
SHR_2005-05-27 10:40:00,5/27/2005 10:40,SHR,2005,A,FALSE,CLR,NA,NA,19,0.35,108,NA,NA,NA,NA,10,Regular,249386,258295,8909,8909,27.36476833,27.36476833,1,NA,NA,Aquatic Insects,107,Family,Leptohyphidae,Leptohyphidae,Larvae,1,0.037,0.037,NA,NA,NA,NA,NA,NA,NA,NA,NA,NA,NA   NA   NA   NA,NA   NA   NA   NA
SHR_2005-05-27 10:40:00,5/27/2005 10:40,SHR,2005,A,FALSE,CLR,NA,NA,19,0.35,108,NA,NA,NA,NA,10,Regular,249386,258295,8909,8909,27.36476833,27.36476833,1,NA,NA,Aquatic Insects,88,Family,Hydroptilidae,Hydroptilidae,Larvae,2,0.073,0.073,NA,NA,NA,NA,NA,NA,NA,NA,NA,NA,NA   NA   NA   NA,NA   NA   NA   NA
SHR_2005-05-27 10:40:00,5/27/2005 10:40,SHR,2005,A,FALSE,CLR,NA,NA,19,0.35,108,NA,NA,NA,NA,10,Regular,249386,258295,8909,8909,27.36476833,27.36476833,1,NA,NA,Aquatic Insects,44,Family,Corixidae,Corixidae,Larvae,3,0.11,0.11,NA,NA,NA,NA,NA,NA,NA,NA,NA,NA,NA   NA   NA   NA,NA   NA   NA   NA
SHR_2005-05-27 10:40:00,5/27/2005 10:40,SHR,2005,A,FALSE,CLR,NA,NA,19,0.35,108,NA,NA,NA,NA,10,Regular,249386,258295,8909,8909,27.36476833,27.36476833,1,NA,NA,Aquatic Insects,34,Family,Chironomidae,Chironomidae,Larvae,12,0.439,0.439,NA,NA,NA,NA,NA,NA,NA,NA,NA,NA,NA   NA   NA   NA,NA   NA   NA   NA
SHR_2005-05-27 10:40:00,5/27/2005 10:40,SHR,2005,A,FALSE,CLR,NA,NA,19,0.35,108,NA,NA,NA,NA,10,Regular,249386,258295,8909,8909,27.36476833,27.36476833,1,NA,NA,Aquatic Insects,34,Family,Chironomidae,Chironomidae,Pupae,2,0.073,0.073,NA,NA,NA,NA,NA,NA,NA,NA,NA,NA,NA   NA   NA   NA,NA   NA   NA   NA
SHR_2005-05-27 10:40:00,5/27/2005 10:40,SHR,2005,A,FALSE,CLR,NA,NA,19,0.35,108,NA,NA,NA,NA,10,Regular,249386,258295,8909,8909,27.36476833,27.36476833,1,NA,NA,Aquatic Insects,34,Family,Chironomidae,Chironomidae,Adults,5,0.183,0.183,NA,NA,NA,NA,NA,NA,NA,NA,NA,NA,NA   NA   NA   NA,NA   NA   NA   NA
SHR_2005-05-27 10:40:00,5/27/2005 10:40,SHR,2005,A,FALSE,CLR,NA,NA,19,0.35,108,NA,NA,NA,NA,10,Regular,249386,258295,8909,8909,27.36476833,27.36476833,1,NA,NA,Aquatic Insects,32,Family,Ceratopogonidae,Ceratopogonidae,Larvae,3,0.11,0.11,NA,NA,NA,NA,NA,NA,NA,NA,NA,NA,NA   NA   NA   NA,NA   NA   NA   NA
SHR_2005-05-27 10:40:00,5/27/2005 10:40,SHR,2005,A,FALSE,CLR,NA,NA,19,0.35,108,NA,NA,NA,NA,10,Regular,249386,258295,8909,8909,27.36476833,27.36476833,1,NA,NA,Aquatic Insects,38,Family,Simuliidae,Simuliidae,Larvae,2,0.073,0.073,NA,NA,NA,NA,NA,NA,NA,NA,NA,NA,NA   NA   NA   NA,NA   NA   NA   NA
SHR_2005-05-27 10:40:00,5/27/2005 10:40,SHR,2005,A,FALSE,CLR,NA,NA,19,0.35,108,NA,NA,NA,NA,10,Regular,249386,258295,8909,8909,27.36476833,27.36476833,1,NA,NA,Aquatic Non-Insects,4,Family,Naididae,Naididae,NotDetermined,1,0.037,0.037,NA,NA,NA,NA,NA,NA,NA,NA,NA,NA,NA   NA   NA   NA,NA   NA   NA   NA
SHR_2005-05-27 10:40:00,5/27/2005 10:40,SHR,2005,A,FALSE,CLR,NA,NA,19,0.35,108,NA,NA,NA,NA,10,Regular,249386,258295,8909,8909,27.36476833,27.36476833,1,NA,NA,Aquatic Non-Insects,106,Family,Lymnaeidae,Lymnaeidae,NotDetermined,1,0.037,0.037,NA,NA,NA,NA,NA,NA,NA,NA,NA,NA,NA   NA   NA   NA,NA   NA   NA   NA
SHR_2005-05-27 10:40:00,5/27/2005 10:40,SHR,2005,A,FALSE,CLR,NA,NA,19,0.35,108,NA,NA,NA,NA,10,Regular,249386,258295,8909,8909,27.36476833,27.36476833,1,NA,NA,Aquatic Non-Insects,9,Family,Corophiidae,Corophiidae,NotDetermined,6,0.219,0.219,NA,NA,NA,NA,NA,NA,NA,NA,NA,NA,NA   NA   NA   NA,NA   NA   NA   NA
SHR_2005-05-27 10:40:00,5/27/2005 10:40,SHR,2005,A,FALSE,CLR,NA,NA,19,0.35,108,NA,NA,NA,NA,10,Regular,249386,258295,8909,8909,27.36476833,27.36476833,1,NA,NA,Aquatic Non-Insects,77,Family,Hygrobatidae,Hygrobatidae,NotDetermined,1,0.037,0.037,NA,NA,NA,NA,NA,NA,NA,NA,NA,NA,NA   NA   NA   NA,NA   NA   NA   NA
SHR_2005-05-27 10:40:00,5/27/2005 10:40,SHR,2005,A,FALSE,CLR,NA,NA,19,0.35,108,NA,NA,NA,NA,10,Regular,249386,258295,8909,8909,27.36476833,27.36476833,1,NA,NA,Terrestrial Insects,71,Order,Hemiptera,Hemiptera,Adults,1,0.037,0.037,NA,NA,NA,NA,NA,NA,NA,NA,NA,NA,NA   NA   NA   NA,NA   NA   NA   NA
SHR_2005-05-27 10:40:00,5/27/2005 10:40,SHR,2005,A,FALSE,CLR,NA,NA,19,0.35,108,NA,NA,NA,NA,10,Regular,249386,258295,8909,8909,27.36476833,27.36476833,1,NA,NA,Terrestrial Insects,64,Order,Diptera,Diptera,Adults,8,0.292,0.292,NA,NA,NA,NA,NA,NA,NA,NA,NA,NA,NA   NA   NA   NA,NA   NA   NA   NA
SHR_2005-05-27 10:40:00,5/27/2005 10:40,SHR,2005,A,FALSE,CLR,NA,NA,19,0.35,108,NA,NA,NA,NA,10,Regular,249386,258295,8909,8909,27.36476833,27.36476833,1,NA,NA,Terrestrial Insects,66,Order,Hymenoptera,Hymenoptera,Adults,2,0.073,0.073,NA,NA,NA,NA,NA,NA,NA,NA,NA,NA,NA   NA   NA   NA,NA   NA   NA   NA
SHR_2005-05-27 10:40:00,5/27/2005 10:40,SHR,2005,A,FALSE,CLR,NA,NA,19,0.35,108,NA,NA,NA,NA,10,Regular,249386,258295,8909,8909,27.36476833,27.36476833,1,NA,NA,Terrestrial Insects,67,Order,Psocoptera,Psocoptera,Larvae,1,0.037,0.037,NA,NA,NA,NA,NA,NA,NA,NA,NA,NA,NA   NA   NA   NA,NA   NA   NA   NA
SHR_2005-05-27 10:40:00,5/27/2005 10:40,SHR,2005,A,FALSE,CLR,NA,NA,19,0.35,108,NA,NA,NA,NA,10,Regular,249386,258295,8909,8909,27.36476833,27.36476833,1,NA,NA,Terrestrial Insects,67,Order,Psocoptera,Psocoptera,Adults,1,0.037,0.037,NA,NA,NA,NA,NA,NA,NA,NA,NA,NA,NA   NA   NA   NA,NA   NA   NA   NA
SHR_2005-05-27 10:40:00,5/27/2005 10:40,SHR,2005,A,FALSE,CLR,NA,NA,19,0.35,108,NA,NA,NA,NA,10,Regular,249386,258295,8909,8909,27.36476833,27.36476833,1,NA,NA,Terrestrial Insects,85,Order,Thysanoptera,Thysanoptera,Larvae,1,0.037,0.037,NA,NA,NA,NA,NA,NA,NA,NA,NA,NA,NA   NA   NA   NA,NA   NA   NA   NA
SHR_2005-05-27 10:40:00,5/27/2005 10:40,SHR,2005,A,FALSE,CLR,NA,NA,19,0.35,108,NA,NA,NA,NA,10,Regular,249386,258295,8909,8909,27.36476833,27.36476833,1,NA,NA,Terrestrial Non-Insects,58,Suborder,Araneida,Araneida,NotDetermined,1,0.037,0.037,NA,NA,NA,NA,NA,NA,NA,NA,NA,NA,NA   NA   NA   NA,NA   NA   NA   NA
SHR_2005-05-27 10:40:00,5/27/2005 10:40,SHR,2005,A,FALSE,CLR,NA,NA,19,0.35,108,NA,NA,NA,NA,10,Regular,249386,258295,8909,8909,27.36476833,27.36476833,1,NA,NA,Aquatic Insects,122,Family,Perlodidae,Perlodidae,Larvae,1,0.037,0.037,NA,NA,NA,NA,NA,NA,NA,NA,NA,NA,NA   NA   NA   NA,NA   NA   NA   NA
SHR_2005-05-27 10:40:00,5/27/2005 10:40,SHR,2005,A,FALSE,CLR,NA,NA,19,0.35,108,NA,NA,NA,NA,10,Regular,249386,258295,8909,8909,27.36476833,27.36476833,1,NA,NA,Aquatic Non-Insects,130,Phylum,Nematoda,Nematoda,NotDetermined,1,0.037,0.037,NA,NA,NA,NA,NA,NA,NA,NA,NA,NA,NA   NA   NA   NA,NA   NA   NA   NA
STTD_2005-05-27 12:50:00,5/27/2005 12:50,STTD,2005,A,FALSE,CLR,NA,NA,23,0.3,300,NA,NA,NA,NA,10,Regular,258290,278533,20243,20243,62.17813507,62.17813507,NA,NA,NA,Aquatic Insects,42,Family,Ephemerellidae,Ephemerellidae,Larvae,1,0.016,0.016,NA,NA,NA,NA,NA,NA,NA,NA,NA,NA,NA   NA   NA   NA,NA   NA   NA   NA
STTD_2005-05-27 12:50:00,5/27/2005 12:50,STTD,2005,A,FALSE,CLR,NA,NA,23,0.3,300,NA,NA,NA,NA,10,Regular,258290,278533,20243,20243,62.17813507,62.17813507,NA,NA,NA,Aquatic Insects,46,Family,Coenagrionidae,Coenagrionidae,Larvae,1,0.016,0.016,NA,NA,NA,NA,NA,NA,NA,NA,NA,NA,NA   NA   NA   NA,NA   NA   NA   NA
STTD_2005-05-27 12:50:00,5/27/2005 12:50,STTD,2005,A,FALSE,CLR,NA,NA,23,0.3,300,NA,NA,NA,NA,10,Regular,258290,278533,20243,20243,62.17813507,62.17813507,NA,NA,NA,Aquatic Insects,44,Family,Corixidae,Corixidae,Larvae,143,2.3,2.3,NA,NA,NA,NA,NA,NA,NA,NA,NA,NA,NA   NA   NA   NA,NA   NA   NA   NA
STTD_2005-05-27 12:50:00,5/27/2005 12:50,STTD,2005,A,FALSE,CLR,NA,NA,23,0.3,300,NA,NA,NA,NA,10,Regular,258290,278533,20243,20243,62.17813507,62.17813507,NA,NA,NA,Aquatic Insects,44,Family,Corixidae,Corixidae,Adults,3,0.048,0.048,NA,NA,NA,NA,NA,NA,NA,NA,NA,NA,NA   NA   NA   NA,NA   NA   NA   NA
STTD_2005-05-27 12:50:00,5/27/2005 12:50,STTD,2005,A,FALSE,CLR,NA,NA,23,0.3,300,NA,NA,NA,NA,10,Regular,258290,278533,20243,20243,62.17813507,62.17813507,NA,NA,NA,Aquatic Insects,45,Family,Notonectidae,Notonectidae,Adults,1,0.016,0.016,NA,NA,NA,NA,NA,NA,NA,NA,NA,NA,NA   NA   NA   NA,NA   NA   NA   NA
STTD_2005-05-27 12:50:00,5/27/2005 12:50,STTD,2005,A,FALSE,CLR,NA,NA,23,0.3,300,NA,NA,NA,NA,10,Regular,258290,278533,20243,20243,62.17813507,62.17813507,NA,NA,NA,Aquatic Insects,30,Family,Dytiscidae,Dytiscidae,Larvae,18,0.289,0.289,NA,NA,NA,NA,NA,NA,NA,NA,NA,NA,NA   NA   NA   NA,NA   NA   NA   NA
STTD_2005-05-27 12:50:00,5/27/2005 12:50,STTD,2005,A,FALSE,CLR,NA,NA,23,0.3,300,NA,NA,NA,NA,10,Regular,258290,278533,20243,20243,62.17813507,62.17813507,NA,NA,NA,Aquatic Insects,30,Family,Dytiscidae,Dytiscidae,Adults,2,0.032,0.032,NA,NA,NA,NA,NA,NA,NA,NA,NA,NA,NA   NA   NA   NA,NA   NA   NA   NA
STTD_2005-05-27 12:50:00,5/27/2005 12:50,STTD,2005,A,FALSE,CLR,NA,NA,23,0.3,300,NA,NA,NA,NA,10,Regular,258290,278533,20243,20243,62.17813507,62.17813507,NA,NA,NA,Aquatic Insects,81,Family,Hydrophilidae,Hydrophilidae,Larvae,2,0.032,0.032,NA,NA,NA,NA,NA,NA,NA,NA,NA,NA,NA   NA   NA   NA,NA   NA   NA   NA
STTD_2005-05-27 12:50:00,5/27/2005 12:50,STTD,2005,A,FALSE,CLR,NA,NA,23,0.3,300,NA,NA,NA,NA,10,Regular,258290,278533,20243,20243,62.17813507,62.17813507,NA,NA,NA,Aquatic Insects,34,Family,Chironomidae,Chironomidae,Larvae,9,0.145,0.145,NA,NA,NA,NA,NA,NA,NA,NA,NA,NA,NA   NA   NA   NA,NA   NA   NA   NA
STTD_2005-05-27 12:50:00,5/27/2005 12:50,STTD,2005,A,FALSE,CLR,NA,NA,23,0.3,300,NA,NA,NA,NA,10,Regular,258290,278533,20243,20243,62.17813507,62.17813507,NA,NA,NA,Aquatic Insects,34,Family,Chironomidae,Chironomidae,Pupae,30,0.482,0.482,NA,NA,NA,NA,NA,NA,NA,NA,NA,NA,NA   NA   NA   NA,NA   NA   NA   NA
STTD_2005-05-27 12:50:00,5/27/2005 12:50,STTD,2005,A,FALSE,CLR,NA,NA,23,0.3,300,NA,NA,NA,NA,10,Regular,258290,278533,20243,20243,62.17813507,62.17813507,NA,NA,NA,Aquatic Insects,34,Family,Chironomidae,Chironomidae,Adults,88,1.415,1.415,NA,NA,NA,NA,NA,NA,NA,NA,NA,NA,NA   NA   NA   NA,NA   NA   NA   NA
STTD_2005-05-27 12:50:00,5/27/2005 12:50,STTD,2005,A,FALSE,CLR,NA,NA,23,0.3,300,NA,NA,NA,NA,10,Regular,258290,278533,20243,20243,62.17813507,62.17813507,NA,NA,NA,Aquatic Insects,33,Family,Chaoboridae,Chaoboridae,Larvae,1,0.016,0.016,NA,NA,NA,NA,NA,NA,NA,NA,NA,NA,NA   NA   NA   NA,NA   NA   NA   NA
STTD_2005-05-27 12:50:00,5/27/2005 12:50,STTD,2005,A,FALSE,CLR,NA,NA,23,0.3,300,NA,NA,NA,NA,10,Regular,258290,278533,20243,20243,62.17813507,62.17813507,NA,NA,NA,Aquatic Insects,49,Family,Culicidae,Culicidae,Larvae,2,0.032,0.032,NA,NA,NA,NA,NA,NA,NA,NA,NA,NA,NA   NA   NA   NA,NA   NA   NA   NA
STTD_2005-05-27 12:50:00,5/27/2005 12:50,STTD,2005,A,FALSE,CLR,NA,NA,23,0.3,300,NA,NA,NA,NA,10,Regular,258290,278533,20243,20243,62.17813507,62.17813507,NA,NA,NA,Aquatic Insects,36,Family,Ephydridae,Ephydridae,Larvae,1,0.016,0.016,NA,NA,NA,NA,NA,NA,NA,NA,NA,NA,NA   NA   NA   NA,NA   NA   NA   NA
STTD_2005-05-27 12:50:00,5/27/2005 12:50,STTD,2005,A,FALSE,CLR,NA,NA,23,0.3,300,NA,NA,NA,NA,10,Regular,258290,278533,20243,20243,62.17813507,62.17813507,NA,NA,NA,Aquatic Insects,36,Family,Ephydridae,Ephydridae,Pupae,9,0.145,0.145,NA,NA,NA,NA,NA,NA,NA,NA,NA,NA,NA   NA   NA   NA,NA   NA   NA   NA
STTD_2005-05-27 12:50:00,5/27/2005 12:50,STTD,2005,A,FALSE,CLR,NA,NA,23,0.3,300,NA,NA,NA,NA,10,Regular,258290,278533,20243,20243,62.17813507,62.17813507,NA,NA,NA,Aquatic Non-Insects,4,Family,Naididae,Naididae,NotDetermined,3,0.048,0.048,NA,NA,NA,NA,NA,NA,NA,NA,NA,NA,NA   NA   NA   NA,NA   NA   NA   NA
STTD_2005-05-27 12:50:00,5/27/2005 12:50,STTD,2005,A,FALSE,CLR,NA,NA,23,0.3,300,NA,NA,NA,NA,10,Regular,258290,278533,20243,20243,62.17813507,62.17813507,NA,NA,NA,Aquatic Non-Insects,20,Family,Physidae,Physidae,NotDetermined,120,1.93,1.93,NA,NA,NA,NA,NA,NA,NA,NA,NA,NA,NA   NA   NA   NA,NA   NA   NA   NA
STTD_2005-05-27 12:50:00,5/27/2005 12:50,STTD,2005,A,FALSE,CLR,NA,NA,23,0.3,300,NA,NA,NA,NA,10,Regular,258290,278533,20243,20243,62.17813507,62.17813507,NA,NA,NA,Aquatic Non-Insects,9,Family,Corophiidae,Corophiidae,NotDetermined,49,0.788,0.788,NA,NA,NA,NA,NA,NA,NA,NA,NA,NA,NA   NA   NA   NA,NA   NA   NA   NA
STTD_2005-05-27 12:50:00,5/27/2005 12:50,STTD,2005,A,FALSE,CLR,NA,NA,23,0.3,300,NA,NA,NA,NA,10,Regular,258290,278533,20243,20243,62.17813507,62.17813507,NA,NA,NA,Aquatic Non-Insects,10,Family,Crangonyctidae,Crangonyctidae,NotDetermined,3,0.048,0.048,NA,NA,NA,NA,NA,NA,NA,NA,NA,NA,NA   NA   NA   NA,NA   NA   NA   NA
STTD_2005-05-27 12:50:00,5/27/2005 12:50,STTD,2005,A,FALSE,CLR,NA,NA,23,0.3,300,NA,NA,NA,NA,10,Regular,258290,278533,20243,20243,62.17813507,62.17813507,NA,NA,NA,Terrestrial Insects,71,Order,Hemiptera,Hemiptera,Larvae,35,0.563,0.563,NA,NA,NA,NA,NA,NA,NA,NA,NA,NA,NA   NA   NA   NA,NA   NA   NA   NA
STTD_2005-05-27 12:50:00,5/27/2005 12:50,STTD,2005,A,FALSE,CLR,NA,NA,23,0.3,300,NA,NA,NA,NA,10,Regular,258290,278533,20243,20243,62.17813507,62.17813507,NA,NA,NA,Terrestrial Insects,71,Order,Hemiptera,Hemiptera,Adults,25,0.402,0.402,NA,NA,NA,NA,NA,NA,NA,NA,NA,NA,NA   NA   NA   NA,NA   NA   NA   NA
STTD_2005-05-27 12:50:00,5/27/2005 12:50,STTD,2005,A,FALSE,CLR,NA,NA,23,0.3,300,NA,NA,NA,NA,10,Regular,258290,278533,20243,20243,62.17813507,62.17813507,NA,NA,NA,Terrestrial Insects,63,Order,Coleoptera,Coleoptera,Larvae,1,0.016,0.016,NA,NA,NA,NA,NA,NA,NA,NA,NA,NA,NA   NA   NA   NA,NA   NA   NA   NA
STTD_2005-05-27 12:50:00,5/27/2005 12:50,STTD,2005,A,FALSE,CLR,NA,NA,23,0.3,300,NA,NA,NA,NA,10,Regular,258290,278533,20243,20243,62.17813507,62.17813507,NA,NA,NA,Terrestrial Insects,63,Order,Coleoptera,Coleoptera,Adults,4,0.064,0.064,NA,NA,NA,NA,NA,NA,NA,NA,NA,NA,NA   NA   NA   NA,NA   NA   NA   NA
STTD_2005-05-27 12:50:00,5/27/2005 12:50,STTD,2005,A,FALSE,CLR,NA,NA,23,0.3,300,NA,NA,NA,NA,10,Regular,258290,278533,20243,20243,62.17813507,62.17813507,NA,NA,NA,Terrestrial Insects,64,Order,Diptera,Diptera,Adults,20,0.322,0.322,NA,NA,NA,NA,NA,NA,NA,NA,NA,NA,NA   NA   NA   NA,NA   NA   NA   NA
STTD_2005-05-27 12:50:00,5/27/2005 12:50,STTD,2005,A,FALSE,CLR,NA,NA,23,0.3,300,NA,NA,NA,NA,10,Regular,258290,278533,20243,20243,62.17813507,62.17813507,NA,NA,NA,Terrestrial Non-Insects,68,Order,Collembola,Collembola,NotDetermined,7,0.113,0.113,NA,NA,NA,NA,NA,NA,NA,NA,NA,NA,NA   NA   NA   NA,NA   NA   NA   NA
STTD_2005-05-27 12:50:00,5/27/2005 12:50,STTD,2005,A,FALSE,CLR,NA,NA,23,0.3,300,NA,NA,NA,NA,10,Regular,258290,278533,20243,20243,62.17813507,62.17813507,NA,NA,NA,Terrestrial Insects,66,Order,Hymenoptera,Hymenoptera,Adults,10,0.161,0.161,NA,NA,NA,NA,NA,NA,NA,NA,NA,NA,NA   NA   NA   NA,NA   NA   NA   NA
STTD_2005-05-27 12:50:00,5/27/2005 12:50,STTD,2005,A,FALSE,CLR,NA,NA,23,0.3,300,NA,NA,NA,NA,10,Regular,258290,278533,20243,20243,62.17813507,62.17813507,NA,NA,NA,Terrestrial Insects,74,Order,Neuroptera,Neuroptera,Larvae,2,0.032,0.032,NA,NA,NA,NA,NA,NA,NA,NA,NA,NA,NA   NA   NA   NA,NA   NA   NA   NA
STTD_2005-05-27 12:50:00,5/27/2005 12:50,STTD,2005,A,FALSE,CLR,NA,NA,23,0.3,300,NA,NA,NA,NA,10,Regular,258290,278533,20243,20243,62.17813507,62.17813507,NA,NA,NA,Terrestrial Insects,85,Order,Thysanoptera,Thysanoptera,Adults,1,0.016,0.016,NA,NA,NA,NA,NA,NA,NA,NA,NA,NA,NA   NA   NA   NA,NA   NA   NA   NA
STTD_2005-05-27 12:50:00,5/27/2005 12:50,STTD,2005,A,FALSE,CLR,NA,NA,23,0.3,300,NA,NA,NA,NA,10,Regular,258290,278533,20243,20243,62.17813507,62.17813507,NA,NA,NA,Terrestrial Non-Insects,58,Suborder,Araneida,Araneida,NotDetermined,7,0.113,0.113,NA,NA,NA,NA,NA,NA,NA,NA,NA,NA,NA   NA   NA   NA,NA   NA   NA   NA
SHR_2005-06-03 10:30:00,6/3/2005 10:30,SHR,2005,A,FALSE,CLR,NA,NA,18.2,0.43,119,NA,NA,NA,NA,10,Regular,248442,287496,39054,39054,119.9577576,119.9577576,NA,NA,NA,Aquatic Insects,41,Family,Baetidae,Baetidae,Larvae,1,0.008,0.008,NA,NA,NA,NA,NA,NA,2,FM,NA,NA,NA   NA   2   NA,NA   NA   FM   NA
SHR_2005-06-03 10:30:00,6/3/2005 10:30,SHR,2005,A,FALSE,CLR,NA,NA,18.2,0.43,119,NA,NA,NA,NA,10,Regular,248442,287496,39054,39054,119.9577576,119.9577576,NA,NA,NA,Aquatic Insects,42,Family,Ephemerellidae,Ephemerellidae,Larvae,2,0.017,0.017,NA,NA,NA,NA,NA,NA,2,FM,NA,NA,NA   NA   2   NA,NA   NA   FM   NA
SHR_2005-06-03 10:30:00,6/3/2005 10:30,SHR,2005,A,FALSE,CLR,NA,NA,18.2,0.43,119,NA,NA,NA,NA,10,Regular,248442,287496,39054,39054,119.9577576,119.9577576,NA,NA,NA,Aquatic Insects,43,Family,Heptageniidae,Heptageniidae,Larvae,1,0.008,0.008,NA,NA,NA,NA,NA,NA,2,FM,NA,NA,NA   NA   2   NA,NA   NA   FM   NA
SHR_2005-06-03 10:30:00,6/3/2005 10:30,SHR,2005,A,FALSE,CLR,NA,NA,18.2,0.43,119,NA,NA,NA,NA,10,Regular,248442,287496,39054,39054,119.9577576,119.9577576,NA,NA,NA,Aquatic Insects,44,Family,Corixidae,Corixidae,Larvae,2,0.017,0.017,NA,NA,NA,NA,NA,NA,2,FM,NA,NA,NA   NA   2   NA,NA   NA   FM   NA
SHR_2005-06-03 10:30:00,6/3/2005 10:30,SHR,2005,A,FALSE,CLR,NA,NA,18.2,0.43,119,NA,NA,NA,NA,10,Regular,248442,287496,39054,39054,119.9577576,119.9577576,NA,NA,NA,Aquatic Insects,34,Family,Chironomidae,Chironomidae,Larvae,14,0.117,0.117,NA,NA,NA,NA,NA,NA,2,FM,NA,NA,NA   NA   2   NA,NA   NA   FM   NA
SHR_2005-06-03 10:30:00,6/3/2005 10:30,SHR,2005,A,FALSE,CLR,NA,NA,18.2,0.43,119,NA,NA,NA,NA,10,Regular,248442,287496,39054,39054,119.9577576,119.9577576,NA,NA,NA,Aquatic Insects,34,Family,Chironomidae,Chironomidae,Adults,5,0.042,0.042,NA,NA,NA,NA,NA,NA,2,FM,NA,NA,NA   NA   2   NA,NA   NA   FM   NA
SHR_2005-06-03 10:30:00,6/3/2005 10:30,SHR,2005,A,FALSE,CLR,NA,NA,18.2,0.43,119,NA,NA,NA,NA,10,Regular,248442,287496,39054,39054,119.9577576,119.9577576,NA,NA,NA,Aquatic Insects,38,Family,Simuliidae,Simuliidae,Larvae,1,0.008,0.008,NA,NA,NA,NA,NA,NA,2,FM,NA,NA,NA   NA   2   NA,NA   NA   FM   NA
SHR_2005-06-03 10:30:00,6/3/2005 10:30,SHR,2005,A,FALSE,CLR,NA,NA,18.2,0.43,119,NA,NA,NA,NA,10,Regular,248442,287496,39054,39054,119.9577576,119.9577576,NA,NA,NA,Aquatic Non-Insects,90,Family,Glossoscolecidae,Glossoscolecidae,NotDetermined,1,0.008,0.008,NA,NA,NA,NA,NA,NA,2,FM,NA,NA,NA   NA   2   NA,NA   NA   FM   NA
SHR_2005-06-03 10:30:00,6/3/2005 10:30,SHR,2005,A,FALSE,CLR,NA,NA,18.2,0.43,119,NA,NA,NA,NA,10,Regular,248442,287496,39054,39054,119.9577576,119.9577576,NA,NA,NA,Aquatic Non-Insects,4,Family,Naididae,Naididae,NotDetermined,6,0.05,0.05,NA,NA,NA,NA,NA,NA,2,FM,NA,NA,NA   NA   2   NA,NA   NA   FM   NA
SHR_2005-06-03 10:30:00,6/3/2005 10:30,SHR,2005,A,FALSE,CLR,NA,NA,18.2,0.43,119,NA,NA,NA,NA,10,Regular,248442,287496,39054,39054,119.9577576,119.9577576,NA,NA,NA,Aquatic Non-Insects,19,Family,Corbiculidae,Corbiculidae,NotDetermined,1,0.008,0.008,NA,NA,NA,NA,NA,NA,2,FM,NA,NA,NA   NA   2   NA,NA   NA   FM   NA
SHR_2005-06-03 10:30:00,6/3/2005 10:30,SHR,2005,A,FALSE,CLR,NA,NA,18.2,0.43,119,NA,NA,NA,NA,10,Regular,248442,287496,39054,39054,119.9577576,119.9577576,NA,NA,NA,Aquatic Non-Insects,9,Family,Corophiidae,Corophiidae,NotDetermined,4,0.033,0.033,NA,NA,NA,NA,NA,NA,2,FM,NA,NA,NA   NA   2   NA,NA   NA   FM   NA
SHR_2005-06-03 10:30:00,6/3/2005 10:30,SHR,2005,A,FALSE,CLR,NA,NA,18.2,0.43,119,NA,NA,NA,NA,10,Regular,248442,287496,39054,39054,119.9577576,119.9577576,NA,NA,NA,Terrestrial Non-Insects,57,Subclass,Acari,Acari,NotDetermined,1,0.008,0.008,NA,NA,NA,NA,NA,NA,2,FM,NA,NA,NA   NA   2   NA,NA   NA   FM   NA
SHR_2005-06-03 10:30:00,6/3/2005 10:30,SHR,2005,A,FALSE,CLR,NA,NA,18.2,0.43,119,NA,NA,NA,NA,10,Regular,248442,287496,39054,39054,119.9577576,119.9577576,NA,NA,NA,Aquatic Non-Insects,18,Family,Hydridae,Hydridae,NotDetermined,3,0.025,0.025,NA,NA,NA,NA,NA,NA,2,FM,NA,NA,NA   NA   2   NA,NA   NA   FM   NA
SHR_2005-06-03 10:30:00,6/3/2005 10:30,SHR,2005,A,FALSE,CLR,NA,NA,18.2,0.43,119,NA,NA,NA,NA,10,Regular,248442,287496,39054,39054,119.9577576,119.9577576,NA,NA,NA,Terrestrial Insects,71,Order,Hemiptera,Hemiptera,Adults,8,0.067,0.067,NA,NA,NA,NA,NA,NA,2,FM,NA,NA,NA   NA   2   NA,NA   NA   FM   NA
SHR_2005-06-03 10:30:00,6/3/2005 10:30,SHR,2005,A,FALSE,CLR,NA,NA,18.2,0.43,119,NA,NA,NA,NA,10,Regular,248442,287496,39054,39054,119.9577576,119.9577576,NA,NA,NA,Terrestrial Insects,64,Order,Diptera,Diptera,Adults,3,0.025,0.025,NA,NA,NA,NA,NA,NA,2,FM,NA,NA,NA   NA   2   NA,NA   NA   FM   NA
SHR_2005-06-03 10:30:00,6/3/2005 10:30,SHR,2005,A,FALSE,CLR,NA,NA,18.2,0.43,119,NA,NA,NA,NA,10,Regular,248442,287496,39054,39054,119.9577576,119.9577576,NA,NA,NA,Terrestrial Insects,66,Order,Hymenoptera,Hymenoptera,Adults,2,0.017,0.017,NA,NA,NA,NA,NA,NA,2,FM,NA,NA,NA   NA   2   NA,NA   NA   FM   NA
SHR_2005-06-03 10:30:00,6/3/2005 10:30,SHR,2005,A,FALSE,CLR,NA,NA,18.2,0.43,119,NA,NA,NA,NA,10,Regular,248442,287496,39054,39054,119.9577576,119.9577576,NA,NA,NA,Terrestrial Insects,85,Order,Thysanoptera,Thysanoptera,Adults,1,0.008,0.008,NA,NA,NA,NA,NA,NA,2,FM,NA,NA,NA   NA   2   NA,NA   NA   FM   NA
SHR_2005-06-03 10:30:00,6/3/2005 10:30,SHR,2005,A,FALSE,CLR,NA,NA,18.2,0.43,119,NA,NA,NA,NA,10,Regular,248442,287496,39054,39054,119.9577576,119.9577576,NA,NA,NA,Aquatic Non-Insects,130,Phylum,Nematoda,Nematoda,NotDetermined,3,0.025,0.025,NA,NA,NA,NA,NA,NA,2,FM,NA,NA,NA   NA   2   NA,NA   NA   FM   NA
STTD_2005-06-03 12:00:00,6/3/2005 12:00,STTD,2005,A,FALSE,CLR,NA,NA,25.4,0.23,614,NA,NA,NA,NA,10,Regular,287495,294661,7166,7166,22.01099224,22.01099224,1,NA,NA,Aquatic Insects,46,Family,Coenagrionidae,Coenagrionidae,Larvae,2,0.091,0.091,NA,NA,NA,NA,NA,NA,NA,NA,NA,NA,NA   NA   NA   NA,NA   NA   NA   NA
STTD_2005-06-03 12:00:00,6/3/2005 12:00,STTD,2005,A,FALSE,CLR,NA,NA,25.4,0.23,614,NA,NA,NA,NA,10,Regular,287495,294661,7166,7166,22.01099224,22.01099224,1,NA,NA,Aquatic Insects,44,Family,Corixidae,Corixidae,Larvae,42,1.908,1.908,NA,NA,NA,NA,NA,NA,NA,NA,NA,NA,NA   NA   NA   NA,NA   NA   NA   NA
STTD_2005-06-03 12:00:00,6/3/2005 12:00,STTD,2005,A,FALSE,CLR,NA,NA,25.4,0.23,614,NA,NA,NA,NA,10,Regular,287495,294661,7166,7166,22.01099224,22.01099224,1,NA,NA,Aquatic Insects,44,Family,Corixidae,Corixidae,Adults,2,0.091,0.091,NA,NA,NA,NA,NA,NA,NA,NA,NA,NA,NA   NA   NA   NA,NA   NA   NA   NA
STTD_2005-06-03 12:00:00,6/3/2005 12:00,STTD,2005,A,FALSE,CLR,NA,NA,25.4,0.23,614,NA,NA,NA,NA,10,Regular,287495,294661,7166,7166,22.01099224,22.01099224,1,NA,NA,Aquatic Insects,45,Family,Notonectidae,Notonectidae,Larvae,2,0.091,0.091,NA,NA,NA,NA,NA,NA,NA,NA,NA,NA,NA   NA   NA   NA,NA   NA   NA   NA
STTD_2005-06-03 12:00:00,6/3/2005 12:00,STTD,2005,A,FALSE,CLR,NA,NA,25.4,0.23,614,NA,NA,NA,NA,10,Regular,287495,294661,7166,7166,22.01099224,22.01099224,1,NA,NA,Aquatic Insects,30,Family,Dytiscidae,Dytiscidae,Larvae,1,0.045,0.045,NA,NA,NA,NA,NA,NA,NA,NA,NA,NA,NA   NA   NA   NA,NA   NA   NA   NA
STTD_2005-06-03 12:00:00,6/3/2005 12:00,STTD,2005,A,FALSE,CLR,NA,NA,25.4,0.23,614,NA,NA,NA,NA,10,Regular,287495,294661,7166,7166,22.01099224,22.01099224,1,NA,NA,Aquatic Insects,81,Family,Hydrophilidae,Hydrophilidae,Adults,1,0.045,0.045,NA,NA,NA,NA,NA,NA,NA,NA,NA,NA,NA   NA   NA   NA,NA   NA   NA   NA
STTD_2005-06-03 12:00:00,6/3/2005 12:00,STTD,2005,A,FALSE,CLR,NA,NA,25.4,0.23,614,NA,NA,NA,NA,10,Regular,287495,294661,7166,7166,22.01099224,22.01099224,1,NA,NA,Aquatic Insects,34,Family,Chironomidae,Chironomidae,Larvae,2,0.091,0.091,NA,NA,NA,NA,NA,NA,NA,NA,NA,NA,NA   NA   NA   NA,NA   NA   NA   NA
STTD_2005-06-03 12:00:00,6/3/2005 12:00,STTD,2005,A,FALSE,CLR,NA,NA,25.4,0.23,614,NA,NA,NA,NA,10,Regular,287495,294661,7166,7166,22.01099224,22.01099224,1,NA,NA,Aquatic Insects,34,Family,Chironomidae,Chironomidae,Pupae,25,1.136,1.136,NA,NA,NA,NA,NA,NA,NA,NA,NA,NA,NA   NA   NA   NA,NA   NA   NA   NA
STTD_2005-06-03 12:00:00,6/3/2005 12:00,STTD,2005,A,FALSE,CLR,NA,NA,25.4,0.23,614,NA,NA,NA,NA,10,Regular,287495,294661,7166,7166,22.01099224,22.01099224,1,NA,NA,Aquatic Insects,34,Family,Chironomidae,Chironomidae,Adults,60,2.726,2.726,NA,NA,NA,NA,NA,NA,NA,NA,NA,NA,NA   NA   NA   NA,NA   NA   NA   NA
STTD_2005-06-03 12:00:00,6/3/2005 12:00,STTD,2005,A,FALSE,CLR,NA,NA,25.4,0.23,614,NA,NA,NA,NA,10,Regular,287495,294661,7166,7166,22.01099224,22.01099224,1,NA,NA,Aquatic Non-Insects,18,Family,Hydridae,Hydridae,NotDetermined,2,0.091,0.091,NA,NA,NA,NA,NA,NA,NA,NA,NA,NA,NA   NA   NA   NA,NA   NA   NA   NA
STTD_2005-06-03 12:00:00,6/3/2005 12:00,STTD,2005,A,FALSE,CLR,NA,NA,25.4,0.23,614,NA,NA,NA,NA,10,Regular,287495,294661,7166,7166,22.01099224,22.01099224,1,NA,NA,Terrestrial Insects,71,Order,Hemiptera,Hemiptera,Larvae,15,0.681,0.681,NA,NA,NA,NA,NA,NA,NA,NA,NA,NA,NA   NA   NA   NA,NA   NA   NA   NA
STTD_2005-06-03 12:00:00,6/3/2005 12:00,STTD,2005,A,FALSE,CLR,NA,NA,25.4,0.23,614,NA,NA,NA,NA,10,Regular,287495,294661,7166,7166,22.01099224,22.01099224,1,NA,NA,Terrestrial Insects,64,Order,Diptera,Diptera,Adults,7,0.318,0.318,NA,NA,NA,NA,NA,NA,NA,NA,NA,NA,NA   NA   NA   NA,NA   NA   NA   NA
STTD_2005-06-03 12:00:00,6/3/2005 12:00,STTD,2005,A,FALSE,CLR,NA,NA,25.4,0.23,614,NA,NA,NA,NA,10,Regular,287495,294661,7166,7166,22.01099224,22.01099224,1,NA,NA,Terrestrial Insects,66,Order,Hymenoptera,Hymenoptera,Adults,8,0.363,0.363,NA,NA,NA,NA,NA,NA,NA,NA,NA,NA,NA   NA   NA   NA,NA   NA   NA   NA
STTD_2005-06-03 12:00:00,6/3/2005 12:00,STTD,2005,A,FALSE,CLR,NA,NA,25.4,0.23,614,NA,NA,NA,NA,10,Regular,287495,294661,7166,7166,22.01099224,22.01099224,1,NA,NA,Terrestrial Insects,85,Order,Thysanoptera,Thysanoptera,Larvae,2,0.091,0.091,NA,NA,NA,NA,NA,NA,NA,NA,NA,NA,NA   NA   NA   NA,NA   NA   NA   NA
STTD_2005-06-03 12:00:00,6/3/2005 12:00,STTD,2005,A,FALSE,CLR,NA,NA,25.4,0.23,614,NA,NA,NA,NA,10,Regular,287495,294661,7166,7166,22.01099224,22.01099224,1,NA,NA,Aquatic Non-Insects,130,Phylum,Nematoda,Nematoda,NotDetermined,1,0.045,0.045,NA,NA,NA,NA,NA,NA,NA,NA,NA,NA,NA   NA   NA   NA,NA   NA   NA   NA
STTD_2005-06-22 11:15:00,6/22/2005 11:15,STTD,2005,A,FALSE,CLR,NA,NA,22.5,0.13,603,NA,NA,NA,NA,10,Regular,294669,304252,9583,9583,29.43501795,29.43501795,1,NA,NA,Aquatic Insects,44,Family,Corixidae,Corixidae,Larvae,6,0.204,0.204,NA,NA,NA,NA,NA,NA,NA,NA,NA,NA,NA   NA   NA   NA,NA   NA   NA   NA
STTD_2005-06-22 11:15:00,6/22/2005 11:15,STTD,2005,A,FALSE,CLR,NA,NA,22.5,0.13,603,NA,NA,NA,NA,10,Regular,294669,304252,9583,9583,29.43501795,29.43501795,1,NA,NA,Aquatic Insects,44,Family,Corixidae,Corixidae,Adults,1,0.034,0.034,NA,NA,NA,NA,NA,NA,NA,NA,NA,NA,NA   NA   NA   NA,NA   NA   NA   NA
STTD_2005-06-22 11:15:00,6/22/2005 11:15,STTD,2005,A,FALSE,CLR,NA,NA,22.5,0.13,603,NA,NA,NA,NA,10,Regular,294669,304252,9583,9583,29.43501795,29.43501795,1,NA,NA,Aquatic Insects,34,Family,Chironomidae,Chironomidae,Pupae,4,0.136,0.136,NA,NA,NA,NA,NA,NA,NA,NA,NA,NA,NA   NA   NA   NA,NA   NA   NA   NA
STTD_2005-06-22 11:15:00,6/22/2005 11:15,STTD,2005,A,FALSE,CLR,NA,NA,22.5,0.13,603,NA,NA,NA,NA,10,Regular,294669,304252,9583,9583,29.43501795,29.43501795,1,NA,NA,Aquatic Insects,34,Family,Chironomidae,Chironomidae,Adults,15,0.51,0.51,NA,NA,NA,NA,NA,NA,NA,NA,NA,NA,NA   NA   NA   NA,NA   NA   NA   NA
STTD_2005-06-22 11:15:00,6/22/2005 11:15,STTD,2005,A,FALSE,CLR,NA,NA,22.5,0.13,603,NA,NA,NA,NA,10,Regular,294669,304252,9583,9583,29.43501795,29.43501795,1,NA,NA,Aquatic Non-Insects,4,Family,Naididae,Naididae,NotDetermined,2,0.068,0.068,NA,NA,NA,NA,NA,NA,NA,NA,NA,NA,NA   NA   NA   NA,NA   NA   NA   NA
STTD_2005-06-22 11:15:00,6/22/2005 11:15,STTD,2005,A,FALSE,CLR,NA,NA,22.5,0.13,603,NA,NA,NA,NA,10,Regular,294669,304252,9583,9583,29.43501795,29.43501795,1,NA,NA,Aquatic Non-Insects,9,Family,Corophiidae,Corophiidae,NotDetermined,1,0.034,0.034,NA,NA,NA,NA,NA,NA,NA,NA,NA,NA,NA   NA   NA   NA,NA   NA   NA   NA
STTD_2005-06-22 11:15:00,6/22/2005 11:15,STTD,2005,A,FALSE,CLR,NA,NA,22.5,0.13,603,NA,NA,NA,NA,10,Regular,294669,304252,9583,9583,29.43501795,29.43501795,1,NA,NA,Aquatic Non-Insects,18,Family,Hydridae,Hydridae,NotDetermined,5,0.17,0.17,NA,NA,NA,NA,NA,NA,NA,NA,NA,NA,NA   NA   NA   NA,NA   NA   NA   NA
STTD_2005-06-22 11:15:00,6/22/2005 11:15,STTD,2005,A,FALSE,CLR,NA,NA,22.5,0.13,603,NA,NA,NA,NA,10,Regular,294669,304252,9583,9583,29.43501795,29.43501795,1,NA,NA,Terrestrial Insects,71,Order,Hemiptera,Hemiptera,Larvae,324,11.007,11.007,NA,NA,NA,NA,NA,NA,NA,NA,NA,NA,NA   NA   NA   NA,NA   NA   NA   NA
STTD_2005-06-22 11:15:00,6/22/2005 11:15,STTD,2005,A,FALSE,CLR,NA,NA,22.5,0.13,603,NA,NA,NA,NA,10,Regular,294669,304252,9583,9583,29.43501795,29.43501795,1,NA,NA,Terrestrial Insects,71,Order,Hemiptera,Hemiptera,Adults,68,2.31,2.31,NA,NA,NA,NA,NA,NA,NA,NA,NA,NA,NA   NA   NA   NA,NA   NA   NA   NA
STTD_2005-06-22 11:15:00,6/22/2005 11:15,STTD,2005,A,FALSE,CLR,NA,NA,22.5,0.13,603,NA,NA,NA,NA,10,Regular,294669,304252,9583,9583,29.43501795,29.43501795,1,NA,NA,Terrestrial Insects,63,Order,Coleoptera,Coleoptera,Larvae,2,0.068,0.068,NA,NA,NA,NA,NA,NA,NA,NA,NA,NA,NA   NA   NA   NA,NA   NA   NA   NA
STTD_2005-06-22 11:15:00,6/22/2005 11:15,STTD,2005,A,FALSE,CLR,NA,NA,22.5,0.13,603,NA,NA,NA,NA,10,Regular,294669,304252,9583,9583,29.43501795,29.43501795,1,NA,NA,Terrestrial Insects,63,Order,Coleoptera,Coleoptera,Adults,37,1.257,1.257,NA,NA,NA,NA,NA,NA,NA,NA,NA,NA,NA   NA   NA   NA,NA   NA   NA   NA
STTD_2005-06-22 11:15:00,6/22/2005 11:15,STTD,2005,A,FALSE,CLR,NA,NA,22.5,0.13,603,NA,NA,NA,NA,10,Regular,294669,304252,9583,9583,29.43501795,29.43501795,1,NA,NA,Terrestrial Insects,64,Order,Diptera,Diptera,Larvae,1,0.034,0.034,NA,NA,NA,NA,NA,NA,NA,NA,NA,NA,NA   NA   NA   NA,NA   NA   NA   NA
STTD_2005-06-22 11:15:00,6/22/2005 11:15,STTD,2005,A,FALSE,CLR,NA,NA,22.5,0.13,603,NA,NA,NA,NA,10,Regular,294669,304252,9583,9583,29.43501795,29.43501795,1,NA,NA,Terrestrial Insects,64,Order,Diptera,Diptera,Adults,21,0.713,0.713,NA,NA,NA,NA,NA,NA,NA,NA,NA,NA,NA   NA   NA   NA,NA   NA   NA   NA
STTD_2005-06-22 11:15:00,6/22/2005 11:15,STTD,2005,A,FALSE,CLR,NA,NA,22.5,0.13,603,NA,NA,NA,NA,10,Regular,294669,304252,9583,9583,29.43501795,29.43501795,1,NA,NA,Terrestrial Insects,73,Order,Lepidoptera,Lepidoptera,Larvae,1,0.034,0.034,NA,NA,NA,NA,NA,NA,NA,NA,NA,NA,NA   NA   NA   NA,NA   NA   NA   NA
STTD_2005-06-22 11:15:00,6/22/2005 11:15,STTD,2005,A,FALSE,CLR,NA,NA,22.5,0.13,603,NA,NA,NA,NA,10,Regular,294669,304252,9583,9583,29.43501795,29.43501795,1,NA,NA,Terrestrial Insects,66,Order,Hymenoptera,Hymenoptera,Adults,29,0.985,0.985,NA,NA,NA,NA,NA,NA,NA,NA,NA,NA,NA   NA   NA   NA,NA   NA   NA   NA
STTD_2005-06-22 11:15:00,6/22/2005 11:15,STTD,2005,A,FALSE,CLR,NA,NA,22.5,0.13,603,NA,NA,NA,NA,10,Regular,294669,304252,9583,9583,29.43501795,29.43501795,1,NA,NA,Terrestrial Insects,67,Order,Psocoptera,Psocoptera,Larvae,1,0.034,0.034,NA,NA,NA,NA,NA,NA,NA,NA,NA,NA,NA   NA   NA   NA,NA   NA   NA   NA
STTD_2005-06-22 11:15:00,6/22/2005 11:15,STTD,2005,A,FALSE,CLR,NA,NA,22.5,0.13,603,NA,NA,NA,NA,10,Regular,294669,304252,9583,9583,29.43501795,29.43501795,1,NA,NA,Terrestrial Insects,67,Order,Psocoptera,Psocoptera,Adults,6,0.204,0.204,NA,NA,NA,NA,NA,NA,NA,NA,NA,NA,NA   NA   NA   NA,NA   NA   NA   NA
STTD_2005-06-22 11:15:00,6/22/2005 11:15,STTD,2005,A,FALSE,CLR,NA,NA,22.5,0.13,603,NA,NA,NA,NA,10,Regular,294669,304252,9583,9583,29.43501795,29.43501795,1,NA,NA,Terrestrial Insects,85,Order,Thysanoptera,Thysanoptera,Larvae,2,0.068,0.068,NA,NA,NA,NA,NA,NA,NA,NA,NA,NA,NA   NA   NA   NA,NA   NA   NA   NA
STTD_2005-06-22 11:15:00,6/22/2005 11:15,STTD,2005,A,FALSE,CLR,NA,NA,22.5,0.13,603,NA,NA,NA,NA,10,Regular,294669,304252,9583,9583,29.43501795,29.43501795,1,NA,NA,Terrestrial Insects,85,Order,Thysanoptera,Thysanoptera,Adults,2,0.068,0.068,NA,NA,NA,NA,NA,NA,NA,NA,NA,NA,NA   NA   NA   NA,NA   NA   NA   NA
STTD_2005-06-22 11:15:00,6/22/2005 11:15,STTD,2005,A,FALSE,CLR,NA,NA,22.5,0.13,603,NA,NA,NA,NA,10,Regular,294669,304252,9583,9583,29.43501795,29.43501795,1,NA,NA,Terrestrial Non-Insects,58,Suborder,Araneida,Araneida,Adults,47,1.597,1.597,NA,NA,NA,NA,NA,NA,NA,NA,NA,NA,NA   NA   NA   NA,NA   NA   NA   NA
STTD_2005-06-22 11:15:00,6/22/2005 11:15,STTD,2005,A,FALSE,CLR,NA,NA,22.5,0.13,603,NA,NA,NA,NA,10,Regular,294669,304252,9583,9583,29.43501795,29.43501795,1,NA,NA,Aquatic Non-Insects,131,Subclass,Hirudinida,Leech,NotDetermined,3,0.102,0.102,NA,NA,NA,NA,NA,NA,NA,NA,NA,NA,NA   NA   NA   NA,NA   NA   NA   NA
SHR_2005-06-22 13:34:00,6/22/2005 13:34,SHR,2005,A,FALSE,CLR,NA,NA,19.1,0.8,150,NA,NA,NA,NA,10,Regular,304268,309668,5400,5400,16.58656965,16.58656965,NA,NA,NA,Aquatic Insects,41,Family,Baetidae,Baetidae,Larvae,1,0.06,0.06,NA,NA,NA,NA,NA,NA,NA,NA,NA,NA,NA   NA   NA   NA,NA   NA   NA   NA
SHR_2005-06-22 13:34:00,6/22/2005 13:34,SHR,2005,A,FALSE,CLR,NA,NA,19.1,0.8,150,NA,NA,NA,NA,10,Regular,304268,309668,5400,5400,16.58656965,16.58656965,NA,NA,NA,Aquatic Insects,48,Family,Hydropsychidae,Hydropsychidae,Larvae,1,0.06,0.06,NA,NA,NA,NA,NA,NA,NA,NA,NA,NA,NA   NA   NA   NA,NA   NA   NA   NA
SHR_2005-06-22 13:34:00,6/22/2005 13:34,SHR,2005,A,FALSE,CLR,NA,NA,19.1,0.8,150,NA,NA,NA,NA,10,Regular,304268,309668,5400,5400,16.58656965,16.58656965,NA,NA,NA,Aquatic Insects,44,Family,Corixidae,Corixidae,Larvae,1,0.06,0.06,NA,NA,NA,NA,NA,NA,NA,NA,NA,NA,NA   NA   NA   NA,NA   NA   NA   NA
SHR_2005-06-22 13:34:00,6/22/2005 13:34,SHR,2005,A,FALSE,CLR,NA,NA,19.1,0.8,150,NA,NA,NA,NA,10,Regular,304268,309668,5400,5400,16.58656965,16.58656965,NA,NA,NA,Aquatic Insects,81,Family,Hydrophilidae,Hydrophilidae,Larvae,1,0.06,0.06,NA,NA,NA,NA,NA,NA,NA,NA,NA,NA,NA   NA   NA   NA,NA   NA   NA   NA
SHR_2005-06-22 13:34:00,6/22/2005 13:34,SHR,2005,A,FALSE,CLR,NA,NA,19.1,0.8,150,NA,NA,NA,NA,10,Regular,304268,309668,5400,5400,16.58656965,16.58656965,NA,NA,NA,Aquatic Insects,34,Family,Chironomidae,Chironomidae,Larvae,8,0.482,0.482,NA,NA,NA,NA,NA,NA,NA,NA,NA,NA,NA   NA   NA   NA,NA   NA   NA   NA
SHR_2005-06-22 13:34:00,6/22/2005 13:34,SHR,2005,A,FALSE,CLR,NA,NA,19.1,0.8,150,NA,NA,NA,NA,10,Regular,304268,309668,5400,5400,16.58656965,16.58656965,NA,NA,NA,Aquatic Insects,34,Family,Chironomidae,Chironomidae,Pupae,6,0.362,0.362,NA,NA,NA,NA,NA,NA,NA,NA,NA,NA,NA   NA   NA   NA,NA   NA   NA   NA
SHR_2005-06-22 13:34:00,6/22/2005 13:34,SHR,2005,A,FALSE,CLR,NA,NA,19.1,0.8,150,NA,NA,NA,NA,10,Regular,304268,309668,5400,5400,16.58656965,16.58656965,NA,NA,NA,Aquatic Insects,34,Family,Chironomidae,Chironomidae,Adults,3,0.181,0.181,NA,NA,NA,NA,NA,NA,NA,NA,NA,NA,NA   NA   NA   NA,NA   NA   NA   NA
SHR_2005-06-22 13:34:00,6/22/2005 13:34,SHR,2005,A,FALSE,CLR,NA,NA,19.1,0.8,150,NA,NA,NA,NA,10,Regular,304268,309668,5400,5400,16.58656965,16.58656965,NA,NA,NA,Aquatic Non-Insects,4,Family,Naididae,Naididae,NotDetermined,3,0.181,0.181,NA,NA,NA,NA,NA,NA,NA,NA,NA,NA,NA   NA   NA   NA,NA   NA   NA   NA
SHR_2005-06-22 13:34:00,6/22/2005 13:34,SHR,2005,A,FALSE,CLR,NA,NA,19.1,0.8,150,NA,NA,NA,NA,10,Regular,304268,309668,5400,5400,16.58656965,16.58656965,NA,NA,NA,Aquatic Non-Insects,19,Family,Corbiculidae,Corbiculidae,NotDetermined,1,0.06,0.06,NA,NA,NA,NA,NA,NA,NA,NA,NA,NA,NA   NA   NA   NA,NA   NA   NA   NA
SHR_2005-06-22 13:34:00,6/22/2005 13:34,SHR,2005,A,FALSE,CLR,NA,NA,19.1,0.8,150,NA,NA,NA,NA,10,Regular,304268,309668,5400,5400,16.58656965,16.58656965,NA,NA,NA,Aquatic Non-Insects,20,Family,Physidae,Physidae,NotDetermined,1,0.06,0.06,NA,NA,NA,NA,NA,NA,NA,NA,NA,NA,NA   NA   NA   NA,NA   NA   NA   NA
SHR_2005-06-22 13:34:00,6/22/2005 13:34,SHR,2005,A,FALSE,CLR,NA,NA,19.1,0.8,150,NA,NA,NA,NA,10,Regular,304268,309668,5400,5400,16.58656965,16.58656965,NA,NA,NA,Aquatic Non-Insects,9,Family,Corophiidae,Corophiidae,NotDetermined,1,0.06,0.06,NA,NA,NA,NA,NA,NA,NA,NA,NA,NA,NA   NA   NA   NA,NA   NA   NA   NA
SHR_2005-06-22 13:34:00,6/22/2005 13:34,SHR,2005,A,FALSE,CLR,NA,NA,19.1,0.8,150,NA,NA,NA,NA,10,Regular,304268,309668,5400,5400,16.58656965,16.58656965,NA,NA,NA,Terrestrial Non-Insects,57,Subclass,Acari,Acari,NotDetermined,1,0.06,0.06,NA,NA,NA,NA,NA,NA,NA,NA,NA,NA,NA   NA   NA   NA,NA   NA   NA   NA
SHR_2005-06-22 13:34:00,6/22/2005 13:34,SHR,2005,A,FALSE,CLR,NA,NA,19.1,0.8,150,NA,NA,NA,NA,10,Regular,304268,309668,5400,5400,16.58656965,16.58656965,NA,NA,NA,Aquatic Non-Insects,28,Family,Lebertiidae,Lebertiidae,NotDetermined,1,0.06,0.06,NA,NA,NA,NA,NA,NA,NA,NA,NA,NA,NA   NA   NA   NA,NA   NA   NA   NA
SHR_2005-06-22 13:34:00,6/22/2005 13:34,SHR,2005,A,FALSE,CLR,NA,NA,19.1,0.8,150,NA,NA,NA,NA,10,Regular,304268,309668,5400,5400,16.58656965,16.58656965,NA,NA,NA,Aquatic Non-Insects,120,Family,Lebertiidae,Lebertiidae,NotDetermined,1,0.06,0.06,NA,NA,NA,NA,NA,NA,NA,NA,NA,NA,NA   NA   NA   NA,NA   NA   NA   NA
SHR_2005-06-22 13:34:00,6/22/2005 13:34,SHR,2005,A,FALSE,CLR,NA,NA,19.1,0.8,150,NA,NA,NA,NA,10,Regular,304268,309668,5400,5400,16.58656965,16.58656965,NA,NA,NA,Aquatic Non-Insects,18,Family,Hydridae,Hydridae,NotDetermined,2,0.121,0.121,NA,NA,NA,NA,NA,NA,NA,NA,NA,NA,NA   NA   NA   NA,NA   NA   NA   NA
SHR_2005-06-22 13:34:00,6/22/2005 13:34,SHR,2005,A,FALSE,CLR,NA,NA,19.1,0.8,150,NA,NA,NA,NA,10,Regular,304268,309668,5400,5400,16.58656965,16.58656965,NA,NA,NA,Terrestrial Insects,71,Order,Hemiptera,Hemiptera,Larvae,3,0.181,0.181,NA,NA,NA,NA,NA,NA,NA,NA,NA,NA,NA   NA   NA   NA,NA   NA   NA   NA
SHR_2005-06-22 13:34:00,6/22/2005 13:34,SHR,2005,A,FALSE,CLR,NA,NA,19.1,0.8,150,NA,NA,NA,NA,10,Regular,304268,309668,5400,5400,16.58656965,16.58656965,NA,NA,NA,Terrestrial Insects,71,Order,Hemiptera,Hemiptera,Adults,1,0.06,0.06,NA,NA,NA,NA,NA,NA,NA,NA,NA,NA,NA   NA   NA   NA,NA   NA   NA   NA
SHR_2005-06-22 13:34:00,6/22/2005 13:34,SHR,2005,A,FALSE,CLR,NA,NA,19.1,0.8,150,NA,NA,NA,NA,10,Regular,304268,309668,5400,5400,16.58656965,16.58656965,NA,NA,NA,Terrestrial Insects,63,Order,Coleoptera,Coleoptera,Adults,2,0.121,0.121,NA,NA,NA,NA,NA,NA,NA,NA,NA,NA,NA   NA   NA   NA,NA   NA   NA   NA
SHR_2005-06-22 13:34:00,6/22/2005 13:34,SHR,2005,A,FALSE,CLR,NA,NA,19.1,0.8,150,NA,NA,NA,NA,10,Regular,304268,309668,5400,5400,16.58656965,16.58656965,NA,NA,NA,Terrestrial Insects,64,Order,Diptera,Diptera,Adults,1,0.06,0.06,NA,NA,NA,NA,NA,NA,NA,NA,NA,NA,NA   NA   NA   NA,NA   NA   NA   NA
SHR_2005-06-22 13:34:00,6/22/2005 13:34,SHR,2005,A,FALSE,CLR,NA,NA,19.1,0.8,150,NA,NA,NA,NA,10,Regular,304268,309668,5400,5400,16.58656965,16.58656965,NA,NA,NA,Terrestrial Insects,66,Order,Hymenoptera,Hymenoptera,Adults,1,0.06,0.06,NA,NA,NA,NA,NA,NA,NA,NA,NA,NA,NA   NA   NA   NA,NA   NA   NA   NA
SHR_2005-06-22 13:34:00,6/22/2005 13:34,SHR,2005,A,FALSE,CLR,NA,NA,19.1,0.8,150,NA,NA,NA,NA,10,Regular,304268,309668,5400,5400,16.58656965,16.58656965,NA,NA,NA,Terrestrial Insects,85,Order,Thysanoptera,Thysanoptera,Adults,1,0.06,0.06,NA,NA,NA,NA,NA,NA,NA,NA,NA,NA,NA   NA   NA   NA,NA   NA   NA   NA
SHR_2005-06-22 13:34:00,6/22/2005 13:34,SHR,2005,A,FALSE,CLR,NA,NA,19.1,0.8,150,NA,NA,NA,NA,10,Regular,304268,309668,5400,5400,16.58656965,16.58656965,NA,NA,NA,Terrestrial Non-Insects,58,Suborder,Araneida,Araneida,NotDetermined,3,0.181,0.181,NA,NA,NA,NA,NA,NA,NA,NA,NA,NA,NA   NA   NA   NA,NA   NA   NA   NA
SHR_2005-06-22 13:34:00,6/22/2005 13:34,SHR,2005,A,FALSE,CLR,NA,NA,19.1,0.8,150,NA,NA,NA,NA,10,Regular,304268,309668,5400,5400,16.58656965,16.58656965,NA,NA,NA,Aquatic Non-Insects,130,Phylum,Nematoda,Nematoda,NotDetermined,1,0.06,0.06,NA,NA,NA,NA,NA,NA,NA,NA,NA,NA,NA   NA   NA   NA,NA   NA   NA   NA
STTD_2010-06-08 09:45:00,6/8/2010 9:45,STTD,2010,A,FALSE,CLR,NA,NA,22.9,0.21,593,NA,8.05,6.24,NA,10,Low,210567,214174,3607,3607,23.73086629,23.73086629,1,NA,NA,Aquatic Insects,34,Family,Chironomidae,Chironomidae,Larvae,1,0.042,0.042,NA,NA,NA,NA,NA,NA,NA,NA,NA,NA,NA   NA   NA   NA,NA   NA   NA   NA
STTD_2010-06-08 09:45:00,6/8/2010 9:45,STTD,2010,A,FALSE,CLR,NA,NA,22.9,0.21,593,NA,8.05,6.24,NA,10,Low,210567,214174,3607,3607,23.73086629,23.73086629,1,NA,NA,Aquatic Insects,34,Family,Chironomidae,Chironomidae,Adults,4,0.169,0.169,NA,NA,NA,NA,NA,NA,NA,NA,NA,NA,NA   NA   NA   NA,NA   NA   NA   NA
STTD_2010-06-08 09:45:00,6/8/2010 9:45,STTD,2010,A,FALSE,CLR,NA,NA,22.9,0.21,593,NA,8.05,6.24,NA,10,Low,210567,214174,3607,3607,23.73086629,23.73086629,1,NA,NA,Terrestrial Insects,71,Order,Hemiptera,Hemiptera,Larvae,1,0.042,0.042,NA,NA,NA,NA,NA,NA,NA,NA,NA,NA,NA   NA   NA   NA,NA   NA   NA   NA
STTD_2010-06-08 09:45:00,6/8/2010 9:45,STTD,2010,A,FALSE,CLR,NA,NA,22.9,0.21,593,NA,8.05,6.24,NA,10,Low,210567,214174,3607,3607,23.73086629,23.73086629,1,NA,NA,Terrestrial Insects,66,Order,Hymenoptera,Hymenoptera,Adults,2,0.084,0.084,NA,NA,NA,NA,NA,NA,NA,NA,NA,NA,NA   NA   NA   NA,NA   NA   NA   NA
SHR_2011-01-12 09:15:00,1/12/2011 9:15,SHR,2011,W,FALSE,CLD,NA,NA,7.6,0.56,101,NA,7,11.1,NA,10,Regular,207680,209914,2234,2234,6.861925295,6.861925295,1,NA,NA,Aquatic Insects,76,Family,Ephemeridae,Ephemeridae,Adults,1,0.146,0.146,NA,NA,NA,NA,NA,NA,NA,NA,NA,NA,NA   NA   NA   NA,NA   NA   NA   NA
SHR_2011-01-12 09:15:00,1/12/2011 9:15,SHR,2011,W,FALSE,CLD,NA,NA,7.6,0.56,101,NA,7,11.1,NA,10,Regular,207680,209914,2234,2234,6.861925295,6.861925295,1,NA,NA,Aquatic Insects,34,Family,Chironomidae,Chironomidae,Larvae,1,0.146,0.146,NA,NA,NA,NA,NA,NA,NA,NA,NA,NA,NA   NA   NA   NA,NA   NA   NA   NA
SHR_2011-01-12 09:15:00,1/12/2011 9:15,SHR,2011,W,FALSE,CLD,NA,NA,7.6,0.56,101,NA,7,11.1,NA,10,Regular,207680,209914,2234,2234,6.861925295,6.861925295,1,NA,NA,Aquatic Insects,38,Family,Simuliidae,Simuliidae,Larvae,1,0.146,0.146,NA,NA,NA,NA,NA,NA,NA,NA,NA,NA,NA   NA   NA   NA,NA   NA   NA   NA
SHR_2011-01-12 09:15:00,1/12/2011 9:15,SHR,2011,W,FALSE,CLD,NA,NA,7.6,0.56,101,NA,7,11.1,NA,10,Regular,207680,209914,2234,2234,6.861925295,6.861925295,1,NA,NA,Aquatic Insects,144,Order,Ephemeroptera,Ephemerpotera,Larvae,0,0,0,NA,NA,NA,NA,NA,NA,NA,NA,NA,NA,NA   NA   NA   NA,NA   NA   NA   NA
SHR_2011-01-12 09:15:00,1/12/2011 9:15,SHR,2011,W,FALSE,CLD,NA,NA,7.6,0.56,101,NA,7,11.1,NA,10,Regular,207680,209914,2234,2234,6.861925295,6.861925295,1,NA,NA,Aquatic Insects,144,Order,Ephemeroptera,Ephemerpotera,Pupae,0,0,0,NA,NA,NA,NA,NA,NA,NA,NA,NA,NA,NA   NA   NA   NA,NA   NA   NA   NA
SHR_2011-01-12 09:15:00,1/12/2011 9:15,SHR,2011,W,FALSE,CLD,NA,NA,7.6,0.56,101,NA,7,11.1,NA,10,Regular,207680,209914,2234,2234,6.861925295,6.861925295,1,NA,NA,Aquatic Insects,144,Order,Ephemeroptera,Ephemerpotera,Nymphs,0,0,0,NA,NA,NA,NA,NA,NA,NA,NA,NA,NA,NA   NA   NA   NA,NA   NA   NA   NA
SHR_2011-01-12 09:15:00,1/12/2011 9:15,SHR,2011,W,FALSE,CLD,NA,NA,7.6,0.56,101,NA,7,11.1,NA,10,Regular,207680,209914,2234,2234,6.861925295,6.861925295,1,NA,NA,Aquatic Insects,144,Order,Ephemeroptera,Ephemerpotera,Emergents,0,0,0,NA,NA,NA,NA,NA,NA,NA,NA,NA,NA,NA   NA   NA   NA,NA   NA   NA   NA
SHR_2011-01-12 09:15:00,1/12/2011 9:15,SHR,2011,W,FALSE,CLD,NA,NA,7.6,0.56,101,NA,7,11.1,NA,10,Regular,207680,209914,2234,2234,6.861925295,6.861925295,1,NA,NA,Aquatic Insects,144,Order,Ephemeroptera,Ephemerpotera,Adults,0,0,0,NA,NA,NA,NA,NA,NA,NA,NA,NA,NA,NA   NA   NA   NA,NA   NA   NA   NA
SHR_2011-01-12 09:15:00,1/12/2011 9:15,SHR,2011,W,FALSE,CLD,NA,NA,7.6,0.56,101,NA,7,11.1,NA,10,Regular,207680,209914,2234,2234,6.861925295,6.861925295,1,NA,NA,Aquatic Insects,144,Order,Ephemeroptera,Ephemerpotera,NotDetermined,0,0,0,NA,NA,NA,NA,NA,NA,NA,NA,NA,NA,NA   NA   NA   NA,NA   NA   NA   NA
STTD_2011-01-12 11:15:00,1/12/2011 11:15,STTD,2011,W,FALSE,CLD,NA,NA,6.6,0.27,374,NA,8.04,9.86,NA,10,Regular,209918,218182,8264,8264,25.38359473,25.38359473,1,NA,NA,Aquatic Insects,41,Family,Baetidae,Baetidae,Larvae,1,0.039,0.039,NA,NA,NA,NA,NA,NA,NA,NA,NA,NA,NA   NA   NA   NA,NA   NA   NA   NA
STTD_2011-01-12 11:15:00,1/12/2011 11:15,STTD,2011,W,FALSE,CLD,NA,NA,6.6,0.27,374,NA,8.04,9.86,NA,10,Regular,209918,218182,8264,8264,25.38359473,25.38359473,1,NA,NA,Aquatic Insects,34,Family,Chironomidae,Chironomidae,Adults,6,0.236,0.236,NA,NA,NA,NA,NA,NA,NA,NA,NA,NA,NA   NA   NA   NA,NA   NA   NA   NA
STTD_2011-01-12 11:15:00,1/12/2011 11:15,STTD,2011,W,FALSE,CLD,NA,NA,6.6,0.27,374,NA,8.04,9.86,NA,10,Regular,209918,218182,8264,8264,25.38359473,25.38359473,1,NA,NA,Terrestrial Non-Insects,57,Subclass,Acari,Acari,NotDetermined,1,0.039,0.039,NA,NA,NA,NA,NA,NA,NA,NA,NA,NA,NA   NA   NA   NA,NA   NA   NA   NA
STTD_2011-01-12 11:15:00,1/12/2011 11:15,STTD,2011,W,FALSE,CLD,NA,NA,6.6,0.27,374,NA,8.04,9.86,NA,10,Regular,209918,218182,8264,8264,25.38359473,25.38359473,1,NA,NA,Terrestrial Non-Insects,68,Order,Collembola,Collembola,NotDetermined,2,0.079,0.079,NA,NA,NA,NA,NA,NA,NA,NA,NA,NA,NA   NA   NA   NA,NA   NA   NA   NA
SHR_2011-01-26 10:04:00,1/26/2011 10:04,SHR,2011,W,FALSE,FOG,NA,NA,9.8,0.72,119,NA,8.36,11.23,NA,10,Regular,218188,221475,3287,3287,10.09630638,10.09630638,1,NA,NA,Aquatic Insects,48,Family,Hydropsychidae,Hydropsychidae,Larvae,1,0.099,0.099,NA,NA,NA,NA,NA,NA,NA,NA,NA,NA,NA   NA   NA   NA,NA   NA   NA   NA
SHR_2011-01-26 10:04:00,1/26/2011 10:04,SHR,2011,W,FALSE,FOG,NA,NA,9.8,0.72,119,NA,8.36,11.23,NA,10,Regular,218188,221475,3287,3287,10.09630638,10.09630638,1,NA,NA,Aquatic Insects,34,Family,Chironomidae,Chironomidae,Larvae,1,0.099,0.099,NA,NA,NA,NA,NA,NA,NA,NA,NA,NA,NA   NA   NA   NA,NA   NA   NA   NA
SHR_2011-01-26 10:04:00,1/26/2011 10:04,SHR,2011,W,FALSE,FOG,NA,NA,9.8,0.72,119,NA,8.36,11.23,NA,10,Regular,218188,221475,3287,3287,10.09630638,10.09630638,1,NA,NA,Aquatic Non-Insects,15,Family,Hyalellidae,Hyalellidae,NotDetermined,1,0.099,0.099,NA,NA,NA,NA,NA,NA,NA,NA,NA,NA,NA   NA   NA   NA,NA   NA   NA   NA
STTD_2011-01-26 11:35:00,1/26/2011 11:35,STTD,2011,W,FALSE,FOG,NA,NA,10.6,0.3,643,NA,8.36,8.19,NA,10,Regular,227147,230883,3736,3736,11.47544893,11.47544893,1,NA,NA,Aquatic Insects,46,Family,Coenagrionidae,Coenagrionidae,Larvae,1,0.087,0.087,NA,NA,NA,NA,NA,NA,NA,NA,NA,NA,NA   NA   NA   NA,NA   NA   NA   NA
STTD_2011-01-26 11:35:00,1/26/2011 11:35,STTD,2011,W,FALSE,FOG,NA,NA,10.6,0.3,643,NA,8.36,8.19,NA,10,Regular,227147,230883,3736,3736,11.47544893,11.47544893,1,NA,NA,Aquatic Insects,34,Family,Chironomidae,Chironomidae,Pupae,1,0.087,0.087,NA,NA,NA,NA,NA,NA,NA,NA,NA,NA,NA   NA   NA   NA,NA   NA   NA   NA
STTD_2011-01-26 11:35:00,1/26/2011 11:35,STTD,2011,W,FALSE,FOG,NA,NA,10.6,0.3,643,NA,8.36,8.19,NA,10,Regular,227147,230883,3736,3736,11.47544893,11.47544893,1,NA,NA,Aquatic Insects,34,Family,Chironomidae,Chironomidae,Adults,7,0.61,0.61,NA,NA,NA,NA,NA,NA,NA,NA,NA,NA,NA   NA   NA   NA,NA   NA   NA   NA
STTD_2011-01-26 11:35:00,1/26/2011 11:35,STTD,2011,W,FALSE,FOG,NA,NA,10.6,0.3,643,NA,8.36,8.19,NA,10,Regular,227147,230883,3736,3736,11.47544893,11.47544893,1,NA,NA,Aquatic Non-Insects,18,Family,Hydridae,Hydridae,NotDetermined,1,0.087,0.087,NA,NA,NA,NA,NA,NA,NA,NA,NA,NA,NA   NA   NA   NA,NA   NA   NA   NA
STTD_2011-01-26 11:35:00,1/26/2011 11:35,STTD,2011,W,FALSE,FOG,NA,NA,10.6,0.3,643,NA,8.36,8.19,NA,10,Regular,227147,230883,3736,3736,11.47544893,11.47544893,1,NA,NA,Terrestrial Insects,64,Order,Diptera,Diptera,Adults,1,0.087,0.087,NA,NA,NA,NA,NA,NA,NA,NA,NA,NA,NA   NA   NA   NA,NA   NA   NA   NA
STTD_2011-01-26 11:35:00,1/26/2011 11:35,STTD,2011,W,FALSE,FOG,NA,NA,10.6,0.3,643,NA,8.36,8.19,NA,10,Regular,227147,230883,3736,3736,11.47544893,11.47544893,1,NA,NA,Terrestrial Insects,67,Order,Psocoptera,Psocoptera,Larvae,1,0.087,0.087,NA,NA,NA,NA,NA,NA,NA,NA,NA,NA,NA   NA   NA   NA,NA   NA   NA   NA
STTD_2011-01-26 11:35:00,1/26/2011 11:35,STTD,2011,W,FALSE,FOG,NA,NA,10.6,0.3,643,NA,8.36,8.19,NA,10,Regular,227147,230883,3736,3736,11.47544893,11.47544893,1,NA,NA,Terrestrial Non-Insects,62,Order,Julida,Julida,NotDetermined,1,0.087,0.087,NA,NA,NA,NA,NA,NA,NA,NA,NA,NA,NA   NA   NA   NA,NA   NA   NA   NA
STTD_2011-02-09 10:35:00,2/9/2011 10:35,STTD,2011,W,FALSE,CLR,NA,NA,10.2,0.08,658,NA,8.21,10.02,NA,10,Regular,233333,241694,8361,8361,25.68153867,25.68153867,4,NA,NA,Aquatic Insects,44,Family,Corixidae,Corixidae,Adults,3,0.117,0.117,NA,NA,NA,NA,NA,NA,NA,NA,NA,NA,NA   NA   NA   NA,NA   NA   NA   NA
STTD_2011-02-09 10:35:00,2/9/2011 10:35,STTD,2011,W,FALSE,CLR,NA,NA,10.2,0.08,658,NA,8.21,10.02,NA,10,Regular,233333,241694,8361,8361,25.68153867,25.68153867,4,NA,NA,Aquatic Insects,34,Family,Chironomidae,Chironomidae,Pupae,1,0.039,0.039,NA,NA,NA,NA,NA,NA,NA,NA,NA,NA,NA   NA   NA   NA,NA   NA   NA   NA
STTD_2011-02-09 10:35:00,2/9/2011 10:35,STTD,2011,W,FALSE,CLR,NA,NA,10.2,0.08,658,NA,8.21,10.02,NA,10,Regular,233333,241694,8361,8361,25.68153867,25.68153867,4,NA,NA,Aquatic Insects,34,Family,Chironomidae,Chironomidae,Adults,3,0.117,0.117,NA,NA,NA,NA,NA,NA,NA,NA,NA,NA,NA   NA   NA   NA,NA   NA   NA   NA
STTD_2011-02-09 10:35:00,2/9/2011 10:35,STTD,2011,W,FALSE,CLR,NA,NA,10.2,0.08,658,NA,8.21,10.02,NA,10,Regular,233333,241694,8361,8361,25.68153867,25.68153867,4,NA,NA,Aquatic Non-Insects,10,Family,Crangonyctidae,Crangonyctidae,NotDetermined,1,0.039,0.039,NA,NA,NA,NA,NA,NA,NA,NA,NA,NA,NA   NA   NA   NA,NA   NA   NA   NA
STTD_2011-02-09 10:35:00,2/9/2011 10:35,STTD,2011,W,FALSE,CLR,NA,NA,10.2,0.08,658,NA,8.21,10.02,NA,10,Regular,233333,241694,8361,8361,25.68153867,25.68153867,4,NA,NA,Aquatic Non-Insects,18,Family,Hydridae,Hydridae,NotDetermined,1,0.039,0.039,NA,NA,NA,NA,NA,NA,NA,NA,NA,NA,NA   NA   NA   NA,NA   NA   NA   NA
STTD_2011-02-09 10:35:00,2/9/2011 10:35,STTD,2011,W,FALSE,CLR,NA,NA,10.2,0.08,658,NA,8.21,10.02,NA,10,Regular,233333,241694,8361,8361,25.68153867,25.68153867,4,NA,NA,Terrestrial Insects,64,Order,Diptera,Diptera,Adults,1,0.039,0.039,NA,NA,NA,NA,NA,NA,NA,NA,NA,NA,NA   NA   NA   NA,NA   NA   NA   NA
SHR_2011-02-23 08:45:00,2/23/2011 8:45,SHR,2011,W,FALSE,CLR,NA,NA,8.8,0.44,102,NA,8.5,11,NA,10,Regular,241713,245395,3682,3682,11.30958323,11.30958323,1,NA,NA,Aquatic Insects,34,Family,Chironomidae,Chironomidae,Larvae,1,0.088,0.088,NA,NA,NA,NA,NA,NA,NA,NA,NA,NA,NA   NA   NA   NA,NA   NA   NA   NA
SHR_2011-02-23 08:45:00,2/23/2011 8:45,SHR,2011,W,FALSE,CLR,NA,NA,8.8,0.44,102,NA,8.5,11,NA,10,Regular,241713,245395,3682,3682,11.30958323,11.30958323,1,NA,NA,Aquatic Non-Insects,77,Family,Hygrobatidae,Hygrobatidae,NotDetermined,1,0.088,0.088,NA,NA,NA,NA,NA,NA,NA,NA,NA,NA,NA   NA   NA   NA,NA   NA   NA   NA
STTD_2011-02-23 10:25:00,2/23/2011 10:25,STTD,2011,W,FALSE,CLD,NA,NA,9.1,0.24,453,NA,8.85,9.98,NA,10,Regular,245383,256699,11316,11316,34.75807817,34.75807817,1,NA,NA,Aquatic Insects,46,Family,Coenagrionidae,Coenagrionidae,Larvae,1,0.029,0.029,NA,NA,NA,NA,NA,NA,NA,NA,NA,NA,NA   NA   NA   NA,NA   NA   NA   NA
STTD_2011-02-23 10:25:00,2/23/2011 10:25,STTD,2011,W,FALSE,CLD,NA,NA,9.1,0.24,453,NA,8.85,9.98,NA,10,Regular,245383,256699,11316,11316,34.75807817,34.75807817,1,NA,NA,Aquatic Insects,44,Family,Corixidae,Corixidae,Adults,1,0.029,0.029,NA,NA,NA,NA,NA,NA,NA,NA,NA,NA,NA   NA   NA   NA,NA   NA   NA   NA
STTD_2011-02-23 10:25:00,2/23/2011 10:25,STTD,2011,W,FALSE,CLD,NA,NA,9.1,0.24,453,NA,8.85,9.98,NA,10,Regular,245383,256699,11316,11316,34.75807817,34.75807817,1,NA,NA,Aquatic Insects,34,Family,Chironomidae,Chironomidae,Pupae,2,0.058,0.058,NA,NA,NA,NA,NA,NA,NA,NA,NA,NA,NA   NA   NA   NA,NA   NA   NA   NA
STTD_2011-02-23 10:25:00,2/23/2011 10:25,STTD,2011,W,FALSE,CLD,NA,NA,9.1,0.24,453,NA,8.85,9.98,NA,10,Regular,245383,256699,11316,11316,34.75807817,34.75807817,1,NA,NA,Aquatic Insects,34,Family,Chironomidae,Chironomidae,Adults,2,0.058,0.058,NA,NA,NA,NA,NA,NA,NA,NA,NA,NA,NA   NA   NA   NA,NA   NA   NA   NA
STTD_2011-02-23 10:25:00,2/23/2011 10:25,STTD,2011,W,FALSE,CLD,NA,NA,9.1,0.24,453,NA,8.85,9.98,NA,10,Regular,245383,256699,11316,11316,34.75807817,34.75807817,1,NA,NA,Aquatic Non-Insects,9,Family,Corophiidae,Corophiidae,NotDetermined,1,0.029,0.029,NA,NA,NA,NA,NA,NA,NA,NA,NA,NA,NA   NA   NA   NA,NA   NA   NA   NA
STTD_2011-02-23 10:25:00,2/23/2011 10:25,STTD,2011,W,FALSE,CLD,NA,NA,9.1,0.24,453,NA,8.85,9.98,NA,10,Regular,245383,256699,11316,11316,34.75807817,34.75807817,1,NA,NA,Aquatic Non-Insects,15,Family,Hyalellidae,Hyalellidae,NotDetermined,1,0.029,0.029,NA,NA,NA,NA,NA,NA,NA,NA,NA,NA,NA   NA   NA   NA,NA   NA   NA   NA
STTD_2011-02-23 10:25:00,2/23/2011 10:25,STTD,2011,W,FALSE,CLD,NA,NA,9.1,0.24,453,NA,8.85,9.98,NA,10,Regular,245383,256699,11316,11316,34.75807817,34.75807817,1,NA,NA,Aquatic Non-Insects,18,Family,Hydridae,Hydridae,NotDetermined,2,0.058,0.058,NA,NA,NA,NA,NA,NA,NA,NA,NA,NA,NA   NA   NA   NA,NA   NA   NA   NA
STTD_2011-02-23 10:25:00,2/23/2011 10:25,STTD,2011,W,FALSE,CLD,NA,NA,9.1,0.24,453,NA,8.85,9.98,NA,10,Regular,245383,256699,11316,11316,34.75807817,34.75807817,1,NA,NA,Terrestrial Non-Insects,68,Order,Collembola,Collembola,NotDetermined,4,0.115,0.115,NA,NA,NA,NA,NA,NA,NA,NA,NA,NA,NA   NA   NA   NA,NA   NA   NA   NA
SHR_2011-03-09 08:38:00,3/9/2011 8:38,SHR,2011,W,TRUE,CLD,NA,NA,11.3,0.49,106,NA,8.2,11.3,NA,10,Regular,257049,262726,5677,5677,17.43739924,17.43739924,1,NA,NA,Aquatic Insects,34,Family,Chironomidae,Chironomidae,Larvae,2,0.115,0.115,NA,NA,NA,NA,NA,NA,NA,NA,NA,NA,NA   NA   NA   NA,NA   NA   NA   NA
SHR_2011-03-09 08:38:00,3/9/2011 8:38,SHR,2011,W,TRUE,CLD,NA,NA,11.3,0.49,106,NA,8.2,11.3,NA,10,Regular,257049,262726,5677,5677,17.43739924,17.43739924,1,NA,NA,Aquatic Insects,34,Family,Chironomidae,Chironomidae,Pupae,3,0.172,0.172,NA,NA,NA,NA,NA,NA,NA,NA,NA,NA,NA   NA   NA   NA,NA   NA   NA   NA
SHR_2011-03-09 08:38:00,3/9/2011 8:38,SHR,2011,W,TRUE,CLD,NA,NA,11.3,0.49,106,NA,8.2,11.3,NA,10,Regular,257049,262726,5677,5677,17.43739924,17.43739924,1,NA,NA,Aquatic Insects,34,Family,Chironomidae,Chironomidae,Adults,3,0.172,0.172,NA,NA,NA,NA,NA,NA,NA,NA,NA,NA,NA   NA   NA   NA,NA   NA   NA   NA
SHR_2011-03-09 08:38:00,3/9/2011 8:38,SHR,2011,W,TRUE,CLD,NA,NA,11.3,0.49,106,NA,8.2,11.3,NA,10,Regular,257049,262726,5677,5677,17.43739924,17.43739924,1,NA,NA,Aquatic Insects,46,Family,Coenagrionidae,Coenagrionidae,Larvae,1,0.057,0.057,NA,NA,NA,NA,NA,NA,NA,NA,NA,NA,NA   NA   NA   NA,NA   NA   NA   NA
STTD_2011-03-09 10:15:00,3/9/2011 10:15,STTD,2011,W,TRUE,CLD,NA,NA,13.8,0.22,537,NA,8.5,9.17,NA,10,Regular,262736,276287,13551,13551,41.62307505,41.62307505,1,NA,NA,Aquatic Insects,46,Family,Coenagrionidae,Coenagrionidae,Larvae,5,0.12,0.12,NA,NA,NA,NA,NA,NA,NA,NA,NA,NA,NA   NA   NA   NA,NA   NA   NA   NA
STTD_2011-03-09 10:15:00,3/9/2011 10:15,STTD,2011,W,TRUE,CLD,NA,NA,13.8,0.22,537,NA,8.5,9.17,NA,10,Regular,262736,276287,13551,13551,41.62307505,41.62307505,1,NA,NA,Aquatic Insects,44,Family,Corixidae,Corixidae,Larvae,5,0.12,0.12,NA,NA,NA,NA,NA,NA,NA,NA,NA,NA,NA   NA   NA   NA,NA   NA   NA   NA
STTD_2011-03-09 10:15:00,3/9/2011 10:15,STTD,2011,W,TRUE,CLD,NA,NA,13.8,0.22,537,NA,8.5,9.17,NA,10,Regular,262736,276287,13551,13551,41.62307505,41.62307505,1,NA,NA,Aquatic Insects,44,Family,Corixidae,Corixidae,Adults,1,0.024,0.024,NA,NA,NA,NA,NA,NA,NA,NA,NA,NA,NA   NA   NA   NA,NA   NA   NA   NA
STTD_2011-03-09 10:15:00,3/9/2011 10:15,STTD,2011,W,TRUE,CLD,NA,NA,13.8,0.22,537,NA,8.5,9.17,NA,10,Regular,262736,276287,13551,13551,41.62307505,41.62307505,1,NA,NA,Aquatic Insects,52,Family,Hydraenidae,Hydraenidae,Adults,1,0.024,0.024,NA,NA,NA,NA,NA,NA,NA,NA,NA,NA,NA   NA   NA   NA,NA   NA   NA   NA
STTD_2011-03-09 10:15:00,3/9/2011 10:15,STTD,2011,W,TRUE,CLD,NA,NA,13.8,0.22,537,NA,8.5,9.17,NA,10,Regular,262736,276287,13551,13551,41.62307505,41.62307505,1,NA,NA,Aquatic Insects,30,Family,Dytiscidae,Dytiscidae,Adults,1,0.024,0.024,NA,NA,NA,NA,NA,NA,NA,NA,NA,NA,NA   NA   NA   NA,NA   NA   NA   NA
STTD_2011-03-09 10:15:00,3/9/2011 10:15,STTD,2011,W,TRUE,CLD,NA,NA,13.8,0.22,537,NA,8.5,9.17,NA,10,Regular,262736,276287,13551,13551,41.62307505,41.62307505,1,NA,NA,Aquatic Insects,81,Family,Hydrophilidae,Hydrophilidae,Adults,2,0.048,0.048,NA,NA,NA,NA,NA,NA,NA,NA,NA,NA,NA   NA   NA   NA,NA   NA   NA   NA
STTD_2011-03-09 10:15:00,3/9/2011 10:15,STTD,2011,W,TRUE,CLD,NA,NA,13.8,0.22,537,NA,8.5,9.17,NA,10,Regular,262736,276287,13551,13551,41.62307505,41.62307505,1,NA,NA,Aquatic Insects,34,Family,Chironomidae,Chironomidae,Larvae,33,0.793,0.793,NA,NA,NA,NA,NA,NA,NA,NA,NA,NA,NA   NA   NA   NA,NA   NA   NA   NA
STTD_2011-03-09 10:15:00,3/9/2011 10:15,STTD,2011,W,TRUE,CLD,NA,NA,13.8,0.22,537,NA,8.5,9.17,NA,10,Regular,262736,276287,13551,13551,41.62307505,41.62307505,1,NA,NA,Aquatic Insects,34,Family,Chironomidae,Chironomidae,Pupae,1,0.024,0.024,NA,NA,NA,NA,NA,NA,NA,NA,NA,NA,NA   NA   NA   NA,NA   NA   NA   NA
STTD_2011-03-09 10:15:00,3/9/2011 10:15,STTD,2011,W,TRUE,CLD,NA,NA,13.8,0.22,537,NA,8.5,9.17,NA,10,Regular,262736,276287,13551,13551,41.62307505,41.62307505,1,NA,NA,Aquatic Insects,34,Family,Chironomidae,Chironomidae,Adults,128,3.075,3.075,NA,NA,NA,NA,NA,NA,NA,NA,NA,NA,NA   NA   NA   NA,NA   NA   NA   NA
STTD_2011-03-09 10:15:00,3/9/2011 10:15,STTD,2011,W,TRUE,CLD,NA,NA,13.8,0.22,537,NA,8.5,9.17,NA,10,Regular,262736,276287,13551,13551,41.62307505,41.62307505,1,NA,NA,Aquatic Insects,36,Family,Ephydridae,Ephydridae,Larvae,1,0.024,0.024,NA,NA,NA,NA,NA,NA,NA,NA,NA,NA,NA   NA   NA   NA,NA   NA   NA   NA
STTD_2011-03-09 10:15:00,3/9/2011 10:15,STTD,2011,W,TRUE,CLD,NA,NA,13.8,0.22,537,NA,8.5,9.17,NA,10,Regular,262736,276287,13551,13551,41.62307505,41.62307505,1,NA,NA,Aquatic Non-Insects,2,Family,Enchytraeidae,Enchytraeidae,NotDetermined,14,0.336,0.336,NA,NA,NA,NA,NA,NA,NA,NA,NA,NA,NA   NA   NA   NA,NA   NA   NA   NA
STTD_2011-03-09 10:15:00,3/9/2011 10:15,STTD,2011,W,TRUE,CLD,NA,NA,13.8,0.22,537,NA,8.5,9.17,NA,10,Regular,262736,276287,13551,13551,41.62307505,41.62307505,1,NA,NA,Aquatic Non-Insects,4,Family,Naididae,Naididae,NotDetermined,8,0.192,0.192,NA,NA,NA,NA,NA,NA,NA,NA,NA,NA,NA   NA   NA   NA,NA   NA   NA   NA
STTD_2011-03-09 10:15:00,3/9/2011 10:15,STTD,2011,W,TRUE,CLD,NA,NA,13.8,0.22,537,NA,8.5,9.17,NA,10,Regular,262736,276287,13551,13551,41.62307505,41.62307505,1,NA,NA,Aquatic Non-Insects,20,Family,Physidae,Physidae,NotDetermined,5,0.12,0.12,NA,NA,NA,NA,NA,NA,NA,NA,NA,NA,NA   NA   NA   NA,NA   NA   NA   NA
STTD_2011-03-09 10:15:00,3/9/2011 10:15,STTD,2011,W,TRUE,CLD,NA,NA,13.8,0.22,537,NA,8.5,9.17,NA,10,Regular,262736,276287,13551,13551,41.62307505,41.62307505,1,NA,NA,Aquatic Non-Insects,15,Family,Hyalellidae,Hyalellidae,NotDetermined,16,0.384,0.384,NA,NA,NA,NA,NA,NA,NA,NA,NA,NA,NA   NA   NA   NA,NA   NA   NA   NA
STTD_2011-03-09 10:15:00,3/9/2011 10:15,STTD,2011,W,TRUE,CLD,NA,NA,13.8,0.22,537,NA,8.5,9.17,NA,10,Regular,262736,276287,13551,13551,41.62307505,41.62307505,1,NA,NA,Terrestrial Non-Insects,57,Subclass,Acari,Acari,NotDetermined,5,0.12,0.12,NA,NA,NA,NA,NA,NA,NA,NA,NA,NA,NA   NA   NA   NA,NA   NA   NA   NA
STTD_2011-03-09 10:15:00,3/9/2011 10:15,STTD,2011,W,TRUE,CLD,NA,NA,13.8,0.22,537,NA,8.5,9.17,NA,10,Regular,262736,276287,13551,13551,41.62307505,41.62307505,1,NA,NA,Aquatic Non-Insects,103,Family,Arrenuridae,Arrenuridae,NotDetermined,1,0.024,0.024,NA,NA,NA,NA,NA,NA,NA,NA,NA,NA,NA   NA   NA   NA,NA   NA   NA   NA
STTD_2011-03-09 10:15:00,3/9/2011 10:15,STTD,2011,W,TRUE,CLD,NA,NA,13.8,0.22,537,NA,8.5,9.17,NA,10,Regular,262736,276287,13551,13551,41.62307505,41.62307505,1,NA,NA,Aquatic Non-Insects,119,Family,Limnesiidae,Limnesiidae,NotDetermined,1,0.024,0.024,NA,NA,NA,NA,NA,NA,NA,NA,NA,NA,NA   NA   NA   NA,NA   NA   NA   NA
STTD_2011-03-09 10:15:00,3/9/2011 10:15,STTD,2011,W,TRUE,CLD,NA,NA,13.8,0.22,537,NA,8.5,9.17,NA,10,Regular,262736,276287,13551,13551,41.62307505,41.62307505,1,NA,NA,Aquatic Non-Insects,18,Family,Hydridae,Hydridae,NotDetermined,34,0.817,0.817,NA,NA,NA,NA,NA,NA,NA,NA,NA,NA,NA   NA   NA   NA,NA   NA   NA   NA
STTD_2011-03-09 10:15:00,3/9/2011 10:15,STTD,2011,W,TRUE,CLD,NA,NA,13.8,0.22,537,NA,8.5,9.17,NA,10,Regular,262736,276287,13551,13551,41.62307505,41.62307505,1,NA,NA,Terrestrial Insects,71,Order,Hemiptera,Hemiptera,Adults,8,0.192,0.192,NA,NA,NA,NA,NA,NA,NA,NA,NA,NA,NA   NA   NA   NA,NA   NA   NA   NA
STTD_2011-03-09 10:15:00,3/9/2011 10:15,STTD,2011,W,TRUE,CLD,NA,NA,13.8,0.22,537,NA,8.5,9.17,NA,10,Regular,262736,276287,13551,13551,41.62307505,41.62307505,1,NA,NA,Terrestrial Insects,63,Order,Coleoptera,Coleoptera,Adults,8,0.192,0.192,NA,NA,NA,NA,NA,NA,NA,NA,NA,NA,NA   NA   NA   NA,NA   NA   NA   NA
STTD_2011-03-09 10:15:00,3/9/2011 10:15,STTD,2011,W,TRUE,CLD,NA,NA,13.8,0.22,537,NA,8.5,9.17,NA,10,Regular,262736,276287,13551,13551,41.62307505,41.62307505,1,NA,NA,Terrestrial Insects,64,Order,Diptera,Diptera,Adults,27,0.649,0.649,NA,NA,NA,NA,NA,NA,NA,NA,NA,NA,NA   NA   NA   NA,NA   NA   NA   NA
STTD_2011-03-09 10:15:00,3/9/2011 10:15,STTD,2011,W,TRUE,CLD,NA,NA,13.8,0.22,537,NA,8.5,9.17,NA,10,Regular,262736,276287,13551,13551,41.62307505,41.62307505,1,NA,NA,Terrestrial Insects,73,Order,Lepidoptera,Lepidoptera,Larvae,2,0.048,0.048,NA,NA,NA,NA,NA,NA,NA,NA,NA,NA,NA   NA   NA   NA,NA   NA   NA   NA
STTD_2011-03-09 10:15:00,3/9/2011 10:15,STTD,2011,W,TRUE,CLD,NA,NA,13.8,0.22,537,NA,8.5,9.17,NA,10,Regular,262736,276287,13551,13551,41.62307505,41.62307505,1,NA,NA,Terrestrial Non-Insects,68,Order,Collembola,Collembola,NotDetermined,70,1.682,1.682,NA,NA,NA,NA,NA,NA,NA,NA,NA,NA,NA   NA   NA   NA,NA   NA   NA   NA
STTD_2011-03-09 10:15:00,3/9/2011 10:15,STTD,2011,W,TRUE,CLD,NA,NA,13.8,0.22,537,NA,8.5,9.17,NA,10,Regular,262736,276287,13551,13551,41.62307505,41.62307505,1,NA,NA,Terrestrial Insects,66,Order,Hymenoptera,Hymenoptera,Adults,2,0.048,0.048,NA,NA,NA,NA,NA,NA,NA,NA,NA,NA,NA   NA   NA   NA,NA   NA   NA   NA
STTD_2011-03-09 10:15:00,3/9/2011 10:15,STTD,2011,W,TRUE,CLD,NA,NA,13.8,0.22,537,NA,8.5,9.17,NA,10,Regular,262736,276287,13551,13551,41.62307505,41.62307505,1,NA,NA,Terrestrial Insects,67,Order,Psocoptera,Psocoptera,Adults,1,0.024,0.024,NA,NA,NA,NA,NA,NA,NA,NA,NA,NA,NA   NA   NA   NA,NA   NA   NA   NA
STTD_2011-03-09 10:15:00,3/9/2011 10:15,STTD,2011,W,TRUE,CLD,NA,NA,13.8,0.22,537,NA,8.5,9.17,NA,10,Regular,262736,276287,13551,13551,41.62307505,41.62307505,1,NA,NA,Terrestrial Non-Insects,157,Order,Araneae,Araneae,NotDetermined,1,0.024,0.024,NA,NA,NA,NA,NA,NA,NA,NA,NA,NA,NA   NA   NA   NA,NA   NA   NA   NA
STTD_2011-03-09 10:15:00,3/9/2011 10:15,STTD,2011,W,TRUE,CLD,NA,NA,13.8,0.22,537,NA,8.5,9.17,NA,10,Regular,262736,276287,13551,13551,41.62307505,41.62307505,1,NA,NA,Terrestrial Non-Insects,59,Order,Geophilomorpha,Geophilomorpha,NotDetermined,1,0.024,0.024,NA,NA,NA,NA,NA,NA,NA,NA,NA,NA,NA   NA   NA   NA,NA   NA   NA   NA
SHR_2011-03-29 10:15:00,3/29/2011 10:15,SHR,2011,W,TRUE,CLR,NA,NA,10.1,0.35,79,NA,8.19,10.62,NA,5,Regular,276401,282192,5791,5791,17.78756015,17.78756015,1,NA,NA,Aquatic Insects,44,Family,Corixidae,Corixidae,Larvae,1,0.056,0.056,NA,NA,NA,NA,NA,NA,NA,NA,NA,NA,NA   NA   NA   NA,NA   NA   NA   NA
SHR_2011-03-29 10:15:00,3/29/2011 10:15,SHR,2011,W,TRUE,CLR,NA,NA,10.1,0.35,79,NA,8.19,10.62,NA,5,Regular,276401,282192,5791,5791,17.78756015,17.78756015,1,NA,NA,Aquatic Insects,34,Family,Chironomidae,Chironomidae,Pupae,1,0.056,0.056,NA,NA,NA,NA,NA,NA,NA,NA,NA,NA,NA   NA   NA   NA,NA   NA   NA   NA
SHR_2011-03-29 10:15:00,3/29/2011 10:15,SHR,2011,W,TRUE,CLR,NA,NA,10.1,0.35,79,NA,8.19,10.62,NA,5,Regular,276401,282192,5791,5791,17.78756015,17.78756015,1,NA,NA,Aquatic Insects,34,Family,Chironomidae,Chironomidae,Adults,9,0.506,0.506,NA,NA,NA,NA,NA,NA,NA,NA,NA,NA,NA   NA   NA   NA,NA   NA   NA   NA
SHR_2011-03-29 10:15:00,3/29/2011 10:15,SHR,2011,W,TRUE,CLR,NA,NA,10.1,0.35,79,NA,8.19,10.62,NA,5,Regular,276401,282192,5791,5791,17.78756015,17.78756015,1,NA,NA,Aquatic Non-Insects,10,Family,Crangonyctidae,Crangonyctidae,NotDetermined,1,0.056,0.056,NA,NA,NA,NA,NA,NA,NA,NA,NA,NA,NA   NA   NA   NA,NA   NA   NA   NA
SHR_2011-03-29 10:15:00,3/29/2011 10:15,SHR,2011,W,TRUE,CLR,NA,NA,10.1,0.35,79,NA,8.19,10.62,NA,5,Regular,276401,282192,5791,5791,17.78756015,17.78756015,1,NA,NA,Terrestrial Insects,71,Order,Hemiptera,Hemiptera,Adults,1,0.056,0.056,NA,NA,NA,NA,NA,NA,NA,NA,NA,NA,NA   NA   NA   NA,NA   NA   NA   NA
SHR_2011-03-29 10:15:00,3/29/2011 10:15,SHR,2011,W,TRUE,CLR,NA,NA,10.1,0.35,79,NA,8.19,10.62,NA,5,Regular,276401,282192,5791,5791,17.78756015,17.78756015,1,NA,NA,Terrestrial Insects,63,Order,Coleoptera,Coleoptera,Larvae,1,0.056,0.056,NA,NA,NA,NA,NA,NA,NA,NA,NA,NA,NA   NA   NA   NA,NA   NA   NA   NA
STTD_2011-03-29 12:13:00,3/29/2011 12:13,STTD,2011,W,TRUE,CLR,NA,NA,11.3,0.17,108,NA,7.98,9.18,NA,5,Regular,283156,287556,4400,4400,13.51498267,13.51498267,1,NA,NA,Aquatic Insects,44,Family,Corixidae,Corixidae,Larvae,10,0.74,0.74,NA,NA,NA,NA,NA,NA,NA,NA,NA,NA,NA   NA   NA   NA,NA   NA   NA   NA
STTD_2011-03-29 12:13:00,3/29/2011 12:13,STTD,2011,W,TRUE,CLR,NA,NA,11.3,0.17,108,NA,7.98,9.18,NA,5,Regular,283156,287556,4400,4400,13.51498267,13.51498267,1,NA,NA,Aquatic Insects,30,Family,Dytiscidae,Dytiscidae,Larvae,1,0.074,0.074,NA,NA,NA,NA,NA,NA,NA,NA,NA,NA,NA   NA   NA   NA,NA   NA   NA   NA
STTD_2011-03-29 12:13:00,3/29/2011 12:13,STTD,2011,W,TRUE,CLR,NA,NA,11.3,0.17,108,NA,7.98,9.18,NA,5,Regular,283156,287556,4400,4400,13.51498267,13.51498267,1,NA,NA,Aquatic Insects,34,Family,Chironomidae,Chironomidae,Larvae,2,0.148,0.148,NA,NA,NA,NA,NA,NA,NA,NA,NA,NA,NA   NA   NA   NA,NA   NA   NA   NA
STTD_2011-03-29 12:13:00,3/29/2011 12:13,STTD,2011,W,TRUE,CLR,NA,NA,11.3,0.17,108,NA,7.98,9.18,NA,5,Regular,283156,287556,4400,4400,13.51498267,13.51498267,1,NA,NA,Aquatic Insects,34,Family,Chironomidae,Chironomidae,Pupae,1,0.074,0.074,NA,NA,NA,NA,NA,NA,NA,NA,NA,NA,NA   NA   NA   NA,NA   NA   NA   NA
STTD_2011-03-29 12:13:00,3/29/2011 12:13,STTD,2011,W,TRUE,CLR,NA,NA,11.3,0.17,108,NA,7.98,9.18,NA,5,Regular,283156,287556,4400,4400,13.51498267,13.51498267,1,NA,NA,Aquatic Insects,34,Family,Chironomidae,Chironomidae,Adults,50,3.7,3.7,NA,NA,NA,NA,NA,NA,NA,NA,NA,NA,NA   NA   NA   NA,NA   NA   NA   NA
STTD_2011-03-29 12:13:00,3/29/2011 12:13,STTD,2011,W,TRUE,CLR,NA,NA,11.3,0.17,108,NA,7.98,9.18,NA,5,Regular,283156,287556,4400,4400,13.51498267,13.51498267,1,NA,NA,Aquatic Non-Insects,10,Family,Crangonyctidae,Crangonyctidae,NotDetermined,1,0.074,0.074,NA,NA,NA,NA,NA,NA,NA,NA,NA,NA,NA   NA   NA   NA,NA   NA   NA   NA
STTD_2011-03-29 12:13:00,3/29/2011 12:13,STTD,2011,W,TRUE,CLR,NA,NA,11.3,0.17,108,NA,7.98,9.18,NA,5,Regular,283156,287556,4400,4400,13.51498267,13.51498267,1,NA,NA,Aquatic Non-Insects,11,Family,Gammaridae,Gammaridae,NotDetermined,2,0.148,0.148,NA,NA,NA,NA,NA,NA,NA,NA,NA,NA,NA   NA   NA   NA,NA   NA   NA   NA
STTD_2011-03-29 12:13:00,3/29/2011 12:13,STTD,2011,W,TRUE,CLR,NA,NA,11.3,0.17,108,NA,7.98,9.18,NA,5,Regular,283156,287556,4400,4400,13.51498267,13.51498267,1,NA,NA,Terrestrial Insects,71,Order,Hemiptera,Hemiptera,Larvae,2,0.148,0.148,NA,NA,NA,NA,NA,NA,NA,NA,NA,NA,NA   NA   NA   NA,NA   NA   NA   NA
STTD_2011-03-29 12:13:00,3/29/2011 12:13,STTD,2011,W,TRUE,CLR,NA,NA,11.3,0.17,108,NA,7.98,9.18,NA,5,Regular,283156,287556,4400,4400,13.51498267,13.51498267,1,NA,NA,Terrestrial Insects,64,Order,Diptera,Diptera,Adults,1,0.074,0.074,NA,NA,NA,NA,NA,NA,NA,NA,NA,NA,NA   NA   NA   NA,NA   NA   NA   NA
SHR_2011-04-06 09:34:00,4/6/2011 9:34,SHR,2011,W,TRUE,CLR,NA,NA,12.8,0.5,98,NA,7.25,9.84,NA,10,Regular,287727,298855,11128,11128,34.18061982,34.18061982,1,NA,NA,Aquatic Insects,44,Family,Corixidae,Corixidae,Larvae,4,0.117,0.117,NA,NA,NA,NA,NA,NA,NA,NA,NA,NA,NA   NA   NA   NA,NA   NA   NA   NA
SHR_2011-04-06 09:34:00,4/6/2011 9:34,SHR,2011,W,TRUE,CLR,NA,NA,12.8,0.5,98,NA,7.25,9.84,NA,10,Regular,287727,298855,11128,11128,34.18061982,34.18061982,1,NA,NA,Aquatic Insects,34,Family,Chironomidae,Chironomidae,Adults,9,0.263,0.263,NA,NA,NA,NA,NA,NA,NA,NA,NA,NA,NA   NA   NA   NA,NA   NA   NA   NA
SHR_2011-04-06 09:34:00,4/6/2011 9:34,SHR,2011,W,TRUE,CLR,NA,NA,12.8,0.5,98,NA,7.25,9.84,NA,10,Regular,287727,298855,11128,11128,34.18061982,34.18061982,1,NA,NA,Aquatic Non-Insects,4,Family,Naididae,Naididae,NotDetermined,1,0.029,0.029,NA,NA,NA,NA,NA,NA,NA,NA,NA,NA,NA   NA   NA   NA,NA   NA   NA   NA
SHR_2011-04-06 09:34:00,4/6/2011 9:34,SHR,2011,W,TRUE,CLR,NA,NA,12.8,0.5,98,NA,7.25,9.84,NA,10,Regular,287727,298855,11128,11128,34.18061982,34.18061982,1,NA,NA,Aquatic Non-Insects,10,Family,Crangonyctidae,Crangonyctidae,NotDetermined,1,0.029,0.029,NA,NA,NA,NA,NA,NA,NA,NA,NA,NA,NA   NA   NA   NA,NA   NA   NA   NA
SHR_2011-04-06 09:34:00,4/6/2011 9:34,SHR,2011,W,TRUE,CLR,NA,NA,12.8,0.5,98,NA,7.25,9.84,NA,10,Regular,287727,298855,11128,11128,34.18061982,34.18061982,1,NA,NA,Terrestrial Insects,66,Order,Hymenoptera,Hymenoptera,Adults,1,0.029,0.029,NA,NA,NA,NA,NA,NA,NA,NA,NA,NA,NA   NA   NA   NA,NA   NA   NA   NA
SHR_2011-04-06 09:34:00,4/6/2011 9:34,SHR,2011,W,TRUE,CLR,NA,NA,12.8,0.5,98,NA,7.25,9.84,NA,10,Regular,287727,298855,11128,11128,34.18061982,34.18061982,1,NA,NA,Aquatic Non-Insects,130,Phylum,Nematoda,Nematoda,NotDetermined,1,0.029,0.029,NA,NA,NA,NA,NA,NA,NA,NA,NA,NA,NA   NA   NA   NA,NA   NA   NA   NA
STTD_2011-04-06 12:51:00,4/6/2011 12:51,STTD,2011,W,TRUE,CLR,NA,NA,14.2,0.36,134,NA,7.16,8.8,NA,10,Regular,298855,306585,7730,7730,23.74336729,23.74336729,2,NA,NA,Aquatic Insects,81,Family,Hydrophilidae,Hydrophilidae,Adults,1,0.042,0.042,NA,NA,NA,NA,NA,NA,NA,NA,NA,NA,NA   NA   NA   NA,NA   NA   NA   NA
STTD_2011-04-06 12:51:00,4/6/2011 12:51,STTD,2011,W,TRUE,CLR,NA,NA,14.2,0.36,134,NA,7.16,8.8,NA,10,Regular,298855,306585,7730,7730,23.74336729,23.74336729,2,NA,NA,Aquatic Insects,34,Family,Chironomidae,Chironomidae,Pupae,3,0.126,0.126,NA,NA,NA,NA,NA,NA,NA,NA,NA,NA,NA   NA   NA   NA,NA   NA   NA   NA
STTD_2011-04-06 12:51:00,4/6/2011 12:51,STTD,2011,W,TRUE,CLR,NA,NA,14.2,0.36,134,NA,7.16,8.8,NA,10,Regular,298855,306585,7730,7730,23.74336729,23.74336729,2,NA,NA,Aquatic Insects,34,Family,Chironomidae,Chironomidae,Adults,64,2.695,2.695,NA,NA,NA,NA,NA,NA,NA,NA,NA,NA,NA   NA   NA   NA,NA   NA   NA   NA
STTD_2011-04-06 12:51:00,4/6/2011 12:51,STTD,2011,W,TRUE,CLR,NA,NA,14.2,0.36,134,NA,7.16,8.8,NA,10,Regular,298855,306585,7730,7730,23.74336729,23.74336729,2,NA,NA,Aquatic Non-Insects,20,Family,Physidae,Physidae,NotDetermined,1,0.042,0.042,NA,NA,NA,NA,NA,NA,NA,NA,NA,NA,NA   NA   NA   NA,NA   NA   NA   NA
STTD_2011-04-06 12:51:00,4/6/2011 12:51,STTD,2011,W,TRUE,CLR,NA,NA,14.2,0.36,134,NA,7.16,8.8,NA,10,Regular,298855,306585,7730,7730,23.74336729,23.74336729,2,NA,NA,Aquatic Non-Insects,9,Family,Corophiidae,Corophiidae,NotDetermined,1,0.042,0.042,NA,NA,NA,NA,NA,NA,NA,NA,NA,NA,NA   NA   NA   NA,NA   NA   NA   NA
STTD_2011-04-06 12:51:00,4/6/2011 12:51,STTD,2011,W,TRUE,CLR,NA,NA,14.2,0.36,134,NA,7.16,8.8,NA,10,Regular,298855,306585,7730,7730,23.74336729,23.74336729,2,NA,NA,Terrestrial Insects,71,Order,Hemiptera,Hemiptera,Larvae,1,0.042,0.042,NA,NA,NA,NA,NA,NA,NA,NA,NA,NA,NA   NA   NA   NA,NA   NA   NA   NA
SHR_2011-04-13 09:33:00,4/13/2011 9:33,SHR,2011,W,FALSE,CLD,NA,NA,12.6,0.57,104,NA,7.05,9.95,NA,10,Regular,133784,139440,5656,5656,17.37289591,17.37289591,1,NA,NA,Aquatic Insects,44,Family,Corixidae,Corixidae,Larvae,1,0.058,0.058,NA,NA,NA,NA,NA,NA,NA,NA,NA,NA,NA   NA   NA   NA,NA   NA   NA   NA
SHR_2011-04-13 09:33:00,4/13/2011 9:33,SHR,2011,W,FALSE,CLD,NA,NA,12.6,0.57,104,NA,7.05,9.95,NA,10,Regular,133784,139440,5656,5656,17.37289591,17.37289591,1,NA,NA,Aquatic Insects,34,Family,Chironomidae,Chironomidae,Pupae,1,0.058,0.058,NA,NA,NA,NA,NA,NA,NA,NA,NA,NA,NA   NA   NA   NA,NA   NA   NA   NA
SHR_2011-04-13 09:33:00,4/13/2011 9:33,SHR,2011,W,FALSE,CLD,NA,NA,12.6,0.57,104,NA,7.05,9.95,NA,10,Regular,133784,139440,5656,5656,17.37289591,17.37289591,1,NA,NA,Aquatic Insects,34,Family,Chironomidae,Chironomidae,Adults,3,0.173,0.173,NA,NA,NA,NA,NA,NA,NA,NA,NA,NA,NA   NA   NA   NA,NA   NA   NA   NA
SHR_2011-04-13 09:33:00,4/13/2011 9:33,SHR,2011,W,FALSE,CLD,NA,NA,12.6,0.57,104,NA,7.05,9.95,NA,10,Regular,133784,139440,5656,5656,17.37289591,17.37289591,1,NA,NA,Aquatic Non-Insects,2,Family,Enchytraeidae,Enchytraeidae,NotDetermined,2,0.115,0.115,NA,NA,NA,NA,NA,NA,NA,NA,NA,NA,NA   NA   NA   NA,NA   NA   NA   NA
SHR_2011-04-13 09:33:00,4/13/2011 9:33,SHR,2011,W,FALSE,CLD,NA,NA,12.6,0.57,104,NA,7.05,9.95,NA,10,Regular,133784,139440,5656,5656,17.37289591,17.37289591,1,NA,NA,Aquatic Non-Insects,4,Family,Naididae,Naididae,NotDetermined,5,0.288,0.288,NA,NA,NA,NA,NA,NA,NA,NA,NA,NA,NA   NA   NA   NA,NA   NA   NA   NA
SHR_2011-04-13 09:33:00,4/13/2011 9:33,SHR,2011,W,FALSE,CLD,NA,NA,12.6,0.57,104,NA,7.05,9.95,NA,10,Regular,133784,139440,5656,5656,17.37289591,17.37289591,1,NA,NA,Aquatic Non-Insects,18,Family,Hydridae,Hydridae,NotDetermined,5,0.288,0.288,NA,NA,NA,NA,NA,NA,NA,NA,NA,NA,NA   NA   NA   NA,NA   NA   NA   NA
SHR_2011-04-13 09:33:00,4/13/2011 9:33,SHR,2011,W,FALSE,CLD,NA,NA,12.6,0.57,104,NA,7.05,9.95,NA,10,Regular,133784,139440,5656,5656,17.37289591,17.37289591,1,NA,NA,Terrestrial Insects,71,Order,Hemiptera,Hemiptera,Larvae,1,0.058,0.058,NA,NA,NA,NA,NA,NA,NA,NA,NA,NA,NA   NA   NA   NA,NA   NA   NA   NA
SHR_2011-04-13 09:33:00,4/13/2011 9:33,SHR,2011,W,FALSE,CLD,NA,NA,12.6,0.57,104,NA,7.05,9.95,NA,10,Regular,133784,139440,5656,5656,17.37289591,17.37289591,1,NA,NA,Terrestrial Insects,64,Order,Diptera,Diptera,Adults,2,0.115,0.115,NA,NA,NA,NA,NA,NA,NA,NA,NA,NA,NA   NA   NA   NA,NA   NA   NA   NA
STTD_2011-04-13 12:23:00,4/13/2011 12:23,STTD,2011,W,FALSE,CLD,NA,NA,13.7,0.28,350,NA,7.81,9.06,NA,4.5,Regular,150299,153557,3258,3258,10.00723035,10.00723035,1,NA,NA,Aquatic Insects,44,Family,Corixidae,Corixidae,Larvae,1,0.1,0.1,NA,NA,NA,NA,NA,NA,NA,NA,NA,NA,NA   NA   NA   NA,NA   NA   NA   NA
STTD_2011-04-13 12:23:00,4/13/2011 12:23,STTD,2011,W,FALSE,CLD,NA,NA,13.7,0.28,350,NA,7.81,9.06,NA,4.5,Regular,150299,153557,3258,3258,10.00723035,10.00723035,1,NA,NA,Aquatic Insects,34,Family,Chironomidae,Chironomidae,Larvae,2,0.2,0.2,NA,NA,NA,NA,NA,NA,NA,NA,NA,NA,NA   NA   NA   NA,NA   NA   NA   NA
STTD_2011-04-13 12:23:00,4/13/2011 12:23,STTD,2011,W,FALSE,CLD,NA,NA,13.7,0.28,350,NA,7.81,9.06,NA,4.5,Regular,150299,153557,3258,3258,10.00723035,10.00723035,1,NA,NA,Aquatic Insects,34,Family,Chironomidae,Chironomidae,Pupae,3,0.3,0.3,NA,NA,NA,NA,NA,NA,NA,NA,NA,NA,NA   NA   NA   NA,NA   NA   NA   NA
STTD_2011-04-13 12:23:00,4/13/2011 12:23,STTD,2011,W,FALSE,CLD,NA,NA,13.7,0.28,350,NA,7.81,9.06,NA,4.5,Regular,150299,153557,3258,3258,10.00723035,10.00723035,1,NA,NA,Aquatic Insects,34,Family,Chironomidae,Chironomidae,Adults,12,1.199,1.199,NA,NA,NA,NA,NA,NA,NA,NA,NA,NA,NA   NA   NA   NA,NA   NA   NA   NA
STTD_2011-04-13 12:23:00,4/13/2011 12:23,STTD,2011,W,FALSE,CLD,NA,NA,13.7,0.28,350,NA,7.81,9.06,NA,4.5,Regular,150299,153557,3258,3258,10.00723035,10.00723035,1,NA,NA,Aquatic Non-Insects,4,Family,Naididae,Naididae,NotDetermined,1,0.1,0.1,NA,NA,NA,NA,NA,NA,NA,NA,NA,NA,NA   NA   NA   NA,NA   NA   NA   NA
STTD_2011-04-13 12:23:00,4/13/2011 12:23,STTD,2011,W,FALSE,CLD,NA,NA,13.7,0.28,350,NA,7.81,9.06,NA,4.5,Regular,150299,153557,3258,3258,10.00723035,10.00723035,1,NA,NA,Aquatic Non-Insects,20,Family,Physidae,Physidae,NotDetermined,1,0.1,0.1,NA,NA,NA,NA,NA,NA,NA,NA,NA,NA,NA   NA   NA   NA,NA   NA   NA   NA
STTD_2011-04-13 12:23:00,4/13/2011 12:23,STTD,2011,W,FALSE,CLD,NA,NA,13.7,0.28,350,NA,7.81,9.06,NA,4.5,Regular,150299,153557,3258,3258,10.00723035,10.00723035,1,NA,NA,Aquatic Non-Insects,9,Family,Corophiidae,Corophiidae,NotDetermined,1,0.1,0.1,NA,NA,NA,NA,NA,NA,NA,NA,NA,NA,NA   NA   NA   NA,NA   NA   NA   NA
STTD_2011-04-13 12:23:00,4/13/2011 12:23,STTD,2011,W,FALSE,CLD,NA,NA,13.7,0.28,350,NA,7.81,9.06,NA,4.5,Regular,150299,153557,3258,3258,10.00723035,10.00723035,1,NA,NA,Aquatic Non-Insects,18,Family,Hydridae,Hydridae,NotDetermined,3,0.3,0.3,NA,NA,NA,NA,NA,NA,NA,NA,NA,NA,NA   NA   NA   NA,NA   NA   NA   NA
STTD_2011-04-13 12:23:00,4/13/2011 12:23,STTD,2011,W,FALSE,CLD,NA,NA,13.7,0.28,350,NA,7.81,9.06,NA,4.5,Regular,150299,153557,3258,3258,10.00723035,10.00723035,1,NA,NA,Terrestrial Insects,64,Order,Diptera,Diptera,Adults,1,0.1,0.1,NA,NA,NA,NA,NA,NA,NA,NA,NA,NA,NA   NA   NA   NA,NA   NA   NA   NA
SHR_2011-04-22 08:40:00,4/22/2011 8:40,SHR,2011,W,FALSE,CLD,NA,NA,13.4,0.56,86,NA,7.7,10.4,NA,10,Regular,55,7104,7049,7049,21.65161656,21.65161656,1,NA,NA,Aquatic Insects,34,Family,Chironomidae,Chironomidae,Larvae,1,0.046,0.046,NA,NA,NA,NA,NA,NA,NA,NA,NA,NA,NA   NA   NA   NA,NA   NA   NA   NA
SHR_2011-04-22 08:40:00,4/22/2011 8:40,SHR,2011,W,FALSE,CLD,NA,NA,13.4,0.56,86,NA,7.7,10.4,NA,10,Regular,55,7104,7049,7049,21.65161656,21.65161656,1,NA,NA,Aquatic Insects,34,Family,Chironomidae,Chironomidae,Pupae,1,0.046,0.046,NA,NA,NA,NA,NA,NA,NA,NA,NA,NA,NA   NA   NA   NA,NA   NA   NA   NA
SHR_2011-04-22 08:40:00,4/22/2011 8:40,SHR,2011,W,FALSE,CLD,NA,NA,13.4,0.56,86,NA,7.7,10.4,NA,10,Regular,55,7104,7049,7049,21.65161656,21.65161656,1,NA,NA,Aquatic Non-Insects,4,Family,Naididae,Naididae,NotDetermined,1,0.046,0.046,NA,NA,NA,NA,NA,NA,NA,NA,NA,NA,NA   NA   NA   NA,NA   NA   NA   NA
SHR_2011-04-22 08:40:00,4/22/2011 8:40,SHR,2011,W,FALSE,CLD,NA,NA,13.4,0.56,86,NA,7.7,10.4,NA,10,Regular,55,7104,7049,7049,21.65161656,21.65161656,1,NA,NA,Aquatic Non-Insects,10,Family,Crangonyctidae,Crangonyctidae,NotDetermined,1,0.046,0.046,NA,NA,NA,NA,NA,NA,NA,NA,NA,NA,NA   NA   NA   NA,NA   NA   NA   NA
SHR_2011-04-22 08:40:00,4/22/2011 8:40,SHR,2011,W,FALSE,CLD,NA,NA,13.4,0.56,86,NA,7.7,10.4,NA,10,Regular,55,7104,7049,7049,21.65161656,21.65161656,1,NA,NA,Terrestrial Insects,64,Order,Diptera,Diptera,Adults,2,0.092,0.092,NA,NA,NA,NA,NA,NA,NA,NA,NA,NA,NA   NA   NA   NA,NA   NA   NA   NA
SHR_2011-04-22 08:40:00,4/22/2011 8:40,SHR,2011,W,FALSE,CLD,NA,NA,13.4,0.56,86,NA,7.7,10.4,NA,10,Regular,55,7104,7049,7049,21.65161656,21.65161656,1,NA,NA,Terrestrial Insects,85,Order,Thysanoptera,Thysanoptera,Larvae,1,0.046,0.046,NA,NA,NA,NA,NA,NA,NA,NA,NA,NA,NA   NA   NA   NA,NA   NA   NA   NA
STTD_2011-04-22 10:46:00,4/22/2011 10:46,STTD,2011,W,FALSE,CLD,NA,NA,18.3,0.41,567,NA,7.81,6.62,NA,10,Regular,13313,26354,13041,13041,40.0565657,40.0565657,1,NA,NA,Aquatic Insects,46,Family,Coenagrionidae,Coenagrionidae,Larvae,3,0.075,0.075,NA,NA,NA,NA,NA,NA,NA,NA,NA,NA,NA   NA   NA   NA,NA   NA   NA   NA
STTD_2011-04-22 10:46:00,4/22/2011 10:46,STTD,2011,W,FALSE,CLD,NA,NA,18.3,0.41,567,NA,7.81,6.62,NA,10,Regular,13313,26354,13041,13041,40.0565657,40.0565657,1,NA,NA,Aquatic Insects,44,Family,Corixidae,Corixidae,Larvae,207,5.168,5.168,NA,NA,NA,NA,NA,NA,NA,NA,NA,NA,NA   NA   NA   NA,NA   NA   NA   NA
STTD_2011-04-22 10:46:00,4/22/2011 10:46,STTD,2011,W,FALSE,CLD,NA,NA,18.3,0.41,567,NA,7.81,6.62,NA,10,Regular,13313,26354,13041,13041,40.0565657,40.0565657,1,NA,NA,Aquatic Insects,45,Family,Notonectidae,Notonectidae,Larvae,1,0.025,0.025,NA,NA,NA,NA,NA,NA,NA,NA,NA,NA,NA   NA   NA   NA,NA   NA   NA   NA
STTD_2011-04-22 10:46:00,4/22/2011 10:46,STTD,2011,W,FALSE,CLD,NA,NA,18.3,0.41,567,NA,7.81,6.62,NA,10,Regular,13313,26354,13041,13041,40.0565657,40.0565657,1,NA,NA,Aquatic Insects,34,Family,Chironomidae,Chironomidae,Larvae,1,0.025,0.025,NA,NA,NA,NA,NA,NA,NA,NA,NA,NA,NA   NA   NA   NA,NA   NA   NA   NA
STTD_2011-04-22 10:46:00,4/22/2011 10:46,STTD,2011,W,FALSE,CLD,NA,NA,18.3,0.41,567,NA,7.81,6.62,NA,10,Regular,13313,26354,13041,13041,40.0565657,40.0565657,1,NA,NA,Aquatic Insects,34,Family,Chironomidae,Chironomidae,Pupae,1,0.025,0.025,NA,NA,NA,NA,NA,NA,NA,NA,NA,NA,NA   NA   NA   NA,NA   NA   NA   NA
STTD_2011-04-22 10:46:00,4/22/2011 10:46,STTD,2011,W,FALSE,CLD,NA,NA,18.3,0.41,567,NA,7.81,6.62,NA,10,Regular,13313,26354,13041,13041,40.0565657,40.0565657,1,NA,NA,Aquatic Insects,34,Family,Chironomidae,Chironomidae,Adults,47,1.173,1.173,NA,NA,NA,NA,NA,NA,NA,NA,NA,NA,NA   NA   NA   NA,NA   NA   NA   NA
STTD_2011-04-22 10:46:00,4/22/2011 10:46,STTD,2011,W,FALSE,CLD,NA,NA,18.3,0.41,567,NA,7.81,6.62,NA,10,Regular,13313,26354,13041,13041,40.0565657,40.0565657,1,NA,NA,Aquatic Insects,33,Family,Chaoboridae,Chaoboridae,Larvae,1,0.025,0.025,NA,NA,NA,NA,NA,NA,NA,NA,NA,NA,NA   NA   NA   NA,NA   NA   NA   NA
STTD_2011-04-22 10:46:00,4/22/2011 10:46,STTD,2011,W,FALSE,CLD,NA,NA,18.3,0.41,567,NA,7.81,6.62,NA,10,Regular,13313,26354,13041,13041,40.0565657,40.0565657,1,NA,NA,Aquatic Non-Insects,4,Family,Naididae,Naididae,NotDetermined,1,0.025,0.025,NA,NA,NA,NA,NA,NA,NA,NA,NA,NA,NA   NA   NA   NA,NA   NA   NA   NA
STTD_2011-04-22 10:46:00,4/22/2011 10:46,STTD,2011,W,FALSE,CLD,NA,NA,18.3,0.41,567,NA,7.81,6.62,NA,10,Regular,13313,26354,13041,13041,40.0565657,40.0565657,1,NA,NA,Aquatic Non-Insects,20,Family,Physidae,Physidae,NotDetermined,8,0.2,0.2,NA,NA,NA,NA,NA,NA,NA,NA,NA,NA,NA   NA   NA   NA,NA   NA   NA   NA
STTD_2011-04-22 10:46:00,4/22/2011 10:46,STTD,2011,W,FALSE,CLD,NA,NA,18.3,0.41,567,NA,7.81,6.62,NA,10,Regular,13313,26354,13041,13041,40.0565657,40.0565657,1,NA,NA,Aquatic Non-Insects,10,Family,Crangonyctidae,Crangonyctidae,NotDetermined,7,0.175,0.175,NA,NA,NA,NA,NA,NA,NA,NA,NA,NA,NA   NA   NA   NA,NA   NA   NA   NA
STTD_2011-04-22 10:46:00,4/22/2011 10:46,STTD,2011,W,FALSE,CLD,NA,NA,18.3,0.41,567,NA,7.81,6.62,NA,10,Regular,13313,26354,13041,13041,40.0565657,40.0565657,1,NA,NA,Aquatic Non-Insects,15,Family,Hyalellidae,Hyalellidae,NotDetermined,2,0.05,0.05,NA,NA,NA,NA,NA,NA,NA,NA,NA,NA,NA   NA   NA   NA,NA   NA   NA   NA
STTD_2011-04-22 10:46:00,4/22/2011 10:46,STTD,2011,W,FALSE,CLD,NA,NA,18.3,0.41,567,NA,7.81,6.62,NA,10,Regular,13313,26354,13041,13041,40.0565657,40.0565657,1,NA,NA,Aquatic Non-Insects,18,Family,Hydridae,Hydridae,NotDetermined,10,0.25,0.25,NA,NA,NA,NA,NA,NA,NA,NA,NA,NA,NA   NA   NA   NA,NA   NA   NA   NA
STTD_2011-04-22 10:46:00,4/22/2011 10:46,STTD,2011,W,FALSE,CLD,NA,NA,18.3,0.41,567,NA,7.81,6.62,NA,10,Regular,13313,26354,13041,13041,40.0565657,40.0565657,1,NA,NA,Terrestrial Insects,71,Order,Hemiptera,Hemiptera,Larvae,10,0.25,0.25,NA,NA,NA,NA,NA,NA,NA,NA,NA,NA,NA   NA   NA   NA,NA   NA   NA   NA
STTD_2011-04-22 10:46:00,4/22/2011 10:46,STTD,2011,W,FALSE,CLD,NA,NA,18.3,0.41,567,NA,7.81,6.62,NA,10,Regular,13313,26354,13041,13041,40.0565657,40.0565657,1,NA,NA,Terrestrial Insects,71,Order,Hemiptera,Hemiptera,Adults,20,0.499,0.499,NA,NA,NA,NA,NA,NA,NA,NA,NA,NA,NA   NA   NA   NA,NA   NA   NA   NA
STTD_2011-04-22 10:46:00,4/22/2011 10:46,STTD,2011,W,FALSE,CLD,NA,NA,18.3,0.41,567,NA,7.81,6.62,NA,10,Regular,13313,26354,13041,13041,40.0565657,40.0565657,1,NA,NA,Terrestrial Insects,64,Order,Diptera,Diptera,Adults,1,0.025,0.025,NA,NA,NA,NA,NA,NA,NA,NA,NA,NA,NA   NA   NA   NA,NA   NA   NA   NA
STTD_2011-04-22 10:46:00,4/22/2011 10:46,STTD,2011,W,FALSE,CLD,NA,NA,18.3,0.41,567,NA,7.81,6.62,NA,10,Regular,13313,26354,13041,13041,40.0565657,40.0565657,1,NA,NA,Terrestrial Insects,67,Order,Psocoptera,Psocoptera,Adults,1,0.025,0.025,NA,NA,NA,NA,NA,NA,NA,NA,NA,NA,NA   NA   NA   NA,NA   NA   NA   NA
SHR_2011-05-04 08:47:00,5/4/2011 8:47,SHR,2011,W,FALSE,CLR,NA,NA,14.4,0.96,77,NA,7.9,10.6,NA,10,Regular,26415,33227,6812,6812,20.92365045,20.92365045,1,NA,NA,Aquatic Insects,41,Family,Baetidae,Baetidae,Larvae,1,0.048,0.048,NA,NA,NA,NA,NA,NA,NA,NA,NA,NA,NA   NA   NA   NA,NA   NA   NA   NA
SHR_2011-05-04 08:47:00,5/4/2011 8:47,SHR,2011,W,FALSE,CLR,NA,NA,14.4,0.96,77,NA,7.9,10.6,NA,10,Regular,26415,33227,6812,6812,20.92365045,20.92365045,1,NA,NA,Aquatic Insects,107,Family,Leptohyphidae,Leptohyphidae,Larvae,1,0.048,0.048,NA,NA,NA,NA,NA,NA,NA,NA,NA,NA,NA   NA   NA   NA,NA   NA   NA   NA
SHR_2011-05-04 08:47:00,5/4/2011 8:47,SHR,2011,W,FALSE,CLR,NA,NA,14.4,0.96,77,NA,7.9,10.6,NA,10,Regular,26415,33227,6812,6812,20.92365045,20.92365045,1,NA,NA,Aquatic Insects,56,Family,Leptoceridae,Leptoceridae,Larvae,1,0.048,0.048,NA,NA,NA,NA,NA,NA,NA,NA,NA,NA,NA   NA   NA   NA,NA   NA   NA   NA
SHR_2011-05-04 08:47:00,5/4/2011 8:47,SHR,2011,W,FALSE,CLR,NA,NA,14.4,0.96,77,NA,7.9,10.6,NA,10,Regular,26415,33227,6812,6812,20.92365045,20.92365045,1,NA,NA,Aquatic Insects,34,Family,Chironomidae,Chironomidae,Larvae,1,0.048,0.048,NA,NA,NA,NA,NA,NA,NA,NA,NA,NA,NA   NA   NA   NA,NA   NA   NA   NA
SHR_2011-05-04 08:47:00,5/4/2011 8:47,SHR,2011,W,FALSE,CLR,NA,NA,14.4,0.96,77,NA,7.9,10.6,NA,10,Regular,26415,33227,6812,6812,20.92365045,20.92365045,1,NA,NA,Aquatic Insects,34,Family,Chironomidae,Chironomidae,Adults,2,0.096,0.096,NA,NA,NA,NA,NA,NA,NA,NA,NA,NA,NA   NA   NA   NA,NA   NA   NA   NA
SHR_2011-05-04 08:47:00,5/4/2011 8:47,SHR,2011,W,FALSE,CLR,NA,NA,14.4,0.96,77,NA,7.9,10.6,NA,10,Regular,26415,33227,6812,6812,20.92365045,20.92365045,1,NA,NA,Aquatic Non-Insects,11,Family,Gammaridae,Gammaridae,NotDetermined,2,0.096,0.096,NA,NA,NA,NA,NA,NA,NA,NA,NA,NA,NA   NA   NA   NA,NA   NA   NA   NA
SHR_2011-05-04 08:47:00,5/4/2011 8:47,SHR,2011,W,FALSE,CLR,NA,NA,14.4,0.96,77,NA,7.9,10.6,NA,10,Regular,26415,33227,6812,6812,20.92365045,20.92365045,1,NA,NA,Terrestrial Insects,71,Order,Hemiptera,Hemiptera,Adults,1,0.048,0.048,NA,NA,NA,NA,NA,NA,NA,NA,NA,NA,NA   NA   NA   NA,NA   NA   NA   NA
STTD_2011-05-04 10:44:00,5/4/2011 10:44,STTD,2011,W,FALSE,CLR,NA,NA,19,0.29,574,NA,7.63,7.9,NA,10,Regular,33396,42934,9538,9538,29.29679653,29.29679653,1,NA,NA,Aquatic Insects,44,Family,Corixidae,Corixidae,Larvae,3,0.102,0.102,NA,NA,NA,NA,NA,NA,NA,NA,NA,NA,NA   NA   NA   NA,NA   NA   NA   NA
STTD_2011-05-04 10:44:00,5/4/2011 10:44,STTD,2011,W,FALSE,CLR,NA,NA,19,0.29,574,NA,7.63,7.9,NA,10,Regular,33396,42934,9538,9538,29.29679653,29.29679653,1,NA,NA,Aquatic Insects,44,Family,Corixidae,Corixidae,Adults,1,0.034,0.034,NA,NA,NA,NA,NA,NA,NA,NA,NA,NA,NA   NA   NA   NA,NA   NA   NA   NA
STTD_2011-05-04 10:44:00,5/4/2011 10:44,STTD,2011,W,FALSE,CLR,NA,NA,19,0.29,574,NA,7.63,7.9,NA,10,Regular,33396,42934,9538,9538,29.29679653,29.29679653,1,NA,NA,Aquatic Insects,34,Family,Chironomidae,Chironomidae,Pupae,2,0.068,0.068,NA,NA,NA,NA,NA,NA,NA,NA,NA,NA,NA   NA   NA   NA,NA   NA   NA   NA
STTD_2011-05-04 10:44:00,5/4/2011 10:44,STTD,2011,W,FALSE,CLR,NA,NA,19,0.29,574,NA,7.63,7.9,NA,10,Regular,33396,42934,9538,9538,29.29679653,29.29679653,1,NA,NA,Aquatic Insects,34,Family,Chironomidae,Chironomidae,Adults,15,0.512,0.512,NA,NA,NA,NA,NA,NA,NA,NA,NA,NA,NA   NA   NA   NA,NA   NA   NA   NA
STTD_2011-05-04 10:44:00,5/4/2011 10:44,STTD,2011,W,FALSE,CLR,NA,NA,19,0.29,574,NA,7.63,7.9,NA,10,Regular,33396,42934,9538,9538,29.29679653,29.29679653,1,NA,NA,Aquatic Non-Insects,11,Family,Gammaridae,Gammaridae,NotDetermined,1,0.034,0.034,NA,NA,NA,NA,NA,NA,NA,NA,NA,NA,NA   NA   NA   NA,NA   NA   NA   NA
STTD_2011-05-04 10:44:00,5/4/2011 10:44,STTD,2011,W,FALSE,CLR,NA,NA,19,0.29,574,NA,7.63,7.9,NA,10,Regular,33396,42934,9538,9538,29.29679653,29.29679653,1,NA,NA,Aquatic Non-Insects,18,Family,Hydridae,Hydridae,NotDetermined,12,0.41,0.41,NA,NA,NA,NA,NA,NA,NA,NA,NA,NA,NA   NA   NA   NA,NA   NA   NA   NA
STTD_2011-05-04 10:44:00,5/4/2011 10:44,STTD,2011,W,FALSE,CLR,NA,NA,19,0.29,574,NA,7.63,7.9,NA,10,Regular,33396,42934,9538,9538,29.29679653,29.29679653,1,NA,NA,Terrestrial Insects,71,Order,Hemiptera,Hemiptera,Adults,59,2.014,2.014,NA,NA,NA,NA,NA,NA,NA,NA,NA,NA,NA   NA   NA   NA,NA   NA   NA   NA
STTD_2011-05-04 10:44:00,5/4/2011 10:44,STTD,2011,W,FALSE,CLR,NA,NA,19,0.29,574,NA,7.63,7.9,NA,10,Regular,33396,42934,9538,9538,29.29679653,29.29679653,1,NA,NA,Terrestrial Insects,63,Order,Coleoptera,Coleoptera,Larvae,1,0.034,0.034,NA,NA,NA,NA,NA,NA,NA,NA,NA,NA,NA   NA   NA   NA,NA   NA   NA   NA
STTD_2011-05-04 10:44:00,5/4/2011 10:44,STTD,2011,W,FALSE,CLR,NA,NA,19,0.29,574,NA,7.63,7.9,NA,10,Regular,33396,42934,9538,9538,29.29679653,29.29679653,1,NA,NA,Terrestrial Insects,64,Order,Diptera,Diptera,Adults,5,0.171,0.171,NA,NA,NA,NA,NA,NA,NA,NA,NA,NA,NA   NA   NA   NA,NA   NA   NA   NA
STTD_2011-05-04 10:44:00,5/4/2011 10:44,STTD,2011,W,FALSE,CLR,NA,NA,19,0.29,574,NA,7.63,7.9,NA,10,Regular,33396,42934,9538,9538,29.29679653,29.29679653,1,NA,NA,Terrestrial Insects,66,Order,Hymenoptera,Hymenoptera,Adults,3,0.102,0.102,NA,NA,NA,NA,NA,NA,NA,NA,NA,NA,NA   NA   NA   NA,NA   NA   NA   NA
SHR_2011-05-19 08:40:00,5/19/2011 8:40,SHR,2011,W,FALSE,CLR,NA,NA,13.1,0.93,74,NA,7.87,10.6,NA,10,Regular,172257,176762,4505,4505,13.83749931,13.83749931,1,NA,NA,Terrestrial Insects,71,Order,Hemiptera,Hemiptera,Adults,4,0.289,0.289,NA,NA,NA,NA,NA,NA,NA,NA,NA,NA,NA   NA   NA   NA,NA   NA   NA   NA
SHR_2011-05-19 08:40:00,5/19/2011 8:40,SHR,2011,W,FALSE,CLR,NA,NA,13.1,0.93,74,NA,7.87,10.6,NA,10,Regular,172257,176762,4505,4505,13.83749931,13.83749931,1,NA,NA,Aquatic Insects,34,Family,Chironomidae,Chironomidae,Larvae,1,0.072,0.072,NA,NA,NA,NA,NA,NA,NA,NA,NA,NA,NA   NA   NA   NA,NA   NA   NA   NA
SHR_2011-05-19 08:40:00,5/19/2011 8:40,SHR,2011,W,FALSE,CLR,NA,NA,13.1,0.93,74,NA,7.87,10.6,NA,10,Regular,172257,176762,4505,4505,13.83749931,13.83749931,1,NA,NA,Aquatic Insects,34,Family,Chironomidae,Chironomidae,Pupae,2,0.145,0.145,NA,NA,NA,NA,NA,NA,NA,NA,NA,NA,NA   NA   NA   NA,NA   NA   NA   NA
SHR_2011-05-19 08:40:00,5/19/2011 8:40,SHR,2011,W,FALSE,CLR,NA,NA,13.1,0.93,74,NA,7.87,10.6,NA,10,Regular,172257,176762,4505,4505,13.83749931,13.83749931,1,NA,NA,Aquatic Non-Insects,9,Family,Corophiidae,Corophiidae,NotDetermined,2,0.145,0.145,NA,NA,NA,NA,NA,NA,NA,NA,NA,NA,NA   NA   NA   NA,NA   NA   NA   NA
SHR_2011-05-19 08:40:00,5/19/2011 8:40,SHR,2011,W,FALSE,CLR,NA,NA,13.1,0.93,74,NA,7.87,10.6,NA,10,Regular,172257,176762,4505,4505,13.83749931,13.83749931,1,NA,NA,Terrestrial Insects,66,Order,Hymenoptera,Hymenoptera,Adults,1,0.072,0.072,NA,NA,NA,NA,NA,NA,NA,NA,NA,NA,NA   NA   NA   NA,NA   NA   NA   NA
SHR_2011-05-19 08:40:00,5/19/2011 8:40,SHR,2011,W,FALSE,CLR,NA,NA,13.1,0.93,74,NA,7.87,10.6,NA,10,Regular,172257,176762,4505,4505,13.83749931,13.83749931,1,NA,NA,Aquatic Non-Insects,134,Superfamily,Corbiculoidea,Corbiculoidea,NotDetermined,1,0.072,0.072,NA,NA,NA,NA,NA,NA,NA,NA,NA,NA,NA   NA   NA   NA,NA   NA   NA   NA
SHR_2011-05-19 08:40:00,5/19/2011 8:40,SHR,2011,W,FALSE,CLR,NA,NA,13.1,0.93,74,NA,7.87,10.6,NA,10,Regular,172257,176762,4505,4505,13.83749931,13.83749931,1,NA,NA,Aquatic Insects,44,Family,Corixidae,Corixidae,Larvae,1,0.072,0.072,NA,NA,NA,NA,NA,NA,NA,NA,NA,NA,NA   NA   NA   NA,NA   NA   NA   NA
STTD_2011-05-19 10:33:00,5/19/2011 10:33,STTD,2011,W,FALSE,CLR,NA,NA,17.2,0.28,585,NA,7.96,7.48,NA,10,Regular,49924,56914,6990,6990,21.47039293,21.47039293,1,NA,NA,Aquatic Insects,44,Family,Corixidae,Corixidae,Larvae,4,0.186,0.186,NA,NA,NA,NA,NA,NA,NA,NA,NA,NA,NA   NA   NA   NA,NA   NA   NA   NA
STTD_2011-05-19 10:33:00,5/19/2011 10:33,STTD,2011,W,FALSE,CLR,NA,NA,17.2,0.28,585,NA,7.96,7.48,NA,10,Regular,49924,56914,6990,6990,21.47039293,21.47039293,1,NA,NA,Aquatic Insects,30,Family,Dytiscidae,Dytiscidae,Adults,4,0.186,0.186,NA,NA,NA,NA,NA,NA,NA,NA,NA,NA,NA   NA   NA   NA,NA   NA   NA   NA
STTD_2011-05-19 10:33:00,5/19/2011 10:33,STTD,2011,W,FALSE,CLR,NA,NA,17.2,0.28,585,NA,7.96,7.48,NA,10,Regular,49924,56914,6990,6990,21.47039293,21.47039293,1,NA,NA,Aquatic Insects,34,Family,Chironomidae,Chironomidae,Larvae,1,0.047,0.047,NA,NA,NA,NA,NA,NA,NA,NA,NA,NA,NA   NA   NA   NA,NA   NA   NA   NA
STTD_2011-05-19 10:33:00,5/19/2011 10:33,STTD,2011,W,FALSE,CLR,NA,NA,17.2,0.28,585,NA,7.96,7.48,NA,10,Regular,49924,56914,6990,6990,21.47039293,21.47039293,1,NA,NA,Aquatic Insects,34,Family,Chironomidae,Chironomidae,Pupae,3,0.14,0.14,NA,NA,NA,NA,NA,NA,NA,NA,NA,NA,NA   NA   NA   NA,NA   NA   NA   NA
STTD_2011-05-19 10:33:00,5/19/2011 10:33,STTD,2011,W,FALSE,CLR,NA,NA,17.2,0.28,585,NA,7.96,7.48,NA,10,Regular,49924,56914,6990,6990,21.47039293,21.47039293,1,NA,NA,Aquatic Insects,34,Family,Chironomidae,Chironomidae,Adults,5,0.233,0.233,NA,NA,NA,NA,NA,NA,NA,NA,NA,NA,NA   NA   NA   NA,NA   NA   NA   NA
STTD_2011-05-19 10:33:00,5/19/2011 10:33,STTD,2011,W,FALSE,CLR,NA,NA,17.2,0.28,585,NA,7.96,7.48,NA,10,Regular,49924,56914,6990,6990,21.47039293,21.47039293,1,NA,NA,Aquatic Non-Insects,4,Family,Naididae,Naididae,NotDetermined,4,0.186,0.186,NA,NA,NA,NA,NA,NA,NA,NA,NA,NA,NA   NA   NA   NA,NA   NA   NA   NA
STTD_2011-05-19 10:33:00,5/19/2011 10:33,STTD,2011,W,FALSE,CLR,NA,NA,17.2,0.28,585,NA,7.96,7.48,NA,10,Regular,49924,56914,6990,6990,21.47039293,21.47039293,1,NA,NA,Aquatic Non-Insects,15,Family,Hyalellidae,Hyalellidae,NotDetermined,1,0.047,0.047,NA,NA,NA,NA,NA,NA,NA,NA,NA,NA,NA   NA   NA   NA,NA   NA   NA   NA
STTD_2011-05-19 10:33:00,5/19/2011 10:33,STTD,2011,W,FALSE,CLR,NA,NA,17.2,0.28,585,NA,7.96,7.48,NA,10,Regular,49924,56914,6990,6990,21.47039293,21.47039293,1,NA,NA,Terrestrial Insects,71,Order,Hemiptera,Hemiptera,Adults,6,0.279,0.279,NA,NA,NA,NA,NA,NA,NA,NA,NA,NA,NA   NA   NA   NA,NA   NA   NA   NA
STTD_2011-05-19 10:33:00,5/19/2011 10:33,STTD,2011,W,FALSE,CLR,NA,NA,17.2,0.28,585,NA,7.96,7.48,NA,10,Regular,49924,56914,6990,6990,21.47039293,21.47039293,1,NA,NA,Terrestrial Insects,63,Order,Coleoptera,Coleoptera,Adults,1,0.047,0.047,NA,NA,NA,NA,NA,NA,NA,NA,NA,NA,NA   NA   NA   NA,NA   NA   NA   NA
STTD_2011-05-19 10:33:00,5/19/2011 10:33,STTD,2011,W,FALSE,CLR,NA,NA,17.2,0.28,585,NA,7.96,7.48,NA,10,Regular,49924,56914,6990,6990,21.47039293,21.47039293,1,NA,NA,Terrestrial Insects,64,Order,Diptera,Diptera,Adults,5,0.233,0.233,NA,NA,NA,NA,NA,NA,NA,NA,NA,NA,NA   NA   NA   NA,NA   NA   NA   NA
STTD_2011-05-19 10:33:00,5/19/2011 10:33,STTD,2011,W,FALSE,CLR,NA,NA,17.2,0.28,585,NA,7.96,7.48,NA,10,Regular,49924,56914,6990,6990,21.47039293,21.47039293,1,NA,NA,Terrestrial Insects,66,Order,Hymenoptera,Hymenoptera,Adults,1,0.047,0.047,NA,NA,NA,NA,NA,NA,NA,NA,NA,NA,NA   NA   NA   NA,NA   NA   NA   NA
STTD_2011-05-19 10:33:00,5/19/2011 10:33,STTD,2011,W,FALSE,CLR,NA,NA,17.2,0.28,585,NA,7.96,7.48,NA,10,Regular,49924,56914,6990,6990,21.47039293,21.47039293,1,NA,NA,Terrestrial Non-Insects,58,Suborder,Araneida,Araneida,NotDetermined,2,0.093,0.093,NA,NA,NA,NA,NA,NA,NA,NA,NA,NA,NA   NA   NA   NA,NA   NA   NA   NA
SHR_2011-06-01 08:27:00,6/1/2011 8:27,SHR,2011,W,FALSE,CLD,NA,NA,14.5,0.82,81,NA,7.67,9.88,NA,10,Regular,57159,63015,5856,5856,17.98721331,17.98721331,1,NA,NA,Aquatic Insects,88,Family,Hydroptilidae,Hydroptilidae,Larvae,1,0.056,0.056,NA,NA,NA,NA,NA,NA,NA,NA,NA,NA,NA   NA   NA   NA,NA   NA   NA   NA
SHR_2011-06-01 08:27:00,6/1/2011 8:27,SHR,2011,W,FALSE,CLD,NA,NA,14.5,0.82,81,NA,7.67,9.88,NA,10,Regular,57159,63015,5856,5856,17.98721331,17.98721331,1,NA,NA,Aquatic Insects,102,Family,Gomphidae,Gomphidae,Larvae,1,0.056,0.056,NA,NA,NA,NA,NA,NA,NA,NA,NA,NA,NA   NA   NA   NA,NA   NA   NA   NA
SHR_2011-06-01 08:27:00,6/1/2011 8:27,SHR,2011,W,FALSE,CLD,NA,NA,14.5,0.82,81,NA,7.67,9.88,NA,10,Regular,57159,63015,5856,5856,17.98721331,17.98721331,1,NA,NA,Aquatic Insects,44,Family,Corixidae,Corixidae,Larvae,4,0.222,0.222,NA,NA,NA,NA,NA,NA,NA,NA,NA,NA,NA   NA   NA   NA,NA   NA   NA   NA
SHR_2011-06-01 08:27:00,6/1/2011 8:27,SHR,2011,W,FALSE,CLD,NA,NA,14.5,0.82,81,NA,7.67,9.88,NA,10,Regular,57159,63015,5856,5856,17.98721331,17.98721331,1,NA,NA,Aquatic Insects,34,Family,Chironomidae,Chironomidae,Larvae,2,0.111,0.111,NA,NA,NA,NA,NA,NA,NA,NA,NA,NA,NA   NA   NA   NA,NA   NA   NA   NA
SHR_2011-06-01 08:27:00,6/1/2011 8:27,SHR,2011,W,FALSE,CLD,NA,NA,14.5,0.82,81,NA,7.67,9.88,NA,10,Regular,57159,63015,5856,5856,17.98721331,17.98721331,1,NA,NA,Aquatic Insects,34,Family,Chironomidae,Chironomidae,Pupae,3,0.167,0.167,NA,NA,NA,NA,NA,NA,NA,NA,NA,NA,NA   NA   NA   NA,NA   NA   NA   NA
SHR_2011-06-01 08:27:00,6/1/2011 8:27,SHR,2011,W,FALSE,CLD,NA,NA,14.5,0.82,81,NA,7.67,9.88,NA,10,Regular,57159,63015,5856,5856,17.98721331,17.98721331,1,NA,NA,Aquatic Insects,34,Family,Chironomidae,Chironomidae,Adults,1,0.056,0.056,NA,NA,NA,NA,NA,NA,NA,NA,NA,NA,NA   NA   NA   NA,NA   NA   NA   NA
SHR_2011-06-01 08:27:00,6/1/2011 8:27,SHR,2011,W,FALSE,CLD,NA,NA,14.5,0.82,81,NA,7.67,9.88,NA,10,Regular,57159,63015,5856,5856,17.98721331,17.98721331,1,NA,NA,Aquatic Non-Insects,28,Family,Lebertiidae,Lebertiidae,NotDetermined,1,0.056,0.056,NA,NA,NA,NA,NA,NA,NA,NA,NA,NA,NA   NA   NA   NA,NA   NA   NA   NA
SHR_2011-06-01 08:27:00,6/1/2011 8:27,SHR,2011,W,FALSE,CLD,NA,NA,14.5,0.82,81,NA,7.67,9.88,NA,10,Regular,57159,63015,5856,5856,17.98721331,17.98721331,1,NA,NA,Aquatic Non-Insects,120,Family,Lebertiidae,Lebertiidae,NotDetermined,1,0.056,0.056,NA,NA,NA,NA,NA,NA,NA,NA,NA,NA,NA   NA   NA   NA,NA   NA   NA   NA
SHR_2011-06-01 08:27:00,6/1/2011 8:27,SHR,2011,W,FALSE,CLD,NA,NA,14.5,0.82,81,NA,7.67,9.88,NA,10,Regular,57159,63015,5856,5856,17.98721331,17.98721331,1,NA,NA,Terrestrial Insects,71,Order,Hemiptera,Hemiptera,Larvae,1,0.056,0.056,NA,NA,NA,NA,NA,NA,NA,NA,NA,NA,NA   NA   NA   NA,NA   NA   NA   NA
SHR_2011-06-01 08:27:00,6/1/2011 8:27,SHR,2011,W,FALSE,CLD,NA,NA,14.5,0.82,81,NA,7.67,9.88,NA,10,Regular,57159,63015,5856,5856,17.98721331,17.98721331,1,NA,NA,Terrestrial Insects,64,Order,Diptera,Diptera,Larvae,1,0.056,0.056,NA,NA,NA,NA,NA,NA,NA,NA,NA,NA,NA   NA   NA   NA,NA   NA   NA   NA
SHR_2011-06-01 08:27:00,6/1/2011 8:27,SHR,2011,W,FALSE,CLD,NA,NA,14.5,0.82,81,NA,7.67,9.88,NA,10,Regular,57159,63015,5856,5856,17.98721331,17.98721331,1,NA,NA,Terrestrial Insects,66,Order,Hymenoptera,Hymenoptera,Adults,1,0.056,0.056,NA,NA,NA,NA,NA,NA,NA,NA,NA,NA,NA   NA   NA   NA,NA   NA   NA   NA
STTD_2011-06-01 10:15:00,6/1/2011 10:15,STTD,2011,W,FALSE,RAN,NA,NA,18.1,0.21,417,NA,7.84,6.9,NA,10,Regular,63026,73592,10566,10566,32.45438794,32.45438794,1,NA,NA,Aquatic Insects,44,Family,Corixidae,Corixidae,Larvae,2,0.062,0.062,NA,NA,NA,NA,NA,NA,NA,NA,NA,NA,NA   NA   NA   NA,NA   NA   NA   NA
STTD_2011-06-01 10:15:00,6/1/2011 10:15,STTD,2011,W,FALSE,RAN,NA,NA,18.1,0.21,417,NA,7.84,6.9,NA,10,Regular,63026,73592,10566,10566,32.45438794,32.45438794,1,NA,NA,Aquatic Insects,52,Family,Hydraenidae,Hydraenidae,Adults,1,0.031,0.031,NA,NA,NA,NA,NA,NA,NA,NA,NA,NA,NA   NA   NA   NA,NA   NA   NA   NA
STTD_2011-06-01 10:15:00,6/1/2011 10:15,STTD,2011,W,FALSE,RAN,NA,NA,18.1,0.21,417,NA,7.84,6.9,NA,10,Regular,63026,73592,10566,10566,32.45438794,32.45438794,1,NA,NA,Aquatic Insects,34,Family,Chironomidae,Chironomidae,Larvae,10,0.308,0.308,NA,NA,NA,NA,NA,NA,NA,NA,NA,NA,NA   NA   NA   NA,NA   NA   NA   NA
STTD_2011-06-01 10:15:00,6/1/2011 10:15,STTD,2011,W,FALSE,RAN,NA,NA,18.1,0.21,417,NA,7.84,6.9,NA,10,Regular,63026,73592,10566,10566,32.45438794,32.45438794,1,NA,NA,Aquatic Insects,34,Family,Chironomidae,Chironomidae,Adults,9,0.277,0.277,NA,NA,NA,NA,NA,NA,NA,NA,NA,NA,NA   NA   NA   NA,NA   NA   NA   NA
STTD_2011-06-01 10:15:00,6/1/2011 10:15,STTD,2011,W,FALSE,RAN,NA,NA,18.1,0.21,417,NA,7.84,6.9,NA,10,Regular,63026,73592,10566,10566,32.45438794,32.45438794,1,NA,NA,Aquatic Non-Insects,4,Family,Naididae,Naididae,NotDetermined,6,0.185,0.185,NA,NA,NA,NA,NA,NA,NA,NA,NA,NA,NA   NA   NA   NA,NA   NA   NA   NA
STTD_2011-06-01 10:15:00,6/1/2011 10:15,STTD,2011,W,FALSE,RAN,NA,NA,18.1,0.21,417,NA,7.84,6.9,NA,10,Regular,63026,73592,10566,10566,32.45438794,32.45438794,1,NA,NA,Aquatic Non-Insects,20,Family,Physidae,Physidae,NotDetermined,1,0.031,0.031,NA,NA,NA,NA,NA,NA,NA,NA,NA,NA,NA   NA   NA   NA,NA   NA   NA   NA
STTD_2011-06-01 10:15:00,6/1/2011 10:15,STTD,2011,W,FALSE,RAN,NA,NA,18.1,0.21,417,NA,7.84,6.9,NA,10,Regular,63026,73592,10566,10566,32.45438794,32.45438794,1,NA,NA,Aquatic Non-Insects,21,Family,Planorbidae,Planorbidae,NotDetermined,1,0.031,0.031,NA,NA,NA,NA,NA,NA,NA,NA,NA,NA,NA   NA   NA   NA,NA   NA   NA   NA
STTD_2011-06-01 10:15:00,6/1/2011 10:15,STTD,2011,W,FALSE,RAN,NA,NA,18.1,0.21,417,NA,7.84,6.9,NA,10,Regular,63026,73592,10566,10566,32.45438794,32.45438794,1,NA,NA,Aquatic Non-Insects,9,Family,Corophiidae,Corophiidae,NotDetermined,1,0.031,0.031,NA,NA,NA,NA,NA,NA,NA,NA,NA,NA,NA   NA   NA   NA,NA   NA   NA   NA
STTD_2011-06-01 10:15:00,6/1/2011 10:15,STTD,2011,W,FALSE,RAN,NA,NA,18.1,0.21,417,NA,7.84,6.9,NA,10,Regular,63026,73592,10566,10566,32.45438794,32.45438794,1,NA,NA,Aquatic Non-Insects,15,Family,Hyalellidae,Hyalellidae,NotDetermined,4,0.123,0.123,NA,NA,NA,NA,NA,NA,NA,NA,NA,NA,NA   NA   NA   NA,NA   NA   NA   NA
STTD_2011-06-01 10:15:00,6/1/2011 10:15,STTD,2011,W,FALSE,RAN,NA,NA,18.1,0.21,417,NA,7.84,6.9,NA,10,Regular,63026,73592,10566,10566,32.45438794,32.45438794,1,NA,NA,Aquatic Non-Insects,118,Class,Ostracoda,Ostracod,NotDetermined,1,0.031,0.031,NA,NA,NA,NA,NA,NA,NA,NA,NA,NA,NA   NA   NA   NA,NA   NA   NA   NA
STTD_2011-06-01 10:15:00,6/1/2011 10:15,STTD,2011,W,FALSE,RAN,NA,NA,18.1,0.21,417,NA,7.84,6.9,NA,10,Regular,63026,73592,10566,10566,32.45438794,32.45438794,1,NA,NA,Terrestrial Insects,71,Order,Hemiptera,Hemiptera,Larvae,11,0.339,0.339,NA,NA,NA,NA,NA,NA,NA,NA,NA,NA,NA   NA   NA   NA,NA   NA   NA   NA
STTD_2011-06-01 10:15:00,6/1/2011 10:15,STTD,2011,W,FALSE,RAN,NA,NA,18.1,0.21,417,NA,7.84,6.9,NA,10,Regular,63026,73592,10566,10566,32.45438794,32.45438794,1,NA,NA,Terrestrial Insects,71,Order,Hemiptera,Hemiptera,Adults,12,0.37,0.37,NA,NA,NA,NA,NA,NA,NA,NA,NA,NA,NA   NA   NA   NA,NA   NA   NA   NA
STTD_2011-06-01 10:15:00,6/1/2011 10:15,STTD,2011,W,FALSE,RAN,NA,NA,18.1,0.21,417,NA,7.84,6.9,NA,10,Regular,63026,73592,10566,10566,32.45438794,32.45438794,1,NA,NA,Terrestrial Insects,63,Order,Coleoptera,Coleoptera,Adults,1,0.031,0.031,NA,NA,NA,NA,NA,NA,NA,NA,NA,NA,NA   NA   NA   NA,NA   NA   NA   NA
STTD_2011-06-01 10:15:00,6/1/2011 10:15,STTD,2011,W,FALSE,RAN,NA,NA,18.1,0.21,417,NA,7.84,6.9,NA,10,Regular,63026,73592,10566,10566,32.45438794,32.45438794,1,NA,NA,Terrestrial Non-Insects,68,Order,Collembola,Collembola,NotDetermined,2,0.062,0.062,NA,NA,NA,NA,NA,NA,NA,NA,NA,NA,NA   NA   NA   NA,NA   NA   NA   NA
STTD_2011-06-01 10:15:00,6/1/2011 10:15,STTD,2011,W,FALSE,RAN,NA,NA,18.1,0.21,417,NA,7.84,6.9,NA,10,Regular,63026,73592,10566,10566,32.45438794,32.45438794,1,NA,NA,Terrestrial Insects,66,Order,Hymenoptera,Hymenoptera,Adults,5,0.154,0.154,NA,NA,NA,NA,NA,NA,NA,NA,NA,NA,NA   NA   NA   NA,NA   NA   NA   NA
STTD_2011-06-01 10:15:00,6/1/2011 10:15,STTD,2011,W,FALSE,RAN,NA,NA,18.1,0.21,417,NA,7.84,6.9,NA,10,Regular,63026,73592,10566,10566,32.45438794,32.45438794,1,NA,NA,Terrestrial Insects,67,Order,Psocoptera,Psocoptera,Adults,1,0.031,0.031,NA,NA,NA,NA,NA,NA,NA,NA,NA,NA,NA   NA   NA   NA,NA   NA   NA   NA
STTD_2011-06-01 10:15:00,6/1/2011 10:15,STTD,2011,W,FALSE,RAN,NA,NA,18.1,0.21,417,NA,7.84,6.9,NA,10,Regular,63026,73592,10566,10566,32.45438794,32.45438794,1,NA,NA,Terrestrial Non-Insects,58,Suborder,Araneida,Araneida,NotDetermined,1,0.031,0.031,NA,NA,NA,NA,NA,NA,NA,NA,NA,NA,NA   NA   NA   NA,NA   NA   NA   NA
STTD_2011-06-01 10:15:00,6/1/2011 10:15,STTD,2011,W,FALSE,RAN,NA,NA,18.1,0.21,417,NA,7.84,6.9,NA,10,Regular,63026,73592,10566,10566,32.45438794,32.45438794,1,NA,NA,Terrestrial Non-Insects,62,Order,Julida,Julida,NotDetermined,1,0.031,0.031,NA,NA,NA,NA,NA,NA,NA,NA,NA,NA,NA   NA   NA   NA,NA   NA   NA   NA
STTD_2011-06-01 10:15:00,6/1/2011 10:15,STTD,2011,W,FALSE,RAN,NA,NA,18.1,0.21,417,NA,7.84,6.9,NA,10,Regular,63026,73592,10566,10566,32.45438794,32.45438794,1,NA,NA,Aquatic Non-Insects,130,Phylum,Nematoda,Nematoda,NotDetermined,1,0.031,0.031,NA,NA,NA,NA,NA,NA,NA,NA,NA,NA,NA   NA   NA   NA,NA   NA   NA   NA
SHR_2011-06-15 08:40:00,6/15/2011 8:40,SHR,2011,W,FALSE,CLR,NA,NA,17.6,0.96,78,NA,7.7,9.91,NA,10,Regular,73563,80656,7093,7093,21.78676639,21.78676639,1,NA,NA,Aquatic Insects,41,Family,Baetidae,Baetidae,Larvae,1,0.046,0.046,NA,NA,NA,NA,NA,NA,NA,NA,NA,NA,NA   NA   NA   NA,NA   NA   NA   NA
SHR_2011-06-15 08:40:00,6/15/2011 8:40,SHR,2011,W,FALSE,CLR,NA,NA,17.6,0.96,78,NA,7.7,9.91,NA,10,Regular,73563,80656,7093,7093,21.78676639,21.78676639,1,NA,NA,Aquatic Insects,34,Family,Chironomidae,Chironomidae,Pupae,3,0.138,0.138,NA,NA,NA,NA,NA,NA,NA,NA,NA,NA,NA   NA   NA   NA,NA   NA   NA   NA
SHR_2011-06-15 08:40:00,6/15/2011 8:40,SHR,2011,W,FALSE,CLR,NA,NA,17.6,0.96,78,NA,7.7,9.91,NA,10,Regular,73563,80656,7093,7093,21.78676639,21.78676639,1,NA,NA,Aquatic Insects,34,Family,Chironomidae,Chironomidae,Adults,6,0.275,0.275,NA,NA,NA,NA,NA,NA,NA,NA,NA,NA,NA   NA   NA   NA,NA   NA   NA   NA
SHR_2011-06-15 08:40:00,6/15/2011 8:40,SHR,2011,W,FALSE,CLR,NA,NA,17.6,0.96,78,NA,7.7,9.91,NA,10,Regular,73563,80656,7093,7093,21.78676639,21.78676639,1,NA,NA,Aquatic Non-Insects,4,Family,Naididae,Naididae,NotDetermined,3,0.138,0.138,NA,NA,NA,NA,NA,NA,NA,NA,NA,NA,NA   NA   NA   NA,NA   NA   NA   NA
SHR_2011-06-15 08:40:00,6/15/2011 8:40,SHR,2011,W,FALSE,CLR,NA,NA,17.6,0.96,78,NA,7.7,9.91,NA,10,Regular,73563,80656,7093,7093,21.78676639,21.78676639,1,NA,NA,Aquatic Non-Insects,19,Family,Corbiculidae,Corbiculidae,NotDetermined,1,0.046,0.046,NA,NA,NA,NA,NA,NA,NA,NA,NA,NA,NA   NA   NA   NA,NA   NA   NA   NA
SHR_2011-06-15 08:40:00,6/15/2011 8:40,SHR,2011,W,FALSE,CLR,NA,NA,17.6,0.96,78,NA,7.7,9.91,NA,10,Regular,73563,80656,7093,7093,21.78676639,21.78676639,1,NA,NA,Aquatic Non-Insects,118,Class,Ostracoda,Ostracod,NotDetermined,1,0.046,0.046,NA,NA,NA,NA,NA,NA,NA,NA,NA,NA,NA   NA   NA   NA,NA   NA   NA   NA
SHR_2011-06-15 08:40:00,6/15/2011 8:40,SHR,2011,W,FALSE,CLR,NA,NA,17.6,0.96,78,NA,7.7,9.91,NA,10,Regular,73563,80656,7093,7093,21.78676639,21.78676639,1,NA,NA,Terrestrial Non-Insects,57,Subclass,Acari,Acari,NotDetermined,1,0.046,0.046,NA,NA,NA,NA,NA,NA,NA,NA,NA,NA,NA   NA   NA   NA,NA   NA   NA   NA
SHR_2011-06-15 08:40:00,6/15/2011 8:40,SHR,2011,W,FALSE,CLR,NA,NA,17.6,0.96,78,NA,7.7,9.91,NA,10,Regular,73563,80656,7093,7093,21.78676639,21.78676639,1,NA,NA,Aquatic Non-Insects,18,Family,Hydridae,Hydridae,NotDetermined,6,0.275,0.275,NA,NA,NA,NA,NA,NA,NA,NA,NA,NA,NA   NA   NA   NA,NA   NA   NA   NA
SHR_2011-06-15 08:40:00,6/15/2011 8:40,SHR,2011,W,FALSE,CLR,NA,NA,17.6,0.96,78,NA,7.7,9.91,NA,10,Regular,73563,80656,7093,7093,21.78676639,21.78676639,1,NA,NA,Terrestrial Insects,71,Order,Hemiptera,Hemiptera,Larvae,1,0.046,0.046,NA,NA,NA,NA,NA,NA,NA,NA,NA,NA,NA   NA   NA   NA,NA   NA   NA   NA
SHR_2011-06-15 08:40:00,6/15/2011 8:40,SHR,2011,W,FALSE,CLR,NA,NA,17.6,0.96,78,NA,7.7,9.91,NA,10,Regular,73563,80656,7093,7093,21.78676639,21.78676639,1,NA,NA,Terrestrial Insects,71,Order,Hemiptera,Hemiptera,Adults,2,0.092,0.092,NA,NA,NA,NA,NA,NA,NA,NA,NA,NA,NA   NA   NA   NA,NA   NA   NA   NA
SHR_2011-06-15 08:40:00,6/15/2011 8:40,SHR,2011,W,FALSE,CLR,NA,NA,17.6,0.96,78,NA,7.7,9.91,NA,10,Regular,73563,80656,7093,7093,21.78676639,21.78676639,1,NA,NA,Terrestrial Non-Insects,68,Order,Collembola,Collembola,NotDetermined,1,0.046,0.046,NA,NA,NA,NA,NA,NA,NA,NA,NA,NA,NA   NA   NA   NA,NA   NA   NA   NA
SHR_2011-06-15 08:40:00,6/15/2011 8:40,SHR,2011,W,FALSE,CLR,NA,NA,17.6,0.96,78,NA,7.7,9.91,NA,10,Regular,73563,80656,7093,7093,21.78676639,21.78676639,1,NA,NA,Aquatic Non-Insects,130,Phylum,Nematoda,Nematoda,NotDetermined,1,0.046,0.046,NA,NA,NA,NA,NA,NA,NA,NA,NA,NA,NA   NA   NA   NA,NA   NA   NA   NA
STTD_2011-06-15 10:27:00,6/15/2011 10:27,STTD,2011,W,FALSE,CLR,NA,NA,24.9,0.33,632,NA,7.71,4.82,NA,10,Regular,80666,90515,9849,9849,30.25206008,30.25206008,1,NA,NA,Aquatic Insects,46,Family,Coenagrionidae,Coenagrionidae,Larvae,1,0.033,0.033,NA,NA,NA,NA,NA,NA,NA,NA,NA,NA,NA   NA   NA   NA,NA   NA   NA   NA
STTD_2011-06-15 10:27:00,6/15/2011 10:27,STTD,2011,W,FALSE,CLR,NA,NA,24.9,0.33,632,NA,7.71,4.82,NA,10,Regular,80666,90515,9849,9849,30.25206008,30.25206008,1,NA,NA,Aquatic Insects,44,Family,Corixidae,Corixidae,Larvae,7,0.231,0.231,NA,NA,NA,NA,NA,NA,NA,NA,NA,NA,NA   NA   NA   NA,NA   NA   NA   NA
STTD_2011-06-15 10:27:00,6/15/2011 10:27,STTD,2011,W,FALSE,CLR,NA,NA,24.9,0.33,632,NA,7.71,4.82,NA,10,Regular,80666,90515,9849,9849,30.25206008,30.25206008,1,NA,NA,Aquatic Insects,30,Family,Dytiscidae,Dytiscidae,Adults,3,0.099,0.099,NA,NA,NA,NA,NA,NA,NA,NA,NA,NA,NA   NA   NA   NA,NA   NA   NA   NA
STTD_2011-06-15 10:27:00,6/15/2011 10:27,STTD,2011,W,FALSE,CLR,NA,NA,24.9,0.33,632,NA,7.71,4.82,NA,10,Regular,80666,90515,9849,9849,30.25206008,30.25206008,1,NA,NA,Aquatic Insects,34,Family,Chironomidae,Chironomidae,Larvae,3,0.099,0.099,NA,NA,NA,NA,NA,NA,NA,NA,NA,NA,NA   NA   NA   NA,NA   NA   NA   NA
STTD_2011-06-15 10:27:00,6/15/2011 10:27,STTD,2011,W,FALSE,CLR,NA,NA,24.9,0.33,632,NA,7.71,4.82,NA,10,Regular,80666,90515,9849,9849,30.25206008,30.25206008,1,NA,NA,Aquatic Insects,34,Family,Chironomidae,Chironomidae,Adults,83,2.744,2.744,NA,NA,NA,NA,NA,NA,NA,NA,NA,NA,NA   NA   NA   NA,NA   NA   NA   NA
STTD_2011-06-15 10:27:00,6/15/2011 10:27,STTD,2011,W,FALSE,CLR,NA,NA,24.9,0.33,632,NA,7.71,4.82,NA,10,Regular,80666,90515,9849,9849,30.25206008,30.25206008,1,NA,NA,Aquatic Non-Insects,4,Family,Naididae,Naididae,NotDetermined,2,0.066,0.066,NA,NA,NA,NA,NA,NA,NA,NA,NA,NA,NA   NA   NA   NA,NA   NA   NA   NA
STTD_2011-06-15 10:27:00,6/15/2011 10:27,STTD,2011,W,FALSE,CLR,NA,NA,24.9,0.33,632,NA,7.71,4.82,NA,10,Regular,80666,90515,9849,9849,30.25206008,30.25206008,1,NA,NA,Aquatic Non-Insects,9,Family,Corophiidae,Corophiidae,NotDetermined,1,0.033,0.033,NA,NA,NA,NA,NA,NA,NA,NA,NA,NA,NA   NA   NA   NA,NA   NA   NA   NA
STTD_2011-06-15 10:27:00,6/15/2011 10:27,STTD,2011,W,FALSE,CLR,NA,NA,24.9,0.33,632,NA,7.71,4.82,NA,10,Regular,80666,90515,9849,9849,30.25206008,30.25206008,1,NA,NA,Aquatic Non-Insects,10,Family,Crangonyctidae,Crangonyctidae,NotDetermined,1,0.033,0.033,NA,NA,NA,NA,NA,NA,NA,NA,NA,NA,NA   NA   NA   NA,NA   NA   NA   NA
STTD_2011-06-15 10:27:00,6/15/2011 10:27,STTD,2011,W,FALSE,CLR,NA,NA,24.9,0.33,632,NA,7.71,4.82,NA,10,Regular,80666,90515,9849,9849,30.25206008,30.25206008,1,NA,NA,Aquatic Non-Insects,118,Class,Ostracoda,Ostracod,NotDetermined,1,0.033,0.033,NA,NA,NA,NA,NA,NA,NA,NA,NA,NA,NA   NA   NA   NA,NA   NA   NA   NA
STTD_2011-06-15 10:27:00,6/15/2011 10:27,STTD,2011,W,FALSE,CLR,NA,NA,24.9,0.33,632,NA,7.71,4.82,NA,10,Regular,80666,90515,9849,9849,30.25206008,30.25206008,1,NA,NA,Terrestrial Insects,71,Order,Hemiptera,Hemiptera,Larvae,20,0.661,0.661,NA,NA,NA,NA,NA,NA,NA,NA,NA,NA,NA   NA   NA   NA,NA   NA   NA   NA
STTD_2011-06-15 10:27:00,6/15/2011 10:27,STTD,2011,W,FALSE,CLR,NA,NA,24.9,0.33,632,NA,7.71,4.82,NA,10,Regular,80666,90515,9849,9849,30.25206008,30.25206008,1,NA,NA,Terrestrial Insects,71,Order,Hemiptera,Hemiptera,Adults,17,0.562,0.562,NA,NA,NA,NA,NA,NA,NA,NA,NA,NA,NA   NA   NA   NA,NA   NA   NA   NA
STTD_2011-06-15 10:27:00,6/15/2011 10:27,STTD,2011,W,FALSE,CLR,NA,NA,24.9,0.33,632,NA,7.71,4.82,NA,10,Regular,80666,90515,9849,9849,30.25206008,30.25206008,1,NA,NA,Terrestrial Insects,63,Order,Coleoptera,Coleoptera,Adults,6,0.198,0.198,NA,NA,NA,NA,NA,NA,NA,NA,NA,NA,NA   NA   NA   NA,NA   NA   NA   NA
STTD_2011-06-15 10:27:00,6/15/2011 10:27,STTD,2011,W,FALSE,CLR,NA,NA,24.9,0.33,632,NA,7.71,4.82,NA,10,Regular,80666,90515,9849,9849,30.25206008,30.25206008,1,NA,NA,Terrestrial Insects,64,Order,Diptera,Diptera,Adults,22,0.727,0.727,NA,NA,NA,NA,NA,NA,NA,NA,NA,NA,NA   NA   NA   NA,NA   NA   NA   NA
STTD_2011-06-15 10:27:00,6/15/2011 10:27,STTD,2011,W,FALSE,CLR,NA,NA,24.9,0.33,632,NA,7.71,4.82,NA,10,Regular,80666,90515,9849,9849,30.25206008,30.25206008,1,NA,NA,Terrestrial Non-Insects,68,Order,Collembola,Collembola,NotDetermined,2,0.066,0.066,NA,NA,NA,NA,NA,NA,NA,NA,NA,NA,NA   NA   NA   NA,NA   NA   NA   NA
STTD_2011-06-15 10:27:00,6/15/2011 10:27,STTD,2011,W,FALSE,CLR,NA,NA,24.9,0.33,632,NA,7.71,4.82,NA,10,Regular,80666,90515,9849,9849,30.25206008,30.25206008,1,NA,NA,Terrestrial Insects,66,Order,Hymenoptera,Hymenoptera,Adults,24,0.793,0.793,NA,NA,NA,NA,NA,NA,NA,NA,NA,NA,NA   NA   NA   NA,NA   NA   NA   NA
STTD_2011-06-15 10:27:00,6/15/2011 10:27,STTD,2011,W,FALSE,CLR,NA,NA,24.9,0.33,632,NA,7.71,4.82,NA,10,Regular,80666,90515,9849,9849,30.25206008,30.25206008,1,NA,NA,Terrestrial Insects,74,Order,Neuroptera,Neuroptera,Larvae,3,0.099,0.099,NA,NA,NA,NA,NA,NA,NA,NA,NA,NA,NA   NA   NA   NA,NA   NA   NA   NA
STTD_2011-06-15 10:27:00,6/15/2011 10:27,STTD,2011,W,FALSE,CLR,NA,NA,24.9,0.33,632,NA,7.71,4.82,NA,10,Regular,80666,90515,9849,9849,30.25206008,30.25206008,1,NA,NA,Terrestrial Insects,67,Order,Psocoptera,Psocoptera,Adults,18,0.595,0.595,NA,NA,NA,NA,NA,NA,NA,NA,NA,NA,NA   NA   NA   NA,NA   NA   NA   NA
STTD_2011-06-15 10:27:00,6/15/2011 10:27,STTD,2011,W,FALSE,CLR,NA,NA,24.9,0.33,632,NA,7.71,4.82,NA,10,Regular,80666,90515,9849,9849,30.25206008,30.25206008,1,NA,NA,Terrestrial Insects,85,Order,Thysanoptera,Thysanoptera,Adults,6,0.198,0.198,NA,NA,NA,NA,NA,NA,NA,NA,NA,NA,NA   NA   NA   NA,NA   NA   NA   NA
STTD_2011-06-15 10:27:00,6/15/2011 10:27,STTD,2011,W,FALSE,CLR,NA,NA,24.9,0.33,632,NA,7.71,4.82,NA,10,Regular,80666,90515,9849,9849,30.25206008,30.25206008,1,NA,NA,Terrestrial Non-Insects,58,Suborder,Araneida,Araneida,NotDetermined,6,0.198,0.198,NA,NA,NA,NA,NA,NA,NA,NA,NA,NA,NA   NA   NA   NA,NA   NA   NA   NA
SHR_2011-06-29 08:35:00,6/29/2011 8:35,SHR,2011,W,FALSE,CLD,NA,NA,16.9,0.83,73,NA,7.7,9.67,NA,10,Regular,90789,97519,6730,6730,20.67178032,20.67178032,1,NA,NA,Aquatic Insects,41,Family,Baetidae,Baetidae,Larvae,3,0.145,0.145,NA,NA,NA,NA,NA,NA,NA,NA,NA,NA,NA   NA   NA   NA,NA   NA   NA   NA
SHR_2011-06-29 08:35:00,6/29/2011 8:35,SHR,2011,W,FALSE,CLD,NA,NA,16.9,0.83,73,NA,7.7,9.67,NA,10,Regular,90789,97519,6730,6730,20.67178032,20.67178032,1,NA,NA,Aquatic Insects,88,Family,Hydroptilidae,Hydroptilidae,Adults,1,0.048,0.048,NA,NA,NA,NA,NA,NA,NA,NA,NA,NA,NA   NA   NA   NA,NA   NA   NA   NA
SHR_2011-06-29 08:35:00,6/29/2011 8:35,SHR,2011,W,FALSE,CLD,NA,NA,16.9,0.83,73,NA,7.7,9.67,NA,10,Regular,90789,97519,6730,6730,20.67178032,20.67178032,1,NA,NA,Aquatic Insects,92,Family,Aeshnidae,Aeshnidae,Larvae,1,0.048,0.048,NA,NA,NA,NA,NA,NA,NA,NA,NA,NA,NA   NA   NA   NA,NA   NA   NA   NA
SHR_2011-06-29 08:35:00,6/29/2011 8:35,SHR,2011,W,FALSE,CLD,NA,NA,16.9,0.83,73,NA,7.7,9.67,NA,10,Regular,90789,97519,6730,6730,20.67178032,20.67178032,1,NA,NA,Aquatic Insects,34,Family,Chironomidae,Chironomidae,Larvae,6,0.29,0.29,NA,NA,NA,NA,NA,NA,NA,NA,NA,NA,NA   NA   NA   NA,NA   NA   NA   NA
SHR_2011-06-29 08:35:00,6/29/2011 8:35,SHR,2011,W,FALSE,CLD,NA,NA,16.9,0.83,73,NA,7.7,9.67,NA,10,Regular,90789,97519,6730,6730,20.67178032,20.67178032,1,NA,NA,Aquatic Insects,34,Family,Chironomidae,Chironomidae,Pupae,1,0.048,0.048,NA,NA,NA,NA,NA,NA,NA,NA,NA,NA,NA   NA   NA   NA,NA   NA   NA   NA
SHR_2011-06-29 08:35:00,6/29/2011 8:35,SHR,2011,W,FALSE,CLD,NA,NA,16.9,0.83,73,NA,7.7,9.67,NA,10,Regular,90789,97519,6730,6730,20.67178032,20.67178032,1,NA,NA,Aquatic Insects,34,Family,Chironomidae,Chironomidae,Adults,5,0.242,0.242,NA,NA,NA,NA,NA,NA,NA,NA,NA,NA,NA   NA   NA   NA,NA   NA   NA   NA
SHR_2011-06-29 08:35:00,6/29/2011 8:35,SHR,2011,W,FALSE,CLD,NA,NA,16.9,0.83,73,NA,7.7,9.67,NA,10,Regular,90789,97519,6730,6730,20.67178032,20.67178032,1,NA,NA,Aquatic Non-Insects,4,Family,Naididae,Naididae,NotDetermined,3,0.145,0.145,NA,NA,NA,NA,NA,NA,NA,NA,NA,NA,NA   NA   NA   NA,NA   NA   NA   NA
SHR_2011-06-29 08:35:00,6/29/2011 8:35,SHR,2011,W,FALSE,CLD,NA,NA,16.9,0.83,73,NA,7.7,9.67,NA,10,Regular,90789,97519,6730,6730,20.67178032,20.67178032,1,NA,NA,Aquatic Non-Insects,9,Family,Corophiidae,Corophiidae,NotDetermined,1,0.048,0.048,NA,NA,NA,NA,NA,NA,NA,NA,NA,NA,NA   NA   NA   NA,NA   NA   NA   NA
SHR_2011-06-29 08:35:00,6/29/2011 8:35,SHR,2011,W,FALSE,CLD,NA,NA,16.9,0.83,73,NA,7.7,9.67,NA,10,Regular,90789,97519,6730,6730,20.67178032,20.67178032,1,NA,NA,Aquatic Non-Insects,18,Family,Hydridae,Hydridae,NotDetermined,4,0.194,0.194,NA,NA,NA,NA,NA,NA,NA,NA,NA,NA,NA   NA   NA   NA,NA   NA   NA   NA
SHR_2011-06-29 08:35:00,6/29/2011 8:35,SHR,2011,W,FALSE,CLD,NA,NA,16.9,0.83,73,NA,7.7,9.67,NA,10,Regular,90789,97519,6730,6730,20.67178032,20.67178032,1,NA,NA,Terrestrial Insects,85,Order,Thysanoptera,Thysanoptera,Larvae,1,0.048,0.048,NA,NA,NA,NA,NA,NA,NA,NA,NA,NA,NA   NA   NA   NA,NA   NA   NA   NA
STTD_2011-06-29 10:21:00,6/29/2011 10:21,STTD,2011,W,FALSE,CLD,NA,NA,21.7,0.17,711,NA,7.92,5.6,NA,10,Regular,97520,104920,7400,7400,22.72974359,22.72974359,1,NA,NA,Aquatic Insects,88,Family,Hydroptilidae,Hydroptilidae,Adults,1,0.044,0.044,NA,NA,NA,NA,NA,NA,NA,NA,NA,NA,NA   NA   NA   NA,NA   NA   NA   NA
STTD_2011-06-29 10:21:00,6/29/2011 10:21,STTD,2011,W,FALSE,CLD,NA,NA,21.7,0.17,711,NA,7.92,5.6,NA,10,Regular,97520,104920,7400,7400,22.72974359,22.72974359,1,NA,NA,Aquatic Insects,46,Family,Coenagrionidae,Coenagrionidae,Larvae,1,0.044,0.044,NA,NA,NA,NA,NA,NA,NA,NA,NA,NA,NA   NA   NA   NA,NA   NA   NA   NA
STTD_2011-06-29 10:21:00,6/29/2011 10:21,STTD,2011,W,FALSE,CLD,NA,NA,21.7,0.17,711,NA,7.92,5.6,NA,10,Regular,97520,104920,7400,7400,22.72974359,22.72974359,1,NA,NA,Aquatic Insects,44,Family,Corixidae,Corixidae,Larvae,3,0.132,0.132,NA,NA,NA,NA,NA,NA,NA,NA,NA,NA,NA   NA   NA   NA,NA   NA   NA   NA
STTD_2011-06-29 10:21:00,6/29/2011 10:21,STTD,2011,W,FALSE,CLD,NA,NA,21.7,0.17,711,NA,7.92,5.6,NA,10,Regular,97520,104920,7400,7400,22.72974359,22.72974359,1,NA,NA,Aquatic Insects,30,Family,Dytiscidae,Dytiscidae,Adults,1,0.044,0.044,NA,NA,NA,NA,NA,NA,NA,NA,NA,NA,NA   NA   NA   NA,NA   NA   NA   NA
STTD_2011-06-29 10:21:00,6/29/2011 10:21,STTD,2011,W,FALSE,CLD,NA,NA,21.7,0.17,711,NA,7.92,5.6,NA,10,Regular,97520,104920,7400,7400,22.72974359,22.72974359,1,NA,NA,Aquatic Insects,52,Family,Hydraenidae,Hydraenidae,Adults,1,0.044,0.044,NA,NA,NA,NA,NA,NA,NA,NA,NA,NA,NA   NA   NA   NA,NA   NA   NA   NA
STTD_2011-06-29 10:21:00,6/29/2011 10:21,STTD,2011,W,FALSE,CLD,NA,NA,21.7,0.17,711,NA,7.92,5.6,NA,10,Regular,97520,104920,7400,7400,22.72974359,22.72974359,1,NA,NA,Aquatic Insects,34,Family,Chironomidae,Chironomidae,Larvae,2,0.088,0.088,NA,NA,NA,NA,NA,NA,NA,NA,NA,NA,NA   NA   NA   NA,NA   NA   NA   NA
STTD_2011-06-29 10:21:00,6/29/2011 10:21,STTD,2011,W,FALSE,CLD,NA,NA,21.7,0.17,711,NA,7.92,5.6,NA,10,Regular,97520,104920,7400,7400,22.72974359,22.72974359,1,NA,NA,Aquatic Insects,34,Family,Chironomidae,Chironomidae,Pupae,4,0.176,0.176,NA,NA,NA,NA,NA,NA,NA,NA,NA,NA,NA   NA   NA   NA,NA   NA   NA   NA
STTD_2011-06-29 10:21:00,6/29/2011 10:21,STTD,2011,W,FALSE,CLD,NA,NA,21.7,0.17,711,NA,7.92,5.6,NA,10,Regular,97520,104920,7400,7400,22.72974359,22.72974359,1,NA,NA,Aquatic Insects,34,Family,Chironomidae,Chironomidae,Adults,91,4.004,4.004,NA,NA,NA,NA,NA,NA,NA,NA,NA,NA,NA   NA   NA   NA,NA   NA   NA   NA
STTD_2011-06-29 10:21:00,6/29/2011 10:21,STTD,2011,W,FALSE,CLD,NA,NA,21.7,0.17,711,NA,7.92,5.6,NA,10,Regular,97520,104920,7400,7400,22.72974359,22.72974359,1,NA,NA,Aquatic Insects,38,Family,Simuliidae,Simuliidae,Larvae,1,0.044,0.044,NA,NA,NA,NA,NA,NA,NA,NA,NA,NA,NA   NA   NA   NA,NA   NA   NA   NA
STTD_2011-06-29 10:21:00,6/29/2011 10:21,STTD,2011,W,FALSE,CLD,NA,NA,21.7,0.17,711,NA,7.92,5.6,NA,10,Regular,97520,104920,7400,7400,22.72974359,22.72974359,1,NA,NA,Aquatic Non-Insects,4,Family,Naididae,Naididae,NotDetermined,2,0.088,0.088,NA,NA,NA,NA,NA,NA,NA,NA,NA,NA,NA   NA   NA   NA,NA   NA   NA   NA
STTD_2011-06-29 10:21:00,6/29/2011 10:21,STTD,2011,W,FALSE,CLD,NA,NA,21.7,0.17,711,NA,7.92,5.6,NA,10,Regular,97520,104920,7400,7400,22.72974359,22.72974359,1,NA,NA,Aquatic Non-Insects,21,Family,Planorbidae,Planorbidae,NotDetermined,1,0.044,0.044,NA,NA,NA,NA,NA,NA,NA,NA,NA,NA,NA   NA   NA   NA,NA   NA   NA   NA
STTD_2011-06-29 10:21:00,6/29/2011 10:21,STTD,2011,W,FALSE,CLD,NA,NA,21.7,0.17,711,NA,7.92,5.6,NA,10,Regular,97520,104920,7400,7400,22.72974359,22.72974359,1,NA,NA,Aquatic Non-Insects,9,Family,Corophiidae,Corophiidae,NotDetermined,5,0.22,0.22,NA,NA,NA,NA,NA,NA,NA,NA,NA,NA,NA   NA   NA   NA,NA   NA   NA   NA
STTD_2011-06-29 10:21:00,6/29/2011 10:21,STTD,2011,W,FALSE,CLD,NA,NA,21.7,0.17,711,NA,7.92,5.6,NA,10,Regular,97520,104920,7400,7400,22.72974359,22.72974359,1,NA,NA,Aquatic Non-Insects,15,Family,Hyalellidae,Hyalellidae,NotDetermined,7,0.308,0.308,NA,NA,NA,NA,NA,NA,NA,NA,NA,NA,NA   NA   NA   NA,NA   NA   NA   NA
STTD_2011-06-29 10:21:00,6/29/2011 10:21,STTD,2011,W,FALSE,CLD,NA,NA,21.7,0.17,711,NA,7.92,5.6,NA,10,Regular,97520,104920,7400,7400,22.72974359,22.72974359,1,NA,NA,Aquatic Non-Insects,118,Class,Ostracoda,Ostracod,NotDetermined,3,0.132,0.132,NA,NA,NA,NA,NA,NA,NA,NA,NA,NA,NA   NA   NA   NA,NA   NA   NA   NA
STTD_2011-06-29 10:21:00,6/29/2011 10:21,STTD,2011,W,FALSE,CLD,NA,NA,21.7,0.17,711,NA,7.92,5.6,NA,10,Regular,97520,104920,7400,7400,22.72974359,22.72974359,1,NA,NA,Terrestrial Non-Insects,57,Subclass,Acari,Acari,NotDetermined,2,0.088,0.088,NA,NA,NA,NA,NA,NA,NA,NA,NA,NA,NA   NA   NA   NA,NA   NA   NA   NA
STTD_2011-06-29 10:21:00,6/29/2011 10:21,STTD,2011,W,FALSE,CLD,NA,NA,21.7,0.17,711,NA,7.92,5.6,NA,10,Regular,97520,104920,7400,7400,22.72974359,22.72974359,1,NA,NA,Aquatic Non-Insects,18,Family,Hydridae,Hydridae,NotDetermined,2,0.088,0.088,NA,NA,NA,NA,NA,NA,NA,NA,NA,NA,NA   NA   NA   NA,NA   NA   NA   NA
STTD_2011-06-29 10:21:00,6/29/2011 10:21,STTD,2011,W,FALSE,CLD,NA,NA,21.7,0.17,711,NA,7.92,5.6,NA,10,Regular,97520,104920,7400,7400,22.72974359,22.72974359,1,NA,NA,Terrestrial Insects,71,Order,Hemiptera,Hemiptera,Larvae,3,0.132,0.132,NA,NA,NA,NA,NA,NA,NA,NA,NA,NA,NA   NA   NA   NA,NA   NA   NA   NA
STTD_2011-06-29 10:21:00,6/29/2011 10:21,STTD,2011,W,FALSE,CLD,NA,NA,21.7,0.17,711,NA,7.92,5.6,NA,10,Regular,97520,104920,7400,7400,22.72974359,22.72974359,1,NA,NA,Terrestrial Insects,71,Order,Hemiptera,Hemiptera,Adults,4,0.176,0.176,NA,NA,NA,NA,NA,NA,NA,NA,NA,NA,NA   NA   NA   NA,NA   NA   NA   NA
STTD_2011-06-29 10:21:00,6/29/2011 10:21,STTD,2011,W,FALSE,CLD,NA,NA,21.7,0.17,711,NA,7.92,5.6,NA,10,Regular,97520,104920,7400,7400,22.72974359,22.72974359,1,NA,NA,Terrestrial Insects,64,Order,Diptera,Diptera,Adults,3,0.132,0.132,NA,NA,NA,NA,NA,NA,NA,NA,NA,NA,NA   NA   NA   NA,NA   NA   NA   NA
STTD_2011-06-29 10:21:00,6/29/2011 10:21,STTD,2011,W,FALSE,CLD,NA,NA,21.7,0.17,711,NA,7.92,5.6,NA,10,Regular,97520,104920,7400,7400,22.72974359,22.72974359,1,NA,NA,Terrestrial Non-Insects,68,Order,Collembola,Collembola,NotDetermined,4,0.176,0.176,NA,NA,NA,NA,NA,NA,NA,NA,NA,NA,NA   NA   NA   NA,NA   NA   NA   NA
STTD_2011-06-29 10:21:00,6/29/2011 10:21,STTD,2011,W,FALSE,CLD,NA,NA,21.7,0.17,711,NA,7.92,5.6,NA,10,Regular,97520,104920,7400,7400,22.72974359,22.72974359,1,NA,NA,Terrestrial Insects,66,Order,Hymenoptera,Hymenoptera,Adults,8,0.352,0.352,NA,NA,NA,NA,NA,NA,NA,NA,NA,NA,NA   NA   NA   NA,NA   NA   NA   NA
STTD_2011-06-29 10:21:00,6/29/2011 10:21,STTD,2011,W,FALSE,CLD,NA,NA,21.7,0.17,711,NA,7.92,5.6,NA,10,Regular,97520,104920,7400,7400,22.72974359,22.72974359,1,NA,NA,Terrestrial Non-Insects,58,Suborder,Araneida,Araneida,NotDetermined,1,0.044,0.044,NA,NA,NA,NA,NA,NA,NA,NA,NA,NA,NA   NA   NA   NA,NA   NA   NA   NA
SHR_2011-07-13 09:13:00,7/13/2011 9:13,SHR,2011,W,FALSE,CLD,NA,NA,19.6,0.74,90,NA,8.03,9.17,NA,10,Regular,105043,108159,3116,3116,9.571065003,9.571065003,1,NA,NA,Aquatic Non-Insects,188,Superfamily,Truncatelloidea,Truncatelloidea,Larvae,0,0,0,NA,NA,NA,NA,NA,NA,NA,NA,NA,NA,NA   NA   NA   NA,NA   NA   NA   NA
SHR_2011-07-13 09:13:00,7/13/2011 9:13,SHR,2011,W,FALSE,CLD,NA,NA,19.6,0.74,90,NA,8.03,9.17,NA,10,Regular,105043,108159,3116,3116,9.571065003,9.571065003,1,NA,NA,Aquatic Non-Insects,188,Superfamily,Truncatelloidea,Truncatelloidea,Pupae,0,0,0,NA,NA,NA,NA,NA,NA,NA,NA,NA,NA,NA   NA   NA   NA,NA   NA   NA   NA
SHR_2011-07-13 09:13:00,7/13/2011 9:13,SHR,2011,W,FALSE,CLD,NA,NA,19.6,0.74,90,NA,8.03,9.17,NA,10,Regular,105043,108159,3116,3116,9.571065003,9.571065003,1,NA,NA,Aquatic Non-Insects,188,Superfamily,Truncatelloidea,Truncatelloidea,Nymphs,0,0,0,NA,NA,NA,NA,NA,NA,NA,NA,NA,NA,NA   NA   NA   NA,NA   NA   NA   NA
SHR_2011-07-13 09:13:00,7/13/2011 9:13,SHR,2011,W,FALSE,CLD,NA,NA,19.6,0.74,90,NA,8.03,9.17,NA,10,Regular,105043,108159,3116,3116,9.571065003,9.571065003,1,NA,NA,Aquatic Non-Insects,188,Superfamily,Truncatelloidea,Truncatelloidea,Emergents,0,0,0,NA,NA,NA,NA,NA,NA,NA,NA,NA,NA,NA   NA   NA   NA,NA   NA   NA   NA
SHR_2011-07-13 09:13:00,7/13/2011 9:13,SHR,2011,W,FALSE,CLD,NA,NA,19.6,0.74,90,NA,8.03,9.17,NA,10,Regular,105043,108159,3116,3116,9.571065003,9.571065003,1,NA,NA,Aquatic Non-Insects,188,Superfamily,Truncatelloidea,Truncatelloidea,Adults,0,0,0,NA,NA,NA,NA,NA,NA,NA,NA,NA,NA,NA   NA   NA   NA,NA   NA   NA   NA
SHR_2011-07-13 09:13:00,7/13/2011 9:13,SHR,2011,W,FALSE,CLD,NA,NA,19.6,0.74,90,NA,8.03,9.17,NA,10,Regular,105043,108159,3116,3116,9.571065003,9.571065003,1,NA,NA,Aquatic Non-Insects,188,Superfamily,Truncatelloidea,Truncatelloidea,NotDetermined,0,0,0,NA,NA,NA,NA,NA,NA,NA,NA,NA,NA,NA   NA   NA   NA,NA   NA   NA   NA
SHR_2011-07-13 09:13:00,7/13/2011 9:13,SHR,2011,W,FALSE,CLD,NA,NA,19.6,0.74,90,NA,8.03,9.17,NA,10,Regular,105043,108159,3116,3116,9.571065003,9.571065003,1,NA,NA,Aquatic Insects,189,Order,Plecoptera,Plecoptera,Larvae,0,0,0,NA,NA,NA,NA,NA,NA,NA,NA,NA,NA,NA   NA   NA   NA,NA   NA   NA   NA
SHR_2011-07-13 09:13:00,7/13/2011 9:13,SHR,2011,W,FALSE,CLD,NA,NA,19.6,0.74,90,NA,8.03,9.17,NA,10,Regular,105043,108159,3116,3116,9.571065003,9.571065003,1,NA,NA,Aquatic Insects,189,Order,Plecoptera,Plecoptera,Pupae,0,0,0,NA,NA,NA,NA,NA,NA,NA,NA,NA,NA,NA   NA   NA   NA,NA   NA   NA   NA
SHR_2011-07-13 09:13:00,7/13/2011 9:13,SHR,2011,W,FALSE,CLD,NA,NA,19.6,0.74,90,NA,8.03,9.17,NA,10,Regular,105043,108159,3116,3116,9.571065003,9.571065003,1,NA,NA,Aquatic Insects,189,Order,Plecoptera,Plecoptera,Nymphs,0,0,0,NA,NA,NA,NA,NA,NA,NA,NA,NA,NA,NA   NA   NA   NA,NA   NA   NA   NA
SHR_2011-07-13 09:13:00,7/13/2011 9:13,SHR,2011,W,FALSE,CLD,NA,NA,19.6,0.74,90,NA,8.03,9.17,NA,10,Regular,105043,108159,3116,3116,9.571065003,9.571065003,1,NA,NA,Aquatic Insects,189,Order,Plecoptera,Plecoptera,Emergents,0,0,0,NA,NA,NA,NA,NA,NA,NA,NA,NA,NA,NA   NA   NA   NA,NA   NA   NA   NA
SHR_2011-07-13 09:13:00,7/13/2011 9:13,SHR,2011,W,FALSE,CLD,NA,NA,19.6,0.74,90,NA,8.03,9.17,NA,10,Regular,105043,108159,3116,3116,9.571065003,9.571065003,1,NA,NA,Aquatic Insects,189,Order,Plecoptera,Plecoptera,Adults,0,0,0,NA,NA,NA,NA,NA,NA,NA,NA,NA,NA,NA   NA   NA   NA,NA   NA   NA   NA
SHR_2011-07-13 09:13:00,7/13/2011 9:13,SHR,2011,W,FALSE,CLD,NA,NA,19.6,0.74,90,NA,8.03,9.17,NA,10,Regular,105043,108159,3116,3116,9.571065003,9.571065003,1,NA,NA,Aquatic Insects,189,Order,Plecoptera,Plecoptera,NotDetermined,0,0,0,NA,NA,NA,NA,NA,NA,NA,NA,NA,NA,NA   NA   NA   NA,NA   NA   NA   NA
SHR_2011-07-13 09:13:00,7/13/2011 9:13,SHR,2011,W,FALSE,CLD,NA,NA,19.6,0.74,90,NA,8.03,9.17,NA,10,Regular,105043,108159,3116,3116,9.571065003,9.571065003,1,NA,NA,Terrestrial Non-Insects,191,Family,Leptocheliidae,Leptocheliidae,Larvae,0,0,0,NA,NA,NA,NA,NA,NA,NA,NA,NA,NA,NA   NA   NA   NA,NA   NA   NA   NA
SHR_2011-07-13 09:13:00,7/13/2011 9:13,SHR,2011,W,FALSE,CLD,NA,NA,19.6,0.74,90,NA,8.03,9.17,NA,10,Regular,105043,108159,3116,3116,9.571065003,9.571065003,1,NA,NA,Terrestrial Non-Insects,191,Family,Leptocheliidae,Leptocheliidae,Pupae,0,0,0,NA,NA,NA,NA,NA,NA,NA,NA,NA,NA,NA   NA   NA   NA,NA   NA   NA   NA
SHR_2011-07-13 09:13:00,7/13/2011 9:13,SHR,2011,W,FALSE,CLD,NA,NA,19.6,0.74,90,NA,8.03,9.17,NA,10,Regular,105043,108159,3116,3116,9.571065003,9.571065003,1,NA,NA,Terrestrial Non-Insects,191,Family,Leptocheliidae,Leptocheliidae,Nymphs,0,0,0,NA,NA,NA,NA,NA,NA,NA,NA,NA,NA,NA   NA   NA   NA,NA   NA   NA   NA
SHR_2011-07-13 09:13:00,7/13/2011 9:13,SHR,2011,W,FALSE,CLD,NA,NA,19.6,0.74,90,NA,8.03,9.17,NA,10,Regular,105043,108159,3116,3116,9.571065003,9.571065003,1,NA,NA,Terrestrial Non-Insects,191,Family,Leptocheliidae,Leptocheliidae,Emergents,0,0,0,NA,NA,NA,NA,NA,NA,NA,NA,NA,NA,NA   NA   NA   NA,NA   NA   NA   NA
SHR_2011-07-13 09:13:00,7/13/2011 9:13,SHR,2011,W,FALSE,CLD,NA,NA,19.6,0.74,90,NA,8.03,9.17,NA,10,Regular,105043,108159,3116,3116,9.571065003,9.571065003,1,NA,NA,Terrestrial Non-Insects,191,Family,Leptocheliidae,Leptocheliidae,Adults,0,0,0,NA,NA,NA,NA,NA,NA,NA,NA,NA,NA,NA   NA   NA   NA,NA   NA   NA   NA
SHR_2011-07-13 09:13:00,7/13/2011 9:13,SHR,2011,W,FALSE,CLD,NA,NA,19.6,0.74,90,NA,8.03,9.17,NA,10,Regular,105043,108159,3116,3116,9.571065003,9.571065003,1,NA,NA,Terrestrial Non-Insects,191,Family,Leptocheliidae,Leptocheliidae,NotDetermined,0,0,0,NA,NA,NA,NA,NA,NA,NA,NA,NA,NA,NA   NA   NA   NA,NA   NA   NA   NA
SHR_2011-07-13 09:13:00,7/13/2011 9:13,SHR,2011,W,FALSE,CLD,NA,NA,19.6,0.74,90,NA,8.03,9.17,NA,10,Regular,105043,108159,3116,3116,9.571065003,9.571065003,1,NA,NA,Terrestrial Insects,190,Suborder,Hydrachnidia,Hydrachnidia,Larvae,0,0,0,NA,NA,NA,NA,NA,NA,NA,NA,NA,NA,NA   NA   NA   NA,NA   NA   NA   NA
SHR_2011-07-13 09:13:00,7/13/2011 9:13,SHR,2011,W,FALSE,CLD,NA,NA,19.6,0.74,90,NA,8.03,9.17,NA,10,Regular,105043,108159,3116,3116,9.571065003,9.571065003,1,NA,NA,Terrestrial Insects,190,Suborder,Hydrachnidia,Hydrachnidia,Pupae,0,0,0,NA,NA,NA,NA,NA,NA,NA,NA,NA,NA,NA   NA   NA   NA,NA   NA   NA   NA
SHR_2011-07-13 09:13:00,7/13/2011 9:13,SHR,2011,W,FALSE,CLD,NA,NA,19.6,0.74,90,NA,8.03,9.17,NA,10,Regular,105043,108159,3116,3116,9.571065003,9.571065003,1,NA,NA,Terrestrial Insects,190,Suborder,Hydrachnidia,Hydrachnidia,Nymphs,0,0,0,NA,NA,NA,NA,NA,NA,NA,NA,NA,NA,NA   NA   NA   NA,NA   NA   NA   NA
SHR_2011-07-13 09:13:00,7/13/2011 9:13,SHR,2011,W,FALSE,CLD,NA,NA,19.6,0.74,90,NA,8.03,9.17,NA,10,Regular,105043,108159,3116,3116,9.571065003,9.571065003,1,NA,NA,Terrestrial Insects,190,Suborder,Hydrachnidia,Hydrachnidia,Emergents,0,0,0,NA,NA,NA,NA,NA,NA,NA,NA,NA,NA,NA   NA   NA   NA,NA   NA   NA   NA
SHR_2011-07-13 09:13:00,7/13/2011 9:13,SHR,2011,W,FALSE,CLD,NA,NA,19.6,0.74,90,NA,8.03,9.17,NA,10,Regular,105043,108159,3116,3116,9.571065003,9.571065003,1,NA,NA,Terrestrial Insects,190,Suborder,Hydrachnidia,Hydrachnidia,Adults,0,0,0,NA,NA,NA,NA,NA,NA,NA,NA,NA,NA,NA   NA   NA   NA,NA   NA   NA   NA
SHR_2011-07-13 09:13:00,7/13/2011 9:13,SHR,2011,W,FALSE,CLD,NA,NA,19.6,0.74,90,NA,8.03,9.17,NA,10,Regular,105043,108159,3116,3116,9.571065003,9.571065003,1,NA,NA,Terrestrial Insects,190,Suborder,Hydrachnidia,Hydrachnidia,NotDetermined,0,0,0,NA,NA,NA,NA,NA,NA,NA,NA,NA,NA,NA   NA   NA   NA,NA   NA   NA   NA
STTD_2011-07-13 11:00:00,7/13/2011 11:00,STTD,2011,W,FALSE,CLD,NA,NA,22.6,0.21,546,NA,8.1,6.6,NA,10,Regular,108161,115483,7322,7322,22.49015981,22.49015981,1,NA,NA,Aquatic Insects,34,Family,Chironomidae,Chironomidae,Pupae,2,0.089,0.089,NA,NA,NA,NA,NA,NA,NA,NA,NA,NA,NA   NA   NA   NA,NA   NA   NA   NA
STTD_2011-07-13 11:00:00,7/13/2011 11:00,STTD,2011,W,FALSE,CLD,NA,NA,22.6,0.21,546,NA,8.1,6.6,NA,10,Regular,108161,115483,7322,7322,22.49015981,22.49015981,1,NA,NA,Aquatic Insects,34,Family,Chironomidae,Chironomidae,Adults,8,0.356,0.356,NA,NA,NA,NA,NA,NA,NA,NA,NA,NA,NA   NA   NA   NA,NA   NA   NA   NA
STTD_2011-07-13 11:00:00,7/13/2011 11:00,STTD,2011,W,FALSE,CLD,NA,NA,22.6,0.21,546,NA,8.1,6.6,NA,10,Regular,108161,115483,7322,7322,22.49015981,22.49015981,1,NA,NA,Aquatic Non-Insects,20,Family,Physidae,Physidae,NotDetermined,1,0.044,0.044,NA,NA,NA,NA,NA,NA,NA,NA,NA,NA,NA   NA   NA   NA,NA   NA   NA   NA
STTD_2011-07-13 11:00:00,7/13/2011 11:00,STTD,2011,W,FALSE,CLD,NA,NA,22.6,0.21,546,NA,8.1,6.6,NA,10,Regular,108161,115483,7322,7322,22.49015981,22.49015981,1,NA,NA,Terrestrial Insects,71,Order,Hemiptera,Hemiptera,Larvae,1,0.044,0.044,NA,NA,NA,NA,NA,NA,NA,NA,NA,NA,NA   NA   NA   NA,NA   NA   NA   NA
STTD_2011-07-13 11:00:00,7/13/2011 11:00,STTD,2011,W,FALSE,CLD,NA,NA,22.6,0.21,546,NA,8.1,6.6,NA,10,Regular,108161,115483,7322,7322,22.49015981,22.49015981,1,NA,NA,Terrestrial Insects,63,Order,Coleoptera,Coleoptera,Adults,2,0.089,0.089,NA,NA,NA,NA,NA,NA,NA,NA,NA,NA,NA   NA   NA   NA,NA   NA   NA   NA
STTD_2011-07-13 11:00:00,7/13/2011 11:00,STTD,2011,W,FALSE,CLD,NA,NA,22.6,0.21,546,NA,8.1,6.6,NA,10,Regular,108161,115483,7322,7322,22.49015981,22.49015981,1,NA,NA,Terrestrial Insects,64,Order,Diptera,Diptera,Adults,2,0.089,0.089,NA,NA,NA,NA,NA,NA,NA,NA,NA,NA,NA   NA   NA   NA,NA   NA   NA   NA
STTD_2011-07-13 11:00:00,7/13/2011 11:00,STTD,2011,W,FALSE,CLD,NA,NA,22.6,0.21,546,NA,8.1,6.6,NA,10,Regular,108161,115483,7322,7322,22.49015981,22.49015981,1,NA,NA,Terrestrial Insects,66,Order,Hymenoptera,Hymenoptera,Adults,1,0.044,0.044,NA,NA,NA,NA,NA,NA,NA,NA,NA,NA,NA   NA   NA   NA,NA   NA   NA   NA
STTD_2011-07-13 11:00:00,7/13/2011 11:00,STTD,2011,W,FALSE,CLD,NA,NA,22.6,0.21,546,NA,8.1,6.6,NA,10,Regular,108161,115483,7322,7322,22.49015981,22.49015981,1,NA,NA,Terrestrial Non-Insects,58,Suborder,Araneida,Araneida,NotDetermined,5,0.222,0.222,NA,NA,NA,NA,NA,NA,NA,NA,NA,NA,NA   NA   NA   NA,NA   NA   NA   NA
SHR_2011-07-26 08:20:00,7/26/2011 8:20,SHR,2011,W,FALSE,CLR,NA,NA,20.4,1.08,127,NA,7.92,9.68,NA,10,Regular,115470,119036,3566,3566,10.95327914,10.95327914,NA,NA,NA,Aquatic Insects,34,Family,Chironomidae,Chironomidae,Adults,1,0.091,0.091,NA,NA,NA,NA,NA,NA,NA,NA,NA,NA,NA   NA   NA   NA,NA   NA   NA   NA
STTD_2011-07-26 10:06:00,7/26/2011 10:06,STTD,2011,W,FALSE,CLR,NA,NA,23.1,0.18,369,NA,8.11,7.25,NA,10,Regular,119091,124330,5239,5239,16.09204414,16.09204414,1,NA,NA,Aquatic Insects,30,Family,Dytiscidae,Dytiscidae,Adults,5,0.311,0.311,NA,NA,NA,NA,NA,NA,NA,NA,NA,NA,NA   NA   NA   NA,NA   NA   NA   NA
STTD_2011-07-26 10:06:00,7/26/2011 10:06,STTD,2011,W,FALSE,CLR,NA,NA,23.1,0.18,369,NA,8.11,7.25,NA,10,Regular,119091,124330,5239,5239,16.09204414,16.09204414,1,NA,NA,Aquatic Insects,52,Family,Hydraenidae,Hydraenidae,Adults,2,0.124,0.124,NA,NA,NA,NA,NA,NA,NA,NA,NA,NA,NA   NA   NA   NA,NA   NA   NA   NA
STTD_2011-07-26 10:06:00,7/26/2011 10:06,STTD,2011,W,FALSE,CLR,NA,NA,23.1,0.18,369,NA,8.11,7.25,NA,10,Regular,119091,124330,5239,5239,16.09204414,16.09204414,1,NA,NA,Aquatic Insects,34,Family,Chironomidae,Chironomidae,Larvae,1,0.062,0.062,NA,NA,NA,NA,NA,NA,NA,NA,NA,NA,NA   NA   NA   NA,NA   NA   NA   NA
STTD_2011-07-26 10:06:00,7/26/2011 10:06,STTD,2011,W,FALSE,CLR,NA,NA,23.1,0.18,369,NA,8.11,7.25,NA,10,Regular,119091,124330,5239,5239,16.09204414,16.09204414,1,NA,NA,Aquatic Insects,34,Family,Chironomidae,Chironomidae,Adults,1,0.062,0.062,NA,NA,NA,NA,NA,NA,NA,NA,NA,NA,NA   NA   NA   NA,NA   NA   NA   NA
STTD_2011-07-26 10:06:00,7/26/2011 10:06,STTD,2011,W,FALSE,CLR,NA,NA,23.1,0.18,369,NA,8.11,7.25,NA,10,Regular,119091,124330,5239,5239,16.09204414,16.09204414,1,NA,NA,Aquatic Non-Insects,20,Family,Physidae,Physidae,NotDetermined,1,0.062,0.062,NA,NA,NA,NA,NA,NA,NA,NA,NA,NA,NA   NA   NA   NA,NA   NA   NA   NA
STTD_2011-07-26 10:06:00,7/26/2011 10:06,STTD,2011,W,FALSE,CLR,NA,NA,23.1,0.18,369,NA,8.11,7.25,NA,10,Regular,119091,124330,5239,5239,16.09204414,16.09204414,1,NA,NA,Aquatic Non-Insects,9,Family,Corophiidae,Corophiidae,NotDetermined,1,0.062,0.062,NA,NA,NA,NA,NA,NA,NA,NA,NA,NA,NA   NA   NA   NA,NA   NA   NA   NA
STTD_2011-07-26 10:06:00,7/26/2011 10:06,STTD,2011,W,FALSE,CLR,NA,NA,23.1,0.18,369,NA,8.11,7.25,NA,10,Regular,119091,124330,5239,5239,16.09204414,16.09204414,1,NA,NA,Terrestrial Insects,71,Order,Hemiptera,Hemiptera,Larvae,1,0.062,0.062,NA,NA,NA,NA,NA,NA,NA,NA,NA,NA,NA   NA   NA   NA,NA   NA   NA   NA
STTD_2011-07-26 10:06:00,7/26/2011 10:06,STTD,2011,W,FALSE,CLR,NA,NA,23.1,0.18,369,NA,8.11,7.25,NA,10,Regular,119091,124330,5239,5239,16.09204414,16.09204414,1,NA,NA,Terrestrial Insects,63,Order,Coleoptera,Coleoptera,Larvae,1,0.062,0.062,NA,NA,NA,NA,NA,NA,NA,NA,NA,NA,NA   NA   NA   NA,NA   NA   NA   NA
STTD_2011-07-26 10:06:00,7/26/2011 10:06,STTD,2011,W,FALSE,CLR,NA,NA,23.1,0.18,369,NA,8.11,7.25,NA,10,Regular,119091,124330,5239,5239,16.09204414,16.09204414,1,NA,NA,Terrestrial Insects,63,Order,Coleoptera,Coleoptera,Adults,4,0.249,0.249,NA,NA,NA,NA,NA,NA,NA,NA,NA,NA,NA   NA   NA   NA,NA   NA   NA   NA
STTD_2011-07-26 10:06:00,7/26/2011 10:06,STTD,2011,W,FALSE,CLR,NA,NA,23.1,0.18,369,NA,8.11,7.25,NA,10,Regular,119091,124330,5239,5239,16.09204414,16.09204414,1,NA,NA,Terrestrial Insects,66,Order,Hymenoptera,Hymenoptera,Adults,1,0.062,0.062,NA,NA,NA,NA,NA,NA,NA,NA,NA,NA,NA   NA   NA   NA,NA   NA   NA   NA
STTD_2011-07-26 10:06:00,7/26/2011 10:06,STTD,2011,W,FALSE,CLR,NA,NA,23.1,0.18,369,NA,8.11,7.25,NA,10,Regular,119091,124330,5239,5239,16.09204414,16.09204414,1,NA,NA,Terrestrial Non-Insects,58,Suborder,Araneida,Araneida,NotDetermined,12,0.746,0.746,NA,NA,NA,NA,NA,NA,NA,NA,NA,NA,NA   NA   NA   NA,NA   NA   NA   NA
SHR_2011-08-10 08:15:00,8/10/2011 8:15,SHR,2011,W,FALSE,CLR,NA,NA,20.7,0.84,136,NA,7.72,8.89,NA,10,Regular,124352,128245,3893,3893,11.95768808,11.95768808,1,REGULAR,NA,Aquatic Insects,34,Family,Chironomidae,Chironomidae,Adults,1,0.084,0.084,NA,NA,NA,NA,NA,NA,NA,NA,NA,NA,NA   NA   NA   NA,NA   NA   NA   NA
SHR_2011-08-10 08:15:00,8/10/2011 8:15,SHR,2011,W,FALSE,CLR,NA,NA,20.7,0.84,136,NA,7.72,8.89,NA,10,Regular,124352,128245,3893,3893,11.95768808,11.95768808,1,REGULAR,NA,Terrestrial Insects,66,Order,Hymenoptera,Hymenoptera,Adults,1,0.084,0.084,NA,NA,NA,NA,NA,NA,NA,NA,NA,NA,NA   NA   NA   NA,NA   NA   NA   NA
SHR_2011-08-24 08:16:00,8/24/2011 8:16,SHR,2011,W,FALSE,CLR,NA,NA,20.9,0.89,129,NA,7.87,8.63,NA,10,Regular,136102,140344,4242,4242,13.02967193,13.02967193,1,NA,NA,Aquatic Insects,44,Family,Corixidae,Corixidae,Larvae,1,0.077,0.077,NA,NA,NA,NA,NA,NA,NA,NA,NA,NA,NA   NA   NA   NA,NA   NA   NA   NA
SHR_2011-08-24 08:16:00,8/24/2011 8:16,SHR,2011,W,FALSE,CLR,NA,NA,20.9,0.89,129,NA,7.87,8.63,NA,10,Regular,136102,140344,4242,4242,13.02967193,13.02967193,1,NA,NA,Aquatic Insects,34,Family,Chironomidae,Chironomidae,Adults,3,0.23,0.23,NA,NA,NA,NA,NA,NA,NA,NA,NA,NA,NA   NA   NA   NA,NA   NA   NA   NA
STTD_2011-08-24 10:11:00,8/24/2011 10:11,STTD,2011,W,FALSE,CLR,NA,NA,22.8,0.13,276,NA,8.1,7.13,NA,10,Regular,140375,144181,3806,3806,11.69046001,11.69046001,1,NA,NA,Terrestrial Insects,71,Order,Hemiptera,Hemiptera,Larvae,1,0.086,0.086,NA,NA,NA,NA,NA,NA,NA,NA,NA,NA,NA   NA   NA   NA,NA   NA   NA   NA
STTD_2011-08-24 10:11:00,8/24/2011 10:11,STTD,2011,W,FALSE,CLR,NA,NA,22.8,0.13,276,NA,8.1,7.13,NA,10,Regular,140375,144181,3806,3806,11.69046001,11.69046001,1,NA,NA,Aquatic Non-Insects,188,Superfamily,Truncatelloidea,Truncatelloidea,Larvae,0,0,0,NA,NA,NA,NA,NA,NA,NA,NA,NA,NA,NA   NA   NA   NA,NA   NA   NA   NA
STTD_2011-08-24 10:11:00,8/24/2011 10:11,STTD,2011,W,FALSE,CLR,NA,NA,22.8,0.13,276,NA,8.1,7.13,NA,10,Regular,140375,144181,3806,3806,11.69046001,11.69046001,1,NA,NA,Aquatic Non-Insects,188,Superfamily,Truncatelloidea,Truncatelloidea,Pupae,0,0,0,NA,NA,NA,NA,NA,NA,NA,NA,NA,NA,NA   NA   NA   NA,NA   NA   NA   NA
STTD_2011-08-24 10:11:00,8/24/2011 10:11,STTD,2011,W,FALSE,CLR,NA,NA,22.8,0.13,276,NA,8.1,7.13,NA,10,Regular,140375,144181,3806,3806,11.69046001,11.69046001,1,NA,NA,Aquatic Non-Insects,188,Superfamily,Truncatelloidea,Truncatelloidea,Nymphs,0,0,0,NA,NA,NA,NA,NA,NA,NA,NA,NA,NA,NA   NA   NA   NA,NA   NA   NA   NA
STTD_2011-08-24 10:11:00,8/24/2011 10:11,STTD,2011,W,FALSE,CLR,NA,NA,22.8,0.13,276,NA,8.1,7.13,NA,10,Regular,140375,144181,3806,3806,11.69046001,11.69046001,1,NA,NA,Aquatic Non-Insects,188,Superfamily,Truncatelloidea,Truncatelloidea,Emergents,0,0,0,NA,NA,NA,NA,NA,NA,NA,NA,NA,NA,NA   NA   NA   NA,NA   NA   NA   NA
STTD_2011-08-24 10:11:00,8/24/2011 10:11,STTD,2011,W,FALSE,CLR,NA,NA,22.8,0.13,276,NA,8.1,7.13,NA,10,Regular,140375,144181,3806,3806,11.69046001,11.69046001,1,NA,NA,Aquatic Non-Insects,188,Superfamily,Truncatelloidea,Truncatelloidea,Adults,0,0,0,NA,NA,NA,NA,NA,NA,NA,NA,NA,NA,NA   NA   NA   NA,NA   NA   NA   NA
STTD_2011-08-24 10:11:00,8/24/2011 10:11,STTD,2011,W,FALSE,CLR,NA,NA,22.8,0.13,276,NA,8.1,7.13,NA,10,Regular,140375,144181,3806,3806,11.69046001,11.69046001,1,NA,NA,Aquatic Non-Insects,188,Superfamily,Truncatelloidea,Truncatelloidea,NotDetermined,0,0,0,NA,NA,NA,NA,NA,NA,NA,NA,NA,NA,NA   NA   NA   NA,NA   NA   NA   NA
STTD_2011-08-24 10:11:00,8/24/2011 10:11,STTD,2011,W,FALSE,CLR,NA,NA,22.8,0.13,276,NA,8.1,7.13,NA,10,Regular,140375,144181,3806,3806,11.69046001,11.69046001,1,NA,NA,Aquatic Insects,189,Order,Plecoptera,Plecoptera,Larvae,0,0,0,NA,NA,NA,NA,NA,NA,NA,NA,NA,NA,NA   NA   NA   NA,NA   NA   NA   NA
STTD_2011-08-24 10:11:00,8/24/2011 10:11,STTD,2011,W,FALSE,CLR,NA,NA,22.8,0.13,276,NA,8.1,7.13,NA,10,Regular,140375,144181,3806,3806,11.69046001,11.69046001,1,NA,NA,Aquatic Insects,189,Order,Plecoptera,Plecoptera,Pupae,0,0,0,NA,NA,NA,NA,NA,NA,NA,NA,NA,NA,NA   NA   NA   NA,NA   NA   NA   NA
STTD_2011-08-24 10:11:00,8/24/2011 10:11,STTD,2011,W,FALSE,CLR,NA,NA,22.8,0.13,276,NA,8.1,7.13,NA,10,Regular,140375,144181,3806,3806,11.69046001,11.69046001,1,NA,NA,Aquatic Insects,189,Order,Plecoptera,Plecoptera,Nymphs,0,0,0,NA,NA,NA,NA,NA,NA,NA,NA,NA,NA,NA   NA   NA   NA,NA   NA   NA   NA
STTD_2011-08-24 10:11:00,8/24/2011 10:11,STTD,2011,W,FALSE,CLR,NA,NA,22.8,0.13,276,NA,8.1,7.13,NA,10,Regular,140375,144181,3806,3806,11.69046001,11.69046001,1,NA,NA,Aquatic Insects,189,Order,Plecoptera,Plecoptera,Emergents,0,0,0,NA,NA,NA,NA,NA,NA,NA,NA,NA,NA,NA   NA   NA   NA,NA   NA   NA   NA
STTD_2011-08-24 10:11:00,8/24/2011 10:11,STTD,2011,W,FALSE,CLR,NA,NA,22.8,0.13,276,NA,8.1,7.13,NA,10,Regular,140375,144181,3806,3806,11.69046001,11.69046001,1,NA,NA,Aquatic Insects,189,Order,Plecoptera,Plecoptera,Adults,0,0,0,NA,NA,NA,NA,NA,NA,NA,NA,NA,NA,NA   NA   NA   NA,NA   NA   NA   NA
STTD_2011-08-24 10:11:00,8/24/2011 10:11,STTD,2011,W,FALSE,CLR,NA,NA,22.8,0.13,276,NA,8.1,7.13,NA,10,Regular,140375,144181,3806,3806,11.69046001,11.69046001,1,NA,NA,Aquatic Insects,189,Order,Plecoptera,Plecoptera,NotDetermined,0,0,0,NA,NA,NA,NA,NA,NA,NA,NA,NA,NA,NA   NA   NA   NA,NA   NA   NA   NA
STTD_2011-08-24 10:11:00,8/24/2011 10:11,STTD,2011,W,FALSE,CLR,NA,NA,22.8,0.13,276,NA,8.1,7.13,NA,10,Regular,140375,144181,3806,3806,11.69046001,11.69046001,1,NA,NA,Terrestrial Non-Insects,191,Family,Leptocheliidae,Leptocheliidae,Larvae,0,0,0,NA,NA,NA,NA,NA,NA,NA,NA,NA,NA,NA   NA   NA   NA,NA   NA   NA   NA
STTD_2011-08-24 10:11:00,8/24/2011 10:11,STTD,2011,W,FALSE,CLR,NA,NA,22.8,0.13,276,NA,8.1,7.13,NA,10,Regular,140375,144181,3806,3806,11.69046001,11.69046001,1,NA,NA,Terrestrial Non-Insects,191,Family,Leptocheliidae,Leptocheliidae,Pupae,0,0,0,NA,NA,NA,NA,NA,NA,NA,NA,NA,NA,NA   NA   NA   NA,NA   NA   NA   NA
STTD_2011-08-24 10:11:00,8/24/2011 10:11,STTD,2011,W,FALSE,CLR,NA,NA,22.8,0.13,276,NA,8.1,7.13,NA,10,Regular,140375,144181,3806,3806,11.69046001,11.69046001,1,NA,NA,Terrestrial Non-Insects,191,Family,Leptocheliidae,Leptocheliidae,Nymphs,0,0,0,NA,NA,NA,NA,NA,NA,NA,NA,NA,NA,NA   NA   NA   NA,NA   NA   NA   NA
STTD_2011-08-24 10:11:00,8/24/2011 10:11,STTD,2011,W,FALSE,CLR,NA,NA,22.8,0.13,276,NA,8.1,7.13,NA,10,Regular,140375,144181,3806,3806,11.69046001,11.69046001,1,NA,NA,Terrestrial Non-Insects,191,Family,Leptocheliidae,Leptocheliidae,Emergents,0,0,0,NA,NA,NA,NA,NA,NA,NA,NA,NA,NA,NA   NA   NA   NA,NA   NA   NA   NA
STTD_2011-08-24 10:11:00,8/24/2011 10:11,STTD,2011,W,FALSE,CLR,NA,NA,22.8,0.13,276,NA,8.1,7.13,NA,10,Regular,140375,144181,3806,3806,11.69046001,11.69046001,1,NA,NA,Terrestrial Non-Insects,191,Family,Leptocheliidae,Leptocheliidae,Adults,0,0,0,NA,NA,NA,NA,NA,NA,NA,NA,NA,NA,NA   NA   NA   NA,NA   NA   NA   NA
STTD_2011-08-24 10:11:00,8/24/2011 10:11,STTD,2011,W,FALSE,CLR,NA,NA,22.8,0.13,276,NA,8.1,7.13,NA,10,Regular,140375,144181,3806,3806,11.69046001,11.69046001,1,NA,NA,Terrestrial Non-Insects,191,Family,Leptocheliidae,Leptocheliidae,NotDetermined,0,0,0,NA,NA,NA,NA,NA,NA,NA,NA,NA,NA,NA   NA   NA   NA,NA   NA   NA   NA
SHR_2011-09-07 08:18:00,9/7/2011 8:18,SHR,2011,W,FALSE,CLR,NA,NA,20.3,0.86,135,NA,8.19,9.58,NA,10,Regular,145000,149447,4447,4447,13.65934726,13.65934726,1,regular flow meter (unless it's noted),NA,Aquatic Non-Insects,9,Family,Corophiidae,Corophiidae,NotDetermined,1,0.073,0.073,NA,NA,NA,NA,NA,NA,NA,NA,NA,NA,NA   NA   NA   NA,NA   NA   NA   NA
STTD_2011-09-07 10:15:00,9/7/2011 10:15,STTD,2011,W,FALSE,CLR,NA,NA,22.8,0.22,637,NA,7.95,5.88,NA,10,Regular,154000,159753,5753,5753,17.67083985,17.67083985,1,regular flow meter (unless it's noted),NA,Aquatic Insects,34,Family,Chironomidae,Chironomidae,Adults,4,0.226,0.226,NA,NA,NA,NA,NA,NA,NA,NA,NA,NA,NA   NA   NA   NA,NA   NA   NA   NA
STTD_2011-09-07 10:15:00,9/7/2011 10:15,STTD,2011,W,FALSE,CLR,NA,NA,22.8,0.22,637,NA,7.95,5.88,NA,10,Regular,154000,159753,5753,5753,17.67083985,17.67083985,1,regular flow meter (unless it's noted),NA,Aquatic Non-Insects,20,Family,Physidae,Physidae,NotDetermined,1,0.057,0.057,NA,NA,NA,NA,NA,NA,NA,NA,NA,NA,NA   NA   NA   NA,NA   NA   NA   NA
STTD_2011-09-07 10:15:00,9/7/2011 10:15,STTD,2011,W,FALSE,CLR,NA,NA,22.8,0.22,637,NA,7.95,5.88,NA,10,Regular,154000,159753,5753,5753,17.67083985,17.67083985,1,regular flow meter (unless it's noted),NA,Aquatic Non-Insects,18,Family,Hydridae,Hydridae,NotDetermined,1,0.057,0.057,NA,NA,NA,NA,NA,NA,NA,NA,NA,NA,NA   NA   NA   NA,NA   NA   NA   NA
STTD_2011-09-07 10:15:00,9/7/2011 10:15,STTD,2011,W,FALSE,CLR,NA,NA,22.8,0.22,637,NA,7.95,5.88,NA,10,Regular,154000,159753,5753,5753,17.67083985,17.67083985,1,regular flow meter (unless it's noted),NA,Terrestrial Insects,71,Order,Hemiptera,Hemiptera,Larvae,16,0.905,0.905,NA,NA,NA,NA,NA,NA,NA,NA,NA,NA,NA   NA   NA   NA,NA   NA   NA   NA
STTD_2011-09-07 10:15:00,9/7/2011 10:15,STTD,2011,W,FALSE,CLR,NA,NA,22.8,0.22,637,NA,7.95,5.88,NA,10,Regular,154000,159753,5753,5753,17.67083985,17.67083985,1,regular flow meter (unless it's noted),NA,Terrestrial Insects,71,Order,Hemiptera,Hemiptera,Adults,6,0.34,0.34,NA,NA,NA,NA,NA,NA,NA,NA,NA,NA,NA   NA   NA   NA,NA   NA   NA   NA
STTD_2011-09-07 10:15:00,9/7/2011 10:15,STTD,2011,W,FALSE,CLR,NA,NA,22.8,0.22,637,NA,7.95,5.88,NA,10,Regular,154000,159753,5753,5753,17.67083985,17.67083985,1,regular flow meter (unless it's noted),NA,Terrestrial Insects,63,Order,Coleoptera,Coleoptera,Adults,4,0.226,0.226,NA,NA,NA,NA,NA,NA,NA,NA,NA,NA,NA   NA   NA   NA,NA   NA   NA   NA
STTD_2011-09-07 10:15:00,9/7/2011 10:15,STTD,2011,W,FALSE,CLR,NA,NA,22.8,0.22,637,NA,7.95,5.88,NA,10,Regular,154000,159753,5753,5753,17.67083985,17.67083985,1,regular flow meter (unless it's noted),NA,Terrestrial Insects,64,Order,Diptera,Diptera,Adults,2,0.113,0.113,NA,NA,NA,NA,NA,NA,NA,NA,NA,NA,NA   NA   NA   NA,NA   NA   NA   NA
STTD_2011-09-07 10:15:00,9/7/2011 10:15,STTD,2011,W,FALSE,CLR,NA,NA,22.8,0.22,637,NA,7.95,5.88,NA,10,Regular,154000,159753,5753,5753,17.67083985,17.67083985,1,regular flow meter (unless it's noted),NA,Terrestrial Insects,66,Order,Hymenoptera,Hymenoptera,Adults,2,0.113,0.113,NA,NA,NA,NA,NA,NA,NA,NA,NA,NA,NA   NA   NA   NA,NA   NA   NA   NA
SHR_2011-09-20 08:10:00,9/20/2011 8:10,SHR,2011,W,FALSE,CLR,NA,NA,19.3,0.88,132,NA,8.12,9.46,NA,10,Regular,163500,167798,4298,4298,13.2016808,13.2016808,1,Regular flow meter speed,NA,Terrestrial Insects,71,Order,Hemiptera,Hemiptera,Adults,1,0.076,0.076,NA,NA,NA,NA,NA,NA,NA,NA,NA,NA,NA   NA   NA   NA,NA   NA   NA   NA
SHR_2011-09-20 08:10:00,9/20/2011 8:10,SHR,2011,W,FALSE,CLR,NA,NA,19.3,0.88,132,NA,8.12,9.46,NA,10,Regular,163500,167798,4298,4298,13.2016808,13.2016808,1,Regular flow meter speed,NA,Aquatic Non-Insects,188,Superfamily,Truncatelloidea,Truncatelloidea,Larvae,0,0,0,NA,NA,NA,NA,NA,NA,NA,NA,NA,NA,NA   NA   NA   NA,NA   NA   NA   NA
SHR_2011-09-20 08:10:00,9/20/2011 8:10,SHR,2011,W,FALSE,CLR,NA,NA,19.3,0.88,132,NA,8.12,9.46,NA,10,Regular,163500,167798,4298,4298,13.2016808,13.2016808,1,Regular flow meter speed,NA,Aquatic Non-Insects,188,Superfamily,Truncatelloidea,Truncatelloidea,Pupae,0,0,0,NA,NA,NA,NA,NA,NA,NA,NA,NA,NA,NA   NA   NA   NA,NA   NA   NA   NA
SHR_2011-09-20 08:10:00,9/20/2011 8:10,SHR,2011,W,FALSE,CLR,NA,NA,19.3,0.88,132,NA,8.12,9.46,NA,10,Regular,163500,167798,4298,4298,13.2016808,13.2016808,1,Regular flow meter speed,NA,Aquatic Non-Insects,188,Superfamily,Truncatelloidea,Truncatelloidea,Nymphs,0,0,0,NA,NA,NA,NA,NA,NA,NA,NA,NA,NA,NA   NA   NA   NA,NA   NA   NA   NA
SHR_2011-09-20 08:10:00,9/20/2011 8:10,SHR,2011,W,FALSE,CLR,NA,NA,19.3,0.88,132,NA,8.12,9.46,NA,10,Regular,163500,167798,4298,4298,13.2016808,13.2016808,1,Regular flow meter speed,NA,Aquatic Non-Insects,188,Superfamily,Truncatelloidea,Truncatelloidea,Emergents,0,0,0,NA,NA,NA,NA,NA,NA,NA,NA,NA,NA,NA   NA   NA   NA,NA   NA   NA   NA
SHR_2011-09-20 08:10:00,9/20/2011 8:10,SHR,2011,W,FALSE,CLR,NA,NA,19.3,0.88,132,NA,8.12,9.46,NA,10,Regular,163500,167798,4298,4298,13.2016808,13.2016808,1,Regular flow meter speed,NA,Aquatic Non-Insects,188,Superfamily,Truncatelloidea,Truncatelloidea,Adults,0,0,0,NA,NA,NA,NA,NA,NA,NA,NA,NA,NA,NA   NA   NA   NA,NA   NA   NA   NA
SHR_2011-09-20 08:10:00,9/20/2011 8:10,SHR,2011,W,FALSE,CLR,NA,NA,19.3,0.88,132,NA,8.12,9.46,NA,10,Regular,163500,167798,4298,4298,13.2016808,13.2016808,1,Regular flow meter speed,NA,Aquatic Non-Insects,188,Superfamily,Truncatelloidea,Truncatelloidea,NotDetermined,0,0,0,NA,NA,NA,NA,NA,NA,NA,NA,NA,NA,NA   NA   NA   NA,NA   NA   NA   NA
SHR_2011-09-20 08:10:00,9/20/2011 8:10,SHR,2011,W,FALSE,CLR,NA,NA,19.3,0.88,132,NA,8.12,9.46,NA,10,Regular,163500,167798,4298,4298,13.2016808,13.2016808,1,Regular flow meter speed,NA,Aquatic Insects,189,Order,Plecoptera,Plecoptera,Larvae,0,0,0,NA,NA,NA,NA,NA,NA,NA,NA,NA,NA,NA   NA   NA   NA,NA   NA   NA   NA
SHR_2011-09-20 08:10:00,9/20/2011 8:10,SHR,2011,W,FALSE,CLR,NA,NA,19.3,0.88,132,NA,8.12,9.46,NA,10,Regular,163500,167798,4298,4298,13.2016808,13.2016808,1,Regular flow meter speed,NA,Aquatic Insects,189,Order,Plecoptera,Plecoptera,Pupae,0,0,0,NA,NA,NA,NA,NA,NA,NA,NA,NA,NA,NA   NA   NA   NA,NA   NA   NA   NA
SHR_2011-09-20 08:10:00,9/20/2011 8:10,SHR,2011,W,FALSE,CLR,NA,NA,19.3,0.88,132,NA,8.12,9.46,NA,10,Regular,163500,167798,4298,4298,13.2016808,13.2016808,1,Regular flow meter speed,NA,Aquatic Insects,189,Order,Plecoptera,Plecoptera,Nymphs,0,0,0,NA,NA,NA,NA,NA,NA,NA,NA,NA,NA,NA   NA   NA   NA,NA   NA   NA   NA
SHR_2011-09-20 08:10:00,9/20/2011 8:10,SHR,2011,W,FALSE,CLR,NA,NA,19.3,0.88,132,NA,8.12,9.46,NA,10,Regular,163500,167798,4298,4298,13.2016808,13.2016808,1,Regular flow meter speed,NA,Aquatic Insects,189,Order,Plecoptera,Plecoptera,Emergents,0,0,0,NA,NA,NA,NA,NA,NA,NA,NA,NA,NA,NA   NA   NA   NA,NA   NA   NA   NA
SHR_2011-09-20 08:10:00,9/20/2011 8:10,SHR,2011,W,FALSE,CLR,NA,NA,19.3,0.88,132,NA,8.12,9.46,NA,10,Regular,163500,167798,4298,4298,13.2016808,13.2016808,1,Regular flow meter speed,NA,Aquatic Insects,189,Order,Plecoptera,Plecoptera,Adults,0,0,0,NA,NA,NA,NA,NA,NA,NA,NA,NA,NA,NA   NA   NA   NA,NA   NA   NA   NA
SHR_2011-09-20 08:10:00,9/20/2011 8:10,SHR,2011,W,FALSE,CLR,NA,NA,19.3,0.88,132,NA,8.12,9.46,NA,10,Regular,163500,167798,4298,4298,13.2016808,13.2016808,1,Regular flow meter speed,NA,Aquatic Insects,189,Order,Plecoptera,Plecoptera,NotDetermined,0,0,0,NA,NA,NA,NA,NA,NA,NA,NA,NA,NA,NA   NA   NA   NA,NA   NA   NA   NA
SHR_2011-09-20 08:10:00,9/20/2011 8:10,SHR,2011,W,FALSE,CLR,NA,NA,19.3,0.88,132,NA,8.12,9.46,NA,10,Regular,163500,167798,4298,4298,13.2016808,13.2016808,1,Regular flow meter speed,NA,Terrestrial Non-Insects,191,Family,Leptocheliidae,Leptocheliidae,Larvae,0,0,0,NA,NA,NA,NA,NA,NA,NA,NA,NA,NA,NA   NA   NA   NA,NA   NA   NA   NA
SHR_2011-09-20 08:10:00,9/20/2011 8:10,SHR,2011,W,FALSE,CLR,NA,NA,19.3,0.88,132,NA,8.12,9.46,NA,10,Regular,163500,167798,4298,4298,13.2016808,13.2016808,1,Regular flow meter speed,NA,Terrestrial Non-Insects,191,Family,Leptocheliidae,Leptocheliidae,Pupae,0,0,0,NA,NA,NA,NA,NA,NA,NA,NA,NA,NA,NA   NA   NA   NA,NA   NA   NA   NA
SHR_2011-09-20 08:10:00,9/20/2011 8:10,SHR,2011,W,FALSE,CLR,NA,NA,19.3,0.88,132,NA,8.12,9.46,NA,10,Regular,163500,167798,4298,4298,13.2016808,13.2016808,1,Regular flow meter speed,NA,Terrestrial Non-Insects,191,Family,Leptocheliidae,Leptocheliidae,Nymphs,0,0,0,NA,NA,NA,NA,NA,NA,NA,NA,NA,NA,NA   NA   NA   NA,NA   NA   NA   NA
SHR_2011-09-20 08:10:00,9/20/2011 8:10,SHR,2011,W,FALSE,CLR,NA,NA,19.3,0.88,132,NA,8.12,9.46,NA,10,Regular,163500,167798,4298,4298,13.2016808,13.2016808,1,Regular flow meter speed,NA,Terrestrial Non-Insects,191,Family,Leptocheliidae,Leptocheliidae,Emergents,0,0,0,NA,NA,NA,NA,NA,NA,NA,NA,NA,NA,NA   NA   NA   NA,NA   NA   NA   NA
SHR_2011-09-20 08:10:00,9/20/2011 8:10,SHR,2011,W,FALSE,CLR,NA,NA,19.3,0.88,132,NA,8.12,9.46,NA,10,Regular,163500,167798,4298,4298,13.2016808,13.2016808,1,Regular flow meter speed,NA,Terrestrial Non-Insects,191,Family,Leptocheliidae,Leptocheliidae,Adults,0,0,0,NA,NA,NA,NA,NA,NA,NA,NA,NA,NA,NA   NA   NA   NA,NA   NA   NA   NA
SHR_2011-09-20 08:10:00,9/20/2011 8:10,SHR,2011,W,FALSE,CLR,NA,NA,19.3,0.88,132,NA,8.12,9.46,NA,10,Regular,163500,167798,4298,4298,13.2016808,13.2016808,1,Regular flow meter speed,NA,Terrestrial Non-Insects,191,Family,Leptocheliidae,Leptocheliidae,NotDetermined,0,0,0,NA,NA,NA,NA,NA,NA,NA,NA,NA,NA,NA   NA   NA   NA,NA   NA   NA   NA
STTD_2011-09-20 10:24:00,9/20/2011 10:24,STTD,2011,W,FALSE,CLR,NA,NA,22.4,0.28,800,NA,8,6.74,NA,10,Regular,172000,176489,4489,4489,13.78835392,13.78835392,1,Regular flow meter speed,NA,Aquatic Insects,41,Family,Baetidae,Baetidae,Larvae,1,0.073,0.073,NA,NA,NA,NA,NA,NA,NA,NA,NA,NA,NA   NA   NA   NA,NA   NA   NA   NA
STTD_2011-09-20 10:24:00,9/20/2011 10:24,STTD,2011,W,FALSE,CLR,NA,NA,22.4,0.28,800,NA,8,6.74,NA,10,Regular,172000,176489,4489,4489,13.78835392,13.78835392,1,Regular flow meter speed,NA,Aquatic Insects,102,Family,Gomphidae,Gomphidae,Larvae,1,0.073,0.073,NA,NA,NA,NA,NA,NA,NA,NA,NA,NA,NA   NA   NA   NA,NA   NA   NA   NA
STTD_2011-09-20 10:24:00,9/20/2011 10:24,STTD,2011,W,FALSE,CLR,NA,NA,22.4,0.28,800,NA,8,6.74,NA,10,Regular,172000,176489,4489,4489,13.78835392,13.78835392,1,Regular flow meter speed,NA,Aquatic Non-Insects,4,Family,Naididae,Naididae,NotDetermined,1,0.073,0.073,NA,NA,NA,NA,NA,NA,NA,NA,NA,NA,NA   NA   NA   NA,NA   NA   NA   NA
STTD_2011-09-20 10:24:00,9/20/2011 10:24,STTD,2011,W,FALSE,CLR,NA,NA,22.4,0.28,800,NA,8,6.74,NA,10,Regular,172000,176489,4489,4489,13.78835392,13.78835392,1,Regular flow meter speed,NA,Terrestrial Non-Insects,57,Subclass,Acari,Acari,NotDetermined,1,0.073,0.073,NA,NA,NA,NA,NA,NA,NA,NA,NA,NA,NA   NA   NA   NA,NA   NA   NA   NA
STTD_2011-09-20 10:24:00,9/20/2011 10:24,STTD,2011,W,FALSE,CLR,NA,NA,22.4,0.28,800,NA,8,6.74,NA,10,Regular,172000,176489,4489,4489,13.78835392,13.78835392,1,Regular flow meter speed,NA,Aquatic Non-Insects,18,Family,Hydridae,Hydridae,NotDetermined,1,0.073,0.073,NA,NA,NA,NA,NA,NA,NA,NA,NA,NA,NA   NA   NA   NA,NA   NA   NA   NA
STTD_2011-09-20 10:24:00,9/20/2011 10:24,STTD,2011,W,FALSE,CLR,NA,NA,22.4,0.28,800,NA,8,6.74,NA,10,Regular,172000,176489,4489,4489,13.78835392,13.78835392,1,Regular flow meter speed,NA,Terrestrial Insects,71,Order,Hemiptera,Hemiptera,Larvae,5,0.363,0.363,NA,NA,NA,NA,NA,NA,NA,NA,NA,NA,NA   NA   NA   NA,NA   NA   NA   NA
STTD_2011-09-20 10:24:00,9/20/2011 10:24,STTD,2011,W,FALSE,CLR,NA,NA,22.4,0.28,800,NA,8,6.74,NA,10,Regular,172000,176489,4489,4489,13.78835392,13.78835392,1,Regular flow meter speed,NA,Terrestrial Insects,71,Order,Hemiptera,Hemiptera,Adults,3,0.218,0.218,NA,NA,NA,NA,NA,NA,NA,NA,NA,NA,NA   NA   NA   NA,NA   NA   NA   NA
STTD_2011-09-20 10:24:00,9/20/2011 10:24,STTD,2011,W,FALSE,CLR,NA,NA,22.4,0.28,800,NA,8,6.74,NA,10,Regular,172000,176489,4489,4489,13.78835392,13.78835392,1,Regular flow meter speed,NA,Terrestrial Insects,63,Order,Coleoptera,Coleoptera,Larvae,3,0.218,0.218,NA,NA,NA,NA,NA,NA,NA,NA,NA,NA,NA   NA   NA   NA,NA   NA   NA   NA
STTD_2011-09-20 10:24:00,9/20/2011 10:24,STTD,2011,W,FALSE,CLR,NA,NA,22.4,0.28,800,NA,8,6.74,NA,10,Regular,172000,176489,4489,4489,13.78835392,13.78835392,1,Regular flow meter speed,NA,Terrestrial Insects,64,Order,Diptera,Diptera,Adults,1,0.073,0.073,NA,NA,NA,NA,NA,NA,NA,NA,NA,NA,NA   NA   NA   NA,NA   NA   NA   NA
STTD_2011-09-20 10:24:00,9/20/2011 10:24,STTD,2011,W,FALSE,CLR,NA,NA,22.4,0.28,800,NA,8,6.74,NA,10,Regular,172000,176489,4489,4489,13.78835392,13.78835392,1,Regular flow meter speed,NA,Terrestrial Insects,66,Order,Hymenoptera,Hymenoptera,Adults,4,0.29,0.29,NA,NA,NA,NA,NA,NA,NA,NA,NA,NA,NA   NA   NA   NA,NA   NA   NA   NA
STTD_2011-09-20 10:24:00,9/20/2011 10:24,STTD,2011,W,FALSE,CLR,NA,NA,22.4,0.28,800,NA,8,6.74,NA,10,Regular,172000,176489,4489,4489,13.78835392,13.78835392,1,Regular flow meter speed,NA,Terrestrial Insects,67,Order,Psocoptera,Psocoptera,Adults,1,0.073,0.073,NA,NA,NA,NA,NA,NA,NA,NA,NA,NA,NA   NA   NA   NA,NA   NA   NA   NA
SHR_2011-10-06 08:04:00,10/6/2011 8:04,SHR,2012,A,FALSE,RAN,NA,NA,15.1,1.04,89,NA,8.21,9.95,NA,10,Regular,182000,187085,5085,5085,15.61901975,15.61901975,1,NA,NA,Aquatic Insects,34,Family,Chironomidae,Chironomidae,Pupae,1,0.064,0.064,NA,NA,NA,NA,NA,NA,NA,NA,NA,NA,NA   NA   NA   NA,NA   NA   NA   NA
SHR_2011-10-06 08:04:00,10/6/2011 8:04,SHR,2012,A,FALSE,RAN,NA,NA,15.1,1.04,89,NA,8.21,9.95,NA,10,Regular,182000,187085,5085,5085,15.61901975,15.61901975,1,NA,NA,Aquatic Non-Insects,19,Family,Corbiculidae,Corbiculidae,NotDetermined,1,0.064,0.064,NA,NA,NA,NA,NA,NA,NA,NA,NA,NA,NA   NA   NA   NA,NA   NA   NA   NA
SHR_2011-10-06 08:04:00,10/6/2011 8:04,SHR,2012,A,FALSE,RAN,NA,NA,15.1,1.04,89,NA,8.21,9.95,NA,10,Regular,182000,187085,5085,5085,15.61901975,15.61901975,1,NA,NA,Terrestrial Insects,71,Order,Hemiptera,Hemiptera,Adults,2,0.128,0.128,NA,NA,NA,NA,NA,NA,NA,NA,NA,NA,NA   NA   NA   NA,NA   NA   NA   NA
SHR_2011-10-06 08:04:00,10/6/2011 8:04,SHR,2012,A,FALSE,RAN,NA,NA,15.1,1.04,89,NA,8.21,9.95,NA,10,Regular,182000,187085,5085,5085,15.61901975,15.61901975,1,NA,NA,Terrestrial Insects,66,Order,Hymenoptera,Hymenoptera,Adults,2,0.128,0.128,NA,NA,NA,NA,NA,NA,NA,NA,NA,NA,NA   NA   NA   NA,NA   NA   NA   NA
STTD_2011-10-06 09:53:00,10/6/2011 9:53,STTD,2012,A,FALSE,CLD,NA,NA,18.3,0.28,653,NA,8.01,6.93,NA,10,Regular,192000,192308,308,308,0.946048787,0.946048787,2,"Near Slack Tide, Low Flow (2)",NA,Aquatic Non-Insects,188,Superfamily,Truncatelloidea,Truncatelloidea,Larvae,0,0,0,NA,NA,2,SAMP,NA,NA,2,FM,NA,NA,2   NA   2   NA,SAMP   NA   FM   NA
STTD_2011-10-06 09:53:00,10/6/2011 9:53,STTD,2012,A,FALSE,CLD,NA,NA,18.3,0.28,653,NA,8.01,6.93,NA,10,Regular,192000,192308,308,308,0.946048787,0.946048787,2,"Near Slack Tide, Low Flow (2)",NA,Aquatic Non-Insects,188,Superfamily,Truncatelloidea,Truncatelloidea,Pupae,0,0,0,NA,NA,2,SAMP,NA,NA,2,FM,NA,NA,2   NA   2   NA,SAMP   NA   FM   NA
STTD_2011-10-06 09:53:00,10/6/2011 9:53,STTD,2012,A,FALSE,CLD,NA,NA,18.3,0.28,653,NA,8.01,6.93,NA,10,Regular,192000,192308,308,308,0.946048787,0.946048787,2,"Near Slack Tide, Low Flow (2)",NA,Aquatic Non-Insects,188,Superfamily,Truncatelloidea,Truncatelloidea,Nymphs,0,0,0,NA,NA,2,SAMP,NA,NA,2,FM,NA,NA,2   NA   2   NA,SAMP   NA   FM   NA
STTD_2011-10-06 09:53:00,10/6/2011 9:53,STTD,2012,A,FALSE,CLD,NA,NA,18.3,0.28,653,NA,8.01,6.93,NA,10,Regular,192000,192308,308,308,0.946048787,0.946048787,2,"Near Slack Tide, Low Flow (2)",NA,Aquatic Non-Insects,188,Superfamily,Truncatelloidea,Truncatelloidea,Emergents,0,0,0,NA,NA,2,SAMP,NA,NA,2,FM,NA,NA,2   NA   2   NA,SAMP   NA   FM   NA
STTD_2011-10-06 09:53:00,10/6/2011 9:53,STTD,2012,A,FALSE,CLD,NA,NA,18.3,0.28,653,NA,8.01,6.93,NA,10,Regular,192000,192308,308,308,0.946048787,0.946048787,2,"Near Slack Tide, Low Flow (2)",NA,Aquatic Non-Insects,188,Superfamily,Truncatelloidea,Truncatelloidea,Adults,0,0,0,NA,NA,2,SAMP,NA,NA,2,FM,NA,NA,2   NA   2   NA,SAMP   NA   FM   NA
STTD_2011-10-06 09:53:00,10/6/2011 9:53,STTD,2012,A,FALSE,CLD,NA,NA,18.3,0.28,653,NA,8.01,6.93,NA,10,Regular,192000,192308,308,308,0.946048787,0.946048787,2,"Near Slack Tide, Low Flow (2)",NA,Aquatic Non-Insects,188,Superfamily,Truncatelloidea,Truncatelloidea,NotDetermined,0,0,0,NA,NA,2,SAMP,NA,NA,2,FM,NA,NA,2   NA   2   NA,SAMP   NA   FM   NA
STTD_2011-10-06 09:53:00,10/6/2011 9:53,STTD,2012,A,FALSE,CLD,NA,NA,18.3,0.28,653,NA,8.01,6.93,NA,10,Regular,192000,192308,308,308,0.946048787,0.946048787,2,"Near Slack Tide, Low Flow (2)",NA,Aquatic Insects,189,Order,Plecoptera,Plecoptera,Larvae,0,0,0,NA,NA,2,SAMP,NA,NA,2,FM,NA,NA,2   NA   2   NA,SAMP   NA   FM   NA
STTD_2011-10-06 09:53:00,10/6/2011 9:53,STTD,2012,A,FALSE,CLD,NA,NA,18.3,0.28,653,NA,8.01,6.93,NA,10,Regular,192000,192308,308,308,0.946048787,0.946048787,2,"Near Slack Tide, Low Flow (2)",NA,Aquatic Insects,189,Order,Plecoptera,Plecoptera,Pupae,0,0,0,NA,NA,2,SAMP,NA,NA,2,FM,NA,NA,2   NA   2   NA,SAMP   NA   FM   NA
STTD_2011-10-06 09:53:00,10/6/2011 9:53,STTD,2012,A,FALSE,CLD,NA,NA,18.3,0.28,653,NA,8.01,6.93,NA,10,Regular,192000,192308,308,308,0.946048787,0.946048787,2,"Near Slack Tide, Low Flow (2)",NA,Aquatic Insects,189,Order,Plecoptera,Plecoptera,Nymphs,0,0,0,NA,NA,2,SAMP,NA,NA,2,FM,NA,NA,2   NA   2   NA,SAMP   NA   FM   NA
STTD_2011-10-06 09:53:00,10/6/2011 9:53,STTD,2012,A,FALSE,CLD,NA,NA,18.3,0.28,653,NA,8.01,6.93,NA,10,Regular,192000,192308,308,308,0.946048787,0.946048787,2,"Near Slack Tide, Low Flow (2)",NA,Aquatic Insects,189,Order,Plecoptera,Plecoptera,Emergents,0,0,0,NA,NA,2,SAMP,NA,NA,2,FM,NA,NA,2   NA   2   NA,SAMP   NA   FM   NA
STTD_2011-10-06 09:53:00,10/6/2011 9:53,STTD,2012,A,FALSE,CLD,NA,NA,18.3,0.28,653,NA,8.01,6.93,NA,10,Regular,192000,192308,308,308,0.946048787,0.946048787,2,"Near Slack Tide, Low Flow (2)",NA,Aquatic Insects,189,Order,Plecoptera,Plecoptera,Adults,0,0,0,NA,NA,2,SAMP,NA,NA,2,FM,NA,NA,2   NA   2   NA,SAMP   NA   FM   NA
STTD_2011-10-06 09:53:00,10/6/2011 9:53,STTD,2012,A,FALSE,CLD,NA,NA,18.3,0.28,653,NA,8.01,6.93,NA,10,Regular,192000,192308,308,308,0.946048787,0.946048787,2,"Near Slack Tide, Low Flow (2)",NA,Aquatic Insects,189,Order,Plecoptera,Plecoptera,NotDetermined,0,0,0,NA,NA,2,SAMP,NA,NA,2,FM,NA,NA,2   NA   2   NA,SAMP   NA   FM   NA
STTD_2011-10-06 09:53:00,10/6/2011 9:53,STTD,2012,A,FALSE,CLD,NA,NA,18.3,0.28,653,NA,8.01,6.93,NA,10,Regular,192000,192308,308,308,0.946048787,0.946048787,2,"Near Slack Tide, Low Flow (2)",NA,Terrestrial Non-Insects,191,Family,Leptocheliidae,Leptocheliidae,Larvae,0,0,0,NA,NA,2,SAMP,NA,NA,2,FM,NA,NA,2   NA   2   NA,SAMP   NA   FM   NA
STTD_2011-10-06 09:53:00,10/6/2011 9:53,STTD,2012,A,FALSE,CLD,NA,NA,18.3,0.28,653,NA,8.01,6.93,NA,10,Regular,192000,192308,308,308,0.946048787,0.946048787,2,"Near Slack Tide, Low Flow (2)",NA,Terrestrial Non-Insects,191,Family,Leptocheliidae,Leptocheliidae,Pupae,0,0,0,NA,NA,2,SAMP,NA,NA,2,FM,NA,NA,2   NA   2   NA,SAMP   NA   FM   NA
STTD_2011-10-06 09:53:00,10/6/2011 9:53,STTD,2012,A,FALSE,CLD,NA,NA,18.3,0.28,653,NA,8.01,6.93,NA,10,Regular,192000,192308,308,308,0.946048787,0.946048787,2,"Near Slack Tide, Low Flow (2)",NA,Terrestrial Non-Insects,191,Family,Leptocheliidae,Leptocheliidae,Nymphs,0,0,0,NA,NA,2,SAMP,NA,NA,2,FM,NA,NA,2   NA   2   NA,SAMP   NA   FM   NA
STTD_2011-10-06 09:53:00,10/6/2011 9:53,STTD,2012,A,FALSE,CLD,NA,NA,18.3,0.28,653,NA,8.01,6.93,NA,10,Regular,192000,192308,308,308,0.946048787,0.946048787,2,"Near Slack Tide, Low Flow (2)",NA,Terrestrial Non-Insects,191,Family,Leptocheliidae,Leptocheliidae,Emergents,0,0,0,NA,NA,2,SAMP,NA,NA,2,FM,NA,NA,2   NA   2   NA,SAMP   NA   FM   NA
STTD_2011-10-06 09:53:00,10/6/2011 9:53,STTD,2012,A,FALSE,CLD,NA,NA,18.3,0.28,653,NA,8.01,6.93,NA,10,Regular,192000,192308,308,308,0.946048787,0.946048787,2,"Near Slack Tide, Low Flow (2)",NA,Terrestrial Non-Insects,191,Family,Leptocheliidae,Leptocheliidae,Adults,0,0,0,NA,NA,2,SAMP,NA,NA,2,FM,NA,NA,2   NA   2   NA,SAMP   NA   FM   NA
STTD_2011-10-06 09:53:00,10/6/2011 9:53,STTD,2012,A,FALSE,CLD,NA,NA,18.3,0.28,653,NA,8.01,6.93,NA,10,Regular,192000,192308,308,308,0.946048787,0.946048787,2,"Near Slack Tide, Low Flow (2)",NA,Terrestrial Non-Insects,191,Family,Leptocheliidae,Leptocheliidae,NotDetermined,0,0,0,NA,NA,2,SAMP,NA,NA,2,FM,NA,NA,2   NA   2   NA,SAMP   NA   FM   NA
STTD_2011-10-06 09:53:00,10/6/2011 9:53,STTD,2012,A,FALSE,CLD,NA,NA,18.3,0.28,653,NA,8.01,6.93,NA,10,Regular,192000,192308,308,308,0.946048787,0.946048787,2,"Near Slack Tide, Low Flow (2)",NA,Terrestrial Insects,190,Suborder,Hydrachnidia,Hydrachnidia,Larvae,0,0,0,NA,NA,2,SAMP,NA,NA,2,FM,NA,NA,2   NA   2   NA,SAMP   NA   FM   NA
STTD_2011-10-06 09:53:00,10/6/2011 9:53,STTD,2012,A,FALSE,CLD,NA,NA,18.3,0.28,653,NA,8.01,6.93,NA,10,Regular,192000,192308,308,308,0.946048787,0.946048787,2,"Near Slack Tide, Low Flow (2)",NA,Terrestrial Insects,190,Suborder,Hydrachnidia,Hydrachnidia,Pupae,0,0,0,NA,NA,2,SAMP,NA,NA,2,FM,NA,NA,2   NA   2   NA,SAMP   NA   FM   NA
STTD_2011-10-06 09:53:00,10/6/2011 9:53,STTD,2012,A,FALSE,CLD,NA,NA,18.3,0.28,653,NA,8.01,6.93,NA,10,Regular,192000,192308,308,308,0.946048787,0.946048787,2,"Near Slack Tide, Low Flow (2)",NA,Terrestrial Insects,190,Suborder,Hydrachnidia,Hydrachnidia,Nymphs,0,0,0,NA,NA,2,SAMP,NA,NA,2,FM,NA,NA,2   NA   2   NA,SAMP   NA   FM   NA
STTD_2011-10-06 09:53:00,10/6/2011 9:53,STTD,2012,A,FALSE,CLD,NA,NA,18.3,0.28,653,NA,8.01,6.93,NA,10,Regular,192000,192308,308,308,0.946048787,0.946048787,2,"Near Slack Tide, Low Flow (2)",NA,Terrestrial Insects,190,Suborder,Hydrachnidia,Hydrachnidia,Emergents,0,0,0,NA,NA,2,SAMP,NA,NA,2,FM,NA,NA,2   NA   2   NA,SAMP   NA   FM   NA
STTD_2011-10-06 09:53:00,10/6/2011 9:53,STTD,2012,A,FALSE,CLD,NA,NA,18.3,0.28,653,NA,8.01,6.93,NA,10,Regular,192000,192308,308,308,0.946048787,0.946048787,2,"Near Slack Tide, Low Flow (2)",NA,Terrestrial Insects,190,Suborder,Hydrachnidia,Hydrachnidia,Adults,0,0,0,NA,NA,2,SAMP,NA,NA,2,FM,NA,NA,2   NA   2   NA,SAMP   NA   FM   NA
STTD_2011-10-06 09:53:00,10/6/2011 9:53,STTD,2012,A,FALSE,CLD,NA,NA,18.3,0.28,653,NA,8.01,6.93,NA,10,Regular,192000,192308,308,308,0.946048787,0.946048787,2,"Near Slack Tide, Low Flow (2)",NA,Terrestrial Insects,190,Suborder,Hydrachnidia,Hydrachnidia,NotDetermined,0,0,0,NA,NA,2,SAMP,NA,NA,2,FM,NA,NA,2   NA   2   NA,SAMP   NA   FM   NA
SHR_2011-10-19 08:12:00,10/19/2011 8:12,SHR,2012,A,FALSE,CLR,NA,NA,17.1,1.45,100,NA,7.98,9.38,NA,10,Regular,192255,196565,4310,4310,13.23853985,13.23853985,NA,Regular flow meter speed,NA,Aquatic Non-Insects,188,Superfamily,Truncatelloidea,Truncatelloidea,Larvae,0,0,0,NA,NA,NA,NA,NA,NA,NA,NA,NA,NA,NA   NA   NA   NA,NA   NA   NA   NA
SHR_2011-10-19 08:12:00,10/19/2011 8:12,SHR,2012,A,FALSE,CLR,NA,NA,17.1,1.45,100,NA,7.98,9.38,NA,10,Regular,192255,196565,4310,4310,13.23853985,13.23853985,NA,Regular flow meter speed,NA,Aquatic Non-Insects,188,Superfamily,Truncatelloidea,Truncatelloidea,Pupae,0,0,0,NA,NA,NA,NA,NA,NA,NA,NA,NA,NA,NA   NA   NA   NA,NA   NA   NA   NA
SHR_2011-10-19 08:12:00,10/19/2011 8:12,SHR,2012,A,FALSE,CLR,NA,NA,17.1,1.45,100,NA,7.98,9.38,NA,10,Regular,192255,196565,4310,4310,13.23853985,13.23853985,NA,Regular flow meter speed,NA,Aquatic Non-Insects,188,Superfamily,Truncatelloidea,Truncatelloidea,Nymphs,0,0,0,NA,NA,NA,NA,NA,NA,NA,NA,NA,NA,NA   NA   NA   NA,NA   NA   NA   NA
SHR_2011-10-19 08:12:00,10/19/2011 8:12,SHR,2012,A,FALSE,CLR,NA,NA,17.1,1.45,100,NA,7.98,9.38,NA,10,Regular,192255,196565,4310,4310,13.23853985,13.23853985,NA,Regular flow meter speed,NA,Aquatic Non-Insects,188,Superfamily,Truncatelloidea,Truncatelloidea,Emergents,0,0,0,NA,NA,NA,NA,NA,NA,NA,NA,NA,NA,NA   NA   NA   NA,NA   NA   NA   NA
SHR_2011-10-19 08:12:00,10/19/2011 8:12,SHR,2012,A,FALSE,CLR,NA,NA,17.1,1.45,100,NA,7.98,9.38,NA,10,Regular,192255,196565,4310,4310,13.23853985,13.23853985,NA,Regular flow meter speed,NA,Aquatic Non-Insects,188,Superfamily,Truncatelloidea,Truncatelloidea,Adults,0,0,0,NA,NA,NA,NA,NA,NA,NA,NA,NA,NA,NA   NA   NA   NA,NA   NA   NA   NA
SHR_2011-10-19 08:12:00,10/19/2011 8:12,SHR,2012,A,FALSE,CLR,NA,NA,17.1,1.45,100,NA,7.98,9.38,NA,10,Regular,192255,196565,4310,4310,13.23853985,13.23853985,NA,Regular flow meter speed,NA,Aquatic Non-Insects,188,Superfamily,Truncatelloidea,Truncatelloidea,NotDetermined,0,0,0,NA,NA,NA,NA,NA,NA,NA,NA,NA,NA,NA   NA   NA   NA,NA   NA   NA   NA
SHR_2011-10-19 08:12:00,10/19/2011 8:12,SHR,2012,A,FALSE,CLR,NA,NA,17.1,1.45,100,NA,7.98,9.38,NA,10,Regular,192255,196565,4310,4310,13.23853985,13.23853985,NA,Regular flow meter speed,NA,Aquatic Insects,189,Order,Plecoptera,Plecoptera,Larvae,0,0,0,NA,NA,NA,NA,NA,NA,NA,NA,NA,NA,NA   NA   NA   NA,NA   NA   NA   NA
SHR_2011-10-19 08:12:00,10/19/2011 8:12,SHR,2012,A,FALSE,CLR,NA,NA,17.1,1.45,100,NA,7.98,9.38,NA,10,Regular,192255,196565,4310,4310,13.23853985,13.23853985,NA,Regular flow meter speed,NA,Aquatic Insects,189,Order,Plecoptera,Plecoptera,Pupae,0,0,0,NA,NA,NA,NA,NA,NA,NA,NA,NA,NA,NA   NA   NA   NA,NA   NA   NA   NA
SHR_2011-10-19 08:12:00,10/19/2011 8:12,SHR,2012,A,FALSE,CLR,NA,NA,17.1,1.45,100,NA,7.98,9.38,NA,10,Regular,192255,196565,4310,4310,13.23853985,13.23853985,NA,Regular flow meter speed,NA,Aquatic Insects,189,Order,Plecoptera,Plecoptera,Nymphs,0,0,0,NA,NA,NA,NA,NA,NA,NA,NA,NA,NA,NA   NA   NA   NA,NA   NA   NA   NA
SHR_2011-10-19 08:12:00,10/19/2011 8:12,SHR,2012,A,FALSE,CLR,NA,NA,17.1,1.45,100,NA,7.98,9.38,NA,10,Regular,192255,196565,4310,4310,13.23853985,13.23853985,NA,Regular flow meter speed,NA,Aquatic Insects,189,Order,Plecoptera,Plecoptera,Emergents,0,0,0,NA,NA,NA,NA,NA,NA,NA,NA,NA,NA,NA   NA   NA   NA,NA   NA   NA   NA
SHR_2011-10-19 08:12:00,10/19/2011 8:12,SHR,2012,A,FALSE,CLR,NA,NA,17.1,1.45,100,NA,7.98,9.38,NA,10,Regular,192255,196565,4310,4310,13.23853985,13.23853985,NA,Regular flow meter speed,NA,Aquatic Insects,189,Order,Plecoptera,Plecoptera,Adults,0,0,0,NA,NA,NA,NA,NA,NA,NA,NA,NA,NA,NA   NA   NA   NA,NA   NA   NA   NA
SHR_2011-10-19 08:12:00,10/19/2011 8:12,SHR,2012,A,FALSE,CLR,NA,NA,17.1,1.45,100,NA,7.98,9.38,NA,10,Regular,192255,196565,4310,4310,13.23853985,13.23853985,NA,Regular flow meter speed,NA,Aquatic Insects,189,Order,Plecoptera,Plecoptera,NotDetermined,0,0,0,NA,NA,NA,NA,NA,NA,NA,NA,NA,NA,NA   NA   NA   NA,NA   NA   NA   NA
SHR_2011-10-19 08:12:00,10/19/2011 8:12,SHR,2012,A,FALSE,CLR,NA,NA,17.1,1.45,100,NA,7.98,9.38,NA,10,Regular,192255,196565,4310,4310,13.23853985,13.23853985,NA,Regular flow meter speed,NA,Terrestrial Non-Insects,191,Family,Leptocheliidae,Leptocheliidae,Larvae,0,0,0,NA,NA,NA,NA,NA,NA,NA,NA,NA,NA,NA   NA   NA   NA,NA   NA   NA   NA
SHR_2011-10-19 08:12:00,10/19/2011 8:12,SHR,2012,A,FALSE,CLR,NA,NA,17.1,1.45,100,NA,7.98,9.38,NA,10,Regular,192255,196565,4310,4310,13.23853985,13.23853985,NA,Regular flow meter speed,NA,Terrestrial Non-Insects,191,Family,Leptocheliidae,Leptocheliidae,Pupae,0,0,0,NA,NA,NA,NA,NA,NA,NA,NA,NA,NA,NA   NA   NA   NA,NA   NA   NA   NA
SHR_2011-10-19 08:12:00,10/19/2011 8:12,SHR,2012,A,FALSE,CLR,NA,NA,17.1,1.45,100,NA,7.98,9.38,NA,10,Regular,192255,196565,4310,4310,13.23853985,13.23853985,NA,Regular flow meter speed,NA,Terrestrial Non-Insects,191,Family,Leptocheliidae,Leptocheliidae,Nymphs,0,0,0,NA,NA,NA,NA,NA,NA,NA,NA,NA,NA,NA   NA   NA   NA,NA   NA   NA   NA
SHR_2011-10-19 08:12:00,10/19/2011 8:12,SHR,2012,A,FALSE,CLR,NA,NA,17.1,1.45,100,NA,7.98,9.38,NA,10,Regular,192255,196565,4310,4310,13.23853985,13.23853985,NA,Regular flow meter speed,NA,Terrestrial Non-Insects,191,Family,Leptocheliidae,Leptocheliidae,Emergents,0,0,0,NA,NA,NA,NA,NA,NA,NA,NA,NA,NA,NA   NA   NA   NA,NA   NA   NA   NA
SHR_2011-10-19 08:12:00,10/19/2011 8:12,SHR,2012,A,FALSE,CLR,NA,NA,17.1,1.45,100,NA,7.98,9.38,NA,10,Regular,192255,196565,4310,4310,13.23853985,13.23853985,NA,Regular flow meter speed,NA,Terrestrial Non-Insects,191,Family,Leptocheliidae,Leptocheliidae,Adults,0,0,0,NA,NA,NA,NA,NA,NA,NA,NA,NA,NA,NA   NA   NA   NA,NA   NA   NA   NA
SHR_2011-10-19 08:12:00,10/19/2011 8:12,SHR,2012,A,FALSE,CLR,NA,NA,17.1,1.45,100,NA,7.98,9.38,NA,10,Regular,192255,196565,4310,4310,13.23853985,13.23853985,NA,Regular flow meter speed,NA,Terrestrial Non-Insects,191,Family,Leptocheliidae,Leptocheliidae,NotDetermined,0,0,0,NA,NA,NA,NA,NA,NA,NA,NA,NA,NA,NA   NA   NA   NA,NA   NA   NA   NA
SHR_2011-10-19 08:12:00,10/19/2011 8:12,SHR,2012,A,FALSE,CLR,NA,NA,17.1,1.45,100,NA,7.98,9.38,NA,10,Regular,192255,196565,4310,4310,13.23853985,13.23853985,NA,Regular flow meter speed,NA,Terrestrial Insects,190,Suborder,Hydrachnidia,Hydrachnidia,Larvae,0,0,0,NA,NA,NA,NA,NA,NA,NA,NA,NA,NA,NA   NA   NA   NA,NA   NA   NA   NA
SHR_2011-10-19 08:12:00,10/19/2011 8:12,SHR,2012,A,FALSE,CLR,NA,NA,17.1,1.45,100,NA,7.98,9.38,NA,10,Regular,192255,196565,4310,4310,13.23853985,13.23853985,NA,Regular flow meter speed,NA,Terrestrial Insects,190,Suborder,Hydrachnidia,Hydrachnidia,Pupae,0,0,0,NA,NA,NA,NA,NA,NA,NA,NA,NA,NA,NA   NA   NA   NA,NA   NA   NA   NA
SHR_2011-10-19 08:12:00,10/19/2011 8:12,SHR,2012,A,FALSE,CLR,NA,NA,17.1,1.45,100,NA,7.98,9.38,NA,10,Regular,192255,196565,4310,4310,13.23853985,13.23853985,NA,Regular flow meter speed,NA,Terrestrial Insects,190,Suborder,Hydrachnidia,Hydrachnidia,Nymphs,0,0,0,NA,NA,NA,NA,NA,NA,NA,NA,NA,NA,NA   NA   NA   NA,NA   NA   NA   NA
SHR_2011-10-19 08:12:00,10/19/2011 8:12,SHR,2012,A,FALSE,CLR,NA,NA,17.1,1.45,100,NA,7.98,9.38,NA,10,Regular,192255,196565,4310,4310,13.23853985,13.23853985,NA,Regular flow meter speed,NA,Terrestrial Insects,190,Suborder,Hydrachnidia,Hydrachnidia,Emergents,0,0,0,NA,NA,NA,NA,NA,NA,NA,NA,NA,NA,NA   NA   NA   NA,NA   NA   NA   NA
SHR_2011-10-19 08:12:00,10/19/2011 8:12,SHR,2012,A,FALSE,CLR,NA,NA,17.1,1.45,100,NA,7.98,9.38,NA,10,Regular,192255,196565,4310,4310,13.23853985,13.23853985,NA,Regular flow meter speed,NA,Terrestrial Insects,190,Suborder,Hydrachnidia,Hydrachnidia,Adults,0,0,0,NA,NA,NA,NA,NA,NA,NA,NA,NA,NA,NA   NA   NA   NA,NA   NA   NA   NA
SHR_2011-10-19 08:12:00,10/19/2011 8:12,SHR,2012,A,FALSE,CLR,NA,NA,17.1,1.45,100,NA,7.98,9.38,NA,10,Regular,192255,196565,4310,4310,13.23853985,13.23853985,NA,Regular flow meter speed,NA,Terrestrial Insects,190,Suborder,Hydrachnidia,Hydrachnidia,NotDetermined,0,0,0,NA,NA,NA,NA,NA,NA,NA,NA,NA,NA,NA   NA   NA   NA,NA   NA   NA   NA
STTD_2011-10-19 10:30:00,10/19/2011 10:30,STTD,2012,A,FALSE,CLR,NA,NA,19.3,0.19,599,NA,8,7.72,NA,10,Regular,196802,205893,9091,9091,27.92379716,27.92379716,1,Regular flow meter speed,NA,Aquatic Insects,34,Family,Chironomidae,Chironomidae,Pupae,1,0.036,0.036,NA,NA,NA,NA,NA,NA,NA,NA,NA,NA,NA   NA   NA   NA,NA   NA   NA   NA
SHR_2011-11-02 08:15:00,11/2/2011 8:15,SHR,2012,A,FALSE,CLR,NA,NA,13.6,1.69,94,NA,8.18,10.2,NA,10,Regular,206000,209441,3441,3441,10.56933077,10.56933077,1,Regular Flow Meter,NA,Aquatic Insects,34,Family,Chironomidae,Chironomidae,Pupae,1,0.095,0.095,NA,NA,NA,NA,NA,NA,NA,NA,NA,NA,NA   NA   NA   NA,NA   NA   NA   NA
STTD_2011-11-02 10:12:00,11/2/2011 10:12,STTD,2012,A,FALSE,CLR,NA,NA,14.2,0.26,526,NA,7.97,8.15,NA,10,Regular,213000,219771,6771,6771,20.79771538,20.79771538,1,Regular Flow Meter,NA,Aquatic Insects,34,Family,Chironomidae,Chironomidae,Larvae,1,0.048,0.048,NA,NA,NA,NA,NA,NA,NA,NA,NA,NA,NA   NA   NA   NA,NA   NA   NA   NA
STTD_2011-11-02 10:12:00,11/2/2011 10:12,STTD,2012,A,FALSE,CLR,NA,NA,14.2,0.26,526,NA,7.97,8.15,NA,10,Regular,213000,219771,6771,6771,20.79771538,20.79771538,1,Regular Flow Meter,NA,Aquatic Non-Insects,9,Family,Corophiidae,Corophiidae,NotDetermined,1,0.048,0.048,NA,NA,NA,NA,NA,NA,NA,NA,NA,NA,NA   NA   NA   NA,NA   NA   NA   NA
STTD_2011-11-02 10:12:00,11/2/2011 10:12,STTD,2012,A,FALSE,CLR,NA,NA,14.2,0.26,526,NA,7.97,8.15,NA,10,Regular,213000,219771,6771,6771,20.79771538,20.79771538,1,Regular Flow Meter,NA,Aquatic Non-Insects,118,Class,Ostracoda,Ostracod,NotDetermined,1,0.048,0.048,NA,NA,NA,NA,NA,NA,NA,NA,NA,NA,NA   NA   NA   NA,NA   NA   NA   NA
STTD_2011-11-02 10:12:00,11/2/2011 10:12,STTD,2012,A,FALSE,CLR,NA,NA,14.2,0.26,526,NA,7.97,8.15,NA,10,Regular,213000,219771,6771,6771,20.79771538,20.79771538,1,Regular Flow Meter,NA,Terrestrial Insects,71,Order,Hemiptera,Hemiptera,Larvae,10,0.481,0.481,NA,NA,NA,NA,NA,NA,NA,NA,NA,NA,NA   NA   NA   NA,NA   NA   NA   NA
STTD_2011-11-02 10:12:00,11/2/2011 10:12,STTD,2012,A,FALSE,CLR,NA,NA,14.2,0.26,526,NA,7.97,8.15,NA,10,Regular,213000,219771,6771,6771,20.79771538,20.79771538,1,Regular Flow Meter,NA,Terrestrial Insects,71,Order,Hemiptera,Hemiptera,Adults,9,0.433,0.433,NA,NA,NA,NA,NA,NA,NA,NA,NA,NA,NA   NA   NA   NA,NA   NA   NA   NA
STTD_2011-11-02 10:12:00,11/2/2011 10:12,STTD,2012,A,FALSE,CLR,NA,NA,14.2,0.26,526,NA,7.97,8.15,NA,10,Regular,213000,219771,6771,6771,20.79771538,20.79771538,1,Regular Flow Meter,NA,Terrestrial Insects,63,Order,Coleoptera,Coleoptera,Larvae,2,0.096,0.096,NA,NA,NA,NA,NA,NA,NA,NA,NA,NA,NA   NA   NA   NA,NA   NA   NA   NA
STTD_2011-11-02 10:12:00,11/2/2011 10:12,STTD,2012,A,FALSE,CLR,NA,NA,14.2,0.26,526,NA,7.97,8.15,NA,10,Regular,213000,219771,6771,6771,20.79771538,20.79771538,1,Regular Flow Meter,NA,Terrestrial Insects,63,Order,Coleoptera,Coleoptera,Adults,3,0.144,0.144,NA,NA,NA,NA,NA,NA,NA,NA,NA,NA,NA   NA   NA   NA,NA   NA   NA   NA
STTD_2011-11-02 10:12:00,11/2/2011 10:12,STTD,2012,A,FALSE,CLR,NA,NA,14.2,0.26,526,NA,7.97,8.15,NA,10,Regular,213000,219771,6771,6771,20.79771538,20.79771538,1,Regular Flow Meter,NA,Terrestrial Insects,64,Order,Diptera,Diptera,Adults,3,0.144,0.144,NA,NA,NA,NA,NA,NA,NA,NA,NA,NA,NA   NA   NA   NA,NA   NA   NA   NA
STTD_2011-11-02 10:12:00,11/2/2011 10:12,STTD,2012,A,FALSE,CLR,NA,NA,14.2,0.26,526,NA,7.97,8.15,NA,10,Regular,213000,219771,6771,6771,20.79771538,20.79771538,1,Regular Flow Meter,NA,Terrestrial Non-Insects,68,Order,Collembola,Collembola,NotDetermined,8,0.385,0.385,NA,NA,NA,NA,NA,NA,NA,NA,NA,NA,NA   NA   NA   NA,NA   NA   NA   NA
STTD_2011-11-02 10:12:00,11/2/2011 10:12,STTD,2012,A,FALSE,CLR,NA,NA,14.2,0.26,526,NA,7.97,8.15,NA,10,Regular,213000,219771,6771,6771,20.79771538,20.79771538,1,Regular Flow Meter,NA,Terrestrial Insects,66,Order,Hymenoptera,Hymenoptera,Adults,14,0.673,0.673,NA,NA,NA,NA,NA,NA,NA,NA,NA,NA,NA   NA   NA   NA,NA   NA   NA   NA
STTD_2011-11-02 10:12:00,11/2/2011 10:12,STTD,2012,A,FALSE,CLR,NA,NA,14.2,0.26,526,NA,7.97,8.15,NA,10,Regular,213000,219771,6771,6771,20.79771538,20.79771538,1,Regular Flow Meter,NA,Terrestrial Insects,74,Order,Neuroptera,Neuroptera,Larvae,1,0.048,0.048,NA,NA,NA,NA,NA,NA,NA,NA,NA,NA,NA   NA   NA   NA,NA   NA   NA   NA
STTD_2011-11-02 10:12:00,11/2/2011 10:12,STTD,2012,A,FALSE,CLR,NA,NA,14.2,0.26,526,NA,7.97,8.15,NA,10,Regular,213000,219771,6771,6771,20.79771538,20.79771538,1,Regular Flow Meter,NA,Terrestrial Insects,67,Order,Psocoptera,Psocoptera,Adults,2,0.096,0.096,NA,NA,NA,NA,NA,NA,NA,NA,NA,NA,NA   NA   NA   NA,NA   NA   NA   NA
STTD_2011-11-02 10:12:00,11/2/2011 10:12,STTD,2012,A,FALSE,CLR,NA,NA,14.2,0.26,526,NA,7.97,8.15,NA,10,Regular,213000,219771,6771,6771,20.79771538,20.79771538,1,Regular Flow Meter,NA,Terrestrial Non-Insects,58,Suborder,Araneida,Araneida,NotDetermined,2,0.096,0.096,NA,NA,NA,NA,NA,NA,NA,NA,NA,NA,NA   NA   NA   NA,NA   NA   NA   NA
STTD_2011-11-02 10:12:00,11/2/2011 10:12,STTD,2012,A,FALSE,CLR,NA,NA,14.2,0.26,526,NA,7.97,8.15,NA,10,Regular,213000,219771,6771,6771,20.79771538,20.79771538,1,Regular Flow Meter,NA,Aquatic Non-Insects,127,Family,Hydrobiidae,Hydrobiidae,NotDetermined,1,0.048,0.048,NA,NA,NA,NA,NA,NA,NA,NA,NA,NA,NA   NA   NA   NA,NA   NA   NA   NA
SHR_2011-11-15 08:07:00,11/15/2011 8:07,SHR,2012,A,FALSE,CLR,NA,NA,12.5,1.3,102,NA,8.3,10.61,NA,10,Low,165,1200,1035,1035,6.809383589,6.809383589,1,Low Speed Flow Meter Count Backwards  (Flow Meter Sticky),NA,Aquatic Insects,34,Family,Chironomidae,Chironomidae,Larvae,1,0.147,0.147,NA,NA,2,SAMP,NA,NA,2,FM,NA,NA,2   NA   2   NA,SAMP   NA   FM   NA
SHR_2011-11-15 08:07:00,11/15/2011 8:07,SHR,2012,A,FALSE,CLR,NA,NA,12.5,1.3,102,NA,8.3,10.61,NA,10,Low,165,1200,1035,1035,6.809383589,6.809383589,1,Low Speed Flow Meter Count Backwards  (Flow Meter Sticky),NA,Terrestrial Insects,71,Order,Hemiptera,Hemiptera,Larvae,1,0.147,0.147,NA,NA,2,SAMP,NA,NA,2,FM,NA,NA,2   NA   2   NA,SAMP   NA   FM   NA
SHR_2011-11-15 08:07:00,11/15/2011 8:07,SHR,2012,A,FALSE,CLR,NA,NA,12.5,1.3,102,NA,8.3,10.61,NA,10,Low,165,1200,1035,1035,6.809383589,6.809383589,1,Low Speed Flow Meter Count Backwards  (Flow Meter Sticky),NA,Terrestrial Insects,71,Order,Hemiptera,Hemiptera,Adults,1,0.147,0.147,NA,NA,2,SAMP,NA,NA,2,FM,NA,NA,2   NA   2   NA,SAMP   NA   FM   NA
STTD_2011-11-15 10:18:00,11/15/2011 10:18,STTD,2012,A,FALSE,CLR,NA,NA,11.9,0.29,412,NA,7.91,7.61,NA,10,Low,1992,4600,2608,2608,17.15833082,17.15833082,1,Low Speed Flow Meter Count Backwards,NA,Aquatic Insects,34,Family,Chironomidae,Chironomidae,Pupae,1,0.058,0.058,NA,NA,2,SAMP,NA,NA,NA,NA,NA,NA,2   NA   NA   NA,SAMP   NA   NA   NA
STTD_2011-11-15 10:18:00,11/15/2011 10:18,STTD,2012,A,FALSE,CLR,NA,NA,11.9,0.29,412,NA,7.91,7.61,NA,10,Low,1992,4600,2608,2608,17.15833082,17.15833082,1,Low Speed Flow Meter Count Backwards,NA,Aquatic Insects,34,Family,Chironomidae,Chironomidae,Adults,1,0.058,0.058,NA,NA,2,SAMP,NA,NA,NA,NA,NA,NA,2   NA   NA   NA,SAMP   NA   NA   NA
STTD_2011-11-15 10:18:00,11/15/2011 10:18,STTD,2012,A,FALSE,CLR,NA,NA,11.9,0.29,412,NA,7.91,7.61,NA,10,Low,1992,4600,2608,2608,17.15833082,17.15833082,1,Low Speed Flow Meter Count Backwards,NA,Terrestrial Insects,71,Order,Hemiptera,Hemiptera,Adults,1,0.058,0.058,NA,NA,2,SAMP,NA,NA,NA,NA,NA,NA,2   NA   NA   NA,SAMP   NA   NA   NA
SHR_2011-11-30 08:00:00,11/30/2011 8:00,SHR,2012,A,FALSE,FOG,NA,NA,11.5,0.72,121,NA,7.19,10.58,NA,10,Low,994227,996000,1773,1773,11.66477015,11.66477015,1,Low Speed Flow Meter,NA,Aquatic Non-Insects,18,Family,Hydridae,Hydridae,NotDetermined,2,0.171,0.171,NA,NA,NA,NA,NA,NA,NA,NA,NA,NA,NA   NA   NA   NA,NA   NA   NA   NA
STTD_2011-11-30 09:50:00,11/30/2011 9:50,STTD,2012,A,FALSE,CLD,NA,NA,10.8,0.28,389,NA,7.64,7.73,NA,10,Low,990405,994000,3595,3595,23.65191691,23.65191691,1,Low Speed Flow Meter  USED MOTOR / FLOODTIDE / DROVE UPSTREAM,NA,Aquatic Insects,30,Family,Dytiscidae,Dytiscidae,Adults,2,0.085,0.085,NA,NA,NA,NA,NA,NA,NA,NA,NA,NA,NA   NA   NA   NA,NA   NA   NA   NA
STTD_2011-11-30 09:50:00,11/30/2011 9:50,STTD,2012,A,FALSE,CLD,NA,NA,10.8,0.28,389,NA,7.64,7.73,NA,10,Low,990405,994000,3595,3595,23.65191691,23.65191691,1,Low Speed Flow Meter  USED MOTOR / FLOODTIDE / DROVE UPSTREAM,NA,Terrestrial Insects,63,Order,Coleoptera,Coleoptera,Adults,2,0.085,0.085,NA,NA,NA,NA,NA,NA,NA,NA,NA,NA,NA   NA   NA   NA,NA   NA   NA   NA
STTD_2011-11-30 09:50:00,11/30/2011 9:50,STTD,2012,A,FALSE,CLD,NA,NA,10.8,0.28,389,NA,7.64,7.73,NA,10,Low,990405,994000,3595,3595,23.65191691,23.65191691,1,Low Speed Flow Meter  USED MOTOR / FLOODTIDE / DROVE UPSTREAM,NA,Terrestrial Insects,64,Order,Diptera,Diptera,Adults,1,0.042,0.042,NA,NA,NA,NA,NA,NA,NA,NA,NA,NA,NA   NA   NA   NA,NA   NA   NA   NA
STTD_2011-11-30 09:50:00,11/30/2011 9:50,STTD,2012,A,FALSE,CLD,NA,NA,10.8,0.28,389,NA,7.64,7.73,NA,10,Low,990405,994000,3595,3595,23.65191691,23.65191691,1,Low Speed Flow Meter  USED MOTOR / FLOODTIDE / DROVE UPSTREAM,NA,Terrestrial Non-Insects,68,Order,Collembola,Collembola,NotDetermined,1,0.042,0.042,NA,NA,NA,NA,NA,NA,NA,NA,NA,NA,NA   NA   NA   NA,NA   NA   NA   NA
SHR_2011-12-14 08:27:00,12/14/2011 8:27,SHR,2012,A,FALSE,CLR,NA,NA,8.7,0.9,138,NA,7.49,11.59,NA,10,Low,988314,990000,1686,1686,11.09238718,11.09238718,1,Low Speed Flow Meter,NA,Aquatic Non-Insects,188,Superfamily,Truncatelloidea,Truncatelloidea,Larvae,0,0,0,NA,NA,NA,NA,NA,NA,NA,NA,NA,NA,NA   NA   NA   NA,NA   NA   NA   NA
SHR_2011-12-14 08:27:00,12/14/2011 8:27,SHR,2012,A,FALSE,CLR,NA,NA,8.7,0.9,138,NA,7.49,11.59,NA,10,Low,988314,990000,1686,1686,11.09238718,11.09238718,1,Low Speed Flow Meter,NA,Aquatic Non-Insects,188,Superfamily,Truncatelloidea,Truncatelloidea,Pupae,0,0,0,NA,NA,NA,NA,NA,NA,NA,NA,NA,NA,NA   NA   NA   NA,NA   NA   NA   NA
SHR_2011-12-14 08:27:00,12/14/2011 8:27,SHR,2012,A,FALSE,CLR,NA,NA,8.7,0.9,138,NA,7.49,11.59,NA,10,Low,988314,990000,1686,1686,11.09238718,11.09238718,1,Low Speed Flow Meter,NA,Aquatic Non-Insects,188,Superfamily,Truncatelloidea,Truncatelloidea,Nymphs,0,0,0,NA,NA,NA,NA,NA,NA,NA,NA,NA,NA,NA   NA   NA   NA,NA   NA   NA   NA
SHR_2011-12-14 08:27:00,12/14/2011 8:27,SHR,2012,A,FALSE,CLR,NA,NA,8.7,0.9,138,NA,7.49,11.59,NA,10,Low,988314,990000,1686,1686,11.09238718,11.09238718,1,Low Speed Flow Meter,NA,Aquatic Non-Insects,188,Superfamily,Truncatelloidea,Truncatelloidea,Emergents,0,0,0,NA,NA,NA,NA,NA,NA,NA,NA,NA,NA,NA   NA   NA   NA,NA   NA   NA   NA
SHR_2011-12-14 08:27:00,12/14/2011 8:27,SHR,2012,A,FALSE,CLR,NA,NA,8.7,0.9,138,NA,7.49,11.59,NA,10,Low,988314,990000,1686,1686,11.09238718,11.09238718,1,Low Speed Flow Meter,NA,Aquatic Non-Insects,188,Superfamily,Truncatelloidea,Truncatelloidea,Adults,0,0,0,NA,NA,NA,NA,NA,NA,NA,NA,NA,NA,NA   NA   NA   NA,NA   NA   NA   NA
SHR_2011-12-14 08:27:00,12/14/2011 8:27,SHR,2012,A,FALSE,CLR,NA,NA,8.7,0.9,138,NA,7.49,11.59,NA,10,Low,988314,990000,1686,1686,11.09238718,11.09238718,1,Low Speed Flow Meter,NA,Aquatic Non-Insects,188,Superfamily,Truncatelloidea,Truncatelloidea,NotDetermined,0,0,0,NA,NA,NA,NA,NA,NA,NA,NA,NA,NA,NA   NA   NA   NA,NA   NA   NA   NA
SHR_2011-12-14 08:27:00,12/14/2011 8:27,SHR,2012,A,FALSE,CLR,NA,NA,8.7,0.9,138,NA,7.49,11.59,NA,10,Low,988314,990000,1686,1686,11.09238718,11.09238718,1,Low Speed Flow Meter,NA,Aquatic Insects,189,Order,Plecoptera,Plecoptera,Larvae,0,0,0,NA,NA,NA,NA,NA,NA,NA,NA,NA,NA,NA   NA   NA   NA,NA   NA   NA   NA
SHR_2011-12-14 08:27:00,12/14/2011 8:27,SHR,2012,A,FALSE,CLR,NA,NA,8.7,0.9,138,NA,7.49,11.59,NA,10,Low,988314,990000,1686,1686,11.09238718,11.09238718,1,Low Speed Flow Meter,NA,Aquatic Insects,189,Order,Plecoptera,Plecoptera,Pupae,0,0,0,NA,NA,NA,NA,NA,NA,NA,NA,NA,NA,NA   NA   NA   NA,NA   NA   NA   NA
SHR_2011-12-14 08:27:00,12/14/2011 8:27,SHR,2012,A,FALSE,CLR,NA,NA,8.7,0.9,138,NA,7.49,11.59,NA,10,Low,988314,990000,1686,1686,11.09238718,11.09238718,1,Low Speed Flow Meter,NA,Aquatic Insects,189,Order,Plecoptera,Plecoptera,Nymphs,0,0,0,NA,NA,NA,NA,NA,NA,NA,NA,NA,NA,NA   NA   NA   NA,NA   NA   NA   NA
SHR_2011-12-14 08:27:00,12/14/2011 8:27,SHR,2012,A,FALSE,CLR,NA,NA,8.7,0.9,138,NA,7.49,11.59,NA,10,Low,988314,990000,1686,1686,11.09238718,11.09238718,1,Low Speed Flow Meter,NA,Aquatic Insects,189,Order,Plecoptera,Plecoptera,Emergents,0,0,0,NA,NA,NA,NA,NA,NA,NA,NA,NA,NA,NA   NA   NA   NA,NA   NA   NA   NA
SHR_2011-12-14 08:27:00,12/14/2011 8:27,SHR,2012,A,FALSE,CLR,NA,NA,8.7,0.9,138,NA,7.49,11.59,NA,10,Low,988314,990000,1686,1686,11.09238718,11.09238718,1,Low Speed Flow Meter,NA,Aquatic Insects,189,Order,Plecoptera,Plecoptera,Adults,0,0,0,NA,NA,NA,NA,NA,NA,NA,NA,NA,NA,NA   NA   NA   NA,NA   NA   NA   NA
SHR_2011-12-14 08:27:00,12/14/2011 8:27,SHR,2012,A,FALSE,CLR,NA,NA,8.7,0.9,138,NA,7.49,11.59,NA,10,Low,988314,990000,1686,1686,11.09238718,11.09238718,1,Low Speed Flow Meter,NA,Aquatic Insects,189,Order,Plecoptera,Plecoptera,NotDetermined,0,0,0,NA,NA,NA,NA,NA,NA,NA,NA,NA,NA,NA   NA   NA   NA,NA   NA   NA   NA
SHR_2011-12-14 08:27:00,12/14/2011 8:27,SHR,2012,A,FALSE,CLR,NA,NA,8.7,0.9,138,NA,7.49,11.59,NA,10,Low,988314,990000,1686,1686,11.09238718,11.09238718,1,Low Speed Flow Meter,NA,Terrestrial Non-Insects,191,Family,Leptocheliidae,Leptocheliidae,Larvae,0,0,0,NA,NA,NA,NA,NA,NA,NA,NA,NA,NA,NA   NA   NA   NA,NA   NA   NA   NA
SHR_2011-12-14 08:27:00,12/14/2011 8:27,SHR,2012,A,FALSE,CLR,NA,NA,8.7,0.9,138,NA,7.49,11.59,NA,10,Low,988314,990000,1686,1686,11.09238718,11.09238718,1,Low Speed Flow Meter,NA,Terrestrial Non-Insects,191,Family,Leptocheliidae,Leptocheliidae,Pupae,0,0,0,NA,NA,NA,NA,NA,NA,NA,NA,NA,NA,NA   NA   NA   NA,NA   NA   NA   NA
SHR_2011-12-14 08:27:00,12/14/2011 8:27,SHR,2012,A,FALSE,CLR,NA,NA,8.7,0.9,138,NA,7.49,11.59,NA,10,Low,988314,990000,1686,1686,11.09238718,11.09238718,1,Low Speed Flow Meter,NA,Terrestrial Non-Insects,191,Family,Leptocheliidae,Leptocheliidae,Nymphs,0,0,0,NA,NA,NA,NA,NA,NA,NA,NA,NA,NA,NA   NA   NA   NA,NA   NA   NA   NA
SHR_2011-12-14 08:27:00,12/14/2011 8:27,SHR,2012,A,FALSE,CLR,NA,NA,8.7,0.9,138,NA,7.49,11.59,NA,10,Low,988314,990000,1686,1686,11.09238718,11.09238718,1,Low Speed Flow Meter,NA,Terrestrial Non-Insects,191,Family,Leptocheliidae,Leptocheliidae,Emergents,0,0,0,NA,NA,NA,NA,NA,NA,NA,NA,NA,NA,NA   NA   NA   NA,NA   NA   NA   NA
SHR_2011-12-14 08:27:00,12/14/2011 8:27,SHR,2012,A,FALSE,CLR,NA,NA,8.7,0.9,138,NA,7.49,11.59,NA,10,Low,988314,990000,1686,1686,11.09238718,11.09238718,1,Low Speed Flow Meter,NA,Terrestrial Non-Insects,191,Family,Leptocheliidae,Leptocheliidae,Adults,0,0,0,NA,NA,NA,NA,NA,NA,NA,NA,NA,NA,NA   NA   NA   NA,NA   NA   NA   NA
SHR_2011-12-14 08:27:00,12/14/2011 8:27,SHR,2012,A,FALSE,CLR,NA,NA,8.7,0.9,138,NA,7.49,11.59,NA,10,Low,988314,990000,1686,1686,11.09238718,11.09238718,1,Low Speed Flow Meter,NA,Terrestrial Non-Insects,191,Family,Leptocheliidae,Leptocheliidae,NotDetermined,0,0,0,NA,NA,NA,NA,NA,NA,NA,NA,NA,NA,NA   NA   NA   NA,NA   NA   NA   NA
SHR_2011-12-14 08:27:00,12/14/2011 8:27,SHR,2012,A,FALSE,CLR,NA,NA,8.7,0.9,138,NA,7.49,11.59,NA,10,Low,988314,990000,1686,1686,11.09238718,11.09238718,1,Low Speed Flow Meter,NA,Terrestrial Insects,190,Suborder,Hydrachnidia,Hydrachnidia,Larvae,0,0,0,NA,NA,NA,NA,NA,NA,NA,NA,NA,NA,NA   NA   NA   NA,NA   NA   NA   NA
SHR_2011-12-14 08:27:00,12/14/2011 8:27,SHR,2012,A,FALSE,CLR,NA,NA,8.7,0.9,138,NA,7.49,11.59,NA,10,Low,988314,990000,1686,1686,11.09238718,11.09238718,1,Low Speed Flow Meter,NA,Terrestrial Insects,190,Suborder,Hydrachnidia,Hydrachnidia,Pupae,0,0,0,NA,NA,NA,NA,NA,NA,NA,NA,NA,NA,NA   NA   NA   NA,NA   NA   NA   NA
SHR_2011-12-14 08:27:00,12/14/2011 8:27,SHR,2012,A,FALSE,CLR,NA,NA,8.7,0.9,138,NA,7.49,11.59,NA,10,Low,988314,990000,1686,1686,11.09238718,11.09238718,1,Low Speed Flow Meter,NA,Terrestrial Insects,190,Suborder,Hydrachnidia,Hydrachnidia,Nymphs,0,0,0,NA,NA,NA,NA,NA,NA,NA,NA,NA,NA,NA   NA   NA   NA,NA   NA   NA   NA
SHR_2011-12-14 08:27:00,12/14/2011 8:27,SHR,2012,A,FALSE,CLR,NA,NA,8.7,0.9,138,NA,7.49,11.59,NA,10,Low,988314,990000,1686,1686,11.09238718,11.09238718,1,Low Speed Flow Meter,NA,Terrestrial Insects,190,Suborder,Hydrachnidia,Hydrachnidia,Emergents,0,0,0,NA,NA,NA,NA,NA,NA,NA,NA,NA,NA,NA   NA   NA   NA,NA   NA   NA   NA
SHR_2011-12-14 08:27:00,12/14/2011 8:27,SHR,2012,A,FALSE,CLR,NA,NA,8.7,0.9,138,NA,7.49,11.59,NA,10,Low,988314,990000,1686,1686,11.09238718,11.09238718,1,Low Speed Flow Meter,NA,Terrestrial Insects,190,Suborder,Hydrachnidia,Hydrachnidia,Adults,0,0,0,NA,NA,NA,NA,NA,NA,NA,NA,NA,NA,NA   NA   NA   NA,NA   NA   NA   NA
SHR_2011-12-14 08:27:00,12/14/2011 8:27,SHR,2012,A,FALSE,CLR,NA,NA,8.7,0.9,138,NA,7.49,11.59,NA,10,Low,988314,990000,1686,1686,11.09238718,11.09238718,1,Low Speed Flow Meter,NA,Terrestrial Insects,190,Suborder,Hydrachnidia,Hydrachnidia,NotDetermined,0,0,0,NA,NA,NA,NA,NA,NA,NA,NA,NA,NA,NA   NA   NA   NA,NA   NA   NA   NA
STTD_2011-12-14 10:37:00,12/14/2011 10:37,STTD,2012,A,FALSE,CLR,NA,NA,7.1,0.25,421,NA,7.58,10.06,NA,10,Low,983972,988000,4028,4028,26.50067352,26.50067352,1,Low Speed Flow Meter,NA,Aquatic Insects,44,Family,Corixidae,Corixidae,Adults,1,0.038,0.038,NA,NA,NA,NA,NA,NA,NA,NA,NA,NA,NA   NA   NA   NA,NA   NA   NA   NA
STTD_2011-12-14 10:37:00,12/14/2011 10:37,STTD,2012,A,FALSE,CLR,NA,NA,7.1,0.25,421,NA,7.58,10.06,NA,10,Low,983972,988000,4028,4028,26.50067352,26.50067352,1,Low Speed Flow Meter,NA,Aquatic Insects,30,Family,Dytiscidae,Dytiscidae,Adults,1,0.038,0.038,NA,NA,NA,NA,NA,NA,NA,NA,NA,NA,NA   NA   NA   NA,NA   NA   NA   NA
STTD_2011-12-14 10:37:00,12/14/2011 10:37,STTD,2012,A,FALSE,CLR,NA,NA,7.1,0.25,421,NA,7.58,10.06,NA,10,Low,983972,988000,4028,4028,26.50067352,26.50067352,1,Low Speed Flow Meter,NA,Aquatic Insects,34,Family,Chironomidae,Chironomidae,Adults,57,2.151,2.151,NA,NA,NA,NA,NA,NA,NA,NA,NA,NA,NA   NA   NA   NA,NA   NA   NA   NA
STTD_2011-12-14 10:37:00,12/14/2011 10:37,STTD,2012,A,FALSE,CLR,NA,NA,7.1,0.25,421,NA,7.58,10.06,NA,10,Low,983972,988000,4028,4028,26.50067352,26.50067352,1,Low Speed Flow Meter,NA,Aquatic Non-Insects,20,Family,Physidae,Physidae,NotDetermined,1,0.038,0.038,NA,NA,NA,NA,NA,NA,NA,NA,NA,NA,NA   NA   NA   NA,NA   NA   NA   NA
STTD_2011-12-14 10:37:00,12/14/2011 10:37,STTD,2012,A,FALSE,CLR,NA,NA,7.1,0.25,421,NA,7.58,10.06,NA,10,Low,983972,988000,4028,4028,26.50067352,26.50067352,1,Low Speed Flow Meter,NA,Aquatic Non-Insects,9,Family,Corophiidae,Corophiidae,NotDetermined,1,0.038,0.038,NA,NA,NA,NA,NA,NA,NA,NA,NA,NA,NA   NA   NA   NA,NA   NA   NA   NA
STTD_2011-12-14 10:37:00,12/14/2011 10:37,STTD,2012,A,FALSE,CLR,NA,NA,7.1,0.25,421,NA,7.58,10.06,NA,10,Low,983972,988000,4028,4028,26.50067352,26.50067352,1,Low Speed Flow Meter,NA,Aquatic Non-Insects,15,Family,Hyalellidae,Hyalellidae,NotDetermined,1,0.038,0.038,NA,NA,NA,NA,NA,NA,NA,NA,NA,NA,NA   NA   NA   NA,NA   NA   NA   NA
STTD_2011-12-14 10:37:00,12/14/2011 10:37,STTD,2012,A,FALSE,CLR,NA,NA,7.1,0.25,421,NA,7.58,10.06,NA,10,Low,983972,988000,4028,4028,26.50067352,26.50067352,1,Low Speed Flow Meter,NA,Terrestrial Non-Insects,57,Subclass,Acari,Acari,NotDetermined,6,0.226,0.226,NA,NA,NA,NA,NA,NA,NA,NA,NA,NA,NA   NA   NA   NA,NA   NA   NA   NA
STTD_2011-12-14 10:37:00,12/14/2011 10:37,STTD,2012,A,FALSE,CLR,NA,NA,7.1,0.25,421,NA,7.58,10.06,NA,10,Low,983972,988000,4028,4028,26.50067352,26.50067352,1,Low Speed Flow Meter,NA,Terrestrial Insects,71,Order,Hemiptera,Hemiptera,Adults,7,0.264,0.264,NA,NA,NA,NA,NA,NA,NA,NA,NA,NA,NA   NA   NA   NA,NA   NA   NA   NA
STTD_2011-12-14 10:37:00,12/14/2011 10:37,STTD,2012,A,FALSE,CLR,NA,NA,7.1,0.25,421,NA,7.58,10.06,NA,10,Low,983972,988000,4028,4028,26.50067352,26.50067352,1,Low Speed Flow Meter,NA,Terrestrial Insects,63,Order,Coleoptera,Coleoptera,Adults,9,0.34,0.34,NA,NA,NA,NA,NA,NA,NA,NA,NA,NA,NA   NA   NA   NA,NA   NA   NA   NA
STTD_2011-12-14 10:37:00,12/14/2011 10:37,STTD,2012,A,FALSE,CLR,NA,NA,7.1,0.25,421,NA,7.58,10.06,NA,10,Low,983972,988000,4028,4028,26.50067352,26.50067352,1,Low Speed Flow Meter,NA,Terrestrial Insects,64,Order,Diptera,Diptera,Adults,8,0.302,0.302,NA,NA,NA,NA,NA,NA,NA,NA,NA,NA,NA   NA   NA   NA,NA   NA   NA   NA
STTD_2011-12-14 10:37:00,12/14/2011 10:37,STTD,2012,A,FALSE,CLR,NA,NA,7.1,0.25,421,NA,7.58,10.06,NA,10,Low,983972,988000,4028,4028,26.50067352,26.50067352,1,Low Speed Flow Meter,NA,Terrestrial Non-Insects,68,Order,Collembola,Collembola,NotDetermined,35,1.321,1.321,NA,NA,NA,NA,NA,NA,NA,NA,NA,NA,NA   NA   NA   NA,NA   NA   NA   NA
STTD_2011-12-14 10:37:00,12/14/2011 10:37,STTD,2012,A,FALSE,CLR,NA,NA,7.1,0.25,421,NA,7.58,10.06,NA,10,Low,983972,988000,4028,4028,26.50067352,26.50067352,1,Low Speed Flow Meter,NA,Terrestrial Insects,66,Order,Hymenoptera,Hymenoptera,Adults,12,0.453,0.453,NA,NA,NA,NA,NA,NA,NA,NA,NA,NA,NA   NA   NA   NA,NA   NA   NA   NA
STTD_2011-12-14 10:37:00,12/14/2011 10:37,STTD,2012,A,FALSE,CLR,NA,NA,7.1,0.25,421,NA,7.58,10.06,NA,10,Low,983972,988000,4028,4028,26.50067352,26.50067352,1,Low Speed Flow Meter,NA,Terrestrial Insects,67,Order,Psocoptera,Psocoptera,Adults,1,0.038,0.038,NA,NA,NA,NA,NA,NA,NA,NA,NA,NA,NA   NA   NA   NA,NA   NA   NA   NA
STTD_2011-12-14 10:37:00,12/14/2011 10:37,STTD,2012,A,FALSE,CLR,NA,NA,7.1,0.25,421,NA,7.58,10.06,NA,10,Low,983972,988000,4028,4028,26.50067352,26.50067352,1,Low Speed Flow Meter,NA,Terrestrial Non-Insects,58,Suborder,Araneida,Araneida,NotDetermined,2,0.075,0.075,NA,NA,NA,NA,NA,NA,NA,NA,NA,NA,NA   NA   NA   NA,NA   NA   NA   NA
STTD_2011-12-14 10:37:00,12/14/2011 10:37,STTD,2012,A,FALSE,CLR,NA,NA,7.1,0.25,421,NA,7.58,10.06,NA,10,Low,983972,988000,4028,4028,26.50067352,26.50067352,1,Low Speed Flow Meter,NA,Aquatic Non-Insects,125,Suborder,Oribatei,Oribatei,NotDetermined,1,0.038,0.038,NA,NA,NA,NA,NA,NA,NA,NA,NA,NA,NA   NA   NA   NA,NA   NA   NA   NA
SHR_2011-12-29 08:30:00,12/29/2011 8:30,SHR,2012,A,FALSE,CLD,NA,NA,8,0.85,115,NA,8.07,11.99,NA,10,Low,983709,984000,291,291,1.914522343,1.914522343,2,Low Speed Flow Meter  Note: Condition 2 -> Extra Boat Tied Up at SHR Dock,NA,Aquatic Non-Insects,4,Family,Naididae,Naididae,NotDetermined,1,0.522,0.522,NA,NA,NA,NA,NA,NA,2,FM,NA,NA,NA   NA   2   NA,NA   NA   FM   NA
STTD_2011-12-29 10:28:00,12/29/2011 10:28,STTD,2012,A,FALSE,CLD,NA,NA,6.7,0.3,404,NA,7.97,11.23,NA,10,Low,978438,983500,5062,5062,33.303478,33.303478,1,Low Speed Flow Meter  Motor Used,NA,Aquatic Insects,52,Family,Hydraenidae,Hydraenidae,Adults,1,0.03,0.03,NA,NA,NA,NA,NA,NA,NA,NA,NA,NA,NA   NA   NA   NA,NA   NA   NA   NA
STTD_2011-12-29 10:28:00,12/29/2011 10:28,STTD,2012,A,FALSE,CLD,NA,NA,6.7,0.3,404,NA,7.97,11.23,NA,10,Low,978438,983500,5062,5062,33.303478,33.303478,1,Low Speed Flow Meter  Motor Used,NA,Aquatic Insects,34,Family,Chironomidae,Chironomidae,Larvae,3,0.09,0.09,NA,NA,NA,NA,NA,NA,NA,NA,NA,NA,NA   NA   NA   NA,NA   NA   NA   NA
STTD_2011-12-29 10:28:00,12/29/2011 10:28,STTD,2012,A,FALSE,CLD,NA,NA,6.7,0.3,404,NA,7.97,11.23,NA,10,Low,978438,983500,5062,5062,33.303478,33.303478,1,Low Speed Flow Meter  Motor Used,NA,Aquatic Insects,34,Family,Chironomidae,Chironomidae,Pupae,1,0.03,0.03,NA,NA,NA,NA,NA,NA,NA,NA,NA,NA,NA   NA   NA   NA,NA   NA   NA   NA
STTD_2011-12-29 10:28:00,12/29/2011 10:28,STTD,2012,A,FALSE,CLD,NA,NA,6.7,0.3,404,NA,7.97,11.23,NA,10,Low,978438,983500,5062,5062,33.303478,33.303478,1,Low Speed Flow Meter  Motor Used,NA,Aquatic Insects,34,Family,Chironomidae,Chironomidae,Adults,57,1.712,1.712,NA,NA,NA,NA,NA,NA,NA,NA,NA,NA,NA   NA   NA   NA,NA   NA   NA   NA
STTD_2011-12-29 10:28:00,12/29/2011 10:28,STTD,2012,A,FALSE,CLD,NA,NA,6.7,0.3,404,NA,7.97,11.23,NA,10,Low,978438,983500,5062,5062,33.303478,33.303478,1,Low Speed Flow Meter  Motor Used,NA,Aquatic Non-Insects,106,Family,Lymnaeidae,Lymnaeidae,NotDetermined,2,0.06,0.06,NA,NA,NA,NA,NA,NA,NA,NA,NA,NA,NA   NA   NA   NA,NA   NA   NA   NA
STTD_2011-12-29 10:28:00,12/29/2011 10:28,STTD,2012,A,FALSE,CLD,NA,NA,6.7,0.3,404,NA,7.97,11.23,NA,10,Low,978438,983500,5062,5062,33.303478,33.303478,1,Low Speed Flow Meter  Motor Used,NA,Aquatic Non-Insects,9,Family,Corophiidae,Corophiidae,NotDetermined,2,0.06,0.06,NA,NA,NA,NA,NA,NA,NA,NA,NA,NA,NA   NA   NA   NA,NA   NA   NA   NA
STTD_2011-12-29 10:28:00,12/29/2011 10:28,STTD,2012,A,FALSE,CLD,NA,NA,6.7,0.3,404,NA,7.97,11.23,NA,10,Low,978438,983500,5062,5062,33.303478,33.303478,1,Low Speed Flow Meter  Motor Used,NA,Aquatic Non-Insects,118,Class,Ostracoda,Ostracod,NotDetermined,11,0.33,0.33,NA,NA,NA,NA,NA,NA,NA,NA,NA,NA,NA   NA   NA   NA,NA   NA   NA   NA
STTD_2011-12-29 10:28:00,12/29/2011 10:28,STTD,2012,A,FALSE,CLD,NA,NA,6.7,0.3,404,NA,7.97,11.23,NA,10,Low,978438,983500,5062,5062,33.303478,33.303478,1,Low Speed Flow Meter  Motor Used,NA,Terrestrial Non-Insects,57,Subclass,Acari,Acari,NotDetermined,10,0.3,0.3,NA,NA,NA,NA,NA,NA,NA,NA,NA,NA,NA   NA   NA   NA,NA   NA   NA   NA
STTD_2011-12-29 10:28:00,12/29/2011 10:28,STTD,2012,A,FALSE,CLD,NA,NA,6.7,0.3,404,NA,7.97,11.23,NA,10,Low,978438,983500,5062,5062,33.303478,33.303478,1,Low Speed Flow Meter  Motor Used,NA,Terrestrial Insects,71,Order,Hemiptera,Hemiptera,Larvae,15,0.45,0.45,NA,NA,NA,NA,NA,NA,NA,NA,NA,NA,NA   NA   NA   NA,NA   NA   NA   NA
STTD_2011-12-29 10:28:00,12/29/2011 10:28,STTD,2012,A,FALSE,CLD,NA,NA,6.7,0.3,404,NA,7.97,11.23,NA,10,Low,978438,983500,5062,5062,33.303478,33.303478,1,Low Speed Flow Meter  Motor Used,NA,Terrestrial Insects,71,Order,Hemiptera,Hemiptera,Adults,30,0.901,0.901,NA,NA,NA,NA,NA,NA,NA,NA,NA,NA,NA   NA   NA   NA,NA   NA   NA   NA
STTD_2011-12-29 10:28:00,12/29/2011 10:28,STTD,2012,A,FALSE,CLD,NA,NA,6.7,0.3,404,NA,7.97,11.23,NA,10,Low,978438,983500,5062,5062,33.303478,33.303478,1,Low Speed Flow Meter  Motor Used,NA,Terrestrial Insects,63,Order,Coleoptera,Coleoptera,Larvae,2,0.06,0.06,NA,NA,NA,NA,NA,NA,NA,NA,NA,NA,NA   NA   NA   NA,NA   NA   NA   NA
STTD_2011-12-29 10:28:00,12/29/2011 10:28,STTD,2012,A,FALSE,CLD,NA,NA,6.7,0.3,404,NA,7.97,11.23,NA,10,Low,978438,983500,5062,5062,33.303478,33.303478,1,Low Speed Flow Meter  Motor Used,NA,Terrestrial Insects,63,Order,Coleoptera,Coleoptera,Adults,36,1.081,1.081,NA,NA,NA,NA,NA,NA,NA,NA,NA,NA,NA   NA   NA   NA,NA   NA   NA   NA
STTD_2011-12-29 10:28:00,12/29/2011 10:28,STTD,2012,A,FALSE,CLD,NA,NA,6.7,0.3,404,NA,7.97,11.23,NA,10,Low,978438,983500,5062,5062,33.303478,33.303478,1,Low Speed Flow Meter  Motor Used,NA,Terrestrial Insects,64,Order,Diptera,Diptera,Adults,29,0.871,0.871,NA,NA,NA,NA,NA,NA,NA,NA,NA,NA,NA   NA   NA   NA,NA   NA   NA   NA
STTD_2011-12-29 10:28:00,12/29/2011 10:28,STTD,2012,A,FALSE,CLD,NA,NA,6.7,0.3,404,NA,7.97,11.23,NA,10,Low,978438,983500,5062,5062,33.303478,33.303478,1,Low Speed Flow Meter  Motor Used,NA,Terrestrial Non-Insects,68,Order,Collembola,Collembola,NotDetermined,90,2.702,2.702,NA,NA,NA,NA,NA,NA,NA,NA,NA,NA,NA   NA   NA   NA,NA   NA   NA   NA
STTD_2011-12-29 10:28:00,12/29/2011 10:28,STTD,2012,A,FALSE,CLD,NA,NA,6.7,0.3,404,NA,7.97,11.23,NA,10,Low,978438,983500,5062,5062,33.303478,33.303478,1,Low Speed Flow Meter  Motor Used,NA,Terrestrial Insects,66,Order,Hymenoptera,Hymenoptera,Adults,45,1.351,1.351,NA,NA,NA,NA,NA,NA,NA,NA,NA,NA,NA   NA   NA   NA,NA   NA   NA   NA
STTD_2011-12-29 10:28:00,12/29/2011 10:28,STTD,2012,A,FALSE,CLD,NA,NA,6.7,0.3,404,NA,7.97,11.23,NA,10,Low,978438,983500,5062,5062,33.303478,33.303478,1,Low Speed Flow Meter  Motor Used,NA,Terrestrial Insects,67,Order,Psocoptera,Psocoptera,Adults,13,0.39,0.39,NA,NA,NA,NA,NA,NA,NA,NA,NA,NA,NA   NA   NA   NA,NA   NA   NA   NA
STTD_2011-12-29 10:28:00,12/29/2011 10:28,STTD,2012,A,FALSE,CLD,NA,NA,6.7,0.3,404,NA,7.97,11.23,NA,10,Low,978438,983500,5062,5062,33.303478,33.303478,1,Low Speed Flow Meter  Motor Used,NA,Terrestrial Insects,85,Order,Thysanoptera,Thysanoptera,Adults,1,0.03,0.03,NA,NA,NA,NA,NA,NA,NA,NA,NA,NA,NA   NA   NA   NA,NA   NA   NA   NA
STTD_2011-12-29 10:28:00,12/29/2011 10:28,STTD,2012,A,FALSE,CLD,NA,NA,6.7,0.3,404,NA,7.97,11.23,NA,10,Low,978438,983500,5062,5062,33.303478,33.303478,1,Low Speed Flow Meter  Motor Used,NA,Terrestrial Non-Insects,58,Suborder,Araneida,Araneida,NotDetermined,4,0.12,0.12,NA,NA,NA,NA,NA,NA,NA,NA,NA,NA,NA   NA   NA   NA,NA   NA   NA   NA
SHR_2012-01-11 08:20:00,1/11/2012 8:20,SHR,2012,A,FALSE,CLR,NA,NA,8.6,0.56,132,NA,8.25,11.5,NA,10,Low,977998,979000,1002,1002,6.592272808,6.592272808,1,Low Speed Flow Meter,NA,Aquatic Non-Insects,18,Family,Hydridae,Hydridae,NotDetermined,2,0.303,0.303,NA,NA,NA,NA,NA,NA,2,FM,NA,NA,NA   NA   2   NA,NA   NA   FM   NA
STTD_2012-01-11 10:15:00,1/11/2012 10:15,STTD,2012,A,FALSE,CLR,NA,NA,8.3,0.22,424,NA,8.03,9.48,NA,10,Low,973214,977800,4586,4586,30.17181946,30.17181946,1,Low Speed Flow Meter (StartMeter - EndMeter),NA,Aquatic Insects,34,Family,Chironomidae,Chironomidae,Larvae,1,0.033,0.033,NA,NA,NA,NA,NA,NA,NA,NA,NA,NA,NA   NA   NA   NA,NA   NA   NA   NA
STTD_2012-01-11 10:15:00,1/11/2012 10:15,STTD,2012,A,FALSE,CLR,NA,NA,8.3,0.22,424,NA,8.03,9.48,NA,10,Low,973214,977800,4586,4586,30.17181946,30.17181946,1,Low Speed Flow Meter (StartMeter - EndMeter),NA,Aquatic Insects,34,Family,Chironomidae,Chironomidae,Pupae,1,0.033,0.033,NA,NA,NA,NA,NA,NA,NA,NA,NA,NA,NA   NA   NA   NA,NA   NA   NA   NA
STTD_2012-01-11 10:15:00,1/11/2012 10:15,STTD,2012,A,FALSE,CLR,NA,NA,8.3,0.22,424,NA,8.03,9.48,NA,10,Low,973214,977800,4586,4586,30.17181946,30.17181946,1,Low Speed Flow Meter (StartMeter - EndMeter),NA,Aquatic Non-Insects,9,Family,Corophiidae,Corophiidae,NotDetermined,1,0.033,0.033,NA,NA,NA,NA,NA,NA,NA,NA,NA,NA,NA   NA   NA   NA,NA   NA   NA   NA
STTD_2012-01-11 10:15:00,1/11/2012 10:15,STTD,2012,A,FALSE,CLR,NA,NA,8.3,0.22,424,NA,8.03,9.48,NA,10,Low,973214,977800,4586,4586,30.17181946,30.17181946,1,Low Speed Flow Meter (StartMeter - EndMeter),NA,Terrestrial Insects,71,Order,Hemiptera,Hemiptera,Adults,16,0.53,0.53,NA,NA,NA,NA,NA,NA,NA,NA,NA,NA,NA   NA   NA   NA,NA   NA   NA   NA
STTD_2012-01-11 10:15:00,1/11/2012 10:15,STTD,2012,A,FALSE,CLR,NA,NA,8.3,0.22,424,NA,8.03,9.48,NA,10,Low,973214,977800,4586,4586,30.17181946,30.17181946,1,Low Speed Flow Meter (StartMeter - EndMeter),NA,Terrestrial Insects,63,Order,Coleoptera,Coleoptera,Adults,22,0.729,0.729,NA,NA,NA,NA,NA,NA,NA,NA,NA,NA,NA   NA   NA   NA,NA   NA   NA   NA
STTD_2012-01-11 10:15:00,1/11/2012 10:15,STTD,2012,A,FALSE,CLR,NA,NA,8.3,0.22,424,NA,8.03,9.48,NA,10,Low,973214,977800,4586,4586,30.17181946,30.17181946,1,Low Speed Flow Meter (StartMeter - EndMeter),NA,Terrestrial Insects,64,Order,Diptera,Diptera,Adults,64,2.121,2.121,NA,NA,NA,NA,NA,NA,NA,NA,NA,NA,NA   NA   NA   NA,NA   NA   NA   NA
STTD_2012-01-11 10:15:00,1/11/2012 10:15,STTD,2012,A,FALSE,CLR,NA,NA,8.3,0.22,424,NA,8.03,9.48,NA,10,Low,973214,977800,4586,4586,30.17181946,30.17181946,1,Low Speed Flow Meter (StartMeter - EndMeter),NA,Terrestrial Non-Insects,68,Order,Collembola,Collembola,NotDetermined,105,3.48,3.48,NA,NA,NA,NA,NA,NA,NA,NA,NA,NA,NA   NA   NA   NA,NA   NA   NA   NA
STTD_2012-01-11 10:15:00,1/11/2012 10:15,STTD,2012,A,FALSE,CLR,NA,NA,8.3,0.22,424,NA,8.03,9.48,NA,10,Low,973214,977800,4586,4586,30.17181946,30.17181946,1,Low Speed Flow Meter (StartMeter - EndMeter),NA,Terrestrial Insects,66,Order,Hymenoptera,Hymenoptera,Adults,10,0.331,0.331,NA,NA,NA,NA,NA,NA,NA,NA,NA,NA,NA   NA   NA   NA,NA   NA   NA   NA
STTD_2012-01-11 10:15:00,1/11/2012 10:15,STTD,2012,A,FALSE,CLR,NA,NA,8.3,0.22,424,NA,8.03,9.48,NA,10,Low,973214,977800,4586,4586,30.17181946,30.17181946,1,Low Speed Flow Meter (StartMeter - EndMeter),NA,Terrestrial Insects,67,Order,Psocoptera,Psocoptera,Adults,3,0.099,0.099,NA,NA,NA,NA,NA,NA,NA,NA,NA,NA,NA   NA   NA   NA,NA   NA   NA   NA
STTD_2012-01-11 10:15:00,1/11/2012 10:15,STTD,2012,A,FALSE,CLR,NA,NA,8.3,0.22,424,NA,8.03,9.48,NA,10,Low,973214,977800,4586,4586,30.17181946,30.17181946,1,Low Speed Flow Meter (StartMeter - EndMeter),NA,Terrestrial Insects,85,Order,Thysanoptera,Thysanoptera,Adults,1,0.033,0.033,NA,NA,NA,NA,NA,NA,NA,NA,NA,NA,NA   NA   NA   NA,NA   NA   NA   NA
STTD_2012-01-11 10:15:00,1/11/2012 10:15,STTD,2012,A,FALSE,CLR,NA,NA,8.3,0.22,424,NA,8.03,9.48,NA,10,Low,973214,977800,4586,4586,30.17181946,30.17181946,1,Low Speed Flow Meter (StartMeter - EndMeter),NA,Terrestrial Non-Insects,58,Suborder,Araneida,Araneida,NotDetermined,3,0.099,0.099,NA,NA,NA,NA,NA,NA,NA,NA,NA,NA,NA   NA   NA   NA,NA   NA   NA   NA
SHR_2012-01-24 08:36:00,1/24/2012 8:36,SHR,2012,A,FALSE,FOG,NA,NA,8.5,0.17,112,NA,8.19,10.82,NA,10,Low,870285,973000,102715,4688,675.773754,30.84288915,1,NA,NA,Aquatic Insects,88,Family,Hydroptilidae,Hydroptilidae,Larvae,1,0.001,0.032,NA,NA,NA,NA,NA,NA,3,FM,NA,NA,NA   NA   3   NA,NA   NA   FM   NA
SHR_2012-01-24 08:36:00,1/24/2012 8:36,SHR,2012,A,FALSE,FOG,NA,NA,8.5,0.17,112,NA,8.19,10.82,NA,10,Low,870285,973000,102715,4688,675.773754,30.84288915,1,NA,NA,Aquatic Insects,34,Family,Chironomidae,Chironomidae,Larvae,5,0.007,0.162,NA,NA,NA,NA,NA,NA,3,FM,NA,NA,NA   NA   3   NA,NA   NA   FM   NA
SHR_2012-01-24 08:36:00,1/24/2012 8:36,SHR,2012,A,FALSE,FOG,NA,NA,8.5,0.17,112,NA,8.19,10.82,NA,10,Low,870285,973000,102715,4688,675.773754,30.84288915,1,NA,NA,Aquatic Non-Insects,18,Family,Hydridae,Hydridae,NotDetermined,11,0.016,0.357,NA,NA,NA,NA,NA,NA,3,FM,NA,NA,NA   NA   3   NA,NA   NA   FM   NA
STTD_2012-01-24 10:55:00,1/24/2012 10:55,STTD,2012,A,FALSE,CLD,NA,NA,8.4,0.21,415,NA,8.05,10.01,NA,10,Low,964324,970300,5976,5976,39.31678872,39.31678872,1,NA,NA,Aquatic Insects,46,Family,Coenagrionidae,Coenagrionidae,Larvae,3,0.076,0.076,NA,NA,NA,NA,NA,NA,NA,NA,NA,NA,NA   NA   NA   NA,NA   NA   NA   NA
STTD_2012-01-24 10:55:00,1/24/2012 10:55,STTD,2012,A,FALSE,CLD,NA,NA,8.4,0.21,415,NA,8.05,10.01,NA,10,Low,964324,970300,5976,5976,39.31678872,39.31678872,1,NA,NA,Aquatic Insects,34,Family,Chironomidae,Chironomidae,Pupae,3,0.076,0.076,NA,NA,NA,NA,NA,NA,NA,NA,NA,NA,NA   NA   NA   NA,NA   NA   NA   NA
STTD_2012-01-24 10:55:00,1/24/2012 10:55,STTD,2012,A,FALSE,CLD,NA,NA,8.4,0.21,415,NA,8.05,10.01,NA,10,Low,964324,970300,5976,5976,39.31678872,39.31678872,1,NA,NA,Aquatic Non-Insects,20,Family,Physidae,Physidae,NotDetermined,2,0.051,0.051,NA,NA,NA,NA,NA,NA,NA,NA,NA,NA,NA   NA   NA   NA,NA   NA   NA   NA
STTD_2012-01-24 10:55:00,1/24/2012 10:55,STTD,2012,A,FALSE,CLD,NA,NA,8.4,0.21,415,NA,8.05,10.01,NA,10,Low,964324,970300,5976,5976,39.31678872,39.31678872,1,NA,NA,Terrestrial Insects,71,Order,Hemiptera,Hemiptera,Adults,1,0.025,0.025,NA,NA,NA,NA,NA,NA,NA,NA,NA,NA,NA   NA   NA   NA,NA   NA   NA   NA
STTD_2012-01-24 10:55:00,1/24/2012 10:55,STTD,2012,A,FALSE,CLD,NA,NA,8.4,0.21,415,NA,8.05,10.01,NA,10,Low,964324,970300,5976,5976,39.31678872,39.31678872,1,NA,NA,Terrestrial Insects,64,Order,Diptera,Diptera,Adults,2,0.051,0.051,NA,NA,NA,NA,NA,NA,NA,NA,NA,NA,NA   NA   NA   NA,NA   NA   NA   NA
STTD_2012-01-24 10:55:00,1/24/2012 10:55,STTD,2012,A,FALSE,CLD,NA,NA,8.4,0.21,415,NA,8.05,10.01,NA,10,Low,964324,970300,5976,5976,39.31678872,39.31678872,1,NA,NA,Terrestrial Non-Insects,68,Order,Collembola,Collembola,NotDetermined,8,0.203,0.203,NA,NA,NA,NA,NA,NA,NA,NA,NA,NA,NA   NA   NA   NA,NA   NA   NA   NA
STTD_2012-02-08 08:40:00,2/8/2012 8:40,STTD,2012,A,FALSE,CLR,NA,NA,10.7,0.17,517,NA,8.15,8.94,NA,10,Regular,964500,965016,516,516,1.584938877,1.584938877,1,NA,NA,Aquatic Insects,46,Family,Coenagrionidae,Coenagrionidae,Larvae,1,0.631,0.631,NA,NA,NA,NA,NA,NA,2,FM,NA,NA,NA   NA   2   NA,NA   NA   FM   NA
STTD_2012-02-08 08:40:00,2/8/2012 8:40,STTD,2012,A,FALSE,CLR,NA,NA,10.7,0.17,517,NA,8.15,8.94,NA,10,Regular,964500,965016,516,516,1.584938877,1.584938877,1,NA,NA,Aquatic Non-Insects,20,Family,Physidae,Physidae,NotDetermined,1,0.631,0.631,NA,NA,NA,NA,NA,NA,2,FM,NA,NA,NA   NA   2   NA,NA   NA   FM   NA
STTD_2012-02-08 08:40:00,2/8/2012 8:40,STTD,2012,A,FALSE,CLR,NA,NA,10.7,0.17,517,NA,8.15,8.94,NA,10,Regular,964500,965016,516,516,1.584938877,1.584938877,1,NA,NA,Terrestrial Insects,64,Order,Diptera,Diptera,Adults,3,1.893,1.893,NA,NA,NA,NA,NA,NA,2,FM,NA,NA,NA   NA   2   NA,NA   NA   FM   NA
SHR_2012-02-08 10:52:00,2/8/2012 10:52,SHR,2012,A,FALSE,CLR,NA,NA,10.2,0.52,156,NA,8.2,11.25,NA,10,Low,962887,965000,2113,2113,13.90166911,13.90166911,1,NA,NA,Aquatic Insects,34,Family,Chironomidae,Chironomidae,Pupae,1,0.072,0.072,NA,NA,NA,NA,NA,NA,NA,NA,NA,NA,NA   NA   NA   NA,NA   NA   NA   NA
STTD_2012-02-23 09:03:00,2/23/2012 9:03,STTD,2012,A,FALSE,CLR,NA,NA,11.9,0.23,708,NA,8.23,8.95,51.5,10,Low,958189,962730,4541,4541,29.8757593,29.8757593,1,NA,NA,Aquatic Insects,44,Family,Corixidae,Corixidae,Adults,1,0.033,0.033,NA,NA,NA,NA,NA,NA,NA,NA,NA,NA,NA   NA   NA   NA,NA   NA   NA   NA
STTD_2012-02-23 09:03:00,2/23/2012 9:03,STTD,2012,A,FALSE,CLR,NA,NA,11.9,0.23,708,NA,8.23,8.95,51.5,10,Low,958189,962730,4541,4541,29.8757593,29.8757593,1,NA,NA,Aquatic Non-Insects,19,Family,Corbiculidae,Corbiculidae,NotDetermined,1,0.033,0.033,NA,NA,NA,NA,NA,NA,NA,NA,NA,NA,NA   NA   NA   NA,NA   NA   NA   NA
STTD_2012-02-23 09:03:00,2/23/2012 9:03,STTD,2012,A,FALSE,CLR,NA,NA,11.9,0.23,708,NA,8.23,8.95,51.5,10,Low,958189,962730,4541,4541,29.8757593,29.8757593,1,NA,NA,Terrestrial Insects,63,Order,Coleoptera,Coleoptera,Adults,1,0.033,0.033,NA,NA,NA,NA,NA,NA,NA,NA,NA,NA,NA   NA   NA   NA,NA   NA   NA   NA
STTD_2012-02-23 09:03:00,2/23/2012 9:03,STTD,2012,A,FALSE,CLR,NA,NA,11.9,0.23,708,NA,8.23,8.95,51.5,10,Low,958189,962730,4541,4541,29.8757593,29.8757593,1,NA,NA,Terrestrial Insects,66,Order,Hymenoptera,Hymenoptera,Adults,1,0.033,0.033,NA,NA,NA,NA,NA,NA,NA,NA,NA,NA,NA   NA   NA   NA,NA   NA   NA   NA
STTD_2012-02-23 09:03:00,2/23/2012 9:03,STTD,2012,A,FALSE,CLR,NA,NA,11.9,0.23,708,NA,8.23,8.95,51.5,10,Low,958189,962730,4541,4541,29.8757593,29.8757593,1,NA,NA,Terrestrial Insects,67,Order,Psocoptera,Psocoptera,Adults,1,0.033,0.033,NA,NA,NA,NA,NA,NA,NA,NA,NA,NA,NA   NA   NA   NA,NA   NA   NA   NA
STTD_2012-02-23 09:03:00,2/23/2012 9:03,STTD,2012,A,FALSE,CLR,NA,NA,11.9,0.23,708,NA,8.23,8.95,51.5,10,Low,958189,962730,4541,4541,29.8757593,29.8757593,1,NA,NA,Terrestrial Non-Insects,58,Suborder,Araneida,Araneida,NotDetermined,1,0.033,0.033,NA,NA,NA,NA,NA,NA,NA,NA,NA,NA,NA   NA   NA   NA,NA   NA   NA   NA
SHR_2012-02-23 11:20:00,2/23/2012 11:20,SHR,2012,A,FALSE,CLR,NA,NA,11.5,0.58,127,NA,8.35,11.46,17.5,10,Low,957107,958400,1293,1293,8.506795151,8.506795151,1,NA,NA,Aquatic Insects,34,Family,Chironomidae,Chironomidae,Pupae,1,0.118,0.118,NA,NA,NA,NA,NA,NA,NA,NA,NA,NA,NA   NA   NA   NA,NA   NA   NA   NA
SHR_2012-02-23 11:20:00,2/23/2012 11:20,SHR,2012,A,FALSE,CLR,NA,NA,11.5,0.58,127,NA,8.35,11.46,17.5,10,Low,957107,958400,1293,1293,8.506795151,8.506795151,1,NA,NA,Terrestrial Insects,64,Order,Diptera,Diptera,Adults,1,0.118,0.118,NA,NA,NA,NA,NA,NA,NA,NA,NA,NA,NA   NA   NA   NA,NA   NA   NA   NA
STTD_2012-03-07 08:58:00,3/7/2012 8:58,STTD,2012,A,FALSE,CLR,NA,NA,11.5,0.24,707,NA,8.31,9.86,56.3,10,Regular,956900,956998,98,8106,0.301015523,24.89828399,1,NA,NA,Aquatic Insects,44,Family,Corixidae,Corixidae,Larvae,2,6.644,0.08,NA,NA,NA,NA,NA,NA,3,FM,NA,NA,NA   NA   3   NA,NA   NA   FM   NA
STTD_2012-03-07 08:58:00,3/7/2012 8:58,STTD,2012,A,FALSE,CLR,NA,NA,11.5,0.24,707,NA,8.31,9.86,56.3,10,Regular,956900,956998,98,8106,0.301015523,24.89828399,1,NA,NA,Aquatic Insects,45,Family,Notonectidae,Notonectidae,Adults,1,3.322,0.04,NA,NA,NA,NA,NA,NA,3,FM,NA,NA,NA   NA   3   NA,NA   NA   FM   NA
STTD_2012-03-07 08:58:00,3/7/2012 8:58,STTD,2012,A,FALSE,CLR,NA,NA,11.5,0.24,707,NA,8.31,9.86,56.3,10,Regular,956900,956998,98,8106,0.301015523,24.89828399,1,NA,NA,Aquatic Non-Insects,123,Family,Pionidae,Pionidae,NotDetermined,1,3.322,0.04,NA,NA,NA,NA,NA,NA,3,FM,NA,NA,NA   NA   3   NA,NA   NA   FM   NA
STTD_2012-03-07 08:58:00,3/7/2012 8:58,STTD,2012,A,FALSE,CLR,NA,NA,11.5,0.24,707,NA,8.31,9.86,56.3,10,Regular,956900,956998,98,8106,0.301015523,24.89828399,1,NA,NA,Aquatic Non-Insects,18,Family,Hydridae,Hydridae,NotDetermined,1,3.322,0.04,NA,NA,NA,NA,NA,NA,3,FM,NA,NA,NA   NA   3   NA,NA   NA   FM   NA
STTD_2012-03-07 08:58:00,3/7/2012 8:58,STTD,2012,A,FALSE,CLR,NA,NA,11.5,0.24,707,NA,8.31,9.86,56.3,10,Regular,956900,956998,98,8106,0.301015523,24.89828399,1,NA,NA,Terrestrial Insects,71,Order,Hemiptera,Hemiptera,Adults,1,3.322,0.04,NA,NA,NA,NA,NA,NA,3,FM,NA,NA,NA   NA   3   NA,NA   NA   FM   NA
SHR_2012-03-07 10:42:00,3/7/2012 10:42,SHR,2012,A,FALSE,CLR,NA,NA,11.6,0.68,174,NA,8.38,10.72,13.1,10,Low,955705,957090,1385,1385,9.112073692,9.112073692,1,NA,NA,Aquatic Insects,34,Family,Chironomidae,Chironomidae,Larvae,1,0.11,0.11,NA,NA,NA,NA,NA,NA,NA,NA,NA,NA,NA   NA   NA   NA,NA   NA   NA   NA
SHR_2012-03-07 10:42:00,3/7/2012 10:42,SHR,2012,A,FALSE,CLR,NA,NA,11.6,0.68,174,NA,8.38,10.72,13.1,10,Low,955705,957090,1385,1385,9.112073692,9.112073692,1,NA,NA,Aquatic Insects,34,Family,Chironomidae,Chironomidae,Pupae,1,0.11,0.11,NA,NA,NA,NA,NA,NA,NA,NA,NA,NA,NA   NA   NA   NA,NA   NA   NA   NA
SHR_2012-03-07 10:42:00,3/7/2012 10:42,SHR,2012,A,FALSE,CLR,NA,NA,11.6,0.68,174,NA,8.38,10.72,13.1,10,Low,955705,957090,1385,1385,9.112073692,9.112073692,1,NA,NA,Aquatic Non-Insects,133,Order,Amphipoda,Amphipod,NotDetermined,1,0.11,0.11,NA,NA,NA,NA,NA,NA,NA,NA,NA,NA,NA   NA   NA   NA,NA   NA   NA   NA
SHR_2012-03-07 10:42:00,3/7/2012 10:42,SHR,2012,A,FALSE,CLR,NA,NA,11.6,0.68,174,NA,8.38,10.72,13.1,10,Low,955705,957090,1385,1385,9.112073692,9.112073692,1,NA,NA,Aquatic Non-Insects,9,Family,Corophiidae,Corophiidae,NotDetermined,1,0.11,0.11,NA,NA,NA,NA,NA,NA,NA,NA,NA,NA,NA   NA   NA   NA,NA   NA   NA   NA
SHR_2012-03-07 10:42:00,3/7/2012 10:42,SHR,2012,A,FALSE,CLR,NA,NA,11.6,0.68,174,NA,8.38,10.72,13.1,10,Low,955705,957090,1385,1385,9.112073692,9.112073692,1,NA,NA,Aquatic Non-Insects,18,Family,Hydridae,Hydridae,NotDetermined,2,0.219,0.219,NA,NA,NA,NA,NA,NA,NA,NA,NA,NA,NA   NA   NA   NA,NA   NA   NA   NA
SHR_2012-03-22 07:54:00,3/22/2012 7:54,SHR,2012,A,FALSE,CLD,NA,NA,12.1,0.4,86,NA,7.85,10.45,37.4,10,Low,953317,955640,2323,2323,15.28328317,15.28328317,1,NA,NA,Aquatic Insects,102,Family,Gomphidae,Gomphidae,Larvae,1,0.065,0.065,NA,NA,NA,NA,NA,NA,NA,NA,NA,NA,NA   NA   NA   NA,NA   NA   NA   NA
SHR_2012-03-22 07:54:00,3/22/2012 7:54,SHR,2012,A,FALSE,CLD,NA,NA,12.1,0.4,86,NA,7.85,10.45,37.4,10,Low,953317,955640,2323,2323,15.28328317,15.28328317,1,NA,NA,Aquatic Insects,34,Family,Chironomidae,Chironomidae,Pupae,1,0.065,0.065,NA,NA,NA,NA,NA,NA,NA,NA,NA,NA,NA   NA   NA   NA,NA   NA   NA   NA
SHR_2012-03-22 07:54:00,3/22/2012 7:54,SHR,2012,A,FALSE,CLD,NA,NA,12.1,0.4,86,NA,7.85,10.45,37.4,10,Low,953317,955640,2323,2323,15.28328317,15.28328317,1,NA,NA,Aquatic Non-Insects,9,Family,Corophiidae,Corophiidae,NotDetermined,1,0.065,0.065,NA,NA,NA,NA,NA,NA,NA,NA,NA,NA,NA   NA   NA   NA,NA   NA   NA   NA
SHR_2012-03-22 07:54:00,3/22/2012 7:54,SHR,2012,A,FALSE,CLD,NA,NA,12.1,0.4,86,NA,7.85,10.45,37.4,10,Low,953317,955640,2323,2323,15.28328317,15.28328317,1,NA,NA,Terrestrial Insects,64,Order,Diptera,Diptera,Adults,1,0.065,0.065,NA,NA,NA,NA,NA,NA,NA,NA,NA,NA,NA   NA   NA   NA,NA   NA   NA   NA
STTD_2012-03-22 10:04:00,3/22/2012 10:04,STTD,2012,A,FALSE,CLD,NA,NA,14.3,0.25,616,NA,7.95,8.28,70.1,10,Low,948565,953300,4735,4735,31.15210753,31.15210753,1,NA,NA,Aquatic Insects,46,Family,Coenagrionidae,Coenagrionidae,Larvae,3,0.096,0.096,NA,NA,NA,NA,NA,NA,NA,NA,NA,NA,NA   NA   NA   NA,NA   NA   NA   NA
STTD_2012-03-22 10:04:00,3/22/2012 10:04,STTD,2012,A,FALSE,CLD,NA,NA,14.3,0.25,616,NA,7.95,8.28,70.1,10,Low,948565,953300,4735,4735,31.15210753,31.15210753,1,NA,NA,Aquatic Insects,44,Family,Corixidae,Corixidae,Larvae,1,0.032,0.032,NA,NA,NA,NA,NA,NA,NA,NA,NA,NA,NA   NA   NA   NA,NA   NA   NA   NA
STTD_2012-03-22 10:04:00,3/22/2012 10:04,STTD,2012,A,FALSE,CLD,NA,NA,14.3,0.25,616,NA,7.95,8.28,70.1,10,Low,948565,953300,4735,4735,31.15210753,31.15210753,1,NA,NA,Aquatic Insects,34,Family,Chironomidae,Chironomidae,Larvae,6,0.193,0.193,NA,NA,NA,NA,NA,NA,NA,NA,NA,NA,NA   NA   NA   NA,NA   NA   NA   NA
STTD_2012-03-22 10:04:00,3/22/2012 10:04,STTD,2012,A,FALSE,CLD,NA,NA,14.3,0.25,616,NA,7.95,8.28,70.1,10,Low,948565,953300,4735,4735,31.15210753,31.15210753,1,NA,NA,Aquatic Insects,34,Family,Chironomidae,Chironomidae,Pupae,3,0.096,0.096,NA,NA,NA,NA,NA,NA,NA,NA,NA,NA,NA   NA   NA   NA,NA   NA   NA   NA
STTD_2012-03-22 10:04:00,3/22/2012 10:04,STTD,2012,A,FALSE,CLD,NA,NA,14.3,0.25,616,NA,7.95,8.28,70.1,10,Low,948565,953300,4735,4735,31.15210753,31.15210753,1,NA,NA,Aquatic Non-Insects,11,Family,Gammaridae,Gammaridae,NotDetermined,1,0.032,0.032,NA,NA,NA,NA,NA,NA,NA,NA,NA,NA,NA   NA   NA   NA,NA   NA   NA   NA
STTD_2012-03-22 10:04:00,3/22/2012 10:04,STTD,2012,A,FALSE,CLD,NA,NA,14.3,0.25,616,NA,7.95,8.28,70.1,10,Low,948565,953300,4735,4735,31.15210753,31.15210753,1,NA,NA,Aquatic Non-Insects,15,Family,Hyalellidae,Hyalellidae,NotDetermined,1,0.032,0.032,NA,NA,NA,NA,NA,NA,NA,NA,NA,NA,NA   NA   NA   NA,NA   NA   NA   NA
STTD_2012-03-22 10:04:00,3/22/2012 10:04,STTD,2012,A,FALSE,CLD,NA,NA,14.3,0.25,616,NA,7.95,8.28,70.1,10,Low,948565,953300,4735,4735,31.15210753,31.15210753,1,NA,NA,Aquatic Non-Insects,104,Family,Palaemonidae,Palaemonidae,NotDetermined,1,0.032,0.032,NA,NA,NA,NA,NA,NA,NA,NA,NA,NA,NA   NA   NA   NA,NA   NA   NA   NA
STTD_2012-03-22 10:04:00,3/22/2012 10:04,STTD,2012,A,FALSE,CLD,NA,NA,14.3,0.25,616,NA,7.95,8.28,70.1,10,Low,948565,953300,4735,4735,31.15210753,31.15210753,1,NA,NA,Aquatic Non-Insects,125,Suborder,Oribatei,Oribatei,NotDetermined,1,0.032,0.032,NA,NA,NA,NA,NA,NA,NA,NA,NA,NA,NA   NA   NA   NA,NA   NA   NA   NA
STTD_2012-03-22 10:04:00,3/22/2012 10:04,STTD,2012,A,FALSE,CLD,NA,NA,14.3,0.25,616,NA,7.95,8.28,70.1,10,Low,948565,953300,4735,4735,31.15210753,31.15210753,1,NA,NA,Aquatic Non-Insects,94,Family,Unionicolidae,Unionicolidae,NotDetermined,1,0.032,0.032,NA,NA,NA,NA,NA,NA,NA,NA,NA,NA,NA   NA   NA   NA,NA   NA   NA   NA
STTD_2012-03-22 10:04:00,3/22/2012 10:04,STTD,2012,A,FALSE,CLD,NA,NA,14.3,0.25,616,NA,7.95,8.28,70.1,10,Low,948565,953300,4735,4735,31.15210753,31.15210753,1,NA,NA,Terrestrial Insects,71,Order,Hemiptera,Hemiptera,Adults,24,0.77,0.77,NA,NA,NA,NA,NA,NA,NA,NA,NA,NA,NA   NA   NA   NA,NA   NA   NA   NA
STTD_2012-03-22 10:04:00,3/22/2012 10:04,STTD,2012,A,FALSE,CLD,NA,NA,14.3,0.25,616,NA,7.95,8.28,70.1,10,Low,948565,953300,4735,4735,31.15210753,31.15210753,1,NA,NA,Terrestrial Insects,63,Order,Coleoptera,Coleoptera,Larvae,1,0.032,0.032,NA,NA,NA,NA,NA,NA,NA,NA,NA,NA,NA   NA   NA   NA,NA   NA   NA   NA
STTD_2012-03-22 10:04:00,3/22/2012 10:04,STTD,2012,A,FALSE,CLD,NA,NA,14.3,0.25,616,NA,7.95,8.28,70.1,10,Low,948565,953300,4735,4735,31.15210753,31.15210753,1,NA,NA,Terrestrial Insects,63,Order,Coleoptera,Coleoptera,Adults,7,0.225,0.225,NA,NA,NA,NA,NA,NA,NA,NA,NA,NA,NA   NA   NA   NA,NA   NA   NA   NA
STTD_2012-03-22 10:04:00,3/22/2012 10:04,STTD,2012,A,FALSE,CLD,NA,NA,14.3,0.25,616,NA,7.95,8.28,70.1,10,Low,948565,953300,4735,4735,31.15210753,31.15210753,1,NA,NA,Terrestrial Insects,64,Order,Diptera,Diptera,Adults,24,0.77,0.77,NA,NA,NA,NA,NA,NA,NA,NA,NA,NA,NA   NA   NA   NA,NA   NA   NA   NA
STTD_2012-03-22 10:04:00,3/22/2012 10:04,STTD,2012,A,FALSE,CLD,NA,NA,14.3,0.25,616,NA,7.95,8.28,70.1,10,Low,948565,953300,4735,4735,31.15210753,31.15210753,1,NA,NA,Terrestrial Insects,73,Order,Lepidoptera,Lepidoptera,Larvae,1,0.032,0.032,NA,NA,NA,NA,NA,NA,NA,NA,NA,NA,NA   NA   NA   NA,NA   NA   NA   NA
STTD_2012-03-22 10:04:00,3/22/2012 10:04,STTD,2012,A,FALSE,CLD,NA,NA,14.3,0.25,616,NA,7.95,8.28,70.1,10,Low,948565,953300,4735,4735,31.15210753,31.15210753,1,NA,NA,Terrestrial Non-Insects,68,Order,Collembola,Collembola,NotDetermined,14,0.449,0.449,NA,NA,NA,NA,NA,NA,NA,NA,NA,NA,NA   NA   NA   NA,NA   NA   NA   NA
STTD_2012-03-22 10:04:00,3/22/2012 10:04,STTD,2012,A,FALSE,CLD,NA,NA,14.3,0.25,616,NA,7.95,8.28,70.1,10,Low,948565,953300,4735,4735,31.15210753,31.15210753,1,NA,NA,Terrestrial Insects,66,Order,Hymenoptera,Hymenoptera,Adults,3,0.096,0.096,NA,NA,NA,NA,NA,NA,NA,NA,NA,NA,NA   NA   NA   NA,NA   NA   NA   NA
STTD_2012-03-22 10:04:00,3/22/2012 10:04,STTD,2012,A,FALSE,CLD,NA,NA,14.3,0.25,616,NA,7.95,8.28,70.1,10,Low,948565,953300,4735,4735,31.15210753,31.15210753,1,NA,NA,Terrestrial Non-Insects,58,Suborder,Araneida,Araneida,NotDetermined,6,0.193,0.193,NA,NA,NA,NA,NA,NA,NA,NA,NA,NA,NA   NA   NA   NA,NA   NA   NA   NA
STTD_2012-04-04 08:30:00,4/4/2012 8:30,STTD,2012,A,FALSE,CLR,NA,NA,15,0.17,618,NA,8.14,8.19,121,10,Low,941989,948500,6511,6511,42.83661502,42.83661502,1,NA,NA,Aquatic Insects,46,Family,Coenagrionidae,Coenagrionidae,Larvae,2,0.047,0.047,NA,NA,NA,NA,NA,NA,NA,NA,NA,NA,NA   NA   NA   NA,NA   NA   NA   NA
STTD_2012-04-04 08:30:00,4/4/2012 8:30,STTD,2012,A,FALSE,CLR,NA,NA,15,0.17,618,NA,8.14,8.19,121,10,Low,941989,948500,6511,6511,42.83661502,42.83661502,1,NA,NA,Aquatic Insects,44,Family,Corixidae,Corixidae,Larvae,13,0.303,0.303,NA,NA,NA,NA,NA,NA,NA,NA,NA,NA,NA   NA   NA   NA,NA   NA   NA   NA
STTD_2012-04-04 08:30:00,4/4/2012 8:30,STTD,2012,A,FALSE,CLR,NA,NA,15,0.17,618,NA,8.14,8.19,121,10,Low,941989,948500,6511,6511,42.83661502,42.83661502,1,NA,NA,Aquatic Insects,30,Family,Dytiscidae,Dytiscidae,Larvae,1,0.023,0.023,NA,NA,NA,NA,NA,NA,NA,NA,NA,NA,NA   NA   NA   NA,NA   NA   NA   NA
STTD_2012-04-04 08:30:00,4/4/2012 8:30,STTD,2012,A,FALSE,CLR,NA,NA,15,0.17,618,NA,8.14,8.19,121,10,Low,941989,948500,6511,6511,42.83661502,42.83661502,1,NA,NA,Aquatic Insects,34,Family,Chironomidae,Chironomidae,Pupae,3,0.07,0.07,NA,NA,NA,NA,NA,NA,NA,NA,NA,NA,NA   NA   NA   NA,NA   NA   NA   NA
STTD_2012-04-04 08:30:00,4/4/2012 8:30,STTD,2012,A,FALSE,CLR,NA,NA,15,0.17,618,NA,8.14,8.19,121,10,Low,941989,948500,6511,6511,42.83661502,42.83661502,1,NA,NA,Aquatic Insects,32,Family,Ceratopogonidae,Ceratopogonidae,Pupae,1,0.023,0.023,NA,NA,NA,NA,NA,NA,NA,NA,NA,NA,NA   NA   NA   NA,NA   NA   NA   NA
STTD_2012-04-04 08:30:00,4/4/2012 8:30,STTD,2012,A,FALSE,CLR,NA,NA,15,0.17,618,NA,8.14,8.19,121,10,Low,941989,948500,6511,6511,42.83661502,42.83661502,1,NA,NA,Aquatic Non-Insects,15,Family,Hyalellidae,Hyalellidae,NotDetermined,1,0.023,0.023,NA,NA,NA,NA,NA,NA,NA,NA,NA,NA,NA   NA   NA   NA,NA   NA   NA   NA
STTD_2012-04-04 08:30:00,4/4/2012 8:30,STTD,2012,A,FALSE,CLR,NA,NA,15,0.17,618,NA,8.14,8.19,121,10,Low,941989,948500,6511,6511,42.83661502,42.83661502,1,NA,NA,Aquatic Non-Insects,123,Family,Pionidae,Pionidae,NotDetermined,1,0.023,0.023,NA,NA,NA,NA,NA,NA,NA,NA,NA,NA,NA   NA   NA   NA,NA   NA   NA   NA
STTD_2012-04-04 08:30:00,4/4/2012 8:30,STTD,2012,A,FALSE,CLR,NA,NA,15,0.17,618,NA,8.14,8.19,121,10,Low,941989,948500,6511,6511,42.83661502,42.83661502,1,NA,NA,Aquatic Non-Insects,94,Family,Unionicolidae,Unionicolidae,NotDetermined,1,0.023,0.023,NA,NA,NA,NA,NA,NA,NA,NA,NA,NA,NA   NA   NA   NA,NA   NA   NA   NA
STTD_2012-04-04 08:30:00,4/4/2012 8:30,STTD,2012,A,FALSE,CLR,NA,NA,15,0.17,618,NA,8.14,8.19,121,10,Low,941989,948500,6511,6511,42.83661502,42.83661502,1,NA,NA,Terrestrial Insects,71,Order,Hemiptera,Hemiptera,Adults,4,0.093,0.093,NA,NA,NA,NA,NA,NA,NA,NA,NA,NA,NA   NA   NA   NA,NA   NA   NA   NA
STTD_2012-04-04 08:30:00,4/4/2012 8:30,STTD,2012,A,FALSE,CLR,NA,NA,15,0.17,618,NA,8.14,8.19,121,10,Low,941989,948500,6511,6511,42.83661502,42.83661502,1,NA,NA,Terrestrial Non-Insects,68,Order,Collembola,Collembola,NotDetermined,6,0.14,0.14,NA,NA,NA,NA,NA,NA,NA,NA,NA,NA,NA   NA   NA   NA,NA   NA   NA   NA
SHR_2012-04-04 10:25:00,4/4/2012 10:25,SHR,2012,A,FALSE,CLR,NA,NA,12.5,0.22,88,NA,8.29,10.85,59.3,10,Low,938618,941700,3082,3082,20.27683113,20.27683113,1,NA,NA,Aquatic Insects,34,Family,Chironomidae,Chironomidae,Larvae,2,0.099,0.099,NA,NA,NA,NA,NA,NA,NA,NA,NA,NA,NA   NA   NA   NA,NA   NA   NA   NA
SHR_2012-04-04 10:25:00,4/4/2012 10:25,SHR,2012,A,FALSE,CLR,NA,NA,12.5,0.22,88,NA,8.29,10.85,59.3,10,Low,938618,941700,3082,3082,20.27683113,20.27683113,1,NA,NA,Terrestrial Insects,64,Order,Diptera,Diptera,Adults,1,0.049,0.049,NA,NA,NA,NA,NA,NA,NA,NA,NA,NA,NA   NA   NA   NA,NA   NA   NA   NA
SHR_2012-04-16 08:00:00,4/16/2012 8:00,SHR,2012,A,FALSE,CLR,NA,NA,13.2,0.22,99,NA,7.74,10.19,60.1,10,Low,934665,938600,3935,3935,25.88881587,25.88881587,1,NA,NA,Aquatic Insects,34,Family,Chironomidae,Chironomidae,Larvae,2,0.077,0.077,NA,NA,NA,NA,NA,NA,NA,NA,NA,NA,NA   NA   NA   NA,NA   NA   NA   NA
SHR_2012-04-16 08:00:00,4/16/2012 8:00,SHR,2012,A,FALSE,CLR,NA,NA,13.2,0.22,99,NA,7.74,10.19,60.1,10,Low,934665,938600,3935,3935,25.88881587,25.88881587,1,NA,NA,Aquatic Non-Insects,28,Family,Lebertiidae,Lebertiidae,NotDetermined,1,0.039,0.039,NA,NA,NA,NA,NA,NA,NA,NA,NA,NA,NA   NA   NA   NA,NA   NA   NA   NA
SHR_2012-04-16 08:00:00,4/16/2012 8:00,SHR,2012,A,FALSE,CLR,NA,NA,13.2,0.22,99,NA,7.74,10.19,60.1,10,Low,934665,938600,3935,3935,25.88881587,25.88881587,1,NA,NA,Aquatic Non-Insects,120,Family,Lebertiidae,Lebertiidae,NotDetermined,1,0.039,0.039,NA,NA,NA,NA,NA,NA,NA,NA,NA,NA,NA   NA   NA   NA,NA   NA   NA   NA
SHR_2012-04-16 08:00:00,4/16/2012 8:00,SHR,2012,A,FALSE,CLR,NA,NA,13.2,0.22,99,NA,7.74,10.19,60.1,10,Low,934665,938600,3935,3935,25.88881587,25.88881587,1,NA,NA,Terrestrial Insects,64,Order,Diptera,Diptera,Adults,3,0.116,0.116,NA,NA,NA,NA,NA,NA,NA,NA,NA,NA,NA   NA   NA   NA,NA   NA   NA   NA
STTD_2012-04-16 10:00:00,4/16/2012 10:00,STTD,2012,A,FALSE,CLR,NA,NA,16.7,0.18,673,NA,8.06,8.17,83.6,10,Low,929313,935000,5687,5687,37.41542461,37.41542461,1,NA,NA,Aquatic Insects,46,Family,Coenagrionidae,Coenagrionidae,Larvae,2,0.053,0.053,NA,NA,NA,NA,NA,NA,NA,NA,NA,NA,NA   NA   NA   NA,NA   NA   NA   NA
STTD_2012-04-16 10:00:00,4/16/2012 10:00,STTD,2012,A,FALSE,CLR,NA,NA,16.7,0.18,673,NA,8.06,8.17,83.6,10,Low,929313,935000,5687,5687,37.41542461,37.41542461,1,NA,NA,Aquatic Insects,44,Family,Corixidae,Corixidae,Larvae,7,0.187,0.187,NA,NA,NA,NA,NA,NA,NA,NA,NA,NA,NA   NA   NA   NA,NA   NA   NA   NA
STTD_2012-04-16 10:00:00,4/16/2012 10:00,STTD,2012,A,FALSE,CLR,NA,NA,16.7,0.18,673,NA,8.06,8.17,83.6,10,Low,929313,935000,5687,5687,37.41542461,37.41542461,1,NA,NA,Aquatic Insects,30,Family,Dytiscidae,Dytiscidae,Adults,5,0.134,0.134,NA,NA,NA,NA,NA,NA,NA,NA,NA,NA,NA   NA   NA   NA,NA   NA   NA   NA
STTD_2012-04-16 10:00:00,4/16/2012 10:00,STTD,2012,A,FALSE,CLR,NA,NA,16.7,0.18,673,NA,8.06,8.17,83.6,10,Low,929313,935000,5687,5687,37.41542461,37.41542461,1,NA,NA,Aquatic Insects,34,Family,Chironomidae,Chironomidae,Larvae,1,0.027,0.027,NA,NA,NA,NA,NA,NA,NA,NA,NA,NA,NA   NA   NA   NA,NA   NA   NA   NA
STTD_2012-04-16 10:00:00,4/16/2012 10:00,STTD,2012,A,FALSE,CLR,NA,NA,16.7,0.18,673,NA,8.06,8.17,83.6,10,Low,929313,935000,5687,5687,37.41542461,37.41542461,1,NA,NA,Aquatic Insects,34,Family,Chironomidae,Chironomidae,Pupae,2,0.053,0.053,NA,NA,NA,NA,NA,NA,NA,NA,NA,NA,NA   NA   NA   NA,NA   NA   NA   NA
STTD_2012-04-16 10:00:00,4/16/2012 10:00,STTD,2012,A,FALSE,CLR,NA,NA,16.7,0.18,673,NA,8.06,8.17,83.6,10,Low,929313,935000,5687,5687,37.41542461,37.41542461,1,NA,NA,Aquatic Insects,32,Family,Ceratopogonidae,Ceratopogonidae,Pupae,1,0.027,0.027,NA,NA,NA,NA,NA,NA,NA,NA,NA,NA,NA   NA   NA   NA,NA   NA   NA   NA
STTD_2012-04-16 10:00:00,4/16/2012 10:00,STTD,2012,A,FALSE,CLR,NA,NA,16.7,0.18,673,NA,8.06,8.17,83.6,10,Low,929313,935000,5687,5687,37.41542461,37.41542461,1,NA,NA,Aquatic Non-Insects,20,Family,Physidae,Physidae,NotDetermined,1,0.027,0.027,NA,NA,NA,NA,NA,NA,NA,NA,NA,NA,NA   NA   NA   NA,NA   NA   NA   NA
STTD_2012-04-16 10:00:00,4/16/2012 10:00,STTD,2012,A,FALSE,CLR,NA,NA,16.7,0.18,673,NA,8.06,8.17,83.6,10,Low,929313,935000,5687,5687,37.41542461,37.41542461,1,NA,NA,Aquatic Non-Insects,9,Family,Corophiidae,Corophiidae,NotDetermined,1,0.027,0.027,NA,NA,NA,NA,NA,NA,NA,NA,NA,NA,NA   NA   NA   NA,NA   NA   NA   NA
STTD_2012-04-16 10:00:00,4/16/2012 10:00,STTD,2012,A,FALSE,CLR,NA,NA,16.7,0.18,673,NA,8.06,8.17,83.6,10,Low,929313,935000,5687,5687,37.41542461,37.41542461,1,NA,NA,Aquatic Non-Insects,15,Family,Hyalellidae,Hyalellidae,NotDetermined,3,0.08,0.08,NA,NA,NA,NA,NA,NA,NA,NA,NA,NA,NA   NA   NA   NA,NA   NA   NA   NA
STTD_2012-04-16 10:00:00,4/16/2012 10:00,STTD,2012,A,FALSE,CLR,NA,NA,16.7,0.18,673,NA,8.06,8.17,83.6,10,Low,929313,935000,5687,5687,37.41542461,37.41542461,1,NA,NA,Aquatic Non-Insects,123,Family,Pionidae,Pionidae,NotDetermined,2,0.053,0.053,NA,NA,NA,NA,NA,NA,NA,NA,NA,NA,NA   NA   NA   NA,NA   NA   NA   NA
STTD_2012-04-16 10:00:00,4/16/2012 10:00,STTD,2012,A,FALSE,CLR,NA,NA,16.7,0.18,673,NA,8.06,8.17,83.6,10,Low,929313,935000,5687,5687,37.41542461,37.41542461,1,NA,NA,Terrestrial Insects,71,Order,Hemiptera,Hemiptera,Adults,19,0.508,0.508,NA,NA,NA,NA,NA,NA,NA,NA,NA,NA,NA   NA   NA   NA,NA   NA   NA   NA
STTD_2012-04-16 10:00:00,4/16/2012 10:00,STTD,2012,A,FALSE,CLR,NA,NA,16.7,0.18,673,NA,8.06,8.17,83.6,10,Low,929313,935000,5687,5687,37.41542461,37.41542461,1,NA,NA,Terrestrial Insects,63,Order,Coleoptera,Coleoptera,Adults,6,0.16,0.16,NA,NA,NA,NA,NA,NA,NA,NA,NA,NA,NA   NA   NA   NA,NA   NA   NA   NA
STTD_2012-04-16 10:00:00,4/16/2012 10:00,STTD,2012,A,FALSE,CLR,NA,NA,16.7,0.18,673,NA,8.06,8.17,83.6,10,Low,929313,935000,5687,5687,37.41542461,37.41542461,1,NA,NA,Terrestrial Insects,64,Order,Diptera,Diptera,Adults,28,0.748,0.748,NA,NA,NA,NA,NA,NA,NA,NA,NA,NA,NA   NA   NA   NA,NA   NA   NA   NA
STTD_2012-04-16 10:00:00,4/16/2012 10:00,STTD,2012,A,FALSE,CLR,NA,NA,16.7,0.18,673,NA,8.06,8.17,83.6,10,Low,929313,935000,5687,5687,37.41542461,37.41542461,1,NA,NA,Terrestrial Non-Insects,68,Order,Collembola,Collembola,NotDetermined,27,0.722,0.722,NA,NA,NA,NA,NA,NA,NA,NA,NA,NA,NA   NA   NA   NA,NA   NA   NA   NA
STTD_2012-04-16 10:00:00,4/16/2012 10:00,STTD,2012,A,FALSE,CLR,NA,NA,16.7,0.18,673,NA,8.06,8.17,83.6,10,Low,929313,935000,5687,5687,37.41542461,37.41542461,1,NA,NA,Terrestrial Insects,66,Order,Hymenoptera,Hymenoptera,Adults,3,0.08,0.08,NA,NA,NA,NA,NA,NA,NA,NA,NA,NA,NA   NA   NA   NA,NA   NA   NA   NA
STTD_2012-04-16 10:00:00,4/16/2012 10:00,STTD,2012,A,FALSE,CLR,NA,NA,16.7,0.18,673,NA,8.06,8.17,83.6,10,Low,929313,935000,5687,5687,37.41542461,37.41542461,1,NA,NA,Terrestrial Non-Insects,58,Suborder,Araneida,Araneida,NotDetermined,1,0.027,0.027,NA,NA,NA,NA,NA,NA,NA,NA,NA,NA,NA   NA   NA   NA,NA   NA   NA   NA
SHR_2012-05-02 08:20:00,5/2/2012 8:20,SHR,2012,A,FALSE,CLR,NA,NA,15.8,0.81,87,NA,7.85,9.77,NA,10,Low,927615,930000,2385,2385,15.69118827,15.69118827,1,NA,NA,Aquatic Insects,44,Family,Corixidae,Corixidae,Adults,1,0.064,0.064,NA,NA,NA,NA,NA,NA,NA,NA,NA,NA,NA   NA   NA   NA,NA   NA   NA   NA
SHR_2012-05-02 08:20:00,5/2/2012 8:20,SHR,2012,A,FALSE,CLR,NA,NA,15.8,0.81,87,NA,7.85,9.77,NA,10,Low,927615,930000,2385,2385,15.69118827,15.69118827,1,NA,NA,Aquatic Insects,34,Family,Chironomidae,Chironomidae,Larvae,2,0.127,0.127,NA,NA,NA,NA,NA,NA,NA,NA,NA,NA,NA   NA   NA   NA,NA   NA   NA   NA
SHR_2012-05-02 08:20:00,5/2/2012 8:20,SHR,2012,A,FALSE,CLR,NA,NA,15.8,0.81,87,NA,7.85,9.77,NA,10,Low,927615,930000,2385,2385,15.69118827,15.69118827,1,NA,NA,Aquatic Insects,34,Family,Chironomidae,Chironomidae,Pupae,1,0.064,0.064,NA,NA,NA,NA,NA,NA,NA,NA,NA,NA,NA   NA   NA   NA,NA   NA   NA   NA
SHR_2012-05-02 08:20:00,5/2/2012 8:20,SHR,2012,A,FALSE,CLR,NA,NA,15.8,0.81,87,NA,7.85,9.77,NA,10,Low,927615,930000,2385,2385,15.69118827,15.69118827,1,NA,NA,Aquatic Non-Insects,4,Family,Naididae,Naididae,NotDetermined,1,0.064,0.064,NA,NA,NA,NA,NA,NA,NA,NA,NA,NA,NA   NA   NA   NA,NA   NA   NA   NA
SHR_2012-05-02 08:20:00,5/2/2012 8:20,SHR,2012,A,FALSE,CLR,NA,NA,15.8,0.81,87,NA,7.85,9.77,NA,10,Low,927615,930000,2385,2385,15.69118827,15.69118827,1,NA,NA,Aquatic Non-Insects,18,Family,Hydridae,Hydridae,NotDetermined,3,0.191,0.191,NA,NA,NA,NA,NA,NA,NA,NA,NA,NA,NA   NA   NA   NA,NA   NA   NA   NA
SHR_2012-05-02 08:20:00,5/2/2012 8:20,SHR,2012,A,FALSE,CLR,NA,NA,15.8,0.81,87,NA,7.85,9.77,NA,10,Low,927615,930000,2385,2385,15.69118827,15.69118827,1,NA,NA,Terrestrial Insects,85,Order,Thysanoptera,Thysanoptera,Adults,3,0.191,0.191,NA,NA,NA,NA,NA,NA,NA,NA,NA,NA,NA   NA   NA   NA,NA   NA   NA   NA
STTD_2012-05-02 10:00:00,5/2/2012 10:00,STTD,2012,A,FALSE,CLR,NA,NA,20.3,0.24,843,NA,8.07,6.91,80.1,10,Low,923737,927500,3763,3763,24.75720816,24.75720816,1,NA,NA,Aquatic Insects,34,Family,Chironomidae,Chironomidae,Pupae,1,0.04,0.04,NA,NA,NA,NA,NA,NA,NA,NA,NA,NA,NA   NA   NA   NA,NA   NA   NA   NA
STTD_2012-05-02 10:00:00,5/2/2012 10:00,STTD,2012,A,FALSE,CLR,NA,NA,20.3,0.24,843,NA,8.07,6.91,80.1,10,Low,923737,927500,3763,3763,24.75720816,24.75720816,1,NA,NA,Aquatic Non-Insects,9,Family,Corophiidae,Corophiidae,NotDetermined,1,0.04,0.04,NA,NA,NA,NA,NA,NA,NA,NA,NA,NA,NA   NA   NA   NA,NA   NA   NA   NA
SHR_2012-05-17 08:44:00,5/17/2012 8:44,SHR,2012,A,FALSE,CLD,NA,NA,18.9,1.05,102,NA,7.78,9.79,33.1,10,Low,922400,924000,1600,1600,10.52658333,10.52658333,1,NA,NA,Aquatic Insects,44,Family,Corixidae,Corixidae,Larvae,1,0.095,0.095,NA,NA,NA,NA,NA,NA,NA,NA,NA,NA,NA   NA   NA   NA,NA   NA   NA   NA
SHR_2012-05-17 08:44:00,5/17/2012 8:44,SHR,2012,A,FALSE,CLD,NA,NA,18.9,1.05,102,NA,7.78,9.79,33.1,10,Low,922400,924000,1600,1600,10.52658333,10.52658333,1,NA,NA,Aquatic Insects,30,Family,Dytiscidae,Dytiscidae,Adults,1,0.095,0.095,NA,NA,NA,NA,NA,NA,NA,NA,NA,NA,NA   NA   NA   NA,NA   NA   NA   NA
SHR_2012-05-17 08:44:00,5/17/2012 8:44,SHR,2012,A,FALSE,CLD,NA,NA,18.9,1.05,102,NA,7.78,9.79,33.1,10,Low,922400,924000,1600,1600,10.52658333,10.52658333,1,NA,NA,Aquatic Insects,34,Family,Chironomidae,Chironomidae,Larvae,7,0.665,0.665,NA,NA,NA,NA,NA,NA,NA,NA,NA,NA,NA   NA   NA   NA,NA   NA   NA   NA
SHR_2012-05-17 08:44:00,5/17/2012 8:44,SHR,2012,A,FALSE,CLD,NA,NA,18.9,1.05,102,NA,7.78,9.79,33.1,10,Low,922400,924000,1600,1600,10.52658333,10.52658333,1,NA,NA,Aquatic Insects,34,Family,Chironomidae,Chironomidae,Pupae,3,0.285,0.285,NA,NA,NA,NA,NA,NA,NA,NA,NA,NA,NA   NA   NA   NA,NA   NA   NA   NA
SHR_2012-05-17 08:44:00,5/17/2012 8:44,SHR,2012,A,FALSE,CLD,NA,NA,18.9,1.05,102,NA,7.78,9.79,33.1,10,Low,922400,924000,1600,1600,10.52658333,10.52658333,1,NA,NA,Aquatic Non-Insects,15,Family,Hyalellidae,Hyalellidae,NotDetermined,1,0.095,0.095,NA,NA,NA,NA,NA,NA,NA,NA,NA,NA,NA   NA   NA   NA,NA   NA   NA   NA
SHR_2012-05-17 08:44:00,5/17/2012 8:44,SHR,2012,A,FALSE,CLD,NA,NA,18.9,1.05,102,NA,7.78,9.79,33.1,10,Low,922400,924000,1600,1600,10.52658333,10.52658333,1,NA,NA,Aquatic Non-Insects,28,Family,Lebertiidae,Lebertiidae,NotDetermined,1,0.095,0.095,NA,NA,NA,NA,NA,NA,NA,NA,NA,NA,NA   NA   NA   NA,NA   NA   NA   NA
SHR_2012-05-17 08:44:00,5/17/2012 8:44,SHR,2012,A,FALSE,CLD,NA,NA,18.9,1.05,102,NA,7.78,9.79,33.1,10,Low,922400,924000,1600,1600,10.52658333,10.52658333,1,NA,NA,Aquatic Non-Insects,120,Family,Lebertiidae,Lebertiidae,NotDetermined,1,0.095,0.095,NA,NA,NA,NA,NA,NA,NA,NA,NA,NA,NA   NA   NA   NA,NA   NA   NA   NA
SHR_2012-05-17 08:44:00,5/17/2012 8:44,SHR,2012,A,FALSE,CLD,NA,NA,18.9,1.05,102,NA,7.78,9.79,33.1,10,Low,922400,924000,1600,1600,10.52658333,10.52658333,1,NA,NA,Terrestrial Insects,64,Order,Diptera,Diptera,Adults,5,0.475,0.475,NA,NA,NA,NA,NA,NA,NA,NA,NA,NA,NA   NA   NA   NA,NA   NA   NA   NA
STTD_2012-05-17 10:20:00,5/17/2012 10:20,STTD,2012,A,FALSE,CLD,NA,NA,20.5,0.19,634,NA,8.02,6.99,90.4,10,Low,919992,922000,2008,2008,13.21086207,13.21086207,1,NA,NA,Aquatic Insects,30,Family,Dytiscidae,Dytiscidae,Adults,1,0.076,0.076,NA,NA,NA,NA,NA,NA,NA,NA,NA,NA,NA   NA   NA   NA,NA   NA   NA   NA
STTD_2012-05-17 10:20:00,5/17/2012 10:20,STTD,2012,A,FALSE,CLD,NA,NA,20.5,0.19,634,NA,8.02,6.99,90.4,10,Low,919992,922000,2008,2008,13.21086207,13.21086207,1,NA,NA,Aquatic Non-Insects,13,Family,Mysidae,Mysidae,NotDetermined,1,0.076,0.076,NA,NA,NA,NA,NA,NA,NA,NA,NA,NA,NA   NA   NA   NA,NA   NA   NA   NA
STTD_2012-05-17 10:20:00,5/17/2012 10:20,STTD,2012,A,FALSE,CLD,NA,NA,20.5,0.19,634,NA,8.02,6.99,90.4,10,Low,919992,922000,2008,2008,13.21086207,13.21086207,1,NA,NA,Aquatic Non-Insects,94,Family,Unionicolidae,Unionicolidae,NotDetermined,1,0.076,0.076,NA,NA,NA,NA,NA,NA,NA,NA,NA,NA,NA   NA   NA   NA,NA   NA   NA   NA
STTD_2012-05-17 10:20:00,5/17/2012 10:20,STTD,2012,A,FALSE,CLD,NA,NA,20.5,0.19,634,NA,8.02,6.99,90.4,10,Low,919992,922000,2008,2008,13.21086207,13.21086207,1,NA,NA,Terrestrial Insects,64,Order,Diptera,Diptera,Adults,3,0.227,0.227,NA,NA,NA,NA,NA,NA,NA,NA,NA,NA,NA   NA   NA   NA,NA   NA   NA   NA
STTD_2012-05-17 10:20:00,5/17/2012 10:20,STTD,2012,A,FALSE,CLD,NA,NA,20.5,0.19,634,NA,8.02,6.99,90.4,10,Low,919992,922000,2008,2008,13.21086207,13.21086207,1,NA,NA,Terrestrial Insects,66,Order,Hymenoptera,Hymenoptera,Larvae,1,0.076,0.076,NA,NA,NA,NA,NA,NA,NA,NA,NA,NA,NA   NA   NA   NA,NA   NA   NA   NA
STTD_2012-05-17 10:20:00,5/17/2012 10:20,STTD,2012,A,FALSE,CLD,NA,NA,20.5,0.19,634,NA,8.02,6.99,90.4,10,Low,919992,922000,2008,2008,13.21086207,13.21086207,1,NA,NA,Terrestrial Non-Insects,58,Suborder,Araneida,Araneida,NotDetermined,1,0.076,0.076,NA,NA,NA,NA,NA,NA,NA,NA,NA,NA,NA   NA   NA   NA,NA   NA   NA   NA
SHR_2012-05-31 11:54:00,5/31/2012 11:54,SHR,2012,A,FALSE,CLR,NA,NA,20.2,0.87,142,NA,8.14,9.42,13.3,10,Low,914945,916000,1055,1055,6.940965881,6.940965881,1,NA,NA,Aquatic Insects,34,Family,Chironomidae,Chironomidae,Pupae,5,0.72,0.72,NA,NA,NA,NA,NA,NA,2,FM,NA,NA,NA   NA   2   NA,NA   NA   FM   NA
SHR_2012-05-31 11:54:00,5/31/2012 11:54,SHR,2012,A,FALSE,CLR,NA,NA,20.2,0.87,142,NA,8.14,9.42,13.3,10,Low,914945,916000,1055,1055,6.940965881,6.940965881,1,NA,NA,Aquatic Insects,32,Family,Ceratopogonidae,Ceratopogonidae,Pupae,4,0.576,0.576,NA,NA,NA,NA,NA,NA,2,FM,NA,NA,NA   NA   2   NA,NA   NA   FM   NA
SHR_2012-05-31 11:54:00,5/31/2012 11:54,SHR,2012,A,FALSE,CLR,NA,NA,20.2,0.87,142,NA,8.14,9.42,13.3,10,Low,914945,916000,1055,1055,6.940965881,6.940965881,1,NA,NA,Terrestrial Insects,63,Order,Coleoptera,Coleoptera,Adults,3,0.432,0.432,NA,NA,NA,NA,NA,NA,2,FM,NA,NA,NA   NA   2   NA,NA   NA   FM   NA
SHR_2012-05-31 11:54:00,5/31/2012 11:54,SHR,2012,A,FALSE,CLR,NA,NA,20.2,0.87,142,NA,8.14,9.42,13.3,10,Low,914945,916000,1055,1055,6.940965881,6.940965881,1,NA,NA,Terrestrial Insects,64,Order,Diptera,Diptera,Adults,2,0.288,0.288,NA,NA,NA,NA,NA,NA,2,FM,NA,NA,NA   NA   2   NA,NA   NA   FM   NA
SHR_2012-05-31 11:54:00,5/31/2012 11:54,SHR,2012,A,FALSE,CLR,NA,NA,20.2,0.87,142,NA,8.14,9.42,13.3,10,Low,914945,916000,1055,1055,6.940965881,6.940965881,1,NA,NA,Terrestrial Insects,66,Order,Hymenoptera,Hymenoptera,Adults,1,0.144,0.144,NA,NA,NA,NA,NA,NA,2,FM,NA,NA,NA   NA   2   NA,NA   NA   FM   NA
SHR_2012-05-31 11:54:00,5/31/2012 11:54,SHR,2012,A,FALSE,CLR,NA,NA,20.2,0.87,142,NA,8.14,9.42,13.3,10,Low,914945,916000,1055,1055,6.940965881,6.940965881,1,NA,NA,Terrestrial Insects,85,Order,Thysanoptera,Thysanoptera,Adults,1,0.144,0.144,NA,NA,NA,NA,NA,NA,2,FM,NA,NA,NA   NA   2   NA,NA   NA   FM   NA
SHR_2012-05-31 11:54:00,5/31/2012 11:54,SHR,2012,A,FALSE,CLR,NA,NA,20.2,0.87,142,NA,8.14,9.42,13.3,10,Low,914945,916000,1055,1055,6.940965881,6.940965881,1,NA,NA,Terrestrial Non-Insects,58,Suborder,Araneida,Araneida,NotDetermined,1,0.144,0.144,NA,NA,NA,NA,NA,NA,2,FM,NA,NA,NA   NA   2   NA,NA   NA   FM   NA
STTD_2012-06-13 08:07:00,6/13/2012 8:07,STTD,2012,A,FALSE,CLR,NA,NA,23,0.16,288,NA,7.66,7.35,154,10,Low,911795,915000,3205,3205,21.08606223,21.08606223,1,NA,NA,Aquatic Insects,44,Family,Corixidae,Corixidae,Larvae,4,0.19,0.19,NA,NA,NA,NA,NA,NA,NA,NA,NA,NA,NA   NA   NA   NA,NA   NA   NA   NA
STTD_2012-06-13 08:07:00,6/13/2012 8:07,STTD,2012,A,FALSE,CLR,NA,NA,23,0.16,288,NA,7.66,7.35,154,10,Low,911795,915000,3205,3205,21.08606223,21.08606223,1,NA,NA,Aquatic Non-Insects,94,Family,Unionicolidae,Unionicolidae,NotDetermined,1,0.047,0.047,NA,NA,NA,NA,NA,NA,NA,NA,NA,NA,NA   NA   NA   NA,NA   NA   NA   NA
STTD_2012-06-13 08:07:00,6/13/2012 8:07,STTD,2012,A,FALSE,CLR,NA,NA,23,0.16,288,NA,7.66,7.35,154,10,Low,911795,915000,3205,3205,21.08606223,21.08606223,1,NA,NA,Terrestrial Insects,63,Order,Coleoptera,Coleoptera,Adults,1,0.047,0.047,NA,NA,NA,NA,NA,NA,NA,NA,NA,NA,NA   NA   NA   NA,NA   NA   NA   NA
STTD_2012-06-13 08:07:00,6/13/2012 8:07,STTD,2012,A,FALSE,CLR,NA,NA,23,0.16,288,NA,7.66,7.35,154,10,Low,911795,915000,3205,3205,21.08606223,21.08606223,1,NA,NA,Terrestrial Insects,66,Order,Hymenoptera,Hymenoptera,Adults,1,0.047,0.047,NA,NA,NA,NA,NA,NA,NA,NA,NA,NA,NA   NA   NA   NA,NA   NA   NA   NA
STTD_2012-06-13 08:07:00,6/13/2012 8:07,STTD,2012,A,FALSE,CLR,NA,NA,23,0.16,288,NA,7.66,7.35,154,10,Low,911795,915000,3205,3205,21.08606223,21.08606223,1,NA,NA,Terrestrial Non-Insects,58,Suborder,Araneida,Araneida,NotDetermined,7,0.332,0.332,NA,NA,NA,NA,NA,NA,NA,NA,NA,NA,NA   NA   NA   NA,NA   NA   NA   NA
SHR_2012-06-13 10:25:00,6/13/2012 10:25,SHR,2012,A,FALSE,CLR,NA,NA,20.4,0.85,114,NA,7.85,9.23,18.6,10,Low,909980,911000,1020,1020,6.710696871,6.710696871,1,NA,NA,Aquatic Insects,34,Family,Chironomidae,Chironomidae,Larvae,3,0.447,0.447,NA,NA,NA,NA,NA,NA,2,FM,NA,NA,NA   NA   2   NA,NA   NA   FM   NA
SHR_2012-06-13 10:25:00,6/13/2012 10:25,SHR,2012,A,FALSE,CLR,NA,NA,20.4,0.85,114,NA,7.85,9.23,18.6,10,Low,909980,911000,1020,1020,6.710696871,6.710696871,1,NA,NA,Aquatic Insects,34,Family,Chironomidae,Chironomidae,Pupae,3,0.447,0.447,NA,NA,NA,NA,NA,NA,2,FM,NA,NA,NA   NA   2   NA,NA   NA   FM   NA
SHR_2012-06-13 10:25:00,6/13/2012 10:25,SHR,2012,A,FALSE,CLR,NA,NA,20.4,0.85,114,NA,7.85,9.23,18.6,10,Low,909980,911000,1020,1020,6.710696871,6.710696871,1,NA,NA,Terrestrial Insects,71,Order,Hemiptera,Hemiptera,Adults,1,0.149,0.149,NA,NA,NA,NA,NA,NA,2,FM,NA,NA,NA   NA   2   NA,NA   NA   FM   NA
SHR_2012-06-13 10:25:00,6/13/2012 10:25,SHR,2012,A,FALSE,CLR,NA,NA,20.4,0.85,114,NA,7.85,9.23,18.6,10,Low,909980,911000,1020,1020,6.710696871,6.710696871,1,NA,NA,Terrestrial Insects,64,Order,Diptera,Diptera,Adults,1,0.149,0.149,NA,NA,NA,NA,NA,NA,2,FM,NA,NA,NA   NA   2   NA,NA   NA   FM   NA
SHR_2012-06-13 10:25:00,6/13/2012 10:25,SHR,2012,A,FALSE,CLR,NA,NA,20.4,0.85,114,NA,7.85,9.23,18.6,10,Low,909980,911000,1020,1020,6.710696871,6.710696871,1,NA,NA,Terrestrial Insects,66,Order,Hymenoptera,Hymenoptera,Adults,3,0.447,0.447,NA,NA,NA,NA,NA,NA,2,FM,NA,NA,NA   NA   2   NA,NA   NA   FM   NA
SHR_2012-06-13 10:25:00,6/13/2012 10:25,SHR,2012,A,FALSE,CLR,NA,NA,20.4,0.85,114,NA,7.85,9.23,18.6,10,Low,909980,911000,1020,1020,6.710696871,6.710696871,1,NA,NA,Terrestrial Insects,85,Order,Thysanoptera,Thysanoptera,Adults,1,0.149,0.149,NA,NA,NA,NA,NA,NA,2,FM,NA,NA,NA   NA   2   NA,NA   NA   FM   NA
SHR_2012-06-25 08:34:00,6/25/2012 8:34,SHR,2012,A,FALSE,CLR,NA,NA,18.3,0.84,103,NA,7.3,10.42,36.5,10,Low,908442,910000,1558,1558,10.25026051,10.25026051,1,NA,NA,Aquatic Insects,34,Family,Chironomidae,Chironomidae,Larvae,2,0.195,0.195,NA,NA,NA,NA,NA,NA,NA,NA,NA,NA,NA   NA   NA   NA,NA   NA   NA   NA
SHR_2012-06-25 08:34:00,6/25/2012 8:34,SHR,2012,A,FALSE,CLR,NA,NA,18.3,0.84,103,NA,7.3,10.42,36.5,10,Low,908442,910000,1558,1558,10.25026051,10.25026051,1,NA,NA,Aquatic Insects,34,Family,Chironomidae,Chironomidae,Pupae,2,0.195,0.195,NA,NA,NA,NA,NA,NA,NA,NA,NA,NA,NA   NA   NA   NA,NA   NA   NA   NA
SHR_2012-06-25 08:34:00,6/25/2012 8:34,SHR,2012,A,FALSE,CLR,NA,NA,18.3,0.84,103,NA,7.3,10.42,36.5,10,Low,908442,910000,1558,1558,10.25026051,10.25026051,1,NA,NA,Aquatic Non-Insects,19,Family,Corbiculidae,Corbiculidae,NotDetermined,3,0.293,0.293,NA,NA,NA,NA,NA,NA,NA,NA,NA,NA,NA   NA   NA   NA,NA   NA   NA   NA
SHR_2012-06-25 08:34:00,6/25/2012 8:34,SHR,2012,A,FALSE,CLR,NA,NA,18.3,0.84,103,NA,7.3,10.42,36.5,10,Low,908442,910000,1558,1558,10.25026051,10.25026051,1,NA,NA,Aquatic Non-Insects,9,Family,Corophiidae,Corophiidae,NotDetermined,1,0.098,0.098,NA,NA,NA,NA,NA,NA,NA,NA,NA,NA,NA   NA   NA   NA,NA   NA   NA   NA
SHR_2012-06-25 08:34:00,6/25/2012 8:34,SHR,2012,A,FALSE,CLR,NA,NA,18.3,0.84,103,NA,7.3,10.42,36.5,10,Low,908442,910000,1558,1558,10.25026051,10.25026051,1,NA,NA,Aquatic Non-Insects,18,Family,Hydridae,Hydridae,NotDetermined,1,0.098,0.098,NA,NA,NA,NA,NA,NA,NA,NA,NA,NA,NA   NA   NA   NA,NA   NA   NA   NA
SHR_2012-06-25 08:34:00,6/25/2012 8:34,SHR,2012,A,FALSE,CLR,NA,NA,18.3,0.84,103,NA,7.3,10.42,36.5,10,Low,908442,910000,1558,1558,10.25026051,10.25026051,1,NA,NA,Terrestrial Insects,64,Order,Diptera,Diptera,Adults,1,0.098,0.098,NA,NA,NA,NA,NA,NA,NA,NA,NA,NA,NA   NA   NA   NA,NA   NA   NA   NA
STTD_2012-06-25 10:43:00,6/25/2012 10:43,STTD,2012,A,FALSE,CLR,NA,NA,20.3,0.14,217,NA,7.89,9.01,NA,10,Low,907991,908400,409,409,2.690857863,2.690857863,1,NA,NA,Aquatic Insects,44,Family,Corixidae,Corixidae,Larvae,1,0.372,0.372,NA,NA,NA,NA,NA,NA,2,FM,NA,NA,NA   NA   2   NA,NA   NA   FM   NA
STTD_2012-06-25 10:43:00,6/25/2012 10:43,STTD,2012,A,FALSE,CLR,NA,NA,20.3,0.14,217,NA,7.89,9.01,NA,10,Low,907991,908400,409,409,2.690857863,2.690857863,1,NA,NA,Aquatic Insects,30,Family,Dytiscidae,Dytiscidae,Adults,1,0.372,0.372,NA,NA,NA,NA,NA,NA,2,FM,NA,NA,NA   NA   2   NA,NA   NA   FM   NA
STTD_2012-06-25 10:43:00,6/25/2012 10:43,STTD,2012,A,FALSE,CLR,NA,NA,20.3,0.14,217,NA,7.89,9.01,NA,10,Low,907991,908400,409,409,2.690857863,2.690857863,1,NA,NA,Terrestrial Insects,71,Order,Hemiptera,Hemiptera,Adults,1,0.372,0.372,NA,NA,NA,NA,NA,NA,2,FM,NA,NA,NA   NA   2   NA,NA   NA   FM   NA
SHR_2012-07-10 07:50:00,7/10/2012 7:50,SHR,2012,A,FALSE,CLR,NA,NA,21.1,0.91,102,NA,7.03,9.45,9.58,10,Low,905366,907900,2534,2534,16.67147634,16.67147634,1,NA,NA,Aquatic Insects,34,Family,Chironomidae,Chironomidae,Larvae,1,0.06,0.06,NA,NA,NA,NA,NA,NA,NA,NA,NA,NA,NA   NA   NA   NA,NA   NA   NA   NA
SHR_2012-07-10 07:50:00,7/10/2012 7:50,SHR,2012,A,FALSE,CLR,NA,NA,21.1,0.91,102,NA,7.03,9.45,9.58,10,Low,905366,907900,2534,2534,16.67147634,16.67147634,1,NA,NA,Aquatic Insects,34,Family,Chironomidae,Chironomidae,Pupae,3,0.18,0.18,NA,NA,NA,NA,NA,NA,NA,NA,NA,NA,NA   NA   NA   NA,NA   NA   NA   NA
SHR_2012-07-10 07:50:00,7/10/2012 7:50,SHR,2012,A,FALSE,CLR,NA,NA,21.1,0.91,102,NA,7.03,9.45,9.58,10,Low,905366,907900,2534,2534,16.67147634,16.67147634,1,NA,NA,Aquatic Non-Insects,134,Superfamily,Corbiculoidea,Corbiculoidea,NotDetermined,1,0.06,0.06,NA,NA,NA,NA,NA,NA,NA,NA,NA,NA,NA   NA   NA   NA,NA   NA   NA   NA
SHR_2012-07-10 07:50:00,7/10/2012 7:50,SHR,2012,A,FALSE,CLR,NA,NA,21.1,0.91,102,NA,7.03,9.45,9.58,10,Low,905366,907900,2534,2534,16.67147634,16.67147634,1,NA,NA,Aquatic Non-Insects,28,Family,Lebertiidae,Lebertiidae,NotDetermined,2,0.12,0.12,NA,NA,NA,NA,NA,NA,NA,NA,NA,NA,NA   NA   NA   NA,NA   NA   NA   NA
SHR_2012-07-10 07:50:00,7/10/2012 7:50,SHR,2012,A,FALSE,CLR,NA,NA,21.1,0.91,102,NA,7.03,9.45,9.58,10,Low,905366,907900,2534,2534,16.67147634,16.67147634,1,NA,NA,Aquatic Non-Insects,120,Family,Lebertiidae,Lebertiidae,NotDetermined,2,0.12,0.12,NA,NA,NA,NA,NA,NA,NA,NA,NA,NA,NA   NA   NA   NA,NA   NA   NA   NA
SHR_2012-07-10 07:50:00,7/10/2012 7:50,SHR,2012,A,FALSE,CLR,NA,NA,21.1,0.91,102,NA,7.03,9.45,9.58,10,Low,905366,907900,2534,2534,16.67147634,16.67147634,1,NA,NA,Terrestrial Insects,71,Order,Hemiptera,Hemiptera,Larvae,3,0.18,0.18,NA,NA,NA,NA,NA,NA,NA,NA,NA,NA,NA   NA   NA   NA,NA   NA   NA   NA
STTD_2012-07-10 10:00:00,7/10/2012 10:00,STTD,2012,A,FALSE,CLR,NA,NA,23.8,0.15,221,NA,7.8,7.71,162,10,Low,903646,905300,1654,1654,10.88185551,10.88185551,1,NA,NA,Aquatic Insects,30,Family,Dytiscidae,Dytiscidae,Adults,23,2.114,2.114,NA,NA,NA,NA,NA,NA,NA,NA,NA,NA,NA   NA   NA   NA,NA   NA   NA   NA
STTD_2012-07-10 10:00:00,7/10/2012 10:00,STTD,2012,A,FALSE,CLR,NA,NA,23.8,0.15,221,NA,7.8,7.71,162,10,Low,903646,905300,1654,1654,10.88185551,10.88185551,1,NA,NA,Aquatic Non-Insects,20,Family,Physidae,Physidae,NotDetermined,2,0.184,0.184,NA,NA,NA,NA,NA,NA,NA,NA,NA,NA,NA   NA   NA   NA,NA   NA   NA   NA
STTD_2012-07-10 10:00:00,7/10/2012 10:00,STTD,2012,A,FALSE,CLR,NA,NA,23.8,0.15,221,NA,7.8,7.71,162,10,Low,903646,905300,1654,1654,10.88185551,10.88185551,1,NA,NA,Terrestrial Insects,71,Order,Hemiptera,Hemiptera,Adults,7,0.643,0.643,NA,NA,NA,NA,NA,NA,NA,NA,NA,NA,NA   NA   NA   NA,NA   NA   NA   NA
STTD_2012-07-10 10:00:00,7/10/2012 10:00,STTD,2012,A,FALSE,CLR,NA,NA,23.8,0.15,221,NA,7.8,7.71,162,10,Low,903646,905300,1654,1654,10.88185551,10.88185551,1,NA,NA,Terrestrial Insects,63,Order,Coleoptera,Coleoptera,Adults,5,0.459,0.459,NA,NA,NA,NA,NA,NA,NA,NA,NA,NA,NA   NA   NA   NA,NA   NA   NA   NA
STTD_2012-07-10 10:00:00,7/10/2012 10:00,STTD,2012,A,FALSE,CLR,NA,NA,23.8,0.15,221,NA,7.8,7.71,162,10,Low,903646,905300,1654,1654,10.88185551,10.88185551,1,NA,NA,Terrestrial Insects,64,Order,Diptera,Diptera,Adults,2,0.184,0.184,NA,NA,NA,NA,NA,NA,NA,NA,NA,NA,NA   NA   NA   NA,NA   NA   NA   NA
STTD_2012-07-10 10:00:00,7/10/2012 10:00,STTD,2012,A,FALSE,CLR,NA,NA,23.8,0.15,221,NA,7.8,7.71,162,10,Low,903646,905300,1654,1654,10.88185551,10.88185551,1,NA,NA,Terrestrial Non-Insects,126,Class,Gastropoda,Gastropoda,NotDetermined,1,0.092,0.092,NA,NA,NA,NA,NA,NA,NA,NA,NA,NA,NA   NA   NA   NA,NA   NA   NA   NA
STTD_2012-07-10 10:00:00,7/10/2012 10:00,STTD,2012,A,FALSE,CLR,NA,NA,23.8,0.15,221,NA,7.8,7.71,162,10,Low,903646,905300,1654,1654,10.88185551,10.88185551,1,NA,NA,Terrestrial Non-Insects,58,Suborder,Araneida,Araneida,NotDetermined,6,0.551,0.551,NA,NA,NA,NA,NA,NA,NA,NA,NA,NA,NA   NA   NA   NA,NA   NA   NA   NA
SHR_2012-07-25 08:08:00,7/25/2012 8:08,SHR,2012,A,FALSE,CLR,NA,NA,21.1,0.96,101,NA,7.32,9.16,10.6,10,Low,900029,903000,2971,2971,19.54654941,19.54654941,1,NA,NA,Aquatic Insects,44,Family,Corixidae,Corixidae,Larvae,1,0.051,0.051,NA,NA,NA,NA,NA,NA,NA,NA,NA,NA,NA   NA   NA   NA,NA   NA   NA   NA
SHR_2012-07-25 08:08:00,7/25/2012 8:08,SHR,2012,A,FALSE,CLR,NA,NA,21.1,0.96,101,NA,7.32,9.16,10.6,10,Low,900029,903000,2971,2971,19.54654941,19.54654941,1,NA,NA,Terrestrial Insects,63,Order,Coleoptera,Coleoptera,Adults,1,0.051,0.051,NA,NA,NA,NA,NA,NA,NA,NA,NA,NA,NA   NA   NA   NA,NA   NA   NA   NA
SHR_2012-07-25 08:08:00,7/25/2012 8:08,SHR,2012,A,FALSE,CLR,NA,NA,21.1,0.96,101,NA,7.32,9.16,10.6,10,Low,900029,903000,2971,2971,19.54654941,19.54654941,1,NA,NA,Terrestrial Insects,64,Order,Diptera,Diptera,Adults,1,0.051,0.051,NA,NA,NA,NA,NA,NA,NA,NA,NA,NA,NA   NA   NA   NA,NA   NA   NA   NA
STTD_2012-07-25 10:11:00,7/25/2012 10:11,STTD,2012,A,FALSE,CLR,NA,NA,22.6,0.14,189,NA,7.97,7.81,129,10,Low,788889,900000,111111,3272,731.012,21.5268629,1,NA,NA,Aquatic Non-Insects,103,Family,Arrenuridae,Arrenuridae,NotDetermined,1,0.001,0.046,NA,NA,NA,NA,NA,NA,3,FM,NA,NA,NA   NA   3   NA,NA   NA   FM   NA
STTD_2012-07-25 10:11:00,7/25/2012 10:11,STTD,2012,A,FALSE,CLR,NA,NA,22.6,0.14,189,NA,7.97,7.81,129,10,Low,788889,900000,111111,3272,731.012,21.5268629,1,NA,NA,Terrestrial Insects,63,Order,Coleoptera,Coleoptera,Larvae,1,0.001,0.046,NA,NA,NA,NA,NA,NA,3,FM,NA,NA,NA   NA   3   NA,NA   NA   FM   NA
STTD_2012-07-25 10:11:00,7/25/2012 10:11,STTD,2012,A,FALSE,CLR,NA,NA,22.6,0.14,189,NA,7.97,7.81,129,10,Low,788889,900000,111111,3272,731.012,21.5268629,1,NA,NA,Terrestrial Insects,66,Order,Hymenoptera,Hymenoptera,Adults,2,0.003,0.093,NA,NA,NA,NA,NA,NA,3,FM,NA,NA,NA   NA   3   NA,NA   NA   FM   NA
SHR_2012-08-07 07:48:00,8/7/2012 7:48,SHR,2012,A,FALSE,CLR,NA,NA,20.3,0.91,109,NA,7.33,9.83,8.5,10,Low,897306,900000,2694,2694,17.72413468,17.72413468,1,NA,NA,Aquatic Insects,42,Family,Ephemerellidae,Ephemerellidae,Larvae,1,0.056,0.056,NA,NA,NA,NA,NA,NA,NA,NA,NA,NA,NA   NA   NA   NA,NA   NA   NA   NA
SHR_2012-08-07 07:48:00,8/7/2012 7:48,SHR,2012,A,FALSE,CLR,NA,NA,20.3,0.91,109,NA,7.33,9.83,8.5,10,Low,897306,900000,2694,2694,17.72413468,17.72413468,1,NA,NA,Aquatic Insects,102,Family,Gomphidae,Gomphidae,Larvae,1,0.056,0.056,NA,NA,NA,NA,NA,NA,NA,NA,NA,NA,NA   NA   NA   NA,NA   NA   NA   NA
SHR_2012-08-07 07:48:00,8/7/2012 7:48,SHR,2012,A,FALSE,CLR,NA,NA,20.3,0.91,109,NA,7.33,9.83,8.5,10,Low,897306,900000,2694,2694,17.72413468,17.72413468,1,NA,NA,Aquatic Insects,34,Family,Chironomidae,Chironomidae,Pupae,3,0.169,0.169,NA,NA,NA,NA,NA,NA,NA,NA,NA,NA,NA   NA   NA   NA,NA   NA   NA   NA
SHR_2012-08-07 07:48:00,8/7/2012 7:48,SHR,2012,A,FALSE,CLR,NA,NA,20.3,0.91,109,NA,7.33,9.83,8.5,10,Low,897306,900000,2694,2694,17.72413468,17.72413468,1,NA,NA,Aquatic Non-Insects,4,Family,Naididae,Naididae,NotDetermined,1,0.056,0.056,NA,NA,NA,NA,NA,NA,NA,NA,NA,NA,NA   NA   NA   NA,NA   NA   NA   NA
SHR_2012-08-07 07:48:00,8/7/2012 7:48,SHR,2012,A,FALSE,CLR,NA,NA,20.3,0.91,109,NA,7.33,9.83,8.5,10,Low,897306,900000,2694,2694,17.72413468,17.72413468,1,NA,NA,Aquatic Non-Insects,19,Family,Corbiculidae,Corbiculidae,NotDetermined,2,0.113,0.113,NA,NA,NA,NA,NA,NA,NA,NA,NA,NA,NA   NA   NA   NA,NA   NA   NA   NA
SHR_2012-08-07 07:48:00,8/7/2012 7:48,SHR,2012,A,FALSE,CLR,NA,NA,20.3,0.91,109,NA,7.33,9.83,8.5,10,Low,897306,900000,2694,2694,17.72413468,17.72413468,1,NA,NA,Aquatic Non-Insects,28,Family,Lebertiidae,Lebertiidae,NotDetermined,2,0.113,0.113,NA,NA,NA,NA,NA,NA,NA,NA,NA,NA,NA   NA   NA   NA,NA   NA   NA   NA
SHR_2012-08-07 07:48:00,8/7/2012 7:48,SHR,2012,A,FALSE,CLR,NA,NA,20.3,0.91,109,NA,7.33,9.83,8.5,10,Low,897306,900000,2694,2694,17.72413468,17.72413468,1,NA,NA,Aquatic Non-Insects,120,Family,Lebertiidae,Lebertiidae,NotDetermined,2,0.113,0.113,NA,NA,NA,NA,NA,NA,NA,NA,NA,NA,NA   NA   NA   NA,NA   NA   NA   NA
SHR_2012-08-07 07:48:00,8/7/2012 7:48,SHR,2012,A,FALSE,CLR,NA,NA,20.3,0.91,109,NA,7.33,9.83,8.5,10,Low,897306,900000,2694,2694,17.72413468,17.72413468,1,NA,NA,Terrestrial Insects,71,Order,Hemiptera,Hemiptera,Larvae,1,0.056,0.056,NA,NA,NA,NA,NA,NA,NA,NA,NA,NA,NA   NA   NA   NA,NA   NA   NA   NA
STTD_2012-08-07 10:07:00,8/7/2012 10:07,STTD,2012,A,FALSE,CLR,NA,NA,22,0.14,189,NA,7.85,8.44,103,10,Low,899980,900000,20,3272,0.131582292,21.5268629,1,flowmeter only moved 20 turns,NA,Aquatic Insects,30,Family,Dytiscidae,Dytiscidae,Adults,5,37.999,0.232,2,NA,3,FM,NA,NA,3,FM,NA,NA,3   NA   3   NA,FM   NA   FM   NA
STTD_2012-08-07 10:07:00,8/7/2012 10:07,STTD,2012,A,FALSE,CLR,NA,NA,22,0.14,189,NA,7.85,8.44,103,10,Low,899980,900000,20,3272,0.131582292,21.5268629,1,flowmeter only moved 20 turns,NA,Aquatic Insects,34,Family,Chironomidae,Chironomidae,Pupae,1,7.6,0.046,2,NA,3,FM,NA,NA,3,FM,NA,NA,3   NA   3   NA,FM   NA   FM   NA
STTD_2012-08-07 10:07:00,8/7/2012 10:07,STTD,2012,A,FALSE,CLR,NA,NA,22,0.14,189,NA,7.85,8.44,103,10,Low,899980,900000,20,3272,0.131582292,21.5268629,1,flowmeter only moved 20 turns,NA,Aquatic Non-Insects,9,Family,Corophiidae,Corophiidae,NotDetermined,2,15.2,0.093,2,NA,3,FM,NA,NA,3,FM,NA,NA,3   NA   3   NA,FM   NA   FM   NA
STTD_2012-08-07 10:07:00,8/7/2012 10:07,STTD,2012,A,FALSE,CLR,NA,NA,22,0.14,189,NA,7.85,8.44,103,10,Low,899980,900000,20,3272,0.131582292,21.5268629,1,flowmeter only moved 20 turns,NA,Terrestrial Insects,71,Order,Hemiptera,Hemiptera,Adults,4,30.399,0.186,2,NA,3,FM,NA,NA,3,FM,NA,NA,3   NA   3   NA,FM   NA   FM   NA
STTD_2012-08-07 10:07:00,8/7/2012 10:07,STTD,2012,A,FALSE,CLR,NA,NA,22,0.14,189,NA,7.85,8.44,103,10,Low,899980,900000,20,3272,0.131582292,21.5268629,1,flowmeter only moved 20 turns,NA,Terrestrial Insects,63,Order,Coleoptera,Coleoptera,Adults,1,7.6,0.046,2,NA,3,FM,NA,NA,3,FM,NA,NA,3   NA   3   NA,FM   NA   FM   NA
STTD_2012-08-07 10:07:00,8/7/2012 10:07,STTD,2012,A,FALSE,CLR,NA,NA,22,0.14,189,NA,7.85,8.44,103,10,Low,899980,900000,20,3272,0.131582292,21.5268629,1,flowmeter only moved 20 turns,NA,Terrestrial Insects,64,Order,Diptera,Diptera,Adults,2,15.2,0.093,2,NA,3,FM,NA,NA,3,FM,NA,NA,3   NA   3   NA,FM   NA   FM   NA
STTD_2012-08-07 10:07:00,8/7/2012 10:07,STTD,2012,A,FALSE,CLR,NA,NA,22,0.14,189,NA,7.85,8.44,103,10,Low,899980,900000,20,3272,0.131582292,21.5268629,1,flowmeter only moved 20 turns,NA,Terrestrial Non-Insects,58,Suborder,Araneida,Araneida,NotDetermined,3,22.799,0.139,2,NA,3,FM,NA,NA,3,FM,NA,NA,3   NA   3   NA,FM   NA   FM   NA
SHR_2012-08-21 06:59:00,8/21/2012 6:59,SHR,2012,A,FALSE,CLR,NA,NA,20.9,1,129,NA,7.37,9.37,9.8,10,Low,898808,900000,1192,1192,7.842304578,7.842304578,1,NA,NA,Aquatic Insects,32,Family,Ceratopogonidae,Ceratopogonidae,Pupae,1,0.128,0.128,NA,NA,NA,NA,NA,NA,2,FM,NA,NA,NA   NA   2   NA,NA   NA   FM   NA
STTD_2012-08-21 08:59:00,8/21/2012 8:59,STTD,2012,A,FALSE,CLR,NA,NA,21.8,0.16,177,NA,8.08,8.75,84.4,10,Low,895908,898600,2692,2692,17.71097645,17.71097645,1,NA,NA,Aquatic Non-Insects,188,Superfamily,Truncatelloidea,Truncatelloidea,Larvae,0,0,0,NA,NA,NA,NA,NA,NA,NA,NA,NA,NA,NA   NA   NA   NA,NA   NA   NA   NA
STTD_2012-08-21 08:59:00,8/21/2012 8:59,STTD,2012,A,FALSE,CLR,NA,NA,21.8,0.16,177,NA,8.08,8.75,84.4,10,Low,895908,898600,2692,2692,17.71097645,17.71097645,1,NA,NA,Aquatic Non-Insects,188,Superfamily,Truncatelloidea,Truncatelloidea,Pupae,0,0,0,NA,NA,NA,NA,NA,NA,NA,NA,NA,NA,NA   NA   NA   NA,NA   NA   NA   NA
STTD_2012-08-21 08:59:00,8/21/2012 8:59,STTD,2012,A,FALSE,CLR,NA,NA,21.8,0.16,177,NA,8.08,8.75,84.4,10,Low,895908,898600,2692,2692,17.71097645,17.71097645,1,NA,NA,Aquatic Non-Insects,188,Superfamily,Truncatelloidea,Truncatelloidea,Nymphs,0,0,0,NA,NA,NA,NA,NA,NA,NA,NA,NA,NA,NA   NA   NA   NA,NA   NA   NA   NA
STTD_2012-08-21 08:59:00,8/21/2012 8:59,STTD,2012,A,FALSE,CLR,NA,NA,21.8,0.16,177,NA,8.08,8.75,84.4,10,Low,895908,898600,2692,2692,17.71097645,17.71097645,1,NA,NA,Aquatic Non-Insects,188,Superfamily,Truncatelloidea,Truncatelloidea,Emergents,0,0,0,NA,NA,NA,NA,NA,NA,NA,NA,NA,NA,NA   NA   NA   NA,NA   NA   NA   NA
STTD_2012-08-21 08:59:00,8/21/2012 8:59,STTD,2012,A,FALSE,CLR,NA,NA,21.8,0.16,177,NA,8.08,8.75,84.4,10,Low,895908,898600,2692,2692,17.71097645,17.71097645,1,NA,NA,Aquatic Non-Insects,188,Superfamily,Truncatelloidea,Truncatelloidea,Adults,0,0,0,NA,NA,NA,NA,NA,NA,NA,NA,NA,NA,NA   NA   NA   NA,NA   NA   NA   NA
STTD_2012-08-21 08:59:00,8/21/2012 8:59,STTD,2012,A,FALSE,CLR,NA,NA,21.8,0.16,177,NA,8.08,8.75,84.4,10,Low,895908,898600,2692,2692,17.71097645,17.71097645,1,NA,NA,Aquatic Non-Insects,188,Superfamily,Truncatelloidea,Truncatelloidea,NotDetermined,0,0,0,NA,NA,NA,NA,NA,NA,NA,NA,NA,NA,NA   NA   NA   NA,NA   NA   NA   NA
STTD_2012-08-21 08:59:00,8/21/2012 8:59,STTD,2012,A,FALSE,CLR,NA,NA,21.8,0.16,177,NA,8.08,8.75,84.4,10,Low,895908,898600,2692,2692,17.71097645,17.71097645,1,NA,NA,Aquatic Insects,189,Order,Plecoptera,Plecoptera,Larvae,0,0,0,NA,NA,NA,NA,NA,NA,NA,NA,NA,NA,NA   NA   NA   NA,NA   NA   NA   NA
STTD_2012-08-21 08:59:00,8/21/2012 8:59,STTD,2012,A,FALSE,CLR,NA,NA,21.8,0.16,177,NA,8.08,8.75,84.4,10,Low,895908,898600,2692,2692,17.71097645,17.71097645,1,NA,NA,Aquatic Insects,189,Order,Plecoptera,Plecoptera,Pupae,0,0,0,NA,NA,NA,NA,NA,NA,NA,NA,NA,NA,NA   NA   NA   NA,NA   NA   NA   NA
STTD_2012-08-21 08:59:00,8/21/2012 8:59,STTD,2012,A,FALSE,CLR,NA,NA,21.8,0.16,177,NA,8.08,8.75,84.4,10,Low,895908,898600,2692,2692,17.71097645,17.71097645,1,NA,NA,Aquatic Insects,189,Order,Plecoptera,Plecoptera,Nymphs,0,0,0,NA,NA,NA,NA,NA,NA,NA,NA,NA,NA,NA   NA   NA   NA,NA   NA   NA   NA
STTD_2012-08-21 08:59:00,8/21/2012 8:59,STTD,2012,A,FALSE,CLR,NA,NA,21.8,0.16,177,NA,8.08,8.75,84.4,10,Low,895908,898600,2692,2692,17.71097645,17.71097645,1,NA,NA,Aquatic Insects,189,Order,Plecoptera,Plecoptera,Emergents,0,0,0,NA,NA,NA,NA,NA,NA,NA,NA,NA,NA,NA   NA   NA   NA,NA   NA   NA   NA
STTD_2012-08-21 08:59:00,8/21/2012 8:59,STTD,2012,A,FALSE,CLR,NA,NA,21.8,0.16,177,NA,8.08,8.75,84.4,10,Low,895908,898600,2692,2692,17.71097645,17.71097645,1,NA,NA,Aquatic Insects,189,Order,Plecoptera,Plecoptera,Adults,0,0,0,NA,NA,NA,NA,NA,NA,NA,NA,NA,NA,NA   NA   NA   NA,NA   NA   NA   NA
STTD_2012-08-21 08:59:00,8/21/2012 8:59,STTD,2012,A,FALSE,CLR,NA,NA,21.8,0.16,177,NA,8.08,8.75,84.4,10,Low,895908,898600,2692,2692,17.71097645,17.71097645,1,NA,NA,Aquatic Insects,189,Order,Plecoptera,Plecoptera,NotDetermined,0,0,0,NA,NA,NA,NA,NA,NA,NA,NA,NA,NA,NA   NA   NA   NA,NA   NA   NA   NA
STTD_2012-08-21 08:59:00,8/21/2012 8:59,STTD,2012,A,FALSE,CLR,NA,NA,21.8,0.16,177,NA,8.08,8.75,84.4,10,Low,895908,898600,2692,2692,17.71097645,17.71097645,1,NA,NA,Terrestrial Non-Insects,191,Family,Leptocheliidae,Leptocheliidae,Larvae,0,0,0,NA,NA,NA,NA,NA,NA,NA,NA,NA,NA,NA   NA   NA   NA,NA   NA   NA   NA
STTD_2012-08-21 08:59:00,8/21/2012 8:59,STTD,2012,A,FALSE,CLR,NA,NA,21.8,0.16,177,NA,8.08,8.75,84.4,10,Low,895908,898600,2692,2692,17.71097645,17.71097645,1,NA,NA,Terrestrial Non-Insects,191,Family,Leptocheliidae,Leptocheliidae,Pupae,0,0,0,NA,NA,NA,NA,NA,NA,NA,NA,NA,NA,NA   NA   NA   NA,NA   NA   NA   NA
STTD_2012-08-21 08:59:00,8/21/2012 8:59,STTD,2012,A,FALSE,CLR,NA,NA,21.8,0.16,177,NA,8.08,8.75,84.4,10,Low,895908,898600,2692,2692,17.71097645,17.71097645,1,NA,NA,Terrestrial Non-Insects,191,Family,Leptocheliidae,Leptocheliidae,Nymphs,0,0,0,NA,NA,NA,NA,NA,NA,NA,NA,NA,NA,NA   NA   NA   NA,NA   NA   NA   NA
STTD_2012-08-21 08:59:00,8/21/2012 8:59,STTD,2012,A,FALSE,CLR,NA,NA,21.8,0.16,177,NA,8.08,8.75,84.4,10,Low,895908,898600,2692,2692,17.71097645,17.71097645,1,NA,NA,Terrestrial Non-Insects,191,Family,Leptocheliidae,Leptocheliidae,Emergents,0,0,0,NA,NA,NA,NA,NA,NA,NA,NA,NA,NA,NA   NA   NA   NA,NA   NA   NA   NA
STTD_2012-08-21 08:59:00,8/21/2012 8:59,STTD,2012,A,FALSE,CLR,NA,NA,21.8,0.16,177,NA,8.08,8.75,84.4,10,Low,895908,898600,2692,2692,17.71097645,17.71097645,1,NA,NA,Terrestrial Non-Insects,191,Family,Leptocheliidae,Leptocheliidae,Adults,0,0,0,NA,NA,NA,NA,NA,NA,NA,NA,NA,NA,NA   NA   NA   NA,NA   NA   NA   NA
STTD_2012-08-21 08:59:00,8/21/2012 8:59,STTD,2012,A,FALSE,CLR,NA,NA,21.8,0.16,177,NA,8.08,8.75,84.4,10,Low,895908,898600,2692,2692,17.71097645,17.71097645,1,NA,NA,Terrestrial Non-Insects,191,Family,Leptocheliidae,Leptocheliidae,NotDetermined,0,0,0,NA,NA,NA,NA,NA,NA,NA,NA,NA,NA,NA   NA   NA   NA,NA   NA   NA   NA
STTD_2012-08-21 08:59:00,8/21/2012 8:59,STTD,2012,A,FALSE,CLR,NA,NA,21.8,0.16,177,NA,8.08,8.75,84.4,10,Low,895908,898600,2692,2692,17.71097645,17.71097645,1,NA,NA,Terrestrial Insects,190,Suborder,Hydrachnidia,Hydrachnidia,Larvae,0,0,0,NA,NA,NA,NA,NA,NA,NA,NA,NA,NA,NA   NA   NA   NA,NA   NA   NA   NA
STTD_2012-08-21 08:59:00,8/21/2012 8:59,STTD,2012,A,FALSE,CLR,NA,NA,21.8,0.16,177,NA,8.08,8.75,84.4,10,Low,895908,898600,2692,2692,17.71097645,17.71097645,1,NA,NA,Terrestrial Insects,190,Suborder,Hydrachnidia,Hydrachnidia,Pupae,0,0,0,NA,NA,NA,NA,NA,NA,NA,NA,NA,NA,NA   NA   NA   NA,NA   NA   NA   NA
STTD_2012-08-21 08:59:00,8/21/2012 8:59,STTD,2012,A,FALSE,CLR,NA,NA,21.8,0.16,177,NA,8.08,8.75,84.4,10,Low,895908,898600,2692,2692,17.71097645,17.71097645,1,NA,NA,Terrestrial Insects,190,Suborder,Hydrachnidia,Hydrachnidia,Nymphs,0,0,0,NA,NA,NA,NA,NA,NA,NA,NA,NA,NA,NA   NA   NA   NA,NA   NA   NA   NA
STTD_2012-08-21 08:59:00,8/21/2012 8:59,STTD,2012,A,FALSE,CLR,NA,NA,21.8,0.16,177,NA,8.08,8.75,84.4,10,Low,895908,898600,2692,2692,17.71097645,17.71097645,1,NA,NA,Terrestrial Insects,190,Suborder,Hydrachnidia,Hydrachnidia,Emergents,0,0,0,NA,NA,NA,NA,NA,NA,NA,NA,NA,NA,NA   NA   NA   NA,NA   NA   NA   NA
STTD_2012-08-21 08:59:00,8/21/2012 8:59,STTD,2012,A,FALSE,CLR,NA,NA,21.8,0.16,177,NA,8.08,8.75,84.4,10,Low,895908,898600,2692,2692,17.71097645,17.71097645,1,NA,NA,Terrestrial Insects,190,Suborder,Hydrachnidia,Hydrachnidia,Adults,0,0,0,NA,NA,NA,NA,NA,NA,NA,NA,NA,NA,NA   NA   NA   NA,NA   NA   NA   NA
STTD_2012-08-21 08:59:00,8/21/2012 8:59,STTD,2012,A,FALSE,CLR,NA,NA,21.8,0.16,177,NA,8.08,8.75,84.4,10,Low,895908,898600,2692,2692,17.71097645,17.71097645,1,NA,NA,Terrestrial Insects,190,Suborder,Hydrachnidia,Hydrachnidia,NotDetermined,0,0,0,NA,NA,NA,NA,NA,NA,NA,NA,NA,NA,NA   NA   NA   NA,NA   NA   NA   NA
STTD_2012-09-05 09:45:00,9/5/2012 9:45,STTD,2012,A,FALSE,CLD,NA,NA,21.8,0.31,560,NA,7.88,5.93,43.2,10,Low,891855,894000,2145,2145,14.11220077,14.11220077,1,NA,NA,Aquatic Insects,44,Family,Corixidae,Corixidae,Adults,1,0.071,0.071,NA,NA,NA,NA,NA,NA,NA,NA,NA,NA,NA   NA   NA   NA,NA   NA   NA   NA
STTD_2012-09-05 09:45:00,9/5/2012 9:45,STTD,2012,A,FALSE,CLD,NA,NA,21.8,0.31,560,NA,7.88,5.93,43.2,10,Low,891855,894000,2145,2145,14.11220077,14.11220077,1,NA,NA,Aquatic Non-Insects,77,Family,Hygrobatidae,Hygrobatidae,NotDetermined,1,0.071,0.071,NA,NA,NA,NA,NA,NA,NA,NA,NA,NA,NA   NA   NA   NA,NA   NA   NA   NA
STTD_2012-09-05 09:45:00,9/5/2012 9:45,STTD,2012,A,FALSE,CLD,NA,NA,21.8,0.31,560,NA,7.88,5.93,43.2,10,Low,891855,894000,2145,2145,14.11220077,14.11220077,1,NA,NA,Aquatic Non-Insects,28,Family,Lebertiidae,Lebertiidae,NotDetermined,1,0.071,0.071,NA,NA,NA,NA,NA,NA,NA,NA,NA,NA,NA   NA   NA   NA,NA   NA   NA   NA
STTD_2012-09-05 09:45:00,9/5/2012 9:45,STTD,2012,A,FALSE,CLD,NA,NA,21.8,0.31,560,NA,7.88,5.93,43.2,10,Low,891855,894000,2145,2145,14.11220077,14.11220077,1,NA,NA,Aquatic Non-Insects,120,Family,Lebertiidae,Lebertiidae,NotDetermined,1,0.071,0.071,NA,NA,NA,NA,NA,NA,NA,NA,NA,NA,NA   NA   NA   NA,NA   NA   NA   NA
STTD_2012-09-05 09:45:00,9/5/2012 9:45,STTD,2012,A,FALSE,CLD,NA,NA,21.8,0.31,560,NA,7.88,5.93,43.2,10,Low,891855,894000,2145,2145,14.11220077,14.11220077,1,NA,NA,Terrestrial Insects,63,Order,Coleoptera,Coleoptera,Adults,2,0.142,0.142,NA,NA,NA,NA,NA,NA,NA,NA,NA,NA,NA   NA   NA   NA,NA   NA   NA   NA
STTD_2012-09-05 09:45:00,9/5/2012 9:45,STTD,2012,A,FALSE,CLD,NA,NA,21.8,0.31,560,NA,7.88,5.93,43.2,10,Low,891855,894000,2145,2145,14.11220077,14.11220077,1,NA,NA,Terrestrial Insects,64,Order,Diptera,Diptera,Adults,3,0.213,0.213,NA,NA,NA,NA,NA,NA,NA,NA,NA,NA,NA   NA   NA   NA,NA   NA   NA   NA
STTD_2012-09-05 09:45:00,9/5/2012 9:45,STTD,2012,A,FALSE,CLD,NA,NA,21.8,0.31,560,NA,7.88,5.93,43.2,10,Low,891855,894000,2145,2145,14.11220077,14.11220077,1,NA,NA,Terrestrial Insects,66,Order,Hymenoptera,Hymenoptera,Adults,1,0.071,0.071,NA,NA,NA,NA,NA,NA,NA,NA,NA,NA,NA   NA   NA   NA,NA   NA   NA   NA
SHR_2012-09-21 07:13:00,9/21/2012 7:13,SHR,2012,A,FALSE,CLR,NA,NA,18.9,0.98,143,NA,7.76,9.54,17.8,10,Low,890000,892000,2000,2000,13.15822916,13.15822916,1,NA,NA,Aquatic Insects,32,Family,Ceratopogonidae,Ceratopogonidae,Pupae,1,0.076,0.076,NA,NA,NA,NA,NA,NA,NA,NA,NA,NA,NA   NA   NA   NA,NA   NA   NA   NA
SHR_2012-09-21 07:13:00,9/21/2012 7:13,SHR,2012,A,FALSE,CLR,NA,NA,18.9,0.98,143,NA,7.76,9.54,17.8,10,Low,890000,892000,2000,2000,13.15822916,13.15822916,1,NA,NA,Aquatic Non-Insects,4,Family,Naididae,Naididae,NotDetermined,2,0.152,0.152,NA,NA,NA,NA,NA,NA,NA,NA,NA,NA,NA   NA   NA   NA,NA   NA   NA   NA
SHR_2012-09-21 07:13:00,9/21/2012 7:13,SHR,2012,A,FALSE,CLR,NA,NA,18.9,0.98,143,NA,7.76,9.54,17.8,10,Low,890000,892000,2000,2000,13.15822916,13.15822916,1,NA,NA,Aquatic Non-Insects,134,Superfamily,Corbiculoidea,Corbiculoidea,NotDetermined,1,0.076,0.076,NA,NA,NA,NA,NA,NA,NA,NA,NA,NA,NA   NA   NA   NA,NA   NA   NA   NA
SHR_2012-09-21 07:13:00,9/21/2012 7:13,SHR,2012,A,FALSE,CLR,NA,NA,18.9,0.98,143,NA,7.76,9.54,17.8,10,Low,890000,892000,2000,2000,13.15822916,13.15822916,1,NA,NA,Aquatic Non-Insects,106,Family,Lymnaeidae,Lymnaeidae,NotDetermined,1,0.076,0.076,NA,NA,NA,NA,NA,NA,NA,NA,NA,NA,NA   NA   NA   NA,NA   NA   NA   NA
SHR_2012-09-21 07:13:00,9/21/2012 7:13,SHR,2012,A,FALSE,CLR,NA,NA,18.9,0.98,143,NA,7.76,9.54,17.8,10,Low,890000,892000,2000,2000,13.15822916,13.15822916,1,NA,NA,Aquatic Non-Insects,9,Family,Corophiidae,Corophiidae,NotDetermined,1,0.076,0.076,NA,NA,NA,NA,NA,NA,NA,NA,NA,NA,NA   NA   NA   NA,NA   NA   NA   NA
SHR_2012-09-21 07:13:00,9/21/2012 7:13,SHR,2012,A,FALSE,CLR,NA,NA,18.9,0.98,143,NA,7.76,9.54,17.8,10,Low,890000,892000,2000,2000,13.15822916,13.15822916,1,NA,NA,Terrestrial Insects,135,Family,Sisyridae,Sisyridae,Larvae,1,0.076,0.076,NA,NA,NA,NA,NA,NA,NA,NA,NA,NA,NA   NA   NA   NA,NA   NA   NA   NA
STTD_2012-09-21 09:10:00,9/21/2012 9:10,STTD,2012,A,FALSE,CLR,NA,NA,19.9,0.25,574,NA,8.05,7.88,54.9,10,Low,884911,890000,5089,5089,33.48111409,33.48111409,1,NA,NA,Aquatic Non-Insects,15,Family,Hyalellidae,Hyalellidae,NotDetermined,1,0.03,0.03,NA,NA,NA,NA,NA,NA,NA,NA,NA,NA,NA   NA   NA   NA,NA   NA   NA   NA
STTD_2012-09-21 09:10:00,9/21/2012 9:10,STTD,2012,A,FALSE,CLR,NA,NA,19.9,0.25,574,NA,8.05,7.88,54.9,10,Low,884911,890000,5089,5089,33.48111409,33.48111409,1,NA,NA,Terrestrial Insects,71,Order,Hemiptera,Hemiptera,Adults,5,0.149,0.149,NA,NA,NA,NA,NA,NA,NA,NA,NA,NA,NA   NA   NA   NA,NA   NA   NA   NA
STTD_2012-09-21 09:10:00,9/21/2012 9:10,STTD,2012,A,FALSE,CLR,NA,NA,19.9,0.25,574,NA,8.05,7.88,54.9,10,Low,884911,890000,5089,5089,33.48111409,33.48111409,1,NA,NA,Terrestrial Insects,63,Order,Coleoptera,Coleoptera,Larvae,2,0.06,0.06,NA,NA,NA,NA,NA,NA,NA,NA,NA,NA,NA   NA   NA   NA,NA   NA   NA   NA
STTD_2012-09-21 09:10:00,9/21/2012 9:10,STTD,2012,A,FALSE,CLR,NA,NA,19.9,0.25,574,NA,8.05,7.88,54.9,10,Low,884911,890000,5089,5089,33.48111409,33.48111409,1,NA,NA,Terrestrial Insects,64,Order,Diptera,Diptera,Adults,2,0.06,0.06,NA,NA,NA,NA,NA,NA,NA,NA,NA,NA,NA   NA   NA   NA,NA   NA   NA   NA
STTD_2012-09-21 09:10:00,9/21/2012 9:10,STTD,2012,A,FALSE,CLR,NA,NA,19.9,0.25,574,NA,8.05,7.88,54.9,10,Low,884911,890000,5089,5089,33.48111409,33.48111409,1,NA,NA,Terrestrial Non-Insects,58,Suborder,Araneida,Araneida,NotDetermined,1,0.03,0.03,NA,NA,NA,NA,NA,NA,NA,NA,NA,NA,NA   NA   NA   NA,NA   NA   NA   NA
SHR_2012-10-03 08:16:00,10/3/2012 8:16,SHR,2013,D,FALSE,CLR,NA,NA,19.3,1.2,132,NA,7.69,9.36,20.6,10,Low,884189,884860,671,671,4.414585883,4.414585883,1,NA,NA,Aquatic Non-Insects,106,Family,Lymnaeidae,Lymnaeidae,NotDetermined,1,0.227,0.227,NA,NA,NA,NA,NA,NA,2,FM,NA,NA,NA   NA   2   NA,NA   NA   FM   NA
SHR_2012-10-03 08:16:00,10/3/2012 8:16,SHR,2013,D,FALSE,CLR,NA,NA,19.3,1.2,132,NA,7.69,9.36,20.6,10,Low,884189,884860,671,671,4.414585883,4.414585883,1,NA,NA,Aquatic Non-Insects,118,Class,Ostracoda,Ostracod,NotDetermined,1,0.227,0.227,NA,NA,NA,NA,NA,NA,2,FM,NA,NA,NA   NA   2   NA,NA   NA   FM   NA
STTD_2012-10-03 10:42:00,10/3/2012 10:42,STTD,2013,D,FALSE,CLR,NA,NA,22.7,0.21,378,NA,8.15,8.16,80.5,2,Low,983998,984067,69,685,0.453958906,4.506693487,3,NA,NA,Aquatic Insects,34,Family,Chironomidae,Chironomidae,Pupae,1,2.203,0.222,NA,NA,NA,NA,NA,NA,3,FM,NA,NA,NA   NA   3   NA,NA   NA   FM   NA
STTD_2012-10-03 10:42:00,10/3/2012 10:42,STTD,2013,D,FALSE,CLR,NA,NA,22.7,0.21,378,NA,8.15,8.16,80.5,2,Low,983998,984067,69,685,0.453958906,4.506693487,3,NA,NA,Terrestrial Insects,71,Order,Hemiptera,Hemiptera,Adults,1,2.203,0.222,NA,NA,NA,NA,NA,NA,3,FM,NA,NA,NA   NA   3   NA,NA   NA   FM   NA
SHR_2012-10-19 08:27:00,10/19/2012 8:27,SHR,2013,D,FALSE,CLR,NA,NA,17.4,1.4,107,NA,7.38,9.95,33.2,10,Low,883920,884000,80,5280,0.526329166,34.73772498,2,"low flow, flow meter not spinning",NA,Aquatic Non-Insects,188,Superfamily,Truncatelloidea,Truncatelloidea,Larvae,0,0,0,NA,NA,3,FM,NA,NA,3,FM,NA,NA,3   NA   3   NA,FM   NA   FM   NA
SHR_2012-10-19 08:27:00,10/19/2012 8:27,SHR,2013,D,FALSE,CLR,NA,NA,17.4,1.4,107,NA,7.38,9.95,33.2,10,Low,883920,884000,80,5280,0.526329166,34.73772498,2,"low flow, flow meter not spinning",NA,Aquatic Non-Insects,188,Superfamily,Truncatelloidea,Truncatelloidea,Pupae,0,0,0,NA,NA,3,FM,NA,NA,3,FM,NA,NA,3   NA   3   NA,FM   NA   FM   NA
SHR_2012-10-19 08:27:00,10/19/2012 8:27,SHR,2013,D,FALSE,CLR,NA,NA,17.4,1.4,107,NA,7.38,9.95,33.2,10,Low,883920,884000,80,5280,0.526329166,34.73772498,2,"low flow, flow meter not spinning",NA,Aquatic Non-Insects,188,Superfamily,Truncatelloidea,Truncatelloidea,Nymphs,0,0,0,NA,NA,3,FM,NA,NA,3,FM,NA,NA,3   NA   3   NA,FM   NA   FM   NA
SHR_2012-10-19 08:27:00,10/19/2012 8:27,SHR,2013,D,FALSE,CLR,NA,NA,17.4,1.4,107,NA,7.38,9.95,33.2,10,Low,883920,884000,80,5280,0.526329166,34.73772498,2,"low flow, flow meter not spinning",NA,Aquatic Non-Insects,188,Superfamily,Truncatelloidea,Truncatelloidea,Emergents,0,0,0,NA,NA,3,FM,NA,NA,3,FM,NA,NA,3   NA   3   NA,FM   NA   FM   NA
SHR_2012-10-19 08:27:00,10/19/2012 8:27,SHR,2013,D,FALSE,CLR,NA,NA,17.4,1.4,107,NA,7.38,9.95,33.2,10,Low,883920,884000,80,5280,0.526329166,34.73772498,2,"low flow, flow meter not spinning",NA,Aquatic Non-Insects,188,Superfamily,Truncatelloidea,Truncatelloidea,Adults,0,0,0,NA,NA,3,FM,NA,NA,3,FM,NA,NA,3   NA   3   NA,FM   NA   FM   NA
SHR_2012-10-19 08:27:00,10/19/2012 8:27,SHR,2013,D,FALSE,CLR,NA,NA,17.4,1.4,107,NA,7.38,9.95,33.2,10,Low,883920,884000,80,5280,0.526329166,34.73772498,2,"low flow, flow meter not spinning",NA,Aquatic Non-Insects,188,Superfamily,Truncatelloidea,Truncatelloidea,NotDetermined,0,0,0,NA,NA,3,FM,NA,NA,3,FM,NA,NA,3   NA   3   NA,FM   NA   FM   NA
SHR_2012-10-19 08:27:00,10/19/2012 8:27,SHR,2013,D,FALSE,CLR,NA,NA,17.4,1.4,107,NA,7.38,9.95,33.2,10,Low,883920,884000,80,5280,0.526329166,34.73772498,2,"low flow, flow meter not spinning",NA,Aquatic Insects,189,Order,Plecoptera,Plecoptera,Larvae,0,0,0,NA,NA,3,FM,NA,NA,3,FM,NA,NA,3   NA   3   NA,FM   NA   FM   NA
SHR_2012-10-19 08:27:00,10/19/2012 8:27,SHR,2013,D,FALSE,CLR,NA,NA,17.4,1.4,107,NA,7.38,9.95,33.2,10,Low,883920,884000,80,5280,0.526329166,34.73772498,2,"low flow, flow meter not spinning",NA,Aquatic Insects,189,Order,Plecoptera,Plecoptera,Pupae,0,0,0,NA,NA,3,FM,NA,NA,3,FM,NA,NA,3   NA   3   NA,FM   NA   FM   NA
SHR_2012-10-19 08:27:00,10/19/2012 8:27,SHR,2013,D,FALSE,CLR,NA,NA,17.4,1.4,107,NA,7.38,9.95,33.2,10,Low,883920,884000,80,5280,0.526329166,34.73772498,2,"low flow, flow meter not spinning",NA,Aquatic Insects,189,Order,Plecoptera,Plecoptera,Nymphs,0,0,0,NA,NA,3,FM,NA,NA,3,FM,NA,NA,3   NA   3   NA,FM   NA   FM   NA
SHR_2012-10-19 08:27:00,10/19/2012 8:27,SHR,2013,D,FALSE,CLR,NA,NA,17.4,1.4,107,NA,7.38,9.95,33.2,10,Low,883920,884000,80,5280,0.526329166,34.73772498,2,"low flow, flow meter not spinning",NA,Aquatic Insects,189,Order,Plecoptera,Plecoptera,Emergents,0,0,0,NA,NA,3,FM,NA,NA,3,FM,NA,NA,3   NA   3   NA,FM   NA   FM   NA
SHR_2012-10-19 08:27:00,10/19/2012 8:27,SHR,2013,D,FALSE,CLR,NA,NA,17.4,1.4,107,NA,7.38,9.95,33.2,10,Low,883920,884000,80,5280,0.526329166,34.73772498,2,"low flow, flow meter not spinning",NA,Aquatic Insects,189,Order,Plecoptera,Plecoptera,Adults,0,0,0,NA,NA,3,FM,NA,NA,3,FM,NA,NA,3   NA   3   NA,FM   NA   FM   NA
SHR_2012-10-19 08:27:00,10/19/2012 8:27,SHR,2013,D,FALSE,CLR,NA,NA,17.4,1.4,107,NA,7.38,9.95,33.2,10,Low,883920,884000,80,5280,0.526329166,34.73772498,2,"low flow, flow meter not spinning",NA,Aquatic Insects,189,Order,Plecoptera,Plecoptera,NotDetermined,0,0,0,NA,NA,3,FM,NA,NA,3,FM,NA,NA,3   NA   3   NA,FM   NA   FM   NA
SHR_2012-10-19 08:27:00,10/19/2012 8:27,SHR,2013,D,FALSE,CLR,NA,NA,17.4,1.4,107,NA,7.38,9.95,33.2,10,Low,883920,884000,80,5280,0.526329166,34.73772498,2,"low flow, flow meter not spinning",NA,Terrestrial Non-Insects,191,Family,Leptocheliidae,Leptocheliidae,Larvae,0,0,0,NA,NA,3,FM,NA,NA,3,FM,NA,NA,3   NA   3   NA,FM   NA   FM   NA
SHR_2012-10-19 08:27:00,10/19/2012 8:27,SHR,2013,D,FALSE,CLR,NA,NA,17.4,1.4,107,NA,7.38,9.95,33.2,10,Low,883920,884000,80,5280,0.526329166,34.73772498,2,"low flow, flow meter not spinning",NA,Terrestrial Non-Insects,191,Family,Leptocheliidae,Leptocheliidae,Pupae,0,0,0,NA,NA,3,FM,NA,NA,3,FM,NA,NA,3   NA   3   NA,FM   NA   FM   NA
SHR_2012-10-19 08:27:00,10/19/2012 8:27,SHR,2013,D,FALSE,CLR,NA,NA,17.4,1.4,107,NA,7.38,9.95,33.2,10,Low,883920,884000,80,5280,0.526329166,34.73772498,2,"low flow, flow meter not spinning",NA,Terrestrial Non-Insects,191,Family,Leptocheliidae,Leptocheliidae,Nymphs,0,0,0,NA,NA,3,FM,NA,NA,3,FM,NA,NA,3   NA   3   NA,FM   NA   FM   NA
SHR_2012-10-19 08:27:00,10/19/2012 8:27,SHR,2013,D,FALSE,CLR,NA,NA,17.4,1.4,107,NA,7.38,9.95,33.2,10,Low,883920,884000,80,5280,0.526329166,34.73772498,2,"low flow, flow meter not spinning",NA,Terrestrial Non-Insects,191,Family,Leptocheliidae,Leptocheliidae,Emergents,0,0,0,NA,NA,3,FM,NA,NA,3,FM,NA,NA,3   NA   3   NA,FM   NA   FM   NA
SHR_2012-10-19 08:27:00,10/19/2012 8:27,SHR,2013,D,FALSE,CLR,NA,NA,17.4,1.4,107,NA,7.38,9.95,33.2,10,Low,883920,884000,80,5280,0.526329166,34.73772498,2,"low flow, flow meter not spinning",NA,Terrestrial Non-Insects,191,Family,Leptocheliidae,Leptocheliidae,Adults,0,0,0,NA,NA,3,FM,NA,NA,3,FM,NA,NA,3   NA   3   NA,FM   NA   FM   NA
SHR_2012-10-19 08:27:00,10/19/2012 8:27,SHR,2013,D,FALSE,CLR,NA,NA,17.4,1.4,107,NA,7.38,9.95,33.2,10,Low,883920,884000,80,5280,0.526329166,34.73772498,2,"low flow, flow meter not spinning",NA,Terrestrial Non-Insects,191,Family,Leptocheliidae,Leptocheliidae,NotDetermined,0,0,0,NA,NA,3,FM,NA,NA,3,FM,NA,NA,3   NA   3   NA,FM   NA   FM   NA
SHR_2012-10-19 08:27:00,10/19/2012 8:27,SHR,2013,D,FALSE,CLR,NA,NA,17.4,1.4,107,NA,7.38,9.95,33.2,10,Low,883920,884000,80,5280,0.526329166,34.73772498,2,"low flow, flow meter not spinning",NA,Terrestrial Insects,190,Suborder,Hydrachnidia,Hydrachnidia,Larvae,0,0,0,NA,NA,3,FM,NA,NA,3,FM,NA,NA,3   NA   3   NA,FM   NA   FM   NA
SHR_2012-10-19 08:27:00,10/19/2012 8:27,SHR,2013,D,FALSE,CLR,NA,NA,17.4,1.4,107,NA,7.38,9.95,33.2,10,Low,883920,884000,80,5280,0.526329166,34.73772498,2,"low flow, flow meter not spinning",NA,Terrestrial Insects,190,Suborder,Hydrachnidia,Hydrachnidia,Pupae,0,0,0,NA,NA,3,FM,NA,NA,3,FM,NA,NA,3   NA   3   NA,FM   NA   FM   NA
SHR_2012-10-19 08:27:00,10/19/2012 8:27,SHR,2013,D,FALSE,CLR,NA,NA,17.4,1.4,107,NA,7.38,9.95,33.2,10,Low,883920,884000,80,5280,0.526329166,34.73772498,2,"low flow, flow meter not spinning",NA,Terrestrial Insects,190,Suborder,Hydrachnidia,Hydrachnidia,Nymphs,0,0,0,NA,NA,3,FM,NA,NA,3,FM,NA,NA,3   NA   3   NA,FM   NA   FM   NA
SHR_2012-10-19 08:27:00,10/19/2012 8:27,SHR,2013,D,FALSE,CLR,NA,NA,17.4,1.4,107,NA,7.38,9.95,33.2,10,Low,883920,884000,80,5280,0.526329166,34.73772498,2,"low flow, flow meter not spinning",NA,Terrestrial Insects,190,Suborder,Hydrachnidia,Hydrachnidia,Emergents,0,0,0,NA,NA,3,FM,NA,NA,3,FM,NA,NA,3   NA   3   NA,FM   NA   FM   NA
SHR_2012-10-19 08:27:00,10/19/2012 8:27,SHR,2013,D,FALSE,CLR,NA,NA,17.4,1.4,107,NA,7.38,9.95,33.2,10,Low,883920,884000,80,5280,0.526329166,34.73772498,2,"low flow, flow meter not spinning",NA,Terrestrial Insects,190,Suborder,Hydrachnidia,Hydrachnidia,Adults,0,0,0,NA,NA,3,FM,NA,NA,3,FM,NA,NA,3   NA   3   NA,FM   NA   FM   NA
SHR_2012-10-19 08:27:00,10/19/2012 8:27,SHR,2013,D,FALSE,CLR,NA,NA,17.4,1.4,107,NA,7.38,9.95,33.2,10,Low,883920,884000,80,5280,0.526329166,34.73772498,2,"low flow, flow meter not spinning",NA,Terrestrial Insects,190,Suborder,Hydrachnidia,Hydrachnidia,NotDetermined,0,0,0,NA,NA,3,FM,NA,NA,3,FM,NA,NA,3   NA   3   NA,FM   NA   FM   NA
STTD_2012-10-19 10:05:00,10/19/2012 10:05,STTD,2013,D,FALSE,CLR,NA,NA,19.3,0.19,219,NA,8.01,8.99,94.2,2,Low,883710,884000,290,290,1.907943228,1.907943228,1,"high amounts of algae, 2 min tow. Used boat (flood tide)",NA,Aquatic Non-Insects,188,Superfamily,Truncatelloidea,Truncatelloidea,Larvae,0,0,0,3,TURB,2,SAMP,NA,NA,2,FM,NA,NA,2   NA   2   NA,SAMP   NA   FM   NA
STTD_2012-10-19 10:05:00,10/19/2012 10:05,STTD,2013,D,FALSE,CLR,NA,NA,19.3,0.19,219,NA,8.01,8.99,94.2,2,Low,883710,884000,290,290,1.907943228,1.907943228,1,"high amounts of algae, 2 min tow. Used boat (flood tide)",NA,Aquatic Non-Insects,188,Superfamily,Truncatelloidea,Truncatelloidea,Pupae,0,0,0,3,TURB,2,SAMP,NA,NA,2,FM,NA,NA,2   NA   2   NA,SAMP   NA   FM   NA
STTD_2012-10-19 10:05:00,10/19/2012 10:05,STTD,2013,D,FALSE,CLR,NA,NA,19.3,0.19,219,NA,8.01,8.99,94.2,2,Low,883710,884000,290,290,1.907943228,1.907943228,1,"high amounts of algae, 2 min tow. Used boat (flood tide)",NA,Aquatic Non-Insects,188,Superfamily,Truncatelloidea,Truncatelloidea,Nymphs,0,0,0,3,TURB,2,SAMP,NA,NA,2,FM,NA,NA,2   NA   2   NA,SAMP   NA   FM   NA
STTD_2012-10-19 10:05:00,10/19/2012 10:05,STTD,2013,D,FALSE,CLR,NA,NA,19.3,0.19,219,NA,8.01,8.99,94.2,2,Low,883710,884000,290,290,1.907943228,1.907943228,1,"high amounts of algae, 2 min tow. Used boat (flood tide)",NA,Aquatic Non-Insects,188,Superfamily,Truncatelloidea,Truncatelloidea,Emergents,0,0,0,3,TURB,2,SAMP,NA,NA,2,FM,NA,NA,2   NA   2   NA,SAMP   NA   FM   NA
STTD_2012-10-19 10:05:00,10/19/2012 10:05,STTD,2013,D,FALSE,CLR,NA,NA,19.3,0.19,219,NA,8.01,8.99,94.2,2,Low,883710,884000,290,290,1.907943228,1.907943228,1,"high amounts of algae, 2 min tow. Used boat (flood tide)",NA,Aquatic Non-Insects,188,Superfamily,Truncatelloidea,Truncatelloidea,Adults,0,0,0,3,TURB,2,SAMP,NA,NA,2,FM,NA,NA,2   NA   2   NA,SAMP   NA   FM   NA
STTD_2012-10-19 10:05:00,10/19/2012 10:05,STTD,2013,D,FALSE,CLR,NA,NA,19.3,0.19,219,NA,8.01,8.99,94.2,2,Low,883710,884000,290,290,1.907943228,1.907943228,1,"high amounts of algae, 2 min tow. Used boat (flood tide)",NA,Aquatic Non-Insects,188,Superfamily,Truncatelloidea,Truncatelloidea,NotDetermined,0,0,0,3,TURB,2,SAMP,NA,NA,2,FM,NA,NA,2   NA   2   NA,SAMP   NA   FM   NA
STTD_2012-10-19 10:05:00,10/19/2012 10:05,STTD,2013,D,FALSE,CLR,NA,NA,19.3,0.19,219,NA,8.01,8.99,94.2,2,Low,883710,884000,290,290,1.907943228,1.907943228,1,"high amounts of algae, 2 min tow. Used boat (flood tide)",NA,Aquatic Insects,189,Order,Plecoptera,Plecoptera,Larvae,0,0,0,3,TURB,2,SAMP,NA,NA,2,FM,NA,NA,2   NA   2   NA,SAMP   NA   FM   NA
STTD_2012-10-19 10:05:00,10/19/2012 10:05,STTD,2013,D,FALSE,CLR,NA,NA,19.3,0.19,219,NA,8.01,8.99,94.2,2,Low,883710,884000,290,290,1.907943228,1.907943228,1,"high amounts of algae, 2 min tow. Used boat (flood tide)",NA,Aquatic Insects,189,Order,Plecoptera,Plecoptera,Pupae,0,0,0,3,TURB,2,SAMP,NA,NA,2,FM,NA,NA,2   NA   2   NA,SAMP   NA   FM   NA
STTD_2012-10-19 10:05:00,10/19/2012 10:05,STTD,2013,D,FALSE,CLR,NA,NA,19.3,0.19,219,NA,8.01,8.99,94.2,2,Low,883710,884000,290,290,1.907943228,1.907943228,1,"high amounts of algae, 2 min tow. Used boat (flood tide)",NA,Aquatic Insects,189,Order,Plecoptera,Plecoptera,Nymphs,0,0,0,3,TURB,2,SAMP,NA,NA,2,FM,NA,NA,2   NA   2   NA,SAMP   NA   FM   NA
STTD_2012-10-19 10:05:00,10/19/2012 10:05,STTD,2013,D,FALSE,CLR,NA,NA,19.3,0.19,219,NA,8.01,8.99,94.2,2,Low,883710,884000,290,290,1.907943228,1.907943228,1,"high amounts of algae, 2 min tow. Used boat (flood tide)",NA,Aquatic Insects,189,Order,Plecoptera,Plecoptera,Emergents,0,0,0,3,TURB,2,SAMP,NA,NA,2,FM,NA,NA,2   NA   2   NA,SAMP   NA   FM   NA
STTD_2012-10-19 10:05:00,10/19/2012 10:05,STTD,2013,D,FALSE,CLR,NA,NA,19.3,0.19,219,NA,8.01,8.99,94.2,2,Low,883710,884000,290,290,1.907943228,1.907943228,1,"high amounts of algae, 2 min tow. Used boat (flood tide)",NA,Aquatic Insects,189,Order,Plecoptera,Plecoptera,Adults,0,0,0,3,TURB,2,SAMP,NA,NA,2,FM,NA,NA,2   NA   2   NA,SAMP   NA   FM   NA
STTD_2012-10-19 10:05:00,10/19/2012 10:05,STTD,2013,D,FALSE,CLR,NA,NA,19.3,0.19,219,NA,8.01,8.99,94.2,2,Low,883710,884000,290,290,1.907943228,1.907943228,1,"high amounts of algae, 2 min tow. Used boat (flood tide)",NA,Aquatic Insects,189,Order,Plecoptera,Plecoptera,NotDetermined,0,0,0,3,TURB,2,SAMP,NA,NA,2,FM,NA,NA,2   NA   2   NA,SAMP   NA   FM   NA
STTD_2012-10-19 10:05:00,10/19/2012 10:05,STTD,2013,D,FALSE,CLR,NA,NA,19.3,0.19,219,NA,8.01,8.99,94.2,2,Low,883710,884000,290,290,1.907943228,1.907943228,1,"high amounts of algae, 2 min tow. Used boat (flood tide)",NA,Terrestrial Non-Insects,191,Family,Leptocheliidae,Leptocheliidae,Larvae,0,0,0,3,TURB,2,SAMP,NA,NA,2,FM,NA,NA,2   NA   2   NA,SAMP   NA   FM   NA
STTD_2012-10-19 10:05:00,10/19/2012 10:05,STTD,2013,D,FALSE,CLR,NA,NA,19.3,0.19,219,NA,8.01,8.99,94.2,2,Low,883710,884000,290,290,1.907943228,1.907943228,1,"high amounts of algae, 2 min tow. Used boat (flood tide)",NA,Terrestrial Non-Insects,191,Family,Leptocheliidae,Leptocheliidae,Pupae,0,0,0,3,TURB,2,SAMP,NA,NA,2,FM,NA,NA,2   NA   2   NA,SAMP   NA   FM   NA
STTD_2012-10-19 10:05:00,10/19/2012 10:05,STTD,2013,D,FALSE,CLR,NA,NA,19.3,0.19,219,NA,8.01,8.99,94.2,2,Low,883710,884000,290,290,1.907943228,1.907943228,1,"high amounts of algae, 2 min tow. Used boat (flood tide)",NA,Terrestrial Non-Insects,191,Family,Leptocheliidae,Leptocheliidae,Nymphs,0,0,0,3,TURB,2,SAMP,NA,NA,2,FM,NA,NA,2   NA   2   NA,SAMP   NA   FM   NA
STTD_2012-10-19 10:05:00,10/19/2012 10:05,STTD,2013,D,FALSE,CLR,NA,NA,19.3,0.19,219,NA,8.01,8.99,94.2,2,Low,883710,884000,290,290,1.907943228,1.907943228,1,"high amounts of algae, 2 min tow. Used boat (flood tide)",NA,Terrestrial Non-Insects,191,Family,Leptocheliidae,Leptocheliidae,Emergents,0,0,0,3,TURB,2,SAMP,NA,NA,2,FM,NA,NA,2   NA   2   NA,SAMP   NA   FM   NA
STTD_2012-10-19 10:05:00,10/19/2012 10:05,STTD,2013,D,FALSE,CLR,NA,NA,19.3,0.19,219,NA,8.01,8.99,94.2,2,Low,883710,884000,290,290,1.907943228,1.907943228,1,"high amounts of algae, 2 min tow. Used boat (flood tide)",NA,Terrestrial Non-Insects,191,Family,Leptocheliidae,Leptocheliidae,Adults,0,0,0,3,TURB,2,SAMP,NA,NA,2,FM,NA,NA,2   NA   2   NA,SAMP   NA   FM   NA
STTD_2012-10-19 10:05:00,10/19/2012 10:05,STTD,2013,D,FALSE,CLR,NA,NA,19.3,0.19,219,NA,8.01,8.99,94.2,2,Low,883710,884000,290,290,1.907943228,1.907943228,1,"high amounts of algae, 2 min tow. Used boat (flood tide)",NA,Terrestrial Non-Insects,191,Family,Leptocheliidae,Leptocheliidae,NotDetermined,0,0,0,3,TURB,2,SAMP,NA,NA,2,FM,NA,NA,2   NA   2   NA,SAMP   NA   FM   NA
STTD_2012-10-19 10:05:00,10/19/2012 10:05,STTD,2013,D,FALSE,CLR,NA,NA,19.3,0.19,219,NA,8.01,8.99,94.2,2,Low,883710,884000,290,290,1.907943228,1.907943228,1,"high amounts of algae, 2 min tow. Used boat (flood tide)",NA,Terrestrial Insects,190,Suborder,Hydrachnidia,Hydrachnidia,Larvae,0,0,0,3,TURB,2,SAMP,NA,NA,2,FM,NA,NA,2   NA   2   NA,SAMP   NA   FM   NA
STTD_2012-10-19 10:05:00,10/19/2012 10:05,STTD,2013,D,FALSE,CLR,NA,NA,19.3,0.19,219,NA,8.01,8.99,94.2,2,Low,883710,884000,290,290,1.907943228,1.907943228,1,"high amounts of algae, 2 min tow. Used boat (flood tide)",NA,Terrestrial Insects,190,Suborder,Hydrachnidia,Hydrachnidia,Pupae,0,0,0,3,TURB,2,SAMP,NA,NA,2,FM,NA,NA,2   NA   2   NA,SAMP   NA   FM   NA
STTD_2012-10-19 10:05:00,10/19/2012 10:05,STTD,2013,D,FALSE,CLR,NA,NA,19.3,0.19,219,NA,8.01,8.99,94.2,2,Low,883710,884000,290,290,1.907943228,1.907943228,1,"high amounts of algae, 2 min tow. Used boat (flood tide)",NA,Terrestrial Insects,190,Suborder,Hydrachnidia,Hydrachnidia,Nymphs,0,0,0,3,TURB,2,SAMP,NA,NA,2,FM,NA,NA,2   NA   2   NA,SAMP   NA   FM   NA
STTD_2012-10-19 10:05:00,10/19/2012 10:05,STTD,2013,D,FALSE,CLR,NA,NA,19.3,0.19,219,NA,8.01,8.99,94.2,2,Low,883710,884000,290,290,1.907943228,1.907943228,1,"high amounts of algae, 2 min tow. Used boat (flood tide)",NA,Terrestrial Insects,190,Suborder,Hydrachnidia,Hydrachnidia,Emergents,0,0,0,3,TURB,2,SAMP,NA,NA,2,FM,NA,NA,2   NA   2   NA,SAMP   NA   FM   NA
STTD_2012-10-19 10:05:00,10/19/2012 10:05,STTD,2013,D,FALSE,CLR,NA,NA,19.3,0.19,219,NA,8.01,8.99,94.2,2,Low,883710,884000,290,290,1.907943228,1.907943228,1,"high amounts of algae, 2 min tow. Used boat (flood tide)",NA,Terrestrial Insects,190,Suborder,Hydrachnidia,Hydrachnidia,Adults,0,0,0,3,TURB,2,SAMP,NA,NA,2,FM,NA,NA,2   NA   2   NA,SAMP   NA   FM   NA
STTD_2012-10-19 10:05:00,10/19/2012 10:05,STTD,2013,D,FALSE,CLR,NA,NA,19.3,0.19,219,NA,8.01,8.99,94.2,2,Low,883710,884000,290,290,1.907943228,1.907943228,1,"high amounts of algae, 2 min tow. Used boat (flood tide)",NA,Terrestrial Insects,190,Suborder,Hydrachnidia,Hydrachnidia,NotDetermined,0,0,0,3,TURB,2,SAMP,NA,NA,2,FM,NA,NA,2   NA   2   NA,SAMP   NA   FM   NA
SHR_2012-10-30 08:40:00,10/30/2012 8:40,SHR,2013,D,FALSE,FOG,NA,NA,15.3,1.86,106,NA,7.59,9.89,16.8,10,Low,882862,883000,138,5280,0.907917812,34.73772498,1,NA,NA,Aquatic Non-Insects,188,Superfamily,Truncatelloidea,Truncatelloidea,Larvae,0,0,0,NA,NA,NA,NA,NA,NA,3,FM,NA,NA,NA   NA   3   NA,NA   NA   FM   NA
SHR_2012-10-30 08:40:00,10/30/2012 8:40,SHR,2013,D,FALSE,FOG,NA,NA,15.3,1.86,106,NA,7.59,9.89,16.8,10,Low,882862,883000,138,5280,0.907917812,34.73772498,1,NA,NA,Aquatic Non-Insects,188,Superfamily,Truncatelloidea,Truncatelloidea,Pupae,0,0,0,NA,NA,NA,NA,NA,NA,3,FM,NA,NA,NA   NA   3   NA,NA   NA   FM   NA
SHR_2012-10-30 08:40:00,10/30/2012 8:40,SHR,2013,D,FALSE,FOG,NA,NA,15.3,1.86,106,NA,7.59,9.89,16.8,10,Low,882862,883000,138,5280,0.907917812,34.73772498,1,NA,NA,Aquatic Non-Insects,188,Superfamily,Truncatelloidea,Truncatelloidea,Nymphs,0,0,0,NA,NA,NA,NA,NA,NA,3,FM,NA,NA,NA   NA   3   NA,NA   NA   FM   NA
SHR_2012-10-30 08:40:00,10/30/2012 8:40,SHR,2013,D,FALSE,FOG,NA,NA,15.3,1.86,106,NA,7.59,9.89,16.8,10,Low,882862,883000,138,5280,0.907917812,34.73772498,1,NA,NA,Aquatic Non-Insects,188,Superfamily,Truncatelloidea,Truncatelloidea,Emergents,0,0,0,NA,NA,NA,NA,NA,NA,3,FM,NA,NA,NA   NA   3   NA,NA   NA   FM   NA
SHR_2012-10-30 08:40:00,10/30/2012 8:40,SHR,2013,D,FALSE,FOG,NA,NA,15.3,1.86,106,NA,7.59,9.89,16.8,10,Low,882862,883000,138,5280,0.907917812,34.73772498,1,NA,NA,Aquatic Non-Insects,188,Superfamily,Truncatelloidea,Truncatelloidea,Adults,0,0,0,NA,NA,NA,NA,NA,NA,3,FM,NA,NA,NA   NA   3   NA,NA   NA   FM   NA
SHR_2012-10-30 08:40:00,10/30/2012 8:40,SHR,2013,D,FALSE,FOG,NA,NA,15.3,1.86,106,NA,7.59,9.89,16.8,10,Low,882862,883000,138,5280,0.907917812,34.73772498,1,NA,NA,Aquatic Non-Insects,188,Superfamily,Truncatelloidea,Truncatelloidea,NotDetermined,0,0,0,NA,NA,NA,NA,NA,NA,3,FM,NA,NA,NA   NA   3   NA,NA   NA   FM   NA
SHR_2012-10-30 08:40:00,10/30/2012 8:40,SHR,2013,D,FALSE,FOG,NA,NA,15.3,1.86,106,NA,7.59,9.89,16.8,10,Low,882862,883000,138,5280,0.907917812,34.73772498,1,NA,NA,Aquatic Insects,189,Order,Plecoptera,Plecoptera,Larvae,0,0,0,NA,NA,NA,NA,NA,NA,3,FM,NA,NA,NA   NA   3   NA,NA   NA   FM   NA
SHR_2012-10-30 08:40:00,10/30/2012 8:40,SHR,2013,D,FALSE,FOG,NA,NA,15.3,1.86,106,NA,7.59,9.89,16.8,10,Low,882862,883000,138,5280,0.907917812,34.73772498,1,NA,NA,Aquatic Insects,189,Order,Plecoptera,Plecoptera,Pupae,0,0,0,NA,NA,NA,NA,NA,NA,3,FM,NA,NA,NA   NA   3   NA,NA   NA   FM   NA
SHR_2012-10-30 08:40:00,10/30/2012 8:40,SHR,2013,D,FALSE,FOG,NA,NA,15.3,1.86,106,NA,7.59,9.89,16.8,10,Low,882862,883000,138,5280,0.907917812,34.73772498,1,NA,NA,Aquatic Insects,189,Order,Plecoptera,Plecoptera,Nymphs,0,0,0,NA,NA,NA,NA,NA,NA,3,FM,NA,NA,NA   NA   3   NA,NA   NA   FM   NA
SHR_2012-10-30 08:40:00,10/30/2012 8:40,SHR,2013,D,FALSE,FOG,NA,NA,15.3,1.86,106,NA,7.59,9.89,16.8,10,Low,882862,883000,138,5280,0.907917812,34.73772498,1,NA,NA,Aquatic Insects,189,Order,Plecoptera,Plecoptera,Emergents,0,0,0,NA,NA,NA,NA,NA,NA,3,FM,NA,NA,NA   NA   3   NA,NA   NA   FM   NA
SHR_2012-10-30 08:40:00,10/30/2012 8:40,SHR,2013,D,FALSE,FOG,NA,NA,15.3,1.86,106,NA,7.59,9.89,16.8,10,Low,882862,883000,138,5280,0.907917812,34.73772498,1,NA,NA,Aquatic Insects,189,Order,Plecoptera,Plecoptera,Adults,0,0,0,NA,NA,NA,NA,NA,NA,3,FM,NA,NA,NA   NA   3   NA,NA   NA   FM   NA
SHR_2012-10-30 08:40:00,10/30/2012 8:40,SHR,2013,D,FALSE,FOG,NA,NA,15.3,1.86,106,NA,7.59,9.89,16.8,10,Low,882862,883000,138,5280,0.907917812,34.73772498,1,NA,NA,Aquatic Insects,189,Order,Plecoptera,Plecoptera,NotDetermined,0,0,0,NA,NA,NA,NA,NA,NA,3,FM,NA,NA,NA   NA   3   NA,NA   NA   FM   NA
SHR_2012-10-30 08:40:00,10/30/2012 8:40,SHR,2013,D,FALSE,FOG,NA,NA,15.3,1.86,106,NA,7.59,9.89,16.8,10,Low,882862,883000,138,5280,0.907917812,34.73772498,1,NA,NA,Terrestrial Non-Insects,191,Family,Leptocheliidae,Leptocheliidae,Larvae,0,0,0,NA,NA,NA,NA,NA,NA,3,FM,NA,NA,NA   NA   3   NA,NA   NA   FM   NA
SHR_2012-10-30 08:40:00,10/30/2012 8:40,SHR,2013,D,FALSE,FOG,NA,NA,15.3,1.86,106,NA,7.59,9.89,16.8,10,Low,882862,883000,138,5280,0.907917812,34.73772498,1,NA,NA,Terrestrial Non-Insects,191,Family,Leptocheliidae,Leptocheliidae,Pupae,0,0,0,NA,NA,NA,NA,NA,NA,3,FM,NA,NA,NA   NA   3   NA,NA   NA   FM   NA
SHR_2012-10-30 08:40:00,10/30/2012 8:40,SHR,2013,D,FALSE,FOG,NA,NA,15.3,1.86,106,NA,7.59,9.89,16.8,10,Low,882862,883000,138,5280,0.907917812,34.73772498,1,NA,NA,Terrestrial Non-Insects,191,Family,Leptocheliidae,Leptocheliidae,Nymphs,0,0,0,NA,NA,NA,NA,NA,NA,3,FM,NA,NA,NA   NA   3   NA,NA   NA   FM   NA
SHR_2012-10-30 08:40:00,10/30/2012 8:40,SHR,2013,D,FALSE,FOG,NA,NA,15.3,1.86,106,NA,7.59,9.89,16.8,10,Low,882862,883000,138,5280,0.907917812,34.73772498,1,NA,NA,Terrestrial Non-Insects,191,Family,Leptocheliidae,Leptocheliidae,Emergents,0,0,0,NA,NA,NA,NA,NA,NA,3,FM,NA,NA,NA   NA   3   NA,NA   NA   FM   NA
SHR_2012-10-30 08:40:00,10/30/2012 8:40,SHR,2013,D,FALSE,FOG,NA,NA,15.3,1.86,106,NA,7.59,9.89,16.8,10,Low,882862,883000,138,5280,0.907917812,34.73772498,1,NA,NA,Terrestrial Non-Insects,191,Family,Leptocheliidae,Leptocheliidae,Adults,0,0,0,NA,NA,NA,NA,NA,NA,3,FM,NA,NA,NA   NA   3   NA,NA   NA   FM   NA
SHR_2012-10-30 08:40:00,10/30/2012 8:40,SHR,2013,D,FALSE,FOG,NA,NA,15.3,1.86,106,NA,7.59,9.89,16.8,10,Low,882862,883000,138,5280,0.907917812,34.73772498,1,NA,NA,Terrestrial Non-Insects,191,Family,Leptocheliidae,Leptocheliidae,NotDetermined,0,0,0,NA,NA,NA,NA,NA,NA,3,FM,NA,NA,NA   NA   3   NA,NA   NA   FM   NA
SHR_2012-10-30 08:40:00,10/30/2012 8:40,SHR,2013,D,FALSE,FOG,NA,NA,15.3,1.86,106,NA,7.59,9.89,16.8,10,Low,882862,883000,138,5280,0.907917812,34.73772498,1,NA,NA,Terrestrial Insects,190,Suborder,Hydrachnidia,Hydrachnidia,Larvae,0,0,0,NA,NA,NA,NA,NA,NA,3,FM,NA,NA,NA   NA   3   NA,NA   NA   FM   NA
SHR_2012-10-30 08:40:00,10/30/2012 8:40,SHR,2013,D,FALSE,FOG,NA,NA,15.3,1.86,106,NA,7.59,9.89,16.8,10,Low,882862,883000,138,5280,0.907917812,34.73772498,1,NA,NA,Terrestrial Insects,190,Suborder,Hydrachnidia,Hydrachnidia,Pupae,0,0,0,NA,NA,NA,NA,NA,NA,3,FM,NA,NA,NA   NA   3   NA,NA   NA   FM   NA
SHR_2012-10-30 08:40:00,10/30/2012 8:40,SHR,2013,D,FALSE,FOG,NA,NA,15.3,1.86,106,NA,7.59,9.89,16.8,10,Low,882862,883000,138,5280,0.907917812,34.73772498,1,NA,NA,Terrestrial Insects,190,Suborder,Hydrachnidia,Hydrachnidia,Nymphs,0,0,0,NA,NA,NA,NA,NA,NA,3,FM,NA,NA,NA   NA   3   NA,NA   NA   FM   NA
SHR_2012-10-30 08:40:00,10/30/2012 8:40,SHR,2013,D,FALSE,FOG,NA,NA,15.3,1.86,106,NA,7.59,9.89,16.8,10,Low,882862,883000,138,5280,0.907917812,34.73772498,1,NA,NA,Terrestrial Insects,190,Suborder,Hydrachnidia,Hydrachnidia,Emergents,0,0,0,NA,NA,NA,NA,NA,NA,3,FM,NA,NA,NA   NA   3   NA,NA   NA   FM   NA
SHR_2012-10-30 08:40:00,10/30/2012 8:40,SHR,2013,D,FALSE,FOG,NA,NA,15.3,1.86,106,NA,7.59,9.89,16.8,10,Low,882862,883000,138,5280,0.907917812,34.73772498,1,NA,NA,Terrestrial Insects,190,Suborder,Hydrachnidia,Hydrachnidia,Adults,0,0,0,NA,NA,NA,NA,NA,NA,3,FM,NA,NA,NA   NA   3   NA,NA   NA   FM   NA
SHR_2012-10-30 08:40:00,10/30/2012 8:40,SHR,2013,D,FALSE,FOG,NA,NA,15.3,1.86,106,NA,7.59,9.89,16.8,10,Low,882862,883000,138,5280,0.907917812,34.73772498,1,NA,NA,Terrestrial Insects,190,Suborder,Hydrachnidia,Hydrachnidia,NotDetermined,0,0,0,NA,NA,NA,NA,NA,NA,3,FM,NA,NA,NA   NA   3   NA,NA   NA   FM   NA
STTD_2012-10-30 10:41:00,10/30/2012 10:41,STTD,2013,D,FALSE,CLR,NA,NA,16.7,0.21,557,NA,7.84,7.26,42,10,Low,880065,883000,2935,2935,19.30970129,19.30970129,1,NA,NA,Terrestrial Insects,71,Order,Hemiptera,Hemiptera,Larvae,0,0,0,NA,NA,NA,NA,NA,NA,NA,NA,NA,NA,NA   NA   NA   NA,NA   NA   NA   NA
STTD_2012-10-30 10:41:00,10/30/2012 10:41,STTD,2013,D,FALSE,CLR,NA,NA,16.7,0.21,557,NA,7.84,7.26,42,10,Low,880065,883000,2935,2935,19.30970129,19.30970129,1,NA,NA,Terrestrial Insects,71,Order,Hemiptera,Hemiptera,Pupae,0,0,0,NA,NA,NA,NA,NA,NA,NA,NA,NA,NA,NA   NA   NA   NA,NA   NA   NA   NA
STTD_2012-10-30 10:41:00,10/30/2012 10:41,STTD,2013,D,FALSE,CLR,NA,NA,16.7,0.21,557,NA,7.84,7.26,42,10,Low,880065,883000,2935,2935,19.30970129,19.30970129,1,NA,NA,Terrestrial Insects,71,Order,Hemiptera,Hemiptera,Nymphs,0,0,0,NA,NA,NA,NA,NA,NA,NA,NA,NA,NA,NA   NA   NA   NA,NA   NA   NA   NA
STTD_2012-10-30 10:41:00,10/30/2012 10:41,STTD,2013,D,FALSE,CLR,NA,NA,16.7,0.21,557,NA,7.84,7.26,42,10,Low,880065,883000,2935,2935,19.30970129,19.30970129,1,NA,NA,Terrestrial Insects,71,Order,Hemiptera,Hemiptera,Emergents,0,0,0,NA,NA,NA,NA,NA,NA,NA,NA,NA,NA,NA   NA   NA   NA,NA   NA   NA   NA
STTD_2012-10-30 10:41:00,10/30/2012 10:41,STTD,2013,D,FALSE,CLR,NA,NA,16.7,0.21,557,NA,7.84,7.26,42,10,Low,880065,883000,2935,2935,19.30970129,19.30970129,1,NA,NA,Terrestrial Insects,71,Order,Hemiptera,Hemiptera,Adults,5,0.259,0.259,NA,NA,NA,NA,NA,NA,NA,NA,NA,NA,NA   NA   NA   NA,NA   NA   NA   NA
STTD_2012-10-30 10:41:00,10/30/2012 10:41,STTD,2013,D,FALSE,CLR,NA,NA,16.7,0.21,557,NA,7.84,7.26,42,10,Low,880065,883000,2935,2935,19.30970129,19.30970129,1,NA,NA,Terrestrial Insects,71,Order,Hemiptera,Hemiptera,NotDetermined,0,0,0,NA,NA,NA,NA,NA,NA,NA,NA,NA,NA,NA   NA   NA   NA,NA   NA   NA   NA
STTD_2012-10-30 10:41:00,10/30/2012 10:41,STTD,2013,D,FALSE,CLR,NA,NA,16.7,0.21,557,NA,7.84,7.26,42,10,Low,880065,883000,2935,2935,19.30970129,19.30970129,1,NA,NA,Terrestrial Insects,64,Order,Diptera,Diptera,Larvae,0,0,0,NA,NA,NA,NA,NA,NA,NA,NA,NA,NA,NA   NA   NA   NA,NA   NA   NA   NA
STTD_2012-10-30 10:41:00,10/30/2012 10:41,STTD,2013,D,FALSE,CLR,NA,NA,16.7,0.21,557,NA,7.84,7.26,42,10,Low,880065,883000,2935,2935,19.30970129,19.30970129,1,NA,NA,Terrestrial Insects,64,Order,Diptera,Diptera,Pupae,0,0,0,NA,NA,NA,NA,NA,NA,NA,NA,NA,NA,NA   NA   NA   NA,NA   NA   NA   NA
STTD_2012-10-30 10:41:00,10/30/2012 10:41,STTD,2013,D,FALSE,CLR,NA,NA,16.7,0.21,557,NA,7.84,7.26,42,10,Low,880065,883000,2935,2935,19.30970129,19.30970129,1,NA,NA,Terrestrial Insects,64,Order,Diptera,Diptera,Nymphs,0,0,0,NA,NA,NA,NA,NA,NA,NA,NA,NA,NA,NA   NA   NA   NA,NA   NA   NA   NA
STTD_2012-10-30 10:41:00,10/30/2012 10:41,STTD,2013,D,FALSE,CLR,NA,NA,16.7,0.21,557,NA,7.84,7.26,42,10,Low,880065,883000,2935,2935,19.30970129,19.30970129,1,NA,NA,Terrestrial Insects,64,Order,Diptera,Diptera,Emergents,0,0,0,NA,NA,NA,NA,NA,NA,NA,NA,NA,NA,NA   NA   NA   NA,NA   NA   NA   NA
STTD_2012-10-30 10:41:00,10/30/2012 10:41,STTD,2013,D,FALSE,CLR,NA,NA,16.7,0.21,557,NA,7.84,7.26,42,10,Low,880065,883000,2935,2935,19.30970129,19.30970129,1,NA,NA,Terrestrial Insects,64,Order,Diptera,Diptera,Adults,3,0.155,0.155,NA,NA,NA,NA,NA,NA,NA,NA,NA,NA,NA   NA   NA   NA,NA   NA   NA   NA
STTD_2012-10-30 10:41:00,10/30/2012 10:41,STTD,2013,D,FALSE,CLR,NA,NA,16.7,0.21,557,NA,7.84,7.26,42,10,Low,880065,883000,2935,2935,19.30970129,19.30970129,1,NA,NA,Terrestrial Insects,64,Order,Diptera,Diptera,NotDetermined,0,0,0,NA,NA,NA,NA,NA,NA,NA,NA,NA,NA,NA   NA   NA   NA,NA   NA   NA   NA
STTD_2012-10-30 10:41:00,10/30/2012 10:41,STTD,2013,D,FALSE,CLR,NA,NA,16.7,0.21,557,NA,7.84,7.26,42,10,Low,880065,883000,2935,2935,19.30970129,19.30970129,1,NA,NA,Terrestrial Non-Insects,68,Order,Collembola,Collembola,Larvae,0,0,0,NA,NA,NA,NA,NA,NA,NA,NA,NA,NA,NA   NA   NA   NA,NA   NA   NA   NA
STTD_2012-10-30 10:41:00,10/30/2012 10:41,STTD,2013,D,FALSE,CLR,NA,NA,16.7,0.21,557,NA,7.84,7.26,42,10,Low,880065,883000,2935,2935,19.30970129,19.30970129,1,NA,NA,Terrestrial Non-Insects,68,Order,Collembola,Collembola,Pupae,0,0,0,NA,NA,NA,NA,NA,NA,NA,NA,NA,NA,NA   NA   NA   NA,NA   NA   NA   NA
STTD_2012-10-30 10:41:00,10/30/2012 10:41,STTD,2013,D,FALSE,CLR,NA,NA,16.7,0.21,557,NA,7.84,7.26,42,10,Low,880065,883000,2935,2935,19.30970129,19.30970129,1,NA,NA,Terrestrial Non-Insects,68,Order,Collembola,Collembola,Nymphs,0,0,0,NA,NA,NA,NA,NA,NA,NA,NA,NA,NA,NA   NA   NA   NA,NA   NA   NA   NA
STTD_2012-10-30 10:41:00,10/30/2012 10:41,STTD,2013,D,FALSE,CLR,NA,NA,16.7,0.21,557,NA,7.84,7.26,42,10,Low,880065,883000,2935,2935,19.30970129,19.30970129,1,NA,NA,Terrestrial Non-Insects,68,Order,Collembola,Collembola,Emergents,0,0,0,NA,NA,NA,NA,NA,NA,NA,NA,NA,NA,NA   NA   NA   NA,NA   NA   NA   NA
STTD_2012-10-30 10:41:00,10/30/2012 10:41,STTD,2013,D,FALSE,CLR,NA,NA,16.7,0.21,557,NA,7.84,7.26,42,10,Low,880065,883000,2935,2935,19.30970129,19.30970129,1,NA,NA,Terrestrial Non-Insects,68,Order,Collembola,Collembola,Adults,0,0,0,NA,NA,NA,NA,NA,NA,NA,NA,NA,NA,NA   NA   NA   NA,NA   NA   NA   NA
STTD_2012-10-30 10:41:00,10/30/2012 10:41,STTD,2013,D,FALSE,CLR,NA,NA,16.7,0.21,557,NA,7.84,7.26,42,10,Low,880065,883000,2935,2935,19.30970129,19.30970129,1,NA,NA,Terrestrial Non-Insects,68,Order,Collembola,Collembola,NotDetermined,1,0.052,0.052,NA,NA,NA,NA,NA,NA,NA,NA,NA,NA,NA   NA   NA   NA,NA   NA   NA   NA
STTD_2012-10-30 10:41:00,10/30/2012 10:41,STTD,2013,D,FALSE,CLR,NA,NA,16.7,0.21,557,NA,7.84,7.26,42,10,Low,880065,883000,2935,2935,19.30970129,19.30970129,1,NA,NA,Terrestrial Insects,66,Order,Hymenoptera,Hymenoptera,Larvae,0,0,0,NA,NA,NA,NA,NA,NA,NA,NA,NA,NA,NA   NA   NA   NA,NA   NA   NA   NA
STTD_2012-10-30 10:41:00,10/30/2012 10:41,STTD,2013,D,FALSE,CLR,NA,NA,16.7,0.21,557,NA,7.84,7.26,42,10,Low,880065,883000,2935,2935,19.30970129,19.30970129,1,NA,NA,Terrestrial Insects,66,Order,Hymenoptera,Hymenoptera,Pupae,0,0,0,NA,NA,NA,NA,NA,NA,NA,NA,NA,NA,NA   NA   NA   NA,NA   NA   NA   NA
STTD_2012-10-30 10:41:00,10/30/2012 10:41,STTD,2013,D,FALSE,CLR,NA,NA,16.7,0.21,557,NA,7.84,7.26,42,10,Low,880065,883000,2935,2935,19.30970129,19.30970129,1,NA,NA,Terrestrial Insects,66,Order,Hymenoptera,Hymenoptera,Nymphs,0,0,0,NA,NA,NA,NA,NA,NA,NA,NA,NA,NA,NA   NA   NA   NA,NA   NA   NA   NA
STTD_2012-10-30 10:41:00,10/30/2012 10:41,STTD,2013,D,FALSE,CLR,NA,NA,16.7,0.21,557,NA,7.84,7.26,42,10,Low,880065,883000,2935,2935,19.30970129,19.30970129,1,NA,NA,Terrestrial Insects,66,Order,Hymenoptera,Hymenoptera,Emergents,0,0,0,NA,NA,NA,NA,NA,NA,NA,NA,NA,NA,NA   NA   NA   NA,NA   NA   NA   NA
STTD_2012-10-30 10:41:00,10/30/2012 10:41,STTD,2013,D,FALSE,CLR,NA,NA,16.7,0.21,557,NA,7.84,7.26,42,10,Low,880065,883000,2935,2935,19.30970129,19.30970129,1,NA,NA,Terrestrial Insects,66,Order,Hymenoptera,Hymenoptera,Adults,1,0.052,0.052,NA,NA,NA,NA,NA,NA,NA,NA,NA,NA,NA   NA   NA   NA,NA   NA   NA   NA
STTD_2012-10-30 10:41:00,10/30/2012 10:41,STTD,2013,D,FALSE,CLR,NA,NA,16.7,0.21,557,NA,7.84,7.26,42,10,Low,880065,883000,2935,2935,19.30970129,19.30970129,1,NA,NA,Terrestrial Insects,66,Order,Hymenoptera,Hymenoptera,NotDetermined,0,0,0,NA,NA,NA,NA,NA,NA,NA,NA,NA,NA,NA   NA   NA   NA,NA   NA   NA   NA
STTD_2012-10-30 10:41:00,10/30/2012 10:41,STTD,2013,D,FALSE,CLR,NA,NA,16.7,0.21,557,NA,7.84,7.26,42,10,Low,880065,883000,2935,2935,19.30970129,19.30970129,1,NA,NA,Aquatic Non-Insects,188,Superfamily,Truncatelloidea,Truncatelloidea,Larvae,0,0,0,NA,NA,NA,NA,NA,NA,NA,NA,NA,NA,NA   NA   NA   NA,NA   NA   NA   NA
STTD_2012-10-30 10:41:00,10/30/2012 10:41,STTD,2013,D,FALSE,CLR,NA,NA,16.7,0.21,557,NA,7.84,7.26,42,10,Low,880065,883000,2935,2935,19.30970129,19.30970129,1,NA,NA,Aquatic Non-Insects,188,Superfamily,Truncatelloidea,Truncatelloidea,Pupae,0,0,0,NA,NA,NA,NA,NA,NA,NA,NA,NA,NA,NA   NA   NA   NA,NA   NA   NA   NA
STTD_2012-10-30 10:41:00,10/30/2012 10:41,STTD,2013,D,FALSE,CLR,NA,NA,16.7,0.21,557,NA,7.84,7.26,42,10,Low,880065,883000,2935,2935,19.30970129,19.30970129,1,NA,NA,Aquatic Non-Insects,188,Superfamily,Truncatelloidea,Truncatelloidea,Nymphs,0,0,0,NA,NA,NA,NA,NA,NA,NA,NA,NA,NA,NA   NA   NA   NA,NA   NA   NA   NA
STTD_2012-10-30 10:41:00,10/30/2012 10:41,STTD,2013,D,FALSE,CLR,NA,NA,16.7,0.21,557,NA,7.84,7.26,42,10,Low,880065,883000,2935,2935,19.30970129,19.30970129,1,NA,NA,Aquatic Non-Insects,188,Superfamily,Truncatelloidea,Truncatelloidea,Emergents,0,0,0,NA,NA,NA,NA,NA,NA,NA,NA,NA,NA,NA   NA   NA   NA,NA   NA   NA   NA
STTD_2012-10-30 10:41:00,10/30/2012 10:41,STTD,2013,D,FALSE,CLR,NA,NA,16.7,0.21,557,NA,7.84,7.26,42,10,Low,880065,883000,2935,2935,19.30970129,19.30970129,1,NA,NA,Aquatic Non-Insects,188,Superfamily,Truncatelloidea,Truncatelloidea,Adults,0,0,0,NA,NA,NA,NA,NA,NA,NA,NA,NA,NA,NA   NA   NA   NA,NA   NA   NA   NA
STTD_2012-10-30 10:41:00,10/30/2012 10:41,STTD,2013,D,FALSE,CLR,NA,NA,16.7,0.21,557,NA,7.84,7.26,42,10,Low,880065,883000,2935,2935,19.30970129,19.30970129,1,NA,NA,Aquatic Non-Insects,188,Superfamily,Truncatelloidea,Truncatelloidea,NotDetermined,0,0,0,NA,NA,NA,NA,NA,NA,NA,NA,NA,NA,NA   NA   NA   NA,NA   NA   NA   NA
STTD_2012-10-30 10:41:00,10/30/2012 10:41,STTD,2013,D,FALSE,CLR,NA,NA,16.7,0.21,557,NA,7.84,7.26,42,10,Low,880065,883000,2935,2935,19.30970129,19.30970129,1,NA,NA,Aquatic Insects,189,Order,Plecoptera,Plecoptera,Larvae,0,0,0,NA,NA,NA,NA,NA,NA,NA,NA,NA,NA,NA   NA   NA   NA,NA   NA   NA   NA
STTD_2012-10-30 10:41:00,10/30/2012 10:41,STTD,2013,D,FALSE,CLR,NA,NA,16.7,0.21,557,NA,7.84,7.26,42,10,Low,880065,883000,2935,2935,19.30970129,19.30970129,1,NA,NA,Aquatic Insects,189,Order,Plecoptera,Plecoptera,Pupae,0,0,0,NA,NA,NA,NA,NA,NA,NA,NA,NA,NA,NA   NA   NA   NA,NA   NA   NA   NA
STTD_2012-10-30 10:41:00,10/30/2012 10:41,STTD,2013,D,FALSE,CLR,NA,NA,16.7,0.21,557,NA,7.84,7.26,42,10,Low,880065,883000,2935,2935,19.30970129,19.30970129,1,NA,NA,Aquatic Insects,189,Order,Plecoptera,Plecoptera,Nymphs,0,0,0,NA,NA,NA,NA,NA,NA,NA,NA,NA,NA,NA   NA   NA   NA,NA   NA   NA   NA
STTD_2012-10-30 10:41:00,10/30/2012 10:41,STTD,2013,D,FALSE,CLR,NA,NA,16.7,0.21,557,NA,7.84,7.26,42,10,Low,880065,883000,2935,2935,19.30970129,19.30970129,1,NA,NA,Aquatic Insects,189,Order,Plecoptera,Plecoptera,Emergents,0,0,0,NA,NA,NA,NA,NA,NA,NA,NA,NA,NA,NA   NA   NA   NA,NA   NA   NA   NA
STTD_2012-10-30 10:41:00,10/30/2012 10:41,STTD,2013,D,FALSE,CLR,NA,NA,16.7,0.21,557,NA,7.84,7.26,42,10,Low,880065,883000,2935,2935,19.30970129,19.30970129,1,NA,NA,Aquatic Insects,189,Order,Plecoptera,Plecoptera,Adults,0,0,0,NA,NA,NA,NA,NA,NA,NA,NA,NA,NA,NA   NA   NA   NA,NA   NA   NA   NA
STTD_2012-10-30 10:41:00,10/30/2012 10:41,STTD,2013,D,FALSE,CLR,NA,NA,16.7,0.21,557,NA,7.84,7.26,42,10,Low,880065,883000,2935,2935,19.30970129,19.30970129,1,NA,NA,Aquatic Insects,189,Order,Plecoptera,Plecoptera,NotDetermined,0,0,0,NA,NA,NA,NA,NA,NA,NA,NA,NA,NA,NA   NA   NA   NA,NA   NA   NA   NA
STTD_2012-11-13 09:05:00,11/13/2012 9:05,STTD,2013,D,FALSE,CLR,NA,NA,13,0.21,539,NA,7.86,7.71,71,10,Low,867257,880000,12743,12743,83.83765708,83.83765708,1,NA,NA,Aquatic Insects,34,Family,Chironomidae,Chironomidae,Larvae,1,0.012,0.012,NA,NA,NA,NA,NA,NA,2,FM,NA,NA,NA   NA   2   NA,NA   NA   FM   NA
STTD_2012-11-13 09:05:00,11/13/2012 9:05,STTD,2013,D,FALSE,CLR,NA,NA,13,0.21,539,NA,7.86,7.71,71,10,Low,867257,880000,12743,12743,83.83765708,83.83765708,1,NA,NA,Aquatic Insects,34,Family,Chironomidae,Chironomidae,Pupae,0,0,0,NA,NA,NA,NA,NA,NA,2,FM,NA,NA,NA   NA   2   NA,NA   NA   FM   NA
STTD_2012-11-13 09:05:00,11/13/2012 9:05,STTD,2013,D,FALSE,CLR,NA,NA,13,0.21,539,NA,7.86,7.71,71,10,Low,867257,880000,12743,12743,83.83765708,83.83765708,1,NA,NA,Aquatic Insects,34,Family,Chironomidae,Chironomidae,Nymphs,0,0,0,NA,NA,NA,NA,NA,NA,2,FM,NA,NA,NA   NA   2   NA,NA   NA   FM   NA
STTD_2012-11-13 09:05:00,11/13/2012 9:05,STTD,2013,D,FALSE,CLR,NA,NA,13,0.21,539,NA,7.86,7.71,71,10,Low,867257,880000,12743,12743,83.83765708,83.83765708,1,NA,NA,Aquatic Insects,34,Family,Chironomidae,Chironomidae,Emergents,0,0,0,NA,NA,NA,NA,NA,NA,2,FM,NA,NA,NA   NA   2   NA,NA   NA   FM   NA
STTD_2012-11-13 09:05:00,11/13/2012 9:05,STTD,2013,D,FALSE,CLR,NA,NA,13,0.21,539,NA,7.86,7.71,71,10,Low,867257,880000,12743,12743,83.83765708,83.83765708,1,NA,NA,Aquatic Insects,34,Family,Chironomidae,Chironomidae,Adults,0,0,0,NA,NA,NA,NA,NA,NA,2,FM,NA,NA,NA   NA   2   NA,NA   NA   FM   NA
STTD_2012-11-13 09:05:00,11/13/2012 9:05,STTD,2013,D,FALSE,CLR,NA,NA,13,0.21,539,NA,7.86,7.71,71,10,Low,867257,880000,12743,12743,83.83765708,83.83765708,1,NA,NA,Aquatic Insects,34,Family,Chironomidae,Chironomidae,NotDetermined,0,0,0,NA,NA,NA,NA,NA,NA,2,FM,NA,NA,NA   NA   2   NA,NA   NA   FM   NA
STTD_2012-11-13 09:05:00,11/13/2012 9:05,STTD,2013,D,FALSE,CLR,NA,NA,13,0.21,539,NA,7.86,7.71,71,10,Low,867257,880000,12743,12743,83.83765708,83.83765708,1,NA,NA,Aquatic Non-Insects,21,Family,Planorbidae,Planorbidae,Larvae,0,0,0,NA,NA,NA,NA,NA,NA,2,FM,NA,NA,NA   NA   2   NA,NA   NA   FM   NA
STTD_2012-11-13 09:05:00,11/13/2012 9:05,STTD,2013,D,FALSE,CLR,NA,NA,13,0.21,539,NA,7.86,7.71,71,10,Low,867257,880000,12743,12743,83.83765708,83.83765708,1,NA,NA,Aquatic Non-Insects,21,Family,Planorbidae,Planorbidae,Pupae,0,0,0,NA,NA,NA,NA,NA,NA,2,FM,NA,NA,NA   NA   2   NA,NA   NA   FM   NA
STTD_2012-11-13 09:05:00,11/13/2012 9:05,STTD,2013,D,FALSE,CLR,NA,NA,13,0.21,539,NA,7.86,7.71,71,10,Low,867257,880000,12743,12743,83.83765708,83.83765708,1,NA,NA,Aquatic Non-Insects,21,Family,Planorbidae,Planorbidae,Nymphs,0,0,0,NA,NA,NA,NA,NA,NA,2,FM,NA,NA,NA   NA   2   NA,NA   NA   FM   NA
STTD_2012-11-13 09:05:00,11/13/2012 9:05,STTD,2013,D,FALSE,CLR,NA,NA,13,0.21,539,NA,7.86,7.71,71,10,Low,867257,880000,12743,12743,83.83765708,83.83765708,1,NA,NA,Aquatic Non-Insects,21,Family,Planorbidae,Planorbidae,Emergents,0,0,0,NA,NA,NA,NA,NA,NA,2,FM,NA,NA,NA   NA   2   NA,NA   NA   FM   NA
STTD_2012-11-13 09:05:00,11/13/2012 9:05,STTD,2013,D,FALSE,CLR,NA,NA,13,0.21,539,NA,7.86,7.71,71,10,Low,867257,880000,12743,12743,83.83765708,83.83765708,1,NA,NA,Aquatic Non-Insects,21,Family,Planorbidae,Planorbidae,Adults,0,0,0,NA,NA,NA,NA,NA,NA,2,FM,NA,NA,NA   NA   2   NA,NA   NA   FM   NA
STTD_2012-11-13 09:05:00,11/13/2012 9:05,STTD,2013,D,FALSE,CLR,NA,NA,13,0.21,539,NA,7.86,7.71,71,10,Low,867257,880000,12743,12743,83.83765708,83.83765708,1,NA,NA,Aquatic Non-Insects,21,Family,Planorbidae,Planorbidae,NotDetermined,1,0.012,0.012,NA,NA,NA,NA,NA,NA,2,FM,NA,NA,NA   NA   2   NA,NA   NA   FM   NA
STTD_2012-11-13 09:05:00,11/13/2012 9:05,STTD,2013,D,FALSE,CLR,NA,NA,13,0.21,539,NA,7.86,7.71,71,10,Low,867257,880000,12743,12743,83.83765708,83.83765708,1,NA,NA,Terrestrial Insects,71,Order,Hemiptera,Hemiptera,Larvae,0,0,0,NA,NA,NA,NA,NA,NA,2,FM,NA,NA,NA   NA   2   NA,NA   NA   FM   NA
STTD_2012-11-13 09:05:00,11/13/2012 9:05,STTD,2013,D,FALSE,CLR,NA,NA,13,0.21,539,NA,7.86,7.71,71,10,Low,867257,880000,12743,12743,83.83765708,83.83765708,1,NA,NA,Terrestrial Insects,71,Order,Hemiptera,Hemiptera,Pupae,0,0,0,NA,NA,NA,NA,NA,NA,2,FM,NA,NA,NA   NA   2   NA,NA   NA   FM   NA
STTD_2012-11-13 09:05:00,11/13/2012 9:05,STTD,2013,D,FALSE,CLR,NA,NA,13,0.21,539,NA,7.86,7.71,71,10,Low,867257,880000,12743,12743,83.83765708,83.83765708,1,NA,NA,Terrestrial Insects,71,Order,Hemiptera,Hemiptera,Nymphs,0,0,0,NA,NA,NA,NA,NA,NA,2,FM,NA,NA,NA   NA   2   NA,NA   NA   FM   NA
STTD_2012-11-13 09:05:00,11/13/2012 9:05,STTD,2013,D,FALSE,CLR,NA,NA,13,0.21,539,NA,7.86,7.71,71,10,Low,867257,880000,12743,12743,83.83765708,83.83765708,1,NA,NA,Terrestrial Insects,71,Order,Hemiptera,Hemiptera,Emergents,0,0,0,NA,NA,NA,NA,NA,NA,2,FM,NA,NA,NA   NA   2   NA,NA   NA   FM   NA
STTD_2012-11-13 09:05:00,11/13/2012 9:05,STTD,2013,D,FALSE,CLR,NA,NA,13,0.21,539,NA,7.86,7.71,71,10,Low,867257,880000,12743,12743,83.83765708,83.83765708,1,NA,NA,Terrestrial Insects,71,Order,Hemiptera,Hemiptera,Adults,2,0.024,0.024,NA,NA,NA,NA,NA,NA,2,FM,NA,NA,NA   NA   2   NA,NA   NA   FM   NA
STTD_2012-11-13 09:05:00,11/13/2012 9:05,STTD,2013,D,FALSE,CLR,NA,NA,13,0.21,539,NA,7.86,7.71,71,10,Low,867257,880000,12743,12743,83.83765708,83.83765708,1,NA,NA,Terrestrial Insects,71,Order,Hemiptera,Hemiptera,NotDetermined,0,0,0,NA,NA,NA,NA,NA,NA,2,FM,NA,NA,NA   NA   2   NA,NA   NA   FM   NA
STTD_2012-11-13 09:05:00,11/13/2012 9:05,STTD,2013,D,FALSE,CLR,NA,NA,13,0.21,539,NA,7.86,7.71,71,10,Low,867257,880000,12743,12743,83.83765708,83.83765708,1,NA,NA,Terrestrial Insects,64,Order,Diptera,Diptera,Larvae,0,0,0,NA,NA,NA,NA,NA,NA,2,FM,NA,NA,NA   NA   2   NA,NA   NA   FM   NA
STTD_2012-11-13 09:05:00,11/13/2012 9:05,STTD,2013,D,FALSE,CLR,NA,NA,13,0.21,539,NA,7.86,7.71,71,10,Low,867257,880000,12743,12743,83.83765708,83.83765708,1,NA,NA,Terrestrial Insects,64,Order,Diptera,Diptera,Pupae,0,0,0,NA,NA,NA,NA,NA,NA,2,FM,NA,NA,NA   NA   2   NA,NA   NA   FM   NA
STTD_2012-11-13 09:05:00,11/13/2012 9:05,STTD,2013,D,FALSE,CLR,NA,NA,13,0.21,539,NA,7.86,7.71,71,10,Low,867257,880000,12743,12743,83.83765708,83.83765708,1,NA,NA,Terrestrial Insects,64,Order,Diptera,Diptera,Nymphs,0,0,0,NA,NA,NA,NA,NA,NA,2,FM,NA,NA,NA   NA   2   NA,NA   NA   FM   NA
STTD_2012-11-13 09:05:00,11/13/2012 9:05,STTD,2013,D,FALSE,CLR,NA,NA,13,0.21,539,NA,7.86,7.71,71,10,Low,867257,880000,12743,12743,83.83765708,83.83765708,1,NA,NA,Terrestrial Insects,64,Order,Diptera,Diptera,Emergents,0,0,0,NA,NA,NA,NA,NA,NA,2,FM,NA,NA,NA   NA   2   NA,NA   NA   FM   NA
STTD_2012-11-13 09:05:00,11/13/2012 9:05,STTD,2013,D,FALSE,CLR,NA,NA,13,0.21,539,NA,7.86,7.71,71,10,Low,867257,880000,12743,12743,83.83765708,83.83765708,1,NA,NA,Terrestrial Insects,64,Order,Diptera,Diptera,Adults,1,0.012,0.012,NA,NA,NA,NA,NA,NA,2,FM,NA,NA,NA   NA   2   NA,NA   NA   FM   NA
STTD_2012-11-13 09:05:00,11/13/2012 9:05,STTD,2013,D,FALSE,CLR,NA,NA,13,0.21,539,NA,7.86,7.71,71,10,Low,867257,880000,12743,12743,83.83765708,83.83765708,1,NA,NA,Terrestrial Insects,64,Order,Diptera,Diptera,NotDetermined,0,0,0,NA,NA,NA,NA,NA,NA,2,FM,NA,NA,NA   NA   2   NA,NA   NA   FM   NA
STTD_2012-11-13 09:05:00,11/13/2012 9:05,STTD,2013,D,FALSE,CLR,NA,NA,13,0.21,539,NA,7.86,7.71,71,10,Low,867257,880000,12743,12743,83.83765708,83.83765708,1,NA,NA,Terrestrial Insects,73,Order,Lepidoptera,Lepidoptera,Larvae,1,0.012,0.012,NA,NA,NA,NA,NA,NA,2,FM,NA,NA,NA   NA   2   NA,NA   NA   FM   NA
STTD_2012-11-13 09:05:00,11/13/2012 9:05,STTD,2013,D,FALSE,CLR,NA,NA,13,0.21,539,NA,7.86,7.71,71,10,Low,867257,880000,12743,12743,83.83765708,83.83765708,1,NA,NA,Terrestrial Insects,73,Order,Lepidoptera,Lepidoptera,Pupae,0,0,0,NA,NA,NA,NA,NA,NA,2,FM,NA,NA,NA   NA   2   NA,NA   NA   FM   NA
STTD_2012-11-13 09:05:00,11/13/2012 9:05,STTD,2013,D,FALSE,CLR,NA,NA,13,0.21,539,NA,7.86,7.71,71,10,Low,867257,880000,12743,12743,83.83765708,83.83765708,1,NA,NA,Terrestrial Insects,73,Order,Lepidoptera,Lepidoptera,Nymphs,0,0,0,NA,NA,NA,NA,NA,NA,2,FM,NA,NA,NA   NA   2   NA,NA   NA   FM   NA
STTD_2012-11-13 09:05:00,11/13/2012 9:05,STTD,2013,D,FALSE,CLR,NA,NA,13,0.21,539,NA,7.86,7.71,71,10,Low,867257,880000,12743,12743,83.83765708,83.83765708,1,NA,NA,Terrestrial Insects,73,Order,Lepidoptera,Lepidoptera,Emergents,0,0,0,NA,NA,NA,NA,NA,NA,2,FM,NA,NA,NA   NA   2   NA,NA   NA   FM   NA
STTD_2012-11-13 09:05:00,11/13/2012 9:05,STTD,2013,D,FALSE,CLR,NA,NA,13,0.21,539,NA,7.86,7.71,71,10,Low,867257,880000,12743,12743,83.83765708,83.83765708,1,NA,NA,Terrestrial Insects,73,Order,Lepidoptera,Lepidoptera,Adults,0,0,0,NA,NA,NA,NA,NA,NA,2,FM,NA,NA,NA   NA   2   NA,NA   NA   FM   NA
STTD_2012-11-13 09:05:00,11/13/2012 9:05,STTD,2013,D,FALSE,CLR,NA,NA,13,0.21,539,NA,7.86,7.71,71,10,Low,867257,880000,12743,12743,83.83765708,83.83765708,1,NA,NA,Terrestrial Insects,73,Order,Lepidoptera,Lepidoptera,NotDetermined,0,0,0,NA,NA,NA,NA,NA,NA,2,FM,NA,NA,NA   NA   2   NA,NA   NA   FM   NA
STTD_2012-11-13 09:05:00,11/13/2012 9:05,STTD,2013,D,FALSE,CLR,NA,NA,13,0.21,539,NA,7.86,7.71,71,10,Low,867257,880000,12743,12743,83.83765708,83.83765708,1,NA,NA,Terrestrial Non-Insects,68,Order,Collembola,Collembola,Larvae,0,0,0,NA,NA,NA,NA,NA,NA,2,FM,NA,NA,NA   NA   2   NA,NA   NA   FM   NA
STTD_2012-11-13 09:05:00,11/13/2012 9:05,STTD,2013,D,FALSE,CLR,NA,NA,13,0.21,539,NA,7.86,7.71,71,10,Low,867257,880000,12743,12743,83.83765708,83.83765708,1,NA,NA,Terrestrial Non-Insects,68,Order,Collembola,Collembola,Pupae,0,0,0,NA,NA,NA,NA,NA,NA,2,FM,NA,NA,NA   NA   2   NA,NA   NA   FM   NA
STTD_2012-11-13 09:05:00,11/13/2012 9:05,STTD,2013,D,FALSE,CLR,NA,NA,13,0.21,539,NA,7.86,7.71,71,10,Low,867257,880000,12743,12743,83.83765708,83.83765708,1,NA,NA,Terrestrial Non-Insects,68,Order,Collembola,Collembola,Nymphs,0,0,0,NA,NA,NA,NA,NA,NA,2,FM,NA,NA,NA   NA   2   NA,NA   NA   FM   NA
STTD_2012-11-13 09:05:00,11/13/2012 9:05,STTD,2013,D,FALSE,CLR,NA,NA,13,0.21,539,NA,7.86,7.71,71,10,Low,867257,880000,12743,12743,83.83765708,83.83765708,1,NA,NA,Terrestrial Non-Insects,68,Order,Collembola,Collembola,Emergents,0,0,0,NA,NA,NA,NA,NA,NA,2,FM,NA,NA,NA   NA   2   NA,NA   NA   FM   NA
STTD_2012-11-13 09:05:00,11/13/2012 9:05,STTD,2013,D,FALSE,CLR,NA,NA,13,0.21,539,NA,7.86,7.71,71,10,Low,867257,880000,12743,12743,83.83765708,83.83765708,1,NA,NA,Terrestrial Non-Insects,68,Order,Collembola,Collembola,Adults,0,0,0,NA,NA,NA,NA,NA,NA,2,FM,NA,NA,NA   NA   2   NA,NA   NA   FM   NA
STTD_2012-11-13 09:05:00,11/13/2012 9:05,STTD,2013,D,FALSE,CLR,NA,NA,13,0.21,539,NA,7.86,7.71,71,10,Low,867257,880000,12743,12743,83.83765708,83.83765708,1,NA,NA,Terrestrial Non-Insects,68,Order,Collembola,Collembola,NotDetermined,1,0.012,0.012,NA,NA,NA,NA,NA,NA,2,FM,NA,NA,NA   NA   2   NA,NA   NA   FM   NA
STTD_2012-11-13 09:05:00,11/13/2012 9:05,STTD,2013,D,FALSE,CLR,NA,NA,13,0.21,539,NA,7.86,7.71,71,10,Low,867257,880000,12743,12743,83.83765708,83.83765708,1,NA,NA,Terrestrial Insects,66,Order,Hymenoptera,Hymenoptera,Larvae,0,0,0,NA,NA,NA,NA,NA,NA,2,FM,NA,NA,NA   NA   2   NA,NA   NA   FM   NA
STTD_2012-11-13 09:05:00,11/13/2012 9:05,STTD,2013,D,FALSE,CLR,NA,NA,13,0.21,539,NA,7.86,7.71,71,10,Low,867257,880000,12743,12743,83.83765708,83.83765708,1,NA,NA,Terrestrial Insects,66,Order,Hymenoptera,Hymenoptera,Pupae,0,0,0,NA,NA,NA,NA,NA,NA,2,FM,NA,NA,NA   NA   2   NA,NA   NA   FM   NA
STTD_2012-11-13 09:05:00,11/13/2012 9:05,STTD,2013,D,FALSE,CLR,NA,NA,13,0.21,539,NA,7.86,7.71,71,10,Low,867257,880000,12743,12743,83.83765708,83.83765708,1,NA,NA,Terrestrial Insects,66,Order,Hymenoptera,Hymenoptera,Nymphs,0,0,0,NA,NA,NA,NA,NA,NA,2,FM,NA,NA,NA   NA   2   NA,NA   NA   FM   NA
STTD_2012-11-13 09:05:00,11/13/2012 9:05,STTD,2013,D,FALSE,CLR,NA,NA,13,0.21,539,NA,7.86,7.71,71,10,Low,867257,880000,12743,12743,83.83765708,83.83765708,1,NA,NA,Terrestrial Insects,66,Order,Hymenoptera,Hymenoptera,Emergents,0,0,0,NA,NA,NA,NA,NA,NA,2,FM,NA,NA,NA   NA   2   NA,NA   NA   FM   NA
STTD_2012-11-13 09:05:00,11/13/2012 9:05,STTD,2013,D,FALSE,CLR,NA,NA,13,0.21,539,NA,7.86,7.71,71,10,Low,867257,880000,12743,12743,83.83765708,83.83765708,1,NA,NA,Terrestrial Insects,66,Order,Hymenoptera,Hymenoptera,Adults,3,0.036,0.036,NA,NA,NA,NA,NA,NA,2,FM,NA,NA,NA   NA   2   NA,NA   NA   FM   NA
STTD_2012-11-13 09:05:00,11/13/2012 9:05,STTD,2013,D,FALSE,CLR,NA,NA,13,0.21,539,NA,7.86,7.71,71,10,Low,867257,880000,12743,12743,83.83765708,83.83765708,1,NA,NA,Terrestrial Insects,66,Order,Hymenoptera,Hymenoptera,NotDetermined,0,0,0,NA,NA,NA,NA,NA,NA,2,FM,NA,NA,NA   NA   2   NA,NA   NA   FM   NA
SHR_2012-11-13 11:30:00,11/13/2012 11:30,SHR,2013,D,FALSE,CLR,NA,NA,12,1.48,117,NA,7.9,10.83,5.3,10,Low,979146,980000,854,854,5.618563851,5.618563851,1,used zoop flow meter because E&L flowmeter spun intermittenly,NA,Aquatic Non-Insects,21,Family,Planorbidae,Planorbidae,NotDetermined,1,0.178,0.178,NA,NA,2,SAMP,NA,NA,2,FM,NA,NA,2   NA   2   NA,SAMP   NA   FM   NA
SHR_2012-11-13 11:30:00,11/13/2012 11:30,SHR,2013,D,FALSE,CLR,NA,NA,12,1.48,117,NA,7.9,10.83,5.3,10,Low,979146,980000,854,854,5.618563851,5.618563851,1,used zoop flow meter because E&L flowmeter spun intermittenly,NA,Terrestrial Insects,66,Order,Hymenoptera,Hymenoptera,Adults,1,0.178,0.178,NA,NA,2,SAMP,NA,NA,2,FM,NA,NA,2   NA   2   NA,SAMP   NA   FM   NA
SHR_2012-11-29 08:24:00,11/29/2012 8:24,SHR,2013,D,FALSE,CLD,NA,NA,11.9,0.87,134,NA,6.54,9.84,56.7,10,Low,876208,877300,1092,1092,7.18439312,7.18439312,1,NA,NA,Aquatic Insects,34,Family,Chironomidae,Chironomidae,Larvae,1,0.139,0.139,NA,NA,NA,NA,NA,NA,NA,NA,NA,NA,NA   NA   NA   NA,NA   NA   NA   NA
SHR_2012-11-29 08:24:00,11/29/2012 8:24,SHR,2013,D,FALSE,CLD,NA,NA,11.9,0.87,134,NA,6.54,9.84,56.7,10,Low,876208,877300,1092,1092,7.18439312,7.18439312,1,NA,NA,Terrestrial Insects,73,Order,Lepidoptera,Lepidoptera,Larvae,1,0.139,0.139,NA,NA,NA,NA,NA,NA,NA,NA,NA,NA,NA   NA   NA   NA,NA   NA   NA   NA
SHR_2012-11-29 08:24:00,11/29/2012 8:24,SHR,2013,D,FALSE,CLD,NA,NA,11.9,0.87,134,NA,6.54,9.84,56.7,10,Low,876208,877300,1092,1092,7.18439312,7.18439312,1,NA,NA,Terrestrial Non-Insects,68,Order,Collembola,Collembola,NotDetermined,1,0.139,0.139,NA,NA,NA,NA,NA,NA,NA,NA,NA,NA,NA   NA   NA   NA,NA   NA   NA   NA
SHR_2012-11-29 08:24:00,11/29/2012 8:24,SHR,2013,D,FALSE,CLD,NA,NA,11.9,0.87,134,NA,6.54,9.84,56.7,10,Low,876208,877300,1092,1092,7.18439312,7.18439312,1,NA,NA,Terrestrial Insects,66,Order,Hymenoptera,Hymenoptera,Adults,2,0.278,0.278,NA,NA,NA,NA,NA,NA,NA,NA,NA,NA,NA   NA   NA   NA,NA   NA   NA   NA
STTD_2012-11-29 10:15:00,11/29/2012 10:15,STTD,2013,D,FALSE,CLD,NA,NA,12.3,0.3,430,NA,7.09,7.17,57.7,10,Low,872665,876000,3335,3335,21.94134712,21.94134712,1,"ebb tide, anchored boat",NA,Terrestrial Insects,71,Order,Hemiptera,Hemiptera,Larvae,1,0.046,0.046,NA,NA,NA,NA,NA,NA,NA,NA,NA,NA,NA   NA   NA   NA,NA   NA   NA   NA
STTD_2012-11-29 10:15:00,11/29/2012 10:15,STTD,2013,D,FALSE,CLD,NA,NA,12.3,0.3,430,NA,7.09,7.17,57.7,10,Low,872665,876000,3335,3335,21.94134712,21.94134712,1,"ebb tide, anchored boat",NA,Terrestrial Insects,71,Order,Hemiptera,Hemiptera,Pupae,0,0,0,NA,NA,NA,NA,NA,NA,NA,NA,NA,NA,NA   NA   NA   NA,NA   NA   NA   NA
STTD_2012-11-29 10:15:00,11/29/2012 10:15,STTD,2013,D,FALSE,CLD,NA,NA,12.3,0.3,430,NA,7.09,7.17,57.7,10,Low,872665,876000,3335,3335,21.94134712,21.94134712,1,"ebb tide, anchored boat",NA,Terrestrial Insects,71,Order,Hemiptera,Hemiptera,Nymphs,0,0,0,NA,NA,NA,NA,NA,NA,NA,NA,NA,NA,NA   NA   NA   NA,NA   NA   NA   NA
STTD_2012-11-29 10:15:00,11/29/2012 10:15,STTD,2013,D,FALSE,CLD,NA,NA,12.3,0.3,430,NA,7.09,7.17,57.7,10,Low,872665,876000,3335,3335,21.94134712,21.94134712,1,"ebb tide, anchored boat",NA,Terrestrial Insects,71,Order,Hemiptera,Hemiptera,Emergents,0,0,0,NA,NA,NA,NA,NA,NA,NA,NA,NA,NA,NA   NA   NA   NA,NA   NA   NA   NA
STTD_2012-11-29 10:15:00,11/29/2012 10:15,STTD,2013,D,FALSE,CLD,NA,NA,12.3,0.3,430,NA,7.09,7.17,57.7,10,Low,872665,876000,3335,3335,21.94134712,21.94134712,1,"ebb tide, anchored boat",NA,Terrestrial Insects,71,Order,Hemiptera,Hemiptera,Adults,0,0,0,NA,NA,NA,NA,NA,NA,NA,NA,NA,NA,NA   NA   NA   NA,NA   NA   NA   NA
STTD_2012-11-29 10:15:00,11/29/2012 10:15,STTD,2013,D,FALSE,CLD,NA,NA,12.3,0.3,430,NA,7.09,7.17,57.7,10,Low,872665,876000,3335,3335,21.94134712,21.94134712,1,"ebb tide, anchored boat",NA,Terrestrial Insects,71,Order,Hemiptera,Hemiptera,NotDetermined,0,0,0,NA,NA,NA,NA,NA,NA,NA,NA,NA,NA,NA   NA   NA   NA,NA   NA   NA   NA
STTD_2012-11-29 10:15:00,11/29/2012 10:15,STTD,2013,D,FALSE,CLD,NA,NA,12.3,0.3,430,NA,7.09,7.17,57.7,10,Low,872665,876000,3335,3335,21.94134712,21.94134712,1,"ebb tide, anchored boat",NA,Aquatic Non-Insects,188,Superfamily,Truncatelloidea,Truncatelloidea,Larvae,0,0,0,NA,NA,NA,NA,NA,NA,NA,NA,NA,NA,NA   NA   NA   NA,NA   NA   NA   NA
STTD_2012-11-29 10:15:00,11/29/2012 10:15,STTD,2013,D,FALSE,CLD,NA,NA,12.3,0.3,430,NA,7.09,7.17,57.7,10,Low,872665,876000,3335,3335,21.94134712,21.94134712,1,"ebb tide, anchored boat",NA,Aquatic Non-Insects,188,Superfamily,Truncatelloidea,Truncatelloidea,Pupae,0,0,0,NA,NA,NA,NA,NA,NA,NA,NA,NA,NA,NA   NA   NA   NA,NA   NA   NA   NA
STTD_2012-11-29 10:15:00,11/29/2012 10:15,STTD,2013,D,FALSE,CLD,NA,NA,12.3,0.3,430,NA,7.09,7.17,57.7,10,Low,872665,876000,3335,3335,21.94134712,21.94134712,1,"ebb tide, anchored boat",NA,Aquatic Non-Insects,188,Superfamily,Truncatelloidea,Truncatelloidea,Nymphs,0,0,0,NA,NA,NA,NA,NA,NA,NA,NA,NA,NA,NA   NA   NA   NA,NA   NA   NA   NA
STTD_2012-11-29 10:15:00,11/29/2012 10:15,STTD,2013,D,FALSE,CLD,NA,NA,12.3,0.3,430,NA,7.09,7.17,57.7,10,Low,872665,876000,3335,3335,21.94134712,21.94134712,1,"ebb tide, anchored boat",NA,Aquatic Non-Insects,188,Superfamily,Truncatelloidea,Truncatelloidea,Emergents,0,0,0,NA,NA,NA,NA,NA,NA,NA,NA,NA,NA,NA   NA   NA   NA,NA   NA   NA   NA
STTD_2012-11-29 10:15:00,11/29/2012 10:15,STTD,2013,D,FALSE,CLD,NA,NA,12.3,0.3,430,NA,7.09,7.17,57.7,10,Low,872665,876000,3335,3335,21.94134712,21.94134712,1,"ebb tide, anchored boat",NA,Aquatic Non-Insects,188,Superfamily,Truncatelloidea,Truncatelloidea,Adults,0,0,0,NA,NA,NA,NA,NA,NA,NA,NA,NA,NA,NA   NA   NA   NA,NA   NA   NA   NA
STTD_2012-11-29 10:15:00,11/29/2012 10:15,STTD,2013,D,FALSE,CLD,NA,NA,12.3,0.3,430,NA,7.09,7.17,57.7,10,Low,872665,876000,3335,3335,21.94134712,21.94134712,1,"ebb tide, anchored boat",NA,Aquatic Non-Insects,188,Superfamily,Truncatelloidea,Truncatelloidea,NotDetermined,0,0,0,NA,NA,NA,NA,NA,NA,NA,NA,NA,NA,NA   NA   NA   NA,NA   NA   NA   NA
STTD_2012-11-29 10:15:00,11/29/2012 10:15,STTD,2013,D,FALSE,CLD,NA,NA,12.3,0.3,430,NA,7.09,7.17,57.7,10,Low,872665,876000,3335,3335,21.94134712,21.94134712,1,"ebb tide, anchored boat",NA,Aquatic Insects,189,Order,Plecoptera,Plecoptera,Larvae,0,0,0,NA,NA,NA,NA,NA,NA,NA,NA,NA,NA,NA   NA   NA   NA,NA   NA   NA   NA
STTD_2012-11-29 10:15:00,11/29/2012 10:15,STTD,2013,D,FALSE,CLD,NA,NA,12.3,0.3,430,NA,7.09,7.17,57.7,10,Low,872665,876000,3335,3335,21.94134712,21.94134712,1,"ebb tide, anchored boat",NA,Aquatic Insects,189,Order,Plecoptera,Plecoptera,Pupae,0,0,0,NA,NA,NA,NA,NA,NA,NA,NA,NA,NA,NA   NA   NA   NA,NA   NA   NA   NA
STTD_2012-11-29 10:15:00,11/29/2012 10:15,STTD,2013,D,FALSE,CLD,NA,NA,12.3,0.3,430,NA,7.09,7.17,57.7,10,Low,872665,876000,3335,3335,21.94134712,21.94134712,1,"ebb tide, anchored boat",NA,Aquatic Insects,189,Order,Plecoptera,Plecoptera,Nymphs,0,0,0,NA,NA,NA,NA,NA,NA,NA,NA,NA,NA,NA   NA   NA   NA,NA   NA   NA   NA
STTD_2012-11-29 10:15:00,11/29/2012 10:15,STTD,2013,D,FALSE,CLD,NA,NA,12.3,0.3,430,NA,7.09,7.17,57.7,10,Low,872665,876000,3335,3335,21.94134712,21.94134712,1,"ebb tide, anchored boat",NA,Aquatic Insects,189,Order,Plecoptera,Plecoptera,Emergents,0,0,0,NA,NA,NA,NA,NA,NA,NA,NA,NA,NA,NA   NA   NA   NA,NA   NA   NA   NA
STTD_2012-11-29 10:15:00,11/29/2012 10:15,STTD,2013,D,FALSE,CLD,NA,NA,12.3,0.3,430,NA,7.09,7.17,57.7,10,Low,872665,876000,3335,3335,21.94134712,21.94134712,1,"ebb tide, anchored boat",NA,Aquatic Insects,189,Order,Plecoptera,Plecoptera,Adults,0,0,0,NA,NA,NA,NA,NA,NA,NA,NA,NA,NA,NA   NA   NA   NA,NA   NA   NA   NA
STTD_2012-11-29 10:15:00,11/29/2012 10:15,STTD,2013,D,FALSE,CLD,NA,NA,12.3,0.3,430,NA,7.09,7.17,57.7,10,Low,872665,876000,3335,3335,21.94134712,21.94134712,1,"ebb tide, anchored boat",NA,Aquatic Insects,189,Order,Plecoptera,Plecoptera,NotDetermined,0,0,0,NA,NA,NA,NA,NA,NA,NA,NA,NA,NA,NA   NA   NA   NA,NA   NA   NA   NA
STTD_2012-11-29 10:15:00,11/29/2012 10:15,STTD,2013,D,FALSE,CLD,NA,NA,12.3,0.3,430,NA,7.09,7.17,57.7,10,Low,872665,876000,3335,3335,21.94134712,21.94134712,1,"ebb tide, anchored boat",NA,Terrestrial Non-Insects,191,Family,Leptocheliidae,Leptocheliidae,Larvae,0,0,0,NA,NA,NA,NA,NA,NA,NA,NA,NA,NA,NA   NA   NA   NA,NA   NA   NA   NA
STTD_2012-11-29 10:15:00,11/29/2012 10:15,STTD,2013,D,FALSE,CLD,NA,NA,12.3,0.3,430,NA,7.09,7.17,57.7,10,Low,872665,876000,3335,3335,21.94134712,21.94134712,1,"ebb tide, anchored boat",NA,Terrestrial Non-Insects,191,Family,Leptocheliidae,Leptocheliidae,Pupae,0,0,0,NA,NA,NA,NA,NA,NA,NA,NA,NA,NA,NA   NA   NA   NA,NA   NA   NA   NA
STTD_2012-11-29 10:15:00,11/29/2012 10:15,STTD,2013,D,FALSE,CLD,NA,NA,12.3,0.3,430,NA,7.09,7.17,57.7,10,Low,872665,876000,3335,3335,21.94134712,21.94134712,1,"ebb tide, anchored boat",NA,Terrestrial Non-Insects,191,Family,Leptocheliidae,Leptocheliidae,Nymphs,0,0,0,NA,NA,NA,NA,NA,NA,NA,NA,NA,NA,NA   NA   NA   NA,NA   NA   NA   NA
STTD_2012-11-29 10:15:00,11/29/2012 10:15,STTD,2013,D,FALSE,CLD,NA,NA,12.3,0.3,430,NA,7.09,7.17,57.7,10,Low,872665,876000,3335,3335,21.94134712,21.94134712,1,"ebb tide, anchored boat",NA,Terrestrial Non-Insects,191,Family,Leptocheliidae,Leptocheliidae,Emergents,0,0,0,NA,NA,NA,NA,NA,NA,NA,NA,NA,NA,NA   NA   NA   NA,NA   NA   NA   NA
STTD_2012-11-29 10:15:00,11/29/2012 10:15,STTD,2013,D,FALSE,CLD,NA,NA,12.3,0.3,430,NA,7.09,7.17,57.7,10,Low,872665,876000,3335,3335,21.94134712,21.94134712,1,"ebb tide, anchored boat",NA,Terrestrial Non-Insects,191,Family,Leptocheliidae,Leptocheliidae,Adults,0,0,0,NA,NA,NA,NA,NA,NA,NA,NA,NA,NA,NA   NA   NA   NA,NA   NA   NA   NA
STTD_2012-11-29 10:15:00,11/29/2012 10:15,STTD,2013,D,FALSE,CLD,NA,NA,12.3,0.3,430,NA,7.09,7.17,57.7,10,Low,872665,876000,3335,3335,21.94134712,21.94134712,1,"ebb tide, anchored boat",NA,Terrestrial Non-Insects,191,Family,Leptocheliidae,Leptocheliidae,NotDetermined,0,0,0,NA,NA,NA,NA,NA,NA,NA,NA,NA,NA,NA   NA   NA   NA,NA   NA   NA   NA
SHR_2012-12-12 08:32:00,12/12/2012 8:32,SHR,2013,D,FALSE,CLR,NA,NA,10.7,NA,117,NA,7.33,9.95,58.5,10,Low,869210,873000,3790,3790,24.93484425,24.93484425,1,NA,NA,Aquatic Insects,41,Family,Baetidae,Baetidae,Larvae,2,0.08,0.08,NA,NA,NA,NA,NA,NA,NA,NA,NA,NA,NA   NA   NA   NA,NA   NA   NA   NA
SHR_2012-12-12 08:32:00,12/12/2012 8:32,SHR,2013,D,FALSE,CLR,NA,NA,10.7,NA,117,NA,7.33,9.95,58.5,10,Low,869210,873000,3790,3790,24.93484425,24.93484425,1,NA,NA,Aquatic Insects,46,Family,Coenagrionidae,Coenagrionidae,Larvae,1,0.04,0.04,NA,NA,NA,NA,NA,NA,NA,NA,NA,NA,NA   NA   NA   NA,NA   NA   NA   NA
SHR_2012-12-12 08:32:00,12/12/2012 8:32,SHR,2013,D,FALSE,CLR,NA,NA,10.7,NA,117,NA,7.33,9.95,58.5,10,Low,869210,873000,3790,3790,24.93484425,24.93484425,1,NA,NA,Aquatic Insects,34,Family,Chironomidae,Chironomidae,Pupae,1,0.04,0.04,NA,NA,NA,NA,NA,NA,NA,NA,NA,NA,NA   NA   NA   NA,NA   NA   NA   NA
SHR_2012-12-12 08:32:00,12/12/2012 8:32,SHR,2013,D,FALSE,CLR,NA,NA,10.7,NA,117,NA,7.33,9.95,58.5,10,Low,869210,873000,3790,3790,24.93484425,24.93484425,1,NA,NA,Aquatic Insects,38,Family,Simuliidae,Simuliidae,Larvae,1,0.04,0.04,NA,NA,NA,NA,NA,NA,NA,NA,NA,NA,NA   NA   NA   NA,NA   NA   NA   NA
SHR_2012-12-12 08:32:00,12/12/2012 8:32,SHR,2013,D,FALSE,CLR,NA,NA,10.7,NA,117,NA,7.33,9.95,58.5,10,Low,869210,873000,3790,3790,24.93484425,24.93484425,1,NA,NA,Aquatic Non-Insects,4,Family,Naididae,Naididae,NotDetermined,3,0.12,0.12,NA,NA,NA,NA,NA,NA,NA,NA,NA,NA,NA   NA   NA   NA,NA   NA   NA   NA
SHR_2012-12-12 08:32:00,12/12/2012 8:32,SHR,2013,D,FALSE,CLR,NA,NA,10.7,NA,117,NA,7.33,9.95,58.5,10,Low,869210,873000,3790,3790,24.93484425,24.93484425,1,NA,NA,Aquatic Non-Insects,15,Family,Hyalellidae,Hyalellidae,NotDetermined,1,0.04,0.04,NA,NA,NA,NA,NA,NA,NA,NA,NA,NA,NA   NA   NA   NA,NA   NA   NA   NA
SHR_2012-12-12 08:32:00,12/12/2012 8:32,SHR,2013,D,FALSE,CLR,NA,NA,10.7,NA,117,NA,7.33,9.95,58.5,10,Low,869210,873000,3790,3790,24.93484425,24.93484425,1,NA,NA,Aquatic Non-Insects,77,Family,Hygrobatidae,Hygrobatidae,NotDetermined,1,0.04,0.04,NA,NA,NA,NA,NA,NA,NA,NA,NA,NA,NA   NA   NA   NA,NA   NA   NA   NA
SHR_2012-12-12 08:32:00,12/12/2012 8:32,SHR,2013,D,FALSE,CLR,NA,NA,10.7,NA,117,NA,7.33,9.95,58.5,10,Low,869210,873000,3790,3790,24.93484425,24.93484425,1,NA,NA,Aquatic Non-Insects,18,Family,Hydridae,Hydridae,NotDetermined,1,0.04,0.04,NA,NA,NA,NA,NA,NA,NA,NA,NA,NA,NA   NA   NA   NA,NA   NA   NA   NA
SHR_2012-12-12 08:32:00,12/12/2012 8:32,SHR,2013,D,FALSE,CLR,NA,NA,10.7,NA,117,NA,7.33,9.95,58.5,10,Low,869210,873000,3790,3790,24.93484425,24.93484425,1,NA,NA,Terrestrial Insects,66,Order,Hymenoptera,Hymenoptera,Adults,1,0.04,0.04,NA,NA,NA,NA,NA,NA,NA,NA,NA,NA,NA   NA   NA   NA,NA   NA   NA   NA
SHR_2012-12-12 08:32:00,12/12/2012 8:32,SHR,2013,D,FALSE,CLR,NA,NA,10.7,NA,117,NA,7.33,9.95,58.5,10,Low,869210,873000,3790,3790,24.93484425,24.93484425,1,NA,NA,Terrestrial Insects,67,Order,Psocoptera,Psocoptera,Adults,1,0.04,0.04,NA,NA,NA,NA,NA,NA,NA,NA,NA,NA,NA   NA   NA   NA,NA   NA   NA   NA
SHR_2012-12-12 08:32:00,12/12/2012 8:32,SHR,2013,D,FALSE,CLR,NA,NA,10.7,NA,117,NA,7.33,9.95,58.5,10,Low,869210,873000,3790,3790,24.93484425,24.93484425,1,NA,NA,Terrestrial Non-Insects,58,Suborder,Araneida,Araneida,NotDetermined,1,0.04,0.04,NA,NA,NA,NA,NA,NA,NA,NA,NA,NA,NA   NA   NA   NA,NA   NA   NA   NA
STTD_2012-12-12 10:50:00,12/12/2012 10:50,STTD,2013,D,FALSE,CLR,NA,NA,11,0.19,313,NA,7.39,7.03,60.3,10,Low,861530,869000,7470,7470,49.14598591,49.14598591,1,NA,NA,Aquatic Insects,46,Family,Coenagrionidae,Coenagrionidae,Larvae,3,0.061,0.061,NA,NA,NA,NA,NA,NA,NA,NA,NA,NA,NA   NA   NA   NA,NA   NA   NA   NA
STTD_2012-12-12 10:50:00,12/12/2012 10:50,STTD,2013,D,FALSE,CLR,NA,NA,11,0.19,313,NA,7.39,7.03,60.3,10,Low,861530,869000,7470,7470,49.14598591,49.14598591,1,NA,NA,Aquatic Insects,44,Family,Corixidae,Corixidae,Larvae,6,0.122,0.122,NA,NA,NA,NA,NA,NA,NA,NA,NA,NA,NA   NA   NA   NA,NA   NA   NA   NA
STTD_2012-12-12 10:50:00,12/12/2012 10:50,STTD,2013,D,FALSE,CLR,NA,NA,11,0.19,313,NA,7.39,7.03,60.3,10,Low,861530,869000,7470,7470,49.14598591,49.14598591,1,NA,NA,Aquatic Insects,44,Family,Corixidae,Corixidae,Adults,1,0.02,0.02,NA,NA,NA,NA,NA,NA,NA,NA,NA,NA,NA   NA   NA   NA,NA   NA   NA   NA
STTD_2012-12-12 10:50:00,12/12/2012 10:50,STTD,2013,D,FALSE,CLR,NA,NA,11,0.19,313,NA,7.39,7.03,60.3,10,Low,861530,869000,7470,7470,49.14598591,49.14598591,1,NA,NA,Aquatic Insects,34,Family,Chironomidae,Chironomidae,Larvae,6,0.122,0.122,NA,NA,NA,NA,NA,NA,NA,NA,NA,NA,NA   NA   NA   NA,NA   NA   NA   NA
STTD_2012-12-12 10:50:00,12/12/2012 10:50,STTD,2013,D,FALSE,CLR,NA,NA,11,0.19,313,NA,7.39,7.03,60.3,10,Low,861530,869000,7470,7470,49.14598591,49.14598591,1,NA,NA,Aquatic Insects,34,Family,Chironomidae,Chironomidae,Pupae,1,0.02,0.02,NA,NA,NA,NA,NA,NA,NA,NA,NA,NA,NA   NA   NA   NA,NA   NA   NA   NA
STTD_2012-12-12 10:50:00,12/12/2012 10:50,STTD,2013,D,FALSE,CLR,NA,NA,11,0.19,313,NA,7.39,7.03,60.3,10,Low,861530,869000,7470,7470,49.14598591,49.14598591,1,NA,NA,Aquatic Insects,49,Family,Culicidae,Culicidae,Larvae,1,0.02,0.02,NA,NA,NA,NA,NA,NA,NA,NA,NA,NA,NA   NA   NA   NA,NA   NA   NA   NA
STTD_2012-12-12 10:50:00,12/12/2012 10:50,STTD,2013,D,FALSE,CLR,NA,NA,11,0.19,313,NA,7.39,7.03,60.3,10,Low,861530,869000,7470,7470,49.14598591,49.14598591,1,NA,NA,Aquatic Non-Insects,2,Family,Enchytraeidae,Enchytraeidae,NotDetermined,2,0.041,0.041,NA,NA,NA,NA,NA,NA,NA,NA,NA,NA,NA   NA   NA   NA,NA   NA   NA   NA
STTD_2012-12-12 10:50:00,12/12/2012 10:50,STTD,2013,D,FALSE,CLR,NA,NA,11,0.19,313,NA,7.39,7.03,60.3,10,Low,861530,869000,7470,7470,49.14598591,49.14598591,1,NA,NA,Aquatic Non-Insects,106,Family,Lymnaeidae,Lymnaeidae,NotDetermined,1,0.02,0.02,NA,NA,NA,NA,NA,NA,NA,NA,NA,NA,NA   NA   NA   NA,NA   NA   NA   NA
STTD_2012-12-12 10:50:00,12/12/2012 10:50,STTD,2013,D,FALSE,CLR,NA,NA,11,0.19,313,NA,7.39,7.03,60.3,10,Low,861530,869000,7470,7470,49.14598591,49.14598591,1,NA,NA,Aquatic Non-Insects,20,Family,Physidae,Physidae,NotDetermined,9,0.183,0.183,NA,NA,NA,NA,NA,NA,NA,NA,NA,NA,NA   NA   NA   NA,NA   NA   NA   NA
STTD_2012-12-12 10:50:00,12/12/2012 10:50,STTD,2013,D,FALSE,CLR,NA,NA,11,0.19,313,NA,7.39,7.03,60.3,10,Low,861530,869000,7470,7470,49.14598591,49.14598591,1,NA,NA,Aquatic Non-Insects,15,Family,Hyalellidae,Hyalellidae,NotDetermined,4,0.081,0.081,NA,NA,NA,NA,NA,NA,NA,NA,NA,NA,NA   NA   NA   NA,NA   NA   NA   NA
STTD_2012-12-12 10:50:00,12/12/2012 10:50,STTD,2013,D,FALSE,CLR,NA,NA,11,0.19,313,NA,7.39,7.03,60.3,10,Low,861530,869000,7470,7470,49.14598591,49.14598591,1,NA,NA,Terrestrial Insects,63,Order,Coleoptera,Coleoptera,Adults,2,0.041,0.041,NA,NA,NA,NA,NA,NA,NA,NA,NA,NA,NA   NA   NA   NA,NA   NA   NA   NA
STTD_2012-12-12 10:50:00,12/12/2012 10:50,STTD,2013,D,FALSE,CLR,NA,NA,11,0.19,313,NA,7.39,7.03,60.3,10,Low,861530,869000,7470,7470,49.14598591,49.14598591,1,NA,NA,Terrestrial Insects,63,Order,Coleoptera,Coleoptera,NotDetermined,0,0,0,NA,NA,NA,NA,NA,NA,NA,NA,NA,NA,NA   NA   NA   NA,NA   NA   NA   NA
STTD_2012-12-12 10:50:00,12/12/2012 10:50,STTD,2013,D,FALSE,CLR,NA,NA,11,0.19,313,NA,7.39,7.03,60.3,10,Low,861530,869000,7470,7470,49.14598591,49.14598591,1,NA,NA,Terrestrial Insects,64,Order,Diptera,Diptera,Adults,6,0.122,0.122,NA,NA,NA,NA,NA,NA,NA,NA,NA,NA,NA   NA   NA   NA,NA   NA   NA   NA
STTD_2012-12-12 10:50:00,12/12/2012 10:50,STTD,2013,D,FALSE,CLR,NA,NA,11,0.19,313,NA,7.39,7.03,60.3,10,Low,861530,869000,7470,7470,49.14598591,49.14598591,1,NA,NA,Terrestrial Insects,64,Order,Diptera,Diptera,NotDetermined,0,0,0,NA,NA,NA,NA,NA,NA,NA,NA,NA,NA,NA   NA   NA   NA,NA   NA   NA   NA
STTD_2012-12-12 10:50:00,12/12/2012 10:50,STTD,2013,D,FALSE,CLR,NA,NA,11,0.19,313,NA,7.39,7.03,60.3,10,Low,861530,869000,7470,7470,49.14598591,49.14598591,1,NA,NA,Terrestrial Non-Insects,68,Order,Collembola,Collembola,Adults,0,0,0,NA,NA,NA,NA,NA,NA,NA,NA,NA,NA,NA   NA   NA   NA,NA   NA   NA   NA
STTD_2012-12-12 10:50:00,12/12/2012 10:50,STTD,2013,D,FALSE,CLR,NA,NA,11,0.19,313,NA,7.39,7.03,60.3,10,Low,861530,869000,7470,7470,49.14598591,49.14598591,1,NA,NA,Terrestrial Non-Insects,68,Order,Collembola,Collembola,NotDetermined,3,0.061,0.061,NA,NA,NA,NA,NA,NA,NA,NA,NA,NA,NA   NA   NA   NA,NA   NA   NA   NA
STTD_2012-12-12 10:50:00,12/12/2012 10:50,STTD,2013,D,FALSE,CLR,NA,NA,11,0.19,313,NA,7.39,7.03,60.3,10,Low,861530,869000,7470,7470,49.14598591,49.14598591,1,NA,NA,Terrestrial Insects,66,Order,Hymenoptera,Hymenoptera,Adults,1,0.02,0.02,NA,NA,NA,NA,NA,NA,NA,NA,NA,NA,NA   NA   NA   NA,NA   NA   NA   NA
STTD_2012-12-12 10:50:00,12/12/2012 10:50,STTD,2013,D,FALSE,CLR,NA,NA,11,0.19,313,NA,7.39,7.03,60.3,10,Low,861530,869000,7470,7470,49.14598591,49.14598591,1,NA,NA,Terrestrial Non-Insects,58,Suborder,Araneida,Araneida,NotDetermined,3,0.061,0.061,NA,NA,NA,NA,NA,NA,NA,NA,NA,NA,NA   NA   NA   NA,NA   NA   NA   NA
SHR_2012-12-27 08:42:00,12/27/2012 8:42,SHR,2013,D,TRUE,FOG,NA,NA,8.2,0.2,74,NA,7.09,11.26,74.2,10,Regular,862000,870000,8000,8000,24.57269577,24.57269577,1,NA,NA,Aquatic Insects,44,Family,Corixidae,Corixidae,Larvae,2,0.081,0.081,NA,NA,NA,NA,NA,NA,NA,NA,NA,NA,NA   NA   NA   NA,NA   NA   NA   NA
SHR_2012-12-27 08:42:00,12/27/2012 8:42,SHR,2013,D,TRUE,FOG,NA,NA,8.2,0.2,74,NA,7.09,11.26,74.2,10,Regular,862000,870000,8000,8000,24.57269577,24.57269577,1,NA,NA,Aquatic Insects,44,Family,Corixidae,Corixidae,Pupae,0,0,0,NA,NA,NA,NA,NA,NA,NA,NA,NA,NA,NA   NA   NA   NA,NA   NA   NA   NA
SHR_2012-12-27 08:42:00,12/27/2012 8:42,SHR,2013,D,TRUE,FOG,NA,NA,8.2,0.2,74,NA,7.09,11.26,74.2,10,Regular,862000,870000,8000,8000,24.57269577,24.57269577,1,NA,NA,Aquatic Insects,44,Family,Corixidae,Corixidae,Nymphs,0,0,0,NA,NA,NA,NA,NA,NA,NA,NA,NA,NA,NA   NA   NA   NA,NA   NA   NA   NA
SHR_2012-12-27 08:42:00,12/27/2012 8:42,SHR,2013,D,TRUE,FOG,NA,NA,8.2,0.2,74,NA,7.09,11.26,74.2,10,Regular,862000,870000,8000,8000,24.57269577,24.57269577,1,NA,NA,Aquatic Insects,44,Family,Corixidae,Corixidae,Emergents,0,0,0,NA,NA,NA,NA,NA,NA,NA,NA,NA,NA,NA   NA   NA   NA,NA   NA   NA   NA
SHR_2012-12-27 08:42:00,12/27/2012 8:42,SHR,2013,D,TRUE,FOG,NA,NA,8.2,0.2,74,NA,7.09,11.26,74.2,10,Regular,862000,870000,8000,8000,24.57269577,24.57269577,1,NA,NA,Aquatic Insects,44,Family,Corixidae,Corixidae,Adults,0,0,0,NA,NA,NA,NA,NA,NA,NA,NA,NA,NA,NA   NA   NA   NA,NA   NA   NA   NA
SHR_2012-12-27 08:42:00,12/27/2012 8:42,SHR,2013,D,TRUE,FOG,NA,NA,8.2,0.2,74,NA,7.09,11.26,74.2,10,Regular,862000,870000,8000,8000,24.57269577,24.57269577,1,NA,NA,Aquatic Insects,44,Family,Corixidae,Corixidae,NotDetermined,0,0,0,NA,NA,NA,NA,NA,NA,NA,NA,NA,NA,NA   NA   NA   NA,NA   NA   NA   NA
SHR_2012-12-27 08:42:00,12/27/2012 8:42,SHR,2013,D,TRUE,FOG,NA,NA,8.2,0.2,74,NA,7.09,11.26,74.2,10,Regular,862000,870000,8000,8000,24.57269577,24.57269577,1,NA,NA,Aquatic Insects,34,Family,Chironomidae,Chironomidae,Larvae,1,0.041,0.041,NA,NA,NA,NA,NA,NA,NA,NA,NA,NA,NA   NA   NA   NA,NA   NA   NA   NA
SHR_2012-12-27 08:42:00,12/27/2012 8:42,SHR,2013,D,TRUE,FOG,NA,NA,8.2,0.2,74,NA,7.09,11.26,74.2,10,Regular,862000,870000,8000,8000,24.57269577,24.57269577,1,NA,NA,Aquatic Insects,34,Family,Chironomidae,Chironomidae,Pupae,0,0,0,NA,NA,NA,NA,NA,NA,NA,NA,NA,NA,NA   NA   NA   NA,NA   NA   NA   NA
SHR_2012-12-27 08:42:00,12/27/2012 8:42,SHR,2013,D,TRUE,FOG,NA,NA,8.2,0.2,74,NA,7.09,11.26,74.2,10,Regular,862000,870000,8000,8000,24.57269577,24.57269577,1,NA,NA,Aquatic Insects,34,Family,Chironomidae,Chironomidae,Nymphs,0,0,0,NA,NA,NA,NA,NA,NA,NA,NA,NA,NA,NA   NA   NA   NA,NA   NA   NA   NA
SHR_2012-12-27 08:42:00,12/27/2012 8:42,SHR,2013,D,TRUE,FOG,NA,NA,8.2,0.2,74,NA,7.09,11.26,74.2,10,Regular,862000,870000,8000,8000,24.57269577,24.57269577,1,NA,NA,Aquatic Insects,34,Family,Chironomidae,Chironomidae,Emergents,0,0,0,NA,NA,NA,NA,NA,NA,NA,NA,NA,NA,NA   NA   NA   NA,NA   NA   NA   NA
SHR_2012-12-27 08:42:00,12/27/2012 8:42,SHR,2013,D,TRUE,FOG,NA,NA,8.2,0.2,74,NA,7.09,11.26,74.2,10,Regular,862000,870000,8000,8000,24.57269577,24.57269577,1,NA,NA,Aquatic Insects,34,Family,Chironomidae,Chironomidae,Adults,0,0,0,NA,NA,NA,NA,NA,NA,NA,NA,NA,NA,NA   NA   NA   NA,NA   NA   NA   NA
SHR_2012-12-27 08:42:00,12/27/2012 8:42,SHR,2013,D,TRUE,FOG,NA,NA,8.2,0.2,74,NA,7.09,11.26,74.2,10,Regular,862000,870000,8000,8000,24.57269577,24.57269577,1,NA,NA,Aquatic Insects,34,Family,Chironomidae,Chironomidae,NotDetermined,0,0,0,NA,NA,NA,NA,NA,NA,NA,NA,NA,NA,NA   NA   NA   NA,NA   NA   NA   NA
SHR_2012-12-27 08:42:00,12/27/2012 8:42,SHR,2013,D,TRUE,FOG,NA,NA,8.2,0.2,74,NA,7.09,11.26,74.2,10,Regular,862000,870000,8000,8000,24.57269577,24.57269577,1,NA,NA,Aquatic Non-Insects,9,Family,Corophiidae,Corophiidae,Larvae,0,0,0,NA,NA,NA,NA,NA,NA,NA,NA,NA,NA,NA   NA   NA   NA,NA   NA   NA   NA
SHR_2012-12-27 08:42:00,12/27/2012 8:42,SHR,2013,D,TRUE,FOG,NA,NA,8.2,0.2,74,NA,7.09,11.26,74.2,10,Regular,862000,870000,8000,8000,24.57269577,24.57269577,1,NA,NA,Aquatic Non-Insects,9,Family,Corophiidae,Corophiidae,Pupae,0,0,0,NA,NA,NA,NA,NA,NA,NA,NA,NA,NA,NA   NA   NA   NA,NA   NA   NA   NA
SHR_2012-12-27 08:42:00,12/27/2012 8:42,SHR,2013,D,TRUE,FOG,NA,NA,8.2,0.2,74,NA,7.09,11.26,74.2,10,Regular,862000,870000,8000,8000,24.57269577,24.57269577,1,NA,NA,Aquatic Non-Insects,9,Family,Corophiidae,Corophiidae,Nymphs,0,0,0,NA,NA,NA,NA,NA,NA,NA,NA,NA,NA,NA   NA   NA   NA,NA   NA   NA   NA
SHR_2012-12-27 08:42:00,12/27/2012 8:42,SHR,2013,D,TRUE,FOG,NA,NA,8.2,0.2,74,NA,7.09,11.26,74.2,10,Regular,862000,870000,8000,8000,24.57269577,24.57269577,1,NA,NA,Aquatic Non-Insects,9,Family,Corophiidae,Corophiidae,Emergents,0,0,0,NA,NA,NA,NA,NA,NA,NA,NA,NA,NA,NA   NA   NA   NA,NA   NA   NA   NA
SHR_2012-12-27 08:42:00,12/27/2012 8:42,SHR,2013,D,TRUE,FOG,NA,NA,8.2,0.2,74,NA,7.09,11.26,74.2,10,Regular,862000,870000,8000,8000,24.57269577,24.57269577,1,NA,NA,Aquatic Non-Insects,9,Family,Corophiidae,Corophiidae,Adults,0,0,0,NA,NA,NA,NA,NA,NA,NA,NA,NA,NA,NA   NA   NA   NA,NA   NA   NA   NA
SHR_2012-12-27 08:42:00,12/27/2012 8:42,SHR,2013,D,TRUE,FOG,NA,NA,8.2,0.2,74,NA,7.09,11.26,74.2,10,Regular,862000,870000,8000,8000,24.57269577,24.57269577,1,NA,NA,Aquatic Non-Insects,9,Family,Corophiidae,Corophiidae,NotDetermined,3,0.122,0.122,NA,NA,NA,NA,NA,NA,NA,NA,NA,NA,NA   NA   NA   NA,NA   NA   NA   NA
SHR_2012-12-27 08:42:00,12/27/2012 8:42,SHR,2013,D,TRUE,FOG,NA,NA,8.2,0.2,74,NA,7.09,11.26,74.2,10,Regular,862000,870000,8000,8000,24.57269577,24.57269577,1,NA,NA,Terrestrial Insects,63,Order,Coleoptera,Coleoptera,Larvae,0,0,0,NA,NA,NA,NA,NA,NA,NA,NA,NA,NA,NA   NA   NA   NA,NA   NA   NA   NA
SHR_2012-12-27 08:42:00,12/27/2012 8:42,SHR,2013,D,TRUE,FOG,NA,NA,8.2,0.2,74,NA,7.09,11.26,74.2,10,Regular,862000,870000,8000,8000,24.57269577,24.57269577,1,NA,NA,Terrestrial Insects,63,Order,Coleoptera,Coleoptera,Pupae,0,0,0,NA,NA,NA,NA,NA,NA,NA,NA,NA,NA,NA   NA   NA   NA,NA   NA   NA   NA
SHR_2012-12-27 08:42:00,12/27/2012 8:42,SHR,2013,D,TRUE,FOG,NA,NA,8.2,0.2,74,NA,7.09,11.26,74.2,10,Regular,862000,870000,8000,8000,24.57269577,24.57269577,1,NA,NA,Terrestrial Insects,63,Order,Coleoptera,Coleoptera,Nymphs,0,0,0,NA,NA,NA,NA,NA,NA,NA,NA,NA,NA,NA   NA   NA   NA,NA   NA   NA   NA
SHR_2012-12-27 08:42:00,12/27/2012 8:42,SHR,2013,D,TRUE,FOG,NA,NA,8.2,0.2,74,NA,7.09,11.26,74.2,10,Regular,862000,870000,8000,8000,24.57269577,24.57269577,1,NA,NA,Terrestrial Insects,63,Order,Coleoptera,Coleoptera,Emergents,0,0,0,NA,NA,NA,NA,NA,NA,NA,NA,NA,NA,NA   NA   NA   NA,NA   NA   NA   NA
SHR_2012-12-27 08:42:00,12/27/2012 8:42,SHR,2013,D,TRUE,FOG,NA,NA,8.2,0.2,74,NA,7.09,11.26,74.2,10,Regular,862000,870000,8000,8000,24.57269577,24.57269577,1,NA,NA,Terrestrial Insects,63,Order,Coleoptera,Coleoptera,Adults,1,0.041,0.041,NA,NA,NA,NA,NA,NA,NA,NA,NA,NA,NA   NA   NA   NA,NA   NA   NA   NA
SHR_2012-12-27 08:42:00,12/27/2012 8:42,SHR,2013,D,TRUE,FOG,NA,NA,8.2,0.2,74,NA,7.09,11.26,74.2,10,Regular,862000,870000,8000,8000,24.57269577,24.57269577,1,NA,NA,Terrestrial Insects,63,Order,Coleoptera,Coleoptera,NotDetermined,0,0,0,NA,NA,NA,NA,NA,NA,NA,NA,NA,NA,NA   NA   NA   NA,NA   NA   NA   NA
SHR_2012-12-27 08:42:00,12/27/2012 8:42,SHR,2013,D,TRUE,FOG,NA,NA,8.2,0.2,74,NA,7.09,11.26,74.2,10,Regular,862000,870000,8000,8000,24.57269577,24.57269577,1,NA,NA,Terrestrial Non-Insects,68,Order,Collembola,Collembola,Larvae,0,0,0,NA,NA,NA,NA,NA,NA,NA,NA,NA,NA,NA   NA   NA   NA,NA   NA   NA   NA
SHR_2012-12-27 08:42:00,12/27/2012 8:42,SHR,2013,D,TRUE,FOG,NA,NA,8.2,0.2,74,NA,7.09,11.26,74.2,10,Regular,862000,870000,8000,8000,24.57269577,24.57269577,1,NA,NA,Terrestrial Non-Insects,68,Order,Collembola,Collembola,Pupae,0,0,0,NA,NA,NA,NA,NA,NA,NA,NA,NA,NA,NA   NA   NA   NA,NA   NA   NA   NA
SHR_2012-12-27 08:42:00,12/27/2012 8:42,SHR,2013,D,TRUE,FOG,NA,NA,8.2,0.2,74,NA,7.09,11.26,74.2,10,Regular,862000,870000,8000,8000,24.57269577,24.57269577,1,NA,NA,Terrestrial Non-Insects,68,Order,Collembola,Collembola,Nymphs,0,0,0,NA,NA,NA,NA,NA,NA,NA,NA,NA,NA,NA   NA   NA   NA,NA   NA   NA   NA
SHR_2012-12-27 08:42:00,12/27/2012 8:42,SHR,2013,D,TRUE,FOG,NA,NA,8.2,0.2,74,NA,7.09,11.26,74.2,10,Regular,862000,870000,8000,8000,24.57269577,24.57269577,1,NA,NA,Terrestrial Non-Insects,68,Order,Collembola,Collembola,Emergents,0,0,0,NA,NA,NA,NA,NA,NA,NA,NA,NA,NA,NA   NA   NA   NA,NA   NA   NA   NA
SHR_2012-12-27 08:42:00,12/27/2012 8:42,SHR,2013,D,TRUE,FOG,NA,NA,8.2,0.2,74,NA,7.09,11.26,74.2,10,Regular,862000,870000,8000,8000,24.57269577,24.57269577,1,NA,NA,Terrestrial Non-Insects,68,Order,Collembola,Collembola,Adults,0,0,0,NA,NA,NA,NA,NA,NA,NA,NA,NA,NA,NA   NA   NA   NA,NA   NA   NA   NA
SHR_2012-12-27 08:42:00,12/27/2012 8:42,SHR,2013,D,TRUE,FOG,NA,NA,8.2,0.2,74,NA,7.09,11.26,74.2,10,Regular,862000,870000,8000,8000,24.57269577,24.57269577,1,NA,NA,Terrestrial Non-Insects,68,Order,Collembola,Collembola,NotDetermined,2,0.081,0.081,NA,NA,NA,NA,NA,NA,NA,NA,NA,NA,NA   NA   NA   NA,NA   NA   NA   NA
SHR_2012-12-27 08:42:00,12/27/2012 8:42,SHR,2013,D,TRUE,FOG,NA,NA,8.2,0.2,74,NA,7.09,11.26,74.2,10,Regular,862000,870000,8000,8000,24.57269577,24.57269577,1,NA,NA,Terrestrial Insects,66,Order,Hymenoptera,Hymenoptera,Larvae,0,0,0,NA,NA,NA,NA,NA,NA,NA,NA,NA,NA,NA   NA   NA   NA,NA   NA   NA   NA
SHR_2012-12-27 08:42:00,12/27/2012 8:42,SHR,2013,D,TRUE,FOG,NA,NA,8.2,0.2,74,NA,7.09,11.26,74.2,10,Regular,862000,870000,8000,8000,24.57269577,24.57269577,1,NA,NA,Terrestrial Insects,66,Order,Hymenoptera,Hymenoptera,Pupae,0,0,0,NA,NA,NA,NA,NA,NA,NA,NA,NA,NA,NA   NA   NA   NA,NA   NA   NA   NA
SHR_2012-12-27 08:42:00,12/27/2012 8:42,SHR,2013,D,TRUE,FOG,NA,NA,8.2,0.2,74,NA,7.09,11.26,74.2,10,Regular,862000,870000,8000,8000,24.57269577,24.57269577,1,NA,NA,Terrestrial Insects,66,Order,Hymenoptera,Hymenoptera,Nymphs,0,0,0,NA,NA,NA,NA,NA,NA,NA,NA,NA,NA,NA   NA   NA   NA,NA   NA   NA   NA
SHR_2012-12-27 08:42:00,12/27/2012 8:42,SHR,2013,D,TRUE,FOG,NA,NA,8.2,0.2,74,NA,7.09,11.26,74.2,10,Regular,862000,870000,8000,8000,24.57269577,24.57269577,1,NA,NA,Terrestrial Insects,66,Order,Hymenoptera,Hymenoptera,Emergents,0,0,0,NA,NA,NA,NA,NA,NA,NA,NA,NA,NA,NA   NA   NA   NA,NA   NA   NA   NA
SHR_2012-12-27 08:42:00,12/27/2012 8:42,SHR,2013,D,TRUE,FOG,NA,NA,8.2,0.2,74,NA,7.09,11.26,74.2,10,Regular,862000,870000,8000,8000,24.57269577,24.57269577,1,NA,NA,Terrestrial Insects,66,Order,Hymenoptera,Hymenoptera,Adults,9,0.366,0.366,NA,NA,NA,NA,NA,NA,NA,NA,NA,NA,NA   NA   NA   NA,NA   NA   NA   NA
SHR_2012-12-27 08:42:00,12/27/2012 8:42,SHR,2013,D,TRUE,FOG,NA,NA,8.2,0.2,74,NA,7.09,11.26,74.2,10,Regular,862000,870000,8000,8000,24.57269577,24.57269577,1,NA,NA,Terrestrial Insects,66,Order,Hymenoptera,Hymenoptera,NotDetermined,0,0,0,NA,NA,NA,NA,NA,NA,NA,NA,NA,NA,NA   NA   NA   NA,NA   NA   NA   NA
SHR_2013-01-03 08:25:00,1/3/2013 8:25,SHR,2013,D,FALSE,CLR,NA,NA,7.3,0.34,115,NA,7.3,10.71,56,10,Regular,910790,910996,206,206,0.632746916,0.632746916,1,NA,NA,Aquatic Insects,34,Family,Chironomidae,Chironomidae,Larvae,1,1.58,1.58,NA,NA,NA,NA,NA,NA,2,FM,NA,NA,NA   NA   2   NA,NA   NA   FM   NA
SHR_2013-01-03 08:25:00,1/3/2013 8:25,SHR,2013,D,FALSE,CLR,NA,NA,7.3,0.34,115,NA,7.3,10.71,56,10,Regular,910790,910996,206,206,0.632746916,0.632746916,1,NA,NA,Aquatic Insects,34,Family,Chironomidae,Chironomidae,Pupae,0,0,0,NA,NA,NA,NA,NA,NA,2,FM,NA,NA,NA   NA   2   NA,NA   NA   FM   NA
SHR_2013-01-03 08:25:00,1/3/2013 8:25,SHR,2013,D,FALSE,CLR,NA,NA,7.3,0.34,115,NA,7.3,10.71,56,10,Regular,910790,910996,206,206,0.632746916,0.632746916,1,NA,NA,Aquatic Insects,34,Family,Chironomidae,Chironomidae,Nymphs,0,0,0,NA,NA,NA,NA,NA,NA,2,FM,NA,NA,NA   NA   2   NA,NA   NA   FM   NA
SHR_2013-01-03 08:25:00,1/3/2013 8:25,SHR,2013,D,FALSE,CLR,NA,NA,7.3,0.34,115,NA,7.3,10.71,56,10,Regular,910790,910996,206,206,0.632746916,0.632746916,1,NA,NA,Aquatic Insects,34,Family,Chironomidae,Chironomidae,Emergents,0,0,0,NA,NA,NA,NA,NA,NA,2,FM,NA,NA,NA   NA   2   NA,NA   NA   FM   NA
SHR_2013-01-03 08:25:00,1/3/2013 8:25,SHR,2013,D,FALSE,CLR,NA,NA,7.3,0.34,115,NA,7.3,10.71,56,10,Regular,910790,910996,206,206,0.632746916,0.632746916,1,NA,NA,Aquatic Insects,34,Family,Chironomidae,Chironomidae,Adults,0,0,0,NA,NA,NA,NA,NA,NA,2,FM,NA,NA,NA   NA   2   NA,NA   NA   FM   NA
SHR_2013-01-03 08:25:00,1/3/2013 8:25,SHR,2013,D,FALSE,CLR,NA,NA,7.3,0.34,115,NA,7.3,10.71,56,10,Regular,910790,910996,206,206,0.632746916,0.632746916,1,NA,NA,Aquatic Insects,34,Family,Chironomidae,Chironomidae,NotDetermined,0,0,0,NA,NA,NA,NA,NA,NA,2,FM,NA,NA,NA   NA   2   NA,NA   NA   FM   NA
STTD_2013-01-03 10:10:00,1/3/2013 10:10,STTD,2013,D,FALSE,CLR,NA,NA,6.1,0.23,368,NA,7.8,10.67,61.7,5,Regular,911190,923380,12190,12190,37.44264518,37.44264518,1,NA,NA,Aquatic Insects,44,Family,Corixidae,Corixidae,Larvae,29,0.775,0.775,NA,NA,NA,NA,NA,NA,NA,NA,NA,NA,NA   NA   NA   NA,NA   NA   NA   NA
STTD_2013-01-03 10:10:00,1/3/2013 10:10,STTD,2013,D,FALSE,CLR,NA,NA,6.1,0.23,368,NA,7.8,10.67,61.7,5,Regular,911190,923380,12190,12190,37.44264518,37.44264518,1,NA,NA,Aquatic Insects,44,Family,Corixidae,Corixidae,Pupae,0,0,0,NA,NA,NA,NA,NA,NA,NA,NA,NA,NA,NA   NA   NA   NA,NA   NA   NA   NA
STTD_2013-01-03 10:10:00,1/3/2013 10:10,STTD,2013,D,FALSE,CLR,NA,NA,6.1,0.23,368,NA,7.8,10.67,61.7,5,Regular,911190,923380,12190,12190,37.44264518,37.44264518,1,NA,NA,Aquatic Insects,44,Family,Corixidae,Corixidae,Nymphs,0,0,0,NA,NA,NA,NA,NA,NA,NA,NA,NA,NA,NA   NA   NA   NA,NA   NA   NA   NA
STTD_2013-01-03 10:10:00,1/3/2013 10:10,STTD,2013,D,FALSE,CLR,NA,NA,6.1,0.23,368,NA,7.8,10.67,61.7,5,Regular,911190,923380,12190,12190,37.44264518,37.44264518,1,NA,NA,Aquatic Insects,44,Family,Corixidae,Corixidae,Emergents,0,0,0,NA,NA,NA,NA,NA,NA,NA,NA,NA,NA,NA   NA   NA   NA,NA   NA   NA   NA
STTD_2013-01-03 10:10:00,1/3/2013 10:10,STTD,2013,D,FALSE,CLR,NA,NA,6.1,0.23,368,NA,7.8,10.67,61.7,5,Regular,911190,923380,12190,12190,37.44264518,37.44264518,1,NA,NA,Aquatic Insects,44,Family,Corixidae,Corixidae,Adults,0,0,0,NA,NA,NA,NA,NA,NA,NA,NA,NA,NA,NA   NA   NA   NA,NA   NA   NA   NA
STTD_2013-01-03 10:10:00,1/3/2013 10:10,STTD,2013,D,FALSE,CLR,NA,NA,6.1,0.23,368,NA,7.8,10.67,61.7,5,Regular,911190,923380,12190,12190,37.44264518,37.44264518,1,NA,NA,Aquatic Insects,44,Family,Corixidae,Corixidae,NotDetermined,0,0,0,NA,NA,NA,NA,NA,NA,NA,NA,NA,NA,NA   NA   NA   NA,NA   NA   NA   NA
STTD_2013-01-03 10:10:00,1/3/2013 10:10,STTD,2013,D,FALSE,CLR,NA,NA,6.1,0.23,368,NA,7.8,10.67,61.7,5,Regular,911190,923380,12190,12190,37.44264518,37.44264518,1,NA,NA,Aquatic Insects,30,Family,Dytiscidae,Dytiscidae,Larvae,0,0,0,NA,NA,NA,NA,NA,NA,NA,NA,NA,NA,NA   NA   NA   NA,NA   NA   NA   NA
STTD_2013-01-03 10:10:00,1/3/2013 10:10,STTD,2013,D,FALSE,CLR,NA,NA,6.1,0.23,368,NA,7.8,10.67,61.7,5,Regular,911190,923380,12190,12190,37.44264518,37.44264518,1,NA,NA,Aquatic Insects,30,Family,Dytiscidae,Dytiscidae,Pupae,0,0,0,NA,NA,NA,NA,NA,NA,NA,NA,NA,NA,NA   NA   NA   NA,NA   NA   NA   NA
STTD_2013-01-03 10:10:00,1/3/2013 10:10,STTD,2013,D,FALSE,CLR,NA,NA,6.1,0.23,368,NA,7.8,10.67,61.7,5,Regular,911190,923380,12190,12190,37.44264518,37.44264518,1,NA,NA,Aquatic Insects,30,Family,Dytiscidae,Dytiscidae,Nymphs,0,0,0,NA,NA,NA,NA,NA,NA,NA,NA,NA,NA,NA   NA   NA   NA,NA   NA   NA   NA
STTD_2013-01-03 10:10:00,1/3/2013 10:10,STTD,2013,D,FALSE,CLR,NA,NA,6.1,0.23,368,NA,7.8,10.67,61.7,5,Regular,911190,923380,12190,12190,37.44264518,37.44264518,1,NA,NA,Aquatic Insects,30,Family,Dytiscidae,Dytiscidae,Emergents,0,0,0,NA,NA,NA,NA,NA,NA,NA,NA,NA,NA,NA   NA   NA   NA,NA   NA   NA   NA
STTD_2013-01-03 10:10:00,1/3/2013 10:10,STTD,2013,D,FALSE,CLR,NA,NA,6.1,0.23,368,NA,7.8,10.67,61.7,5,Regular,911190,923380,12190,12190,37.44264518,37.44264518,1,NA,NA,Aquatic Insects,30,Family,Dytiscidae,Dytiscidae,Adults,29,0.775,0.775,NA,NA,NA,NA,NA,NA,NA,NA,NA,NA,NA   NA   NA   NA,NA   NA   NA   NA
STTD_2013-01-03 10:10:00,1/3/2013 10:10,STTD,2013,D,FALSE,CLR,NA,NA,6.1,0.23,368,NA,7.8,10.67,61.7,5,Regular,911190,923380,12190,12190,37.44264518,37.44264518,1,NA,NA,Aquatic Insects,30,Family,Dytiscidae,Dytiscidae,NotDetermined,0,0,0,NA,NA,NA,NA,NA,NA,NA,NA,NA,NA,NA   NA   NA   NA,NA   NA   NA   NA
STTD_2013-01-03 10:10:00,1/3/2013 10:10,STTD,2013,D,FALSE,CLR,NA,NA,6.1,0.23,368,NA,7.8,10.67,61.7,5,Regular,911190,923380,12190,12190,37.44264518,37.44264518,1,NA,NA,Aquatic Insects,81,Family,Hydrophilidae,Hydrophilidae,Larvae,0,0,0,NA,NA,NA,NA,NA,NA,NA,NA,NA,NA,NA   NA   NA   NA,NA   NA   NA   NA
STTD_2013-01-03 10:10:00,1/3/2013 10:10,STTD,2013,D,FALSE,CLR,NA,NA,6.1,0.23,368,NA,7.8,10.67,61.7,5,Regular,911190,923380,12190,12190,37.44264518,37.44264518,1,NA,NA,Aquatic Insects,81,Family,Hydrophilidae,Hydrophilidae,Pupae,0,0,0,NA,NA,NA,NA,NA,NA,NA,NA,NA,NA,NA   NA   NA   NA,NA   NA   NA   NA
STTD_2013-01-03 10:10:00,1/3/2013 10:10,STTD,2013,D,FALSE,CLR,NA,NA,6.1,0.23,368,NA,7.8,10.67,61.7,5,Regular,911190,923380,12190,12190,37.44264518,37.44264518,1,NA,NA,Aquatic Insects,81,Family,Hydrophilidae,Hydrophilidae,Nymphs,0,0,0,NA,NA,NA,NA,NA,NA,NA,NA,NA,NA,NA   NA   NA   NA,NA   NA   NA   NA
STTD_2013-01-03 10:10:00,1/3/2013 10:10,STTD,2013,D,FALSE,CLR,NA,NA,6.1,0.23,368,NA,7.8,10.67,61.7,5,Regular,911190,923380,12190,12190,37.44264518,37.44264518,1,NA,NA,Aquatic Insects,81,Family,Hydrophilidae,Hydrophilidae,Emergents,0,0,0,NA,NA,NA,NA,NA,NA,NA,NA,NA,NA,NA   NA   NA   NA,NA   NA   NA   NA
STTD_2013-01-03 10:10:00,1/3/2013 10:10,STTD,2013,D,FALSE,CLR,NA,NA,6.1,0.23,368,NA,7.8,10.67,61.7,5,Regular,911190,923380,12190,12190,37.44264518,37.44264518,1,NA,NA,Aquatic Insects,81,Family,Hydrophilidae,Hydrophilidae,Adults,3,0.08,0.08,NA,NA,NA,NA,NA,NA,NA,NA,NA,NA,NA   NA   NA   NA,NA   NA   NA   NA
STTD_2013-01-03 10:10:00,1/3/2013 10:10,STTD,2013,D,FALSE,CLR,NA,NA,6.1,0.23,368,NA,7.8,10.67,61.7,5,Regular,911190,923380,12190,12190,37.44264518,37.44264518,1,NA,NA,Aquatic Insects,81,Family,Hydrophilidae,Hydrophilidae,NotDetermined,0,0,0,NA,NA,NA,NA,NA,NA,NA,NA,NA,NA,NA   NA   NA   NA,NA   NA   NA   NA
STTD_2013-01-03 10:10:00,1/3/2013 10:10,STTD,2013,D,FALSE,CLR,NA,NA,6.1,0.23,368,NA,7.8,10.67,61.7,5,Regular,911190,923380,12190,12190,37.44264518,37.44264518,1,NA,NA,Aquatic Insects,34,Family,Chironomidae,Chironomidae,Larvae,4,0.107,0.107,NA,NA,NA,NA,NA,NA,NA,NA,NA,NA,NA   NA   NA   NA,NA   NA   NA   NA
STTD_2013-01-03 10:10:00,1/3/2013 10:10,STTD,2013,D,FALSE,CLR,NA,NA,6.1,0.23,368,NA,7.8,10.67,61.7,5,Regular,911190,923380,12190,12190,37.44264518,37.44264518,1,NA,NA,Aquatic Insects,34,Family,Chironomidae,Chironomidae,Pupae,9,0.24,0.24,NA,NA,NA,NA,NA,NA,NA,NA,NA,NA,NA   NA   NA   NA,NA   NA   NA   NA
STTD_2013-01-03 10:10:00,1/3/2013 10:10,STTD,2013,D,FALSE,CLR,NA,NA,6.1,0.23,368,NA,7.8,10.67,61.7,5,Regular,911190,923380,12190,12190,37.44264518,37.44264518,1,NA,NA,Aquatic Insects,34,Family,Chironomidae,Chironomidae,Nymphs,0,0,0,NA,NA,NA,NA,NA,NA,NA,NA,NA,NA,NA   NA   NA   NA,NA   NA   NA   NA
STTD_2013-01-03 10:10:00,1/3/2013 10:10,STTD,2013,D,FALSE,CLR,NA,NA,6.1,0.23,368,NA,7.8,10.67,61.7,5,Regular,911190,923380,12190,12190,37.44264518,37.44264518,1,NA,NA,Aquatic Insects,34,Family,Chironomidae,Chironomidae,Emergents,0,0,0,NA,NA,NA,NA,NA,NA,NA,NA,NA,NA,NA   NA   NA   NA,NA   NA   NA   NA
STTD_2013-01-03 10:10:00,1/3/2013 10:10,STTD,2013,D,FALSE,CLR,NA,NA,6.1,0.23,368,NA,7.8,10.67,61.7,5,Regular,911190,923380,12190,12190,37.44264518,37.44264518,1,NA,NA,Aquatic Insects,34,Family,Chironomidae,Chironomidae,Adults,215,5.742,5.742,NA,NA,NA,NA,NA,NA,NA,NA,NA,NA,NA   NA   NA   NA,NA   NA   NA   NA
STTD_2013-01-03 10:10:00,1/3/2013 10:10,STTD,2013,D,FALSE,CLR,NA,NA,6.1,0.23,368,NA,7.8,10.67,61.7,5,Regular,911190,923380,12190,12190,37.44264518,37.44264518,1,NA,NA,Aquatic Insects,34,Family,Chironomidae,Chironomidae,NotDetermined,0,0,0,NA,NA,NA,NA,NA,NA,NA,NA,NA,NA,NA   NA   NA   NA,NA   NA   NA   NA
STTD_2013-01-03 10:10:00,1/3/2013 10:10,STTD,2013,D,FALSE,CLR,NA,NA,6.1,0.23,368,NA,7.8,10.67,61.7,5,Regular,911190,923380,12190,12190,37.44264518,37.44264518,1,NA,NA,Aquatic Insects,49,Family,Culicidae,Culicidae,Larvae,6,0.16,0.16,NA,NA,NA,NA,NA,NA,NA,NA,NA,NA,NA   NA   NA   NA,NA   NA   NA   NA
STTD_2013-01-03 10:10:00,1/3/2013 10:10,STTD,2013,D,FALSE,CLR,NA,NA,6.1,0.23,368,NA,7.8,10.67,61.7,5,Regular,911190,923380,12190,12190,37.44264518,37.44264518,1,NA,NA,Aquatic Insects,49,Family,Culicidae,Culicidae,Pupae,1,0.027,0.027,NA,NA,NA,NA,NA,NA,NA,NA,NA,NA,NA   NA   NA   NA,NA   NA   NA   NA
STTD_2013-01-03 10:10:00,1/3/2013 10:10,STTD,2013,D,FALSE,CLR,NA,NA,6.1,0.23,368,NA,7.8,10.67,61.7,5,Regular,911190,923380,12190,12190,37.44264518,37.44264518,1,NA,NA,Aquatic Insects,49,Family,Culicidae,Culicidae,Nymphs,0,0,0,NA,NA,NA,NA,NA,NA,NA,NA,NA,NA,NA   NA   NA   NA,NA   NA   NA   NA
STTD_2013-01-03 10:10:00,1/3/2013 10:10,STTD,2013,D,FALSE,CLR,NA,NA,6.1,0.23,368,NA,7.8,10.67,61.7,5,Regular,911190,923380,12190,12190,37.44264518,37.44264518,1,NA,NA,Aquatic Insects,49,Family,Culicidae,Culicidae,Emergents,0,0,0,NA,NA,NA,NA,NA,NA,NA,NA,NA,NA,NA   NA   NA   NA,NA   NA   NA   NA
STTD_2013-01-03 10:10:00,1/3/2013 10:10,STTD,2013,D,FALSE,CLR,NA,NA,6.1,0.23,368,NA,7.8,10.67,61.7,5,Regular,911190,923380,12190,12190,37.44264518,37.44264518,1,NA,NA,Aquatic Insects,49,Family,Culicidae,Culicidae,Adults,0,0,0,NA,NA,NA,NA,NA,NA,NA,NA,NA,NA,NA   NA   NA   NA,NA   NA   NA   NA
STTD_2013-01-03 10:10:00,1/3/2013 10:10,STTD,2013,D,FALSE,CLR,NA,NA,6.1,0.23,368,NA,7.8,10.67,61.7,5,Regular,911190,923380,12190,12190,37.44264518,37.44264518,1,NA,NA,Aquatic Insects,49,Family,Culicidae,Culicidae,NotDetermined,0,0,0,NA,NA,NA,NA,NA,NA,NA,NA,NA,NA,NA   NA   NA   NA,NA   NA   NA   NA
STTD_2013-01-03 10:10:00,1/3/2013 10:10,STTD,2013,D,FALSE,CLR,NA,NA,6.1,0.23,368,NA,7.8,10.67,61.7,5,Regular,911190,923380,12190,12190,37.44264518,37.44264518,1,NA,NA,Aquatic Insects,37,Family,Psychodidae,Psychodidae,Larvae,0,0,0,NA,NA,NA,NA,NA,NA,NA,NA,NA,NA,NA   NA   NA   NA,NA   NA   NA   NA
STTD_2013-01-03 10:10:00,1/3/2013 10:10,STTD,2013,D,FALSE,CLR,NA,NA,6.1,0.23,368,NA,7.8,10.67,61.7,5,Regular,911190,923380,12190,12190,37.44264518,37.44264518,1,NA,NA,Aquatic Insects,37,Family,Psychodidae,Psychodidae,Pupae,2,0.053,0.053,NA,NA,NA,NA,NA,NA,NA,NA,NA,NA,NA   NA   NA   NA,NA   NA   NA   NA
STTD_2013-01-03 10:10:00,1/3/2013 10:10,STTD,2013,D,FALSE,CLR,NA,NA,6.1,0.23,368,NA,7.8,10.67,61.7,5,Regular,911190,923380,12190,12190,37.44264518,37.44264518,1,NA,NA,Aquatic Insects,37,Family,Psychodidae,Psychodidae,Nymphs,0,0,0,NA,NA,NA,NA,NA,NA,NA,NA,NA,NA,NA   NA   NA   NA,NA   NA   NA   NA
STTD_2013-01-03 10:10:00,1/3/2013 10:10,STTD,2013,D,FALSE,CLR,NA,NA,6.1,0.23,368,NA,7.8,10.67,61.7,5,Regular,911190,923380,12190,12190,37.44264518,37.44264518,1,NA,NA,Aquatic Insects,37,Family,Psychodidae,Psychodidae,Emergents,0,0,0,NA,NA,NA,NA,NA,NA,NA,NA,NA,NA,NA   NA   NA   NA,NA   NA   NA   NA
STTD_2013-01-03 10:10:00,1/3/2013 10:10,STTD,2013,D,FALSE,CLR,NA,NA,6.1,0.23,368,NA,7.8,10.67,61.7,5,Regular,911190,923380,12190,12190,37.44264518,37.44264518,1,NA,NA,Aquatic Insects,37,Family,Psychodidae,Psychodidae,Adults,1,0.027,0.027,NA,NA,NA,NA,NA,NA,NA,NA,NA,NA,NA   NA   NA   NA,NA   NA   NA   NA
STTD_2013-01-03 10:10:00,1/3/2013 10:10,STTD,2013,D,FALSE,CLR,NA,NA,6.1,0.23,368,NA,7.8,10.67,61.7,5,Regular,911190,923380,12190,12190,37.44264518,37.44264518,1,NA,NA,Aquatic Insects,37,Family,Psychodidae,Psychodidae,NotDetermined,0,0,0,NA,NA,NA,NA,NA,NA,NA,NA,NA,NA,NA   NA   NA   NA,NA   NA   NA   NA
STTD_2013-01-03 10:10:00,1/3/2013 10:10,STTD,2013,D,FALSE,CLR,NA,NA,6.1,0.23,368,NA,7.8,10.67,61.7,5,Regular,911190,923380,12190,12190,37.44264518,37.44264518,1,NA,NA,Aquatic Non-Insects,2,Family,Enchytraeidae,Enchytraeidae,Larvae,0,0,0,NA,NA,NA,NA,NA,NA,NA,NA,NA,NA,NA   NA   NA   NA,NA   NA   NA   NA
STTD_2013-01-03 10:10:00,1/3/2013 10:10,STTD,2013,D,FALSE,CLR,NA,NA,6.1,0.23,368,NA,7.8,10.67,61.7,5,Regular,911190,923380,12190,12190,37.44264518,37.44264518,1,NA,NA,Aquatic Non-Insects,2,Family,Enchytraeidae,Enchytraeidae,Pupae,0,0,0,NA,NA,NA,NA,NA,NA,NA,NA,NA,NA,NA   NA   NA   NA,NA   NA   NA   NA
STTD_2013-01-03 10:10:00,1/3/2013 10:10,STTD,2013,D,FALSE,CLR,NA,NA,6.1,0.23,368,NA,7.8,10.67,61.7,5,Regular,911190,923380,12190,12190,37.44264518,37.44264518,1,NA,NA,Aquatic Non-Insects,2,Family,Enchytraeidae,Enchytraeidae,Nymphs,0,0,0,NA,NA,NA,NA,NA,NA,NA,NA,NA,NA,NA   NA   NA   NA,NA   NA   NA   NA
STTD_2013-01-03 10:10:00,1/3/2013 10:10,STTD,2013,D,FALSE,CLR,NA,NA,6.1,0.23,368,NA,7.8,10.67,61.7,5,Regular,911190,923380,12190,12190,37.44264518,37.44264518,1,NA,NA,Aquatic Non-Insects,2,Family,Enchytraeidae,Enchytraeidae,Emergents,0,0,0,NA,NA,NA,NA,NA,NA,NA,NA,NA,NA,NA   NA   NA   NA,NA   NA   NA   NA
STTD_2013-01-03 10:10:00,1/3/2013 10:10,STTD,2013,D,FALSE,CLR,NA,NA,6.1,0.23,368,NA,7.8,10.67,61.7,5,Regular,911190,923380,12190,12190,37.44264518,37.44264518,1,NA,NA,Aquatic Non-Insects,2,Family,Enchytraeidae,Enchytraeidae,Adults,0,0,0,NA,NA,NA,NA,NA,NA,NA,NA,NA,NA,NA   NA   NA   NA,NA   NA   NA   NA
STTD_2013-01-03 10:10:00,1/3/2013 10:10,STTD,2013,D,FALSE,CLR,NA,NA,6.1,0.23,368,NA,7.8,10.67,61.7,5,Regular,911190,923380,12190,12190,37.44264518,37.44264518,1,NA,NA,Aquatic Non-Insects,2,Family,Enchytraeidae,Enchytraeidae,NotDetermined,13,0.347,0.347,NA,NA,NA,NA,NA,NA,NA,NA,NA,NA,NA   NA   NA   NA,NA   NA   NA   NA
STTD_2013-01-03 10:10:00,1/3/2013 10:10,STTD,2013,D,FALSE,CLR,NA,NA,6.1,0.23,368,NA,7.8,10.67,61.7,5,Regular,911190,923380,12190,12190,37.44264518,37.44264518,1,NA,NA,Aquatic Non-Insects,3,Suborder,Lumbricina,Lumbricina,Larvae,0,0,0,NA,NA,NA,NA,NA,NA,NA,NA,NA,NA,NA   NA   NA   NA,NA   NA   NA   NA
STTD_2013-01-03 10:10:00,1/3/2013 10:10,STTD,2013,D,FALSE,CLR,NA,NA,6.1,0.23,368,NA,7.8,10.67,61.7,5,Regular,911190,923380,12190,12190,37.44264518,37.44264518,1,NA,NA,Aquatic Non-Insects,3,Suborder,Lumbricina,Lumbricina,Pupae,0,0,0,NA,NA,NA,NA,NA,NA,NA,NA,NA,NA,NA   NA   NA   NA,NA   NA   NA   NA
STTD_2013-01-03 10:10:00,1/3/2013 10:10,STTD,2013,D,FALSE,CLR,NA,NA,6.1,0.23,368,NA,7.8,10.67,61.7,5,Regular,911190,923380,12190,12190,37.44264518,37.44264518,1,NA,NA,Aquatic Non-Insects,3,Suborder,Lumbricina,Lumbricina,Nymphs,0,0,0,NA,NA,NA,NA,NA,NA,NA,NA,NA,NA,NA   NA   NA   NA,NA   NA   NA   NA
STTD_2013-01-03 10:10:00,1/3/2013 10:10,STTD,2013,D,FALSE,CLR,NA,NA,6.1,0.23,368,NA,7.8,10.67,61.7,5,Regular,911190,923380,12190,12190,37.44264518,37.44264518,1,NA,NA,Aquatic Non-Insects,3,Suborder,Lumbricina,Lumbricina,Emergents,0,0,0,NA,NA,NA,NA,NA,NA,NA,NA,NA,NA,NA   NA   NA   NA,NA   NA   NA   NA
STTD_2013-01-03 10:10:00,1/3/2013 10:10,STTD,2013,D,FALSE,CLR,NA,NA,6.1,0.23,368,NA,7.8,10.67,61.7,5,Regular,911190,923380,12190,12190,37.44264518,37.44264518,1,NA,NA,Aquatic Non-Insects,3,Suborder,Lumbricina,Lumbricina,Adults,0,0,0,NA,NA,NA,NA,NA,NA,NA,NA,NA,NA,NA   NA   NA   NA,NA   NA   NA   NA
STTD_2013-01-03 10:10:00,1/3/2013 10:10,STTD,2013,D,FALSE,CLR,NA,NA,6.1,0.23,368,NA,7.8,10.67,61.7,5,Regular,911190,923380,12190,12190,37.44264518,37.44264518,1,NA,NA,Aquatic Non-Insects,3,Suborder,Lumbricina,Lumbricina,NotDetermined,2,0.053,0.053,NA,NA,NA,NA,NA,NA,NA,NA,NA,NA,NA   NA   NA   NA,NA   NA   NA   NA
STTD_2013-01-03 10:10:00,1/3/2013 10:10,STTD,2013,D,FALSE,CLR,NA,NA,6.1,0.23,368,NA,7.8,10.67,61.7,5,Regular,911190,923380,12190,12190,37.44264518,37.44264518,1,NA,NA,Aquatic Non-Insects,20,Family,Physidae,Physidae,Larvae,0,0,0,NA,NA,NA,NA,NA,NA,NA,NA,NA,NA,NA   NA   NA   NA,NA   NA   NA   NA
STTD_2013-01-03 10:10:00,1/3/2013 10:10,STTD,2013,D,FALSE,CLR,NA,NA,6.1,0.23,368,NA,7.8,10.67,61.7,5,Regular,911190,923380,12190,12190,37.44264518,37.44264518,1,NA,NA,Aquatic Non-Insects,20,Family,Physidae,Physidae,Pupae,0,0,0,NA,NA,NA,NA,NA,NA,NA,NA,NA,NA,NA   NA   NA   NA,NA   NA   NA   NA
STTD_2013-01-03 10:10:00,1/3/2013 10:10,STTD,2013,D,FALSE,CLR,NA,NA,6.1,0.23,368,NA,7.8,10.67,61.7,5,Regular,911190,923380,12190,12190,37.44264518,37.44264518,1,NA,NA,Aquatic Non-Insects,20,Family,Physidae,Physidae,Nymphs,0,0,0,NA,NA,NA,NA,NA,NA,NA,NA,NA,NA,NA   NA   NA   NA,NA   NA   NA   NA
STTD_2013-01-03 10:10:00,1/3/2013 10:10,STTD,2013,D,FALSE,CLR,NA,NA,6.1,0.23,368,NA,7.8,10.67,61.7,5,Regular,911190,923380,12190,12190,37.44264518,37.44264518,1,NA,NA,Aquatic Non-Insects,20,Family,Physidae,Physidae,Emergents,0,0,0,NA,NA,NA,NA,NA,NA,NA,NA,NA,NA,NA   NA   NA   NA,NA   NA   NA   NA
STTD_2013-01-03 10:10:00,1/3/2013 10:10,STTD,2013,D,FALSE,CLR,NA,NA,6.1,0.23,368,NA,7.8,10.67,61.7,5,Regular,911190,923380,12190,12190,37.44264518,37.44264518,1,NA,NA,Aquatic Non-Insects,20,Family,Physidae,Physidae,Adults,0,0,0,NA,NA,NA,NA,NA,NA,NA,NA,NA,NA,NA   NA   NA   NA,NA   NA   NA   NA
STTD_2013-01-03 10:10:00,1/3/2013 10:10,STTD,2013,D,FALSE,CLR,NA,NA,6.1,0.23,368,NA,7.8,10.67,61.7,5,Regular,911190,923380,12190,12190,37.44264518,37.44264518,1,NA,NA,Aquatic Non-Insects,20,Family,Physidae,Physidae,NotDetermined,164,4.38,4.38,NA,NA,NA,NA,NA,NA,NA,NA,NA,NA,NA   NA   NA   NA,NA   NA   NA   NA
STTD_2013-01-03 10:10:00,1/3/2013 10:10,STTD,2013,D,FALSE,CLR,NA,NA,6.1,0.23,368,NA,7.8,10.67,61.7,5,Regular,911190,923380,12190,12190,37.44264518,37.44264518,1,NA,NA,Aquatic Non-Insects,9,Family,Corophiidae,Corophiidae,Larvae,0,0,0,NA,NA,NA,NA,NA,NA,NA,NA,NA,NA,NA   NA   NA   NA,NA   NA   NA   NA
STTD_2013-01-03 10:10:00,1/3/2013 10:10,STTD,2013,D,FALSE,CLR,NA,NA,6.1,0.23,368,NA,7.8,10.67,61.7,5,Regular,911190,923380,12190,12190,37.44264518,37.44264518,1,NA,NA,Aquatic Non-Insects,9,Family,Corophiidae,Corophiidae,Pupae,0,0,0,NA,NA,NA,NA,NA,NA,NA,NA,NA,NA,NA   NA   NA   NA,NA   NA   NA   NA
STTD_2013-01-03 10:10:00,1/3/2013 10:10,STTD,2013,D,FALSE,CLR,NA,NA,6.1,0.23,368,NA,7.8,10.67,61.7,5,Regular,911190,923380,12190,12190,37.44264518,37.44264518,1,NA,NA,Aquatic Non-Insects,9,Family,Corophiidae,Corophiidae,Nymphs,0,0,0,NA,NA,NA,NA,NA,NA,NA,NA,NA,NA,NA   NA   NA   NA,NA   NA   NA   NA
STTD_2013-01-03 10:10:00,1/3/2013 10:10,STTD,2013,D,FALSE,CLR,NA,NA,6.1,0.23,368,NA,7.8,10.67,61.7,5,Regular,911190,923380,12190,12190,37.44264518,37.44264518,1,NA,NA,Aquatic Non-Insects,9,Family,Corophiidae,Corophiidae,Emergents,0,0,0,NA,NA,NA,NA,NA,NA,NA,NA,NA,NA,NA   NA   NA   NA,NA   NA   NA   NA
STTD_2013-01-03 10:10:00,1/3/2013 10:10,STTD,2013,D,FALSE,CLR,NA,NA,6.1,0.23,368,NA,7.8,10.67,61.7,5,Regular,911190,923380,12190,12190,37.44264518,37.44264518,1,NA,NA,Aquatic Non-Insects,9,Family,Corophiidae,Corophiidae,Adults,0,0,0,NA,NA,NA,NA,NA,NA,NA,NA,NA,NA,NA   NA   NA   NA,NA   NA   NA   NA
STTD_2013-01-03 10:10:00,1/3/2013 10:10,STTD,2013,D,FALSE,CLR,NA,NA,6.1,0.23,368,NA,7.8,10.67,61.7,5,Regular,911190,923380,12190,12190,37.44264518,37.44264518,1,NA,NA,Aquatic Non-Insects,9,Family,Corophiidae,Corophiidae,NotDetermined,5,0.134,0.134,NA,NA,NA,NA,NA,NA,NA,NA,NA,NA,NA   NA   NA   NA,NA   NA   NA   NA
STTD_2013-01-03 10:10:00,1/3/2013 10:10,STTD,2013,D,FALSE,CLR,NA,NA,6.1,0.23,368,NA,7.8,10.67,61.7,5,Regular,911190,923380,12190,12190,37.44264518,37.44264518,1,NA,NA,Aquatic Non-Insects,11,Family,Gammaridae,Gammaridae,Larvae,0,0,0,NA,NA,NA,NA,NA,NA,NA,NA,NA,NA,NA   NA   NA   NA,NA   NA   NA   NA
STTD_2013-01-03 10:10:00,1/3/2013 10:10,STTD,2013,D,FALSE,CLR,NA,NA,6.1,0.23,368,NA,7.8,10.67,61.7,5,Regular,911190,923380,12190,12190,37.44264518,37.44264518,1,NA,NA,Aquatic Non-Insects,11,Family,Gammaridae,Gammaridae,Pupae,0,0,0,NA,NA,NA,NA,NA,NA,NA,NA,NA,NA,NA   NA   NA   NA,NA   NA   NA   NA
STTD_2013-01-03 10:10:00,1/3/2013 10:10,STTD,2013,D,FALSE,CLR,NA,NA,6.1,0.23,368,NA,7.8,10.67,61.7,5,Regular,911190,923380,12190,12190,37.44264518,37.44264518,1,NA,NA,Aquatic Non-Insects,11,Family,Gammaridae,Gammaridae,Nymphs,0,0,0,NA,NA,NA,NA,NA,NA,NA,NA,NA,NA,NA   NA   NA   NA,NA   NA   NA   NA
STTD_2013-01-03 10:10:00,1/3/2013 10:10,STTD,2013,D,FALSE,CLR,NA,NA,6.1,0.23,368,NA,7.8,10.67,61.7,5,Regular,911190,923380,12190,12190,37.44264518,37.44264518,1,NA,NA,Aquatic Non-Insects,11,Family,Gammaridae,Gammaridae,Emergents,0,0,0,NA,NA,NA,NA,NA,NA,NA,NA,NA,NA,NA   NA   NA   NA,NA   NA   NA   NA
STTD_2013-01-03 10:10:00,1/3/2013 10:10,STTD,2013,D,FALSE,CLR,NA,NA,6.1,0.23,368,NA,7.8,10.67,61.7,5,Regular,911190,923380,12190,12190,37.44264518,37.44264518,1,NA,NA,Aquatic Non-Insects,11,Family,Gammaridae,Gammaridae,Adults,0,0,0,NA,NA,NA,NA,NA,NA,NA,NA,NA,NA,NA   NA   NA   NA,NA   NA   NA   NA
STTD_2013-01-03 10:10:00,1/3/2013 10:10,STTD,2013,D,FALSE,CLR,NA,NA,6.1,0.23,368,NA,7.8,10.67,61.7,5,Regular,911190,923380,12190,12190,37.44264518,37.44264518,1,NA,NA,Aquatic Non-Insects,11,Family,Gammaridae,Gammaridae,NotDetermined,1,0.027,0.027,NA,NA,NA,NA,NA,NA,NA,NA,NA,NA,NA   NA   NA   NA,NA   NA   NA   NA
STTD_2013-01-03 10:10:00,1/3/2013 10:10,STTD,2013,D,FALSE,CLR,NA,NA,6.1,0.23,368,NA,7.8,10.67,61.7,5,Regular,911190,923380,12190,12190,37.44264518,37.44264518,1,NA,NA,Terrestrial Insects,71,Order,Hemiptera,Hemiptera,Larvae,5,0.134,0.134,NA,NA,NA,NA,NA,NA,NA,NA,NA,NA,NA   NA   NA   NA,NA   NA   NA   NA
STTD_2013-01-03 10:10:00,1/3/2013 10:10,STTD,2013,D,FALSE,CLR,NA,NA,6.1,0.23,368,NA,7.8,10.67,61.7,5,Regular,911190,923380,12190,12190,37.44264518,37.44264518,1,NA,NA,Terrestrial Insects,71,Order,Hemiptera,Hemiptera,Pupae,0,0,0,NA,NA,NA,NA,NA,NA,NA,NA,NA,NA,NA   NA   NA   NA,NA   NA   NA   NA
STTD_2013-01-03 10:10:00,1/3/2013 10:10,STTD,2013,D,FALSE,CLR,NA,NA,6.1,0.23,368,NA,7.8,10.67,61.7,5,Regular,911190,923380,12190,12190,37.44264518,37.44264518,1,NA,NA,Terrestrial Insects,71,Order,Hemiptera,Hemiptera,Nymphs,0,0,0,NA,NA,NA,NA,NA,NA,NA,NA,NA,NA,NA   NA   NA   NA,NA   NA   NA   NA
STTD_2013-01-03 10:10:00,1/3/2013 10:10,STTD,2013,D,FALSE,CLR,NA,NA,6.1,0.23,368,NA,7.8,10.67,61.7,5,Regular,911190,923380,12190,12190,37.44264518,37.44264518,1,NA,NA,Terrestrial Insects,71,Order,Hemiptera,Hemiptera,Emergents,0,0,0,NA,NA,NA,NA,NA,NA,NA,NA,NA,NA,NA   NA   NA   NA,NA   NA   NA   NA
STTD_2013-01-03 10:10:00,1/3/2013 10:10,STTD,2013,D,FALSE,CLR,NA,NA,6.1,0.23,368,NA,7.8,10.67,61.7,5,Regular,911190,923380,12190,12190,37.44264518,37.44264518,1,NA,NA,Terrestrial Insects,71,Order,Hemiptera,Hemiptera,Adults,1,0.027,0.027,NA,NA,NA,NA,NA,NA,NA,NA,NA,NA,NA   NA   NA   NA,NA   NA   NA   NA
STTD_2013-01-03 10:10:00,1/3/2013 10:10,STTD,2013,D,FALSE,CLR,NA,NA,6.1,0.23,368,NA,7.8,10.67,61.7,5,Regular,911190,923380,12190,12190,37.44264518,37.44264518,1,NA,NA,Terrestrial Insects,71,Order,Hemiptera,Hemiptera,NotDetermined,0,0,0,NA,NA,NA,NA,NA,NA,NA,NA,NA,NA,NA   NA   NA   NA,NA   NA   NA   NA
STTD_2013-01-03 10:10:00,1/3/2013 10:10,STTD,2013,D,FALSE,CLR,NA,NA,6.1,0.23,368,NA,7.8,10.67,61.7,5,Regular,911190,923380,12190,12190,37.44264518,37.44264518,1,NA,NA,Terrestrial Insects,63,Order,Coleoptera,Coleoptera,Larvae,1,0.027,0.027,NA,NA,NA,NA,NA,NA,NA,NA,NA,NA,NA   NA   NA   NA,NA   NA   NA   NA
STTD_2013-01-03 10:10:00,1/3/2013 10:10,STTD,2013,D,FALSE,CLR,NA,NA,6.1,0.23,368,NA,7.8,10.67,61.7,5,Regular,911190,923380,12190,12190,37.44264518,37.44264518,1,NA,NA,Terrestrial Insects,63,Order,Coleoptera,Coleoptera,Pupae,0,0,0,NA,NA,NA,NA,NA,NA,NA,NA,NA,NA,NA   NA   NA   NA,NA   NA   NA   NA
STTD_2013-01-03 10:10:00,1/3/2013 10:10,STTD,2013,D,FALSE,CLR,NA,NA,6.1,0.23,368,NA,7.8,10.67,61.7,5,Regular,911190,923380,12190,12190,37.44264518,37.44264518,1,NA,NA,Terrestrial Insects,63,Order,Coleoptera,Coleoptera,Nymphs,0,0,0,NA,NA,NA,NA,NA,NA,NA,NA,NA,NA,NA   NA   NA   NA,NA   NA   NA   NA
STTD_2013-01-03 10:10:00,1/3/2013 10:10,STTD,2013,D,FALSE,CLR,NA,NA,6.1,0.23,368,NA,7.8,10.67,61.7,5,Regular,911190,923380,12190,12190,37.44264518,37.44264518,1,NA,NA,Terrestrial Insects,63,Order,Coleoptera,Coleoptera,Emergents,0,0,0,NA,NA,NA,NA,NA,NA,NA,NA,NA,NA,NA   NA   NA   NA,NA   NA   NA   NA
STTD_2013-01-03 10:10:00,1/3/2013 10:10,STTD,2013,D,FALSE,CLR,NA,NA,6.1,0.23,368,NA,7.8,10.67,61.7,5,Regular,911190,923380,12190,12190,37.44264518,37.44264518,1,NA,NA,Terrestrial Insects,63,Order,Coleoptera,Coleoptera,Adults,39,1.042,1.042,NA,NA,NA,NA,NA,NA,NA,NA,NA,NA,NA   NA   NA   NA,NA   NA   NA   NA
STTD_2013-01-03 10:10:00,1/3/2013 10:10,STTD,2013,D,FALSE,CLR,NA,NA,6.1,0.23,368,NA,7.8,10.67,61.7,5,Regular,911190,923380,12190,12190,37.44264518,37.44264518,1,NA,NA,Terrestrial Insects,63,Order,Coleoptera,Coleoptera,NotDetermined,0,0,0,NA,NA,NA,NA,NA,NA,NA,NA,NA,NA,NA   NA   NA   NA,NA   NA   NA   NA
STTD_2013-01-03 10:10:00,1/3/2013 10:10,STTD,2013,D,FALSE,CLR,NA,NA,6.1,0.23,368,NA,7.8,10.67,61.7,5,Regular,911190,923380,12190,12190,37.44264518,37.44264518,1,NA,NA,Terrestrial Insects,64,Order,Diptera,Diptera,Larvae,0,0,0,NA,NA,NA,NA,NA,NA,NA,NA,NA,NA,NA   NA   NA   NA,NA   NA   NA   NA
STTD_2013-01-03 10:10:00,1/3/2013 10:10,STTD,2013,D,FALSE,CLR,NA,NA,6.1,0.23,368,NA,7.8,10.67,61.7,5,Regular,911190,923380,12190,12190,37.44264518,37.44264518,1,NA,NA,Terrestrial Insects,64,Order,Diptera,Diptera,Pupae,4,0.107,0.107,NA,NA,NA,NA,NA,NA,NA,NA,NA,NA,NA   NA   NA   NA,NA   NA   NA   NA
STTD_2013-01-03 10:10:00,1/3/2013 10:10,STTD,2013,D,FALSE,CLR,NA,NA,6.1,0.23,368,NA,7.8,10.67,61.7,5,Regular,911190,923380,12190,12190,37.44264518,37.44264518,1,NA,NA,Terrestrial Insects,64,Order,Diptera,Diptera,Nymphs,0,0,0,NA,NA,NA,NA,NA,NA,NA,NA,NA,NA,NA   NA   NA   NA,NA   NA   NA   NA
STTD_2013-01-03 10:10:00,1/3/2013 10:10,STTD,2013,D,FALSE,CLR,NA,NA,6.1,0.23,368,NA,7.8,10.67,61.7,5,Regular,911190,923380,12190,12190,37.44264518,37.44264518,1,NA,NA,Terrestrial Insects,64,Order,Diptera,Diptera,Emergents,0,0,0,NA,NA,NA,NA,NA,NA,NA,NA,NA,NA,NA   NA   NA   NA,NA   NA   NA   NA
STTD_2013-01-03 10:10:00,1/3/2013 10:10,STTD,2013,D,FALSE,CLR,NA,NA,6.1,0.23,368,NA,7.8,10.67,61.7,5,Regular,911190,923380,12190,12190,37.44264518,37.44264518,1,NA,NA,Terrestrial Insects,64,Order,Diptera,Diptera,Adults,4,0.107,0.107,NA,NA,NA,NA,NA,NA,NA,NA,NA,NA,NA   NA   NA   NA,NA   NA   NA   NA
STTD_2013-01-03 10:10:00,1/3/2013 10:10,STTD,2013,D,FALSE,CLR,NA,NA,6.1,0.23,368,NA,7.8,10.67,61.7,5,Regular,911190,923380,12190,12190,37.44264518,37.44264518,1,NA,NA,Terrestrial Insects,64,Order,Diptera,Diptera,NotDetermined,0,0,0,NA,NA,NA,NA,NA,NA,NA,NA,NA,NA,NA   NA   NA   NA,NA   NA   NA   NA
STTD_2013-01-03 10:10:00,1/3/2013 10:10,STTD,2013,D,FALSE,CLR,NA,NA,6.1,0.23,368,NA,7.8,10.67,61.7,5,Regular,911190,923380,12190,12190,37.44264518,37.44264518,1,NA,NA,Terrestrial Non-Insects,68,Order,Collembola,Collembola,Larvae,0,0,0,NA,NA,NA,NA,NA,NA,NA,NA,NA,NA,NA   NA   NA   NA,NA   NA   NA   NA
STTD_2013-01-03 10:10:00,1/3/2013 10:10,STTD,2013,D,FALSE,CLR,NA,NA,6.1,0.23,368,NA,7.8,10.67,61.7,5,Regular,911190,923380,12190,12190,37.44264518,37.44264518,1,NA,NA,Terrestrial Non-Insects,68,Order,Collembola,Collembola,Pupae,0,0,0,NA,NA,NA,NA,NA,NA,NA,NA,NA,NA,NA   NA   NA   NA,NA   NA   NA   NA
STTD_2013-01-03 10:10:00,1/3/2013 10:10,STTD,2013,D,FALSE,CLR,NA,NA,6.1,0.23,368,NA,7.8,10.67,61.7,5,Regular,911190,923380,12190,12190,37.44264518,37.44264518,1,NA,NA,Terrestrial Non-Insects,68,Order,Collembola,Collembola,Nymphs,0,0,0,NA,NA,NA,NA,NA,NA,NA,NA,NA,NA,NA   NA   NA   NA,NA   NA   NA   NA
STTD_2013-01-03 10:10:00,1/3/2013 10:10,STTD,2013,D,FALSE,CLR,NA,NA,6.1,0.23,368,NA,7.8,10.67,61.7,5,Regular,911190,923380,12190,12190,37.44264518,37.44264518,1,NA,NA,Terrestrial Non-Insects,68,Order,Collembola,Collembola,Emergents,0,0,0,NA,NA,NA,NA,NA,NA,NA,NA,NA,NA,NA   NA   NA   NA,NA   NA   NA   NA
STTD_2013-01-03 10:10:00,1/3/2013 10:10,STTD,2013,D,FALSE,CLR,NA,NA,6.1,0.23,368,NA,7.8,10.67,61.7,5,Regular,911190,923380,12190,12190,37.44264518,37.44264518,1,NA,NA,Terrestrial Non-Insects,68,Order,Collembola,Collembola,Adults,0,0,0,NA,NA,NA,NA,NA,NA,NA,NA,NA,NA,NA   NA   NA   NA,NA   NA   NA   NA
STTD_2013-01-03 10:10:00,1/3/2013 10:10,STTD,2013,D,FALSE,CLR,NA,NA,6.1,0.23,368,NA,7.8,10.67,61.7,5,Regular,911190,923380,12190,12190,37.44264518,37.44264518,1,NA,NA,Terrestrial Non-Insects,68,Order,Collembola,Collembola,NotDetermined,83,2.217,2.217,NA,NA,NA,NA,NA,NA,NA,NA,NA,NA,NA   NA   NA   NA,NA   NA   NA   NA
STTD_2013-01-03 10:10:00,1/3/2013 10:10,STTD,2013,D,FALSE,CLR,NA,NA,6.1,0.23,368,NA,7.8,10.67,61.7,5,Regular,911190,923380,12190,12190,37.44264518,37.44264518,1,NA,NA,Terrestrial Insects,66,Order,Hymenoptera,Hymenoptera,Larvae,0,0,0,NA,NA,NA,NA,NA,NA,NA,NA,NA,NA,NA   NA   NA   NA,NA   NA   NA   NA
STTD_2013-01-03 10:10:00,1/3/2013 10:10,STTD,2013,D,FALSE,CLR,NA,NA,6.1,0.23,368,NA,7.8,10.67,61.7,5,Regular,911190,923380,12190,12190,37.44264518,37.44264518,1,NA,NA,Terrestrial Insects,66,Order,Hymenoptera,Hymenoptera,Pupae,0,0,0,NA,NA,NA,NA,NA,NA,NA,NA,NA,NA,NA   NA   NA   NA,NA   NA   NA   NA
STTD_2013-01-03 10:10:00,1/3/2013 10:10,STTD,2013,D,FALSE,CLR,NA,NA,6.1,0.23,368,NA,7.8,10.67,61.7,5,Regular,911190,923380,12190,12190,37.44264518,37.44264518,1,NA,NA,Terrestrial Insects,66,Order,Hymenoptera,Hymenoptera,Nymphs,0,0,0,NA,NA,NA,NA,NA,NA,NA,NA,NA,NA,NA   NA   NA   NA,NA   NA   NA   NA
STTD_2013-01-03 10:10:00,1/3/2013 10:10,STTD,2013,D,FALSE,CLR,NA,NA,6.1,0.23,368,NA,7.8,10.67,61.7,5,Regular,911190,923380,12190,12190,37.44264518,37.44264518,1,NA,NA,Terrestrial Insects,66,Order,Hymenoptera,Hymenoptera,Emergents,0,0,0,NA,NA,NA,NA,NA,NA,NA,NA,NA,NA,NA   NA   NA   NA,NA   NA   NA   NA
STTD_2013-01-03 10:10:00,1/3/2013 10:10,STTD,2013,D,FALSE,CLR,NA,NA,6.1,0.23,368,NA,7.8,10.67,61.7,5,Regular,911190,923380,12190,12190,37.44264518,37.44264518,1,NA,NA,Terrestrial Insects,66,Order,Hymenoptera,Hymenoptera,Adults,16,0.427,0.427,NA,NA,NA,NA,NA,NA,NA,NA,NA,NA,NA   NA   NA   NA,NA   NA   NA   NA
STTD_2013-01-03 10:10:00,1/3/2013 10:10,STTD,2013,D,FALSE,CLR,NA,NA,6.1,0.23,368,NA,7.8,10.67,61.7,5,Regular,911190,923380,12190,12190,37.44264518,37.44264518,1,NA,NA,Terrestrial Insects,66,Order,Hymenoptera,Hymenoptera,NotDetermined,0,0,0,NA,NA,NA,NA,NA,NA,NA,NA,NA,NA,NA   NA   NA   NA,NA   NA   NA   NA
STTD_2013-01-03 10:10:00,1/3/2013 10:10,STTD,2013,D,FALSE,CLR,NA,NA,6.1,0.23,368,NA,7.8,10.67,61.7,5,Regular,911190,923380,12190,12190,37.44264518,37.44264518,1,NA,NA,Terrestrial Insects,85,Order,Thysanoptera,Thysanoptera,Larvae,0,0,0,NA,NA,NA,NA,NA,NA,NA,NA,NA,NA,NA   NA   NA   NA,NA   NA   NA   NA
STTD_2013-01-03 10:10:00,1/3/2013 10:10,STTD,2013,D,FALSE,CLR,NA,NA,6.1,0.23,368,NA,7.8,10.67,61.7,5,Regular,911190,923380,12190,12190,37.44264518,37.44264518,1,NA,NA,Terrestrial Insects,85,Order,Thysanoptera,Thysanoptera,Pupae,0,0,0,NA,NA,NA,NA,NA,NA,NA,NA,NA,NA,NA   NA   NA   NA,NA   NA   NA   NA
STTD_2013-01-03 10:10:00,1/3/2013 10:10,STTD,2013,D,FALSE,CLR,NA,NA,6.1,0.23,368,NA,7.8,10.67,61.7,5,Regular,911190,923380,12190,12190,37.44264518,37.44264518,1,NA,NA,Terrestrial Insects,85,Order,Thysanoptera,Thysanoptera,Nymphs,0,0,0,NA,NA,NA,NA,NA,NA,NA,NA,NA,NA,NA   NA   NA   NA,NA   NA   NA   NA
STTD_2013-01-03 10:10:00,1/3/2013 10:10,STTD,2013,D,FALSE,CLR,NA,NA,6.1,0.23,368,NA,7.8,10.67,61.7,5,Regular,911190,923380,12190,12190,37.44264518,37.44264518,1,NA,NA,Terrestrial Insects,85,Order,Thysanoptera,Thysanoptera,Emergents,0,0,0,NA,NA,NA,NA,NA,NA,NA,NA,NA,NA,NA   NA   NA   NA,NA   NA   NA   NA
STTD_2013-01-03 10:10:00,1/3/2013 10:10,STTD,2013,D,FALSE,CLR,NA,NA,6.1,0.23,368,NA,7.8,10.67,61.7,5,Regular,911190,923380,12190,12190,37.44264518,37.44264518,1,NA,NA,Terrestrial Insects,85,Order,Thysanoptera,Thysanoptera,Adults,1,0.027,0.027,NA,NA,NA,NA,NA,NA,NA,NA,NA,NA,NA   NA   NA   NA,NA   NA   NA   NA
STTD_2013-01-03 10:10:00,1/3/2013 10:10,STTD,2013,D,FALSE,CLR,NA,NA,6.1,0.23,368,NA,7.8,10.67,61.7,5,Regular,911190,923380,12190,12190,37.44264518,37.44264518,1,NA,NA,Terrestrial Insects,85,Order,Thysanoptera,Thysanoptera,NotDetermined,0,0,0,NA,NA,NA,NA,NA,NA,NA,NA,NA,NA,NA   NA   NA   NA,NA   NA   NA   NA
STTD_2013-01-03 10:10:00,1/3/2013 10:10,STTD,2013,D,FALSE,CLR,NA,NA,6.1,0.23,368,NA,7.8,10.67,61.7,5,Regular,911190,923380,12190,12190,37.44264518,37.44264518,1,NA,NA,Terrestrial Non-Insects,126,Class,Gastropoda,Gastropoda,Larvae,0,0,0,NA,NA,NA,NA,NA,NA,NA,NA,NA,NA,NA   NA   NA   NA,NA   NA   NA   NA
STTD_2013-01-03 10:10:00,1/3/2013 10:10,STTD,2013,D,FALSE,CLR,NA,NA,6.1,0.23,368,NA,7.8,10.67,61.7,5,Regular,911190,923380,12190,12190,37.44264518,37.44264518,1,NA,NA,Terrestrial Non-Insects,126,Class,Gastropoda,Gastropoda,Pupae,0,0,0,NA,NA,NA,NA,NA,NA,NA,NA,NA,NA,NA   NA   NA   NA,NA   NA   NA   NA
STTD_2013-01-03 10:10:00,1/3/2013 10:10,STTD,2013,D,FALSE,CLR,NA,NA,6.1,0.23,368,NA,7.8,10.67,61.7,5,Regular,911190,923380,12190,12190,37.44264518,37.44264518,1,NA,NA,Terrestrial Non-Insects,126,Class,Gastropoda,Gastropoda,Nymphs,0,0,0,NA,NA,NA,NA,NA,NA,NA,NA,NA,NA,NA   NA   NA   NA,NA   NA   NA   NA
STTD_2013-01-03 10:10:00,1/3/2013 10:10,STTD,2013,D,FALSE,CLR,NA,NA,6.1,0.23,368,NA,7.8,10.67,61.7,5,Regular,911190,923380,12190,12190,37.44264518,37.44264518,1,NA,NA,Terrestrial Non-Insects,126,Class,Gastropoda,Gastropoda,Emergents,0,0,0,NA,NA,NA,NA,NA,NA,NA,NA,NA,NA,NA   NA   NA   NA,NA   NA   NA   NA
STTD_2013-01-03 10:10:00,1/3/2013 10:10,STTD,2013,D,FALSE,CLR,NA,NA,6.1,0.23,368,NA,7.8,10.67,61.7,5,Regular,911190,923380,12190,12190,37.44264518,37.44264518,1,NA,NA,Terrestrial Non-Insects,126,Class,Gastropoda,Gastropoda,Adults,0,0,0,NA,NA,NA,NA,NA,NA,NA,NA,NA,NA,NA   NA   NA   NA,NA   NA   NA   NA
STTD_2013-01-03 10:10:00,1/3/2013 10:10,STTD,2013,D,FALSE,CLR,NA,NA,6.1,0.23,368,NA,7.8,10.67,61.7,5,Regular,911190,923380,12190,12190,37.44264518,37.44264518,1,NA,NA,Terrestrial Non-Insects,126,Class,Gastropoda,Gastropoda,NotDetermined,9,0.24,0.24,NA,NA,NA,NA,NA,NA,NA,NA,NA,NA,NA   NA   NA   NA,NA   NA   NA   NA
STTD_2013-01-03 10:10:00,1/3/2013 10:10,STTD,2013,D,FALSE,CLR,NA,NA,6.1,0.23,368,NA,7.8,10.67,61.7,5,Regular,911190,923380,12190,12190,37.44264518,37.44264518,1,NA,NA,Terrestrial Non-Insects,57,Subclass,Acari,Acari,Larvae,0,0,0,NA,NA,NA,NA,NA,NA,NA,NA,NA,NA,NA   NA   NA   NA,NA   NA   NA   NA
STTD_2013-01-03 10:10:00,1/3/2013 10:10,STTD,2013,D,FALSE,CLR,NA,NA,6.1,0.23,368,NA,7.8,10.67,61.7,5,Regular,911190,923380,12190,12190,37.44264518,37.44264518,1,NA,NA,Terrestrial Non-Insects,57,Subclass,Acari,Acari,Pupae,0,0,0,NA,NA,NA,NA,NA,NA,NA,NA,NA,NA,NA   NA   NA   NA,NA   NA   NA   NA
STTD_2013-01-03 10:10:00,1/3/2013 10:10,STTD,2013,D,FALSE,CLR,NA,NA,6.1,0.23,368,NA,7.8,10.67,61.7,5,Regular,911190,923380,12190,12190,37.44264518,37.44264518,1,NA,NA,Terrestrial Non-Insects,57,Subclass,Acari,Acari,Nymphs,0,0,0,NA,NA,NA,NA,NA,NA,NA,NA,NA,NA,NA   NA   NA   NA,NA   NA   NA   NA
STTD_2013-01-03 10:10:00,1/3/2013 10:10,STTD,2013,D,FALSE,CLR,NA,NA,6.1,0.23,368,NA,7.8,10.67,61.7,5,Regular,911190,923380,12190,12190,37.44264518,37.44264518,1,NA,NA,Terrestrial Non-Insects,57,Subclass,Acari,Acari,Emergents,0,0,0,NA,NA,NA,NA,NA,NA,NA,NA,NA,NA,NA   NA   NA   NA,NA   NA   NA   NA
STTD_2013-01-03 10:10:00,1/3/2013 10:10,STTD,2013,D,FALSE,CLR,NA,NA,6.1,0.23,368,NA,7.8,10.67,61.7,5,Regular,911190,923380,12190,12190,37.44264518,37.44264518,1,NA,NA,Terrestrial Non-Insects,57,Subclass,Acari,Acari,Adults,0,0,0,NA,NA,NA,NA,NA,NA,NA,NA,NA,NA,NA   NA   NA   NA,NA   NA   NA   NA
STTD_2013-01-03 10:10:00,1/3/2013 10:10,STTD,2013,D,FALSE,CLR,NA,NA,6.1,0.23,368,NA,7.8,10.67,61.7,5,Regular,911190,923380,12190,12190,37.44264518,37.44264518,1,NA,NA,Terrestrial Non-Insects,57,Subclass,Acari,Acari,NotDetermined,12,0.32,0.32,NA,NA,NA,NA,NA,NA,NA,NA,NA,NA,NA   NA   NA   NA,NA   NA   NA   NA
STTD_2013-01-03 10:10:00,1/3/2013 10:10,STTD,2013,D,FALSE,CLR,NA,NA,6.1,0.23,368,NA,7.8,10.67,61.7,5,Regular,911190,923380,12190,12190,37.44264518,37.44264518,1,NA,NA,Terrestrial Non-Insects,143,Order,Opiliones,Opiliones,Larvae,0,0,0,NA,NA,NA,NA,NA,NA,NA,NA,NA,NA,NA   NA   NA   NA,NA   NA   NA   NA
STTD_2013-01-03 10:10:00,1/3/2013 10:10,STTD,2013,D,FALSE,CLR,NA,NA,6.1,0.23,368,NA,7.8,10.67,61.7,5,Regular,911190,923380,12190,12190,37.44264518,37.44264518,1,NA,NA,Terrestrial Non-Insects,143,Order,Opiliones,Opiliones,Pupae,0,0,0,NA,NA,NA,NA,NA,NA,NA,NA,NA,NA,NA   NA   NA   NA,NA   NA   NA   NA
STTD_2013-01-03 10:10:00,1/3/2013 10:10,STTD,2013,D,FALSE,CLR,NA,NA,6.1,0.23,368,NA,7.8,10.67,61.7,5,Regular,911190,923380,12190,12190,37.44264518,37.44264518,1,NA,NA,Terrestrial Non-Insects,143,Order,Opiliones,Opiliones,Nymphs,0,0,0,NA,NA,NA,NA,NA,NA,NA,NA,NA,NA,NA   NA   NA   NA,NA   NA   NA   NA
STTD_2013-01-03 10:10:00,1/3/2013 10:10,STTD,2013,D,FALSE,CLR,NA,NA,6.1,0.23,368,NA,7.8,10.67,61.7,5,Regular,911190,923380,12190,12190,37.44264518,37.44264518,1,NA,NA,Terrestrial Non-Insects,143,Order,Opiliones,Opiliones,Emergents,0,0,0,NA,NA,NA,NA,NA,NA,NA,NA,NA,NA,NA   NA   NA   NA,NA   NA   NA   NA
STTD_2013-01-03 10:10:00,1/3/2013 10:10,STTD,2013,D,FALSE,CLR,NA,NA,6.1,0.23,368,NA,7.8,10.67,61.7,5,Regular,911190,923380,12190,12190,37.44264518,37.44264518,1,NA,NA,Terrestrial Non-Insects,143,Order,Opiliones,Opiliones,Adults,0,0,0,NA,NA,NA,NA,NA,NA,NA,NA,NA,NA,NA   NA   NA   NA,NA   NA   NA   NA
STTD_2013-01-03 10:10:00,1/3/2013 10:10,STTD,2013,D,FALSE,CLR,NA,NA,6.1,0.23,368,NA,7.8,10.67,61.7,5,Regular,911190,923380,12190,12190,37.44264518,37.44264518,1,NA,NA,Terrestrial Non-Insects,143,Order,Opiliones,Opiliones,NotDetermined,1,0.027,0.027,NA,NA,NA,NA,NA,NA,NA,NA,NA,NA,NA   NA   NA   NA,NA   NA   NA   NA
STTD_2013-01-03 10:10:00,1/3/2013 10:10,STTD,2013,D,FALSE,CLR,NA,NA,6.1,0.23,368,NA,7.8,10.67,61.7,5,Regular,911190,923380,12190,12190,37.44264518,37.44264518,1,NA,NA,Terrestrial Non-Insects,58,Suborder,Araneida,Araneida,Larvae,0,0,0,NA,NA,NA,NA,NA,NA,NA,NA,NA,NA,NA   NA   NA   NA,NA   NA   NA   NA
STTD_2013-01-03 10:10:00,1/3/2013 10:10,STTD,2013,D,FALSE,CLR,NA,NA,6.1,0.23,368,NA,7.8,10.67,61.7,5,Regular,911190,923380,12190,12190,37.44264518,37.44264518,1,NA,NA,Terrestrial Non-Insects,58,Suborder,Araneida,Araneida,Pupae,0,0,0,NA,NA,NA,NA,NA,NA,NA,NA,NA,NA,NA   NA   NA   NA,NA   NA   NA   NA
STTD_2013-01-03 10:10:00,1/3/2013 10:10,STTD,2013,D,FALSE,CLR,NA,NA,6.1,0.23,368,NA,7.8,10.67,61.7,5,Regular,911190,923380,12190,12190,37.44264518,37.44264518,1,NA,NA,Terrestrial Non-Insects,58,Suborder,Araneida,Araneida,Nymphs,0,0,0,NA,NA,NA,NA,NA,NA,NA,NA,NA,NA,NA   NA   NA   NA,NA   NA   NA   NA
STTD_2013-01-03 10:10:00,1/3/2013 10:10,STTD,2013,D,FALSE,CLR,NA,NA,6.1,0.23,368,NA,7.8,10.67,61.7,5,Regular,911190,923380,12190,12190,37.44264518,37.44264518,1,NA,NA,Terrestrial Non-Insects,58,Suborder,Araneida,Araneida,Emergents,0,0,0,NA,NA,NA,NA,NA,NA,NA,NA,NA,NA,NA   NA   NA   NA,NA   NA   NA   NA
STTD_2013-01-03 10:10:00,1/3/2013 10:10,STTD,2013,D,FALSE,CLR,NA,NA,6.1,0.23,368,NA,7.8,10.67,61.7,5,Regular,911190,923380,12190,12190,37.44264518,37.44264518,1,NA,NA,Terrestrial Non-Insects,58,Suborder,Araneida,Araneida,Adults,0,0,0,NA,NA,NA,NA,NA,NA,NA,NA,NA,NA,NA   NA   NA   NA,NA   NA   NA   NA
STTD_2013-01-03 10:10:00,1/3/2013 10:10,STTD,2013,D,FALSE,CLR,NA,NA,6.1,0.23,368,NA,7.8,10.67,61.7,5,Regular,911190,923380,12190,12190,37.44264518,37.44264518,1,NA,NA,Terrestrial Non-Insects,58,Suborder,Araneida,Araneida,NotDetermined,40,1.068,1.068,NA,NA,NA,NA,NA,NA,NA,NA,NA,NA,NA   NA   NA   NA,NA   NA   NA   NA
STTD_2013-01-03 10:10:00,1/3/2013 10:10,STTD,2013,D,FALSE,CLR,NA,NA,6.1,0.23,368,NA,7.8,10.67,61.7,5,Regular,911190,923380,12190,12190,37.44264518,37.44264518,1,NA,NA,Aquatic Insects,31,Family,Helophoridae,Helophoridae,Larvae,0,0,0,NA,NA,NA,NA,NA,NA,NA,NA,NA,NA,NA   NA   NA   NA,NA   NA   NA   NA
STTD_2013-01-03 10:10:00,1/3/2013 10:10,STTD,2013,D,FALSE,CLR,NA,NA,6.1,0.23,368,NA,7.8,10.67,61.7,5,Regular,911190,923380,12190,12190,37.44264518,37.44264518,1,NA,NA,Aquatic Insects,31,Family,Helophoridae,Helophoridae,Pupae,0,0,0,NA,NA,NA,NA,NA,NA,NA,NA,NA,NA,NA   NA   NA   NA,NA   NA   NA   NA
STTD_2013-01-03 10:10:00,1/3/2013 10:10,STTD,2013,D,FALSE,CLR,NA,NA,6.1,0.23,368,NA,7.8,10.67,61.7,5,Regular,911190,923380,12190,12190,37.44264518,37.44264518,1,NA,NA,Aquatic Insects,31,Family,Helophoridae,Helophoridae,Nymphs,0,0,0,NA,NA,NA,NA,NA,NA,NA,NA,NA,NA,NA   NA   NA   NA,NA   NA   NA   NA
STTD_2013-01-03 10:10:00,1/3/2013 10:10,STTD,2013,D,FALSE,CLR,NA,NA,6.1,0.23,368,NA,7.8,10.67,61.7,5,Regular,911190,923380,12190,12190,37.44264518,37.44264518,1,NA,NA,Aquatic Insects,31,Family,Helophoridae,Helophoridae,Emergents,0,0,0,NA,NA,NA,NA,NA,NA,NA,NA,NA,NA,NA   NA   NA   NA,NA   NA   NA   NA
STTD_2013-01-03 10:10:00,1/3/2013 10:10,STTD,2013,D,FALSE,CLR,NA,NA,6.1,0.23,368,NA,7.8,10.67,61.7,5,Regular,911190,923380,12190,12190,37.44264518,37.44264518,1,NA,NA,Aquatic Insects,31,Family,Helophoridae,Helophoridae,Adults,1,0.027,0.027,NA,NA,NA,NA,NA,NA,NA,NA,NA,NA,NA   NA   NA   NA,NA   NA   NA   NA
STTD_2013-01-03 10:10:00,1/3/2013 10:10,STTD,2013,D,FALSE,CLR,NA,NA,6.1,0.23,368,NA,7.8,10.67,61.7,5,Regular,911190,923380,12190,12190,37.44264518,37.44264518,1,NA,NA,Aquatic Insects,31,Family,Helophoridae,Helophoridae,NotDetermined,0,0,0,NA,NA,NA,NA,NA,NA,NA,NA,NA,NA,NA   NA   NA   NA,NA   NA   NA   NA
SHR_2013-01-08 08:20:00,1/8/2013 8:20,SHR,2013,D,FALSE,CLR,NA,NA,7.9,0.47,131,NA,7.35,12.05,24.8,10,Regular,923000,923526,526,526,1.615654747,1.615654747,1,NA,NA,Aquatic Non-Insects,29,Family,Sperchontidae,Sperchontidae,Larvae,0,0,0,NA,NA,NA,NA,NA,NA,2,FM,NA,NA,NA   NA   2   NA,NA   NA   FM   NA
SHR_2013-01-08 08:20:00,1/8/2013 8:20,SHR,2013,D,FALSE,CLR,NA,NA,7.9,0.47,131,NA,7.35,12.05,24.8,10,Regular,923000,923526,526,526,1.615654747,1.615654747,1,NA,NA,Aquatic Non-Insects,146,Family,Sperchontidae,Sperchontidae,Larvae,0,0,0,NA,NA,NA,NA,NA,NA,2,FM,NA,NA,NA   NA   2   NA,NA   NA   FM   NA
SHR_2013-01-08 08:20:00,1/8/2013 8:20,SHR,2013,D,FALSE,CLR,NA,NA,7.9,0.47,131,NA,7.35,12.05,24.8,10,Regular,923000,923526,526,526,1.615654747,1.615654747,1,NA,NA,Aquatic Non-Insects,29,Family,Sperchontidae,Sperchontidae,Pupae,0,0,0,NA,NA,NA,NA,NA,NA,2,FM,NA,NA,NA   NA   2   NA,NA   NA   FM   NA
SHR_2013-01-08 08:20:00,1/8/2013 8:20,SHR,2013,D,FALSE,CLR,NA,NA,7.9,0.47,131,NA,7.35,12.05,24.8,10,Regular,923000,923526,526,526,1.615654747,1.615654747,1,NA,NA,Aquatic Non-Insects,146,Family,Sperchontidae,Sperchontidae,Pupae,0,0,0,NA,NA,NA,NA,NA,NA,2,FM,NA,NA,NA   NA   2   NA,NA   NA   FM   NA
SHR_2013-01-08 08:20:00,1/8/2013 8:20,SHR,2013,D,FALSE,CLR,NA,NA,7.9,0.47,131,NA,7.35,12.05,24.8,10,Regular,923000,923526,526,526,1.615654747,1.615654747,1,NA,NA,Aquatic Non-Insects,29,Family,Sperchontidae,Sperchontidae,Nymphs,0,0,0,NA,NA,NA,NA,NA,NA,2,FM,NA,NA,NA   NA   2   NA,NA   NA   FM   NA
SHR_2013-01-08 08:20:00,1/8/2013 8:20,SHR,2013,D,FALSE,CLR,NA,NA,7.9,0.47,131,NA,7.35,12.05,24.8,10,Regular,923000,923526,526,526,1.615654747,1.615654747,1,NA,NA,Aquatic Non-Insects,146,Family,Sperchontidae,Sperchontidae,Nymphs,0,0,0,NA,NA,NA,NA,NA,NA,2,FM,NA,NA,NA   NA   2   NA,NA   NA   FM   NA
SHR_2013-01-08 08:20:00,1/8/2013 8:20,SHR,2013,D,FALSE,CLR,NA,NA,7.9,0.47,131,NA,7.35,12.05,24.8,10,Regular,923000,923526,526,526,1.615654747,1.615654747,1,NA,NA,Aquatic Non-Insects,29,Family,Sperchontidae,Sperchontidae,Emergents,0,0,0,NA,NA,NA,NA,NA,NA,2,FM,NA,NA,NA   NA   2   NA,NA   NA   FM   NA
SHR_2013-01-08 08:20:00,1/8/2013 8:20,SHR,2013,D,FALSE,CLR,NA,NA,7.9,0.47,131,NA,7.35,12.05,24.8,10,Regular,923000,923526,526,526,1.615654747,1.615654747,1,NA,NA,Aquatic Non-Insects,146,Family,Sperchontidae,Sperchontidae,Emergents,0,0,0,NA,NA,NA,NA,NA,NA,2,FM,NA,NA,NA   NA   2   NA,NA   NA   FM   NA
SHR_2013-01-08 08:20:00,1/8/2013 8:20,SHR,2013,D,FALSE,CLR,NA,NA,7.9,0.47,131,NA,7.35,12.05,24.8,10,Regular,923000,923526,526,526,1.615654747,1.615654747,1,NA,NA,Aquatic Non-Insects,29,Family,Sperchontidae,Sperchontidae,Adults,0,0,0,NA,NA,NA,NA,NA,NA,2,FM,NA,NA,NA   NA   2   NA,NA   NA   FM   NA
SHR_2013-01-08 08:20:00,1/8/2013 8:20,SHR,2013,D,FALSE,CLR,NA,NA,7.9,0.47,131,NA,7.35,12.05,24.8,10,Regular,923000,923526,526,526,1.615654747,1.615654747,1,NA,NA,Aquatic Non-Insects,146,Family,Sperchontidae,Sperchontidae,Adults,0,0,0,NA,NA,NA,NA,NA,NA,2,FM,NA,NA,NA   NA   2   NA,NA   NA   FM   NA
SHR_2013-01-08 08:20:00,1/8/2013 8:20,SHR,2013,D,FALSE,CLR,NA,NA,7.9,0.47,131,NA,7.35,12.05,24.8,10,Regular,923000,923526,526,526,1.615654747,1.615654747,1,NA,NA,Aquatic Non-Insects,29,Family,Sperchontidae,Sperchontidae,NotDetermined,1,0.619,0.619,NA,NA,NA,NA,NA,NA,2,FM,NA,NA,NA   NA   2   NA,NA   NA   FM   NA
SHR_2013-01-08 08:20:00,1/8/2013 8:20,SHR,2013,D,FALSE,CLR,NA,NA,7.9,0.47,131,NA,7.35,12.05,24.8,10,Regular,923000,923526,526,526,1.615654747,1.615654747,1,NA,NA,Aquatic Non-Insects,146,Family,Sperchontidae,Sperchontidae,NotDetermined,1,0.619,0.619,NA,NA,NA,NA,NA,NA,2,FM,NA,NA,NA   NA   2   NA,NA   NA   FM   NA
SHR_2013-01-08 08:20:00,1/8/2013 8:20,SHR,2013,D,FALSE,CLR,NA,NA,7.9,0.47,131,NA,7.35,12.05,24.8,10,Regular,923000,923526,526,526,1.615654747,1.615654747,1,NA,NA,Aquatic Non-Insects,18,Family,Hydridae,Hydridae,Larvae,0,0,0,NA,NA,NA,NA,NA,NA,2,FM,NA,NA,NA   NA   2   NA,NA   NA   FM   NA
SHR_2013-01-08 08:20:00,1/8/2013 8:20,SHR,2013,D,FALSE,CLR,NA,NA,7.9,0.47,131,NA,7.35,12.05,24.8,10,Regular,923000,923526,526,526,1.615654747,1.615654747,1,NA,NA,Aquatic Non-Insects,18,Family,Hydridae,Hydridae,Pupae,0,0,0,NA,NA,NA,NA,NA,NA,2,FM,NA,NA,NA   NA   2   NA,NA   NA   FM   NA
SHR_2013-01-08 08:20:00,1/8/2013 8:20,SHR,2013,D,FALSE,CLR,NA,NA,7.9,0.47,131,NA,7.35,12.05,24.8,10,Regular,923000,923526,526,526,1.615654747,1.615654747,1,NA,NA,Aquatic Non-Insects,18,Family,Hydridae,Hydridae,Nymphs,0,0,0,NA,NA,NA,NA,NA,NA,2,FM,NA,NA,NA   NA   2   NA,NA   NA   FM   NA
SHR_2013-01-08 08:20:00,1/8/2013 8:20,SHR,2013,D,FALSE,CLR,NA,NA,7.9,0.47,131,NA,7.35,12.05,24.8,10,Regular,923000,923526,526,526,1.615654747,1.615654747,1,NA,NA,Aquatic Non-Insects,18,Family,Hydridae,Hydridae,Emergents,0,0,0,NA,NA,NA,NA,NA,NA,2,FM,NA,NA,NA   NA   2   NA,NA   NA   FM   NA
SHR_2013-01-08 08:20:00,1/8/2013 8:20,SHR,2013,D,FALSE,CLR,NA,NA,7.9,0.47,131,NA,7.35,12.05,24.8,10,Regular,923000,923526,526,526,1.615654747,1.615654747,1,NA,NA,Aquatic Non-Insects,18,Family,Hydridae,Hydridae,Adults,0,0,0,NA,NA,NA,NA,NA,NA,2,FM,NA,NA,NA   NA   2   NA,NA   NA   FM   NA
SHR_2013-01-08 08:20:00,1/8/2013 8:20,SHR,2013,D,FALSE,CLR,NA,NA,7.9,0.47,131,NA,7.35,12.05,24.8,10,Regular,923000,923526,526,526,1.615654747,1.615654747,1,NA,NA,Aquatic Non-Insects,18,Family,Hydridae,Hydridae,NotDetermined,2,1.238,1.238,NA,NA,NA,NA,NA,NA,2,FM,NA,NA,NA   NA   2   NA,NA   NA   FM   NA
SHR_2013-01-18 08:30:00,1/18/2013 8:30,SHR,2013,D,FALSE,CLR,NA,NA,6.5,0.57,118,NA,7.98,13.55,21.5,10,Regular,930000,930444,444,444,1.363784615,1.363784615,1,NA,NA,Aquatic Insects,41,Family,Baetidae,Baetidae,Larvae,1,0.733,0.733,NA,NA,NA,NA,NA,NA,2,FM,NA,NA,NA   NA   2   NA,NA   NA   FM   NA
SHR_2013-01-18 08:30:00,1/18/2013 8:30,SHR,2013,D,FALSE,CLR,NA,NA,6.5,0.57,118,NA,7.98,13.55,21.5,10,Regular,930000,930444,444,444,1.363784615,1.363784615,1,NA,NA,Aquatic Insects,41,Family,Baetidae,Baetidae,Pupae,0,0,0,NA,NA,NA,NA,NA,NA,2,FM,NA,NA,NA   NA   2   NA,NA   NA   FM   NA
SHR_2013-01-18 08:30:00,1/18/2013 8:30,SHR,2013,D,FALSE,CLR,NA,NA,6.5,0.57,118,NA,7.98,13.55,21.5,10,Regular,930000,930444,444,444,1.363784615,1.363784615,1,NA,NA,Aquatic Insects,41,Family,Baetidae,Baetidae,Nymphs,0,0,0,NA,NA,NA,NA,NA,NA,2,FM,NA,NA,NA   NA   2   NA,NA   NA   FM   NA
SHR_2013-01-18 08:30:00,1/18/2013 8:30,SHR,2013,D,FALSE,CLR,NA,NA,6.5,0.57,118,NA,7.98,13.55,21.5,10,Regular,930000,930444,444,444,1.363784615,1.363784615,1,NA,NA,Aquatic Insects,41,Family,Baetidae,Baetidae,Emergents,0,0,0,NA,NA,NA,NA,NA,NA,2,FM,NA,NA,NA   NA   2   NA,NA   NA   FM   NA
SHR_2013-01-18 08:30:00,1/18/2013 8:30,SHR,2013,D,FALSE,CLR,NA,NA,6.5,0.57,118,NA,7.98,13.55,21.5,10,Regular,930000,930444,444,444,1.363784615,1.363784615,1,NA,NA,Aquatic Insects,41,Family,Baetidae,Baetidae,Adults,0,0,0,NA,NA,NA,NA,NA,NA,2,FM,NA,NA,NA   NA   2   NA,NA   NA   FM   NA
SHR_2013-01-18 08:30:00,1/18/2013 8:30,SHR,2013,D,FALSE,CLR,NA,NA,6.5,0.57,118,NA,7.98,13.55,21.5,10,Regular,930000,930444,444,444,1.363784615,1.363784615,1,NA,NA,Aquatic Insects,41,Family,Baetidae,Baetidae,NotDetermined,0,0,0,NA,NA,NA,NA,NA,NA,2,FM,NA,NA,NA   NA   2   NA,NA   NA   FM   NA
SHR_2013-01-18 08:30:00,1/18/2013 8:30,SHR,2013,D,FALSE,CLR,NA,NA,6.5,0.57,118,NA,7.98,13.55,21.5,10,Regular,930000,930444,444,444,1.363784615,1.363784615,1,NA,NA,Aquatic Insects,42,Family,Ephemerellidae,Ephemerellidae,Larvae,2,1.467,1.467,NA,NA,NA,NA,NA,NA,2,FM,NA,NA,NA   NA   2   NA,NA   NA   FM   NA
SHR_2013-01-18 08:30:00,1/18/2013 8:30,SHR,2013,D,FALSE,CLR,NA,NA,6.5,0.57,118,NA,7.98,13.55,21.5,10,Regular,930000,930444,444,444,1.363784615,1.363784615,1,NA,NA,Aquatic Insects,42,Family,Ephemerellidae,Ephemerellidae,Pupae,0,0,0,NA,NA,NA,NA,NA,NA,2,FM,NA,NA,NA   NA   2   NA,NA   NA   FM   NA
SHR_2013-01-18 08:30:00,1/18/2013 8:30,SHR,2013,D,FALSE,CLR,NA,NA,6.5,0.57,118,NA,7.98,13.55,21.5,10,Regular,930000,930444,444,444,1.363784615,1.363784615,1,NA,NA,Aquatic Insects,42,Family,Ephemerellidae,Ephemerellidae,Nymphs,0,0,0,NA,NA,NA,NA,NA,NA,2,FM,NA,NA,NA   NA   2   NA,NA   NA   FM   NA
SHR_2013-01-18 08:30:00,1/18/2013 8:30,SHR,2013,D,FALSE,CLR,NA,NA,6.5,0.57,118,NA,7.98,13.55,21.5,10,Regular,930000,930444,444,444,1.363784615,1.363784615,1,NA,NA,Aquatic Insects,42,Family,Ephemerellidae,Ephemerellidae,Emergents,0,0,0,NA,NA,NA,NA,NA,NA,2,FM,NA,NA,NA   NA   2   NA,NA   NA   FM   NA
SHR_2013-01-18 08:30:00,1/18/2013 8:30,SHR,2013,D,FALSE,CLR,NA,NA,6.5,0.57,118,NA,7.98,13.55,21.5,10,Regular,930000,930444,444,444,1.363784615,1.363784615,1,NA,NA,Aquatic Insects,42,Family,Ephemerellidae,Ephemerellidae,Adults,0,0,0,NA,NA,NA,NA,NA,NA,2,FM,NA,NA,NA   NA   2   NA,NA   NA   FM   NA
SHR_2013-01-18 08:30:00,1/18/2013 8:30,SHR,2013,D,FALSE,CLR,NA,NA,6.5,0.57,118,NA,7.98,13.55,21.5,10,Regular,930000,930444,444,444,1.363784615,1.363784615,1,NA,NA,Aquatic Insects,42,Family,Ephemerellidae,Ephemerellidae,NotDetermined,0,0,0,NA,NA,NA,NA,NA,NA,2,FM,NA,NA,NA   NA   2   NA,NA   NA   FM   NA
SHR_2013-01-18 08:30:00,1/18/2013 8:30,SHR,2013,D,FALSE,CLR,NA,NA,6.5,0.57,118,NA,7.98,13.55,21.5,10,Regular,930000,930444,444,444,1.363784615,1.363784615,1,NA,NA,Aquatic Insects,34,Family,Chironomidae,Chironomidae,Larvae,1,0.733,0.733,NA,NA,NA,NA,NA,NA,2,FM,NA,NA,NA   NA   2   NA,NA   NA   FM   NA
SHR_2013-01-18 08:30:00,1/18/2013 8:30,SHR,2013,D,FALSE,CLR,NA,NA,6.5,0.57,118,NA,7.98,13.55,21.5,10,Regular,930000,930444,444,444,1.363784615,1.363784615,1,NA,NA,Aquatic Insects,34,Family,Chironomidae,Chironomidae,Pupae,0,0,0,NA,NA,NA,NA,NA,NA,2,FM,NA,NA,NA   NA   2   NA,NA   NA   FM   NA
SHR_2013-01-18 08:30:00,1/18/2013 8:30,SHR,2013,D,FALSE,CLR,NA,NA,6.5,0.57,118,NA,7.98,13.55,21.5,10,Regular,930000,930444,444,444,1.363784615,1.363784615,1,NA,NA,Aquatic Insects,34,Family,Chironomidae,Chironomidae,Nymphs,0,0,0,NA,NA,NA,NA,NA,NA,2,FM,NA,NA,NA   NA   2   NA,NA   NA   FM   NA
SHR_2013-01-18 08:30:00,1/18/2013 8:30,SHR,2013,D,FALSE,CLR,NA,NA,6.5,0.57,118,NA,7.98,13.55,21.5,10,Regular,930000,930444,444,444,1.363784615,1.363784615,1,NA,NA,Aquatic Insects,34,Family,Chironomidae,Chironomidae,Emergents,0,0,0,NA,NA,NA,NA,NA,NA,2,FM,NA,NA,NA   NA   2   NA,NA   NA   FM   NA
SHR_2013-01-18 08:30:00,1/18/2013 8:30,SHR,2013,D,FALSE,CLR,NA,NA,6.5,0.57,118,NA,7.98,13.55,21.5,10,Regular,930000,930444,444,444,1.363784615,1.363784615,1,NA,NA,Aquatic Insects,34,Family,Chironomidae,Chironomidae,Adults,0,0,0,NA,NA,NA,NA,NA,NA,2,FM,NA,NA,NA   NA   2   NA,NA   NA   FM   NA
SHR_2013-01-18 08:30:00,1/18/2013 8:30,SHR,2013,D,FALSE,CLR,NA,NA,6.5,0.57,118,NA,7.98,13.55,21.5,10,Regular,930000,930444,444,444,1.363784615,1.363784615,1,NA,NA,Aquatic Insects,34,Family,Chironomidae,Chironomidae,NotDetermined,0,0,0,NA,NA,NA,NA,NA,NA,2,FM,NA,NA,NA   NA   2   NA,NA   NA   FM   NA
SHR_2013-01-18 08:30:00,1/18/2013 8:30,SHR,2013,D,FALSE,CLR,NA,NA,6.5,0.57,118,NA,7.98,13.55,21.5,10,Regular,930000,930444,444,444,1.363784615,1.363784615,1,NA,NA,Aquatic Non-Insects,2,Family,Enchytraeidae,Enchytraeidae,Larvae,0,0,0,NA,NA,NA,NA,NA,NA,2,FM,NA,NA,NA   NA   2   NA,NA   NA   FM   NA
SHR_2013-01-18 08:30:00,1/18/2013 8:30,SHR,2013,D,FALSE,CLR,NA,NA,6.5,0.57,118,NA,7.98,13.55,21.5,10,Regular,930000,930444,444,444,1.363784615,1.363784615,1,NA,NA,Aquatic Non-Insects,2,Family,Enchytraeidae,Enchytraeidae,Pupae,0,0,0,NA,NA,NA,NA,NA,NA,2,FM,NA,NA,NA   NA   2   NA,NA   NA   FM   NA
SHR_2013-01-18 08:30:00,1/18/2013 8:30,SHR,2013,D,FALSE,CLR,NA,NA,6.5,0.57,118,NA,7.98,13.55,21.5,10,Regular,930000,930444,444,444,1.363784615,1.363784615,1,NA,NA,Aquatic Non-Insects,2,Family,Enchytraeidae,Enchytraeidae,Nymphs,0,0,0,NA,NA,NA,NA,NA,NA,2,FM,NA,NA,NA   NA   2   NA,NA   NA   FM   NA
SHR_2013-01-18 08:30:00,1/18/2013 8:30,SHR,2013,D,FALSE,CLR,NA,NA,6.5,0.57,118,NA,7.98,13.55,21.5,10,Regular,930000,930444,444,444,1.363784615,1.363784615,1,NA,NA,Aquatic Non-Insects,2,Family,Enchytraeidae,Enchytraeidae,Emergents,0,0,0,NA,NA,NA,NA,NA,NA,2,FM,NA,NA,NA   NA   2   NA,NA   NA   FM   NA
SHR_2013-01-18 08:30:00,1/18/2013 8:30,SHR,2013,D,FALSE,CLR,NA,NA,6.5,0.57,118,NA,7.98,13.55,21.5,10,Regular,930000,930444,444,444,1.363784615,1.363784615,1,NA,NA,Aquatic Non-Insects,2,Family,Enchytraeidae,Enchytraeidae,Adults,0,0,0,NA,NA,NA,NA,NA,NA,2,FM,NA,NA,NA   NA   2   NA,NA   NA   FM   NA
SHR_2013-01-18 08:30:00,1/18/2013 8:30,SHR,2013,D,FALSE,CLR,NA,NA,6.5,0.57,118,NA,7.98,13.55,21.5,10,Regular,930000,930444,444,444,1.363784615,1.363784615,1,NA,NA,Aquatic Non-Insects,2,Family,Enchytraeidae,Enchytraeidae,NotDetermined,0,0,0,NA,NA,NA,NA,NA,NA,2,FM,NA,NA,NA   NA   2   NA,NA   NA   FM   NA
SHR_2013-01-18 08:30:00,1/18/2013 8:30,SHR,2013,D,FALSE,CLR,NA,NA,6.5,0.57,118,NA,7.98,13.55,21.5,10,Regular,930000,930444,444,444,1.363784615,1.363784615,1,NA,NA,Aquatic Non-Insects,9,Family,Corophiidae,Corophiidae,Larvae,0,0,0,NA,NA,NA,NA,NA,NA,2,FM,NA,NA,NA   NA   2   NA,NA   NA   FM   NA
SHR_2013-01-18 08:30:00,1/18/2013 8:30,SHR,2013,D,FALSE,CLR,NA,NA,6.5,0.57,118,NA,7.98,13.55,21.5,10,Regular,930000,930444,444,444,1.363784615,1.363784615,1,NA,NA,Aquatic Non-Insects,9,Family,Corophiidae,Corophiidae,Pupae,0,0,0,NA,NA,NA,NA,NA,NA,2,FM,NA,NA,NA   NA   2   NA,NA   NA   FM   NA
SHR_2013-01-18 08:30:00,1/18/2013 8:30,SHR,2013,D,FALSE,CLR,NA,NA,6.5,0.57,118,NA,7.98,13.55,21.5,10,Regular,930000,930444,444,444,1.363784615,1.363784615,1,NA,NA,Aquatic Non-Insects,9,Family,Corophiidae,Corophiidae,Nymphs,0,0,0,NA,NA,NA,NA,NA,NA,2,FM,NA,NA,NA   NA   2   NA,NA   NA   FM   NA
SHR_2013-01-18 08:30:00,1/18/2013 8:30,SHR,2013,D,FALSE,CLR,NA,NA,6.5,0.57,118,NA,7.98,13.55,21.5,10,Regular,930000,930444,444,444,1.363784615,1.363784615,1,NA,NA,Aquatic Non-Insects,9,Family,Corophiidae,Corophiidae,Emergents,0,0,0,NA,NA,NA,NA,NA,NA,2,FM,NA,NA,NA   NA   2   NA,NA   NA   FM   NA
SHR_2013-01-18 08:30:00,1/18/2013 8:30,SHR,2013,D,FALSE,CLR,NA,NA,6.5,0.57,118,NA,7.98,13.55,21.5,10,Regular,930000,930444,444,444,1.363784615,1.363784615,1,NA,NA,Aquatic Non-Insects,9,Family,Corophiidae,Corophiidae,Adults,0,0,0,NA,NA,NA,NA,NA,NA,2,FM,NA,NA,NA   NA   2   NA,NA   NA   FM   NA
SHR_2013-01-18 08:30:00,1/18/2013 8:30,SHR,2013,D,FALSE,CLR,NA,NA,6.5,0.57,118,NA,7.98,13.55,21.5,10,Regular,930000,930444,444,444,1.363784615,1.363784615,1,NA,NA,Aquatic Non-Insects,9,Family,Corophiidae,Corophiidae,NotDetermined,1,0.733,0.733,NA,NA,NA,NA,NA,NA,2,FM,NA,NA,NA   NA   2   NA,NA   NA   FM   NA
SHR_2013-01-18 08:30:00,1/18/2013 8:30,SHR,2013,D,FALSE,CLR,NA,NA,6.5,0.57,118,NA,7.98,13.55,21.5,10,Regular,930000,930444,444,444,1.363784615,1.363784615,1,NA,NA,Aquatic Non-Insects,18,Family,Hydridae,Hydridae,Larvae,0,0,0,NA,NA,NA,NA,NA,NA,2,FM,NA,NA,NA   NA   2   NA,NA   NA   FM   NA
SHR_2013-01-18 08:30:00,1/18/2013 8:30,SHR,2013,D,FALSE,CLR,NA,NA,6.5,0.57,118,NA,7.98,13.55,21.5,10,Regular,930000,930444,444,444,1.363784615,1.363784615,1,NA,NA,Aquatic Non-Insects,18,Family,Hydridae,Hydridae,Pupae,0,0,0,NA,NA,NA,NA,NA,NA,2,FM,NA,NA,NA   NA   2   NA,NA   NA   FM   NA
SHR_2013-01-18 08:30:00,1/18/2013 8:30,SHR,2013,D,FALSE,CLR,NA,NA,6.5,0.57,118,NA,7.98,13.55,21.5,10,Regular,930000,930444,444,444,1.363784615,1.363784615,1,NA,NA,Aquatic Non-Insects,18,Family,Hydridae,Hydridae,Nymphs,0,0,0,NA,NA,NA,NA,NA,NA,2,FM,NA,NA,NA   NA   2   NA,NA   NA   FM   NA
SHR_2013-01-18 08:30:00,1/18/2013 8:30,SHR,2013,D,FALSE,CLR,NA,NA,6.5,0.57,118,NA,7.98,13.55,21.5,10,Regular,930000,930444,444,444,1.363784615,1.363784615,1,NA,NA,Aquatic Non-Insects,18,Family,Hydridae,Hydridae,Emergents,0,0,0,NA,NA,NA,NA,NA,NA,2,FM,NA,NA,NA   NA   2   NA,NA   NA   FM   NA
SHR_2013-01-18 08:30:00,1/18/2013 8:30,SHR,2013,D,FALSE,CLR,NA,NA,6.5,0.57,118,NA,7.98,13.55,21.5,10,Regular,930000,930444,444,444,1.363784615,1.363784615,1,NA,NA,Aquatic Non-Insects,18,Family,Hydridae,Hydridae,Adults,0,0,0,NA,NA,NA,NA,NA,NA,2,FM,NA,NA,NA   NA   2   NA,NA   NA   FM   NA
SHR_2013-01-18 08:30:00,1/18/2013 8:30,SHR,2013,D,FALSE,CLR,NA,NA,6.5,0.57,118,NA,7.98,13.55,21.5,10,Regular,930000,930444,444,444,1.363784615,1.363784615,1,NA,NA,Aquatic Non-Insects,18,Family,Hydridae,Hydridae,NotDetermined,3,2.2,2.2,NA,NA,NA,NA,NA,NA,2,FM,NA,NA,NA   NA   2   NA,NA   NA   FM   NA
SHR_2013-01-18 08:30:00,1/18/2013 8:30,SHR,2013,D,FALSE,CLR,NA,NA,6.5,0.57,118,NA,7.98,13.55,21.5,10,Regular,930000,930444,444,444,1.363784615,1.363784615,1,NA,NA,Terrestrial Insects,66,Order,Hymenoptera,Hymenoptera,Larvae,0,0,0,NA,NA,NA,NA,NA,NA,2,FM,NA,NA,NA   NA   2   NA,NA   NA   FM   NA
SHR_2013-01-18 08:30:00,1/18/2013 8:30,SHR,2013,D,FALSE,CLR,NA,NA,6.5,0.57,118,NA,7.98,13.55,21.5,10,Regular,930000,930444,444,444,1.363784615,1.363784615,1,NA,NA,Terrestrial Insects,66,Order,Hymenoptera,Hymenoptera,Pupae,0,0,0,NA,NA,NA,NA,NA,NA,2,FM,NA,NA,NA   NA   2   NA,NA   NA   FM   NA
SHR_2013-01-18 08:30:00,1/18/2013 8:30,SHR,2013,D,FALSE,CLR,NA,NA,6.5,0.57,118,NA,7.98,13.55,21.5,10,Regular,930000,930444,444,444,1.363784615,1.363784615,1,NA,NA,Terrestrial Insects,66,Order,Hymenoptera,Hymenoptera,Nymphs,0,0,0,NA,NA,NA,NA,NA,NA,2,FM,NA,NA,NA   NA   2   NA,NA   NA   FM   NA
SHR_2013-01-18 08:30:00,1/18/2013 8:30,SHR,2013,D,FALSE,CLR,NA,NA,6.5,0.57,118,NA,7.98,13.55,21.5,10,Regular,930000,930444,444,444,1.363784615,1.363784615,1,NA,NA,Terrestrial Insects,66,Order,Hymenoptera,Hymenoptera,Emergents,0,0,0,NA,NA,NA,NA,NA,NA,2,FM,NA,NA,NA   NA   2   NA,NA   NA   FM   NA
SHR_2013-01-18 08:30:00,1/18/2013 8:30,SHR,2013,D,FALSE,CLR,NA,NA,6.5,0.57,118,NA,7.98,13.55,21.5,10,Regular,930000,930444,444,444,1.363784615,1.363784615,1,NA,NA,Terrestrial Insects,66,Order,Hymenoptera,Hymenoptera,Adults,1,0.733,0.733,NA,NA,NA,NA,NA,NA,2,FM,NA,NA,NA   NA   2   NA,NA   NA   FM   NA
SHR_2013-01-18 08:30:00,1/18/2013 8:30,SHR,2013,D,FALSE,CLR,NA,NA,6.5,0.57,118,NA,7.98,13.55,21.5,10,Regular,930000,930444,444,444,1.363784615,1.363784615,1,NA,NA,Terrestrial Insects,66,Order,Hymenoptera,Hymenoptera,NotDetermined,0,0,0,NA,NA,NA,NA,NA,NA,2,FM,NA,NA,NA   NA   2   NA,NA   NA   FM   NA
STTD_2013-01-18 11:30:00,1/18/2013 11:30,STTD,2013,D,FALSE,CLR,NA,NA,5.4,0.22,427,NA,7.89,12.46,39,10,Regular,930700,930999,299,299,0.918404505,0.918404505,1,NA,NA,Aquatic Insects,44,Family,Corixidae,Corixidae,Larvae,0,0,0,NA,NA,NA,NA,NA,NA,2,FM,NA,NA,NA   NA   2   NA,NA   NA   FM   NA
STTD_2013-01-18 11:30:00,1/18/2013 11:30,STTD,2013,D,FALSE,CLR,NA,NA,5.4,0.22,427,NA,7.89,12.46,39,10,Regular,930700,930999,299,299,0.918404505,0.918404505,1,NA,NA,Aquatic Insects,44,Family,Corixidae,Corixidae,Pupae,0,0,0,NA,NA,NA,NA,NA,NA,2,FM,NA,NA,NA   NA   2   NA,NA   NA   FM   NA
STTD_2013-01-18 11:30:00,1/18/2013 11:30,STTD,2013,D,FALSE,CLR,NA,NA,5.4,0.22,427,NA,7.89,12.46,39,10,Regular,930700,930999,299,299,0.918404505,0.918404505,1,NA,NA,Aquatic Insects,44,Family,Corixidae,Corixidae,Nymphs,0,0,0,NA,NA,NA,NA,NA,NA,2,FM,NA,NA,NA   NA   2   NA,NA   NA   FM   NA
STTD_2013-01-18 11:30:00,1/18/2013 11:30,STTD,2013,D,FALSE,CLR,NA,NA,5.4,0.22,427,NA,7.89,12.46,39,10,Regular,930700,930999,299,299,0.918404505,0.918404505,1,NA,NA,Aquatic Insects,44,Family,Corixidae,Corixidae,Emergents,0,0,0,NA,NA,NA,NA,NA,NA,2,FM,NA,NA,NA   NA   2   NA,NA   NA   FM   NA
STTD_2013-01-18 11:30:00,1/18/2013 11:30,STTD,2013,D,FALSE,CLR,NA,NA,5.4,0.22,427,NA,7.89,12.46,39,10,Regular,930700,930999,299,299,0.918404505,0.918404505,1,NA,NA,Aquatic Insects,44,Family,Corixidae,Corixidae,Adults,8,8.711,8.711,NA,NA,NA,NA,NA,NA,2,FM,NA,NA,NA   NA   2   NA,NA   NA   FM   NA
STTD_2013-01-18 11:30:00,1/18/2013 11:30,STTD,2013,D,FALSE,CLR,NA,NA,5.4,0.22,427,NA,7.89,12.46,39,10,Regular,930700,930999,299,299,0.918404505,0.918404505,1,NA,NA,Aquatic Insects,44,Family,Corixidae,Corixidae,NotDetermined,0,0,0,NA,NA,NA,NA,NA,NA,2,FM,NA,NA,NA   NA   2   NA,NA   NA   FM   NA
STTD_2013-01-18 11:30:00,1/18/2013 11:30,STTD,2013,D,FALSE,CLR,NA,NA,5.4,0.22,427,NA,7.89,12.46,39,10,Regular,930700,930999,299,299,0.918404505,0.918404505,1,NA,NA,Aquatic Insects,30,Family,Dytiscidae,Dytiscidae,Larvae,0,0,0,NA,NA,NA,NA,NA,NA,2,FM,NA,NA,NA   NA   2   NA,NA   NA   FM   NA
STTD_2013-01-18 11:30:00,1/18/2013 11:30,STTD,2013,D,FALSE,CLR,NA,NA,5.4,0.22,427,NA,7.89,12.46,39,10,Regular,930700,930999,299,299,0.918404505,0.918404505,1,NA,NA,Aquatic Insects,30,Family,Dytiscidae,Dytiscidae,Pupae,0,0,0,NA,NA,NA,NA,NA,NA,2,FM,NA,NA,NA   NA   2   NA,NA   NA   FM   NA
STTD_2013-01-18 11:30:00,1/18/2013 11:30,STTD,2013,D,FALSE,CLR,NA,NA,5.4,0.22,427,NA,7.89,12.46,39,10,Regular,930700,930999,299,299,0.918404505,0.918404505,1,NA,NA,Aquatic Insects,30,Family,Dytiscidae,Dytiscidae,Nymphs,0,0,0,NA,NA,NA,NA,NA,NA,2,FM,NA,NA,NA   NA   2   NA,NA   NA   FM   NA
STTD_2013-01-18 11:30:00,1/18/2013 11:30,STTD,2013,D,FALSE,CLR,NA,NA,5.4,0.22,427,NA,7.89,12.46,39,10,Regular,930700,930999,299,299,0.918404505,0.918404505,1,NA,NA,Aquatic Insects,30,Family,Dytiscidae,Dytiscidae,Emergents,0,0,0,NA,NA,NA,NA,NA,NA,2,FM,NA,NA,NA   NA   2   NA,NA   NA   FM   NA
STTD_2013-01-18 11:30:00,1/18/2013 11:30,STTD,2013,D,FALSE,CLR,NA,NA,5.4,0.22,427,NA,7.89,12.46,39,10,Regular,930700,930999,299,299,0.918404505,0.918404505,1,NA,NA,Aquatic Insects,30,Family,Dytiscidae,Dytiscidae,Adults,7,7.622,7.622,NA,NA,NA,NA,NA,NA,2,FM,NA,NA,NA   NA   2   NA,NA   NA   FM   NA
STTD_2013-01-18 11:30:00,1/18/2013 11:30,STTD,2013,D,FALSE,CLR,NA,NA,5.4,0.22,427,NA,7.89,12.46,39,10,Regular,930700,930999,299,299,0.918404505,0.918404505,1,NA,NA,Aquatic Insects,30,Family,Dytiscidae,Dytiscidae,NotDetermined,0,0,0,NA,NA,NA,NA,NA,NA,2,FM,NA,NA,NA   NA   2   NA,NA   NA   FM   NA
STTD_2013-01-18 11:30:00,1/18/2013 11:30,STTD,2013,D,FALSE,CLR,NA,NA,5.4,0.22,427,NA,7.89,12.46,39,10,Regular,930700,930999,299,299,0.918404505,0.918404505,1,NA,NA,Aquatic Insects,52,Family,Hydraenidae,Hydraenidae,Larvae,0,0,0,NA,NA,NA,NA,NA,NA,2,FM,NA,NA,NA   NA   2   NA,NA   NA   FM   NA
STTD_2013-01-18 11:30:00,1/18/2013 11:30,STTD,2013,D,FALSE,CLR,NA,NA,5.4,0.22,427,NA,7.89,12.46,39,10,Regular,930700,930999,299,299,0.918404505,0.918404505,1,NA,NA,Aquatic Insects,52,Family,Hydraenidae,Hydraenidae,Pupae,0,0,0,NA,NA,NA,NA,NA,NA,2,FM,NA,NA,NA   NA   2   NA,NA   NA   FM   NA
STTD_2013-01-18 11:30:00,1/18/2013 11:30,STTD,2013,D,FALSE,CLR,NA,NA,5.4,0.22,427,NA,7.89,12.46,39,10,Regular,930700,930999,299,299,0.918404505,0.918404505,1,NA,NA,Aquatic Insects,52,Family,Hydraenidae,Hydraenidae,Nymphs,0,0,0,NA,NA,NA,NA,NA,NA,2,FM,NA,NA,NA   NA   2   NA,NA   NA   FM   NA
STTD_2013-01-18 11:30:00,1/18/2013 11:30,STTD,2013,D,FALSE,CLR,NA,NA,5.4,0.22,427,NA,7.89,12.46,39,10,Regular,930700,930999,299,299,0.918404505,0.918404505,1,NA,NA,Aquatic Insects,52,Family,Hydraenidae,Hydraenidae,Emergents,0,0,0,NA,NA,NA,NA,NA,NA,2,FM,NA,NA,NA   NA   2   NA,NA   NA   FM   NA
STTD_2013-01-18 11:30:00,1/18/2013 11:30,STTD,2013,D,FALSE,CLR,NA,NA,5.4,0.22,427,NA,7.89,12.46,39,10,Regular,930700,930999,299,299,0.918404505,0.918404505,1,NA,NA,Aquatic Insects,52,Family,Hydraenidae,Hydraenidae,Adults,1,1.089,1.089,NA,NA,NA,NA,NA,NA,2,FM,NA,NA,NA   NA   2   NA,NA   NA   FM   NA
STTD_2013-01-18 11:30:00,1/18/2013 11:30,STTD,2013,D,FALSE,CLR,NA,NA,5.4,0.22,427,NA,7.89,12.46,39,10,Regular,930700,930999,299,299,0.918404505,0.918404505,1,NA,NA,Aquatic Insects,52,Family,Hydraenidae,Hydraenidae,NotDetermined,0,0,0,NA,NA,NA,NA,NA,NA,2,FM,NA,NA,NA   NA   2   NA,NA   NA   FM   NA
STTD_2013-01-18 11:30:00,1/18/2013 11:30,STTD,2013,D,FALSE,CLR,NA,NA,5.4,0.22,427,NA,7.89,12.46,39,10,Regular,930700,930999,299,299,0.918404505,0.918404505,1,NA,NA,Aquatic Insects,81,Family,Hydrophilidae,Hydrophilidae,Larvae,0,0,0,NA,NA,NA,NA,NA,NA,2,FM,NA,NA,NA   NA   2   NA,NA   NA   FM   NA
STTD_2013-01-18 11:30:00,1/18/2013 11:30,STTD,2013,D,FALSE,CLR,NA,NA,5.4,0.22,427,NA,7.89,12.46,39,10,Regular,930700,930999,299,299,0.918404505,0.918404505,1,NA,NA,Aquatic Insects,81,Family,Hydrophilidae,Hydrophilidae,Pupae,0,0,0,NA,NA,NA,NA,NA,NA,2,FM,NA,NA,NA   NA   2   NA,NA   NA   FM   NA
STTD_2013-01-18 11:30:00,1/18/2013 11:30,STTD,2013,D,FALSE,CLR,NA,NA,5.4,0.22,427,NA,7.89,12.46,39,10,Regular,930700,930999,299,299,0.918404505,0.918404505,1,NA,NA,Aquatic Insects,81,Family,Hydrophilidae,Hydrophilidae,Nymphs,0,0,0,NA,NA,NA,NA,NA,NA,2,FM,NA,NA,NA   NA   2   NA,NA   NA   FM   NA
STTD_2013-01-18 11:30:00,1/18/2013 11:30,STTD,2013,D,FALSE,CLR,NA,NA,5.4,0.22,427,NA,7.89,12.46,39,10,Regular,930700,930999,299,299,0.918404505,0.918404505,1,NA,NA,Aquatic Insects,81,Family,Hydrophilidae,Hydrophilidae,Emergents,0,0,0,NA,NA,NA,NA,NA,NA,2,FM,NA,NA,NA   NA   2   NA,NA   NA   FM   NA
STTD_2013-01-18 11:30:00,1/18/2013 11:30,STTD,2013,D,FALSE,CLR,NA,NA,5.4,0.22,427,NA,7.89,12.46,39,10,Regular,930700,930999,299,299,0.918404505,0.918404505,1,NA,NA,Aquatic Insects,81,Family,Hydrophilidae,Hydrophilidae,Adults,1,1.089,1.089,NA,NA,NA,NA,NA,NA,2,FM,NA,NA,NA   NA   2   NA,NA   NA   FM   NA
STTD_2013-01-18 11:30:00,1/18/2013 11:30,STTD,2013,D,FALSE,CLR,NA,NA,5.4,0.22,427,NA,7.89,12.46,39,10,Regular,930700,930999,299,299,0.918404505,0.918404505,1,NA,NA,Aquatic Insects,81,Family,Hydrophilidae,Hydrophilidae,NotDetermined,0,0,0,NA,NA,NA,NA,NA,NA,2,FM,NA,NA,NA   NA   2   NA,NA   NA   FM   NA
STTD_2013-01-18 11:30:00,1/18/2013 11:30,STTD,2013,D,FALSE,CLR,NA,NA,5.4,0.22,427,NA,7.89,12.46,39,10,Regular,930700,930999,299,299,0.918404505,0.918404505,1,NA,NA,Aquatic Insects,34,Family,Chironomidae,Chironomidae,Larvae,24,26.132,26.132,NA,NA,NA,NA,NA,NA,2,FM,NA,NA,NA   NA   2   NA,NA   NA   FM   NA
STTD_2013-01-18 11:30:00,1/18/2013 11:30,STTD,2013,D,FALSE,CLR,NA,NA,5.4,0.22,427,NA,7.89,12.46,39,10,Regular,930700,930999,299,299,0.918404505,0.918404505,1,NA,NA,Aquatic Insects,34,Family,Chironomidae,Chironomidae,Pupae,1,1.089,1.089,NA,NA,NA,NA,NA,NA,2,FM,NA,NA,NA   NA   2   NA,NA   NA   FM   NA
STTD_2013-01-18 11:30:00,1/18/2013 11:30,STTD,2013,D,FALSE,CLR,NA,NA,5.4,0.22,427,NA,7.89,12.46,39,10,Regular,930700,930999,299,299,0.918404505,0.918404505,1,NA,NA,Aquatic Insects,34,Family,Chironomidae,Chironomidae,Nymphs,0,0,0,NA,NA,NA,NA,NA,NA,2,FM,NA,NA,NA   NA   2   NA,NA   NA   FM   NA
STTD_2013-01-18 11:30:00,1/18/2013 11:30,STTD,2013,D,FALSE,CLR,NA,NA,5.4,0.22,427,NA,7.89,12.46,39,10,Regular,930700,930999,299,299,0.918404505,0.918404505,1,NA,NA,Aquatic Insects,34,Family,Chironomidae,Chironomidae,Emergents,0,0,0,NA,NA,NA,NA,NA,NA,2,FM,NA,NA,NA   NA   2   NA,NA   NA   FM   NA
STTD_2013-01-18 11:30:00,1/18/2013 11:30,STTD,2013,D,FALSE,CLR,NA,NA,5.4,0.22,427,NA,7.89,12.46,39,10,Regular,930700,930999,299,299,0.918404505,0.918404505,1,NA,NA,Aquatic Insects,34,Family,Chironomidae,Chironomidae,Adults,47,51.176,51.176,NA,NA,NA,NA,NA,NA,2,FM,NA,NA,NA   NA   2   NA,NA   NA   FM   NA
STTD_2013-01-18 11:30:00,1/18/2013 11:30,STTD,2013,D,FALSE,CLR,NA,NA,5.4,0.22,427,NA,7.89,12.46,39,10,Regular,930700,930999,299,299,0.918404505,0.918404505,1,NA,NA,Aquatic Insects,34,Family,Chironomidae,Chironomidae,NotDetermined,0,0,0,NA,NA,NA,NA,NA,NA,2,FM,NA,NA,NA   NA   2   NA,NA   NA   FM   NA
STTD_2013-01-18 11:30:00,1/18/2013 11:30,STTD,2013,D,FALSE,CLR,NA,NA,5.4,0.22,427,NA,7.89,12.46,39,10,Regular,930700,930999,299,299,0.918404505,0.918404505,1,NA,NA,Aquatic Insects,54,Family,Sciomyzidae,Sciomyzidae,Larvae,1,1.089,1.089,NA,NA,NA,NA,NA,NA,2,FM,NA,NA,NA   NA   2   NA,NA   NA   FM   NA
STTD_2013-01-18 11:30:00,1/18/2013 11:30,STTD,2013,D,FALSE,CLR,NA,NA,5.4,0.22,427,NA,7.89,12.46,39,10,Regular,930700,930999,299,299,0.918404505,0.918404505,1,NA,NA,Aquatic Insects,54,Family,Sciomyzidae,Sciomyzidae,Pupae,0,0,0,NA,NA,NA,NA,NA,NA,2,FM,NA,NA,NA   NA   2   NA,NA   NA   FM   NA
STTD_2013-01-18 11:30:00,1/18/2013 11:30,STTD,2013,D,FALSE,CLR,NA,NA,5.4,0.22,427,NA,7.89,12.46,39,10,Regular,930700,930999,299,299,0.918404505,0.918404505,1,NA,NA,Aquatic Insects,54,Family,Sciomyzidae,Sciomyzidae,Nymphs,0,0,0,NA,NA,NA,NA,NA,NA,2,FM,NA,NA,NA   NA   2   NA,NA   NA   FM   NA
STTD_2013-01-18 11:30:00,1/18/2013 11:30,STTD,2013,D,FALSE,CLR,NA,NA,5.4,0.22,427,NA,7.89,12.46,39,10,Regular,930700,930999,299,299,0.918404505,0.918404505,1,NA,NA,Aquatic Insects,54,Family,Sciomyzidae,Sciomyzidae,Emergents,0,0,0,NA,NA,NA,NA,NA,NA,2,FM,NA,NA,NA   NA   2   NA,NA   NA   FM   NA
STTD_2013-01-18 11:30:00,1/18/2013 11:30,STTD,2013,D,FALSE,CLR,NA,NA,5.4,0.22,427,NA,7.89,12.46,39,10,Regular,930700,930999,299,299,0.918404505,0.918404505,1,NA,NA,Aquatic Insects,54,Family,Sciomyzidae,Sciomyzidae,Adults,0,0,0,NA,NA,NA,NA,NA,NA,2,FM,NA,NA,NA   NA   2   NA,NA   NA   FM   NA
STTD_2013-01-18 11:30:00,1/18/2013 11:30,STTD,2013,D,FALSE,CLR,NA,NA,5.4,0.22,427,NA,7.89,12.46,39,10,Regular,930700,930999,299,299,0.918404505,0.918404505,1,NA,NA,Aquatic Insects,54,Family,Sciomyzidae,Sciomyzidae,NotDetermined,0,0,0,NA,NA,NA,NA,NA,NA,2,FM,NA,NA,NA   NA   2   NA,NA   NA   FM   NA
STTD_2013-01-18 11:30:00,1/18/2013 11:30,STTD,2013,D,FALSE,CLR,NA,NA,5.4,0.22,427,NA,7.89,12.46,39,10,Regular,930700,930999,299,299,0.918404505,0.918404505,1,NA,NA,Aquatic Insects,39,Family,Tipulidae,Tipulidae,Larvae,1,1.089,1.089,NA,NA,NA,NA,NA,NA,2,FM,NA,NA,NA   NA   2   NA,NA   NA   FM   NA
STTD_2013-01-18 11:30:00,1/18/2013 11:30,STTD,2013,D,FALSE,CLR,NA,NA,5.4,0.22,427,NA,7.89,12.46,39,10,Regular,930700,930999,299,299,0.918404505,0.918404505,1,NA,NA,Aquatic Insects,39,Family,Tipulidae,Tipulidae,Pupae,0,0,0,NA,NA,NA,NA,NA,NA,2,FM,NA,NA,NA   NA   2   NA,NA   NA   FM   NA
STTD_2013-01-18 11:30:00,1/18/2013 11:30,STTD,2013,D,FALSE,CLR,NA,NA,5.4,0.22,427,NA,7.89,12.46,39,10,Regular,930700,930999,299,299,0.918404505,0.918404505,1,NA,NA,Aquatic Insects,39,Family,Tipulidae,Tipulidae,Nymphs,0,0,0,NA,NA,NA,NA,NA,NA,2,FM,NA,NA,NA   NA   2   NA,NA   NA   FM   NA
STTD_2013-01-18 11:30:00,1/18/2013 11:30,STTD,2013,D,FALSE,CLR,NA,NA,5.4,0.22,427,NA,7.89,12.46,39,10,Regular,930700,930999,299,299,0.918404505,0.918404505,1,NA,NA,Aquatic Insects,39,Family,Tipulidae,Tipulidae,Emergents,0,0,0,NA,NA,NA,NA,NA,NA,2,FM,NA,NA,NA   NA   2   NA,NA   NA   FM   NA
STTD_2013-01-18 11:30:00,1/18/2013 11:30,STTD,2013,D,FALSE,CLR,NA,NA,5.4,0.22,427,NA,7.89,12.46,39,10,Regular,930700,930999,299,299,0.918404505,0.918404505,1,NA,NA,Aquatic Insects,39,Family,Tipulidae,Tipulidae,Adults,1,1.089,1.089,NA,NA,NA,NA,NA,NA,2,FM,NA,NA,NA   NA   2   NA,NA   NA   FM   NA
STTD_2013-01-18 11:30:00,1/18/2013 11:30,STTD,2013,D,FALSE,CLR,NA,NA,5.4,0.22,427,NA,7.89,12.46,39,10,Regular,930700,930999,299,299,0.918404505,0.918404505,1,NA,NA,Aquatic Insects,39,Family,Tipulidae,Tipulidae,NotDetermined,0,0,0,NA,NA,NA,NA,NA,NA,2,FM,NA,NA,NA   NA   2   NA,NA   NA   FM   NA
STTD_2013-01-18 11:30:00,1/18/2013 11:30,STTD,2013,D,FALSE,CLR,NA,NA,5.4,0.22,427,NA,7.89,12.46,39,10,Regular,930700,930999,299,299,0.918404505,0.918404505,1,NA,NA,Aquatic Non-Insects,2,Family,Enchytraeidae,Enchytraeidae,Larvae,0,0,0,NA,NA,NA,NA,NA,NA,2,FM,NA,NA,NA   NA   2   NA,NA   NA   FM   NA
STTD_2013-01-18 11:30:00,1/18/2013 11:30,STTD,2013,D,FALSE,CLR,NA,NA,5.4,0.22,427,NA,7.89,12.46,39,10,Regular,930700,930999,299,299,0.918404505,0.918404505,1,NA,NA,Aquatic Non-Insects,2,Family,Enchytraeidae,Enchytraeidae,Pupae,0,0,0,NA,NA,NA,NA,NA,NA,2,FM,NA,NA,NA   NA   2   NA,NA   NA   FM   NA
STTD_2013-01-18 11:30:00,1/18/2013 11:30,STTD,2013,D,FALSE,CLR,NA,NA,5.4,0.22,427,NA,7.89,12.46,39,10,Regular,930700,930999,299,299,0.918404505,0.918404505,1,NA,NA,Aquatic Non-Insects,2,Family,Enchytraeidae,Enchytraeidae,Nymphs,0,0,0,NA,NA,NA,NA,NA,NA,2,FM,NA,NA,NA   NA   2   NA,NA   NA   FM   NA
STTD_2013-01-18 11:30:00,1/18/2013 11:30,STTD,2013,D,FALSE,CLR,NA,NA,5.4,0.22,427,NA,7.89,12.46,39,10,Regular,930700,930999,299,299,0.918404505,0.918404505,1,NA,NA,Aquatic Non-Insects,2,Family,Enchytraeidae,Enchytraeidae,Emergents,0,0,0,NA,NA,NA,NA,NA,NA,2,FM,NA,NA,NA   NA   2   NA,NA   NA   FM   NA
STTD_2013-01-18 11:30:00,1/18/2013 11:30,STTD,2013,D,FALSE,CLR,NA,NA,5.4,0.22,427,NA,7.89,12.46,39,10,Regular,930700,930999,299,299,0.918404505,0.918404505,1,NA,NA,Aquatic Non-Insects,2,Family,Enchytraeidae,Enchytraeidae,Adults,0,0,0,NA,NA,NA,NA,NA,NA,2,FM,NA,NA,NA   NA   2   NA,NA   NA   FM   NA
STTD_2013-01-18 11:30:00,1/18/2013 11:30,STTD,2013,D,FALSE,CLR,NA,NA,5.4,0.22,427,NA,7.89,12.46,39,10,Regular,930700,930999,299,299,0.918404505,0.918404505,1,NA,NA,Aquatic Non-Insects,2,Family,Enchytraeidae,Enchytraeidae,NotDetermined,6,6.533,6.533,NA,NA,NA,NA,NA,NA,2,FM,NA,NA,NA   NA   2   NA,NA   NA   FM   NA
STTD_2013-01-18 11:30:00,1/18/2013 11:30,STTD,2013,D,FALSE,CLR,NA,NA,5.4,0.22,427,NA,7.89,12.46,39,10,Regular,930700,930999,299,299,0.918404505,0.918404505,1,NA,NA,Aquatic Non-Insects,20,Family,Physidae,Physidae,Larvae,0,0,0,NA,NA,NA,NA,NA,NA,2,FM,NA,NA,NA   NA   2   NA,NA   NA   FM   NA
STTD_2013-01-18 11:30:00,1/18/2013 11:30,STTD,2013,D,FALSE,CLR,NA,NA,5.4,0.22,427,NA,7.89,12.46,39,10,Regular,930700,930999,299,299,0.918404505,0.918404505,1,NA,NA,Aquatic Non-Insects,20,Family,Physidae,Physidae,Pupae,0,0,0,NA,NA,NA,NA,NA,NA,2,FM,NA,NA,NA   NA   2   NA,NA   NA   FM   NA
STTD_2013-01-18 11:30:00,1/18/2013 11:30,STTD,2013,D,FALSE,CLR,NA,NA,5.4,0.22,427,NA,7.89,12.46,39,10,Regular,930700,930999,299,299,0.918404505,0.918404505,1,NA,NA,Aquatic Non-Insects,20,Family,Physidae,Physidae,Nymphs,0,0,0,NA,NA,NA,NA,NA,NA,2,FM,NA,NA,NA   NA   2   NA,NA   NA   FM   NA
STTD_2013-01-18 11:30:00,1/18/2013 11:30,STTD,2013,D,FALSE,CLR,NA,NA,5.4,0.22,427,NA,7.89,12.46,39,10,Regular,930700,930999,299,299,0.918404505,0.918404505,1,NA,NA,Aquatic Non-Insects,20,Family,Physidae,Physidae,Emergents,0,0,0,NA,NA,NA,NA,NA,NA,2,FM,NA,NA,NA   NA   2   NA,NA   NA   FM   NA
STTD_2013-01-18 11:30:00,1/18/2013 11:30,STTD,2013,D,FALSE,CLR,NA,NA,5.4,0.22,427,NA,7.89,12.46,39,10,Regular,930700,930999,299,299,0.918404505,0.918404505,1,NA,NA,Aquatic Non-Insects,20,Family,Physidae,Physidae,Adults,0,0,0,NA,NA,NA,NA,NA,NA,2,FM,NA,NA,NA   NA   2   NA,NA   NA   FM   NA
STTD_2013-01-18 11:30:00,1/18/2013 11:30,STTD,2013,D,FALSE,CLR,NA,NA,5.4,0.22,427,NA,7.89,12.46,39,10,Regular,930700,930999,299,299,0.918404505,0.918404505,1,NA,NA,Aquatic Non-Insects,20,Family,Physidae,Physidae,NotDetermined,31,33.754,33.754,NA,NA,NA,NA,NA,NA,2,FM,NA,NA,NA   NA   2   NA,NA   NA   FM   NA
STTD_2013-01-18 11:30:00,1/18/2013 11:30,STTD,2013,D,FALSE,CLR,NA,NA,5.4,0.22,427,NA,7.89,12.46,39,10,Regular,930700,930999,299,299,0.918404505,0.918404505,1,NA,NA,Aquatic Non-Insects,9,Family,Corophiidae,Corophiidae,Larvae,0,0,0,NA,NA,NA,NA,NA,NA,2,FM,NA,NA,NA   NA   2   NA,NA   NA   FM   NA
STTD_2013-01-18 11:30:00,1/18/2013 11:30,STTD,2013,D,FALSE,CLR,NA,NA,5.4,0.22,427,NA,7.89,12.46,39,10,Regular,930700,930999,299,299,0.918404505,0.918404505,1,NA,NA,Aquatic Non-Insects,9,Family,Corophiidae,Corophiidae,Pupae,0,0,0,NA,NA,NA,NA,NA,NA,2,FM,NA,NA,NA   NA   2   NA,NA   NA   FM   NA
STTD_2013-01-18 11:30:00,1/18/2013 11:30,STTD,2013,D,FALSE,CLR,NA,NA,5.4,0.22,427,NA,7.89,12.46,39,10,Regular,930700,930999,299,299,0.918404505,0.918404505,1,NA,NA,Aquatic Non-Insects,9,Family,Corophiidae,Corophiidae,Nymphs,0,0,0,NA,NA,NA,NA,NA,NA,2,FM,NA,NA,NA   NA   2   NA,NA   NA   FM   NA
STTD_2013-01-18 11:30:00,1/18/2013 11:30,STTD,2013,D,FALSE,CLR,NA,NA,5.4,0.22,427,NA,7.89,12.46,39,10,Regular,930700,930999,299,299,0.918404505,0.918404505,1,NA,NA,Aquatic Non-Insects,9,Family,Corophiidae,Corophiidae,Emergents,0,0,0,NA,NA,NA,NA,NA,NA,2,FM,NA,NA,NA   NA   2   NA,NA   NA   FM   NA
STTD_2013-01-18 11:30:00,1/18/2013 11:30,STTD,2013,D,FALSE,CLR,NA,NA,5.4,0.22,427,NA,7.89,12.46,39,10,Regular,930700,930999,299,299,0.918404505,0.918404505,1,NA,NA,Aquatic Non-Insects,9,Family,Corophiidae,Corophiidae,Adults,0,0,0,NA,NA,NA,NA,NA,NA,2,FM,NA,NA,NA   NA   2   NA,NA   NA   FM   NA
STTD_2013-01-18 11:30:00,1/18/2013 11:30,STTD,2013,D,FALSE,CLR,NA,NA,5.4,0.22,427,NA,7.89,12.46,39,10,Regular,930700,930999,299,299,0.918404505,0.918404505,1,NA,NA,Aquatic Non-Insects,9,Family,Corophiidae,Corophiidae,NotDetermined,1,1.089,1.089,NA,NA,NA,NA,NA,NA,2,FM,NA,NA,NA   NA   2   NA,NA   NA   FM   NA
STTD_2013-01-18 11:30:00,1/18/2013 11:30,STTD,2013,D,FALSE,CLR,NA,NA,5.4,0.22,427,NA,7.89,12.46,39,10,Regular,930700,930999,299,299,0.918404505,0.918404505,1,NA,NA,Aquatic Non-Insects,118,Class,Ostracoda,Ostracod,Larvae,0,0,0,NA,NA,NA,NA,NA,NA,2,FM,NA,NA,NA   NA   2   NA,NA   NA   FM   NA
STTD_2013-01-18 11:30:00,1/18/2013 11:30,STTD,2013,D,FALSE,CLR,NA,NA,5.4,0.22,427,NA,7.89,12.46,39,10,Regular,930700,930999,299,299,0.918404505,0.918404505,1,NA,NA,Aquatic Non-Insects,118,Class,Ostracoda,Ostracod,Pupae,0,0,0,NA,NA,NA,NA,NA,NA,2,FM,NA,NA,NA   NA   2   NA,NA   NA   FM   NA
STTD_2013-01-18 11:30:00,1/18/2013 11:30,STTD,2013,D,FALSE,CLR,NA,NA,5.4,0.22,427,NA,7.89,12.46,39,10,Regular,930700,930999,299,299,0.918404505,0.918404505,1,NA,NA,Aquatic Non-Insects,118,Class,Ostracoda,Ostracod,Nymphs,0,0,0,NA,NA,NA,NA,NA,NA,2,FM,NA,NA,NA   NA   2   NA,NA   NA   FM   NA
STTD_2013-01-18 11:30:00,1/18/2013 11:30,STTD,2013,D,FALSE,CLR,NA,NA,5.4,0.22,427,NA,7.89,12.46,39,10,Regular,930700,930999,299,299,0.918404505,0.918404505,1,NA,NA,Aquatic Non-Insects,118,Class,Ostracoda,Ostracod,Emergents,0,0,0,NA,NA,NA,NA,NA,NA,2,FM,NA,NA,NA   NA   2   NA,NA   NA   FM   NA
STTD_2013-01-18 11:30:00,1/18/2013 11:30,STTD,2013,D,FALSE,CLR,NA,NA,5.4,0.22,427,NA,7.89,12.46,39,10,Regular,930700,930999,299,299,0.918404505,0.918404505,1,NA,NA,Aquatic Non-Insects,118,Class,Ostracoda,Ostracod,Adults,0,0,0,NA,NA,NA,NA,NA,NA,2,FM,NA,NA,NA   NA   2   NA,NA   NA   FM   NA
STTD_2013-01-18 11:30:00,1/18/2013 11:30,STTD,2013,D,FALSE,CLR,NA,NA,5.4,0.22,427,NA,7.89,12.46,39,10,Regular,930700,930999,299,299,0.918404505,0.918404505,1,NA,NA,Aquatic Non-Insects,118,Class,Ostracoda,Ostracod,NotDetermined,3,3.267,3.267,NA,NA,NA,NA,NA,NA,2,FM,NA,NA,NA   NA   2   NA,NA   NA   FM   NA
STTD_2013-01-18 11:30:00,1/18/2013 11:30,STTD,2013,D,FALSE,CLR,NA,NA,5.4,0.22,427,NA,7.89,12.46,39,10,Regular,930700,930999,299,299,0.918404505,0.918404505,1,NA,NA,Terrestrial Insects,71,Order,Hemiptera,Hemiptera,Larvae,0,0,0,NA,NA,NA,NA,NA,NA,2,FM,NA,NA,NA   NA   2   NA,NA   NA   FM   NA
STTD_2013-01-18 11:30:00,1/18/2013 11:30,STTD,2013,D,FALSE,CLR,NA,NA,5.4,0.22,427,NA,7.89,12.46,39,10,Regular,930700,930999,299,299,0.918404505,0.918404505,1,NA,NA,Terrestrial Insects,71,Order,Hemiptera,Hemiptera,Pupae,0,0,0,NA,NA,NA,NA,NA,NA,2,FM,NA,NA,NA   NA   2   NA,NA   NA   FM   NA
STTD_2013-01-18 11:30:00,1/18/2013 11:30,STTD,2013,D,FALSE,CLR,NA,NA,5.4,0.22,427,NA,7.89,12.46,39,10,Regular,930700,930999,299,299,0.918404505,0.918404505,1,NA,NA,Terrestrial Insects,71,Order,Hemiptera,Hemiptera,Nymphs,0,0,0,NA,NA,NA,NA,NA,NA,2,FM,NA,NA,NA   NA   2   NA,NA   NA   FM   NA
STTD_2013-01-18 11:30:00,1/18/2013 11:30,STTD,2013,D,FALSE,CLR,NA,NA,5.4,0.22,427,NA,7.89,12.46,39,10,Regular,930700,930999,299,299,0.918404505,0.918404505,1,NA,NA,Terrestrial Insects,71,Order,Hemiptera,Hemiptera,Emergents,0,0,0,NA,NA,NA,NA,NA,NA,2,FM,NA,NA,NA   NA   2   NA,NA   NA   FM   NA
STTD_2013-01-18 11:30:00,1/18/2013 11:30,STTD,2013,D,FALSE,CLR,NA,NA,5.4,0.22,427,NA,7.89,12.46,39,10,Regular,930700,930999,299,299,0.918404505,0.918404505,1,NA,NA,Terrestrial Insects,71,Order,Hemiptera,Hemiptera,Adults,2,2.178,2.178,NA,NA,NA,NA,NA,NA,2,FM,NA,NA,NA   NA   2   NA,NA   NA   FM   NA
STTD_2013-01-18 11:30:00,1/18/2013 11:30,STTD,2013,D,FALSE,CLR,NA,NA,5.4,0.22,427,NA,7.89,12.46,39,10,Regular,930700,930999,299,299,0.918404505,0.918404505,1,NA,NA,Terrestrial Insects,71,Order,Hemiptera,Hemiptera,NotDetermined,0,0,0,NA,NA,NA,NA,NA,NA,2,FM,NA,NA,NA   NA   2   NA,NA   NA   FM   NA
STTD_2013-01-18 11:30:00,1/18/2013 11:30,STTD,2013,D,FALSE,CLR,NA,NA,5.4,0.22,427,NA,7.89,12.46,39,10,Regular,930700,930999,299,299,0.918404505,0.918404505,1,NA,NA,Terrestrial Insects,63,Order,Coleoptera,Coleoptera,Larvae,1,1.089,1.089,NA,NA,NA,NA,NA,NA,2,FM,NA,NA,NA   NA   2   NA,NA   NA   FM   NA
STTD_2013-01-18 11:30:00,1/18/2013 11:30,STTD,2013,D,FALSE,CLR,NA,NA,5.4,0.22,427,NA,7.89,12.46,39,10,Regular,930700,930999,299,299,0.918404505,0.918404505,1,NA,NA,Terrestrial Insects,63,Order,Coleoptera,Coleoptera,Pupae,0,0,0,NA,NA,NA,NA,NA,NA,2,FM,NA,NA,NA   NA   2   NA,NA   NA   FM   NA
STTD_2013-01-18 11:30:00,1/18/2013 11:30,STTD,2013,D,FALSE,CLR,NA,NA,5.4,0.22,427,NA,7.89,12.46,39,10,Regular,930700,930999,299,299,0.918404505,0.918404505,1,NA,NA,Terrestrial Insects,63,Order,Coleoptera,Coleoptera,Nymphs,0,0,0,NA,NA,NA,NA,NA,NA,2,FM,NA,NA,NA   NA   2   NA,NA   NA   FM   NA
STTD_2013-01-18 11:30:00,1/18/2013 11:30,STTD,2013,D,FALSE,CLR,NA,NA,5.4,0.22,427,NA,7.89,12.46,39,10,Regular,930700,930999,299,299,0.918404505,0.918404505,1,NA,NA,Terrestrial Insects,63,Order,Coleoptera,Coleoptera,Emergents,0,0,0,NA,NA,NA,NA,NA,NA,2,FM,NA,NA,NA   NA   2   NA,NA   NA   FM   NA
STTD_2013-01-18 11:30:00,1/18/2013 11:30,STTD,2013,D,FALSE,CLR,NA,NA,5.4,0.22,427,NA,7.89,12.46,39,10,Regular,930700,930999,299,299,0.918404505,0.918404505,1,NA,NA,Terrestrial Insects,63,Order,Coleoptera,Coleoptera,Adults,13,14.155,14.155,NA,NA,NA,NA,NA,NA,2,FM,NA,NA,NA   NA   2   NA,NA   NA   FM   NA
STTD_2013-01-18 11:30:00,1/18/2013 11:30,STTD,2013,D,FALSE,CLR,NA,NA,5.4,0.22,427,NA,7.89,12.46,39,10,Regular,930700,930999,299,299,0.918404505,0.918404505,1,NA,NA,Terrestrial Insects,63,Order,Coleoptera,Coleoptera,NotDetermined,0,0,0,NA,NA,NA,NA,NA,NA,2,FM,NA,NA,NA   NA   2   NA,NA   NA   FM   NA
STTD_2013-01-18 11:30:00,1/18/2013 11:30,STTD,2013,D,FALSE,CLR,NA,NA,5.4,0.22,427,NA,7.89,12.46,39,10,Regular,930700,930999,299,299,0.918404505,0.918404505,1,NA,NA,Terrestrial Insects,64,Order,Diptera,Diptera,Larvae,0,0,0,NA,NA,NA,NA,NA,NA,2,FM,NA,NA,NA   NA   2   NA,NA   NA   FM   NA
STTD_2013-01-18 11:30:00,1/18/2013 11:30,STTD,2013,D,FALSE,CLR,NA,NA,5.4,0.22,427,NA,7.89,12.46,39,10,Regular,930700,930999,299,299,0.918404505,0.918404505,1,NA,NA,Terrestrial Insects,64,Order,Diptera,Diptera,Pupae,0,0,0,NA,NA,NA,NA,NA,NA,2,FM,NA,NA,NA   NA   2   NA,NA   NA   FM   NA
STTD_2013-01-18 11:30:00,1/18/2013 11:30,STTD,2013,D,FALSE,CLR,NA,NA,5.4,0.22,427,NA,7.89,12.46,39,10,Regular,930700,930999,299,299,0.918404505,0.918404505,1,NA,NA,Terrestrial Insects,64,Order,Diptera,Diptera,Nymphs,0,0,0,NA,NA,NA,NA,NA,NA,2,FM,NA,NA,NA   NA   2   NA,NA   NA   FM   NA
STTD_2013-01-18 11:30:00,1/18/2013 11:30,STTD,2013,D,FALSE,CLR,NA,NA,5.4,0.22,427,NA,7.89,12.46,39,10,Regular,930700,930999,299,299,0.918404505,0.918404505,1,NA,NA,Terrestrial Insects,64,Order,Diptera,Diptera,Emergents,0,0,0,NA,NA,NA,NA,NA,NA,2,FM,NA,NA,NA   NA   2   NA,NA   NA   FM   NA
STTD_2013-01-18 11:30:00,1/18/2013 11:30,STTD,2013,D,FALSE,CLR,NA,NA,5.4,0.22,427,NA,7.89,12.46,39,10,Regular,930700,930999,299,299,0.918404505,0.918404505,1,NA,NA,Terrestrial Insects,64,Order,Diptera,Diptera,Adults,2,2.178,2.178,NA,NA,NA,NA,NA,NA,2,FM,NA,NA,NA   NA   2   NA,NA   NA   FM   NA
STTD_2013-01-18 11:30:00,1/18/2013 11:30,STTD,2013,D,FALSE,CLR,NA,NA,5.4,0.22,427,NA,7.89,12.46,39,10,Regular,930700,930999,299,299,0.918404505,0.918404505,1,NA,NA,Terrestrial Insects,64,Order,Diptera,Diptera,NotDetermined,0,0,0,NA,NA,NA,NA,NA,NA,2,FM,NA,NA,NA   NA   2   NA,NA   NA   FM   NA
STTD_2013-01-18 11:30:00,1/18/2013 11:30,STTD,2013,D,FALSE,CLR,NA,NA,5.4,0.22,427,NA,7.89,12.46,39,10,Regular,930700,930999,299,299,0.918404505,0.918404505,1,NA,NA,Terrestrial Non-Insects,68,Order,Collembola,Collembola,Larvae,0,0,0,NA,NA,NA,NA,NA,NA,2,FM,NA,NA,NA   NA   2   NA,NA   NA   FM   NA
STTD_2013-01-18 11:30:00,1/18/2013 11:30,STTD,2013,D,FALSE,CLR,NA,NA,5.4,0.22,427,NA,7.89,12.46,39,10,Regular,930700,930999,299,299,0.918404505,0.918404505,1,NA,NA,Terrestrial Non-Insects,68,Order,Collembola,Collembola,Pupae,0,0,0,NA,NA,NA,NA,NA,NA,2,FM,NA,NA,NA   NA   2   NA,NA   NA   FM   NA
STTD_2013-01-18 11:30:00,1/18/2013 11:30,STTD,2013,D,FALSE,CLR,NA,NA,5.4,0.22,427,NA,7.89,12.46,39,10,Regular,930700,930999,299,299,0.918404505,0.918404505,1,NA,NA,Terrestrial Non-Insects,68,Order,Collembola,Collembola,Nymphs,0,0,0,NA,NA,NA,NA,NA,NA,2,FM,NA,NA,NA   NA   2   NA,NA   NA   FM   NA
STTD_2013-01-18 11:30:00,1/18/2013 11:30,STTD,2013,D,FALSE,CLR,NA,NA,5.4,0.22,427,NA,7.89,12.46,39,10,Regular,930700,930999,299,299,0.918404505,0.918404505,1,NA,NA,Terrestrial Non-Insects,68,Order,Collembola,Collembola,Emergents,0,0,0,NA,NA,NA,NA,NA,NA,2,FM,NA,NA,NA   NA   2   NA,NA   NA   FM   NA
STTD_2013-01-18 11:30:00,1/18/2013 11:30,STTD,2013,D,FALSE,CLR,NA,NA,5.4,0.22,427,NA,7.89,12.46,39,10,Regular,930700,930999,299,299,0.918404505,0.918404505,1,NA,NA,Terrestrial Non-Insects,68,Order,Collembola,Collembola,Adults,0,0,0,NA,NA,NA,NA,NA,NA,2,FM,NA,NA,NA   NA   2   NA,NA   NA   FM   NA
STTD_2013-01-18 11:30:00,1/18/2013 11:30,STTD,2013,D,FALSE,CLR,NA,NA,5.4,0.22,427,NA,7.89,12.46,39,10,Regular,930700,930999,299,299,0.918404505,0.918404505,1,NA,NA,Terrestrial Non-Insects,68,Order,Collembola,Collembola,NotDetermined,48,52.265,52.265,NA,NA,NA,NA,NA,NA,2,FM,NA,NA,NA   NA   2   NA,NA   NA   FM   NA
STTD_2013-01-18 11:30:00,1/18/2013 11:30,STTD,2013,D,FALSE,CLR,NA,NA,5.4,0.22,427,NA,7.89,12.46,39,10,Regular,930700,930999,299,299,0.918404505,0.918404505,1,NA,NA,Terrestrial Insects,66,Order,Hymenoptera,Hymenoptera,Larvae,0,0,0,NA,NA,NA,NA,NA,NA,2,FM,NA,NA,NA   NA   2   NA,NA   NA   FM   NA
STTD_2013-01-18 11:30:00,1/18/2013 11:30,STTD,2013,D,FALSE,CLR,NA,NA,5.4,0.22,427,NA,7.89,12.46,39,10,Regular,930700,930999,299,299,0.918404505,0.918404505,1,NA,NA,Terrestrial Insects,66,Order,Hymenoptera,Hymenoptera,Pupae,0,0,0,NA,NA,NA,NA,NA,NA,2,FM,NA,NA,NA   NA   2   NA,NA   NA   FM   NA
STTD_2013-01-18 11:30:00,1/18/2013 11:30,STTD,2013,D,FALSE,CLR,NA,NA,5.4,0.22,427,NA,7.89,12.46,39,10,Regular,930700,930999,299,299,0.918404505,0.918404505,1,NA,NA,Terrestrial Insects,66,Order,Hymenoptera,Hymenoptera,Nymphs,0,0,0,NA,NA,NA,NA,NA,NA,2,FM,NA,NA,NA   NA   2   NA,NA   NA   FM   NA
STTD_2013-01-18 11:30:00,1/18/2013 11:30,STTD,2013,D,FALSE,CLR,NA,NA,5.4,0.22,427,NA,7.89,12.46,39,10,Regular,930700,930999,299,299,0.918404505,0.918404505,1,NA,NA,Terrestrial Insects,66,Order,Hymenoptera,Hymenoptera,Emergents,0,0,0,NA,NA,NA,NA,NA,NA,2,FM,NA,NA,NA   NA   2   NA,NA   NA   FM   NA
STTD_2013-01-18 11:30:00,1/18/2013 11:30,STTD,2013,D,FALSE,CLR,NA,NA,5.4,0.22,427,NA,7.89,12.46,39,10,Regular,930700,930999,299,299,0.918404505,0.918404505,1,NA,NA,Terrestrial Insects,66,Order,Hymenoptera,Hymenoptera,Adults,7,7.622,7.622,NA,NA,NA,NA,NA,NA,2,FM,NA,NA,NA   NA   2   NA,NA   NA   FM   NA
STTD_2013-01-18 11:30:00,1/18/2013 11:30,STTD,2013,D,FALSE,CLR,NA,NA,5.4,0.22,427,NA,7.89,12.46,39,10,Regular,930700,930999,299,299,0.918404505,0.918404505,1,NA,NA,Terrestrial Insects,66,Order,Hymenoptera,Hymenoptera,NotDetermined,0,0,0,NA,NA,NA,NA,NA,NA,2,FM,NA,NA,NA   NA   2   NA,NA   NA   FM   NA
STTD_2013-01-18 11:30:00,1/18/2013 11:30,STTD,2013,D,FALSE,CLR,NA,NA,5.4,0.22,427,NA,7.89,12.46,39,10,Regular,930700,930999,299,299,0.918404505,0.918404505,1,NA,NA,Terrestrial Non-Insects,126,Class,Gastropoda,Gastropoda,Larvae,0,0,0,NA,NA,NA,NA,NA,NA,2,FM,NA,NA,NA   NA   2   NA,NA   NA   FM   NA
STTD_2013-01-18 11:30:00,1/18/2013 11:30,STTD,2013,D,FALSE,CLR,NA,NA,5.4,0.22,427,NA,7.89,12.46,39,10,Regular,930700,930999,299,299,0.918404505,0.918404505,1,NA,NA,Terrestrial Non-Insects,126,Class,Gastropoda,Gastropoda,Pupae,0,0,0,NA,NA,NA,NA,NA,NA,2,FM,NA,NA,NA   NA   2   NA,NA   NA   FM   NA
STTD_2013-01-18 11:30:00,1/18/2013 11:30,STTD,2013,D,FALSE,CLR,NA,NA,5.4,0.22,427,NA,7.89,12.46,39,10,Regular,930700,930999,299,299,0.918404505,0.918404505,1,NA,NA,Terrestrial Non-Insects,126,Class,Gastropoda,Gastropoda,Nymphs,0,0,0,NA,NA,NA,NA,NA,NA,2,FM,NA,NA,NA   NA   2   NA,NA   NA   FM   NA
STTD_2013-01-18 11:30:00,1/18/2013 11:30,STTD,2013,D,FALSE,CLR,NA,NA,5.4,0.22,427,NA,7.89,12.46,39,10,Regular,930700,930999,299,299,0.918404505,0.918404505,1,NA,NA,Terrestrial Non-Insects,126,Class,Gastropoda,Gastropoda,Emergents,0,0,0,NA,NA,NA,NA,NA,NA,2,FM,NA,NA,NA   NA   2   NA,NA   NA   FM   NA
STTD_2013-01-18 11:30:00,1/18/2013 11:30,STTD,2013,D,FALSE,CLR,NA,NA,5.4,0.22,427,NA,7.89,12.46,39,10,Regular,930700,930999,299,299,0.918404505,0.918404505,1,NA,NA,Terrestrial Non-Insects,126,Class,Gastropoda,Gastropoda,Adults,0,0,0,NA,NA,NA,NA,NA,NA,2,FM,NA,NA,NA   NA   2   NA,NA   NA   FM   NA
STTD_2013-01-18 11:30:00,1/18/2013 11:30,STTD,2013,D,FALSE,CLR,NA,NA,5.4,0.22,427,NA,7.89,12.46,39,10,Regular,930700,930999,299,299,0.918404505,0.918404505,1,NA,NA,Terrestrial Non-Insects,126,Class,Gastropoda,Gastropoda,NotDetermined,2,2.178,2.178,NA,NA,NA,NA,NA,NA,2,FM,NA,NA,NA   NA   2   NA,NA   NA   FM   NA
STTD_2013-01-18 11:30:00,1/18/2013 11:30,STTD,2013,D,FALSE,CLR,NA,NA,5.4,0.22,427,NA,7.89,12.46,39,10,Regular,930700,930999,299,299,0.918404505,0.918404505,1,NA,NA,Terrestrial Non-Insects,57,Subclass,Acari,Acari,Larvae,0,0,0,NA,NA,NA,NA,NA,NA,2,FM,NA,NA,NA   NA   2   NA,NA   NA   FM   NA
STTD_2013-01-18 11:30:00,1/18/2013 11:30,STTD,2013,D,FALSE,CLR,NA,NA,5.4,0.22,427,NA,7.89,12.46,39,10,Regular,930700,930999,299,299,0.918404505,0.918404505,1,NA,NA,Terrestrial Non-Insects,57,Subclass,Acari,Acari,Pupae,0,0,0,NA,NA,NA,NA,NA,NA,2,FM,NA,NA,NA   NA   2   NA,NA   NA   FM   NA
STTD_2013-01-18 11:30:00,1/18/2013 11:30,STTD,2013,D,FALSE,CLR,NA,NA,5.4,0.22,427,NA,7.89,12.46,39,10,Regular,930700,930999,299,299,0.918404505,0.918404505,1,NA,NA,Terrestrial Non-Insects,57,Subclass,Acari,Acari,Nymphs,0,0,0,NA,NA,NA,NA,NA,NA,2,FM,NA,NA,NA   NA   2   NA,NA   NA   FM   NA
STTD_2013-01-18 11:30:00,1/18/2013 11:30,STTD,2013,D,FALSE,CLR,NA,NA,5.4,0.22,427,NA,7.89,12.46,39,10,Regular,930700,930999,299,299,0.918404505,0.918404505,1,NA,NA,Terrestrial Non-Insects,57,Subclass,Acari,Acari,Emergents,0,0,0,NA,NA,NA,NA,NA,NA,2,FM,NA,NA,NA   NA   2   NA,NA   NA   FM   NA
STTD_2013-01-18 11:30:00,1/18/2013 11:30,STTD,2013,D,FALSE,CLR,NA,NA,5.4,0.22,427,NA,7.89,12.46,39,10,Regular,930700,930999,299,299,0.918404505,0.918404505,1,NA,NA,Terrestrial Non-Insects,57,Subclass,Acari,Acari,Adults,0,0,0,NA,NA,NA,NA,NA,NA,2,FM,NA,NA,NA   NA   2   NA,NA   NA   FM   NA
STTD_2013-01-18 11:30:00,1/18/2013 11:30,STTD,2013,D,FALSE,CLR,NA,NA,5.4,0.22,427,NA,7.89,12.46,39,10,Regular,930700,930999,299,299,0.918404505,0.918404505,1,NA,NA,Terrestrial Non-Insects,57,Subclass,Acari,Acari,NotDetermined,2,2.178,2.178,NA,NA,NA,NA,NA,NA,2,FM,NA,NA,NA   NA   2   NA,NA   NA   FM   NA
STTD_2013-01-18 11:30:00,1/18/2013 11:30,STTD,2013,D,FALSE,CLR,NA,NA,5.4,0.22,427,NA,7.89,12.46,39,10,Regular,930700,930999,299,299,0.918404505,0.918404505,1,NA,NA,Terrestrial Non-Insects,58,Suborder,Araneida,Araneida,Larvae,0,0,0,NA,NA,NA,NA,NA,NA,2,FM,NA,NA,NA   NA   2   NA,NA   NA   FM   NA
STTD_2013-01-18 11:30:00,1/18/2013 11:30,STTD,2013,D,FALSE,CLR,NA,NA,5.4,0.22,427,NA,7.89,12.46,39,10,Regular,930700,930999,299,299,0.918404505,0.918404505,1,NA,NA,Terrestrial Non-Insects,58,Suborder,Araneida,Araneida,Pupae,0,0,0,NA,NA,NA,NA,NA,NA,2,FM,NA,NA,NA   NA   2   NA,NA   NA   FM   NA
STTD_2013-01-18 11:30:00,1/18/2013 11:30,STTD,2013,D,FALSE,CLR,NA,NA,5.4,0.22,427,NA,7.89,12.46,39,10,Regular,930700,930999,299,299,0.918404505,0.918404505,1,NA,NA,Terrestrial Non-Insects,58,Suborder,Araneida,Araneida,Nymphs,0,0,0,NA,NA,NA,NA,NA,NA,2,FM,NA,NA,NA   NA   2   NA,NA   NA   FM   NA
STTD_2013-01-18 11:30:00,1/18/2013 11:30,STTD,2013,D,FALSE,CLR,NA,NA,5.4,0.22,427,NA,7.89,12.46,39,10,Regular,930700,930999,299,299,0.918404505,0.918404505,1,NA,NA,Terrestrial Non-Insects,58,Suborder,Araneida,Araneida,Emergents,0,0,0,NA,NA,NA,NA,NA,NA,2,FM,NA,NA,NA   NA   2   NA,NA   NA   FM   NA
STTD_2013-01-18 11:30:00,1/18/2013 11:30,STTD,2013,D,FALSE,CLR,NA,NA,5.4,0.22,427,NA,7.89,12.46,39,10,Regular,930700,930999,299,299,0.918404505,0.918404505,1,NA,NA,Terrestrial Non-Insects,58,Suborder,Araneida,Araneida,Adults,0,0,0,NA,NA,NA,NA,NA,NA,2,FM,NA,NA,NA   NA   2   NA,NA   NA   FM   NA
STTD_2013-01-18 11:30:00,1/18/2013 11:30,STTD,2013,D,FALSE,CLR,NA,NA,5.4,0.22,427,NA,7.89,12.46,39,10,Regular,930700,930999,299,299,0.918404505,0.918404505,1,NA,NA,Terrestrial Non-Insects,58,Suborder,Araneida,Araneida,NotDetermined,3,3.267,3.267,NA,NA,NA,NA,NA,NA,2,FM,NA,NA,NA   NA   2   NA,NA   NA   FM   NA
SHR_2013-01-24 08:25:00,1/24/2013 8:25,SHR,2013,D,FALSE,CLD,NA,NA,8.2,0.81,119,NA,7.88,12.32,14.7,10,Regular,930000,930415,415,415,1.274708593,1.274708593,1,NA,NA,Aquatic Non-Insects,118,Class,Ostracoda,Ostracod,Larvae,0,0,0,NA,NA,NA,NA,NA,NA,2,FM,NA,NA,NA   NA   2   NA,NA   NA   FM   NA
SHR_2013-01-24 08:25:00,1/24/2013 8:25,SHR,2013,D,FALSE,CLD,NA,NA,8.2,0.81,119,NA,7.88,12.32,14.7,10,Regular,930000,930415,415,415,1.274708593,1.274708593,1,NA,NA,Aquatic Non-Insects,118,Class,Ostracoda,Ostracod,Pupae,0,0,0,NA,NA,NA,NA,NA,NA,2,FM,NA,NA,NA   NA   2   NA,NA   NA   FM   NA
SHR_2013-01-24 08:25:00,1/24/2013 8:25,SHR,2013,D,FALSE,CLD,NA,NA,8.2,0.81,119,NA,7.88,12.32,14.7,10,Regular,930000,930415,415,415,1.274708593,1.274708593,1,NA,NA,Aquatic Non-Insects,118,Class,Ostracoda,Ostracod,Nymphs,0,0,0,NA,NA,NA,NA,NA,NA,2,FM,NA,NA,NA   NA   2   NA,NA   NA   FM   NA
SHR_2013-01-24 08:25:00,1/24/2013 8:25,SHR,2013,D,FALSE,CLD,NA,NA,8.2,0.81,119,NA,7.88,12.32,14.7,10,Regular,930000,930415,415,415,1.274708593,1.274708593,1,NA,NA,Aquatic Non-Insects,118,Class,Ostracoda,Ostracod,Emergents,0,0,0,NA,NA,NA,NA,NA,NA,2,FM,NA,NA,NA   NA   2   NA,NA   NA   FM   NA
SHR_2013-01-24 08:25:00,1/24/2013 8:25,SHR,2013,D,FALSE,CLD,NA,NA,8.2,0.81,119,NA,7.88,12.32,14.7,10,Regular,930000,930415,415,415,1.274708593,1.274708593,1,NA,NA,Aquatic Non-Insects,118,Class,Ostracoda,Ostracod,Adults,0,0,0,NA,NA,NA,NA,NA,NA,2,FM,NA,NA,NA   NA   2   NA,NA   NA   FM   NA
SHR_2013-01-24 08:25:00,1/24/2013 8:25,SHR,2013,D,FALSE,CLD,NA,NA,8.2,0.81,119,NA,7.88,12.32,14.7,10,Regular,930000,930415,415,415,1.274708593,1.274708593,1,NA,NA,Aquatic Non-Insects,118,Class,Ostracoda,Ostracod,NotDetermined,1,0.784,0.784,NA,NA,NA,NA,NA,NA,2,FM,NA,NA,NA   NA   2   NA,NA   NA   FM   NA
STTD_2013-01-24 10:15:00,1/24/2013 10:15,STTD,2013,D,FALSE,CLD,NA,NA,8.3,0.29,540,NA,7.92,11,34.9,10,Regular,930500,930523,23,7000,0.0706465,21.5011088,1,NA,NA,Aquatic Insects,44,Family,Corixidae,Corixidae,Larvae,3,42.465,0.14,NA,NA,NA,NA,NA,NA,3,FM,NA,NA,NA   NA   3   NA,NA   NA   FM   NA
STTD_2013-01-24 10:15:00,1/24/2013 10:15,STTD,2013,D,FALSE,CLD,NA,NA,8.3,0.29,540,NA,7.92,11,34.9,10,Regular,930500,930523,23,7000,0.0706465,21.5011088,1,NA,NA,Aquatic Insects,44,Family,Corixidae,Corixidae,Pupae,0,0,0,NA,NA,NA,NA,NA,NA,3,FM,NA,NA,NA   NA   3   NA,NA   NA   FM   NA
STTD_2013-01-24 10:15:00,1/24/2013 10:15,STTD,2013,D,FALSE,CLD,NA,NA,8.3,0.29,540,NA,7.92,11,34.9,10,Regular,930500,930523,23,7000,0.0706465,21.5011088,1,NA,NA,Aquatic Insects,44,Family,Corixidae,Corixidae,Nymphs,0,0,0,NA,NA,NA,NA,NA,NA,3,FM,NA,NA,NA   NA   3   NA,NA   NA   FM   NA
STTD_2013-01-24 10:15:00,1/24/2013 10:15,STTD,2013,D,FALSE,CLD,NA,NA,8.3,0.29,540,NA,7.92,11,34.9,10,Regular,930500,930523,23,7000,0.0706465,21.5011088,1,NA,NA,Aquatic Insects,44,Family,Corixidae,Corixidae,Emergents,0,0,0,NA,NA,NA,NA,NA,NA,3,FM,NA,NA,NA   NA   3   NA,NA   NA   FM   NA
STTD_2013-01-24 10:15:00,1/24/2013 10:15,STTD,2013,D,FALSE,CLD,NA,NA,8.3,0.29,540,NA,7.92,11,34.9,10,Regular,930500,930523,23,7000,0.0706465,21.5011088,1,NA,NA,Aquatic Insects,44,Family,Corixidae,Corixidae,Adults,0,0,0,NA,NA,NA,NA,NA,NA,3,FM,NA,NA,NA   NA   3   NA,NA   NA   FM   NA
STTD_2013-01-24 10:15:00,1/24/2013 10:15,STTD,2013,D,FALSE,CLD,NA,NA,8.3,0.29,540,NA,7.92,11,34.9,10,Regular,930500,930523,23,7000,0.0706465,21.5011088,1,NA,NA,Aquatic Insects,44,Family,Corixidae,Corixidae,NotDetermined,0,0,0,NA,NA,NA,NA,NA,NA,3,FM,NA,NA,NA   NA   3   NA,NA   NA   FM   NA
STTD_2013-01-24 10:15:00,1/24/2013 10:15,STTD,2013,D,FALSE,CLD,NA,NA,8.3,0.29,540,NA,7.92,11,34.9,10,Regular,930500,930523,23,7000,0.0706465,21.5011088,1,NA,NA,Aquatic Insects,34,Family,Chironomidae,Chironomidae,Larvae,1,14.155,0.047,NA,NA,NA,NA,NA,NA,3,FM,NA,NA,NA   NA   3   NA,NA   NA   FM   NA
STTD_2013-01-24 10:15:00,1/24/2013 10:15,STTD,2013,D,FALSE,CLD,NA,NA,8.3,0.29,540,NA,7.92,11,34.9,10,Regular,930500,930523,23,7000,0.0706465,21.5011088,1,NA,NA,Aquatic Insects,34,Family,Chironomidae,Chironomidae,Pupae,1,14.155,0.047,NA,NA,NA,NA,NA,NA,3,FM,NA,NA,NA   NA   3   NA,NA   NA   FM   NA
STTD_2013-01-24 10:15:00,1/24/2013 10:15,STTD,2013,D,FALSE,CLD,NA,NA,8.3,0.29,540,NA,7.92,11,34.9,10,Regular,930500,930523,23,7000,0.0706465,21.5011088,1,NA,NA,Aquatic Insects,34,Family,Chironomidae,Chironomidae,Nymphs,0,0,0,NA,NA,NA,NA,NA,NA,3,FM,NA,NA,NA   NA   3   NA,NA   NA   FM   NA
STTD_2013-01-24 10:15:00,1/24/2013 10:15,STTD,2013,D,FALSE,CLD,NA,NA,8.3,0.29,540,NA,7.92,11,34.9,10,Regular,930500,930523,23,7000,0.0706465,21.5011088,1,NA,NA,Aquatic Insects,34,Family,Chironomidae,Chironomidae,Emergents,0,0,0,NA,NA,NA,NA,NA,NA,3,FM,NA,NA,NA   NA   3   NA,NA   NA   FM   NA
STTD_2013-01-24 10:15:00,1/24/2013 10:15,STTD,2013,D,FALSE,CLD,NA,NA,8.3,0.29,540,NA,7.92,11,34.9,10,Regular,930500,930523,23,7000,0.0706465,21.5011088,1,NA,NA,Aquatic Insects,34,Family,Chironomidae,Chironomidae,Adults,1,14.155,0.047,NA,NA,NA,NA,NA,NA,3,FM,NA,NA,NA   NA   3   NA,NA   NA   FM   NA
STTD_2013-01-24 10:15:00,1/24/2013 10:15,STTD,2013,D,FALSE,CLD,NA,NA,8.3,0.29,540,NA,7.92,11,34.9,10,Regular,930500,930523,23,7000,0.0706465,21.5011088,1,NA,NA,Aquatic Insects,34,Family,Chironomidae,Chironomidae,NotDetermined,0,0,0,NA,NA,NA,NA,NA,NA,3,FM,NA,NA,NA   NA   3   NA,NA   NA   FM   NA
STTD_2013-01-24 10:15:00,1/24/2013 10:15,STTD,2013,D,FALSE,CLD,NA,NA,8.3,0.29,540,NA,7.92,11,34.9,10,Regular,930500,930523,23,7000,0.0706465,21.5011088,1,NA,NA,Aquatic Non-Insects,15,Family,Hyalellidae,Hyalellidae,Larvae,0,0,0,NA,NA,NA,NA,NA,NA,3,FM,NA,NA,NA   NA   3   NA,NA   NA   FM   NA
STTD_2013-01-24 10:15:00,1/24/2013 10:15,STTD,2013,D,FALSE,CLD,NA,NA,8.3,0.29,540,NA,7.92,11,34.9,10,Regular,930500,930523,23,7000,0.0706465,21.5011088,1,NA,NA,Aquatic Non-Insects,15,Family,Hyalellidae,Hyalellidae,Pupae,0,0,0,NA,NA,NA,NA,NA,NA,3,FM,NA,NA,NA   NA   3   NA,NA   NA   FM   NA
STTD_2013-01-24 10:15:00,1/24/2013 10:15,STTD,2013,D,FALSE,CLD,NA,NA,8.3,0.29,540,NA,7.92,11,34.9,10,Regular,930500,930523,23,7000,0.0706465,21.5011088,1,NA,NA,Aquatic Non-Insects,15,Family,Hyalellidae,Hyalellidae,Nymphs,0,0,0,NA,NA,NA,NA,NA,NA,3,FM,NA,NA,NA   NA   3   NA,NA   NA   FM   NA
STTD_2013-01-24 10:15:00,1/24/2013 10:15,STTD,2013,D,FALSE,CLD,NA,NA,8.3,0.29,540,NA,7.92,11,34.9,10,Regular,930500,930523,23,7000,0.0706465,21.5011088,1,NA,NA,Aquatic Non-Insects,15,Family,Hyalellidae,Hyalellidae,Emergents,0,0,0,NA,NA,NA,NA,NA,NA,3,FM,NA,NA,NA   NA   3   NA,NA   NA   FM   NA
STTD_2013-01-24 10:15:00,1/24/2013 10:15,STTD,2013,D,FALSE,CLD,NA,NA,8.3,0.29,540,NA,7.92,11,34.9,10,Regular,930500,930523,23,7000,0.0706465,21.5011088,1,NA,NA,Aquatic Non-Insects,15,Family,Hyalellidae,Hyalellidae,Adults,0,0,0,NA,NA,NA,NA,NA,NA,3,FM,NA,NA,NA   NA   3   NA,NA   NA   FM   NA
STTD_2013-01-24 10:15:00,1/24/2013 10:15,STTD,2013,D,FALSE,CLD,NA,NA,8.3,0.29,540,NA,7.92,11,34.9,10,Regular,930500,930523,23,7000,0.0706465,21.5011088,1,NA,NA,Aquatic Non-Insects,15,Family,Hyalellidae,Hyalellidae,NotDetermined,1,14.155,0.047,NA,NA,NA,NA,NA,NA,3,FM,NA,NA,NA   NA   3   NA,NA   NA   FM   NA
SHR_2013-01-30 08:25:00,1/30/2013 8:25,SHR,2013,D,FALSE,CLR,NA,NA,9.2,0.39,171,NA,7.65,11.97,49.7,10,Regular,930000,930222,222,222,0.681892308,0.681892308,1,NA,NA,Aquatic Insects,34,Family,Chironomidae,Chironomidae,Larvae,0,0,0,NA,NA,NA,NA,NA,NA,2,FM,NA,NA,NA   NA   2   NA,NA   NA   FM   NA
SHR_2013-01-30 08:25:00,1/30/2013 8:25,SHR,2013,D,FALSE,CLR,NA,NA,9.2,0.39,171,NA,7.65,11.97,49.7,10,Regular,930000,930222,222,222,0.681892308,0.681892308,1,NA,NA,Aquatic Insects,34,Family,Chironomidae,Chironomidae,Pupae,0,0,0,NA,NA,NA,NA,NA,NA,2,FM,NA,NA,NA   NA   2   NA,NA   NA   FM   NA
SHR_2013-01-30 08:25:00,1/30/2013 8:25,SHR,2013,D,FALSE,CLR,NA,NA,9.2,0.39,171,NA,7.65,11.97,49.7,10,Regular,930000,930222,222,222,0.681892308,0.681892308,1,NA,NA,Aquatic Insects,34,Family,Chironomidae,Chironomidae,Nymphs,0,0,0,NA,NA,NA,NA,NA,NA,2,FM,NA,NA,NA   NA   2   NA,NA   NA   FM   NA
SHR_2013-01-30 08:25:00,1/30/2013 8:25,SHR,2013,D,FALSE,CLR,NA,NA,9.2,0.39,171,NA,7.65,11.97,49.7,10,Regular,930000,930222,222,222,0.681892308,0.681892308,1,NA,NA,Aquatic Insects,34,Family,Chironomidae,Chironomidae,Emergents,0,0,0,NA,NA,NA,NA,NA,NA,2,FM,NA,NA,NA   NA   2   NA,NA   NA   FM   NA
SHR_2013-01-30 08:25:00,1/30/2013 8:25,SHR,2013,D,FALSE,CLR,NA,NA,9.2,0.39,171,NA,7.65,11.97,49.7,10,Regular,930000,930222,222,222,0.681892308,0.681892308,1,NA,NA,Aquatic Insects,34,Family,Chironomidae,Chironomidae,Adults,1,1.467,1.467,NA,NA,NA,NA,NA,NA,2,FM,NA,NA,NA   NA   2   NA,NA   NA   FM   NA
SHR_2013-01-30 08:25:00,1/30/2013 8:25,SHR,2013,D,FALSE,CLR,NA,NA,9.2,0.39,171,NA,7.65,11.97,49.7,10,Regular,930000,930222,222,222,0.681892308,0.681892308,1,NA,NA,Aquatic Insects,34,Family,Chironomidae,Chironomidae,NotDetermined,0,0,0,NA,NA,NA,NA,NA,NA,2,FM,NA,NA,NA   NA   2   NA,NA   NA   FM   NA
SHR_2013-01-30 08:25:00,1/30/2013 8:25,SHR,2013,D,FALSE,CLR,NA,NA,9.2,0.39,171,NA,7.65,11.97,49.7,10,Regular,930000,930222,222,222,0.681892308,0.681892308,1,NA,NA,Aquatic Non-Insects,18,Family,Hydridae,Hydridae,Larvae,0,0,0,NA,NA,NA,NA,NA,NA,2,FM,NA,NA,NA   NA   2   NA,NA   NA   FM   NA
SHR_2013-01-30 08:25:00,1/30/2013 8:25,SHR,2013,D,FALSE,CLR,NA,NA,9.2,0.39,171,NA,7.65,11.97,49.7,10,Regular,930000,930222,222,222,0.681892308,0.681892308,1,NA,NA,Aquatic Non-Insects,18,Family,Hydridae,Hydridae,Pupae,0,0,0,NA,NA,NA,NA,NA,NA,2,FM,NA,NA,NA   NA   2   NA,NA   NA   FM   NA
SHR_2013-01-30 08:25:00,1/30/2013 8:25,SHR,2013,D,FALSE,CLR,NA,NA,9.2,0.39,171,NA,7.65,11.97,49.7,10,Regular,930000,930222,222,222,0.681892308,0.681892308,1,NA,NA,Aquatic Non-Insects,18,Family,Hydridae,Hydridae,Nymphs,0,0,0,NA,NA,NA,NA,NA,NA,2,FM,NA,NA,NA   NA   2   NA,NA   NA   FM   NA
SHR_2013-01-30 08:25:00,1/30/2013 8:25,SHR,2013,D,FALSE,CLR,NA,NA,9.2,0.39,171,NA,7.65,11.97,49.7,10,Regular,930000,930222,222,222,0.681892308,0.681892308,1,NA,NA,Aquatic Non-Insects,18,Family,Hydridae,Hydridae,Emergents,0,0,0,NA,NA,NA,NA,NA,NA,2,FM,NA,NA,NA   NA   2   NA,NA   NA   FM   NA
SHR_2013-01-30 08:25:00,1/30/2013 8:25,SHR,2013,D,FALSE,CLR,NA,NA,9.2,0.39,171,NA,7.65,11.97,49.7,10,Regular,930000,930222,222,222,0.681892308,0.681892308,1,NA,NA,Aquatic Non-Insects,18,Family,Hydridae,Hydridae,Adults,0,0,0,NA,NA,NA,NA,NA,NA,2,FM,NA,NA,NA   NA   2   NA,NA   NA   FM   NA
SHR_2013-01-30 08:25:00,1/30/2013 8:25,SHR,2013,D,FALSE,CLR,NA,NA,9.2,0.39,171,NA,7.65,11.97,49.7,10,Regular,930000,930222,222,222,0.681892308,0.681892308,1,NA,NA,Aquatic Non-Insects,18,Family,Hydridae,Hydridae,NotDetermined,2,2.933,2.933,NA,NA,NA,NA,NA,NA,2,FM,NA,NA,NA   NA   2   NA,NA   NA   FM   NA
STTD_2013-01-30 10:13:00,1/30/2013 10:13,STTD,2013,D,FALSE,CLR,NA,NA,10.4,0.16,790,NA,7.91,9.43,62,10,Regular,930000,931999,1999,1999,6.140102356,6.140102356,1,NA,NA,Aquatic Insects,44,Family,Corixidae,Corixidae,Larvae,11,1.792,1.792,NA,NA,NA,NA,NA,NA,NA,NA,NA,NA,NA   NA   NA   NA,NA   NA   NA   NA
STTD_2013-01-30 10:13:00,1/30/2013 10:13,STTD,2013,D,FALSE,CLR,NA,NA,10.4,0.16,790,NA,7.91,9.43,62,10,Regular,930000,931999,1999,1999,6.140102356,6.140102356,1,NA,NA,Aquatic Insects,44,Family,Corixidae,Corixidae,Pupae,0,0,0,NA,NA,NA,NA,NA,NA,NA,NA,NA,NA,NA   NA   NA   NA,NA   NA   NA   NA
STTD_2013-01-30 10:13:00,1/30/2013 10:13,STTD,2013,D,FALSE,CLR,NA,NA,10.4,0.16,790,NA,7.91,9.43,62,10,Regular,930000,931999,1999,1999,6.140102356,6.140102356,1,NA,NA,Aquatic Insects,44,Family,Corixidae,Corixidae,Nymphs,0,0,0,NA,NA,NA,NA,NA,NA,NA,NA,NA,NA,NA   NA   NA   NA,NA   NA   NA   NA
STTD_2013-01-30 10:13:00,1/30/2013 10:13,STTD,2013,D,FALSE,CLR,NA,NA,10.4,0.16,790,NA,7.91,9.43,62,10,Regular,930000,931999,1999,1999,6.140102356,6.140102356,1,NA,NA,Aquatic Insects,44,Family,Corixidae,Corixidae,Emergents,0,0,0,NA,NA,NA,NA,NA,NA,NA,NA,NA,NA,NA   NA   NA   NA,NA   NA   NA   NA
STTD_2013-01-30 10:13:00,1/30/2013 10:13,STTD,2013,D,FALSE,CLR,NA,NA,10.4,0.16,790,NA,7.91,9.43,62,10,Regular,930000,931999,1999,1999,6.140102356,6.140102356,1,NA,NA,Aquatic Insects,44,Family,Corixidae,Corixidae,Adults,0,0,0,NA,NA,NA,NA,NA,NA,NA,NA,NA,NA,NA   NA   NA   NA,NA   NA   NA   NA
STTD_2013-01-30 10:13:00,1/30/2013 10:13,STTD,2013,D,FALSE,CLR,NA,NA,10.4,0.16,790,NA,7.91,9.43,62,10,Regular,930000,931999,1999,1999,6.140102356,6.140102356,1,NA,NA,Aquatic Insects,44,Family,Corixidae,Corixidae,NotDetermined,0,0,0,NA,NA,NA,NA,NA,NA,NA,NA,NA,NA,NA   NA   NA   NA,NA   NA   NA   NA
STTD_2013-01-30 10:13:00,1/30/2013 10:13,STTD,2013,D,FALSE,CLR,NA,NA,10.4,0.16,790,NA,7.91,9.43,62,10,Regular,930000,931999,1999,1999,6.140102356,6.140102356,1,NA,NA,Aquatic Insects,30,Family,Dytiscidae,Dytiscidae,Larvae,0,0,0,NA,NA,NA,NA,NA,NA,NA,NA,NA,NA,NA   NA   NA   NA,NA   NA   NA   NA
STTD_2013-01-30 10:13:00,1/30/2013 10:13,STTD,2013,D,FALSE,CLR,NA,NA,10.4,0.16,790,NA,7.91,9.43,62,10,Regular,930000,931999,1999,1999,6.140102356,6.140102356,1,NA,NA,Aquatic Insects,30,Family,Dytiscidae,Dytiscidae,Pupae,0,0,0,NA,NA,NA,NA,NA,NA,NA,NA,NA,NA,NA   NA   NA   NA,NA   NA   NA   NA
STTD_2013-01-30 10:13:00,1/30/2013 10:13,STTD,2013,D,FALSE,CLR,NA,NA,10.4,0.16,790,NA,7.91,9.43,62,10,Regular,930000,931999,1999,1999,6.140102356,6.140102356,1,NA,NA,Aquatic Insects,30,Family,Dytiscidae,Dytiscidae,Nymphs,0,0,0,NA,NA,NA,NA,NA,NA,NA,NA,NA,NA,NA   NA   NA   NA,NA   NA   NA   NA
STTD_2013-01-30 10:13:00,1/30/2013 10:13,STTD,2013,D,FALSE,CLR,NA,NA,10.4,0.16,790,NA,7.91,9.43,62,10,Regular,930000,931999,1999,1999,6.140102356,6.140102356,1,NA,NA,Aquatic Insects,30,Family,Dytiscidae,Dytiscidae,Emergents,0,0,0,NA,NA,NA,NA,NA,NA,NA,NA,NA,NA,NA   NA   NA   NA,NA   NA   NA   NA
STTD_2013-01-30 10:13:00,1/30/2013 10:13,STTD,2013,D,FALSE,CLR,NA,NA,10.4,0.16,790,NA,7.91,9.43,62,10,Regular,930000,931999,1999,1999,6.140102356,6.140102356,1,NA,NA,Aquatic Insects,30,Family,Dytiscidae,Dytiscidae,Adults,2,0.326,0.326,NA,NA,NA,NA,NA,NA,NA,NA,NA,NA,NA   NA   NA   NA,NA   NA   NA   NA
STTD_2013-01-30 10:13:00,1/30/2013 10:13,STTD,2013,D,FALSE,CLR,NA,NA,10.4,0.16,790,NA,7.91,9.43,62,10,Regular,930000,931999,1999,1999,6.140102356,6.140102356,1,NA,NA,Aquatic Insects,30,Family,Dytiscidae,Dytiscidae,NotDetermined,0,0,0,NA,NA,NA,NA,NA,NA,NA,NA,NA,NA,NA   NA   NA   NA,NA   NA   NA   NA
STTD_2013-01-30 10:13:00,1/30/2013 10:13,STTD,2013,D,FALSE,CLR,NA,NA,10.4,0.16,790,NA,7.91,9.43,62,10,Regular,930000,931999,1999,1999,6.140102356,6.140102356,1,NA,NA,Aquatic Insects,81,Family,Hydrophilidae,Hydrophilidae,Larvae,0,0,0,NA,NA,NA,NA,NA,NA,NA,NA,NA,NA,NA   NA   NA   NA,NA   NA   NA   NA
STTD_2013-01-30 10:13:00,1/30/2013 10:13,STTD,2013,D,FALSE,CLR,NA,NA,10.4,0.16,790,NA,7.91,9.43,62,10,Regular,930000,931999,1999,1999,6.140102356,6.140102356,1,NA,NA,Aquatic Insects,81,Family,Hydrophilidae,Hydrophilidae,Pupae,0,0,0,NA,NA,NA,NA,NA,NA,NA,NA,NA,NA,NA   NA   NA   NA,NA   NA   NA   NA
STTD_2013-01-30 10:13:00,1/30/2013 10:13,STTD,2013,D,FALSE,CLR,NA,NA,10.4,0.16,790,NA,7.91,9.43,62,10,Regular,930000,931999,1999,1999,6.140102356,6.140102356,1,NA,NA,Aquatic Insects,81,Family,Hydrophilidae,Hydrophilidae,Nymphs,0,0,0,NA,NA,NA,NA,NA,NA,NA,NA,NA,NA,NA   NA   NA   NA,NA   NA   NA   NA
STTD_2013-01-30 10:13:00,1/30/2013 10:13,STTD,2013,D,FALSE,CLR,NA,NA,10.4,0.16,790,NA,7.91,9.43,62,10,Regular,930000,931999,1999,1999,6.140102356,6.140102356,1,NA,NA,Aquatic Insects,81,Family,Hydrophilidae,Hydrophilidae,Emergents,0,0,0,NA,NA,NA,NA,NA,NA,NA,NA,NA,NA,NA   NA   NA   NA,NA   NA   NA   NA
STTD_2013-01-30 10:13:00,1/30/2013 10:13,STTD,2013,D,FALSE,CLR,NA,NA,10.4,0.16,790,NA,7.91,9.43,62,10,Regular,930000,931999,1999,1999,6.140102356,6.140102356,1,NA,NA,Aquatic Insects,81,Family,Hydrophilidae,Hydrophilidae,Adults,1,0.163,0.163,NA,NA,NA,NA,NA,NA,NA,NA,NA,NA,NA   NA   NA   NA,NA   NA   NA   NA
STTD_2013-01-30 10:13:00,1/30/2013 10:13,STTD,2013,D,FALSE,CLR,NA,NA,10.4,0.16,790,NA,7.91,9.43,62,10,Regular,930000,931999,1999,1999,6.140102356,6.140102356,1,NA,NA,Aquatic Insects,81,Family,Hydrophilidae,Hydrophilidae,NotDetermined,0,0,0,NA,NA,NA,NA,NA,NA,NA,NA,NA,NA,NA   NA   NA   NA,NA   NA   NA   NA
STTD_2013-01-30 10:13:00,1/30/2013 10:13,STTD,2013,D,FALSE,CLR,NA,NA,10.4,0.16,790,NA,7.91,9.43,62,10,Regular,930000,931999,1999,1999,6.140102356,6.140102356,1,NA,NA,Aquatic Insects,34,Family,Chironomidae,Chironomidae,Larvae,2,0.326,0.326,NA,NA,NA,NA,NA,NA,NA,NA,NA,NA,NA   NA   NA   NA,NA   NA   NA   NA
STTD_2013-01-30 10:13:00,1/30/2013 10:13,STTD,2013,D,FALSE,CLR,NA,NA,10.4,0.16,790,NA,7.91,9.43,62,10,Regular,930000,931999,1999,1999,6.140102356,6.140102356,1,NA,NA,Aquatic Insects,34,Family,Chironomidae,Chironomidae,Pupae,3,0.489,0.489,NA,NA,NA,NA,NA,NA,NA,NA,NA,NA,NA   NA   NA   NA,NA   NA   NA   NA
STTD_2013-01-30 10:13:00,1/30/2013 10:13,STTD,2013,D,FALSE,CLR,NA,NA,10.4,0.16,790,NA,7.91,9.43,62,10,Regular,930000,931999,1999,1999,6.140102356,6.140102356,1,NA,NA,Aquatic Insects,34,Family,Chironomidae,Chironomidae,Nymphs,0,0,0,NA,NA,NA,NA,NA,NA,NA,NA,NA,NA,NA   NA   NA   NA,NA   NA   NA   NA
STTD_2013-01-30 10:13:00,1/30/2013 10:13,STTD,2013,D,FALSE,CLR,NA,NA,10.4,0.16,790,NA,7.91,9.43,62,10,Regular,930000,931999,1999,1999,6.140102356,6.140102356,1,NA,NA,Aquatic Insects,34,Family,Chironomidae,Chironomidae,Emergents,0,0,0,NA,NA,NA,NA,NA,NA,NA,NA,NA,NA,NA   NA   NA   NA,NA   NA   NA   NA
STTD_2013-01-30 10:13:00,1/30/2013 10:13,STTD,2013,D,FALSE,CLR,NA,NA,10.4,0.16,790,NA,7.91,9.43,62,10,Regular,930000,931999,1999,1999,6.140102356,6.140102356,1,NA,NA,Aquatic Insects,34,Family,Chironomidae,Chironomidae,Adults,21,3.42,3.42,NA,NA,NA,NA,NA,NA,NA,NA,NA,NA,NA   NA   NA   NA,NA   NA   NA   NA
STTD_2013-01-30 10:13:00,1/30/2013 10:13,STTD,2013,D,FALSE,CLR,NA,NA,10.4,0.16,790,NA,7.91,9.43,62,10,Regular,930000,931999,1999,1999,6.140102356,6.140102356,1,NA,NA,Aquatic Insects,34,Family,Chironomidae,Chironomidae,NotDetermined,0,0,0,NA,NA,NA,NA,NA,NA,NA,NA,NA,NA,NA   NA   NA   NA,NA   NA   NA   NA
STTD_2013-01-30 10:13:00,1/30/2013 10:13,STTD,2013,D,FALSE,CLR,NA,NA,10.4,0.16,790,NA,7.91,9.43,62,10,Regular,930000,931999,1999,1999,6.140102356,6.140102356,1,NA,NA,Aquatic Non-Insects,2,Family,Enchytraeidae,Enchytraeidae,Larvae,0,0,0,NA,NA,NA,NA,NA,NA,NA,NA,NA,NA,NA   NA   NA   NA,NA   NA   NA   NA
STTD_2013-01-30 10:13:00,1/30/2013 10:13,STTD,2013,D,FALSE,CLR,NA,NA,10.4,0.16,790,NA,7.91,9.43,62,10,Regular,930000,931999,1999,1999,6.140102356,6.140102356,1,NA,NA,Aquatic Non-Insects,2,Family,Enchytraeidae,Enchytraeidae,Pupae,0,0,0,NA,NA,NA,NA,NA,NA,NA,NA,NA,NA,NA   NA   NA   NA,NA   NA   NA   NA
STTD_2013-01-30 10:13:00,1/30/2013 10:13,STTD,2013,D,FALSE,CLR,NA,NA,10.4,0.16,790,NA,7.91,9.43,62,10,Regular,930000,931999,1999,1999,6.140102356,6.140102356,1,NA,NA,Aquatic Non-Insects,2,Family,Enchytraeidae,Enchytraeidae,Nymphs,0,0,0,NA,NA,NA,NA,NA,NA,NA,NA,NA,NA,NA   NA   NA   NA,NA   NA   NA   NA
STTD_2013-01-30 10:13:00,1/30/2013 10:13,STTD,2013,D,FALSE,CLR,NA,NA,10.4,0.16,790,NA,7.91,9.43,62,10,Regular,930000,931999,1999,1999,6.140102356,6.140102356,1,NA,NA,Aquatic Non-Insects,2,Family,Enchytraeidae,Enchytraeidae,Emergents,0,0,0,NA,NA,NA,NA,NA,NA,NA,NA,NA,NA,NA   NA   NA   NA,NA   NA   NA   NA
STTD_2013-01-30 10:13:00,1/30/2013 10:13,STTD,2013,D,FALSE,CLR,NA,NA,10.4,0.16,790,NA,7.91,9.43,62,10,Regular,930000,931999,1999,1999,6.140102356,6.140102356,1,NA,NA,Aquatic Non-Insects,2,Family,Enchytraeidae,Enchytraeidae,Adults,0,0,0,NA,NA,NA,NA,NA,NA,NA,NA,NA,NA,NA   NA   NA   NA,NA   NA   NA   NA
STTD_2013-01-30 10:13:00,1/30/2013 10:13,STTD,2013,D,FALSE,CLR,NA,NA,10.4,0.16,790,NA,7.91,9.43,62,10,Regular,930000,931999,1999,1999,6.140102356,6.140102356,1,NA,NA,Aquatic Non-Insects,2,Family,Enchytraeidae,Enchytraeidae,NotDetermined,1,0.163,0.163,NA,NA,NA,NA,NA,NA,NA,NA,NA,NA,NA   NA   NA   NA,NA   NA   NA   NA
STTD_2013-01-30 10:13:00,1/30/2013 10:13,STTD,2013,D,FALSE,CLR,NA,NA,10.4,0.16,790,NA,7.91,9.43,62,10,Regular,930000,931999,1999,1999,6.140102356,6.140102356,1,NA,NA,Aquatic Non-Insects,20,Family,Physidae,Physidae,Larvae,0,0,0,NA,NA,NA,NA,NA,NA,NA,NA,NA,NA,NA   NA   NA   NA,NA   NA   NA   NA
STTD_2013-01-30 10:13:00,1/30/2013 10:13,STTD,2013,D,FALSE,CLR,NA,NA,10.4,0.16,790,NA,7.91,9.43,62,10,Regular,930000,931999,1999,1999,6.140102356,6.140102356,1,NA,NA,Aquatic Non-Insects,20,Family,Physidae,Physidae,Pupae,0,0,0,NA,NA,NA,NA,NA,NA,NA,NA,NA,NA,NA   NA   NA   NA,NA   NA   NA   NA
STTD_2013-01-30 10:13:00,1/30/2013 10:13,STTD,2013,D,FALSE,CLR,NA,NA,10.4,0.16,790,NA,7.91,9.43,62,10,Regular,930000,931999,1999,1999,6.140102356,6.140102356,1,NA,NA,Aquatic Non-Insects,20,Family,Physidae,Physidae,Nymphs,0,0,0,NA,NA,NA,NA,NA,NA,NA,NA,NA,NA,NA   NA   NA   NA,NA   NA   NA   NA
STTD_2013-01-30 10:13:00,1/30/2013 10:13,STTD,2013,D,FALSE,CLR,NA,NA,10.4,0.16,790,NA,7.91,9.43,62,10,Regular,930000,931999,1999,1999,6.140102356,6.140102356,1,NA,NA,Aquatic Non-Insects,20,Family,Physidae,Physidae,Emergents,0,0,0,NA,NA,NA,NA,NA,NA,NA,NA,NA,NA,NA   NA   NA   NA,NA   NA   NA   NA
STTD_2013-01-30 10:13:00,1/30/2013 10:13,STTD,2013,D,FALSE,CLR,NA,NA,10.4,0.16,790,NA,7.91,9.43,62,10,Regular,930000,931999,1999,1999,6.140102356,6.140102356,1,NA,NA,Aquatic Non-Insects,20,Family,Physidae,Physidae,Adults,0,0,0,NA,NA,NA,NA,NA,NA,NA,NA,NA,NA,NA   NA   NA   NA,NA   NA   NA   NA
STTD_2013-01-30 10:13:00,1/30/2013 10:13,STTD,2013,D,FALSE,CLR,NA,NA,10.4,0.16,790,NA,7.91,9.43,62,10,Regular,930000,931999,1999,1999,6.140102356,6.140102356,1,NA,NA,Aquatic Non-Insects,20,Family,Physidae,Physidae,NotDetermined,1,0.163,0.163,NA,NA,NA,NA,NA,NA,NA,NA,NA,NA,NA   NA   NA   NA,NA   NA   NA   NA
STTD_2013-01-30 10:13:00,1/30/2013 10:13,STTD,2013,D,FALSE,CLR,NA,NA,10.4,0.16,790,NA,7.91,9.43,62,10,Regular,930000,931999,1999,1999,6.140102356,6.140102356,1,NA,NA,Aquatic Non-Insects,15,Family,Hyalellidae,Hyalellidae,Larvae,0,0,0,NA,NA,NA,NA,NA,NA,NA,NA,NA,NA,NA   NA   NA   NA,NA   NA   NA   NA
STTD_2013-01-30 10:13:00,1/30/2013 10:13,STTD,2013,D,FALSE,CLR,NA,NA,10.4,0.16,790,NA,7.91,9.43,62,10,Regular,930000,931999,1999,1999,6.140102356,6.140102356,1,NA,NA,Aquatic Non-Insects,15,Family,Hyalellidae,Hyalellidae,Pupae,0,0,0,NA,NA,NA,NA,NA,NA,NA,NA,NA,NA,NA   NA   NA   NA,NA   NA   NA   NA
STTD_2013-01-30 10:13:00,1/30/2013 10:13,STTD,2013,D,FALSE,CLR,NA,NA,10.4,0.16,790,NA,7.91,9.43,62,10,Regular,930000,931999,1999,1999,6.140102356,6.140102356,1,NA,NA,Aquatic Non-Insects,15,Family,Hyalellidae,Hyalellidae,Nymphs,0,0,0,NA,NA,NA,NA,NA,NA,NA,NA,NA,NA,NA   NA   NA   NA,NA   NA   NA   NA
STTD_2013-01-30 10:13:00,1/30/2013 10:13,STTD,2013,D,FALSE,CLR,NA,NA,10.4,0.16,790,NA,7.91,9.43,62,10,Regular,930000,931999,1999,1999,6.140102356,6.140102356,1,NA,NA,Aquatic Non-Insects,15,Family,Hyalellidae,Hyalellidae,Emergents,0,0,0,NA,NA,NA,NA,NA,NA,NA,NA,NA,NA,NA   NA   NA   NA,NA   NA   NA   NA
STTD_2013-01-30 10:13:00,1/30/2013 10:13,STTD,2013,D,FALSE,CLR,NA,NA,10.4,0.16,790,NA,7.91,9.43,62,10,Regular,930000,931999,1999,1999,6.140102356,6.140102356,1,NA,NA,Aquatic Non-Insects,15,Family,Hyalellidae,Hyalellidae,Adults,0,0,0,NA,NA,NA,NA,NA,NA,NA,NA,NA,NA,NA   NA   NA   NA,NA   NA   NA   NA
STTD_2013-01-30 10:13:00,1/30/2013 10:13,STTD,2013,D,FALSE,CLR,NA,NA,10.4,0.16,790,NA,7.91,9.43,62,10,Regular,930000,931999,1999,1999,6.140102356,6.140102356,1,NA,NA,Aquatic Non-Insects,15,Family,Hyalellidae,Hyalellidae,NotDetermined,7,1.14,1.14,NA,NA,NA,NA,NA,NA,NA,NA,NA,NA,NA   NA   NA   NA,NA   NA   NA   NA
STTD_2013-01-30 10:13:00,1/30/2013 10:13,STTD,2013,D,FALSE,CLR,NA,NA,10.4,0.16,790,NA,7.91,9.43,62,10,Regular,930000,931999,1999,1999,6.140102356,6.140102356,1,NA,NA,Aquatic Non-Insects,18,Family,Hydridae,Hydridae,Larvae,0,0,0,NA,NA,NA,NA,NA,NA,NA,NA,NA,NA,NA   NA   NA   NA,NA   NA   NA   NA
STTD_2013-01-30 10:13:00,1/30/2013 10:13,STTD,2013,D,FALSE,CLR,NA,NA,10.4,0.16,790,NA,7.91,9.43,62,10,Regular,930000,931999,1999,1999,6.140102356,6.140102356,1,NA,NA,Aquatic Non-Insects,18,Family,Hydridae,Hydridae,Pupae,0,0,0,NA,NA,NA,NA,NA,NA,NA,NA,NA,NA,NA   NA   NA   NA,NA   NA   NA   NA
STTD_2013-01-30 10:13:00,1/30/2013 10:13,STTD,2013,D,FALSE,CLR,NA,NA,10.4,0.16,790,NA,7.91,9.43,62,10,Regular,930000,931999,1999,1999,6.140102356,6.140102356,1,NA,NA,Aquatic Non-Insects,18,Family,Hydridae,Hydridae,Nymphs,0,0,0,NA,NA,NA,NA,NA,NA,NA,NA,NA,NA,NA   NA   NA   NA,NA   NA   NA   NA
STTD_2013-01-30 10:13:00,1/30/2013 10:13,STTD,2013,D,FALSE,CLR,NA,NA,10.4,0.16,790,NA,7.91,9.43,62,10,Regular,930000,931999,1999,1999,6.140102356,6.140102356,1,NA,NA,Aquatic Non-Insects,18,Family,Hydridae,Hydridae,Emergents,0,0,0,NA,NA,NA,NA,NA,NA,NA,NA,NA,NA,NA   NA   NA   NA,NA   NA   NA   NA
STTD_2013-01-30 10:13:00,1/30/2013 10:13,STTD,2013,D,FALSE,CLR,NA,NA,10.4,0.16,790,NA,7.91,9.43,62,10,Regular,930000,931999,1999,1999,6.140102356,6.140102356,1,NA,NA,Aquatic Non-Insects,18,Family,Hydridae,Hydridae,Adults,0,0,0,NA,NA,NA,NA,NA,NA,NA,NA,NA,NA,NA   NA   NA   NA,NA   NA   NA   NA
STTD_2013-01-30 10:13:00,1/30/2013 10:13,STTD,2013,D,FALSE,CLR,NA,NA,10.4,0.16,790,NA,7.91,9.43,62,10,Regular,930000,931999,1999,1999,6.140102356,6.140102356,1,NA,NA,Aquatic Non-Insects,18,Family,Hydridae,Hydridae,NotDetermined,10,1.629,1.629,NA,NA,NA,NA,NA,NA,NA,NA,NA,NA,NA   NA   NA   NA,NA   NA   NA   NA
STTD_2013-01-30 10:13:00,1/30/2013 10:13,STTD,2013,D,FALSE,CLR,NA,NA,10.4,0.16,790,NA,7.91,9.43,62,10,Regular,930000,931999,1999,1999,6.140102356,6.140102356,1,NA,NA,Terrestrial Non-Insects,58,Suborder,Araneida,Araneida,Larvae,0,0,0,NA,NA,NA,NA,NA,NA,NA,NA,NA,NA,NA   NA   NA   NA,NA   NA   NA   NA
STTD_2013-01-30 10:13:00,1/30/2013 10:13,STTD,2013,D,FALSE,CLR,NA,NA,10.4,0.16,790,NA,7.91,9.43,62,10,Regular,930000,931999,1999,1999,6.140102356,6.140102356,1,NA,NA,Terrestrial Non-Insects,58,Suborder,Araneida,Araneida,Pupae,0,0,0,NA,NA,NA,NA,NA,NA,NA,NA,NA,NA,NA   NA   NA   NA,NA   NA   NA   NA
STTD_2013-01-30 10:13:00,1/30/2013 10:13,STTD,2013,D,FALSE,CLR,NA,NA,10.4,0.16,790,NA,7.91,9.43,62,10,Regular,930000,931999,1999,1999,6.140102356,6.140102356,1,NA,NA,Terrestrial Non-Insects,58,Suborder,Araneida,Araneida,Nymphs,0,0,0,NA,NA,NA,NA,NA,NA,NA,NA,NA,NA,NA   NA   NA   NA,NA   NA   NA   NA
STTD_2013-01-30 10:13:00,1/30/2013 10:13,STTD,2013,D,FALSE,CLR,NA,NA,10.4,0.16,790,NA,7.91,9.43,62,10,Regular,930000,931999,1999,1999,6.140102356,6.140102356,1,NA,NA,Terrestrial Non-Insects,58,Suborder,Araneida,Araneida,Emergents,0,0,0,NA,NA,NA,NA,NA,NA,NA,NA,NA,NA,NA   NA   NA   NA,NA   NA   NA   NA
STTD_2013-01-30 10:13:00,1/30/2013 10:13,STTD,2013,D,FALSE,CLR,NA,NA,10.4,0.16,790,NA,7.91,9.43,62,10,Regular,930000,931999,1999,1999,6.140102356,6.140102356,1,NA,NA,Terrestrial Non-Insects,58,Suborder,Araneida,Araneida,Adults,0,0,0,NA,NA,NA,NA,NA,NA,NA,NA,NA,NA,NA   NA   NA   NA,NA   NA   NA   NA
STTD_2013-01-30 10:13:00,1/30/2013 10:13,STTD,2013,D,FALSE,CLR,NA,NA,10.4,0.16,790,NA,7.91,9.43,62,10,Regular,930000,931999,1999,1999,6.140102356,6.140102356,1,NA,NA,Terrestrial Non-Insects,58,Suborder,Araneida,Araneida,NotDetermined,5,0.814,0.814,NA,NA,NA,NA,NA,NA,NA,NA,NA,NA,NA   NA   NA   NA,NA   NA   NA   NA
STTD_2013-01-30 10:13:00,1/30/2013 10:13,STTD,2013,D,FALSE,CLR,NA,NA,10.4,0.16,790,NA,7.91,9.43,62,10,Regular,930000,931999,1999,1999,6.140102356,6.140102356,1,NA,NA,Terrestrial Insects,71,Order,Hemiptera,Hemiptera,Larvae,1,0.163,0.163,NA,NA,NA,NA,NA,NA,NA,NA,NA,NA,NA   NA   NA   NA,NA   NA   NA   NA
STTD_2013-01-30 10:13:00,1/30/2013 10:13,STTD,2013,D,FALSE,CLR,NA,NA,10.4,0.16,790,NA,7.91,9.43,62,10,Regular,930000,931999,1999,1999,6.140102356,6.140102356,1,NA,NA,Terrestrial Insects,71,Order,Hemiptera,Hemiptera,Pupae,0,0,0,NA,NA,NA,NA,NA,NA,NA,NA,NA,NA,NA   NA   NA   NA,NA   NA   NA   NA
STTD_2013-01-30 10:13:00,1/30/2013 10:13,STTD,2013,D,FALSE,CLR,NA,NA,10.4,0.16,790,NA,7.91,9.43,62,10,Regular,930000,931999,1999,1999,6.140102356,6.140102356,1,NA,NA,Terrestrial Insects,71,Order,Hemiptera,Hemiptera,Nymphs,0,0,0,NA,NA,NA,NA,NA,NA,NA,NA,NA,NA,NA   NA   NA   NA,NA   NA   NA   NA
STTD_2013-01-30 10:13:00,1/30/2013 10:13,STTD,2013,D,FALSE,CLR,NA,NA,10.4,0.16,790,NA,7.91,9.43,62,10,Regular,930000,931999,1999,1999,6.140102356,6.140102356,1,NA,NA,Terrestrial Insects,71,Order,Hemiptera,Hemiptera,Emergents,0,0,0,NA,NA,NA,NA,NA,NA,NA,NA,NA,NA,NA   NA   NA   NA,NA   NA   NA   NA
STTD_2013-01-30 10:13:00,1/30/2013 10:13,STTD,2013,D,FALSE,CLR,NA,NA,10.4,0.16,790,NA,7.91,9.43,62,10,Regular,930000,931999,1999,1999,6.140102356,6.140102356,1,NA,NA,Terrestrial Insects,71,Order,Hemiptera,Hemiptera,Adults,0,0,0,NA,NA,NA,NA,NA,NA,NA,NA,NA,NA,NA   NA   NA   NA,NA   NA   NA   NA
STTD_2013-01-30 10:13:00,1/30/2013 10:13,STTD,2013,D,FALSE,CLR,NA,NA,10.4,0.16,790,NA,7.91,9.43,62,10,Regular,930000,931999,1999,1999,6.140102356,6.140102356,1,NA,NA,Terrestrial Insects,71,Order,Hemiptera,Hemiptera,NotDetermined,0,0,0,NA,NA,NA,NA,NA,NA,NA,NA,NA,NA,NA   NA   NA   NA,NA   NA   NA   NA
STTD_2013-01-30 10:13:00,1/30/2013 10:13,STTD,2013,D,FALSE,CLR,NA,NA,10.4,0.16,790,NA,7.91,9.43,62,10,Regular,930000,931999,1999,1999,6.140102356,6.140102356,1,NA,NA,Terrestrial Insects,64,Order,Diptera,Diptera,Larvae,0,0,0,NA,NA,NA,NA,NA,NA,NA,NA,NA,NA,NA   NA   NA   NA,NA   NA   NA   NA
STTD_2013-01-30 10:13:00,1/30/2013 10:13,STTD,2013,D,FALSE,CLR,NA,NA,10.4,0.16,790,NA,7.91,9.43,62,10,Regular,930000,931999,1999,1999,6.140102356,6.140102356,1,NA,NA,Terrestrial Insects,64,Order,Diptera,Diptera,Pupae,0,0,0,NA,NA,NA,NA,NA,NA,NA,NA,NA,NA,NA   NA   NA   NA,NA   NA   NA   NA
STTD_2013-01-30 10:13:00,1/30/2013 10:13,STTD,2013,D,FALSE,CLR,NA,NA,10.4,0.16,790,NA,7.91,9.43,62,10,Regular,930000,931999,1999,1999,6.140102356,6.140102356,1,NA,NA,Terrestrial Insects,64,Order,Diptera,Diptera,Nymphs,0,0,0,NA,NA,NA,NA,NA,NA,NA,NA,NA,NA,NA   NA   NA   NA,NA   NA   NA   NA
STTD_2013-01-30 10:13:00,1/30/2013 10:13,STTD,2013,D,FALSE,CLR,NA,NA,10.4,0.16,790,NA,7.91,9.43,62,10,Regular,930000,931999,1999,1999,6.140102356,6.140102356,1,NA,NA,Terrestrial Insects,64,Order,Diptera,Diptera,Emergents,0,0,0,NA,NA,NA,NA,NA,NA,NA,NA,NA,NA,NA   NA   NA   NA,NA   NA   NA   NA
STTD_2013-01-30 10:13:00,1/30/2013 10:13,STTD,2013,D,FALSE,CLR,NA,NA,10.4,0.16,790,NA,7.91,9.43,62,10,Regular,930000,931999,1999,1999,6.140102356,6.140102356,1,NA,NA,Terrestrial Insects,64,Order,Diptera,Diptera,Adults,1,0.163,0.163,NA,NA,NA,NA,NA,NA,NA,NA,NA,NA,NA   NA   NA   NA,NA   NA   NA   NA
STTD_2013-01-30 10:13:00,1/30/2013 10:13,STTD,2013,D,FALSE,CLR,NA,NA,10.4,0.16,790,NA,7.91,9.43,62,10,Regular,930000,931999,1999,1999,6.140102356,6.140102356,1,NA,NA,Terrestrial Insects,64,Order,Diptera,Diptera,NotDetermined,0,0,0,NA,NA,NA,NA,NA,NA,NA,NA,NA,NA,NA   NA   NA   NA,NA   NA   NA   NA
STTD_2013-01-30 10:13:00,1/30/2013 10:13,STTD,2013,D,FALSE,CLR,NA,NA,10.4,0.16,790,NA,7.91,9.43,62,10,Regular,930000,931999,1999,1999,6.140102356,6.140102356,1,NA,NA,Terrestrial Non-Insects,68,Order,Collembola,Collembola,Larvae,0,0,0,NA,NA,NA,NA,NA,NA,NA,NA,NA,NA,NA   NA   NA   NA,NA   NA   NA   NA
STTD_2013-01-30 10:13:00,1/30/2013 10:13,STTD,2013,D,FALSE,CLR,NA,NA,10.4,0.16,790,NA,7.91,9.43,62,10,Regular,930000,931999,1999,1999,6.140102356,6.140102356,1,NA,NA,Terrestrial Non-Insects,68,Order,Collembola,Collembola,Pupae,0,0,0,NA,NA,NA,NA,NA,NA,NA,NA,NA,NA,NA   NA   NA   NA,NA   NA   NA   NA
STTD_2013-01-30 10:13:00,1/30/2013 10:13,STTD,2013,D,FALSE,CLR,NA,NA,10.4,0.16,790,NA,7.91,9.43,62,10,Regular,930000,931999,1999,1999,6.140102356,6.140102356,1,NA,NA,Terrestrial Non-Insects,68,Order,Collembola,Collembola,Nymphs,0,0,0,NA,NA,NA,NA,NA,NA,NA,NA,NA,NA,NA   NA   NA   NA,NA   NA   NA   NA
STTD_2013-01-30 10:13:00,1/30/2013 10:13,STTD,2013,D,FALSE,CLR,NA,NA,10.4,0.16,790,NA,7.91,9.43,62,10,Regular,930000,931999,1999,1999,6.140102356,6.140102356,1,NA,NA,Terrestrial Non-Insects,68,Order,Collembola,Collembola,Emergents,0,0,0,NA,NA,NA,NA,NA,NA,NA,NA,NA,NA,NA   NA   NA   NA,NA   NA   NA   NA
STTD_2013-01-30 10:13:00,1/30/2013 10:13,STTD,2013,D,FALSE,CLR,NA,NA,10.4,0.16,790,NA,7.91,9.43,62,10,Regular,930000,931999,1999,1999,6.140102356,6.140102356,1,NA,NA,Terrestrial Non-Insects,68,Order,Collembola,Collembola,Adults,0,0,0,NA,NA,NA,NA,NA,NA,NA,NA,NA,NA,NA   NA   NA   NA,NA   NA   NA   NA
STTD_2013-01-30 10:13:00,1/30/2013 10:13,STTD,2013,D,FALSE,CLR,NA,NA,10.4,0.16,790,NA,7.91,9.43,62,10,Regular,930000,931999,1999,1999,6.140102356,6.140102356,1,NA,NA,Terrestrial Non-Insects,68,Order,Collembola,Collembola,NotDetermined,24,3.909,3.909,NA,NA,NA,NA,NA,NA,NA,NA,NA,NA,NA   NA   NA   NA,NA   NA   NA   NA
STTD_2013-01-30 10:13:00,1/30/2013 10:13,STTD,2013,D,FALSE,CLR,NA,NA,10.4,0.16,790,NA,7.91,9.43,62,10,Regular,930000,931999,1999,1999,6.140102356,6.140102356,1,NA,NA,Terrestrial Insects,66,Order,Hymenoptera,Hymenoptera,Larvae,0,0,0,NA,NA,NA,NA,NA,NA,NA,NA,NA,NA,NA   NA   NA   NA,NA   NA   NA   NA
STTD_2013-01-30 10:13:00,1/30/2013 10:13,STTD,2013,D,FALSE,CLR,NA,NA,10.4,0.16,790,NA,7.91,9.43,62,10,Regular,930000,931999,1999,1999,6.140102356,6.140102356,1,NA,NA,Terrestrial Insects,66,Order,Hymenoptera,Hymenoptera,Pupae,0,0,0,NA,NA,NA,NA,NA,NA,NA,NA,NA,NA,NA   NA   NA   NA,NA   NA   NA   NA
STTD_2013-01-30 10:13:00,1/30/2013 10:13,STTD,2013,D,FALSE,CLR,NA,NA,10.4,0.16,790,NA,7.91,9.43,62,10,Regular,930000,931999,1999,1999,6.140102356,6.140102356,1,NA,NA,Terrestrial Insects,66,Order,Hymenoptera,Hymenoptera,Nymphs,0,0,0,NA,NA,NA,NA,NA,NA,NA,NA,NA,NA,NA   NA   NA   NA,NA   NA   NA   NA
STTD_2013-01-30 10:13:00,1/30/2013 10:13,STTD,2013,D,FALSE,CLR,NA,NA,10.4,0.16,790,NA,7.91,9.43,62,10,Regular,930000,931999,1999,1999,6.140102356,6.140102356,1,NA,NA,Terrestrial Insects,66,Order,Hymenoptera,Hymenoptera,Emergents,0,0,0,NA,NA,NA,NA,NA,NA,NA,NA,NA,NA,NA   NA   NA   NA,NA   NA   NA   NA
STTD_2013-01-30 10:13:00,1/30/2013 10:13,STTD,2013,D,FALSE,CLR,NA,NA,10.4,0.16,790,NA,7.91,9.43,62,10,Regular,930000,931999,1999,1999,6.140102356,6.140102356,1,NA,NA,Terrestrial Insects,66,Order,Hymenoptera,Hymenoptera,Adults,1,0.163,0.163,NA,NA,NA,NA,NA,NA,NA,NA,NA,NA,NA   NA   NA   NA,NA   NA   NA   NA
STTD_2013-01-30 10:13:00,1/30/2013 10:13,STTD,2013,D,FALSE,CLR,NA,NA,10.4,0.16,790,NA,7.91,9.43,62,10,Regular,930000,931999,1999,1999,6.140102356,6.140102356,1,NA,NA,Terrestrial Insects,66,Order,Hymenoptera,Hymenoptera,NotDetermined,0,0,0,NA,NA,NA,NA,NA,NA,NA,NA,NA,NA,NA   NA   NA   NA,NA   NA   NA   NA
SHR_2013-02-08 08:26:00,2/8/2013 8:26,SHR,2013,D,FALSE,CLR,NA,NA,9.6,0.58,136,NA,7.24,11.47,17.8,10,Low,0,2157,2157,5280,14.19115015,34.73772498,1,Meter reset - Altered value for volume calculation,NA,Aquatic Non-Insects,18,Family,Hydridae,Hydridae,Larvae,0,0,0,NA,NA,2,FM,NA,NA,NA,NA,NA,NA,2   NA   NA   NA,FM   NA   NA   NA
SHR_2013-02-08 08:26:00,2/8/2013 8:26,SHR,2013,D,FALSE,CLR,NA,NA,9.6,0.58,136,NA,7.24,11.47,17.8,10,Low,0,2157,2157,5280,14.19115015,34.73772498,1,Meter reset - Altered value for volume calculation,NA,Aquatic Non-Insects,18,Family,Hydridae,Hydridae,Pupae,0,0,0,NA,NA,2,FM,NA,NA,NA,NA,NA,NA,2   NA   NA   NA,FM   NA   NA   NA
SHR_2013-02-08 08:26:00,2/8/2013 8:26,SHR,2013,D,FALSE,CLR,NA,NA,9.6,0.58,136,NA,7.24,11.47,17.8,10,Low,0,2157,2157,5280,14.19115015,34.73772498,1,Meter reset - Altered value for volume calculation,NA,Aquatic Non-Insects,18,Family,Hydridae,Hydridae,Nymphs,0,0,0,NA,NA,2,FM,NA,NA,NA,NA,NA,NA,2   NA   NA   NA,FM   NA   NA   NA
SHR_2013-02-08 08:26:00,2/8/2013 8:26,SHR,2013,D,FALSE,CLR,NA,NA,9.6,0.58,136,NA,7.24,11.47,17.8,10,Low,0,2157,2157,5280,14.19115015,34.73772498,1,Meter reset - Altered value for volume calculation,NA,Aquatic Non-Insects,18,Family,Hydridae,Hydridae,Emergents,0,0,0,NA,NA,2,FM,NA,NA,NA,NA,NA,NA,2   NA   NA   NA,FM   NA   NA   NA
SHR_2013-02-08 08:26:00,2/8/2013 8:26,SHR,2013,D,FALSE,CLR,NA,NA,9.6,0.58,136,NA,7.24,11.47,17.8,10,Low,0,2157,2157,5280,14.19115015,34.73772498,1,Meter reset - Altered value for volume calculation,NA,Aquatic Non-Insects,18,Family,Hydridae,Hydridae,Adults,0,0,0,NA,NA,2,FM,NA,NA,NA,NA,NA,NA,2   NA   NA   NA,FM   NA   NA   NA
SHR_2013-02-08 08:26:00,2/8/2013 8:26,SHR,2013,D,FALSE,CLR,NA,NA,9.6,0.58,136,NA,7.24,11.47,17.8,10,Low,0,2157,2157,5280,14.19115015,34.73772498,1,Meter reset - Altered value for volume calculation,NA,Aquatic Non-Insects,18,Family,Hydridae,Hydridae,NotDetermined,3,0.211,0.086,NA,NA,2,FM,NA,NA,NA,NA,NA,NA,2   NA   NA   NA,FM   NA   NA   NA
SHR_2013-02-08 08:26:00,2/8/2013 8:26,SHR,2013,D,FALSE,CLR,NA,NA,9.6,0.58,136,NA,7.24,11.47,17.8,10,Low,0,2157,2157,5280,14.19115015,34.73772498,1,Meter reset - Altered value for volume calculation,NA,Terrestrial Insects,71,Order,Hemiptera,Hemiptera,Larvae,0,0,0,NA,NA,2,FM,NA,NA,NA,NA,NA,NA,2   NA   NA   NA,FM   NA   NA   NA
SHR_2013-02-08 08:26:00,2/8/2013 8:26,SHR,2013,D,FALSE,CLR,NA,NA,9.6,0.58,136,NA,7.24,11.47,17.8,10,Low,0,2157,2157,5280,14.19115015,34.73772498,1,Meter reset - Altered value for volume calculation,NA,Terrestrial Insects,71,Order,Hemiptera,Hemiptera,Pupae,0,0,0,NA,NA,2,FM,NA,NA,NA,NA,NA,NA,2   NA   NA   NA,FM   NA   NA   NA
SHR_2013-02-08 08:26:00,2/8/2013 8:26,SHR,2013,D,FALSE,CLR,NA,NA,9.6,0.58,136,NA,7.24,11.47,17.8,10,Low,0,2157,2157,5280,14.19115015,34.73772498,1,Meter reset - Altered value for volume calculation,NA,Terrestrial Insects,71,Order,Hemiptera,Hemiptera,Nymphs,0,0,0,NA,NA,2,FM,NA,NA,NA,NA,NA,NA,2   NA   NA   NA,FM   NA   NA   NA
SHR_2013-02-08 08:26:00,2/8/2013 8:26,SHR,2013,D,FALSE,CLR,NA,NA,9.6,0.58,136,NA,7.24,11.47,17.8,10,Low,0,2157,2157,5280,14.19115015,34.73772498,1,Meter reset - Altered value for volume calculation,NA,Terrestrial Insects,71,Order,Hemiptera,Hemiptera,Emergents,0,0,0,NA,NA,2,FM,NA,NA,NA,NA,NA,NA,2   NA   NA   NA,FM   NA   NA   NA
SHR_2013-02-08 08:26:00,2/8/2013 8:26,SHR,2013,D,FALSE,CLR,NA,NA,9.6,0.58,136,NA,7.24,11.47,17.8,10,Low,0,2157,2157,5280,14.19115015,34.73772498,1,Meter reset - Altered value for volume calculation,NA,Terrestrial Insects,71,Order,Hemiptera,Hemiptera,Adults,1,0.07,0.029,NA,NA,2,FM,NA,NA,NA,NA,NA,NA,2   NA   NA   NA,FM   NA   NA   NA
SHR_2013-02-08 08:26:00,2/8/2013 8:26,SHR,2013,D,FALSE,CLR,NA,NA,9.6,0.58,136,NA,7.24,11.47,17.8,10,Low,0,2157,2157,5280,14.19115015,34.73772498,1,Meter reset - Altered value for volume calculation,NA,Terrestrial Insects,71,Order,Hemiptera,Hemiptera,NotDetermined,0,0,0,NA,NA,2,FM,NA,NA,NA,NA,NA,NA,2   NA   NA   NA,FM   NA   NA   NA
STTD_2013-02-08 11:00:00,2/8/2013 11:00,STTD,2013,D,FALSE,CLR,NA,NA,10.7,0.24,627,NA,7.62,9.24,91,10,Low,929384,929900,516,516,3.394823123,3.394823123,1,"Really low flow, near bottom of tide",NA,Aquatic Insects,34,Family,Chironomidae,Chironomidae,Larvae,1,0.295,0.295,NA,NA,2,SAMP,NA,NA,2,FM,NA,NA,2   NA   2   NA,SAMP   NA   FM   NA
STTD_2013-02-08 11:00:00,2/8/2013 11:00,STTD,2013,D,FALSE,CLR,NA,NA,10.7,0.24,627,NA,7.62,9.24,91,10,Low,929384,929900,516,516,3.394823123,3.394823123,1,"Really low flow, near bottom of tide",NA,Aquatic Insects,34,Family,Chironomidae,Chironomidae,Pupae,1,0.295,0.295,NA,NA,2,SAMP,NA,NA,2,FM,NA,NA,2   NA   2   NA,SAMP   NA   FM   NA
STTD_2013-02-08 11:00:00,2/8/2013 11:00,STTD,2013,D,FALSE,CLR,NA,NA,10.7,0.24,627,NA,7.62,9.24,91,10,Low,929384,929900,516,516,3.394823123,3.394823123,1,"Really low flow, near bottom of tide",NA,Aquatic Insects,34,Family,Chironomidae,Chironomidae,Nymphs,0,0,0,NA,NA,2,SAMP,NA,NA,2,FM,NA,NA,2   NA   2   NA,SAMP   NA   FM   NA
STTD_2013-02-08 11:00:00,2/8/2013 11:00,STTD,2013,D,FALSE,CLR,NA,NA,10.7,0.24,627,NA,7.62,9.24,91,10,Low,929384,929900,516,516,3.394823123,3.394823123,1,"Really low flow, near bottom of tide",NA,Aquatic Insects,34,Family,Chironomidae,Chironomidae,Emergents,0,0,0,NA,NA,2,SAMP,NA,NA,2,FM,NA,NA,2   NA   2   NA,SAMP   NA   FM   NA
STTD_2013-02-08 11:00:00,2/8/2013 11:00,STTD,2013,D,FALSE,CLR,NA,NA,10.7,0.24,627,NA,7.62,9.24,91,10,Low,929384,929900,516,516,3.394823123,3.394823123,1,"Really low flow, near bottom of tide",NA,Aquatic Insects,34,Family,Chironomidae,Chironomidae,Adults,0,0,0,NA,NA,2,SAMP,NA,NA,2,FM,NA,NA,2   NA   2   NA,SAMP   NA   FM   NA
STTD_2013-02-08 11:00:00,2/8/2013 11:00,STTD,2013,D,FALSE,CLR,NA,NA,10.7,0.24,627,NA,7.62,9.24,91,10,Low,929384,929900,516,516,3.394823123,3.394823123,1,"Really low flow, near bottom of tide",NA,Aquatic Insects,34,Family,Chironomidae,Chironomidae,NotDetermined,0,0,0,NA,NA,2,SAMP,NA,NA,2,FM,NA,NA,2   NA   2   NA,SAMP   NA   FM   NA
SHR_2013-02-13 08:12:00,2/13/2013 8:12,SHR,2013,D,FALSE,CLR,NA,NA,9.4,0.66,124,NA,7.44,11.89,15.4,10,Low,927333,929000,1667,1667,10.967384,10.967384,1,NA,NA,Aquatic Non-Insects,18,Family,Hydridae,Hydridae,Larvae,0,0,0,3,TURB,NA,NA,NA,NA,NA,NA,NA,NA,NA   NA   NA   NA,NA   NA   NA   NA
SHR_2013-02-13 08:12:00,2/13/2013 8:12,SHR,2013,D,FALSE,CLR,NA,NA,9.4,0.66,124,NA,7.44,11.89,15.4,10,Low,927333,929000,1667,1667,10.967384,10.967384,1,NA,NA,Aquatic Non-Insects,18,Family,Hydridae,Hydridae,Pupae,0,0,0,3,TURB,NA,NA,NA,NA,NA,NA,NA,NA,NA   NA   NA   NA,NA   NA   NA   NA
SHR_2013-02-13 08:12:00,2/13/2013 8:12,SHR,2013,D,FALSE,CLR,NA,NA,9.4,0.66,124,NA,7.44,11.89,15.4,10,Low,927333,929000,1667,1667,10.967384,10.967384,1,NA,NA,Aquatic Non-Insects,18,Family,Hydridae,Hydridae,Nymphs,0,0,0,3,TURB,NA,NA,NA,NA,NA,NA,NA,NA,NA   NA   NA   NA,NA   NA   NA   NA
SHR_2013-02-13 08:12:00,2/13/2013 8:12,SHR,2013,D,FALSE,CLR,NA,NA,9.4,0.66,124,NA,7.44,11.89,15.4,10,Low,927333,929000,1667,1667,10.967384,10.967384,1,NA,NA,Aquatic Non-Insects,18,Family,Hydridae,Hydridae,Emergents,0,0,0,3,TURB,NA,NA,NA,NA,NA,NA,NA,NA,NA   NA   NA   NA,NA   NA   NA   NA
SHR_2013-02-13 08:12:00,2/13/2013 8:12,SHR,2013,D,FALSE,CLR,NA,NA,9.4,0.66,124,NA,7.44,11.89,15.4,10,Low,927333,929000,1667,1667,10.967384,10.967384,1,NA,NA,Aquatic Non-Insects,18,Family,Hydridae,Hydridae,Adults,0,0,0,3,TURB,NA,NA,NA,NA,NA,NA,NA,NA,NA   NA   NA   NA,NA   NA   NA   NA
SHR_2013-02-13 08:12:00,2/13/2013 8:12,SHR,2013,D,FALSE,CLR,NA,NA,9.4,0.66,124,NA,7.44,11.89,15.4,10,Low,927333,929000,1667,1667,10.967384,10.967384,1,NA,NA,Aquatic Non-Insects,18,Family,Hydridae,Hydridae,NotDetermined,1,0.091,0.091,3,TURB,NA,NA,NA,NA,NA,NA,NA,NA,NA   NA   NA   NA,NA   NA   NA   NA
SHR_2013-02-13 08:12:00,2/13/2013 8:12,SHR,2013,D,FALSE,CLR,NA,NA,9.4,0.66,124,NA,7.44,11.89,15.4,10,Low,927333,929000,1667,1667,10.967384,10.967384,1,NA,NA,Terrestrial Insects,66,Order,Hymenoptera,Hymenoptera,Larvae,0,0,0,3,TURB,NA,NA,NA,NA,NA,NA,NA,NA,NA   NA   NA   NA,NA   NA   NA   NA
SHR_2013-02-13 08:12:00,2/13/2013 8:12,SHR,2013,D,FALSE,CLR,NA,NA,9.4,0.66,124,NA,7.44,11.89,15.4,10,Low,927333,929000,1667,1667,10.967384,10.967384,1,NA,NA,Terrestrial Insects,66,Order,Hymenoptera,Hymenoptera,Pupae,0,0,0,3,TURB,NA,NA,NA,NA,NA,NA,NA,NA,NA   NA   NA   NA,NA   NA   NA   NA
SHR_2013-02-13 08:12:00,2/13/2013 8:12,SHR,2013,D,FALSE,CLR,NA,NA,9.4,0.66,124,NA,7.44,11.89,15.4,10,Low,927333,929000,1667,1667,10.967384,10.967384,1,NA,NA,Terrestrial Insects,66,Order,Hymenoptera,Hymenoptera,Nymphs,0,0,0,3,TURB,NA,NA,NA,NA,NA,NA,NA,NA,NA   NA   NA   NA,NA   NA   NA   NA
SHR_2013-02-13 08:12:00,2/13/2013 8:12,SHR,2013,D,FALSE,CLR,NA,NA,9.4,0.66,124,NA,7.44,11.89,15.4,10,Low,927333,929000,1667,1667,10.967384,10.967384,1,NA,NA,Terrestrial Insects,66,Order,Hymenoptera,Hymenoptera,Emergents,0,0,0,3,TURB,NA,NA,NA,NA,NA,NA,NA,NA,NA   NA   NA   NA,NA   NA   NA   NA
SHR_2013-02-13 08:12:00,2/13/2013 8:12,SHR,2013,D,FALSE,CLR,NA,NA,9.4,0.66,124,NA,7.44,11.89,15.4,10,Low,927333,929000,1667,1667,10.967384,10.967384,1,NA,NA,Terrestrial Insects,66,Order,Hymenoptera,Hymenoptera,Adults,1,0.091,0.091,3,TURB,NA,NA,NA,NA,NA,NA,NA,NA,NA   NA   NA   NA,NA   NA   NA   NA
SHR_2013-02-13 08:12:00,2/13/2013 8:12,SHR,2013,D,FALSE,CLR,NA,NA,9.4,0.66,124,NA,7.44,11.89,15.4,10,Low,927333,929000,1667,1667,10.967384,10.967384,1,NA,NA,Terrestrial Insects,66,Order,Hymenoptera,Hymenoptera,NotDetermined,0,0,0,3,TURB,NA,NA,NA,NA,NA,NA,NA,NA,NA   NA   NA   NA,NA   NA   NA   NA
STTD_2013-02-13 09:55:00,2/13/2013 9:55,STTD,2013,D,FALSE,CLR,NA,NA,10.2,0.24,621,NA,8.09,10.08,49,10,Low,924090,927100,3010,3010,19.80313488,19.80313488,1,NA,NA,Aquatic Insects,44,Family,Corixidae,Corixidae,Larvae,15,0.757,0.757,NA,NA,NA,NA,NA,NA,NA,NA,NA,NA,NA   NA   NA   NA,NA   NA   NA   NA
STTD_2013-02-13 09:55:00,2/13/2013 9:55,STTD,2013,D,FALSE,CLR,NA,NA,10.2,0.24,621,NA,8.09,10.08,49,10,Low,924090,927100,3010,3010,19.80313488,19.80313488,1,NA,NA,Aquatic Insects,44,Family,Corixidae,Corixidae,Pupae,0,0,0,NA,NA,NA,NA,NA,NA,NA,NA,NA,NA,NA   NA   NA   NA,NA   NA   NA   NA
STTD_2013-02-13 09:55:00,2/13/2013 9:55,STTD,2013,D,FALSE,CLR,NA,NA,10.2,0.24,621,NA,8.09,10.08,49,10,Low,924090,927100,3010,3010,19.80313488,19.80313488,1,NA,NA,Aquatic Insects,44,Family,Corixidae,Corixidae,Nymphs,0,0,0,NA,NA,NA,NA,NA,NA,NA,NA,NA,NA,NA   NA   NA   NA,NA   NA   NA   NA
STTD_2013-02-13 09:55:00,2/13/2013 9:55,STTD,2013,D,FALSE,CLR,NA,NA,10.2,0.24,621,NA,8.09,10.08,49,10,Low,924090,927100,3010,3010,19.80313488,19.80313488,1,NA,NA,Aquatic Insects,44,Family,Corixidae,Corixidae,Emergents,0,0,0,NA,NA,NA,NA,NA,NA,NA,NA,NA,NA,NA   NA   NA   NA,NA   NA   NA   NA
STTD_2013-02-13 09:55:00,2/13/2013 9:55,STTD,2013,D,FALSE,CLR,NA,NA,10.2,0.24,621,NA,8.09,10.08,49,10,Low,924090,927100,3010,3010,19.80313488,19.80313488,1,NA,NA,Aquatic Insects,44,Family,Corixidae,Corixidae,Adults,0,0,0,NA,NA,NA,NA,NA,NA,NA,NA,NA,NA,NA   NA   NA   NA,NA   NA   NA   NA
STTD_2013-02-13 09:55:00,2/13/2013 9:55,STTD,2013,D,FALSE,CLR,NA,NA,10.2,0.24,621,NA,8.09,10.08,49,10,Low,924090,927100,3010,3010,19.80313488,19.80313488,1,NA,NA,Aquatic Insects,44,Family,Corixidae,Corixidae,NotDetermined,0,0,0,NA,NA,NA,NA,NA,NA,NA,NA,NA,NA,NA   NA   NA   NA,NA   NA   NA   NA
STTD_2013-02-13 09:55:00,2/13/2013 9:55,STTD,2013,D,FALSE,CLR,NA,NA,10.2,0.24,621,NA,8.09,10.08,49,10,Low,924090,927100,3010,3010,19.80313488,19.80313488,1,NA,NA,Aquatic Insects,30,Family,Dytiscidae,Dytiscidae,Larvae,0,0,0,NA,NA,NA,NA,NA,NA,NA,NA,NA,NA,NA   NA   NA   NA,NA   NA   NA   NA
STTD_2013-02-13 09:55:00,2/13/2013 9:55,STTD,2013,D,FALSE,CLR,NA,NA,10.2,0.24,621,NA,8.09,10.08,49,10,Low,924090,927100,3010,3010,19.80313488,19.80313488,1,NA,NA,Aquatic Insects,30,Family,Dytiscidae,Dytiscidae,Pupae,0,0,0,NA,NA,NA,NA,NA,NA,NA,NA,NA,NA,NA   NA   NA   NA,NA   NA   NA   NA
STTD_2013-02-13 09:55:00,2/13/2013 9:55,STTD,2013,D,FALSE,CLR,NA,NA,10.2,0.24,621,NA,8.09,10.08,49,10,Low,924090,927100,3010,3010,19.80313488,19.80313488,1,NA,NA,Aquatic Insects,30,Family,Dytiscidae,Dytiscidae,Nymphs,0,0,0,NA,NA,NA,NA,NA,NA,NA,NA,NA,NA,NA   NA   NA   NA,NA   NA   NA   NA
STTD_2013-02-13 09:55:00,2/13/2013 9:55,STTD,2013,D,FALSE,CLR,NA,NA,10.2,0.24,621,NA,8.09,10.08,49,10,Low,924090,927100,3010,3010,19.80313488,19.80313488,1,NA,NA,Aquatic Insects,30,Family,Dytiscidae,Dytiscidae,Emergents,0,0,0,NA,NA,NA,NA,NA,NA,NA,NA,NA,NA,NA   NA   NA   NA,NA   NA   NA   NA
STTD_2013-02-13 09:55:00,2/13/2013 9:55,STTD,2013,D,FALSE,CLR,NA,NA,10.2,0.24,621,NA,8.09,10.08,49,10,Low,924090,927100,3010,3010,19.80313488,19.80313488,1,NA,NA,Aquatic Insects,30,Family,Dytiscidae,Dytiscidae,Adults,5,0.252,0.252,NA,NA,NA,NA,NA,NA,NA,NA,NA,NA,NA   NA   NA   NA,NA   NA   NA   NA
STTD_2013-02-13 09:55:00,2/13/2013 9:55,STTD,2013,D,FALSE,CLR,NA,NA,10.2,0.24,621,NA,8.09,10.08,49,10,Low,924090,927100,3010,3010,19.80313488,19.80313488,1,NA,NA,Aquatic Insects,30,Family,Dytiscidae,Dytiscidae,NotDetermined,0,0,0,NA,NA,NA,NA,NA,NA,NA,NA,NA,NA,NA   NA   NA   NA,NA   NA   NA   NA
STTD_2013-02-13 09:55:00,2/13/2013 9:55,STTD,2013,D,FALSE,CLR,NA,NA,10.2,0.24,621,NA,8.09,10.08,49,10,Low,924090,927100,3010,3010,19.80313488,19.80313488,1,NA,NA,Aquatic Insects,34,Family,Chironomidae,Chironomidae,Larvae,2,0.101,0.101,NA,NA,NA,NA,NA,NA,NA,NA,NA,NA,NA   NA   NA   NA,NA   NA   NA   NA
STTD_2013-02-13 09:55:00,2/13/2013 9:55,STTD,2013,D,FALSE,CLR,NA,NA,10.2,0.24,621,NA,8.09,10.08,49,10,Low,924090,927100,3010,3010,19.80313488,19.80313488,1,NA,NA,Aquatic Insects,34,Family,Chironomidae,Chironomidae,Pupae,4,0.202,0.202,NA,NA,NA,NA,NA,NA,NA,NA,NA,NA,NA   NA   NA   NA,NA   NA   NA   NA
STTD_2013-02-13 09:55:00,2/13/2013 9:55,STTD,2013,D,FALSE,CLR,NA,NA,10.2,0.24,621,NA,8.09,10.08,49,10,Low,924090,927100,3010,3010,19.80313488,19.80313488,1,NA,NA,Aquatic Insects,34,Family,Chironomidae,Chironomidae,Nymphs,0,0,0,NA,NA,NA,NA,NA,NA,NA,NA,NA,NA,NA   NA   NA   NA,NA   NA   NA   NA
STTD_2013-02-13 09:55:00,2/13/2013 9:55,STTD,2013,D,FALSE,CLR,NA,NA,10.2,0.24,621,NA,8.09,10.08,49,10,Low,924090,927100,3010,3010,19.80313488,19.80313488,1,NA,NA,Aquatic Insects,34,Family,Chironomidae,Chironomidae,Emergents,0,0,0,NA,NA,NA,NA,NA,NA,NA,NA,NA,NA,NA   NA   NA   NA,NA   NA   NA   NA
STTD_2013-02-13 09:55:00,2/13/2013 9:55,STTD,2013,D,FALSE,CLR,NA,NA,10.2,0.24,621,NA,8.09,10.08,49,10,Low,924090,927100,3010,3010,19.80313488,19.80313488,1,NA,NA,Aquatic Insects,34,Family,Chironomidae,Chironomidae,Adults,125,6.312,6.312,NA,NA,NA,NA,NA,NA,NA,NA,NA,NA,NA   NA   NA   NA,NA   NA   NA   NA
STTD_2013-02-13 09:55:00,2/13/2013 9:55,STTD,2013,D,FALSE,CLR,NA,NA,10.2,0.24,621,NA,8.09,10.08,49,10,Low,924090,927100,3010,3010,19.80313488,19.80313488,1,NA,NA,Aquatic Insects,34,Family,Chironomidae,Chironomidae,NotDetermined,0,0,0,NA,NA,NA,NA,NA,NA,NA,NA,NA,NA,NA   NA   NA   NA,NA   NA   NA   NA
STTD_2013-02-13 09:55:00,2/13/2013 9:55,STTD,2013,D,FALSE,CLR,NA,NA,10.2,0.24,621,NA,8.09,10.08,49,10,Low,924090,927100,3010,3010,19.80313488,19.80313488,1,NA,NA,Aquatic Non-Insects,106,Family,Lymnaeidae,Lymnaeidae,Larvae,0,0,0,NA,NA,NA,NA,NA,NA,NA,NA,NA,NA,NA   NA   NA   NA,NA   NA   NA   NA
STTD_2013-02-13 09:55:00,2/13/2013 9:55,STTD,2013,D,FALSE,CLR,NA,NA,10.2,0.24,621,NA,8.09,10.08,49,10,Low,924090,927100,3010,3010,19.80313488,19.80313488,1,NA,NA,Aquatic Non-Insects,106,Family,Lymnaeidae,Lymnaeidae,Pupae,0,0,0,NA,NA,NA,NA,NA,NA,NA,NA,NA,NA,NA   NA   NA   NA,NA   NA   NA   NA
STTD_2013-02-13 09:55:00,2/13/2013 9:55,STTD,2013,D,FALSE,CLR,NA,NA,10.2,0.24,621,NA,8.09,10.08,49,10,Low,924090,927100,3010,3010,19.80313488,19.80313488,1,NA,NA,Aquatic Non-Insects,106,Family,Lymnaeidae,Lymnaeidae,Nymphs,0,0,0,NA,NA,NA,NA,NA,NA,NA,NA,NA,NA,NA   NA   NA   NA,NA   NA   NA   NA
STTD_2013-02-13 09:55:00,2/13/2013 9:55,STTD,2013,D,FALSE,CLR,NA,NA,10.2,0.24,621,NA,8.09,10.08,49,10,Low,924090,927100,3010,3010,19.80313488,19.80313488,1,NA,NA,Aquatic Non-Insects,106,Family,Lymnaeidae,Lymnaeidae,Emergents,0,0,0,NA,NA,NA,NA,NA,NA,NA,NA,NA,NA,NA   NA   NA   NA,NA   NA   NA   NA
STTD_2013-02-13 09:55:00,2/13/2013 9:55,STTD,2013,D,FALSE,CLR,NA,NA,10.2,0.24,621,NA,8.09,10.08,49,10,Low,924090,927100,3010,3010,19.80313488,19.80313488,1,NA,NA,Aquatic Non-Insects,106,Family,Lymnaeidae,Lymnaeidae,Adults,0,0,0,NA,NA,NA,NA,NA,NA,NA,NA,NA,NA,NA   NA   NA   NA,NA   NA   NA   NA
STTD_2013-02-13 09:55:00,2/13/2013 9:55,STTD,2013,D,FALSE,CLR,NA,NA,10.2,0.24,621,NA,8.09,10.08,49,10,Low,924090,927100,3010,3010,19.80313488,19.80313488,1,NA,NA,Aquatic Non-Insects,106,Family,Lymnaeidae,Lymnaeidae,NotDetermined,1,0.05,0.05,NA,NA,NA,NA,NA,NA,NA,NA,NA,NA,NA   NA   NA   NA,NA   NA   NA   NA
STTD_2013-02-13 09:55:00,2/13/2013 9:55,STTD,2013,D,FALSE,CLR,NA,NA,10.2,0.24,621,NA,8.09,10.08,49,10,Low,924090,927100,3010,3010,19.80313488,19.80313488,1,NA,NA,Aquatic Non-Insects,20,Family,Physidae,Physidae,Larvae,0,0,0,NA,NA,NA,NA,NA,NA,NA,NA,NA,NA,NA   NA   NA   NA,NA   NA   NA   NA
STTD_2013-02-13 09:55:00,2/13/2013 9:55,STTD,2013,D,FALSE,CLR,NA,NA,10.2,0.24,621,NA,8.09,10.08,49,10,Low,924090,927100,3010,3010,19.80313488,19.80313488,1,NA,NA,Aquatic Non-Insects,20,Family,Physidae,Physidae,Pupae,0,0,0,NA,NA,NA,NA,NA,NA,NA,NA,NA,NA,NA   NA   NA   NA,NA   NA   NA   NA
STTD_2013-02-13 09:55:00,2/13/2013 9:55,STTD,2013,D,FALSE,CLR,NA,NA,10.2,0.24,621,NA,8.09,10.08,49,10,Low,924090,927100,3010,3010,19.80313488,19.80313488,1,NA,NA,Aquatic Non-Insects,20,Family,Physidae,Physidae,Nymphs,0,0,0,NA,NA,NA,NA,NA,NA,NA,NA,NA,NA,NA   NA   NA   NA,NA   NA   NA   NA
STTD_2013-02-13 09:55:00,2/13/2013 9:55,STTD,2013,D,FALSE,CLR,NA,NA,10.2,0.24,621,NA,8.09,10.08,49,10,Low,924090,927100,3010,3010,19.80313488,19.80313488,1,NA,NA,Aquatic Non-Insects,20,Family,Physidae,Physidae,Emergents,0,0,0,NA,NA,NA,NA,NA,NA,NA,NA,NA,NA,NA   NA   NA   NA,NA   NA   NA   NA
STTD_2013-02-13 09:55:00,2/13/2013 9:55,STTD,2013,D,FALSE,CLR,NA,NA,10.2,0.24,621,NA,8.09,10.08,49,10,Low,924090,927100,3010,3010,19.80313488,19.80313488,1,NA,NA,Aquatic Non-Insects,20,Family,Physidae,Physidae,Adults,0,0,0,NA,NA,NA,NA,NA,NA,NA,NA,NA,NA,NA   NA   NA   NA,NA   NA   NA   NA
STTD_2013-02-13 09:55:00,2/13/2013 9:55,STTD,2013,D,FALSE,CLR,NA,NA,10.2,0.24,621,NA,8.09,10.08,49,10,Low,924090,927100,3010,3010,19.80313488,19.80313488,1,NA,NA,Aquatic Non-Insects,20,Family,Physidae,Physidae,NotDetermined,14,0.707,0.707,NA,NA,NA,NA,NA,NA,NA,NA,NA,NA,NA   NA   NA   NA,NA   NA   NA   NA
STTD_2013-02-13 09:55:00,2/13/2013 9:55,STTD,2013,D,FALSE,CLR,NA,NA,10.2,0.24,621,NA,8.09,10.08,49,10,Low,924090,927100,3010,3010,19.80313488,19.80313488,1,NA,NA,Aquatic Non-Insects,15,Family,Hyalellidae,Hyalellidae,Larvae,0,0,0,NA,NA,NA,NA,NA,NA,NA,NA,NA,NA,NA   NA   NA   NA,NA   NA   NA   NA
STTD_2013-02-13 09:55:00,2/13/2013 9:55,STTD,2013,D,FALSE,CLR,NA,NA,10.2,0.24,621,NA,8.09,10.08,49,10,Low,924090,927100,3010,3010,19.80313488,19.80313488,1,NA,NA,Aquatic Non-Insects,15,Family,Hyalellidae,Hyalellidae,Pupae,0,0,0,NA,NA,NA,NA,NA,NA,NA,NA,NA,NA,NA   NA   NA   NA,NA   NA   NA   NA
STTD_2013-02-13 09:55:00,2/13/2013 9:55,STTD,2013,D,FALSE,CLR,NA,NA,10.2,0.24,621,NA,8.09,10.08,49,10,Low,924090,927100,3010,3010,19.80313488,19.80313488,1,NA,NA,Aquatic Non-Insects,15,Family,Hyalellidae,Hyalellidae,Nymphs,0,0,0,NA,NA,NA,NA,NA,NA,NA,NA,NA,NA,NA   NA   NA   NA,NA   NA   NA   NA
STTD_2013-02-13 09:55:00,2/13/2013 9:55,STTD,2013,D,FALSE,CLR,NA,NA,10.2,0.24,621,NA,8.09,10.08,49,10,Low,924090,927100,3010,3010,19.80313488,19.80313488,1,NA,NA,Aquatic Non-Insects,15,Family,Hyalellidae,Hyalellidae,Emergents,0,0,0,NA,NA,NA,NA,NA,NA,NA,NA,NA,NA,NA   NA   NA   NA,NA   NA   NA   NA
STTD_2013-02-13 09:55:00,2/13/2013 9:55,STTD,2013,D,FALSE,CLR,NA,NA,10.2,0.24,621,NA,8.09,10.08,49,10,Low,924090,927100,3010,3010,19.80313488,19.80313488,1,NA,NA,Aquatic Non-Insects,15,Family,Hyalellidae,Hyalellidae,Adults,0,0,0,NA,NA,NA,NA,NA,NA,NA,NA,NA,NA,NA   NA   NA   NA,NA   NA   NA   NA
STTD_2013-02-13 09:55:00,2/13/2013 9:55,STTD,2013,D,FALSE,CLR,NA,NA,10.2,0.24,621,NA,8.09,10.08,49,10,Low,924090,927100,3010,3010,19.80313488,19.80313488,1,NA,NA,Aquatic Non-Insects,15,Family,Hyalellidae,Hyalellidae,NotDetermined,12,0.606,0.606,NA,NA,NA,NA,NA,NA,NA,NA,NA,NA,NA   NA   NA   NA,NA   NA   NA   NA
STTD_2013-02-13 09:55:00,2/13/2013 9:55,STTD,2013,D,FALSE,CLR,NA,NA,10.2,0.24,621,NA,8.09,10.08,49,10,Low,924090,927100,3010,3010,19.80313488,19.80313488,1,NA,NA,Aquatic Non-Insects,118,Class,Ostracoda,Ostracod,Larvae,0,0,0,NA,NA,NA,NA,NA,NA,NA,NA,NA,NA,NA   NA   NA   NA,NA   NA   NA   NA
STTD_2013-02-13 09:55:00,2/13/2013 9:55,STTD,2013,D,FALSE,CLR,NA,NA,10.2,0.24,621,NA,8.09,10.08,49,10,Low,924090,927100,3010,3010,19.80313488,19.80313488,1,NA,NA,Aquatic Non-Insects,118,Class,Ostracoda,Ostracod,Pupae,0,0,0,NA,NA,NA,NA,NA,NA,NA,NA,NA,NA,NA   NA   NA   NA,NA   NA   NA   NA
STTD_2013-02-13 09:55:00,2/13/2013 9:55,STTD,2013,D,FALSE,CLR,NA,NA,10.2,0.24,621,NA,8.09,10.08,49,10,Low,924090,927100,3010,3010,19.80313488,19.80313488,1,NA,NA,Aquatic Non-Insects,118,Class,Ostracoda,Ostracod,Nymphs,0,0,0,NA,NA,NA,NA,NA,NA,NA,NA,NA,NA,NA   NA   NA   NA,NA   NA   NA   NA
STTD_2013-02-13 09:55:00,2/13/2013 9:55,STTD,2013,D,FALSE,CLR,NA,NA,10.2,0.24,621,NA,8.09,10.08,49,10,Low,924090,927100,3010,3010,19.80313488,19.80313488,1,NA,NA,Aquatic Non-Insects,118,Class,Ostracoda,Ostracod,Emergents,0,0,0,NA,NA,NA,NA,NA,NA,NA,NA,NA,NA,NA   NA   NA   NA,NA   NA   NA   NA
STTD_2013-02-13 09:55:00,2/13/2013 9:55,STTD,2013,D,FALSE,CLR,NA,NA,10.2,0.24,621,NA,8.09,10.08,49,10,Low,924090,927100,3010,3010,19.80313488,19.80313488,1,NA,NA,Aquatic Non-Insects,118,Class,Ostracoda,Ostracod,Adults,0,0,0,NA,NA,NA,NA,NA,NA,NA,NA,NA,NA,NA   NA   NA   NA,NA   NA   NA   NA
STTD_2013-02-13 09:55:00,2/13/2013 9:55,STTD,2013,D,FALSE,CLR,NA,NA,10.2,0.24,621,NA,8.09,10.08,49,10,Low,924090,927100,3010,3010,19.80313488,19.80313488,1,NA,NA,Aquatic Non-Insects,118,Class,Ostracoda,Ostracod,NotDetermined,1,0.05,0.05,NA,NA,NA,NA,NA,NA,NA,NA,NA,NA,NA   NA   NA   NA,NA   NA   NA   NA
STTD_2013-02-13 09:55:00,2/13/2013 9:55,STTD,2013,D,FALSE,CLR,NA,NA,10.2,0.24,621,NA,8.09,10.08,49,10,Low,924090,927100,3010,3010,19.80313488,19.80313488,1,NA,NA,Aquatic Non-Insects,18,Family,Hydridae,Hydridae,Larvae,0,0,0,NA,NA,NA,NA,NA,NA,NA,NA,NA,NA,NA   NA   NA   NA,NA   NA   NA   NA
STTD_2013-02-13 09:55:00,2/13/2013 9:55,STTD,2013,D,FALSE,CLR,NA,NA,10.2,0.24,621,NA,8.09,10.08,49,10,Low,924090,927100,3010,3010,19.80313488,19.80313488,1,NA,NA,Aquatic Non-Insects,18,Family,Hydridae,Hydridae,Pupae,0,0,0,NA,NA,NA,NA,NA,NA,NA,NA,NA,NA,NA   NA   NA   NA,NA   NA   NA   NA
STTD_2013-02-13 09:55:00,2/13/2013 9:55,STTD,2013,D,FALSE,CLR,NA,NA,10.2,0.24,621,NA,8.09,10.08,49,10,Low,924090,927100,3010,3010,19.80313488,19.80313488,1,NA,NA,Aquatic Non-Insects,18,Family,Hydridae,Hydridae,Nymphs,0,0,0,NA,NA,NA,NA,NA,NA,NA,NA,NA,NA,NA   NA   NA   NA,NA   NA   NA   NA
STTD_2013-02-13 09:55:00,2/13/2013 9:55,STTD,2013,D,FALSE,CLR,NA,NA,10.2,0.24,621,NA,8.09,10.08,49,10,Low,924090,927100,3010,3010,19.80313488,19.80313488,1,NA,NA,Aquatic Non-Insects,18,Family,Hydridae,Hydridae,Emergents,0,0,0,NA,NA,NA,NA,NA,NA,NA,NA,NA,NA,NA   NA   NA   NA,NA   NA   NA   NA
STTD_2013-02-13 09:55:00,2/13/2013 9:55,STTD,2013,D,FALSE,CLR,NA,NA,10.2,0.24,621,NA,8.09,10.08,49,10,Low,924090,927100,3010,3010,19.80313488,19.80313488,1,NA,NA,Aquatic Non-Insects,18,Family,Hydridae,Hydridae,Adults,0,0,0,NA,NA,NA,NA,NA,NA,NA,NA,NA,NA,NA   NA   NA   NA,NA   NA   NA   NA
STTD_2013-02-13 09:55:00,2/13/2013 9:55,STTD,2013,D,FALSE,CLR,NA,NA,10.2,0.24,621,NA,8.09,10.08,49,10,Low,924090,927100,3010,3010,19.80313488,19.80313488,1,NA,NA,Aquatic Non-Insects,18,Family,Hydridae,Hydridae,NotDetermined,31,1.565,1.565,NA,NA,NA,NA,NA,NA,NA,NA,NA,NA,NA   NA   NA   NA,NA   NA   NA   NA
STTD_2013-02-13 09:55:00,2/13/2013 9:55,STTD,2013,D,FALSE,CLR,NA,NA,10.2,0.24,621,NA,8.09,10.08,49,10,Low,924090,927100,3010,3010,19.80313488,19.80313488,1,NA,NA,Terrestrial Insects,71,Order,Hemiptera,Hemiptera,Larvae,3,0.151,0.151,NA,NA,NA,NA,NA,NA,NA,NA,NA,NA,NA   NA   NA   NA,NA   NA   NA   NA
STTD_2013-02-13 09:55:00,2/13/2013 9:55,STTD,2013,D,FALSE,CLR,NA,NA,10.2,0.24,621,NA,8.09,10.08,49,10,Low,924090,927100,3010,3010,19.80313488,19.80313488,1,NA,NA,Terrestrial Insects,71,Order,Hemiptera,Hemiptera,Pupae,0,0,0,NA,NA,NA,NA,NA,NA,NA,NA,NA,NA,NA   NA   NA   NA,NA   NA   NA   NA
STTD_2013-02-13 09:55:00,2/13/2013 9:55,STTD,2013,D,FALSE,CLR,NA,NA,10.2,0.24,621,NA,8.09,10.08,49,10,Low,924090,927100,3010,3010,19.80313488,19.80313488,1,NA,NA,Terrestrial Insects,71,Order,Hemiptera,Hemiptera,Nymphs,0,0,0,NA,NA,NA,NA,NA,NA,NA,NA,NA,NA,NA   NA   NA   NA,NA   NA   NA   NA
STTD_2013-02-13 09:55:00,2/13/2013 9:55,STTD,2013,D,FALSE,CLR,NA,NA,10.2,0.24,621,NA,8.09,10.08,49,10,Low,924090,927100,3010,3010,19.80313488,19.80313488,1,NA,NA,Terrestrial Insects,71,Order,Hemiptera,Hemiptera,Emergents,0,0,0,NA,NA,NA,NA,NA,NA,NA,NA,NA,NA,NA   NA   NA   NA,NA   NA   NA   NA
STTD_2013-02-13 09:55:00,2/13/2013 9:55,STTD,2013,D,FALSE,CLR,NA,NA,10.2,0.24,621,NA,8.09,10.08,49,10,Low,924090,927100,3010,3010,19.80313488,19.80313488,1,NA,NA,Terrestrial Insects,71,Order,Hemiptera,Hemiptera,Adults,7,0.353,0.353,NA,NA,NA,NA,NA,NA,NA,NA,NA,NA,NA   NA   NA   NA,NA   NA   NA   NA
STTD_2013-02-13 09:55:00,2/13/2013 9:55,STTD,2013,D,FALSE,CLR,NA,NA,10.2,0.24,621,NA,8.09,10.08,49,10,Low,924090,927100,3010,3010,19.80313488,19.80313488,1,NA,NA,Terrestrial Insects,71,Order,Hemiptera,Hemiptera,NotDetermined,0,0,0,NA,NA,NA,NA,NA,NA,NA,NA,NA,NA,NA   NA   NA   NA,NA   NA   NA   NA
STTD_2013-02-13 09:55:00,2/13/2013 9:55,STTD,2013,D,FALSE,CLR,NA,NA,10.2,0.24,621,NA,8.09,10.08,49,10,Low,924090,927100,3010,3010,19.80313488,19.80313488,1,NA,NA,Terrestrial Insects,63,Order,Coleoptera,Coleoptera,Larvae,0,0,0,NA,NA,NA,NA,NA,NA,NA,NA,NA,NA,NA   NA   NA   NA,NA   NA   NA   NA
STTD_2013-02-13 09:55:00,2/13/2013 9:55,STTD,2013,D,FALSE,CLR,NA,NA,10.2,0.24,621,NA,8.09,10.08,49,10,Low,924090,927100,3010,3010,19.80313488,19.80313488,1,NA,NA,Terrestrial Insects,63,Order,Coleoptera,Coleoptera,Pupae,0,0,0,NA,NA,NA,NA,NA,NA,NA,NA,NA,NA,NA   NA   NA   NA,NA   NA   NA   NA
STTD_2013-02-13 09:55:00,2/13/2013 9:55,STTD,2013,D,FALSE,CLR,NA,NA,10.2,0.24,621,NA,8.09,10.08,49,10,Low,924090,927100,3010,3010,19.80313488,19.80313488,1,NA,NA,Terrestrial Insects,63,Order,Coleoptera,Coleoptera,Nymphs,0,0,0,NA,NA,NA,NA,NA,NA,NA,NA,NA,NA,NA   NA   NA   NA,NA   NA   NA   NA
STTD_2013-02-13 09:55:00,2/13/2013 9:55,STTD,2013,D,FALSE,CLR,NA,NA,10.2,0.24,621,NA,8.09,10.08,49,10,Low,924090,927100,3010,3010,19.80313488,19.80313488,1,NA,NA,Terrestrial Insects,63,Order,Coleoptera,Coleoptera,Emergents,0,0,0,NA,NA,NA,NA,NA,NA,NA,NA,NA,NA,NA   NA   NA   NA,NA   NA   NA   NA
STTD_2013-02-13 09:55:00,2/13/2013 9:55,STTD,2013,D,FALSE,CLR,NA,NA,10.2,0.24,621,NA,8.09,10.08,49,10,Low,924090,927100,3010,3010,19.80313488,19.80313488,1,NA,NA,Terrestrial Insects,63,Order,Coleoptera,Coleoptera,Adults,14,0.707,0.707,NA,NA,NA,NA,NA,NA,NA,NA,NA,NA,NA   NA   NA   NA,NA   NA   NA   NA
STTD_2013-02-13 09:55:00,2/13/2013 9:55,STTD,2013,D,FALSE,CLR,NA,NA,10.2,0.24,621,NA,8.09,10.08,49,10,Low,924090,927100,3010,3010,19.80313488,19.80313488,1,NA,NA,Terrestrial Insects,63,Order,Coleoptera,Coleoptera,NotDetermined,0,0,0,NA,NA,NA,NA,NA,NA,NA,NA,NA,NA,NA   NA   NA   NA,NA   NA   NA   NA
STTD_2013-02-13 09:55:00,2/13/2013 9:55,STTD,2013,D,FALSE,CLR,NA,NA,10.2,0.24,621,NA,8.09,10.08,49,10,Low,924090,927100,3010,3010,19.80313488,19.80313488,1,NA,NA,Terrestrial Insects,64,Order,Diptera,Diptera,Larvae,0,0,0,NA,NA,NA,NA,NA,NA,NA,NA,NA,NA,NA   NA   NA   NA,NA   NA   NA   NA
STTD_2013-02-13 09:55:00,2/13/2013 9:55,STTD,2013,D,FALSE,CLR,NA,NA,10.2,0.24,621,NA,8.09,10.08,49,10,Low,924090,927100,3010,3010,19.80313488,19.80313488,1,NA,NA,Terrestrial Insects,64,Order,Diptera,Diptera,Pupae,0,0,0,NA,NA,NA,NA,NA,NA,NA,NA,NA,NA,NA   NA   NA   NA,NA   NA   NA   NA
STTD_2013-02-13 09:55:00,2/13/2013 9:55,STTD,2013,D,FALSE,CLR,NA,NA,10.2,0.24,621,NA,8.09,10.08,49,10,Low,924090,927100,3010,3010,19.80313488,19.80313488,1,NA,NA,Terrestrial Insects,64,Order,Diptera,Diptera,Nymphs,0,0,0,NA,NA,NA,NA,NA,NA,NA,NA,NA,NA,NA   NA   NA   NA,NA   NA   NA   NA
STTD_2013-02-13 09:55:00,2/13/2013 9:55,STTD,2013,D,FALSE,CLR,NA,NA,10.2,0.24,621,NA,8.09,10.08,49,10,Low,924090,927100,3010,3010,19.80313488,19.80313488,1,NA,NA,Terrestrial Insects,64,Order,Diptera,Diptera,Emergents,0,0,0,NA,NA,NA,NA,NA,NA,NA,NA,NA,NA,NA   NA   NA   NA,NA   NA   NA   NA
STTD_2013-02-13 09:55:00,2/13/2013 9:55,STTD,2013,D,FALSE,CLR,NA,NA,10.2,0.24,621,NA,8.09,10.08,49,10,Low,924090,927100,3010,3010,19.80313488,19.80313488,1,NA,NA,Terrestrial Insects,64,Order,Diptera,Diptera,Adults,9,0.454,0.454,NA,NA,NA,NA,NA,NA,NA,NA,NA,NA,NA   NA   NA   NA,NA   NA   NA   NA
STTD_2013-02-13 09:55:00,2/13/2013 9:55,STTD,2013,D,FALSE,CLR,NA,NA,10.2,0.24,621,NA,8.09,10.08,49,10,Low,924090,927100,3010,3010,19.80313488,19.80313488,1,NA,NA,Terrestrial Insects,64,Order,Diptera,Diptera,NotDetermined,0,0,0,NA,NA,NA,NA,NA,NA,NA,NA,NA,NA,NA   NA   NA   NA,NA   NA   NA   NA
STTD_2013-02-13 09:55:00,2/13/2013 9:55,STTD,2013,D,FALSE,CLR,NA,NA,10.2,0.24,621,NA,8.09,10.08,49,10,Low,924090,927100,3010,3010,19.80313488,19.80313488,1,NA,NA,Terrestrial Non-Insects,68,Order,Collembola,Collembola,Larvae,0,0,0,NA,NA,NA,NA,NA,NA,NA,NA,NA,NA,NA   NA   NA   NA,NA   NA   NA   NA
STTD_2013-02-13 09:55:00,2/13/2013 9:55,STTD,2013,D,FALSE,CLR,NA,NA,10.2,0.24,621,NA,8.09,10.08,49,10,Low,924090,927100,3010,3010,19.80313488,19.80313488,1,NA,NA,Terrestrial Non-Insects,68,Order,Collembola,Collembola,Pupae,0,0,0,NA,NA,NA,NA,NA,NA,NA,NA,NA,NA,NA   NA   NA   NA,NA   NA   NA   NA
STTD_2013-02-13 09:55:00,2/13/2013 9:55,STTD,2013,D,FALSE,CLR,NA,NA,10.2,0.24,621,NA,8.09,10.08,49,10,Low,924090,927100,3010,3010,19.80313488,19.80313488,1,NA,NA,Terrestrial Non-Insects,68,Order,Collembola,Collembola,Nymphs,0,0,0,NA,NA,NA,NA,NA,NA,NA,NA,NA,NA,NA   NA   NA   NA,NA   NA   NA   NA
STTD_2013-02-13 09:55:00,2/13/2013 9:55,STTD,2013,D,FALSE,CLR,NA,NA,10.2,0.24,621,NA,8.09,10.08,49,10,Low,924090,927100,3010,3010,19.80313488,19.80313488,1,NA,NA,Terrestrial Non-Insects,68,Order,Collembola,Collembola,Emergents,0,0,0,NA,NA,NA,NA,NA,NA,NA,NA,NA,NA,NA   NA   NA   NA,NA   NA   NA   NA
STTD_2013-02-13 09:55:00,2/13/2013 9:55,STTD,2013,D,FALSE,CLR,NA,NA,10.2,0.24,621,NA,8.09,10.08,49,10,Low,924090,927100,3010,3010,19.80313488,19.80313488,1,NA,NA,Terrestrial Non-Insects,68,Order,Collembola,Collembola,Adults,0,0,0,NA,NA,NA,NA,NA,NA,NA,NA,NA,NA,NA   NA   NA   NA,NA   NA   NA   NA
STTD_2013-02-13 09:55:00,2/13/2013 9:55,STTD,2013,D,FALSE,CLR,NA,NA,10.2,0.24,621,NA,8.09,10.08,49,10,Low,924090,927100,3010,3010,19.80313488,19.80313488,1,NA,NA,Terrestrial Non-Insects,68,Order,Collembola,Collembola,NotDetermined,402,20.3,20.3,NA,NA,NA,NA,NA,NA,NA,NA,NA,NA,NA   NA   NA   NA,NA   NA   NA   NA
STTD_2013-02-13 09:55:00,2/13/2013 9:55,STTD,2013,D,FALSE,CLR,NA,NA,10.2,0.24,621,NA,8.09,10.08,49,10,Low,924090,927100,3010,3010,19.80313488,19.80313488,1,NA,NA,Terrestrial Insects,66,Order,Hymenoptera,Hymenoptera,Larvae,0,0,0,NA,NA,NA,NA,NA,NA,NA,NA,NA,NA,NA   NA   NA   NA,NA   NA   NA   NA
STTD_2013-02-13 09:55:00,2/13/2013 9:55,STTD,2013,D,FALSE,CLR,NA,NA,10.2,0.24,621,NA,8.09,10.08,49,10,Low,924090,927100,3010,3010,19.80313488,19.80313488,1,NA,NA,Terrestrial Insects,66,Order,Hymenoptera,Hymenoptera,Pupae,0,0,0,NA,NA,NA,NA,NA,NA,NA,NA,NA,NA,NA   NA   NA   NA,NA   NA   NA   NA
STTD_2013-02-13 09:55:00,2/13/2013 9:55,STTD,2013,D,FALSE,CLR,NA,NA,10.2,0.24,621,NA,8.09,10.08,49,10,Low,924090,927100,3010,3010,19.80313488,19.80313488,1,NA,NA,Terrestrial Insects,66,Order,Hymenoptera,Hymenoptera,Nymphs,0,0,0,NA,NA,NA,NA,NA,NA,NA,NA,NA,NA,NA   NA   NA   NA,NA   NA   NA   NA
STTD_2013-02-13 09:55:00,2/13/2013 9:55,STTD,2013,D,FALSE,CLR,NA,NA,10.2,0.24,621,NA,8.09,10.08,49,10,Low,924090,927100,3010,3010,19.80313488,19.80313488,1,NA,NA,Terrestrial Insects,66,Order,Hymenoptera,Hymenoptera,Emergents,0,0,0,NA,NA,NA,NA,NA,NA,NA,NA,NA,NA,NA   NA   NA   NA,NA   NA   NA   NA
STTD_2013-02-13 09:55:00,2/13/2013 9:55,STTD,2013,D,FALSE,CLR,NA,NA,10.2,0.24,621,NA,8.09,10.08,49,10,Low,924090,927100,3010,3010,19.80313488,19.80313488,1,NA,NA,Terrestrial Insects,66,Order,Hymenoptera,Hymenoptera,Adults,7,0.353,0.353,NA,NA,NA,NA,NA,NA,NA,NA,NA,NA,NA   NA   NA   NA,NA   NA   NA   NA
STTD_2013-02-13 09:55:00,2/13/2013 9:55,STTD,2013,D,FALSE,CLR,NA,NA,10.2,0.24,621,NA,8.09,10.08,49,10,Low,924090,927100,3010,3010,19.80313488,19.80313488,1,NA,NA,Terrestrial Insects,66,Order,Hymenoptera,Hymenoptera,NotDetermined,0,0,0,NA,NA,NA,NA,NA,NA,NA,NA,NA,NA,NA   NA   NA   NA,NA   NA   NA   NA
STTD_2013-02-13 09:55:00,2/13/2013 9:55,STTD,2013,D,FALSE,CLR,NA,NA,10.2,0.24,621,NA,8.09,10.08,49,10,Low,924090,927100,3010,3010,19.80313488,19.80313488,1,NA,NA,Terrestrial Non-Insects,57,Subclass,Acari,Acari,Larvae,0,0,0,NA,NA,NA,NA,NA,NA,NA,NA,NA,NA,NA   NA   NA   NA,NA   NA   NA   NA
STTD_2013-02-13 09:55:00,2/13/2013 9:55,STTD,2013,D,FALSE,CLR,NA,NA,10.2,0.24,621,NA,8.09,10.08,49,10,Low,924090,927100,3010,3010,19.80313488,19.80313488,1,NA,NA,Terrestrial Non-Insects,57,Subclass,Acari,Acari,Pupae,0,0,0,NA,NA,NA,NA,NA,NA,NA,NA,NA,NA,NA   NA   NA   NA,NA   NA   NA   NA
STTD_2013-02-13 09:55:00,2/13/2013 9:55,STTD,2013,D,FALSE,CLR,NA,NA,10.2,0.24,621,NA,8.09,10.08,49,10,Low,924090,927100,3010,3010,19.80313488,19.80313488,1,NA,NA,Terrestrial Non-Insects,57,Subclass,Acari,Acari,Nymphs,0,0,0,NA,NA,NA,NA,NA,NA,NA,NA,NA,NA,NA   NA   NA   NA,NA   NA   NA   NA
STTD_2013-02-13 09:55:00,2/13/2013 9:55,STTD,2013,D,FALSE,CLR,NA,NA,10.2,0.24,621,NA,8.09,10.08,49,10,Low,924090,927100,3010,3010,19.80313488,19.80313488,1,NA,NA,Terrestrial Non-Insects,57,Subclass,Acari,Acari,Emergents,0,0,0,NA,NA,NA,NA,NA,NA,NA,NA,NA,NA,NA   NA   NA   NA,NA   NA   NA   NA
STTD_2013-02-13 09:55:00,2/13/2013 9:55,STTD,2013,D,FALSE,CLR,NA,NA,10.2,0.24,621,NA,8.09,10.08,49,10,Low,924090,927100,3010,3010,19.80313488,19.80313488,1,NA,NA,Terrestrial Non-Insects,57,Subclass,Acari,Acari,Adults,0,0,0,NA,NA,NA,NA,NA,NA,NA,NA,NA,NA,NA   NA   NA   NA,NA   NA   NA   NA
STTD_2013-02-13 09:55:00,2/13/2013 9:55,STTD,2013,D,FALSE,CLR,NA,NA,10.2,0.24,621,NA,8.09,10.08,49,10,Low,924090,927100,3010,3010,19.80313488,19.80313488,1,NA,NA,Terrestrial Non-Insects,57,Subclass,Acari,Acari,NotDetermined,7,0.353,0.353,NA,NA,NA,NA,NA,NA,NA,NA,NA,NA,NA   NA   NA   NA,NA   NA   NA   NA
STTD_2013-02-13 09:55:00,2/13/2013 9:55,STTD,2013,D,FALSE,CLR,NA,NA,10.2,0.24,621,NA,8.09,10.08,49,10,Low,924090,927100,3010,3010,19.80313488,19.80313488,1,NA,NA,Terrestrial Non-Insects,58,Suborder,Araneida,Araneida,Larvae,0,0,0,NA,NA,NA,NA,NA,NA,NA,NA,NA,NA,NA   NA   NA   NA,NA   NA   NA   NA
STTD_2013-02-13 09:55:00,2/13/2013 9:55,STTD,2013,D,FALSE,CLR,NA,NA,10.2,0.24,621,NA,8.09,10.08,49,10,Low,924090,927100,3010,3010,19.80313488,19.80313488,1,NA,NA,Terrestrial Non-Insects,58,Suborder,Araneida,Araneida,Pupae,0,0,0,NA,NA,NA,NA,NA,NA,NA,NA,NA,NA,NA   NA   NA   NA,NA   NA   NA   NA
STTD_2013-02-13 09:55:00,2/13/2013 9:55,STTD,2013,D,FALSE,CLR,NA,NA,10.2,0.24,621,NA,8.09,10.08,49,10,Low,924090,927100,3010,3010,19.80313488,19.80313488,1,NA,NA,Terrestrial Non-Insects,58,Suborder,Araneida,Araneida,Nymphs,0,0,0,NA,NA,NA,NA,NA,NA,NA,NA,NA,NA,NA   NA   NA   NA,NA   NA   NA   NA
STTD_2013-02-13 09:55:00,2/13/2013 9:55,STTD,2013,D,FALSE,CLR,NA,NA,10.2,0.24,621,NA,8.09,10.08,49,10,Low,924090,927100,3010,3010,19.80313488,19.80313488,1,NA,NA,Terrestrial Non-Insects,58,Suborder,Araneida,Araneida,Emergents,0,0,0,NA,NA,NA,NA,NA,NA,NA,NA,NA,NA,NA   NA   NA   NA,NA   NA   NA   NA
STTD_2013-02-13 09:55:00,2/13/2013 9:55,STTD,2013,D,FALSE,CLR,NA,NA,10.2,0.24,621,NA,8.09,10.08,49,10,Low,924090,927100,3010,3010,19.80313488,19.80313488,1,NA,NA,Terrestrial Non-Insects,58,Suborder,Araneida,Araneida,Adults,0,0,0,NA,NA,NA,NA,NA,NA,NA,NA,NA,NA,NA   NA   NA   NA,NA   NA   NA   NA
STTD_2013-02-13 09:55:00,2/13/2013 9:55,STTD,2013,D,FALSE,CLR,NA,NA,10.2,0.24,621,NA,8.09,10.08,49,10,Low,924090,927100,3010,3010,19.80313488,19.80313488,1,NA,NA,Terrestrial Non-Insects,58,Suborder,Araneida,Araneida,NotDetermined,6,0.303,0.303,NA,NA,NA,NA,NA,NA,NA,NA,NA,NA,NA   NA   NA   NA,NA   NA   NA   NA
STTD_2013-02-13 09:55:00,2/13/2013 9:55,STTD,2013,D,FALSE,CLR,NA,NA,10.2,0.24,621,NA,8.09,10.08,49,10,Low,924090,927100,3010,3010,19.80313488,19.80313488,1,NA,NA,Terrestrial Non-Insects,171,Class,Diplopoda,Diplopoda,Larvae,0,0,0,NA,NA,NA,NA,NA,NA,NA,NA,NA,NA,NA   NA   NA   NA,NA   NA   NA   NA
STTD_2013-02-13 09:55:00,2/13/2013 9:55,STTD,2013,D,FALSE,CLR,NA,NA,10.2,0.24,621,NA,8.09,10.08,49,10,Low,924090,927100,3010,3010,19.80313488,19.80313488,1,NA,NA,Terrestrial Non-Insects,171,Class,Diplopoda,Diplopoda,Pupae,0,0,0,NA,NA,NA,NA,NA,NA,NA,NA,NA,NA,NA   NA   NA   NA,NA   NA   NA   NA
STTD_2013-02-13 09:55:00,2/13/2013 9:55,STTD,2013,D,FALSE,CLR,NA,NA,10.2,0.24,621,NA,8.09,10.08,49,10,Low,924090,927100,3010,3010,19.80313488,19.80313488,1,NA,NA,Terrestrial Non-Insects,171,Class,Diplopoda,Diplopoda,Nymphs,0,0,0,NA,NA,NA,NA,NA,NA,NA,NA,NA,NA,NA   NA   NA   NA,NA   NA   NA   NA
STTD_2013-02-13 09:55:00,2/13/2013 9:55,STTD,2013,D,FALSE,CLR,NA,NA,10.2,0.24,621,NA,8.09,10.08,49,10,Low,924090,927100,3010,3010,19.80313488,19.80313488,1,NA,NA,Terrestrial Non-Insects,171,Class,Diplopoda,Diplopoda,Emergents,0,0,0,NA,NA,NA,NA,NA,NA,NA,NA,NA,NA,NA   NA   NA   NA,NA   NA   NA   NA
STTD_2013-02-13 09:55:00,2/13/2013 9:55,STTD,2013,D,FALSE,CLR,NA,NA,10.2,0.24,621,NA,8.09,10.08,49,10,Low,924090,927100,3010,3010,19.80313488,19.80313488,1,NA,NA,Terrestrial Non-Insects,171,Class,Diplopoda,Diplopoda,Adults,0,0,0,NA,NA,NA,NA,NA,NA,NA,NA,NA,NA,NA   NA   NA   NA,NA   NA   NA   NA
STTD_2013-02-13 09:55:00,2/13/2013 9:55,STTD,2013,D,FALSE,CLR,NA,NA,10.2,0.24,621,NA,8.09,10.08,49,10,Low,924090,927100,3010,3010,19.80313488,19.80313488,1,NA,NA,Terrestrial Non-Insects,171,Class,Diplopoda,Diplopoda,NotDetermined,1,0.05,0.05,NA,NA,NA,NA,NA,NA,NA,NA,NA,NA,NA   NA   NA   NA,NA   NA   NA   NA
SHR_2013-02-22 08:16:00,2/22/2013 8:16,SHR,2013,D,FALSE,CLR,NA,NA,9.6,0.87,148,NA,7.39,12.02,10.7,10,Low,921973,923965,1992,1992,13.10559624,13.10559624,1,NA,NA,Aquatic Insects,34,Family,Chironomidae,Chironomidae,Larvae,1,0.076,0.076,NA,NA,NA,NA,NA,NA,NA,NA,NA,NA,NA   NA   NA   NA,NA   NA   NA   NA
SHR_2013-02-22 08:16:00,2/22/2013 8:16,SHR,2013,D,FALSE,CLR,NA,NA,9.6,0.87,148,NA,7.39,12.02,10.7,10,Low,921973,923965,1992,1992,13.10559624,13.10559624,1,NA,NA,Aquatic Insects,34,Family,Chironomidae,Chironomidae,Pupae,0,0,0,NA,NA,NA,NA,NA,NA,NA,NA,NA,NA,NA   NA   NA   NA,NA   NA   NA   NA
SHR_2013-02-22 08:16:00,2/22/2013 8:16,SHR,2013,D,FALSE,CLR,NA,NA,9.6,0.87,148,NA,7.39,12.02,10.7,10,Low,921973,923965,1992,1992,13.10559624,13.10559624,1,NA,NA,Aquatic Insects,34,Family,Chironomidae,Chironomidae,Nymphs,0,0,0,NA,NA,NA,NA,NA,NA,NA,NA,NA,NA,NA   NA   NA   NA,NA   NA   NA   NA
SHR_2013-02-22 08:16:00,2/22/2013 8:16,SHR,2013,D,FALSE,CLR,NA,NA,9.6,0.87,148,NA,7.39,12.02,10.7,10,Low,921973,923965,1992,1992,13.10559624,13.10559624,1,NA,NA,Aquatic Insects,34,Family,Chironomidae,Chironomidae,Emergents,0,0,0,NA,NA,NA,NA,NA,NA,NA,NA,NA,NA,NA   NA   NA   NA,NA   NA   NA   NA
SHR_2013-02-22 08:16:00,2/22/2013 8:16,SHR,2013,D,FALSE,CLR,NA,NA,9.6,0.87,148,NA,7.39,12.02,10.7,10,Low,921973,923965,1992,1992,13.10559624,13.10559624,1,NA,NA,Aquatic Insects,34,Family,Chironomidae,Chironomidae,Adults,0,0,0,NA,NA,NA,NA,NA,NA,NA,NA,NA,NA,NA   NA   NA   NA,NA   NA   NA   NA
SHR_2013-02-22 08:16:00,2/22/2013 8:16,SHR,2013,D,FALSE,CLR,NA,NA,9.6,0.87,148,NA,7.39,12.02,10.7,10,Low,921973,923965,1992,1992,13.10559624,13.10559624,1,NA,NA,Aquatic Insects,34,Family,Chironomidae,Chironomidae,NotDetermined,0,0,0,NA,NA,NA,NA,NA,NA,NA,NA,NA,NA,NA   NA   NA   NA,NA   NA   NA   NA
SHR_2013-02-22 08:16:00,2/22/2013 8:16,SHR,2013,D,FALSE,CLR,NA,NA,9.6,0.87,148,NA,7.39,12.02,10.7,10,Low,921973,923965,1992,1992,13.10559624,13.10559624,1,NA,NA,Aquatic Insects,35,Family,Empididae,Empididae,Larvae,1,0.076,0.076,NA,NA,NA,NA,NA,NA,NA,NA,NA,NA,NA   NA   NA   NA,NA   NA   NA   NA
SHR_2013-02-22 08:16:00,2/22/2013 8:16,SHR,2013,D,FALSE,CLR,NA,NA,9.6,0.87,148,NA,7.39,12.02,10.7,10,Low,921973,923965,1992,1992,13.10559624,13.10559624,1,NA,NA,Aquatic Insects,35,Family,Empididae,Empididae,Pupae,0,0,0,NA,NA,NA,NA,NA,NA,NA,NA,NA,NA,NA   NA   NA   NA,NA   NA   NA   NA
SHR_2013-02-22 08:16:00,2/22/2013 8:16,SHR,2013,D,FALSE,CLR,NA,NA,9.6,0.87,148,NA,7.39,12.02,10.7,10,Low,921973,923965,1992,1992,13.10559624,13.10559624,1,NA,NA,Aquatic Insects,35,Family,Empididae,Empididae,Nymphs,0,0,0,NA,NA,NA,NA,NA,NA,NA,NA,NA,NA,NA   NA   NA   NA,NA   NA   NA   NA
SHR_2013-02-22 08:16:00,2/22/2013 8:16,SHR,2013,D,FALSE,CLR,NA,NA,9.6,0.87,148,NA,7.39,12.02,10.7,10,Low,921973,923965,1992,1992,13.10559624,13.10559624,1,NA,NA,Aquatic Insects,35,Family,Empididae,Empididae,Emergents,0,0,0,NA,NA,NA,NA,NA,NA,NA,NA,NA,NA,NA   NA   NA   NA,NA   NA   NA   NA
SHR_2013-02-22 08:16:00,2/22/2013 8:16,SHR,2013,D,FALSE,CLR,NA,NA,9.6,0.87,148,NA,7.39,12.02,10.7,10,Low,921973,923965,1992,1992,13.10559624,13.10559624,1,NA,NA,Aquatic Insects,35,Family,Empididae,Empididae,Adults,0,0,0,NA,NA,NA,NA,NA,NA,NA,NA,NA,NA,NA   NA   NA   NA,NA   NA   NA   NA
SHR_2013-02-22 08:16:00,2/22/2013 8:16,SHR,2013,D,FALSE,CLR,NA,NA,9.6,0.87,148,NA,7.39,12.02,10.7,10,Low,921973,923965,1992,1992,13.10559624,13.10559624,1,NA,NA,Aquatic Insects,35,Family,Empididae,Empididae,NotDetermined,0,0,0,NA,NA,NA,NA,NA,NA,NA,NA,NA,NA,NA   NA   NA   NA,NA   NA   NA   NA
SHR_2013-02-22 08:16:00,2/22/2013 8:16,SHR,2013,D,FALSE,CLR,NA,NA,9.6,0.87,148,NA,7.39,12.02,10.7,10,Low,921973,923965,1992,1992,13.10559624,13.10559624,1,NA,NA,Aquatic Non-Insects,13,Family,Mysidae,Mysidae,Larvae,0,0,0,NA,NA,NA,NA,NA,NA,NA,NA,NA,NA,NA   NA   NA   NA,NA   NA   NA   NA
SHR_2013-02-22 08:16:00,2/22/2013 8:16,SHR,2013,D,FALSE,CLR,NA,NA,9.6,0.87,148,NA,7.39,12.02,10.7,10,Low,921973,923965,1992,1992,13.10559624,13.10559624,1,NA,NA,Aquatic Non-Insects,13,Family,Mysidae,Mysidae,Pupae,0,0,0,NA,NA,NA,NA,NA,NA,NA,NA,NA,NA,NA   NA   NA   NA,NA   NA   NA   NA
SHR_2013-02-22 08:16:00,2/22/2013 8:16,SHR,2013,D,FALSE,CLR,NA,NA,9.6,0.87,148,NA,7.39,12.02,10.7,10,Low,921973,923965,1992,1992,13.10559624,13.10559624,1,NA,NA,Aquatic Non-Insects,13,Family,Mysidae,Mysidae,Nymphs,0,0,0,NA,NA,NA,NA,NA,NA,NA,NA,NA,NA,NA   NA   NA   NA,NA   NA   NA   NA
SHR_2013-02-22 08:16:00,2/22/2013 8:16,SHR,2013,D,FALSE,CLR,NA,NA,9.6,0.87,148,NA,7.39,12.02,10.7,10,Low,921973,923965,1992,1992,13.10559624,13.10559624,1,NA,NA,Aquatic Non-Insects,13,Family,Mysidae,Mysidae,Emergents,0,0,0,NA,NA,NA,NA,NA,NA,NA,NA,NA,NA,NA   NA   NA   NA,NA   NA   NA   NA
SHR_2013-02-22 08:16:00,2/22/2013 8:16,SHR,2013,D,FALSE,CLR,NA,NA,9.6,0.87,148,NA,7.39,12.02,10.7,10,Low,921973,923965,1992,1992,13.10559624,13.10559624,1,NA,NA,Aquatic Non-Insects,13,Family,Mysidae,Mysidae,Adults,0,0,0,NA,NA,NA,NA,NA,NA,NA,NA,NA,NA,NA   NA   NA   NA,NA   NA   NA   NA
SHR_2013-02-22 08:16:00,2/22/2013 8:16,SHR,2013,D,FALSE,CLR,NA,NA,9.6,0.87,148,NA,7.39,12.02,10.7,10,Low,921973,923965,1992,1992,13.10559624,13.10559624,1,NA,NA,Aquatic Non-Insects,13,Family,Mysidae,Mysidae,NotDetermined,1,0.076,0.076,NA,NA,NA,NA,NA,NA,NA,NA,NA,NA,NA   NA   NA   NA,NA   NA   NA   NA
SHR_2013-02-22 08:16:00,2/22/2013 8:16,SHR,2013,D,FALSE,CLR,NA,NA,9.6,0.87,148,NA,7.39,12.02,10.7,10,Low,921973,923965,1992,1992,13.10559624,13.10559624,1,NA,NA,Aquatic Non-Insects,18,Family,Hydridae,Hydridae,Larvae,0,0,0,NA,NA,NA,NA,NA,NA,NA,NA,NA,NA,NA   NA   NA   NA,NA   NA   NA   NA
SHR_2013-02-22 08:16:00,2/22/2013 8:16,SHR,2013,D,FALSE,CLR,NA,NA,9.6,0.87,148,NA,7.39,12.02,10.7,10,Low,921973,923965,1992,1992,13.10559624,13.10559624,1,NA,NA,Aquatic Non-Insects,18,Family,Hydridae,Hydridae,Pupae,0,0,0,NA,NA,NA,NA,NA,NA,NA,NA,NA,NA,NA   NA   NA   NA,NA   NA   NA   NA
SHR_2013-02-22 08:16:00,2/22/2013 8:16,SHR,2013,D,FALSE,CLR,NA,NA,9.6,0.87,148,NA,7.39,12.02,10.7,10,Low,921973,923965,1992,1992,13.10559624,13.10559624,1,NA,NA,Aquatic Non-Insects,18,Family,Hydridae,Hydridae,Nymphs,0,0,0,NA,NA,NA,NA,NA,NA,NA,NA,NA,NA,NA   NA   NA   NA,NA   NA   NA   NA
SHR_2013-02-22 08:16:00,2/22/2013 8:16,SHR,2013,D,FALSE,CLR,NA,NA,9.6,0.87,148,NA,7.39,12.02,10.7,10,Low,921973,923965,1992,1992,13.10559624,13.10559624,1,NA,NA,Aquatic Non-Insects,18,Family,Hydridae,Hydridae,Emergents,0,0,0,NA,NA,NA,NA,NA,NA,NA,NA,NA,NA,NA   NA   NA   NA,NA   NA   NA   NA
SHR_2013-02-22 08:16:00,2/22/2013 8:16,SHR,2013,D,FALSE,CLR,NA,NA,9.6,0.87,148,NA,7.39,12.02,10.7,10,Low,921973,923965,1992,1992,13.10559624,13.10559624,1,NA,NA,Aquatic Non-Insects,18,Family,Hydridae,Hydridae,Adults,0,0,0,NA,NA,NA,NA,NA,NA,NA,NA,NA,NA,NA   NA   NA   NA,NA   NA   NA   NA
SHR_2013-02-22 08:16:00,2/22/2013 8:16,SHR,2013,D,FALSE,CLR,NA,NA,9.6,0.87,148,NA,7.39,12.02,10.7,10,Low,921973,923965,1992,1992,13.10559624,13.10559624,1,NA,NA,Aquatic Non-Insects,18,Family,Hydridae,Hydridae,NotDetermined,2,0.153,0.153,NA,NA,NA,NA,NA,NA,NA,NA,NA,NA,NA   NA   NA   NA,NA   NA   NA   NA
STTD_2013-02-22 10:37:00,2/22/2013 10:37,STTD,2013,D,FALSE,CLR,NA,NA,10.5,0.31,721,NA,7.95,9.94,37.3,10,Low,920002,921929,1927,1927,12.67795379,12.67795379,1,Flood tide,NA,Aquatic Insects,46,Family,Coenagrionidae,Coenagrionidae,Larvae,1,0.079,0.079,NA,NA,NA,NA,NA,NA,NA,NA,NA,NA,NA   NA   NA   NA,NA   NA   NA   NA
STTD_2013-02-22 10:37:00,2/22/2013 10:37,STTD,2013,D,FALSE,CLR,NA,NA,10.5,0.31,721,NA,7.95,9.94,37.3,10,Low,920002,921929,1927,1927,12.67795379,12.67795379,1,Flood tide,NA,Aquatic Insects,46,Family,Coenagrionidae,Coenagrionidae,Pupae,0,0,0,NA,NA,NA,NA,NA,NA,NA,NA,NA,NA,NA   NA   NA   NA,NA   NA   NA   NA
STTD_2013-02-22 10:37:00,2/22/2013 10:37,STTD,2013,D,FALSE,CLR,NA,NA,10.5,0.31,721,NA,7.95,9.94,37.3,10,Low,920002,921929,1927,1927,12.67795379,12.67795379,1,Flood tide,NA,Aquatic Insects,46,Family,Coenagrionidae,Coenagrionidae,Nymphs,0,0,0,NA,NA,NA,NA,NA,NA,NA,NA,NA,NA,NA   NA   NA   NA,NA   NA   NA   NA
STTD_2013-02-22 10:37:00,2/22/2013 10:37,STTD,2013,D,FALSE,CLR,NA,NA,10.5,0.31,721,NA,7.95,9.94,37.3,10,Low,920002,921929,1927,1927,12.67795379,12.67795379,1,Flood tide,NA,Aquatic Insects,46,Family,Coenagrionidae,Coenagrionidae,Emergents,0,0,0,NA,NA,NA,NA,NA,NA,NA,NA,NA,NA,NA   NA   NA   NA,NA   NA   NA   NA
STTD_2013-02-22 10:37:00,2/22/2013 10:37,STTD,2013,D,FALSE,CLR,NA,NA,10.5,0.31,721,NA,7.95,9.94,37.3,10,Low,920002,921929,1927,1927,12.67795379,12.67795379,1,Flood tide,NA,Aquatic Insects,46,Family,Coenagrionidae,Coenagrionidae,Adults,0,0,0,NA,NA,NA,NA,NA,NA,NA,NA,NA,NA,NA   NA   NA   NA,NA   NA   NA   NA
STTD_2013-02-22 10:37:00,2/22/2013 10:37,STTD,2013,D,FALSE,CLR,NA,NA,10.5,0.31,721,NA,7.95,9.94,37.3,10,Low,920002,921929,1927,1927,12.67795379,12.67795379,1,Flood tide,NA,Aquatic Insects,46,Family,Coenagrionidae,Coenagrionidae,NotDetermined,0,0,0,NA,NA,NA,NA,NA,NA,NA,NA,NA,NA,NA   NA   NA   NA,NA   NA   NA   NA
STTD_2013-02-22 10:37:00,2/22/2013 10:37,STTD,2013,D,FALSE,CLR,NA,NA,10.5,0.31,721,NA,7.95,9.94,37.3,10,Low,920002,921929,1927,1927,12.67795379,12.67795379,1,Flood tide,NA,Aquatic Insects,44,Family,Corixidae,Corixidae,Larvae,0,0,0,NA,NA,NA,NA,NA,NA,NA,NA,NA,NA,NA   NA   NA   NA,NA   NA   NA   NA
STTD_2013-02-22 10:37:00,2/22/2013 10:37,STTD,2013,D,FALSE,CLR,NA,NA,10.5,0.31,721,NA,7.95,9.94,37.3,10,Low,920002,921929,1927,1927,12.67795379,12.67795379,1,Flood tide,NA,Aquatic Insects,44,Family,Corixidae,Corixidae,Pupae,0,0,0,NA,NA,NA,NA,NA,NA,NA,NA,NA,NA,NA   NA   NA   NA,NA   NA   NA   NA
STTD_2013-02-22 10:37:00,2/22/2013 10:37,STTD,2013,D,FALSE,CLR,NA,NA,10.5,0.31,721,NA,7.95,9.94,37.3,10,Low,920002,921929,1927,1927,12.67795379,12.67795379,1,Flood tide,NA,Aquatic Insects,44,Family,Corixidae,Corixidae,Nymphs,0,0,0,NA,NA,NA,NA,NA,NA,NA,NA,NA,NA,NA   NA   NA   NA,NA   NA   NA   NA
STTD_2013-02-22 10:37:00,2/22/2013 10:37,STTD,2013,D,FALSE,CLR,NA,NA,10.5,0.31,721,NA,7.95,9.94,37.3,10,Low,920002,921929,1927,1927,12.67795379,12.67795379,1,Flood tide,NA,Aquatic Insects,44,Family,Corixidae,Corixidae,Emergents,0,0,0,NA,NA,NA,NA,NA,NA,NA,NA,NA,NA,NA   NA   NA   NA,NA   NA   NA   NA
STTD_2013-02-22 10:37:00,2/22/2013 10:37,STTD,2013,D,FALSE,CLR,NA,NA,10.5,0.31,721,NA,7.95,9.94,37.3,10,Low,920002,921929,1927,1927,12.67795379,12.67795379,1,Flood tide,NA,Aquatic Insects,44,Family,Corixidae,Corixidae,Adults,1,0.079,0.079,NA,NA,NA,NA,NA,NA,NA,NA,NA,NA,NA   NA   NA   NA,NA   NA   NA   NA
STTD_2013-02-22 10:37:00,2/22/2013 10:37,STTD,2013,D,FALSE,CLR,NA,NA,10.5,0.31,721,NA,7.95,9.94,37.3,10,Low,920002,921929,1927,1927,12.67795379,12.67795379,1,Flood tide,NA,Aquatic Insects,44,Family,Corixidae,Corixidae,NotDetermined,0,0,0,NA,NA,NA,NA,NA,NA,NA,NA,NA,NA,NA   NA   NA   NA,NA   NA   NA   NA
STTD_2013-02-22 10:37:00,2/22/2013 10:37,STTD,2013,D,FALSE,CLR,NA,NA,10.5,0.31,721,NA,7.95,9.94,37.3,10,Low,920002,921929,1927,1927,12.67795379,12.67795379,1,Flood tide,NA,Aquatic Insects,30,Family,Dytiscidae,Dytiscidae,Larvae,0,0,0,NA,NA,NA,NA,NA,NA,NA,NA,NA,NA,NA   NA   NA   NA,NA   NA   NA   NA
STTD_2013-02-22 10:37:00,2/22/2013 10:37,STTD,2013,D,FALSE,CLR,NA,NA,10.5,0.31,721,NA,7.95,9.94,37.3,10,Low,920002,921929,1927,1927,12.67795379,12.67795379,1,Flood tide,NA,Aquatic Insects,30,Family,Dytiscidae,Dytiscidae,Pupae,0,0,0,NA,NA,NA,NA,NA,NA,NA,NA,NA,NA,NA   NA   NA   NA,NA   NA   NA   NA
STTD_2013-02-22 10:37:00,2/22/2013 10:37,STTD,2013,D,FALSE,CLR,NA,NA,10.5,0.31,721,NA,7.95,9.94,37.3,10,Low,920002,921929,1927,1927,12.67795379,12.67795379,1,Flood tide,NA,Aquatic Insects,30,Family,Dytiscidae,Dytiscidae,Nymphs,0,0,0,NA,NA,NA,NA,NA,NA,NA,NA,NA,NA,NA   NA   NA   NA,NA   NA   NA   NA
STTD_2013-02-22 10:37:00,2/22/2013 10:37,STTD,2013,D,FALSE,CLR,NA,NA,10.5,0.31,721,NA,7.95,9.94,37.3,10,Low,920002,921929,1927,1927,12.67795379,12.67795379,1,Flood tide,NA,Aquatic Insects,30,Family,Dytiscidae,Dytiscidae,Emergents,0,0,0,NA,NA,NA,NA,NA,NA,NA,NA,NA,NA,NA   NA   NA   NA,NA   NA   NA   NA
STTD_2013-02-22 10:37:00,2/22/2013 10:37,STTD,2013,D,FALSE,CLR,NA,NA,10.5,0.31,721,NA,7.95,9.94,37.3,10,Low,920002,921929,1927,1927,12.67795379,12.67795379,1,Flood tide,NA,Aquatic Insects,30,Family,Dytiscidae,Dytiscidae,Adults,1,0.079,0.079,NA,NA,NA,NA,NA,NA,NA,NA,NA,NA,NA   NA   NA   NA,NA   NA   NA   NA
STTD_2013-02-22 10:37:00,2/22/2013 10:37,STTD,2013,D,FALSE,CLR,NA,NA,10.5,0.31,721,NA,7.95,9.94,37.3,10,Low,920002,921929,1927,1927,12.67795379,12.67795379,1,Flood tide,NA,Aquatic Insects,30,Family,Dytiscidae,Dytiscidae,NotDetermined,0,0,0,NA,NA,NA,NA,NA,NA,NA,NA,NA,NA,NA   NA   NA   NA,NA   NA   NA   NA
STTD_2013-02-22 10:37:00,2/22/2013 10:37,STTD,2013,D,FALSE,CLR,NA,NA,10.5,0.31,721,NA,7.95,9.94,37.3,10,Low,920002,921929,1927,1927,12.67795379,12.67795379,1,Flood tide,NA,Aquatic Insects,34,Family,Chironomidae,Chironomidae,Larvae,0,0,0,NA,NA,NA,NA,NA,NA,NA,NA,NA,NA,NA   NA   NA   NA,NA   NA   NA   NA
STTD_2013-02-22 10:37:00,2/22/2013 10:37,STTD,2013,D,FALSE,CLR,NA,NA,10.5,0.31,721,NA,7.95,9.94,37.3,10,Low,920002,921929,1927,1927,12.67795379,12.67795379,1,Flood tide,NA,Aquatic Insects,34,Family,Chironomidae,Chironomidae,Pupae,0,0,0,NA,NA,NA,NA,NA,NA,NA,NA,NA,NA,NA   NA   NA   NA,NA   NA   NA   NA
STTD_2013-02-22 10:37:00,2/22/2013 10:37,STTD,2013,D,FALSE,CLR,NA,NA,10.5,0.31,721,NA,7.95,9.94,37.3,10,Low,920002,921929,1927,1927,12.67795379,12.67795379,1,Flood tide,NA,Aquatic Insects,34,Family,Chironomidae,Chironomidae,Nymphs,0,0,0,NA,NA,NA,NA,NA,NA,NA,NA,NA,NA,NA   NA   NA   NA,NA   NA   NA   NA
STTD_2013-02-22 10:37:00,2/22/2013 10:37,STTD,2013,D,FALSE,CLR,NA,NA,10.5,0.31,721,NA,7.95,9.94,37.3,10,Low,920002,921929,1927,1927,12.67795379,12.67795379,1,Flood tide,NA,Aquatic Insects,34,Family,Chironomidae,Chironomidae,Emergents,0,0,0,NA,NA,NA,NA,NA,NA,NA,NA,NA,NA,NA   NA   NA   NA,NA   NA   NA   NA
STTD_2013-02-22 10:37:00,2/22/2013 10:37,STTD,2013,D,FALSE,CLR,NA,NA,10.5,0.31,721,NA,7.95,9.94,37.3,10,Low,920002,921929,1927,1927,12.67795379,12.67795379,1,Flood tide,NA,Aquatic Insects,34,Family,Chironomidae,Chironomidae,Adults,8,0.631,0.631,NA,NA,NA,NA,NA,NA,NA,NA,NA,NA,NA   NA   NA   NA,NA   NA   NA   NA
STTD_2013-02-22 10:37:00,2/22/2013 10:37,STTD,2013,D,FALSE,CLR,NA,NA,10.5,0.31,721,NA,7.95,9.94,37.3,10,Low,920002,921929,1927,1927,12.67795379,12.67795379,1,Flood tide,NA,Aquatic Insects,34,Family,Chironomidae,Chironomidae,NotDetermined,0,0,0,NA,NA,NA,NA,NA,NA,NA,NA,NA,NA,NA   NA   NA   NA,NA   NA   NA   NA
STTD_2013-02-22 10:37:00,2/22/2013 10:37,STTD,2013,D,FALSE,CLR,NA,NA,10.5,0.31,721,NA,7.95,9.94,37.3,10,Low,920002,921929,1927,1927,12.67795379,12.67795379,1,Flood tide,NA,Aquatic Non-Insects,20,Family,Physidae,Physidae,Larvae,0,0,0,NA,NA,NA,NA,NA,NA,NA,NA,NA,NA,NA   NA   NA   NA,NA   NA   NA   NA
STTD_2013-02-22 10:37:00,2/22/2013 10:37,STTD,2013,D,FALSE,CLR,NA,NA,10.5,0.31,721,NA,7.95,9.94,37.3,10,Low,920002,921929,1927,1927,12.67795379,12.67795379,1,Flood tide,NA,Aquatic Non-Insects,20,Family,Physidae,Physidae,Pupae,0,0,0,NA,NA,NA,NA,NA,NA,NA,NA,NA,NA,NA   NA   NA   NA,NA   NA   NA   NA
STTD_2013-02-22 10:37:00,2/22/2013 10:37,STTD,2013,D,FALSE,CLR,NA,NA,10.5,0.31,721,NA,7.95,9.94,37.3,10,Low,920002,921929,1927,1927,12.67795379,12.67795379,1,Flood tide,NA,Aquatic Non-Insects,20,Family,Physidae,Physidae,Nymphs,0,0,0,NA,NA,NA,NA,NA,NA,NA,NA,NA,NA,NA   NA   NA   NA,NA   NA   NA   NA
STTD_2013-02-22 10:37:00,2/22/2013 10:37,STTD,2013,D,FALSE,CLR,NA,NA,10.5,0.31,721,NA,7.95,9.94,37.3,10,Low,920002,921929,1927,1927,12.67795379,12.67795379,1,Flood tide,NA,Aquatic Non-Insects,20,Family,Physidae,Physidae,Emergents,0,0,0,NA,NA,NA,NA,NA,NA,NA,NA,NA,NA,NA   NA   NA   NA,NA   NA   NA   NA
STTD_2013-02-22 10:37:00,2/22/2013 10:37,STTD,2013,D,FALSE,CLR,NA,NA,10.5,0.31,721,NA,7.95,9.94,37.3,10,Low,920002,921929,1927,1927,12.67795379,12.67795379,1,Flood tide,NA,Aquatic Non-Insects,20,Family,Physidae,Physidae,Adults,0,0,0,NA,NA,NA,NA,NA,NA,NA,NA,NA,NA,NA   NA   NA   NA,NA   NA   NA   NA
STTD_2013-02-22 10:37:00,2/22/2013 10:37,STTD,2013,D,FALSE,CLR,NA,NA,10.5,0.31,721,NA,7.95,9.94,37.3,10,Low,920002,921929,1927,1927,12.67795379,12.67795379,1,Flood tide,NA,Aquatic Non-Insects,20,Family,Physidae,Physidae,NotDetermined,1,0.079,0.079,NA,NA,NA,NA,NA,NA,NA,NA,NA,NA,NA   NA   NA   NA,NA   NA   NA   NA
STTD_2013-02-22 10:37:00,2/22/2013 10:37,STTD,2013,D,FALSE,CLR,NA,NA,10.5,0.31,721,NA,7.95,9.94,37.3,10,Low,920002,921929,1927,1927,12.67795379,12.67795379,1,Flood tide,NA,Aquatic Non-Insects,18,Family,Hydridae,Hydridae,Larvae,0,0,0,NA,NA,NA,NA,NA,NA,NA,NA,NA,NA,NA   NA   NA   NA,NA   NA   NA   NA
STTD_2013-02-22 10:37:00,2/22/2013 10:37,STTD,2013,D,FALSE,CLR,NA,NA,10.5,0.31,721,NA,7.95,9.94,37.3,10,Low,920002,921929,1927,1927,12.67795379,12.67795379,1,Flood tide,NA,Aquatic Non-Insects,18,Family,Hydridae,Hydridae,Pupae,0,0,0,NA,NA,NA,NA,NA,NA,NA,NA,NA,NA,NA   NA   NA   NA,NA   NA   NA   NA
STTD_2013-02-22 10:37:00,2/22/2013 10:37,STTD,2013,D,FALSE,CLR,NA,NA,10.5,0.31,721,NA,7.95,9.94,37.3,10,Low,920002,921929,1927,1927,12.67795379,12.67795379,1,Flood tide,NA,Aquatic Non-Insects,18,Family,Hydridae,Hydridae,Nymphs,0,0,0,NA,NA,NA,NA,NA,NA,NA,NA,NA,NA,NA   NA   NA   NA,NA   NA   NA   NA
STTD_2013-02-22 10:37:00,2/22/2013 10:37,STTD,2013,D,FALSE,CLR,NA,NA,10.5,0.31,721,NA,7.95,9.94,37.3,10,Low,920002,921929,1927,1927,12.67795379,12.67795379,1,Flood tide,NA,Aquatic Non-Insects,18,Family,Hydridae,Hydridae,Emergents,0,0,0,NA,NA,NA,NA,NA,NA,NA,NA,NA,NA,NA   NA   NA   NA,NA   NA   NA   NA
STTD_2013-02-22 10:37:00,2/22/2013 10:37,STTD,2013,D,FALSE,CLR,NA,NA,10.5,0.31,721,NA,7.95,9.94,37.3,10,Low,920002,921929,1927,1927,12.67795379,12.67795379,1,Flood tide,NA,Aquatic Non-Insects,18,Family,Hydridae,Hydridae,Adults,0,0,0,NA,NA,NA,NA,NA,NA,NA,NA,NA,NA,NA   NA   NA   NA,NA   NA   NA   NA
STTD_2013-02-22 10:37:00,2/22/2013 10:37,STTD,2013,D,FALSE,CLR,NA,NA,10.5,0.31,721,NA,7.95,9.94,37.3,10,Low,920002,921929,1927,1927,12.67795379,12.67795379,1,Flood tide,NA,Aquatic Non-Insects,18,Family,Hydridae,Hydridae,NotDetermined,1,0.079,0.079,NA,NA,NA,NA,NA,NA,NA,NA,NA,NA,NA   NA   NA   NA,NA   NA   NA   NA
STTD_2013-02-22 10:37:00,2/22/2013 10:37,STTD,2013,D,FALSE,CLR,NA,NA,10.5,0.31,721,NA,7.95,9.94,37.3,10,Low,920002,921929,1927,1927,12.67795379,12.67795379,1,Flood tide,NA,Terrestrial Insects,71,Order,Hemiptera,Hemiptera,Larvae,0,0,0,NA,NA,NA,NA,NA,NA,NA,NA,NA,NA,NA   NA   NA   NA,NA   NA   NA   NA
STTD_2013-02-22 10:37:00,2/22/2013 10:37,STTD,2013,D,FALSE,CLR,NA,NA,10.5,0.31,721,NA,7.95,9.94,37.3,10,Low,920002,921929,1927,1927,12.67795379,12.67795379,1,Flood tide,NA,Terrestrial Insects,71,Order,Hemiptera,Hemiptera,Pupae,0,0,0,NA,NA,NA,NA,NA,NA,NA,NA,NA,NA,NA   NA   NA   NA,NA   NA   NA   NA
STTD_2013-02-22 10:37:00,2/22/2013 10:37,STTD,2013,D,FALSE,CLR,NA,NA,10.5,0.31,721,NA,7.95,9.94,37.3,10,Low,920002,921929,1927,1927,12.67795379,12.67795379,1,Flood tide,NA,Terrestrial Insects,71,Order,Hemiptera,Hemiptera,Nymphs,0,0,0,NA,NA,NA,NA,NA,NA,NA,NA,NA,NA,NA   NA   NA   NA,NA   NA   NA   NA
STTD_2013-02-22 10:37:00,2/22/2013 10:37,STTD,2013,D,FALSE,CLR,NA,NA,10.5,0.31,721,NA,7.95,9.94,37.3,10,Low,920002,921929,1927,1927,12.67795379,12.67795379,1,Flood tide,NA,Terrestrial Insects,71,Order,Hemiptera,Hemiptera,Emergents,0,0,0,NA,NA,NA,NA,NA,NA,NA,NA,NA,NA,NA   NA   NA   NA,NA   NA   NA   NA
STTD_2013-02-22 10:37:00,2/22/2013 10:37,STTD,2013,D,FALSE,CLR,NA,NA,10.5,0.31,721,NA,7.95,9.94,37.3,10,Low,920002,921929,1927,1927,12.67795379,12.67795379,1,Flood tide,NA,Terrestrial Insects,71,Order,Hemiptera,Hemiptera,Adults,1,0.079,0.079,NA,NA,NA,NA,NA,NA,NA,NA,NA,NA,NA   NA   NA   NA,NA   NA   NA   NA
STTD_2013-02-22 10:37:00,2/22/2013 10:37,STTD,2013,D,FALSE,CLR,NA,NA,10.5,0.31,721,NA,7.95,9.94,37.3,10,Low,920002,921929,1927,1927,12.67795379,12.67795379,1,Flood tide,NA,Terrestrial Insects,71,Order,Hemiptera,Hemiptera,NotDetermined,0,0,0,NA,NA,NA,NA,NA,NA,NA,NA,NA,NA,NA   NA   NA   NA,NA   NA   NA   NA
STTD_2013-02-22 10:37:00,2/22/2013 10:37,STTD,2013,D,FALSE,CLR,NA,NA,10.5,0.31,721,NA,7.95,9.94,37.3,10,Low,920002,921929,1927,1927,12.67795379,12.67795379,1,Flood tide,NA,Terrestrial Insects,63,Order,Coleoptera,Coleoptera,Larvae,1,0.079,0.079,NA,NA,NA,NA,NA,NA,NA,NA,NA,NA,NA   NA   NA   NA,NA   NA   NA   NA
STTD_2013-02-22 10:37:00,2/22/2013 10:37,STTD,2013,D,FALSE,CLR,NA,NA,10.5,0.31,721,NA,7.95,9.94,37.3,10,Low,920002,921929,1927,1927,12.67795379,12.67795379,1,Flood tide,NA,Terrestrial Insects,63,Order,Coleoptera,Coleoptera,Pupae,0,0,0,NA,NA,NA,NA,NA,NA,NA,NA,NA,NA,NA   NA   NA   NA,NA   NA   NA   NA
STTD_2013-02-22 10:37:00,2/22/2013 10:37,STTD,2013,D,FALSE,CLR,NA,NA,10.5,0.31,721,NA,7.95,9.94,37.3,10,Low,920002,921929,1927,1927,12.67795379,12.67795379,1,Flood tide,NA,Terrestrial Insects,63,Order,Coleoptera,Coleoptera,Nymphs,0,0,0,NA,NA,NA,NA,NA,NA,NA,NA,NA,NA,NA   NA   NA   NA,NA   NA   NA   NA
STTD_2013-02-22 10:37:00,2/22/2013 10:37,STTD,2013,D,FALSE,CLR,NA,NA,10.5,0.31,721,NA,7.95,9.94,37.3,10,Low,920002,921929,1927,1927,12.67795379,12.67795379,1,Flood tide,NA,Terrestrial Insects,63,Order,Coleoptera,Coleoptera,Emergents,0,0,0,NA,NA,NA,NA,NA,NA,NA,NA,NA,NA,NA   NA   NA   NA,NA   NA   NA   NA
STTD_2013-02-22 10:37:00,2/22/2013 10:37,STTD,2013,D,FALSE,CLR,NA,NA,10.5,0.31,721,NA,7.95,9.94,37.3,10,Low,920002,921929,1927,1927,12.67795379,12.67795379,1,Flood tide,NA,Terrestrial Insects,63,Order,Coleoptera,Coleoptera,Adults,0,0,0,NA,NA,NA,NA,NA,NA,NA,NA,NA,NA,NA   NA   NA   NA,NA   NA   NA   NA
STTD_2013-02-22 10:37:00,2/22/2013 10:37,STTD,2013,D,FALSE,CLR,NA,NA,10.5,0.31,721,NA,7.95,9.94,37.3,10,Low,920002,921929,1927,1927,12.67795379,12.67795379,1,Flood tide,NA,Terrestrial Insects,63,Order,Coleoptera,Coleoptera,NotDetermined,0,0,0,NA,NA,NA,NA,NA,NA,NA,NA,NA,NA,NA   NA   NA   NA,NA   NA   NA   NA
STTD_2013-02-22 10:37:00,2/22/2013 10:37,STTD,2013,D,FALSE,CLR,NA,NA,10.5,0.31,721,NA,7.95,9.94,37.3,10,Low,920002,921929,1927,1927,12.67795379,12.67795379,1,Flood tide,NA,Terrestrial Non-Insects,68,Order,Collembola,Collembola,Larvae,0,0,0,NA,NA,NA,NA,NA,NA,NA,NA,NA,NA,NA   NA   NA   NA,NA   NA   NA   NA
STTD_2013-02-22 10:37:00,2/22/2013 10:37,STTD,2013,D,FALSE,CLR,NA,NA,10.5,0.31,721,NA,7.95,9.94,37.3,10,Low,920002,921929,1927,1927,12.67795379,12.67795379,1,Flood tide,NA,Terrestrial Non-Insects,68,Order,Collembola,Collembola,Pupae,0,0,0,NA,NA,NA,NA,NA,NA,NA,NA,NA,NA,NA   NA   NA   NA,NA   NA   NA   NA
STTD_2013-02-22 10:37:00,2/22/2013 10:37,STTD,2013,D,FALSE,CLR,NA,NA,10.5,0.31,721,NA,7.95,9.94,37.3,10,Low,920002,921929,1927,1927,12.67795379,12.67795379,1,Flood tide,NA,Terrestrial Non-Insects,68,Order,Collembola,Collembola,Nymphs,0,0,0,NA,NA,NA,NA,NA,NA,NA,NA,NA,NA,NA   NA   NA   NA,NA   NA   NA   NA
STTD_2013-02-22 10:37:00,2/22/2013 10:37,STTD,2013,D,FALSE,CLR,NA,NA,10.5,0.31,721,NA,7.95,9.94,37.3,10,Low,920002,921929,1927,1927,12.67795379,12.67795379,1,Flood tide,NA,Terrestrial Non-Insects,68,Order,Collembola,Collembola,Emergents,0,0,0,NA,NA,NA,NA,NA,NA,NA,NA,NA,NA,NA   NA   NA   NA,NA   NA   NA   NA
STTD_2013-02-22 10:37:00,2/22/2013 10:37,STTD,2013,D,FALSE,CLR,NA,NA,10.5,0.31,721,NA,7.95,9.94,37.3,10,Low,920002,921929,1927,1927,12.67795379,12.67795379,1,Flood tide,NA,Terrestrial Non-Insects,68,Order,Collembola,Collembola,Adults,0,0,0,NA,NA,NA,NA,NA,NA,NA,NA,NA,NA,NA   NA   NA   NA,NA   NA   NA   NA
STTD_2013-02-22 10:37:00,2/22/2013 10:37,STTD,2013,D,FALSE,CLR,NA,NA,10.5,0.31,721,NA,7.95,9.94,37.3,10,Low,920002,921929,1927,1927,12.67795379,12.67795379,1,Flood tide,NA,Terrestrial Non-Insects,68,Order,Collembola,Collembola,NotDetermined,7,0.552,0.552,NA,NA,NA,NA,NA,NA,NA,NA,NA,NA,NA   NA   NA   NA,NA   NA   NA   NA
STTD_2013-02-22 10:37:00,2/22/2013 10:37,STTD,2013,D,FALSE,CLR,NA,NA,10.5,0.31,721,NA,7.95,9.94,37.3,10,Low,920002,921929,1927,1927,12.67795379,12.67795379,1,Flood tide,NA,Terrestrial Non-Insects,58,Suborder,Araneida,Araneida,Larvae,0,0,0,NA,NA,NA,NA,NA,NA,NA,NA,NA,NA,NA   NA   NA   NA,NA   NA   NA   NA
STTD_2013-02-22 10:37:00,2/22/2013 10:37,STTD,2013,D,FALSE,CLR,NA,NA,10.5,0.31,721,NA,7.95,9.94,37.3,10,Low,920002,921929,1927,1927,12.67795379,12.67795379,1,Flood tide,NA,Terrestrial Non-Insects,58,Suborder,Araneida,Araneida,Pupae,0,0,0,NA,NA,NA,NA,NA,NA,NA,NA,NA,NA,NA   NA   NA   NA,NA   NA   NA   NA
STTD_2013-02-22 10:37:00,2/22/2013 10:37,STTD,2013,D,FALSE,CLR,NA,NA,10.5,0.31,721,NA,7.95,9.94,37.3,10,Low,920002,921929,1927,1927,12.67795379,12.67795379,1,Flood tide,NA,Terrestrial Non-Insects,58,Suborder,Araneida,Araneida,Nymphs,0,0,0,NA,NA,NA,NA,NA,NA,NA,NA,NA,NA,NA   NA   NA   NA,NA   NA   NA   NA
STTD_2013-02-22 10:37:00,2/22/2013 10:37,STTD,2013,D,FALSE,CLR,NA,NA,10.5,0.31,721,NA,7.95,9.94,37.3,10,Low,920002,921929,1927,1927,12.67795379,12.67795379,1,Flood tide,NA,Terrestrial Non-Insects,58,Suborder,Araneida,Araneida,Emergents,0,0,0,NA,NA,NA,NA,NA,NA,NA,NA,NA,NA,NA   NA   NA   NA,NA   NA   NA   NA
STTD_2013-02-22 10:37:00,2/22/2013 10:37,STTD,2013,D,FALSE,CLR,NA,NA,10.5,0.31,721,NA,7.95,9.94,37.3,10,Low,920002,921929,1927,1927,12.67795379,12.67795379,1,Flood tide,NA,Terrestrial Non-Insects,58,Suborder,Araneida,Araneida,Adults,0,0,0,NA,NA,NA,NA,NA,NA,NA,NA,NA,NA,NA   NA   NA   NA,NA   NA   NA   NA
STTD_2013-02-22 10:37:00,2/22/2013 10:37,STTD,2013,D,FALSE,CLR,NA,NA,10.5,0.31,721,NA,7.95,9.94,37.3,10,Low,920002,921929,1927,1927,12.67795379,12.67795379,1,Flood tide,NA,Terrestrial Non-Insects,58,Suborder,Araneida,Araneida,NotDetermined,1,0.079,0.079,NA,NA,NA,NA,NA,NA,NA,NA,NA,NA,NA   NA   NA   NA,NA   NA   NA   NA
SHR_2013-02-27 08:20:00,2/27/2013 8:20,SHR,2013,D,FALSE,CLD,NA,NA,9.9,1.23,108,NA,6.75,12.18,7.1,10,Low,917947,920000,2053,2053,13.50692223,13.50692223,1,NA,NA,Aquatic Insects,34,Family,Chironomidae,Chironomidae,Larvae,1,0.074,0.074,NA,NA,NA,NA,NA,NA,NA,NA,NA,NA,NA   NA   NA   NA,NA   NA   NA   NA
SHR_2013-02-27 08:20:00,2/27/2013 8:20,SHR,2013,D,FALSE,CLD,NA,NA,9.9,1.23,108,NA,6.75,12.18,7.1,10,Low,917947,920000,2053,2053,13.50692223,13.50692223,1,NA,NA,Aquatic Insects,34,Family,Chironomidae,Chironomidae,Pupae,0,0,0,NA,NA,NA,NA,NA,NA,NA,NA,NA,NA,NA   NA   NA   NA,NA   NA   NA   NA
SHR_2013-02-27 08:20:00,2/27/2013 8:20,SHR,2013,D,FALSE,CLD,NA,NA,9.9,1.23,108,NA,6.75,12.18,7.1,10,Low,917947,920000,2053,2053,13.50692223,13.50692223,1,NA,NA,Aquatic Insects,34,Family,Chironomidae,Chironomidae,Nymphs,0,0,0,NA,NA,NA,NA,NA,NA,NA,NA,NA,NA,NA   NA   NA   NA,NA   NA   NA   NA
SHR_2013-02-27 08:20:00,2/27/2013 8:20,SHR,2013,D,FALSE,CLD,NA,NA,9.9,1.23,108,NA,6.75,12.18,7.1,10,Low,917947,920000,2053,2053,13.50692223,13.50692223,1,NA,NA,Aquatic Insects,34,Family,Chironomidae,Chironomidae,Emergents,0,0,0,NA,NA,NA,NA,NA,NA,NA,NA,NA,NA,NA   NA   NA   NA,NA   NA   NA   NA
SHR_2013-02-27 08:20:00,2/27/2013 8:20,SHR,2013,D,FALSE,CLD,NA,NA,9.9,1.23,108,NA,6.75,12.18,7.1,10,Low,917947,920000,2053,2053,13.50692223,13.50692223,1,NA,NA,Aquatic Insects,34,Family,Chironomidae,Chironomidae,Adults,0,0,0,NA,NA,NA,NA,NA,NA,NA,NA,NA,NA,NA   NA   NA   NA,NA   NA   NA   NA
SHR_2013-02-27 08:20:00,2/27/2013 8:20,SHR,2013,D,FALSE,CLD,NA,NA,9.9,1.23,108,NA,6.75,12.18,7.1,10,Low,917947,920000,2053,2053,13.50692223,13.50692223,1,NA,NA,Aquatic Insects,34,Family,Chironomidae,Chironomidae,NotDetermined,0,0,0,NA,NA,NA,NA,NA,NA,NA,NA,NA,NA,NA   NA   NA   NA,NA   NA   NA   NA
SHR_2013-02-27 08:20:00,2/27/2013 8:20,SHR,2013,D,FALSE,CLD,NA,NA,9.9,1.23,108,NA,6.75,12.18,7.1,10,Low,917947,920000,2053,2053,13.50692223,13.50692223,1,NA,NA,Aquatic Non-Insects,9,Family,Corophiidae,Corophiidae,Larvae,0,0,0,NA,NA,NA,NA,NA,NA,NA,NA,NA,NA,NA   NA   NA   NA,NA   NA   NA   NA
SHR_2013-02-27 08:20:00,2/27/2013 8:20,SHR,2013,D,FALSE,CLD,NA,NA,9.9,1.23,108,NA,6.75,12.18,7.1,10,Low,917947,920000,2053,2053,13.50692223,13.50692223,1,NA,NA,Aquatic Non-Insects,9,Family,Corophiidae,Corophiidae,Pupae,0,0,0,NA,NA,NA,NA,NA,NA,NA,NA,NA,NA,NA   NA   NA   NA,NA   NA   NA   NA
SHR_2013-02-27 08:20:00,2/27/2013 8:20,SHR,2013,D,FALSE,CLD,NA,NA,9.9,1.23,108,NA,6.75,12.18,7.1,10,Low,917947,920000,2053,2053,13.50692223,13.50692223,1,NA,NA,Aquatic Non-Insects,9,Family,Corophiidae,Corophiidae,Nymphs,0,0,0,NA,NA,NA,NA,NA,NA,NA,NA,NA,NA,NA   NA   NA   NA,NA   NA   NA   NA
SHR_2013-02-27 08:20:00,2/27/2013 8:20,SHR,2013,D,FALSE,CLD,NA,NA,9.9,1.23,108,NA,6.75,12.18,7.1,10,Low,917947,920000,2053,2053,13.50692223,13.50692223,1,NA,NA,Aquatic Non-Insects,9,Family,Corophiidae,Corophiidae,Emergents,0,0,0,NA,NA,NA,NA,NA,NA,NA,NA,NA,NA,NA   NA   NA   NA,NA   NA   NA   NA
SHR_2013-02-27 08:20:00,2/27/2013 8:20,SHR,2013,D,FALSE,CLD,NA,NA,9.9,1.23,108,NA,6.75,12.18,7.1,10,Low,917947,920000,2053,2053,13.50692223,13.50692223,1,NA,NA,Aquatic Non-Insects,9,Family,Corophiidae,Corophiidae,Adults,0,0,0,NA,NA,NA,NA,NA,NA,NA,NA,NA,NA,NA   NA   NA   NA,NA   NA   NA   NA
SHR_2013-02-27 08:20:00,2/27/2013 8:20,SHR,2013,D,FALSE,CLD,NA,NA,9.9,1.23,108,NA,6.75,12.18,7.1,10,Low,917947,920000,2053,2053,13.50692223,13.50692223,1,NA,NA,Aquatic Non-Insects,9,Family,Corophiidae,Corophiidae,NotDetermined,1,0.074,0.074,NA,NA,NA,NA,NA,NA,NA,NA,NA,NA,NA   NA   NA   NA,NA   NA   NA   NA
SHR_2013-02-27 08:20:00,2/27/2013 8:20,SHR,2013,D,FALSE,CLD,NA,NA,9.9,1.23,108,NA,6.75,12.18,7.1,10,Low,917947,920000,2053,2053,13.50692223,13.50692223,1,NA,NA,Aquatic Non-Insects,18,Family,Hydridae,Hydridae,Larvae,0,0,0,NA,NA,NA,NA,NA,NA,NA,NA,NA,NA,NA   NA   NA   NA,NA   NA   NA   NA
SHR_2013-02-27 08:20:00,2/27/2013 8:20,SHR,2013,D,FALSE,CLD,NA,NA,9.9,1.23,108,NA,6.75,12.18,7.1,10,Low,917947,920000,2053,2053,13.50692223,13.50692223,1,NA,NA,Aquatic Non-Insects,18,Family,Hydridae,Hydridae,Pupae,0,0,0,NA,NA,NA,NA,NA,NA,NA,NA,NA,NA,NA   NA   NA   NA,NA   NA   NA   NA
SHR_2013-02-27 08:20:00,2/27/2013 8:20,SHR,2013,D,FALSE,CLD,NA,NA,9.9,1.23,108,NA,6.75,12.18,7.1,10,Low,917947,920000,2053,2053,13.50692223,13.50692223,1,NA,NA,Aquatic Non-Insects,18,Family,Hydridae,Hydridae,Nymphs,0,0,0,NA,NA,NA,NA,NA,NA,NA,NA,NA,NA,NA   NA   NA   NA,NA   NA   NA   NA
SHR_2013-02-27 08:20:00,2/27/2013 8:20,SHR,2013,D,FALSE,CLD,NA,NA,9.9,1.23,108,NA,6.75,12.18,7.1,10,Low,917947,920000,2053,2053,13.50692223,13.50692223,1,NA,NA,Aquatic Non-Insects,18,Family,Hydridae,Hydridae,Emergents,0,0,0,NA,NA,NA,NA,NA,NA,NA,NA,NA,NA,NA   NA   NA   NA,NA   NA   NA   NA
SHR_2013-02-27 08:20:00,2/27/2013 8:20,SHR,2013,D,FALSE,CLD,NA,NA,9.9,1.23,108,NA,6.75,12.18,7.1,10,Low,917947,920000,2053,2053,13.50692223,13.50692223,1,NA,NA,Aquatic Non-Insects,18,Family,Hydridae,Hydridae,Adults,0,0,0,NA,NA,NA,NA,NA,NA,NA,NA,NA,NA,NA   NA   NA   NA,NA   NA   NA   NA
SHR_2013-02-27 08:20:00,2/27/2013 8:20,SHR,2013,D,FALSE,CLD,NA,NA,9.9,1.23,108,NA,6.75,12.18,7.1,10,Low,917947,920000,2053,2053,13.50692223,13.50692223,1,NA,NA,Aquatic Non-Insects,18,Family,Hydridae,Hydridae,NotDetermined,2,0.148,0.148,NA,NA,NA,NA,NA,NA,NA,NA,NA,NA,NA   NA   NA   NA,NA   NA   NA   NA
STTD_2013-02-27 10:32:00,2/27/2013 10:32,STTD,2013,D,FALSE,CLD,NA,NA,10.7,0.23,764,NA,8.25,11.37,40.9,10,Low,915273,918000,2727,2727,17.94124546,17.94124546,1,ebb tide,NA,Aquatic Insects,88,Family,Hydroptilidae,Hydroptilidae,Larvae,0,0,0,NA,NA,NA,NA,NA,NA,NA,NA,NA,NA,NA   NA   NA   NA,NA   NA   NA   NA
STTD_2013-02-27 10:32:00,2/27/2013 10:32,STTD,2013,D,FALSE,CLD,NA,NA,10.7,0.23,764,NA,8.25,11.37,40.9,10,Low,915273,918000,2727,2727,17.94124546,17.94124546,1,ebb tide,NA,Aquatic Insects,88,Family,Hydroptilidae,Hydroptilidae,Pupae,0,0,0,NA,NA,NA,NA,NA,NA,NA,NA,NA,NA,NA   NA   NA   NA,NA   NA   NA   NA
STTD_2013-02-27 10:32:00,2/27/2013 10:32,STTD,2013,D,FALSE,CLD,NA,NA,10.7,0.23,764,NA,8.25,11.37,40.9,10,Low,915273,918000,2727,2727,17.94124546,17.94124546,1,ebb tide,NA,Aquatic Insects,88,Family,Hydroptilidae,Hydroptilidae,Nymphs,0,0,0,NA,NA,NA,NA,NA,NA,NA,NA,NA,NA,NA   NA   NA   NA,NA   NA   NA   NA
STTD_2013-02-27 10:32:00,2/27/2013 10:32,STTD,2013,D,FALSE,CLD,NA,NA,10.7,0.23,764,NA,8.25,11.37,40.9,10,Low,915273,918000,2727,2727,17.94124546,17.94124546,1,ebb tide,NA,Aquatic Insects,88,Family,Hydroptilidae,Hydroptilidae,Emergents,0,0,0,NA,NA,NA,NA,NA,NA,NA,NA,NA,NA,NA   NA   NA   NA,NA   NA   NA   NA
STTD_2013-02-27 10:32:00,2/27/2013 10:32,STTD,2013,D,FALSE,CLD,NA,NA,10.7,0.23,764,NA,8.25,11.37,40.9,10,Low,915273,918000,2727,2727,17.94124546,17.94124546,1,ebb tide,NA,Aquatic Insects,88,Family,Hydroptilidae,Hydroptilidae,Adults,1,0.056,0.056,NA,NA,NA,NA,NA,NA,NA,NA,NA,NA,NA   NA   NA   NA,NA   NA   NA   NA
STTD_2013-02-27 10:32:00,2/27/2013 10:32,STTD,2013,D,FALSE,CLD,NA,NA,10.7,0.23,764,NA,8.25,11.37,40.9,10,Low,915273,918000,2727,2727,17.94124546,17.94124546,1,ebb tide,NA,Aquatic Insects,88,Family,Hydroptilidae,Hydroptilidae,NotDetermined,0,0,0,NA,NA,NA,NA,NA,NA,NA,NA,NA,NA,NA   NA   NA   NA,NA   NA   NA   NA
STTD_2013-02-27 10:32:00,2/27/2013 10:32,STTD,2013,D,FALSE,CLD,NA,NA,10.7,0.23,764,NA,8.25,11.37,40.9,10,Low,915273,918000,2727,2727,17.94124546,17.94124546,1,ebb tide,NA,Aquatic Insects,46,Family,Coenagrionidae,Coenagrionidae,Larvae,1,0.056,0.056,NA,NA,NA,NA,NA,NA,NA,NA,NA,NA,NA   NA   NA   NA,NA   NA   NA   NA
STTD_2013-02-27 10:32:00,2/27/2013 10:32,STTD,2013,D,FALSE,CLD,NA,NA,10.7,0.23,764,NA,8.25,11.37,40.9,10,Low,915273,918000,2727,2727,17.94124546,17.94124546,1,ebb tide,NA,Aquatic Insects,46,Family,Coenagrionidae,Coenagrionidae,Pupae,0,0,0,NA,NA,NA,NA,NA,NA,NA,NA,NA,NA,NA   NA   NA   NA,NA   NA   NA   NA
STTD_2013-02-27 10:32:00,2/27/2013 10:32,STTD,2013,D,FALSE,CLD,NA,NA,10.7,0.23,764,NA,8.25,11.37,40.9,10,Low,915273,918000,2727,2727,17.94124546,17.94124546,1,ebb tide,NA,Aquatic Insects,46,Family,Coenagrionidae,Coenagrionidae,Nymphs,0,0,0,NA,NA,NA,NA,NA,NA,NA,NA,NA,NA,NA   NA   NA   NA,NA   NA   NA   NA
STTD_2013-02-27 10:32:00,2/27/2013 10:32,STTD,2013,D,FALSE,CLD,NA,NA,10.7,0.23,764,NA,8.25,11.37,40.9,10,Low,915273,918000,2727,2727,17.94124546,17.94124546,1,ebb tide,NA,Aquatic Insects,46,Family,Coenagrionidae,Coenagrionidae,Emergents,0,0,0,NA,NA,NA,NA,NA,NA,NA,NA,NA,NA,NA   NA   NA   NA,NA   NA   NA   NA
STTD_2013-02-27 10:32:00,2/27/2013 10:32,STTD,2013,D,FALSE,CLD,NA,NA,10.7,0.23,764,NA,8.25,11.37,40.9,10,Low,915273,918000,2727,2727,17.94124546,17.94124546,1,ebb tide,NA,Aquatic Insects,46,Family,Coenagrionidae,Coenagrionidae,Adults,0,0,0,NA,NA,NA,NA,NA,NA,NA,NA,NA,NA,NA   NA   NA   NA,NA   NA   NA   NA
STTD_2013-02-27 10:32:00,2/27/2013 10:32,STTD,2013,D,FALSE,CLD,NA,NA,10.7,0.23,764,NA,8.25,11.37,40.9,10,Low,915273,918000,2727,2727,17.94124546,17.94124546,1,ebb tide,NA,Aquatic Insects,46,Family,Coenagrionidae,Coenagrionidae,NotDetermined,0,0,0,NA,NA,NA,NA,NA,NA,NA,NA,NA,NA,NA   NA   NA   NA,NA   NA   NA   NA
STTD_2013-02-27 10:32:00,2/27/2013 10:32,STTD,2013,D,FALSE,CLD,NA,NA,10.7,0.23,764,NA,8.25,11.37,40.9,10,Low,915273,918000,2727,2727,17.94124546,17.94124546,1,ebb tide,NA,Aquatic Insects,44,Family,Corixidae,Corixidae,Larvae,7,0.39,0.39,NA,NA,NA,NA,NA,NA,NA,NA,NA,NA,NA   NA   NA   NA,NA   NA   NA   NA
STTD_2013-02-27 10:32:00,2/27/2013 10:32,STTD,2013,D,FALSE,CLD,NA,NA,10.7,0.23,764,NA,8.25,11.37,40.9,10,Low,915273,918000,2727,2727,17.94124546,17.94124546,1,ebb tide,NA,Aquatic Insects,44,Family,Corixidae,Corixidae,Pupae,0,0,0,NA,NA,NA,NA,NA,NA,NA,NA,NA,NA,NA   NA   NA   NA,NA   NA   NA   NA
STTD_2013-02-27 10:32:00,2/27/2013 10:32,STTD,2013,D,FALSE,CLD,NA,NA,10.7,0.23,764,NA,8.25,11.37,40.9,10,Low,915273,918000,2727,2727,17.94124546,17.94124546,1,ebb tide,NA,Aquatic Insects,44,Family,Corixidae,Corixidae,Nymphs,0,0,0,NA,NA,NA,NA,NA,NA,NA,NA,NA,NA,NA   NA   NA   NA,NA   NA   NA   NA
STTD_2013-02-27 10:32:00,2/27/2013 10:32,STTD,2013,D,FALSE,CLD,NA,NA,10.7,0.23,764,NA,8.25,11.37,40.9,10,Low,915273,918000,2727,2727,17.94124546,17.94124546,1,ebb tide,NA,Aquatic Insects,44,Family,Corixidae,Corixidae,Emergents,0,0,0,NA,NA,NA,NA,NA,NA,NA,NA,NA,NA,NA   NA   NA   NA,NA   NA   NA   NA
STTD_2013-02-27 10:32:00,2/27/2013 10:32,STTD,2013,D,FALSE,CLD,NA,NA,10.7,0.23,764,NA,8.25,11.37,40.9,10,Low,915273,918000,2727,2727,17.94124546,17.94124546,1,ebb tide,NA,Aquatic Insects,44,Family,Corixidae,Corixidae,Adults,0,0,0,NA,NA,NA,NA,NA,NA,NA,NA,NA,NA,NA   NA   NA   NA,NA   NA   NA   NA
STTD_2013-02-27 10:32:00,2/27/2013 10:32,STTD,2013,D,FALSE,CLD,NA,NA,10.7,0.23,764,NA,8.25,11.37,40.9,10,Low,915273,918000,2727,2727,17.94124546,17.94124546,1,ebb tide,NA,Aquatic Insects,44,Family,Corixidae,Corixidae,NotDetermined,0,0,0,NA,NA,NA,NA,NA,NA,NA,NA,NA,NA,NA   NA   NA   NA,NA   NA   NA   NA
STTD_2013-02-27 10:32:00,2/27/2013 10:32,STTD,2013,D,FALSE,CLD,NA,NA,10.7,0.23,764,NA,8.25,11.37,40.9,10,Low,915273,918000,2727,2727,17.94124546,17.94124546,1,ebb tide,NA,Aquatic Insects,34,Family,Chironomidae,Chironomidae,Larvae,1,0.056,0.056,NA,NA,NA,NA,NA,NA,NA,NA,NA,NA,NA   NA   NA   NA,NA   NA   NA   NA
STTD_2013-02-27 10:32:00,2/27/2013 10:32,STTD,2013,D,FALSE,CLD,NA,NA,10.7,0.23,764,NA,8.25,11.37,40.9,10,Low,915273,918000,2727,2727,17.94124546,17.94124546,1,ebb tide,NA,Aquatic Insects,34,Family,Chironomidae,Chironomidae,Pupae,1,0.056,0.056,NA,NA,NA,NA,NA,NA,NA,NA,NA,NA,NA   NA   NA   NA,NA   NA   NA   NA
STTD_2013-02-27 10:32:00,2/27/2013 10:32,STTD,2013,D,FALSE,CLD,NA,NA,10.7,0.23,764,NA,8.25,11.37,40.9,10,Low,915273,918000,2727,2727,17.94124546,17.94124546,1,ebb tide,NA,Aquatic Insects,34,Family,Chironomidae,Chironomidae,Nymphs,0,0,0,NA,NA,NA,NA,NA,NA,NA,NA,NA,NA,NA   NA   NA   NA,NA   NA   NA   NA
STTD_2013-02-27 10:32:00,2/27/2013 10:32,STTD,2013,D,FALSE,CLD,NA,NA,10.7,0.23,764,NA,8.25,11.37,40.9,10,Low,915273,918000,2727,2727,17.94124546,17.94124546,1,ebb tide,NA,Aquatic Insects,34,Family,Chironomidae,Chironomidae,Emergents,0,0,0,NA,NA,NA,NA,NA,NA,NA,NA,NA,NA,NA   NA   NA   NA,NA   NA   NA   NA
STTD_2013-02-27 10:32:00,2/27/2013 10:32,STTD,2013,D,FALSE,CLD,NA,NA,10.7,0.23,764,NA,8.25,11.37,40.9,10,Low,915273,918000,2727,2727,17.94124546,17.94124546,1,ebb tide,NA,Aquatic Insects,34,Family,Chironomidae,Chironomidae,Adults,216,12.039,12.039,NA,NA,NA,NA,NA,NA,NA,NA,NA,NA,NA   NA   NA   NA,NA   NA   NA   NA
STTD_2013-02-27 10:32:00,2/27/2013 10:32,STTD,2013,D,FALSE,CLD,NA,NA,10.7,0.23,764,NA,8.25,11.37,40.9,10,Low,915273,918000,2727,2727,17.94124546,17.94124546,1,ebb tide,NA,Aquatic Insects,34,Family,Chironomidae,Chironomidae,NotDetermined,0,0,0,NA,NA,NA,NA,NA,NA,NA,NA,NA,NA,NA   NA   NA   NA,NA   NA   NA   NA
STTD_2013-02-27 10:32:00,2/27/2013 10:32,STTD,2013,D,FALSE,CLD,NA,NA,10.7,0.23,764,NA,8.25,11.37,40.9,10,Low,915273,918000,2727,2727,17.94124546,17.94124546,1,ebb tide,NA,Aquatic Insects,37,Family,Psychodidae,Psychodidae,Larvae,0,0,0,NA,NA,NA,NA,NA,NA,NA,NA,NA,NA,NA   NA   NA   NA,NA   NA   NA   NA
STTD_2013-02-27 10:32:00,2/27/2013 10:32,STTD,2013,D,FALSE,CLD,NA,NA,10.7,0.23,764,NA,8.25,11.37,40.9,10,Low,915273,918000,2727,2727,17.94124546,17.94124546,1,ebb tide,NA,Aquatic Insects,37,Family,Psychodidae,Psychodidae,Pupae,0,0,0,NA,NA,NA,NA,NA,NA,NA,NA,NA,NA,NA   NA   NA   NA,NA   NA   NA   NA
STTD_2013-02-27 10:32:00,2/27/2013 10:32,STTD,2013,D,FALSE,CLD,NA,NA,10.7,0.23,764,NA,8.25,11.37,40.9,10,Low,915273,918000,2727,2727,17.94124546,17.94124546,1,ebb tide,NA,Aquatic Insects,37,Family,Psychodidae,Psychodidae,Nymphs,0,0,0,NA,NA,NA,NA,NA,NA,NA,NA,NA,NA,NA   NA   NA   NA,NA   NA   NA   NA
STTD_2013-02-27 10:32:00,2/27/2013 10:32,STTD,2013,D,FALSE,CLD,NA,NA,10.7,0.23,764,NA,8.25,11.37,40.9,10,Low,915273,918000,2727,2727,17.94124546,17.94124546,1,ebb tide,NA,Aquatic Insects,37,Family,Psychodidae,Psychodidae,Emergents,0,0,0,NA,NA,NA,NA,NA,NA,NA,NA,NA,NA,NA   NA   NA   NA,NA   NA   NA   NA
STTD_2013-02-27 10:32:00,2/27/2013 10:32,STTD,2013,D,FALSE,CLD,NA,NA,10.7,0.23,764,NA,8.25,11.37,40.9,10,Low,915273,918000,2727,2727,17.94124546,17.94124546,1,ebb tide,NA,Aquatic Insects,37,Family,Psychodidae,Psychodidae,Adults,2,0.111,0.111,NA,NA,NA,NA,NA,NA,NA,NA,NA,NA,NA   NA   NA   NA,NA   NA   NA   NA
STTD_2013-02-27 10:32:00,2/27/2013 10:32,STTD,2013,D,FALSE,CLD,NA,NA,10.7,0.23,764,NA,8.25,11.37,40.9,10,Low,915273,918000,2727,2727,17.94124546,17.94124546,1,ebb tide,NA,Aquatic Insects,37,Family,Psychodidae,Psychodidae,NotDetermined,0,0,0,NA,NA,NA,NA,NA,NA,NA,NA,NA,NA,NA   NA   NA   NA,NA   NA   NA   NA
STTD_2013-02-27 10:32:00,2/27/2013 10:32,STTD,2013,D,FALSE,CLD,NA,NA,10.7,0.23,764,NA,8.25,11.37,40.9,10,Low,915273,918000,2727,2727,17.94124546,17.94124546,1,ebb tide,NA,Aquatic Non-Insects,142,Family,Sphaeriidae,Sphaeriidae,Larvae,0,0,0,NA,NA,NA,NA,NA,NA,NA,NA,NA,NA,NA   NA   NA   NA,NA   NA   NA   NA
STTD_2013-02-27 10:32:00,2/27/2013 10:32,STTD,2013,D,FALSE,CLD,NA,NA,10.7,0.23,764,NA,8.25,11.37,40.9,10,Low,915273,918000,2727,2727,17.94124546,17.94124546,1,ebb tide,NA,Aquatic Non-Insects,142,Family,Sphaeriidae,Sphaeriidae,Pupae,0,0,0,NA,NA,NA,NA,NA,NA,NA,NA,NA,NA,NA   NA   NA   NA,NA   NA   NA   NA
STTD_2013-02-27 10:32:00,2/27/2013 10:32,STTD,2013,D,FALSE,CLD,NA,NA,10.7,0.23,764,NA,8.25,11.37,40.9,10,Low,915273,918000,2727,2727,17.94124546,17.94124546,1,ebb tide,NA,Aquatic Non-Insects,142,Family,Sphaeriidae,Sphaeriidae,Nymphs,0,0,0,NA,NA,NA,NA,NA,NA,NA,NA,NA,NA,NA   NA   NA   NA,NA   NA   NA   NA
STTD_2013-02-27 10:32:00,2/27/2013 10:32,STTD,2013,D,FALSE,CLD,NA,NA,10.7,0.23,764,NA,8.25,11.37,40.9,10,Low,915273,918000,2727,2727,17.94124546,17.94124546,1,ebb tide,NA,Aquatic Non-Insects,142,Family,Sphaeriidae,Sphaeriidae,Emergents,0,0,0,NA,NA,NA,NA,NA,NA,NA,NA,NA,NA,NA   NA   NA   NA,NA   NA   NA   NA
STTD_2013-02-27 10:32:00,2/27/2013 10:32,STTD,2013,D,FALSE,CLD,NA,NA,10.7,0.23,764,NA,8.25,11.37,40.9,10,Low,915273,918000,2727,2727,17.94124546,17.94124546,1,ebb tide,NA,Aquatic Non-Insects,142,Family,Sphaeriidae,Sphaeriidae,Adults,0,0,0,NA,NA,NA,NA,NA,NA,NA,NA,NA,NA,NA   NA   NA   NA,NA   NA   NA   NA
STTD_2013-02-27 10:32:00,2/27/2013 10:32,STTD,2013,D,FALSE,CLD,NA,NA,10.7,0.23,764,NA,8.25,11.37,40.9,10,Low,915273,918000,2727,2727,17.94124546,17.94124546,1,ebb tide,NA,Aquatic Non-Insects,142,Family,Sphaeriidae,Sphaeriidae,NotDetermined,1,0.056,0.056,NA,NA,NA,NA,NA,NA,NA,NA,NA,NA,NA   NA   NA   NA,NA   NA   NA   NA
STTD_2013-02-27 10:32:00,2/27/2013 10:32,STTD,2013,D,FALSE,CLD,NA,NA,10.7,0.23,764,NA,8.25,11.37,40.9,10,Low,915273,918000,2727,2727,17.94124546,17.94124546,1,ebb tide,NA,Aquatic Non-Insects,20,Family,Physidae,Physidae,Larvae,0,0,0,NA,NA,NA,NA,NA,NA,NA,NA,NA,NA,NA   NA   NA   NA,NA   NA   NA   NA
STTD_2013-02-27 10:32:00,2/27/2013 10:32,STTD,2013,D,FALSE,CLD,NA,NA,10.7,0.23,764,NA,8.25,11.37,40.9,10,Low,915273,918000,2727,2727,17.94124546,17.94124546,1,ebb tide,NA,Aquatic Non-Insects,20,Family,Physidae,Physidae,Pupae,0,0,0,NA,NA,NA,NA,NA,NA,NA,NA,NA,NA,NA   NA   NA   NA,NA   NA   NA   NA
STTD_2013-02-27 10:32:00,2/27/2013 10:32,STTD,2013,D,FALSE,CLD,NA,NA,10.7,0.23,764,NA,8.25,11.37,40.9,10,Low,915273,918000,2727,2727,17.94124546,17.94124546,1,ebb tide,NA,Aquatic Non-Insects,20,Family,Physidae,Physidae,Nymphs,0,0,0,NA,NA,NA,NA,NA,NA,NA,NA,NA,NA,NA   NA   NA   NA,NA   NA   NA   NA
STTD_2013-02-27 10:32:00,2/27/2013 10:32,STTD,2013,D,FALSE,CLD,NA,NA,10.7,0.23,764,NA,8.25,11.37,40.9,10,Low,915273,918000,2727,2727,17.94124546,17.94124546,1,ebb tide,NA,Aquatic Non-Insects,20,Family,Physidae,Physidae,Emergents,0,0,0,NA,NA,NA,NA,NA,NA,NA,NA,NA,NA,NA   NA   NA   NA,NA   NA   NA   NA
STTD_2013-02-27 10:32:00,2/27/2013 10:32,STTD,2013,D,FALSE,CLD,NA,NA,10.7,0.23,764,NA,8.25,11.37,40.9,10,Low,915273,918000,2727,2727,17.94124546,17.94124546,1,ebb tide,NA,Aquatic Non-Insects,20,Family,Physidae,Physidae,Adults,0,0,0,NA,NA,NA,NA,NA,NA,NA,NA,NA,NA,NA   NA   NA   NA,NA   NA   NA   NA
STTD_2013-02-27 10:32:00,2/27/2013 10:32,STTD,2013,D,FALSE,CLD,NA,NA,10.7,0.23,764,NA,8.25,11.37,40.9,10,Low,915273,918000,2727,2727,17.94124546,17.94124546,1,ebb tide,NA,Aquatic Non-Insects,20,Family,Physidae,Physidae,NotDetermined,1,0.056,0.056,NA,NA,NA,NA,NA,NA,NA,NA,NA,NA,NA   NA   NA   NA,NA   NA   NA   NA
STTD_2013-02-27 10:32:00,2/27/2013 10:32,STTD,2013,D,FALSE,CLD,NA,NA,10.7,0.23,764,NA,8.25,11.37,40.9,10,Low,915273,918000,2727,2727,17.94124546,17.94124546,1,ebb tide,NA,Aquatic Non-Insects,15,Family,Hyalellidae,Hyalellidae,Larvae,0,0,0,NA,NA,NA,NA,NA,NA,NA,NA,NA,NA,NA   NA   NA   NA,NA   NA   NA   NA
STTD_2013-02-27 10:32:00,2/27/2013 10:32,STTD,2013,D,FALSE,CLD,NA,NA,10.7,0.23,764,NA,8.25,11.37,40.9,10,Low,915273,918000,2727,2727,17.94124546,17.94124546,1,ebb tide,NA,Aquatic Non-Insects,15,Family,Hyalellidae,Hyalellidae,Pupae,0,0,0,NA,NA,NA,NA,NA,NA,NA,NA,NA,NA,NA   NA   NA   NA,NA   NA   NA   NA
STTD_2013-02-27 10:32:00,2/27/2013 10:32,STTD,2013,D,FALSE,CLD,NA,NA,10.7,0.23,764,NA,8.25,11.37,40.9,10,Low,915273,918000,2727,2727,17.94124546,17.94124546,1,ebb tide,NA,Aquatic Non-Insects,15,Family,Hyalellidae,Hyalellidae,Nymphs,0,0,0,NA,NA,NA,NA,NA,NA,NA,NA,NA,NA,NA   NA   NA   NA,NA   NA   NA   NA
STTD_2013-02-27 10:32:00,2/27/2013 10:32,STTD,2013,D,FALSE,CLD,NA,NA,10.7,0.23,764,NA,8.25,11.37,40.9,10,Low,915273,918000,2727,2727,17.94124546,17.94124546,1,ebb tide,NA,Aquatic Non-Insects,15,Family,Hyalellidae,Hyalellidae,Emergents,0,0,0,NA,NA,NA,NA,NA,NA,NA,NA,NA,NA,NA   NA   NA   NA,NA   NA   NA   NA
STTD_2013-02-27 10:32:00,2/27/2013 10:32,STTD,2013,D,FALSE,CLD,NA,NA,10.7,0.23,764,NA,8.25,11.37,40.9,10,Low,915273,918000,2727,2727,17.94124546,17.94124546,1,ebb tide,NA,Aquatic Non-Insects,15,Family,Hyalellidae,Hyalellidae,Adults,0,0,0,NA,NA,NA,NA,NA,NA,NA,NA,NA,NA,NA   NA   NA   NA,NA   NA   NA   NA
STTD_2013-02-27 10:32:00,2/27/2013 10:32,STTD,2013,D,FALSE,CLD,NA,NA,10.7,0.23,764,NA,8.25,11.37,40.9,10,Low,915273,918000,2727,2727,17.94124546,17.94124546,1,ebb tide,NA,Aquatic Non-Insects,15,Family,Hyalellidae,Hyalellidae,NotDetermined,4,0.223,0.223,NA,NA,NA,NA,NA,NA,NA,NA,NA,NA,NA   NA   NA   NA,NA   NA   NA   NA
STTD_2013-02-27 10:32:00,2/27/2013 10:32,STTD,2013,D,FALSE,CLD,NA,NA,10.7,0.23,764,NA,8.25,11.37,40.9,10,Low,915273,918000,2727,2727,17.94124546,17.94124546,1,ebb tide,NA,Aquatic Non-Insects,18,Family,Hydridae,Hydridae,Larvae,0,0,0,NA,NA,NA,NA,NA,NA,NA,NA,NA,NA,NA   NA   NA   NA,NA   NA   NA   NA
STTD_2013-02-27 10:32:00,2/27/2013 10:32,STTD,2013,D,FALSE,CLD,NA,NA,10.7,0.23,764,NA,8.25,11.37,40.9,10,Low,915273,918000,2727,2727,17.94124546,17.94124546,1,ebb tide,NA,Aquatic Non-Insects,18,Family,Hydridae,Hydridae,Pupae,0,0,0,NA,NA,NA,NA,NA,NA,NA,NA,NA,NA,NA   NA   NA   NA,NA   NA   NA   NA
STTD_2013-02-27 10:32:00,2/27/2013 10:32,STTD,2013,D,FALSE,CLD,NA,NA,10.7,0.23,764,NA,8.25,11.37,40.9,10,Low,915273,918000,2727,2727,17.94124546,17.94124546,1,ebb tide,NA,Aquatic Non-Insects,18,Family,Hydridae,Hydridae,Nymphs,0,0,0,NA,NA,NA,NA,NA,NA,NA,NA,NA,NA,NA   NA   NA   NA,NA   NA   NA   NA
STTD_2013-02-27 10:32:00,2/27/2013 10:32,STTD,2013,D,FALSE,CLD,NA,NA,10.7,0.23,764,NA,8.25,11.37,40.9,10,Low,915273,918000,2727,2727,17.94124546,17.94124546,1,ebb tide,NA,Aquatic Non-Insects,18,Family,Hydridae,Hydridae,Emergents,0,0,0,NA,NA,NA,NA,NA,NA,NA,NA,NA,NA,NA   NA   NA   NA,NA   NA   NA   NA
STTD_2013-02-27 10:32:00,2/27/2013 10:32,STTD,2013,D,FALSE,CLD,NA,NA,10.7,0.23,764,NA,8.25,11.37,40.9,10,Low,915273,918000,2727,2727,17.94124546,17.94124546,1,ebb tide,NA,Aquatic Non-Insects,18,Family,Hydridae,Hydridae,Adults,0,0,0,NA,NA,NA,NA,NA,NA,NA,NA,NA,NA,NA   NA   NA   NA,NA   NA   NA   NA
STTD_2013-02-27 10:32:00,2/27/2013 10:32,STTD,2013,D,FALSE,CLD,NA,NA,10.7,0.23,764,NA,8.25,11.37,40.9,10,Low,915273,918000,2727,2727,17.94124546,17.94124546,1,ebb tide,NA,Aquatic Non-Insects,18,Family,Hydridae,Hydridae,NotDetermined,10,0.557,0.557,NA,NA,NA,NA,NA,NA,NA,NA,NA,NA,NA   NA   NA   NA,NA   NA   NA   NA
STTD_2013-02-27 10:32:00,2/27/2013 10:32,STTD,2013,D,FALSE,CLD,NA,NA,10.7,0.23,764,NA,8.25,11.37,40.9,10,Low,915273,918000,2727,2727,17.94124546,17.94124546,1,ebb tide,NA,Terrestrial Insects,71,Order,Hemiptera,Hemiptera,Larvae,5,0.279,0.279,NA,NA,NA,NA,NA,NA,NA,NA,NA,NA,NA   NA   NA   NA,NA   NA   NA   NA
STTD_2013-02-27 10:32:00,2/27/2013 10:32,STTD,2013,D,FALSE,CLD,NA,NA,10.7,0.23,764,NA,8.25,11.37,40.9,10,Low,915273,918000,2727,2727,17.94124546,17.94124546,1,ebb tide,NA,Terrestrial Insects,71,Order,Hemiptera,Hemiptera,Pupae,0,0,0,NA,NA,NA,NA,NA,NA,NA,NA,NA,NA,NA   NA   NA   NA,NA   NA   NA   NA
STTD_2013-02-27 10:32:00,2/27/2013 10:32,STTD,2013,D,FALSE,CLD,NA,NA,10.7,0.23,764,NA,8.25,11.37,40.9,10,Low,915273,918000,2727,2727,17.94124546,17.94124546,1,ebb tide,NA,Terrestrial Insects,71,Order,Hemiptera,Hemiptera,Nymphs,0,0,0,NA,NA,NA,NA,NA,NA,NA,NA,NA,NA,NA   NA   NA   NA,NA   NA   NA   NA
STTD_2013-02-27 10:32:00,2/27/2013 10:32,STTD,2013,D,FALSE,CLD,NA,NA,10.7,0.23,764,NA,8.25,11.37,40.9,10,Low,915273,918000,2727,2727,17.94124546,17.94124546,1,ebb tide,NA,Terrestrial Insects,71,Order,Hemiptera,Hemiptera,Emergents,0,0,0,NA,NA,NA,NA,NA,NA,NA,NA,NA,NA,NA   NA   NA   NA,NA   NA   NA   NA
STTD_2013-02-27 10:32:00,2/27/2013 10:32,STTD,2013,D,FALSE,CLD,NA,NA,10.7,0.23,764,NA,8.25,11.37,40.9,10,Low,915273,918000,2727,2727,17.94124546,17.94124546,1,ebb tide,NA,Terrestrial Insects,71,Order,Hemiptera,Hemiptera,Adults,0,0,0,NA,NA,NA,NA,NA,NA,NA,NA,NA,NA,NA   NA   NA   NA,NA   NA   NA   NA
STTD_2013-02-27 10:32:00,2/27/2013 10:32,STTD,2013,D,FALSE,CLD,NA,NA,10.7,0.23,764,NA,8.25,11.37,40.9,10,Low,915273,918000,2727,2727,17.94124546,17.94124546,1,ebb tide,NA,Terrestrial Insects,71,Order,Hemiptera,Hemiptera,NotDetermined,0,0,0,NA,NA,NA,NA,NA,NA,NA,NA,NA,NA,NA   NA   NA   NA,NA   NA   NA   NA
STTD_2013-02-27 10:32:00,2/27/2013 10:32,STTD,2013,D,FALSE,CLD,NA,NA,10.7,0.23,764,NA,8.25,11.37,40.9,10,Low,915273,918000,2727,2727,17.94124546,17.94124546,1,ebb tide,NA,Terrestrial Insects,63,Order,Coleoptera,Coleoptera,Larvae,0,0,0,NA,NA,NA,NA,NA,NA,NA,NA,NA,NA,NA   NA   NA   NA,NA   NA   NA   NA
STTD_2013-02-27 10:32:00,2/27/2013 10:32,STTD,2013,D,FALSE,CLD,NA,NA,10.7,0.23,764,NA,8.25,11.37,40.9,10,Low,915273,918000,2727,2727,17.94124546,17.94124546,1,ebb tide,NA,Terrestrial Insects,63,Order,Coleoptera,Coleoptera,Pupae,0,0,0,NA,NA,NA,NA,NA,NA,NA,NA,NA,NA,NA   NA   NA   NA,NA   NA   NA   NA
STTD_2013-02-27 10:32:00,2/27/2013 10:32,STTD,2013,D,FALSE,CLD,NA,NA,10.7,0.23,764,NA,8.25,11.37,40.9,10,Low,915273,918000,2727,2727,17.94124546,17.94124546,1,ebb tide,NA,Terrestrial Insects,63,Order,Coleoptera,Coleoptera,Nymphs,0,0,0,NA,NA,NA,NA,NA,NA,NA,NA,NA,NA,NA   NA   NA   NA,NA   NA   NA   NA
STTD_2013-02-27 10:32:00,2/27/2013 10:32,STTD,2013,D,FALSE,CLD,NA,NA,10.7,0.23,764,NA,8.25,11.37,40.9,10,Low,915273,918000,2727,2727,17.94124546,17.94124546,1,ebb tide,NA,Terrestrial Insects,63,Order,Coleoptera,Coleoptera,Emergents,0,0,0,NA,NA,NA,NA,NA,NA,NA,NA,NA,NA,NA   NA   NA   NA,NA   NA   NA   NA
STTD_2013-02-27 10:32:00,2/27/2013 10:32,STTD,2013,D,FALSE,CLD,NA,NA,10.7,0.23,764,NA,8.25,11.37,40.9,10,Low,915273,918000,2727,2727,17.94124546,17.94124546,1,ebb tide,NA,Terrestrial Insects,63,Order,Coleoptera,Coleoptera,Adults,3,0.167,0.167,NA,NA,NA,NA,NA,NA,NA,NA,NA,NA,NA   NA   NA   NA,NA   NA   NA   NA
STTD_2013-02-27 10:32:00,2/27/2013 10:32,STTD,2013,D,FALSE,CLD,NA,NA,10.7,0.23,764,NA,8.25,11.37,40.9,10,Low,915273,918000,2727,2727,17.94124546,17.94124546,1,ebb tide,NA,Terrestrial Insects,63,Order,Coleoptera,Coleoptera,NotDetermined,0,0,0,NA,NA,NA,NA,NA,NA,NA,NA,NA,NA,NA   NA   NA   NA,NA   NA   NA   NA
STTD_2013-02-27 10:32:00,2/27/2013 10:32,STTD,2013,D,FALSE,CLD,NA,NA,10.7,0.23,764,NA,8.25,11.37,40.9,10,Low,915273,918000,2727,2727,17.94124546,17.94124546,1,ebb tide,NA,Terrestrial Insects,64,Order,Diptera,Diptera,Larvae,0,0,0,NA,NA,NA,NA,NA,NA,NA,NA,NA,NA,NA   NA   NA   NA,NA   NA   NA   NA
STTD_2013-02-27 10:32:00,2/27/2013 10:32,STTD,2013,D,FALSE,CLD,NA,NA,10.7,0.23,764,NA,8.25,11.37,40.9,10,Low,915273,918000,2727,2727,17.94124546,17.94124546,1,ebb tide,NA,Terrestrial Insects,64,Order,Diptera,Diptera,Pupae,0,0,0,NA,NA,NA,NA,NA,NA,NA,NA,NA,NA,NA   NA   NA   NA,NA   NA   NA   NA
STTD_2013-02-27 10:32:00,2/27/2013 10:32,STTD,2013,D,FALSE,CLD,NA,NA,10.7,0.23,764,NA,8.25,11.37,40.9,10,Low,915273,918000,2727,2727,17.94124546,17.94124546,1,ebb tide,NA,Terrestrial Insects,64,Order,Diptera,Diptera,Nymphs,0,0,0,NA,NA,NA,NA,NA,NA,NA,NA,NA,NA,NA   NA   NA   NA,NA   NA   NA   NA
STTD_2013-02-27 10:32:00,2/27/2013 10:32,STTD,2013,D,FALSE,CLD,NA,NA,10.7,0.23,764,NA,8.25,11.37,40.9,10,Low,915273,918000,2727,2727,17.94124546,17.94124546,1,ebb tide,NA,Terrestrial Insects,64,Order,Diptera,Diptera,Emergents,0,0,0,NA,NA,NA,NA,NA,NA,NA,NA,NA,NA,NA   NA   NA   NA,NA   NA   NA   NA
STTD_2013-02-27 10:32:00,2/27/2013 10:32,STTD,2013,D,FALSE,CLD,NA,NA,10.7,0.23,764,NA,8.25,11.37,40.9,10,Low,915273,918000,2727,2727,17.94124546,17.94124546,1,ebb tide,NA,Terrestrial Insects,64,Order,Diptera,Diptera,Adults,7,0.39,0.39,NA,NA,NA,NA,NA,NA,NA,NA,NA,NA,NA   NA   NA   NA,NA   NA   NA   NA
STTD_2013-02-27 10:32:00,2/27/2013 10:32,STTD,2013,D,FALSE,CLD,NA,NA,10.7,0.23,764,NA,8.25,11.37,40.9,10,Low,915273,918000,2727,2727,17.94124546,17.94124546,1,ebb tide,NA,Terrestrial Insects,64,Order,Diptera,Diptera,NotDetermined,0,0,0,NA,NA,NA,NA,NA,NA,NA,NA,NA,NA,NA   NA   NA   NA,NA   NA   NA   NA
STTD_2013-02-27 10:32:00,2/27/2013 10:32,STTD,2013,D,FALSE,CLD,NA,NA,10.7,0.23,764,NA,8.25,11.37,40.9,10,Low,915273,918000,2727,2727,17.94124546,17.94124546,1,ebb tide,NA,Terrestrial Non-Insects,68,Order,Collembola,Collembola,Larvae,0,0,0,NA,NA,NA,NA,NA,NA,NA,NA,NA,NA,NA   NA   NA   NA,NA   NA   NA   NA
STTD_2013-02-27 10:32:00,2/27/2013 10:32,STTD,2013,D,FALSE,CLD,NA,NA,10.7,0.23,764,NA,8.25,11.37,40.9,10,Low,915273,918000,2727,2727,17.94124546,17.94124546,1,ebb tide,NA,Terrestrial Non-Insects,68,Order,Collembola,Collembola,Pupae,0,0,0,NA,NA,NA,NA,NA,NA,NA,NA,NA,NA,NA   NA   NA   NA,NA   NA   NA   NA
STTD_2013-02-27 10:32:00,2/27/2013 10:32,STTD,2013,D,FALSE,CLD,NA,NA,10.7,0.23,764,NA,8.25,11.37,40.9,10,Low,915273,918000,2727,2727,17.94124546,17.94124546,1,ebb tide,NA,Terrestrial Non-Insects,68,Order,Collembola,Collembola,Nymphs,0,0,0,NA,NA,NA,NA,NA,NA,NA,NA,NA,NA,NA   NA   NA   NA,NA   NA   NA   NA
STTD_2013-02-27 10:32:00,2/27/2013 10:32,STTD,2013,D,FALSE,CLD,NA,NA,10.7,0.23,764,NA,8.25,11.37,40.9,10,Low,915273,918000,2727,2727,17.94124546,17.94124546,1,ebb tide,NA,Terrestrial Non-Insects,68,Order,Collembola,Collembola,Emergents,0,0,0,NA,NA,NA,NA,NA,NA,NA,NA,NA,NA,NA   NA   NA   NA,NA   NA   NA   NA
STTD_2013-02-27 10:32:00,2/27/2013 10:32,STTD,2013,D,FALSE,CLD,NA,NA,10.7,0.23,764,NA,8.25,11.37,40.9,10,Low,915273,918000,2727,2727,17.94124546,17.94124546,1,ebb tide,NA,Terrestrial Non-Insects,68,Order,Collembola,Collembola,Adults,0,0,0,NA,NA,NA,NA,NA,NA,NA,NA,NA,NA,NA   NA   NA   NA,NA   NA   NA   NA
STTD_2013-02-27 10:32:00,2/27/2013 10:32,STTD,2013,D,FALSE,CLD,NA,NA,10.7,0.23,764,NA,8.25,11.37,40.9,10,Low,915273,918000,2727,2727,17.94124546,17.94124546,1,ebb tide,NA,Terrestrial Non-Insects,68,Order,Collembola,Collembola,NotDetermined,118,6.577,6.577,NA,NA,NA,NA,NA,NA,NA,NA,NA,NA,NA   NA   NA   NA,NA   NA   NA   NA
STTD_2013-02-27 10:32:00,2/27/2013 10:32,STTD,2013,D,FALSE,CLD,NA,NA,10.7,0.23,764,NA,8.25,11.37,40.9,10,Low,915273,918000,2727,2727,17.94124546,17.94124546,1,ebb tide,NA,Terrestrial Insects,66,Order,Hymenoptera,Hymenoptera,Larvae,0,0,0,NA,NA,NA,NA,NA,NA,NA,NA,NA,NA,NA   NA   NA   NA,NA   NA   NA   NA
STTD_2013-02-27 10:32:00,2/27/2013 10:32,STTD,2013,D,FALSE,CLD,NA,NA,10.7,0.23,764,NA,8.25,11.37,40.9,10,Low,915273,918000,2727,2727,17.94124546,17.94124546,1,ebb tide,NA,Terrestrial Insects,66,Order,Hymenoptera,Hymenoptera,Pupae,0,0,0,NA,NA,NA,NA,NA,NA,NA,NA,NA,NA,NA   NA   NA   NA,NA   NA   NA   NA
STTD_2013-02-27 10:32:00,2/27/2013 10:32,STTD,2013,D,FALSE,CLD,NA,NA,10.7,0.23,764,NA,8.25,11.37,40.9,10,Low,915273,918000,2727,2727,17.94124546,17.94124546,1,ebb tide,NA,Terrestrial Insects,66,Order,Hymenoptera,Hymenoptera,Nymphs,0,0,0,NA,NA,NA,NA,NA,NA,NA,NA,NA,NA,NA   NA   NA   NA,NA   NA   NA   NA
STTD_2013-02-27 10:32:00,2/27/2013 10:32,STTD,2013,D,FALSE,CLD,NA,NA,10.7,0.23,764,NA,8.25,11.37,40.9,10,Low,915273,918000,2727,2727,17.94124546,17.94124546,1,ebb tide,NA,Terrestrial Insects,66,Order,Hymenoptera,Hymenoptera,Emergents,0,0,0,NA,NA,NA,NA,NA,NA,NA,NA,NA,NA,NA   NA   NA   NA,NA   NA   NA   NA
STTD_2013-02-27 10:32:00,2/27/2013 10:32,STTD,2013,D,FALSE,CLD,NA,NA,10.7,0.23,764,NA,8.25,11.37,40.9,10,Low,915273,918000,2727,2727,17.94124546,17.94124546,1,ebb tide,NA,Terrestrial Insects,66,Order,Hymenoptera,Hymenoptera,Adults,2,0.111,0.111,NA,NA,NA,NA,NA,NA,NA,NA,NA,NA,NA   NA   NA   NA,NA   NA   NA   NA
STTD_2013-02-27 10:32:00,2/27/2013 10:32,STTD,2013,D,FALSE,CLD,NA,NA,10.7,0.23,764,NA,8.25,11.37,40.9,10,Low,915273,918000,2727,2727,17.94124546,17.94124546,1,ebb tide,NA,Terrestrial Insects,66,Order,Hymenoptera,Hymenoptera,NotDetermined,0,0,0,NA,NA,NA,NA,NA,NA,NA,NA,NA,NA,NA   NA   NA   NA,NA   NA   NA   NA
STTD_2013-02-27 10:32:00,2/27/2013 10:32,STTD,2013,D,FALSE,CLD,NA,NA,10.7,0.23,764,NA,8.25,11.37,40.9,10,Low,915273,918000,2727,2727,17.94124546,17.94124546,1,ebb tide,NA,Terrestrial Non-Insects,57,Subclass,Acari,Acari,Larvae,0,0,0,NA,NA,NA,NA,NA,NA,NA,NA,NA,NA,NA   NA   NA   NA,NA   NA   NA   NA
STTD_2013-02-27 10:32:00,2/27/2013 10:32,STTD,2013,D,FALSE,CLD,NA,NA,10.7,0.23,764,NA,8.25,11.37,40.9,10,Low,915273,918000,2727,2727,17.94124546,17.94124546,1,ebb tide,NA,Terrestrial Non-Insects,57,Subclass,Acari,Acari,Pupae,0,0,0,NA,NA,NA,NA,NA,NA,NA,NA,NA,NA,NA   NA   NA   NA,NA   NA   NA   NA
STTD_2013-02-27 10:32:00,2/27/2013 10:32,STTD,2013,D,FALSE,CLD,NA,NA,10.7,0.23,764,NA,8.25,11.37,40.9,10,Low,915273,918000,2727,2727,17.94124546,17.94124546,1,ebb tide,NA,Terrestrial Non-Insects,57,Subclass,Acari,Acari,Nymphs,0,0,0,NA,NA,NA,NA,NA,NA,NA,NA,NA,NA,NA   NA   NA   NA,NA   NA   NA   NA
STTD_2013-02-27 10:32:00,2/27/2013 10:32,STTD,2013,D,FALSE,CLD,NA,NA,10.7,0.23,764,NA,8.25,11.37,40.9,10,Low,915273,918000,2727,2727,17.94124546,17.94124546,1,ebb tide,NA,Terrestrial Non-Insects,57,Subclass,Acari,Acari,Emergents,0,0,0,NA,NA,NA,NA,NA,NA,NA,NA,NA,NA,NA   NA   NA   NA,NA   NA   NA   NA
STTD_2013-02-27 10:32:00,2/27/2013 10:32,STTD,2013,D,FALSE,CLD,NA,NA,10.7,0.23,764,NA,8.25,11.37,40.9,10,Low,915273,918000,2727,2727,17.94124546,17.94124546,1,ebb tide,NA,Terrestrial Non-Insects,57,Subclass,Acari,Acari,Adults,0,0,0,NA,NA,NA,NA,NA,NA,NA,NA,NA,NA,NA   NA   NA   NA,NA   NA   NA   NA
STTD_2013-02-27 10:32:00,2/27/2013 10:32,STTD,2013,D,FALSE,CLD,NA,NA,10.7,0.23,764,NA,8.25,11.37,40.9,10,Low,915273,918000,2727,2727,17.94124546,17.94124546,1,ebb tide,NA,Terrestrial Non-Insects,57,Subclass,Acari,Acari,NotDetermined,5,0.279,0.279,NA,NA,NA,NA,NA,NA,NA,NA,NA,NA,NA   NA   NA   NA,NA   NA   NA   NA
STTD_2013-02-27 10:32:00,2/27/2013 10:32,STTD,2013,D,FALSE,CLD,NA,NA,10.7,0.23,764,NA,8.25,11.37,40.9,10,Low,915273,918000,2727,2727,17.94124546,17.94124546,1,ebb tide,NA,Terrestrial Non-Insects,58,Suborder,Araneida,Araneida,Larvae,0,0,0,NA,NA,NA,NA,NA,NA,NA,NA,NA,NA,NA   NA   NA   NA,NA   NA   NA   NA
STTD_2013-02-27 10:32:00,2/27/2013 10:32,STTD,2013,D,FALSE,CLD,NA,NA,10.7,0.23,764,NA,8.25,11.37,40.9,10,Low,915273,918000,2727,2727,17.94124546,17.94124546,1,ebb tide,NA,Terrestrial Non-Insects,58,Suborder,Araneida,Araneida,Pupae,0,0,0,NA,NA,NA,NA,NA,NA,NA,NA,NA,NA,NA   NA   NA   NA,NA   NA   NA   NA
STTD_2013-02-27 10:32:00,2/27/2013 10:32,STTD,2013,D,FALSE,CLD,NA,NA,10.7,0.23,764,NA,8.25,11.37,40.9,10,Low,915273,918000,2727,2727,17.94124546,17.94124546,1,ebb tide,NA,Terrestrial Non-Insects,58,Suborder,Araneida,Araneida,Nymphs,0,0,0,NA,NA,NA,NA,NA,NA,NA,NA,NA,NA,NA   NA   NA   NA,NA   NA   NA   NA
STTD_2013-02-27 10:32:00,2/27/2013 10:32,STTD,2013,D,FALSE,CLD,NA,NA,10.7,0.23,764,NA,8.25,11.37,40.9,10,Low,915273,918000,2727,2727,17.94124546,17.94124546,1,ebb tide,NA,Terrestrial Non-Insects,58,Suborder,Araneida,Araneida,Emergents,0,0,0,NA,NA,NA,NA,NA,NA,NA,NA,NA,NA,NA   NA   NA   NA,NA   NA   NA   NA
STTD_2013-02-27 10:32:00,2/27/2013 10:32,STTD,2013,D,FALSE,CLD,NA,NA,10.7,0.23,764,NA,8.25,11.37,40.9,10,Low,915273,918000,2727,2727,17.94124546,17.94124546,1,ebb tide,NA,Terrestrial Non-Insects,58,Suborder,Araneida,Araneida,Adults,0,0,0,NA,NA,NA,NA,NA,NA,NA,NA,NA,NA,NA   NA   NA   NA,NA   NA   NA   NA
STTD_2013-02-27 10:32:00,2/27/2013 10:32,STTD,2013,D,FALSE,CLD,NA,NA,10.7,0.23,764,NA,8.25,11.37,40.9,10,Low,915273,918000,2727,2727,17.94124546,17.94124546,1,ebb tide,NA,Terrestrial Non-Insects,58,Suborder,Araneida,Araneida,NotDetermined,2,0.111,0.111,NA,NA,NA,NA,NA,NA,NA,NA,NA,NA,NA   NA   NA   NA,NA   NA   NA   NA
SHR_2013-03-06 08:45:00,3/6/2013 8:45,SHR,2013,D,FALSE,CLD,NA,NA,12.5,1.1,118,NA,7.59,11.64,6.8,10,Low,913463,915000,1537,1537,10.11209911,10.11209911,1,NA,NA,Aquatic Insects,34,Family,Chironomidae,Chironomidae,Larvae,0,0,0,NA,NA,NA,NA,NA,NA,NA,NA,NA,NA,NA   NA   NA   NA,NA   NA   NA   NA
SHR_2013-03-06 08:45:00,3/6/2013 8:45,SHR,2013,D,FALSE,CLD,NA,NA,12.5,1.1,118,NA,7.59,11.64,6.8,10,Low,913463,915000,1537,1537,10.11209911,10.11209911,1,NA,NA,Aquatic Insects,34,Family,Chironomidae,Chironomidae,Pupae,1,0.099,0.099,NA,NA,NA,NA,NA,NA,NA,NA,NA,NA,NA   NA   NA   NA,NA   NA   NA   NA
SHR_2013-03-06 08:45:00,3/6/2013 8:45,SHR,2013,D,FALSE,CLD,NA,NA,12.5,1.1,118,NA,7.59,11.64,6.8,10,Low,913463,915000,1537,1537,10.11209911,10.11209911,1,NA,NA,Aquatic Insects,34,Family,Chironomidae,Chironomidae,Nymphs,0,0,0,NA,NA,NA,NA,NA,NA,NA,NA,NA,NA,NA   NA   NA   NA,NA   NA   NA   NA
SHR_2013-03-06 08:45:00,3/6/2013 8:45,SHR,2013,D,FALSE,CLD,NA,NA,12.5,1.1,118,NA,7.59,11.64,6.8,10,Low,913463,915000,1537,1537,10.11209911,10.11209911,1,NA,NA,Aquatic Insects,34,Family,Chironomidae,Chironomidae,Emergents,0,0,0,NA,NA,NA,NA,NA,NA,NA,NA,NA,NA,NA   NA   NA   NA,NA   NA   NA   NA
SHR_2013-03-06 08:45:00,3/6/2013 8:45,SHR,2013,D,FALSE,CLD,NA,NA,12.5,1.1,118,NA,7.59,11.64,6.8,10,Low,913463,915000,1537,1537,10.11209911,10.11209911,1,NA,NA,Aquatic Insects,34,Family,Chironomidae,Chironomidae,Adults,2,0.198,0.198,NA,NA,NA,NA,NA,NA,NA,NA,NA,NA,NA   NA   NA   NA,NA   NA   NA   NA
SHR_2013-03-06 08:45:00,3/6/2013 8:45,SHR,2013,D,FALSE,CLD,NA,NA,12.5,1.1,118,NA,7.59,11.64,6.8,10,Low,913463,915000,1537,1537,10.11209911,10.11209911,1,NA,NA,Aquatic Insects,34,Family,Chironomidae,Chironomidae,NotDetermined,0,0,0,NA,NA,NA,NA,NA,NA,NA,NA,NA,NA,NA   NA   NA   NA,NA   NA   NA   NA
SHR_2013-03-06 08:45:00,3/6/2013 8:45,SHR,2013,D,FALSE,CLD,NA,NA,12.5,1.1,118,NA,7.59,11.64,6.8,10,Low,913463,915000,1537,1537,10.11209911,10.11209911,1,NA,NA,Aquatic Non-Insects,9,Family,Corophiidae,Corophiidae,Larvae,0,0,0,NA,NA,NA,NA,NA,NA,NA,NA,NA,NA,NA   NA   NA   NA,NA   NA   NA   NA
SHR_2013-03-06 08:45:00,3/6/2013 8:45,SHR,2013,D,FALSE,CLD,NA,NA,12.5,1.1,118,NA,7.59,11.64,6.8,10,Low,913463,915000,1537,1537,10.11209911,10.11209911,1,NA,NA,Aquatic Non-Insects,9,Family,Corophiidae,Corophiidae,Pupae,0,0,0,NA,NA,NA,NA,NA,NA,NA,NA,NA,NA,NA   NA   NA   NA,NA   NA   NA   NA
SHR_2013-03-06 08:45:00,3/6/2013 8:45,SHR,2013,D,FALSE,CLD,NA,NA,12.5,1.1,118,NA,7.59,11.64,6.8,10,Low,913463,915000,1537,1537,10.11209911,10.11209911,1,NA,NA,Aquatic Non-Insects,9,Family,Corophiidae,Corophiidae,Nymphs,0,0,0,NA,NA,NA,NA,NA,NA,NA,NA,NA,NA,NA   NA   NA   NA,NA   NA   NA   NA
SHR_2013-03-06 08:45:00,3/6/2013 8:45,SHR,2013,D,FALSE,CLD,NA,NA,12.5,1.1,118,NA,7.59,11.64,6.8,10,Low,913463,915000,1537,1537,10.11209911,10.11209911,1,NA,NA,Aquatic Non-Insects,9,Family,Corophiidae,Corophiidae,Emergents,0,0,0,NA,NA,NA,NA,NA,NA,NA,NA,NA,NA,NA   NA   NA   NA,NA   NA   NA   NA
SHR_2013-03-06 08:45:00,3/6/2013 8:45,SHR,2013,D,FALSE,CLD,NA,NA,12.5,1.1,118,NA,7.59,11.64,6.8,10,Low,913463,915000,1537,1537,10.11209911,10.11209911,1,NA,NA,Aquatic Non-Insects,9,Family,Corophiidae,Corophiidae,Adults,0,0,0,NA,NA,NA,NA,NA,NA,NA,NA,NA,NA,NA   NA   NA   NA,NA   NA   NA   NA
SHR_2013-03-06 08:45:00,3/6/2013 8:45,SHR,2013,D,FALSE,CLD,NA,NA,12.5,1.1,118,NA,7.59,11.64,6.8,10,Low,913463,915000,1537,1537,10.11209911,10.11209911,1,NA,NA,Aquatic Non-Insects,9,Family,Corophiidae,Corophiidae,NotDetermined,1,0.099,0.099,NA,NA,NA,NA,NA,NA,NA,NA,NA,NA,NA   NA   NA   NA,NA   NA   NA   NA
SHR_2013-03-06 08:45:00,3/6/2013 8:45,SHR,2013,D,FALSE,CLD,NA,NA,12.5,1.1,118,NA,7.59,11.64,6.8,10,Low,913463,915000,1537,1537,10.11209911,10.11209911,1,NA,NA,Aquatic Non-Insects,18,Family,Hydridae,Hydridae,Larvae,0,0,0,NA,NA,NA,NA,NA,NA,NA,NA,NA,NA,NA   NA   NA   NA,NA   NA   NA   NA
SHR_2013-03-06 08:45:00,3/6/2013 8:45,SHR,2013,D,FALSE,CLD,NA,NA,12.5,1.1,118,NA,7.59,11.64,6.8,10,Low,913463,915000,1537,1537,10.11209911,10.11209911,1,NA,NA,Aquatic Non-Insects,18,Family,Hydridae,Hydridae,Pupae,0,0,0,NA,NA,NA,NA,NA,NA,NA,NA,NA,NA,NA   NA   NA   NA,NA   NA   NA   NA
SHR_2013-03-06 08:45:00,3/6/2013 8:45,SHR,2013,D,FALSE,CLD,NA,NA,12.5,1.1,118,NA,7.59,11.64,6.8,10,Low,913463,915000,1537,1537,10.11209911,10.11209911,1,NA,NA,Aquatic Non-Insects,18,Family,Hydridae,Hydridae,Nymphs,0,0,0,NA,NA,NA,NA,NA,NA,NA,NA,NA,NA,NA   NA   NA   NA,NA   NA   NA   NA
SHR_2013-03-06 08:45:00,3/6/2013 8:45,SHR,2013,D,FALSE,CLD,NA,NA,12.5,1.1,118,NA,7.59,11.64,6.8,10,Low,913463,915000,1537,1537,10.11209911,10.11209911,1,NA,NA,Aquatic Non-Insects,18,Family,Hydridae,Hydridae,Emergents,0,0,0,NA,NA,NA,NA,NA,NA,NA,NA,NA,NA,NA   NA   NA   NA,NA   NA   NA   NA
SHR_2013-03-06 08:45:00,3/6/2013 8:45,SHR,2013,D,FALSE,CLD,NA,NA,12.5,1.1,118,NA,7.59,11.64,6.8,10,Low,913463,915000,1537,1537,10.11209911,10.11209911,1,NA,NA,Aquatic Non-Insects,18,Family,Hydridae,Hydridae,Adults,0,0,0,NA,NA,NA,NA,NA,NA,NA,NA,NA,NA,NA   NA   NA   NA,NA   NA   NA   NA
SHR_2013-03-06 08:45:00,3/6/2013 8:45,SHR,2013,D,FALSE,CLD,NA,NA,12.5,1.1,118,NA,7.59,11.64,6.8,10,Low,913463,915000,1537,1537,10.11209911,10.11209911,1,NA,NA,Aquatic Non-Insects,18,Family,Hydridae,Hydridae,NotDetermined,4,0.396,0.396,NA,NA,NA,NA,NA,NA,NA,NA,NA,NA,NA   NA   NA   NA,NA   NA   NA   NA
STTD_2013-03-06 10:35:00,3/6/2013 10:35,STTD,2013,D,FALSE,CLD,NA,NA,13.8,0.24,815,NA,8.31,9.99,48,10,Low,910373,913400,3027,3027,19.91497983,19.91497983,1,Flood tide; motor was used,NA,Aquatic Insects,44,Family,Corixidae,Corixidae,Larvae,1,0.05,0.05,NA,NA,NA,NA,NA,NA,NA,NA,NA,NA,NA   NA   NA   NA,NA   NA   NA   NA
STTD_2013-03-06 10:35:00,3/6/2013 10:35,STTD,2013,D,FALSE,CLD,NA,NA,13.8,0.24,815,NA,8.31,9.99,48,10,Low,910373,913400,3027,3027,19.91497983,19.91497983,1,Flood tide; motor was used,NA,Aquatic Insects,44,Family,Corixidae,Corixidae,Pupae,0,0,0,NA,NA,NA,NA,NA,NA,NA,NA,NA,NA,NA   NA   NA   NA,NA   NA   NA   NA
STTD_2013-03-06 10:35:00,3/6/2013 10:35,STTD,2013,D,FALSE,CLD,NA,NA,13.8,0.24,815,NA,8.31,9.99,48,10,Low,910373,913400,3027,3027,19.91497983,19.91497983,1,Flood tide; motor was used,NA,Aquatic Insects,44,Family,Corixidae,Corixidae,Nymphs,0,0,0,NA,NA,NA,NA,NA,NA,NA,NA,NA,NA,NA   NA   NA   NA,NA   NA   NA   NA
STTD_2013-03-06 10:35:00,3/6/2013 10:35,STTD,2013,D,FALSE,CLD,NA,NA,13.8,0.24,815,NA,8.31,9.99,48,10,Low,910373,913400,3027,3027,19.91497983,19.91497983,1,Flood tide; motor was used,NA,Aquatic Insects,44,Family,Corixidae,Corixidae,Emergents,0,0,0,NA,NA,NA,NA,NA,NA,NA,NA,NA,NA,NA   NA   NA   NA,NA   NA   NA   NA
STTD_2013-03-06 10:35:00,3/6/2013 10:35,STTD,2013,D,FALSE,CLD,NA,NA,13.8,0.24,815,NA,8.31,9.99,48,10,Low,910373,913400,3027,3027,19.91497983,19.91497983,1,Flood tide; motor was used,NA,Aquatic Insects,44,Family,Corixidae,Corixidae,Adults,1,0.05,0.05,NA,NA,NA,NA,NA,NA,NA,NA,NA,NA,NA   NA   NA   NA,NA   NA   NA   NA
STTD_2013-03-06 10:35:00,3/6/2013 10:35,STTD,2013,D,FALSE,CLD,NA,NA,13.8,0.24,815,NA,8.31,9.99,48,10,Low,910373,913400,3027,3027,19.91497983,19.91497983,1,Flood tide; motor was used,NA,Aquatic Insects,44,Family,Corixidae,Corixidae,NotDetermined,0,0,0,NA,NA,NA,NA,NA,NA,NA,NA,NA,NA,NA   NA   NA   NA,NA   NA   NA   NA
STTD_2013-03-06 10:35:00,3/6/2013 10:35,STTD,2013,D,FALSE,CLD,NA,NA,13.8,0.24,815,NA,8.31,9.99,48,10,Low,910373,913400,3027,3027,19.91497983,19.91497983,1,Flood tide; motor was used,NA,Aquatic Insects,34,Family,Chironomidae,Chironomidae,Larvae,0,0,0,NA,NA,NA,NA,NA,NA,NA,NA,NA,NA,NA   NA   NA   NA,NA   NA   NA   NA
STTD_2013-03-06 10:35:00,3/6/2013 10:35,STTD,2013,D,FALSE,CLD,NA,NA,13.8,0.24,815,NA,8.31,9.99,48,10,Low,910373,913400,3027,3027,19.91497983,19.91497983,1,Flood tide; motor was used,NA,Aquatic Insects,34,Family,Chironomidae,Chironomidae,Pupae,0,0,0,NA,NA,NA,NA,NA,NA,NA,NA,NA,NA,NA   NA   NA   NA,NA   NA   NA   NA
STTD_2013-03-06 10:35:00,3/6/2013 10:35,STTD,2013,D,FALSE,CLD,NA,NA,13.8,0.24,815,NA,8.31,9.99,48,10,Low,910373,913400,3027,3027,19.91497983,19.91497983,1,Flood tide; motor was used,NA,Aquatic Insects,34,Family,Chironomidae,Chironomidae,Nymphs,0,0,0,NA,NA,NA,NA,NA,NA,NA,NA,NA,NA,NA   NA   NA   NA,NA   NA   NA   NA
STTD_2013-03-06 10:35:00,3/6/2013 10:35,STTD,2013,D,FALSE,CLD,NA,NA,13.8,0.24,815,NA,8.31,9.99,48,10,Low,910373,913400,3027,3027,19.91497983,19.91497983,1,Flood tide; motor was used,NA,Aquatic Insects,34,Family,Chironomidae,Chironomidae,Emergents,0,0,0,NA,NA,NA,NA,NA,NA,NA,NA,NA,NA,NA   NA   NA   NA,NA   NA   NA   NA
STTD_2013-03-06 10:35:00,3/6/2013 10:35,STTD,2013,D,FALSE,CLD,NA,NA,13.8,0.24,815,NA,8.31,9.99,48,10,Low,910373,913400,3027,3027,19.91497983,19.91497983,1,Flood tide; motor was used,NA,Aquatic Insects,34,Family,Chironomidae,Chironomidae,Adults,2,0.1,0.1,NA,NA,NA,NA,NA,NA,NA,NA,NA,NA,NA   NA   NA   NA,NA   NA   NA   NA
STTD_2013-03-06 10:35:00,3/6/2013 10:35,STTD,2013,D,FALSE,CLD,NA,NA,13.8,0.24,815,NA,8.31,9.99,48,10,Low,910373,913400,3027,3027,19.91497983,19.91497983,1,Flood tide; motor was used,NA,Aquatic Insects,34,Family,Chironomidae,Chironomidae,NotDetermined,0,0,0,NA,NA,NA,NA,NA,NA,NA,NA,NA,NA,NA   NA   NA   NA,NA   NA   NA   NA
STTD_2013-03-06 10:35:00,3/6/2013 10:35,STTD,2013,D,FALSE,CLD,NA,NA,13.8,0.24,815,NA,8.31,9.99,48,10,Low,910373,913400,3027,3027,19.91497983,19.91497983,1,Flood tide; motor was used,NA,Terrestrial Insects,71,Order,Hemiptera,Hemiptera,Larvae,0,0,0,NA,NA,NA,NA,NA,NA,NA,NA,NA,NA,NA   NA   NA   NA,NA   NA   NA   NA
STTD_2013-03-06 10:35:00,3/6/2013 10:35,STTD,2013,D,FALSE,CLD,NA,NA,13.8,0.24,815,NA,8.31,9.99,48,10,Low,910373,913400,3027,3027,19.91497983,19.91497983,1,Flood tide; motor was used,NA,Terrestrial Insects,71,Order,Hemiptera,Hemiptera,Pupae,0,0,0,NA,NA,NA,NA,NA,NA,NA,NA,NA,NA,NA   NA   NA   NA,NA   NA   NA   NA
STTD_2013-03-06 10:35:00,3/6/2013 10:35,STTD,2013,D,FALSE,CLD,NA,NA,13.8,0.24,815,NA,8.31,9.99,48,10,Low,910373,913400,3027,3027,19.91497983,19.91497983,1,Flood tide; motor was used,NA,Terrestrial Insects,71,Order,Hemiptera,Hemiptera,Nymphs,0,0,0,NA,NA,NA,NA,NA,NA,NA,NA,NA,NA,NA   NA   NA   NA,NA   NA   NA   NA
STTD_2013-03-06 10:35:00,3/6/2013 10:35,STTD,2013,D,FALSE,CLD,NA,NA,13.8,0.24,815,NA,8.31,9.99,48,10,Low,910373,913400,3027,3027,19.91497983,19.91497983,1,Flood tide; motor was used,NA,Terrestrial Insects,71,Order,Hemiptera,Hemiptera,Emergents,0,0,0,NA,NA,NA,NA,NA,NA,NA,NA,NA,NA,NA   NA   NA   NA,NA   NA   NA   NA
STTD_2013-03-06 10:35:00,3/6/2013 10:35,STTD,2013,D,FALSE,CLD,NA,NA,13.8,0.24,815,NA,8.31,9.99,48,10,Low,910373,913400,3027,3027,19.91497983,19.91497983,1,Flood tide; motor was used,NA,Terrestrial Insects,71,Order,Hemiptera,Hemiptera,Adults,3,0.151,0.151,NA,NA,NA,NA,NA,NA,NA,NA,NA,NA,NA   NA   NA   NA,NA   NA   NA   NA
STTD_2013-03-06 10:35:00,3/6/2013 10:35,STTD,2013,D,FALSE,CLD,NA,NA,13.8,0.24,815,NA,8.31,9.99,48,10,Low,910373,913400,3027,3027,19.91497983,19.91497983,1,Flood tide; motor was used,NA,Terrestrial Insects,71,Order,Hemiptera,Hemiptera,NotDetermined,0,0,0,NA,NA,NA,NA,NA,NA,NA,NA,NA,NA,NA   NA   NA   NA,NA   NA   NA   NA
STTD_2013-03-06 10:35:00,3/6/2013 10:35,STTD,2013,D,FALSE,CLD,NA,NA,13.8,0.24,815,NA,8.31,9.99,48,10,Low,910373,913400,3027,3027,19.91497983,19.91497983,1,Flood tide; motor was used,NA,Terrestrial Non-Insects,68,Order,Collembola,Collembola,Larvae,0,0,0,NA,NA,NA,NA,NA,NA,NA,NA,NA,NA,NA   NA   NA   NA,NA   NA   NA   NA
STTD_2013-03-06 10:35:00,3/6/2013 10:35,STTD,2013,D,FALSE,CLD,NA,NA,13.8,0.24,815,NA,8.31,9.99,48,10,Low,910373,913400,3027,3027,19.91497983,19.91497983,1,Flood tide; motor was used,NA,Terrestrial Non-Insects,68,Order,Collembola,Collembola,Pupae,0,0,0,NA,NA,NA,NA,NA,NA,NA,NA,NA,NA,NA   NA   NA   NA,NA   NA   NA   NA
STTD_2013-03-06 10:35:00,3/6/2013 10:35,STTD,2013,D,FALSE,CLD,NA,NA,13.8,0.24,815,NA,8.31,9.99,48,10,Low,910373,913400,3027,3027,19.91497983,19.91497983,1,Flood tide; motor was used,NA,Terrestrial Non-Insects,68,Order,Collembola,Collembola,Nymphs,0,0,0,NA,NA,NA,NA,NA,NA,NA,NA,NA,NA,NA   NA   NA   NA,NA   NA   NA   NA
STTD_2013-03-06 10:35:00,3/6/2013 10:35,STTD,2013,D,FALSE,CLD,NA,NA,13.8,0.24,815,NA,8.31,9.99,48,10,Low,910373,913400,3027,3027,19.91497983,19.91497983,1,Flood tide; motor was used,NA,Terrestrial Non-Insects,68,Order,Collembola,Collembola,Emergents,0,0,0,NA,NA,NA,NA,NA,NA,NA,NA,NA,NA,NA   NA   NA   NA,NA   NA   NA   NA
STTD_2013-03-06 10:35:00,3/6/2013 10:35,STTD,2013,D,FALSE,CLD,NA,NA,13.8,0.24,815,NA,8.31,9.99,48,10,Low,910373,913400,3027,3027,19.91497983,19.91497983,1,Flood tide; motor was used,NA,Terrestrial Non-Insects,68,Order,Collembola,Collembola,Adults,0,0,0,NA,NA,NA,NA,NA,NA,NA,NA,NA,NA,NA   NA   NA   NA,NA   NA   NA   NA
STTD_2013-03-06 10:35:00,3/6/2013 10:35,STTD,2013,D,FALSE,CLD,NA,NA,13.8,0.24,815,NA,8.31,9.99,48,10,Low,910373,913400,3027,3027,19.91497983,19.91497983,1,Flood tide; motor was used,NA,Terrestrial Non-Insects,68,Order,Collembola,Collembola,NotDetermined,21,1.054,1.054,NA,NA,NA,NA,NA,NA,NA,NA,NA,NA,NA   NA   NA   NA,NA   NA   NA   NA
SHR_2013-03-13 08:24:00,3/13/2013 8:24,SHR,2013,D,FALSE,CLD,NA,NA,13.2,0.79,119,NA,6.02,12.08,9.2,10,Low,908359,910300,1941,1941,12.7700614,12.7700614,1,NA,NA,Aquatic Insects,34,Family,Chironomidae,Chironomidae,Larvae,2,0.157,0.157,NA,NA,NA,NA,NA,NA,NA,NA,NA,NA,NA   NA   NA   NA,NA   NA   NA   NA
SHR_2013-03-13 08:24:00,3/13/2013 8:24,SHR,2013,D,FALSE,CLD,NA,NA,13.2,0.79,119,NA,6.02,12.08,9.2,10,Low,908359,910300,1941,1941,12.7700614,12.7700614,1,NA,NA,Aquatic Insects,34,Family,Chironomidae,Chironomidae,Pupae,1,0.078,0.078,NA,NA,NA,NA,NA,NA,NA,NA,NA,NA,NA   NA   NA   NA,NA   NA   NA   NA
SHR_2013-03-13 08:24:00,3/13/2013 8:24,SHR,2013,D,FALSE,CLD,NA,NA,13.2,0.79,119,NA,6.02,12.08,9.2,10,Low,908359,910300,1941,1941,12.7700614,12.7700614,1,NA,NA,Aquatic Insects,34,Family,Chironomidae,Chironomidae,Nymphs,0,0,0,NA,NA,NA,NA,NA,NA,NA,NA,NA,NA,NA   NA   NA   NA,NA   NA   NA   NA
SHR_2013-03-13 08:24:00,3/13/2013 8:24,SHR,2013,D,FALSE,CLD,NA,NA,13.2,0.79,119,NA,6.02,12.08,9.2,10,Low,908359,910300,1941,1941,12.7700614,12.7700614,1,NA,NA,Aquatic Insects,34,Family,Chironomidae,Chironomidae,Emergents,0,0,0,NA,NA,NA,NA,NA,NA,NA,NA,NA,NA,NA   NA   NA   NA,NA   NA   NA   NA
SHR_2013-03-13 08:24:00,3/13/2013 8:24,SHR,2013,D,FALSE,CLD,NA,NA,13.2,0.79,119,NA,6.02,12.08,9.2,10,Low,908359,910300,1941,1941,12.7700614,12.7700614,1,NA,NA,Aquatic Insects,34,Family,Chironomidae,Chironomidae,Adults,2,0.157,0.157,NA,NA,NA,NA,NA,NA,NA,NA,NA,NA,NA   NA   NA   NA,NA   NA   NA   NA
SHR_2013-03-13 08:24:00,3/13/2013 8:24,SHR,2013,D,FALSE,CLD,NA,NA,13.2,0.79,119,NA,6.02,12.08,9.2,10,Low,908359,910300,1941,1941,12.7700614,12.7700614,1,NA,NA,Aquatic Insects,34,Family,Chironomidae,Chironomidae,NotDetermined,0,0,0,NA,NA,NA,NA,NA,NA,NA,NA,NA,NA,NA   NA   NA   NA,NA   NA   NA   NA
SHR_2013-03-13 08:24:00,3/13/2013 8:24,SHR,2013,D,FALSE,CLD,NA,NA,13.2,0.79,119,NA,6.02,12.08,9.2,10,Low,908359,910300,1941,1941,12.7700614,12.7700614,1,NA,NA,Aquatic Non-Insects,28,Family,Lebertiidae,Lebertiidae,Larvae,0,0,0,NA,NA,NA,NA,NA,NA,NA,NA,NA,NA,NA   NA   NA   NA,NA   NA   NA   NA
SHR_2013-03-13 08:24:00,3/13/2013 8:24,SHR,2013,D,FALSE,CLD,NA,NA,13.2,0.79,119,NA,6.02,12.08,9.2,10,Low,908359,910300,1941,1941,12.7700614,12.7700614,1,NA,NA,Aquatic Non-Insects,120,Family,Lebertiidae,Lebertiidae,Larvae,0,0,0,NA,NA,NA,NA,NA,NA,NA,NA,NA,NA,NA   NA   NA   NA,NA   NA   NA   NA
SHR_2013-03-13 08:24:00,3/13/2013 8:24,SHR,2013,D,FALSE,CLD,NA,NA,13.2,0.79,119,NA,6.02,12.08,9.2,10,Low,908359,910300,1941,1941,12.7700614,12.7700614,1,NA,NA,Aquatic Non-Insects,28,Family,Lebertiidae,Lebertiidae,Pupae,0,0,0,NA,NA,NA,NA,NA,NA,NA,NA,NA,NA,NA   NA   NA   NA,NA   NA   NA   NA
SHR_2013-03-13 08:24:00,3/13/2013 8:24,SHR,2013,D,FALSE,CLD,NA,NA,13.2,0.79,119,NA,6.02,12.08,9.2,10,Low,908359,910300,1941,1941,12.7700614,12.7700614,1,NA,NA,Aquatic Non-Insects,120,Family,Lebertiidae,Lebertiidae,Pupae,0,0,0,NA,NA,NA,NA,NA,NA,NA,NA,NA,NA,NA   NA   NA   NA,NA   NA   NA   NA
SHR_2013-03-13 08:24:00,3/13/2013 8:24,SHR,2013,D,FALSE,CLD,NA,NA,13.2,0.79,119,NA,6.02,12.08,9.2,10,Low,908359,910300,1941,1941,12.7700614,12.7700614,1,NA,NA,Aquatic Non-Insects,28,Family,Lebertiidae,Lebertiidae,Nymphs,0,0,0,NA,NA,NA,NA,NA,NA,NA,NA,NA,NA,NA   NA   NA   NA,NA   NA   NA   NA
SHR_2013-03-13 08:24:00,3/13/2013 8:24,SHR,2013,D,FALSE,CLD,NA,NA,13.2,0.79,119,NA,6.02,12.08,9.2,10,Low,908359,910300,1941,1941,12.7700614,12.7700614,1,NA,NA,Aquatic Non-Insects,120,Family,Lebertiidae,Lebertiidae,Nymphs,0,0,0,NA,NA,NA,NA,NA,NA,NA,NA,NA,NA,NA   NA   NA   NA,NA   NA   NA   NA
SHR_2013-03-13 08:24:00,3/13/2013 8:24,SHR,2013,D,FALSE,CLD,NA,NA,13.2,0.79,119,NA,6.02,12.08,9.2,10,Low,908359,910300,1941,1941,12.7700614,12.7700614,1,NA,NA,Aquatic Non-Insects,28,Family,Lebertiidae,Lebertiidae,Emergents,0,0,0,NA,NA,NA,NA,NA,NA,NA,NA,NA,NA,NA   NA   NA   NA,NA   NA   NA   NA
SHR_2013-03-13 08:24:00,3/13/2013 8:24,SHR,2013,D,FALSE,CLD,NA,NA,13.2,0.79,119,NA,6.02,12.08,9.2,10,Low,908359,910300,1941,1941,12.7700614,12.7700614,1,NA,NA,Aquatic Non-Insects,120,Family,Lebertiidae,Lebertiidae,Emergents,0,0,0,NA,NA,NA,NA,NA,NA,NA,NA,NA,NA,NA   NA   NA   NA,NA   NA   NA   NA
SHR_2013-03-13 08:24:00,3/13/2013 8:24,SHR,2013,D,FALSE,CLD,NA,NA,13.2,0.79,119,NA,6.02,12.08,9.2,10,Low,908359,910300,1941,1941,12.7700614,12.7700614,1,NA,NA,Aquatic Non-Insects,28,Family,Lebertiidae,Lebertiidae,Adults,0,0,0,NA,NA,NA,NA,NA,NA,NA,NA,NA,NA,NA   NA   NA   NA,NA   NA   NA   NA
SHR_2013-03-13 08:24:00,3/13/2013 8:24,SHR,2013,D,FALSE,CLD,NA,NA,13.2,0.79,119,NA,6.02,12.08,9.2,10,Low,908359,910300,1941,1941,12.7700614,12.7700614,1,NA,NA,Aquatic Non-Insects,120,Family,Lebertiidae,Lebertiidae,Adults,0,0,0,NA,NA,NA,NA,NA,NA,NA,NA,NA,NA,NA   NA   NA   NA,NA   NA   NA   NA
SHR_2013-03-13 08:24:00,3/13/2013 8:24,SHR,2013,D,FALSE,CLD,NA,NA,13.2,0.79,119,NA,6.02,12.08,9.2,10,Low,908359,910300,1941,1941,12.7700614,12.7700614,1,NA,NA,Aquatic Non-Insects,28,Family,Lebertiidae,Lebertiidae,NotDetermined,2,0.157,0.157,NA,NA,NA,NA,NA,NA,NA,NA,NA,NA,NA   NA   NA   NA,NA   NA   NA   NA
SHR_2013-03-13 08:24:00,3/13/2013 8:24,SHR,2013,D,FALSE,CLD,NA,NA,13.2,0.79,119,NA,6.02,12.08,9.2,10,Low,908359,910300,1941,1941,12.7700614,12.7700614,1,NA,NA,Aquatic Non-Insects,120,Family,Lebertiidae,Lebertiidae,NotDetermined,2,0.157,0.157,NA,NA,NA,NA,NA,NA,NA,NA,NA,NA,NA   NA   NA   NA,NA   NA   NA   NA
SHR_2013-03-13 08:24:00,3/13/2013 8:24,SHR,2013,D,FALSE,CLD,NA,NA,13.2,0.79,119,NA,6.02,12.08,9.2,10,Low,908359,910300,1941,1941,12.7700614,12.7700614,1,NA,NA,Aquatic Non-Insects,18,Family,Hydridae,Hydridae,Larvae,0,0,0,NA,NA,NA,NA,NA,NA,NA,NA,NA,NA,NA   NA   NA   NA,NA   NA   NA   NA
SHR_2013-03-13 08:24:00,3/13/2013 8:24,SHR,2013,D,FALSE,CLD,NA,NA,13.2,0.79,119,NA,6.02,12.08,9.2,10,Low,908359,910300,1941,1941,12.7700614,12.7700614,1,NA,NA,Aquatic Non-Insects,18,Family,Hydridae,Hydridae,Pupae,0,0,0,NA,NA,NA,NA,NA,NA,NA,NA,NA,NA,NA   NA   NA   NA,NA   NA   NA   NA
SHR_2013-03-13 08:24:00,3/13/2013 8:24,SHR,2013,D,FALSE,CLD,NA,NA,13.2,0.79,119,NA,6.02,12.08,9.2,10,Low,908359,910300,1941,1941,12.7700614,12.7700614,1,NA,NA,Aquatic Non-Insects,18,Family,Hydridae,Hydridae,Nymphs,0,0,0,NA,NA,NA,NA,NA,NA,NA,NA,NA,NA,NA   NA   NA   NA,NA   NA   NA   NA
SHR_2013-03-13 08:24:00,3/13/2013 8:24,SHR,2013,D,FALSE,CLD,NA,NA,13.2,0.79,119,NA,6.02,12.08,9.2,10,Low,908359,910300,1941,1941,12.7700614,12.7700614,1,NA,NA,Aquatic Non-Insects,18,Family,Hydridae,Hydridae,Emergents,0,0,0,NA,NA,NA,NA,NA,NA,NA,NA,NA,NA,NA   NA   NA   NA,NA   NA   NA   NA
SHR_2013-03-13 08:24:00,3/13/2013 8:24,SHR,2013,D,FALSE,CLD,NA,NA,13.2,0.79,119,NA,6.02,12.08,9.2,10,Low,908359,910300,1941,1941,12.7700614,12.7700614,1,NA,NA,Aquatic Non-Insects,18,Family,Hydridae,Hydridae,Adults,0,0,0,NA,NA,NA,NA,NA,NA,NA,NA,NA,NA,NA   NA   NA   NA,NA   NA   NA   NA
SHR_2013-03-13 08:24:00,3/13/2013 8:24,SHR,2013,D,FALSE,CLD,NA,NA,13.2,0.79,119,NA,6.02,12.08,9.2,10,Low,908359,910300,1941,1941,12.7700614,12.7700614,1,NA,NA,Aquatic Non-Insects,18,Family,Hydridae,Hydridae,NotDetermined,1,0.078,0.078,NA,NA,NA,NA,NA,NA,NA,NA,NA,NA,NA   NA   NA   NA,NA   NA   NA   NA
SHR_2013-03-13 08:24:00,3/13/2013 8:24,SHR,2013,D,FALSE,CLD,NA,NA,13.2,0.79,119,NA,6.02,12.08,9.2,10,Low,908359,910300,1941,1941,12.7700614,12.7700614,1,NA,NA,Terrestrial Insects,71,Order,Hemiptera,Hemiptera,Larvae,0,0,0,NA,NA,NA,NA,NA,NA,NA,NA,NA,NA,NA   NA   NA   NA,NA   NA   NA   NA
SHR_2013-03-13 08:24:00,3/13/2013 8:24,SHR,2013,D,FALSE,CLD,NA,NA,13.2,0.79,119,NA,6.02,12.08,9.2,10,Low,908359,910300,1941,1941,12.7700614,12.7700614,1,NA,NA,Terrestrial Insects,71,Order,Hemiptera,Hemiptera,Pupae,0,0,0,NA,NA,NA,NA,NA,NA,NA,NA,NA,NA,NA   NA   NA   NA,NA   NA   NA   NA
SHR_2013-03-13 08:24:00,3/13/2013 8:24,SHR,2013,D,FALSE,CLD,NA,NA,13.2,0.79,119,NA,6.02,12.08,9.2,10,Low,908359,910300,1941,1941,12.7700614,12.7700614,1,NA,NA,Terrestrial Insects,71,Order,Hemiptera,Hemiptera,Nymphs,0,0,0,NA,NA,NA,NA,NA,NA,NA,NA,NA,NA,NA   NA   NA   NA,NA   NA   NA   NA
SHR_2013-03-13 08:24:00,3/13/2013 8:24,SHR,2013,D,FALSE,CLD,NA,NA,13.2,0.79,119,NA,6.02,12.08,9.2,10,Low,908359,910300,1941,1941,12.7700614,12.7700614,1,NA,NA,Terrestrial Insects,71,Order,Hemiptera,Hemiptera,Emergents,0,0,0,NA,NA,NA,NA,NA,NA,NA,NA,NA,NA,NA   NA   NA   NA,NA   NA   NA   NA
SHR_2013-03-13 08:24:00,3/13/2013 8:24,SHR,2013,D,FALSE,CLD,NA,NA,13.2,0.79,119,NA,6.02,12.08,9.2,10,Low,908359,910300,1941,1941,12.7700614,12.7700614,1,NA,NA,Terrestrial Insects,71,Order,Hemiptera,Hemiptera,Adults,1,0.078,0.078,NA,NA,NA,NA,NA,NA,NA,NA,NA,NA,NA   NA   NA   NA,NA   NA   NA   NA
SHR_2013-03-13 08:24:00,3/13/2013 8:24,SHR,2013,D,FALSE,CLD,NA,NA,13.2,0.79,119,NA,6.02,12.08,9.2,10,Low,908359,910300,1941,1941,12.7700614,12.7700614,1,NA,NA,Terrestrial Insects,71,Order,Hemiptera,Hemiptera,NotDetermined,0,0,0,NA,NA,NA,NA,NA,NA,NA,NA,NA,NA,NA   NA   NA   NA,NA   NA   NA   NA
SHR_2013-03-13 08:24:00,3/13/2013 8:24,SHR,2013,D,FALSE,CLD,NA,NA,13.2,0.79,119,NA,6.02,12.08,9.2,10,Low,908359,910300,1941,1941,12.7700614,12.7700614,1,NA,NA,Terrestrial Insects,66,Order,Hymenoptera,Hymenoptera,Larvae,0,0,0,NA,NA,NA,NA,NA,NA,NA,NA,NA,NA,NA   NA   NA   NA,NA   NA   NA   NA
SHR_2013-03-13 08:24:00,3/13/2013 8:24,SHR,2013,D,FALSE,CLD,NA,NA,13.2,0.79,119,NA,6.02,12.08,9.2,10,Low,908359,910300,1941,1941,12.7700614,12.7700614,1,NA,NA,Terrestrial Insects,66,Order,Hymenoptera,Hymenoptera,Pupae,0,0,0,NA,NA,NA,NA,NA,NA,NA,NA,NA,NA,NA   NA   NA   NA,NA   NA   NA   NA
SHR_2013-03-13 08:24:00,3/13/2013 8:24,SHR,2013,D,FALSE,CLD,NA,NA,13.2,0.79,119,NA,6.02,12.08,9.2,10,Low,908359,910300,1941,1941,12.7700614,12.7700614,1,NA,NA,Terrestrial Insects,66,Order,Hymenoptera,Hymenoptera,Nymphs,0,0,0,NA,NA,NA,NA,NA,NA,NA,NA,NA,NA,NA   NA   NA   NA,NA   NA   NA   NA
SHR_2013-03-13 08:24:00,3/13/2013 8:24,SHR,2013,D,FALSE,CLD,NA,NA,13.2,0.79,119,NA,6.02,12.08,9.2,10,Low,908359,910300,1941,1941,12.7700614,12.7700614,1,NA,NA,Terrestrial Insects,66,Order,Hymenoptera,Hymenoptera,Emergents,0,0,0,NA,NA,NA,NA,NA,NA,NA,NA,NA,NA,NA   NA   NA   NA,NA   NA   NA   NA
SHR_2013-03-13 08:24:00,3/13/2013 8:24,SHR,2013,D,FALSE,CLD,NA,NA,13.2,0.79,119,NA,6.02,12.08,9.2,10,Low,908359,910300,1941,1941,12.7700614,12.7700614,1,NA,NA,Terrestrial Insects,66,Order,Hymenoptera,Hymenoptera,Adults,5,0.392,0.392,NA,NA,NA,NA,NA,NA,NA,NA,NA,NA,NA   NA   NA   NA,NA   NA   NA   NA
SHR_2013-03-13 08:24:00,3/13/2013 8:24,SHR,2013,D,FALSE,CLD,NA,NA,13.2,0.79,119,NA,6.02,12.08,9.2,10,Low,908359,910300,1941,1941,12.7700614,12.7700614,1,NA,NA,Terrestrial Insects,66,Order,Hymenoptera,Hymenoptera,NotDetermined,0,0,0,NA,NA,NA,NA,NA,NA,NA,NA,NA,NA,NA   NA   NA   NA,NA   NA   NA   NA
STTD_2013-03-13 10:10:00,3/13/2013 10:10,STTD,2013,D,FALSE,CLR,NA,NA,15.2,0.27,739,NA,8.21,10.24,45.1,10,Low,905463,908272,2809,2809,18.48073285,18.48073285,1,NA,NA,Aquatic Insects,46,Family,Coenagrionidae,Coenagrionidae,Larvae,5,0.271,0.271,NA,NA,NA,NA,NA,NA,NA,NA,NA,NA,NA   NA   NA   NA,NA   NA   NA   NA
STTD_2013-03-13 10:10:00,3/13/2013 10:10,STTD,2013,D,FALSE,CLR,NA,NA,15.2,0.27,739,NA,8.21,10.24,45.1,10,Low,905463,908272,2809,2809,18.48073285,18.48073285,1,NA,NA,Aquatic Insects,46,Family,Coenagrionidae,Coenagrionidae,Pupae,0,0,0,NA,NA,NA,NA,NA,NA,NA,NA,NA,NA,NA   NA   NA   NA,NA   NA   NA   NA
STTD_2013-03-13 10:10:00,3/13/2013 10:10,STTD,2013,D,FALSE,CLR,NA,NA,15.2,0.27,739,NA,8.21,10.24,45.1,10,Low,905463,908272,2809,2809,18.48073285,18.48073285,1,NA,NA,Aquatic Insects,46,Family,Coenagrionidae,Coenagrionidae,Nymphs,0,0,0,NA,NA,NA,NA,NA,NA,NA,NA,NA,NA,NA   NA   NA   NA,NA   NA   NA   NA
STTD_2013-03-13 10:10:00,3/13/2013 10:10,STTD,2013,D,FALSE,CLR,NA,NA,15.2,0.27,739,NA,8.21,10.24,45.1,10,Low,905463,908272,2809,2809,18.48073285,18.48073285,1,NA,NA,Aquatic Insects,46,Family,Coenagrionidae,Coenagrionidae,Emergents,0,0,0,NA,NA,NA,NA,NA,NA,NA,NA,NA,NA,NA   NA   NA   NA,NA   NA   NA   NA
STTD_2013-03-13 10:10:00,3/13/2013 10:10,STTD,2013,D,FALSE,CLR,NA,NA,15.2,0.27,739,NA,8.21,10.24,45.1,10,Low,905463,908272,2809,2809,18.48073285,18.48073285,1,NA,NA,Aquatic Insects,46,Family,Coenagrionidae,Coenagrionidae,Adults,0,0,0,NA,NA,NA,NA,NA,NA,NA,NA,NA,NA,NA   NA   NA   NA,NA   NA   NA   NA
STTD_2013-03-13 10:10:00,3/13/2013 10:10,STTD,2013,D,FALSE,CLR,NA,NA,15.2,0.27,739,NA,8.21,10.24,45.1,10,Low,905463,908272,2809,2809,18.48073285,18.48073285,1,NA,NA,Aquatic Insects,45,Family,Notonectidae,Notonectidae,Larvae,1,0.054,0.054,NA,NA,NA,NA,NA,NA,NA,NA,NA,NA,NA   NA   NA   NA,NA   NA   NA   NA
STTD_2013-03-13 10:10:00,3/13/2013 10:10,STTD,2013,D,FALSE,CLR,NA,NA,15.2,0.27,739,NA,8.21,10.24,45.1,10,Low,905463,908272,2809,2809,18.48073285,18.48073285,1,NA,NA,Aquatic Insects,45,Family,Notonectidae,Notonectidae,Pupae,0,0,0,NA,NA,NA,NA,NA,NA,NA,NA,NA,NA,NA   NA   NA   NA,NA   NA   NA   NA
STTD_2013-03-13 10:10:00,3/13/2013 10:10,STTD,2013,D,FALSE,CLR,NA,NA,15.2,0.27,739,NA,8.21,10.24,45.1,10,Low,905463,908272,2809,2809,18.48073285,18.48073285,1,NA,NA,Aquatic Insects,45,Family,Notonectidae,Notonectidae,Nymphs,0,0,0,NA,NA,NA,NA,NA,NA,NA,NA,NA,NA,NA   NA   NA   NA,NA   NA   NA   NA
STTD_2013-03-13 10:10:00,3/13/2013 10:10,STTD,2013,D,FALSE,CLR,NA,NA,15.2,0.27,739,NA,8.21,10.24,45.1,10,Low,905463,908272,2809,2809,18.48073285,18.48073285,1,NA,NA,Aquatic Insects,45,Family,Notonectidae,Notonectidae,Emergents,0,0,0,NA,NA,NA,NA,NA,NA,NA,NA,NA,NA,NA   NA   NA   NA,NA   NA   NA   NA
STTD_2013-03-13 10:10:00,3/13/2013 10:10,STTD,2013,D,FALSE,CLR,NA,NA,15.2,0.27,739,NA,8.21,10.24,45.1,10,Low,905463,908272,2809,2809,18.48073285,18.48073285,1,NA,NA,Aquatic Insects,45,Family,Notonectidae,Notonectidae,Adults,0,0,0,NA,NA,NA,NA,NA,NA,NA,NA,NA,NA,NA   NA   NA   NA,NA   NA   NA   NA
STTD_2013-03-13 10:10:00,3/13/2013 10:10,STTD,2013,D,FALSE,CLR,NA,NA,15.2,0.27,739,NA,8.21,10.24,45.1,10,Low,905463,908272,2809,2809,18.48073285,18.48073285,1,NA,NA,Aquatic Insects,45,Family,Notonectidae,Notonectidae,NotDetermined,0,0,0,NA,NA,NA,NA,NA,NA,NA,NA,NA,NA,NA   NA   NA   NA,NA   NA   NA   NA
STTD_2013-03-13 10:10:00,3/13/2013 10:10,STTD,2013,D,FALSE,CLR,NA,NA,15.2,0.27,739,NA,8.21,10.24,45.1,10,Low,905463,908272,2809,2809,18.48073285,18.48073285,1,NA,NA,Aquatic Insects,34,Family,Chironomidae,Chironomidae,Larvae,19,1.028,1.028,NA,NA,NA,NA,NA,NA,NA,NA,NA,NA,NA   NA   NA   NA,NA   NA   NA   NA
STTD_2013-03-13 10:10:00,3/13/2013 10:10,STTD,2013,D,FALSE,CLR,NA,NA,15.2,0.27,739,NA,8.21,10.24,45.1,10,Low,905463,908272,2809,2809,18.48073285,18.48073285,1,NA,NA,Aquatic Insects,34,Family,Chironomidae,Chironomidae,Pupae,6,0.325,0.325,NA,NA,NA,NA,NA,NA,NA,NA,NA,NA,NA   NA   NA   NA,NA   NA   NA   NA
STTD_2013-03-13 10:10:00,3/13/2013 10:10,STTD,2013,D,FALSE,CLR,NA,NA,15.2,0.27,739,NA,8.21,10.24,45.1,10,Low,905463,908272,2809,2809,18.48073285,18.48073285,1,NA,NA,Aquatic Insects,34,Family,Chironomidae,Chironomidae,Nymphs,0,0,0,NA,NA,NA,NA,NA,NA,NA,NA,NA,NA,NA   NA   NA   NA,NA   NA   NA   NA
STTD_2013-03-13 10:10:00,3/13/2013 10:10,STTD,2013,D,FALSE,CLR,NA,NA,15.2,0.27,739,NA,8.21,10.24,45.1,10,Low,905463,908272,2809,2809,18.48073285,18.48073285,1,NA,NA,Aquatic Insects,34,Family,Chironomidae,Chironomidae,Emergents,0,0,0,NA,NA,NA,NA,NA,NA,NA,NA,NA,NA,NA   NA   NA   NA,NA   NA   NA   NA
STTD_2013-03-13 10:10:00,3/13/2013 10:10,STTD,2013,D,FALSE,CLR,NA,NA,15.2,0.27,739,NA,8.21,10.24,45.1,10,Low,905463,908272,2809,2809,18.48073285,18.48073285,1,NA,NA,Aquatic Insects,34,Family,Chironomidae,Chironomidae,Adults,163,8.82,8.82,NA,NA,NA,NA,NA,NA,NA,NA,NA,NA,NA   NA   NA   NA,NA   NA   NA   NA
STTD_2013-03-13 10:10:00,3/13/2013 10:10,STTD,2013,D,FALSE,CLR,NA,NA,15.2,0.27,739,NA,8.21,10.24,45.1,10,Low,905463,908272,2809,2809,18.48073285,18.48073285,1,NA,NA,Aquatic Insects,34,Family,Chironomidae,Chironomidae,NotDetermined,0,0,0,NA,NA,NA,NA,NA,NA,NA,NA,NA,NA,NA   NA   NA   NA,NA   NA   NA   NA
STTD_2013-03-13 10:10:00,3/13/2013 10:10,STTD,2013,D,FALSE,CLR,NA,NA,15.2,0.27,739,NA,8.21,10.24,45.1,10,Low,905463,908272,2809,2809,18.48073285,18.48073285,1,NA,NA,Aquatic Insects,32,Family,Ceratopogonidae,Ceratopogonidae,Larvae,0,0,0,NA,NA,NA,NA,NA,NA,NA,NA,NA,NA,NA   NA   NA   NA,NA   NA   NA   NA
STTD_2013-03-13 10:10:00,3/13/2013 10:10,STTD,2013,D,FALSE,CLR,NA,NA,15.2,0.27,739,NA,8.21,10.24,45.1,10,Low,905463,908272,2809,2809,18.48073285,18.48073285,1,NA,NA,Aquatic Insects,32,Family,Ceratopogonidae,Ceratopogonidae,Pupae,3,0.162,0.162,NA,NA,NA,NA,NA,NA,NA,NA,NA,NA,NA   NA   NA   NA,NA   NA   NA   NA
STTD_2013-03-13 10:10:00,3/13/2013 10:10,STTD,2013,D,FALSE,CLR,NA,NA,15.2,0.27,739,NA,8.21,10.24,45.1,10,Low,905463,908272,2809,2809,18.48073285,18.48073285,1,NA,NA,Aquatic Insects,32,Family,Ceratopogonidae,Ceratopogonidae,Nymphs,0,0,0,NA,NA,NA,NA,NA,NA,NA,NA,NA,NA,NA   NA   NA   NA,NA   NA   NA   NA
STTD_2013-03-13 10:10:00,3/13/2013 10:10,STTD,2013,D,FALSE,CLR,NA,NA,15.2,0.27,739,NA,8.21,10.24,45.1,10,Low,905463,908272,2809,2809,18.48073285,18.48073285,1,NA,NA,Aquatic Insects,32,Family,Ceratopogonidae,Ceratopogonidae,Emergents,0,0,0,NA,NA,NA,NA,NA,NA,NA,NA,NA,NA,NA   NA   NA   NA,NA   NA   NA   NA
STTD_2013-03-13 10:10:00,3/13/2013 10:10,STTD,2013,D,FALSE,CLR,NA,NA,15.2,0.27,739,NA,8.21,10.24,45.1,10,Low,905463,908272,2809,2809,18.48073285,18.48073285,1,NA,NA,Aquatic Insects,32,Family,Ceratopogonidae,Ceratopogonidae,Adults,1,0.054,0.054,NA,NA,NA,NA,NA,NA,NA,NA,NA,NA,NA   NA   NA   NA,NA   NA   NA   NA
STTD_2013-03-13 10:10:00,3/13/2013 10:10,STTD,2013,D,FALSE,CLR,NA,NA,15.2,0.27,739,NA,8.21,10.24,45.1,10,Low,905463,908272,2809,2809,18.48073285,18.48073285,1,NA,NA,Aquatic Insects,32,Family,Ceratopogonidae,Ceratopogonidae,NotDetermined,0,0,0,NA,NA,NA,NA,NA,NA,NA,NA,NA,NA,NA   NA   NA   NA,NA   NA   NA   NA
STTD_2013-03-13 10:10:00,3/13/2013 10:10,STTD,2013,D,FALSE,CLR,NA,NA,15.2,0.27,739,NA,8.21,10.24,45.1,10,Low,905463,908272,2809,2809,18.48073285,18.48073285,1,NA,NA,Aquatic Insects,37,Family,Psychodidae,Psychodidae,Larvae,0,0,0,NA,NA,NA,NA,NA,NA,NA,NA,NA,NA,NA   NA   NA   NA,NA   NA   NA   NA
STTD_2013-03-13 10:10:00,3/13/2013 10:10,STTD,2013,D,FALSE,CLR,NA,NA,15.2,0.27,739,NA,8.21,10.24,45.1,10,Low,905463,908272,2809,2809,18.48073285,18.48073285,1,NA,NA,Aquatic Insects,37,Family,Psychodidae,Psychodidae,Pupae,0,0,0,NA,NA,NA,NA,NA,NA,NA,NA,NA,NA,NA   NA   NA   NA,NA   NA   NA   NA
STTD_2013-03-13 10:10:00,3/13/2013 10:10,STTD,2013,D,FALSE,CLR,NA,NA,15.2,0.27,739,NA,8.21,10.24,45.1,10,Low,905463,908272,2809,2809,18.48073285,18.48073285,1,NA,NA,Aquatic Insects,37,Family,Psychodidae,Psychodidae,Nymphs,0,0,0,NA,NA,NA,NA,NA,NA,NA,NA,NA,NA,NA   NA   NA   NA,NA   NA   NA   NA
STTD_2013-03-13 10:10:00,3/13/2013 10:10,STTD,2013,D,FALSE,CLR,NA,NA,15.2,0.27,739,NA,8.21,10.24,45.1,10,Low,905463,908272,2809,2809,18.48073285,18.48073285,1,NA,NA,Aquatic Insects,37,Family,Psychodidae,Psychodidae,Emergents,0,0,0,NA,NA,NA,NA,NA,NA,NA,NA,NA,NA,NA   NA   NA   NA,NA   NA   NA   NA
STTD_2013-03-13 10:10:00,3/13/2013 10:10,STTD,2013,D,FALSE,CLR,NA,NA,15.2,0.27,739,NA,8.21,10.24,45.1,10,Low,905463,908272,2809,2809,18.48073285,18.48073285,1,NA,NA,Aquatic Insects,37,Family,Psychodidae,Psychodidae,Adults,3,0.162,0.162,NA,NA,NA,NA,NA,NA,NA,NA,NA,NA,NA   NA   NA   NA,NA   NA   NA   NA
STTD_2013-03-13 10:10:00,3/13/2013 10:10,STTD,2013,D,FALSE,CLR,NA,NA,15.2,0.27,739,NA,8.21,10.24,45.1,10,Low,905463,908272,2809,2809,18.48073285,18.48073285,1,NA,NA,Aquatic Insects,37,Family,Psychodidae,Psychodidae,NotDetermined,0,0,0,NA,NA,NA,NA,NA,NA,NA,NA,NA,NA,NA   NA   NA   NA,NA   NA   NA   NA
STTD_2013-03-13 10:10:00,3/13/2013 10:10,STTD,2013,D,FALSE,CLR,NA,NA,15.2,0.27,739,NA,8.21,10.24,45.1,10,Low,905463,908272,2809,2809,18.48073285,18.48073285,1,NA,NA,Aquatic Non-Insects,20,Family,Physidae,Physidae,Larvae,0,0,0,NA,NA,NA,NA,NA,NA,NA,NA,NA,NA,NA   NA   NA   NA,NA   NA   NA   NA
STTD_2013-03-13 10:10:00,3/13/2013 10:10,STTD,2013,D,FALSE,CLR,NA,NA,15.2,0.27,739,NA,8.21,10.24,45.1,10,Low,905463,908272,2809,2809,18.48073285,18.48073285,1,NA,NA,Aquatic Non-Insects,20,Family,Physidae,Physidae,Pupae,0,0,0,NA,NA,NA,NA,NA,NA,NA,NA,NA,NA,NA   NA   NA   NA,NA   NA   NA   NA
STTD_2013-03-13 10:10:00,3/13/2013 10:10,STTD,2013,D,FALSE,CLR,NA,NA,15.2,0.27,739,NA,8.21,10.24,45.1,10,Low,905463,908272,2809,2809,18.48073285,18.48073285,1,NA,NA,Aquatic Non-Insects,20,Family,Physidae,Physidae,Nymphs,0,0,0,NA,NA,NA,NA,NA,NA,NA,NA,NA,NA,NA   NA   NA   NA,NA   NA   NA   NA
STTD_2013-03-13 10:10:00,3/13/2013 10:10,STTD,2013,D,FALSE,CLR,NA,NA,15.2,0.27,739,NA,8.21,10.24,45.1,10,Low,905463,908272,2809,2809,18.48073285,18.48073285,1,NA,NA,Aquatic Non-Insects,20,Family,Physidae,Physidae,Emergents,0,0,0,NA,NA,NA,NA,NA,NA,NA,NA,NA,NA,NA   NA   NA   NA,NA   NA   NA   NA
STTD_2013-03-13 10:10:00,3/13/2013 10:10,STTD,2013,D,FALSE,CLR,NA,NA,15.2,0.27,739,NA,8.21,10.24,45.1,10,Low,905463,908272,2809,2809,18.48073285,18.48073285,1,NA,NA,Aquatic Non-Insects,20,Family,Physidae,Physidae,Adults,0,0,0,NA,NA,NA,NA,NA,NA,NA,NA,NA,NA,NA   NA   NA   NA,NA   NA   NA   NA
STTD_2013-03-13 10:10:00,3/13/2013 10:10,STTD,2013,D,FALSE,CLR,NA,NA,15.2,0.27,739,NA,8.21,10.24,45.1,10,Low,905463,908272,2809,2809,18.48073285,18.48073285,1,NA,NA,Aquatic Non-Insects,20,Family,Physidae,Physidae,NotDetermined,7,0.379,0.379,NA,NA,NA,NA,NA,NA,NA,NA,NA,NA,NA   NA   NA   NA,NA   NA   NA   NA
STTD_2013-03-13 10:10:00,3/13/2013 10:10,STTD,2013,D,FALSE,CLR,NA,NA,15.2,0.27,739,NA,8.21,10.24,45.1,10,Low,905463,908272,2809,2809,18.48073285,18.48073285,1,NA,NA,Aquatic Non-Insects,9,Family,Corophiidae,Corophiidae,Larvae,0,0,0,NA,NA,NA,NA,NA,NA,NA,NA,NA,NA,NA   NA   NA   NA,NA   NA   NA   NA
STTD_2013-03-13 10:10:00,3/13/2013 10:10,STTD,2013,D,FALSE,CLR,NA,NA,15.2,0.27,739,NA,8.21,10.24,45.1,10,Low,905463,908272,2809,2809,18.48073285,18.48073285,1,NA,NA,Aquatic Non-Insects,9,Family,Corophiidae,Corophiidae,Pupae,0,0,0,NA,NA,NA,NA,NA,NA,NA,NA,NA,NA,NA   NA   NA   NA,NA   NA   NA   NA
STTD_2013-03-13 10:10:00,3/13/2013 10:10,STTD,2013,D,FALSE,CLR,NA,NA,15.2,0.27,739,NA,8.21,10.24,45.1,10,Low,905463,908272,2809,2809,18.48073285,18.48073285,1,NA,NA,Aquatic Non-Insects,9,Family,Corophiidae,Corophiidae,Nymphs,0,0,0,NA,NA,NA,NA,NA,NA,NA,NA,NA,NA,NA   NA   NA   NA,NA   NA   NA   NA
STTD_2013-03-13 10:10:00,3/13/2013 10:10,STTD,2013,D,FALSE,CLR,NA,NA,15.2,0.27,739,NA,8.21,10.24,45.1,10,Low,905463,908272,2809,2809,18.48073285,18.48073285,1,NA,NA,Aquatic Non-Insects,9,Family,Corophiidae,Corophiidae,Emergents,0,0,0,NA,NA,NA,NA,NA,NA,NA,NA,NA,NA,NA   NA   NA   NA,NA   NA   NA   NA
STTD_2013-03-13 10:10:00,3/13/2013 10:10,STTD,2013,D,FALSE,CLR,NA,NA,15.2,0.27,739,NA,8.21,10.24,45.1,10,Low,905463,908272,2809,2809,18.48073285,18.48073285,1,NA,NA,Aquatic Non-Insects,9,Family,Corophiidae,Corophiidae,Adults,0,0,0,NA,NA,NA,NA,NA,NA,NA,NA,NA,NA,NA   NA   NA   NA,NA   NA   NA   NA
STTD_2013-03-13 10:10:00,3/13/2013 10:10,STTD,2013,D,FALSE,CLR,NA,NA,15.2,0.27,739,NA,8.21,10.24,45.1,10,Low,905463,908272,2809,2809,18.48073285,18.48073285,1,NA,NA,Aquatic Non-Insects,9,Family,Corophiidae,Corophiidae,NotDetermined,2,0.108,0.108,NA,NA,NA,NA,NA,NA,NA,NA,NA,NA,NA   NA   NA   NA,NA   NA   NA   NA
STTD_2013-03-13 10:10:00,3/13/2013 10:10,STTD,2013,D,FALSE,CLR,NA,NA,15.2,0.27,739,NA,8.21,10.24,45.1,10,Low,905463,908272,2809,2809,18.48073285,18.48073285,1,NA,NA,Aquatic Non-Insects,15,Family,Hyalellidae,Hyalellidae,Larvae,0,0,0,NA,NA,NA,NA,NA,NA,NA,NA,NA,NA,NA   NA   NA   NA,NA   NA   NA   NA
STTD_2013-03-13 10:10:00,3/13/2013 10:10,STTD,2013,D,FALSE,CLR,NA,NA,15.2,0.27,739,NA,8.21,10.24,45.1,10,Low,905463,908272,2809,2809,18.48073285,18.48073285,1,NA,NA,Aquatic Non-Insects,15,Family,Hyalellidae,Hyalellidae,Pupae,0,0,0,NA,NA,NA,NA,NA,NA,NA,NA,NA,NA,NA   NA   NA   NA,NA   NA   NA   NA
STTD_2013-03-13 10:10:00,3/13/2013 10:10,STTD,2013,D,FALSE,CLR,NA,NA,15.2,0.27,739,NA,8.21,10.24,45.1,10,Low,905463,908272,2809,2809,18.48073285,18.48073285,1,NA,NA,Aquatic Non-Insects,15,Family,Hyalellidae,Hyalellidae,Nymphs,0,0,0,NA,NA,NA,NA,NA,NA,NA,NA,NA,NA,NA   NA   NA   NA,NA   NA   NA   NA
STTD_2013-03-13 10:10:00,3/13/2013 10:10,STTD,2013,D,FALSE,CLR,NA,NA,15.2,0.27,739,NA,8.21,10.24,45.1,10,Low,905463,908272,2809,2809,18.48073285,18.48073285,1,NA,NA,Aquatic Non-Insects,15,Family,Hyalellidae,Hyalellidae,Emergents,0,0,0,NA,NA,NA,NA,NA,NA,NA,NA,NA,NA,NA   NA   NA   NA,NA   NA   NA   NA
STTD_2013-03-13 10:10:00,3/13/2013 10:10,STTD,2013,D,FALSE,CLR,NA,NA,15.2,0.27,739,NA,8.21,10.24,45.1,10,Low,905463,908272,2809,2809,18.48073285,18.48073285,1,NA,NA,Aquatic Non-Insects,15,Family,Hyalellidae,Hyalellidae,Adults,0,0,0,NA,NA,NA,NA,NA,NA,NA,NA,NA,NA,NA   NA   NA   NA,NA   NA   NA   NA
STTD_2013-03-13 10:10:00,3/13/2013 10:10,STTD,2013,D,FALSE,CLR,NA,NA,15.2,0.27,739,NA,8.21,10.24,45.1,10,Low,905463,908272,2809,2809,18.48073285,18.48073285,1,NA,NA,Aquatic Non-Insects,15,Family,Hyalellidae,Hyalellidae,NotDetermined,10,0.541,0.541,NA,NA,NA,NA,NA,NA,NA,NA,NA,NA,NA   NA   NA   NA,NA   NA   NA   NA
STTD_2013-03-13 10:10:00,3/13/2013 10:10,STTD,2013,D,FALSE,CLR,NA,NA,15.2,0.27,739,NA,8.21,10.24,45.1,10,Low,905463,908272,2809,2809,18.48073285,18.48073285,1,NA,NA,Aquatic Non-Insects,18,Family,Hydridae,Hydridae,Larvae,0,0,0,NA,NA,NA,NA,NA,NA,NA,NA,NA,NA,NA   NA   NA   NA,NA   NA   NA   NA
STTD_2013-03-13 10:10:00,3/13/2013 10:10,STTD,2013,D,FALSE,CLR,NA,NA,15.2,0.27,739,NA,8.21,10.24,45.1,10,Low,905463,908272,2809,2809,18.48073285,18.48073285,1,NA,NA,Aquatic Non-Insects,18,Family,Hydridae,Hydridae,Pupae,0,0,0,NA,NA,NA,NA,NA,NA,NA,NA,NA,NA,NA   NA   NA   NA,NA   NA   NA   NA
STTD_2013-03-13 10:10:00,3/13/2013 10:10,STTD,2013,D,FALSE,CLR,NA,NA,15.2,0.27,739,NA,8.21,10.24,45.1,10,Low,905463,908272,2809,2809,18.48073285,18.48073285,1,NA,NA,Aquatic Non-Insects,18,Family,Hydridae,Hydridae,Nymphs,0,0,0,NA,NA,NA,NA,NA,NA,NA,NA,NA,NA,NA   NA   NA   NA,NA   NA   NA   NA
STTD_2013-03-13 10:10:00,3/13/2013 10:10,STTD,2013,D,FALSE,CLR,NA,NA,15.2,0.27,739,NA,8.21,10.24,45.1,10,Low,905463,908272,2809,2809,18.48073285,18.48073285,1,NA,NA,Aquatic Non-Insects,18,Family,Hydridae,Hydridae,Emergents,0,0,0,NA,NA,NA,NA,NA,NA,NA,NA,NA,NA,NA   NA   NA   NA,NA   NA   NA   NA
STTD_2013-03-13 10:10:00,3/13/2013 10:10,STTD,2013,D,FALSE,CLR,NA,NA,15.2,0.27,739,NA,8.21,10.24,45.1,10,Low,905463,908272,2809,2809,18.48073285,18.48073285,1,NA,NA,Aquatic Non-Insects,18,Family,Hydridae,Hydridae,Adults,0,0,0,NA,NA,NA,NA,NA,NA,NA,NA,NA,NA,NA   NA   NA   NA,NA   NA   NA   NA
STTD_2013-03-13 10:10:00,3/13/2013 10:10,STTD,2013,D,FALSE,CLR,NA,NA,15.2,0.27,739,NA,8.21,10.24,45.1,10,Low,905463,908272,2809,2809,18.48073285,18.48073285,1,NA,NA,Aquatic Non-Insects,18,Family,Hydridae,Hydridae,NotDetermined,3,0.162,0.162,NA,NA,NA,NA,NA,NA,NA,NA,NA,NA,NA   NA   NA   NA,NA   NA   NA   NA
STTD_2013-03-13 10:10:00,3/13/2013 10:10,STTD,2013,D,FALSE,CLR,NA,NA,15.2,0.27,739,NA,8.21,10.24,45.1,10,Low,905463,908272,2809,2809,18.48073285,18.48073285,1,NA,NA,Terrestrial Insects,71,Order,Hemiptera,Hemiptera,Larvae,0,0,0,NA,NA,NA,NA,NA,NA,NA,NA,NA,NA,NA   NA   NA   NA,NA   NA   NA   NA
STTD_2013-03-13 10:10:00,3/13/2013 10:10,STTD,2013,D,FALSE,CLR,NA,NA,15.2,0.27,739,NA,8.21,10.24,45.1,10,Low,905463,908272,2809,2809,18.48073285,18.48073285,1,NA,NA,Terrestrial Insects,71,Order,Hemiptera,Hemiptera,Pupae,0,0,0,NA,NA,NA,NA,NA,NA,NA,NA,NA,NA,NA   NA   NA   NA,NA   NA   NA   NA
STTD_2013-03-13 10:10:00,3/13/2013 10:10,STTD,2013,D,FALSE,CLR,NA,NA,15.2,0.27,739,NA,8.21,10.24,45.1,10,Low,905463,908272,2809,2809,18.48073285,18.48073285,1,NA,NA,Terrestrial Insects,71,Order,Hemiptera,Hemiptera,Nymphs,0,0,0,NA,NA,NA,NA,NA,NA,NA,NA,NA,NA,NA   NA   NA   NA,NA   NA   NA   NA
STTD_2013-03-13 10:10:00,3/13/2013 10:10,STTD,2013,D,FALSE,CLR,NA,NA,15.2,0.27,739,NA,8.21,10.24,45.1,10,Low,905463,908272,2809,2809,18.48073285,18.48073285,1,NA,NA,Terrestrial Insects,71,Order,Hemiptera,Hemiptera,Emergents,0,0,0,NA,NA,NA,NA,NA,NA,NA,NA,NA,NA,NA   NA   NA   NA,NA   NA   NA   NA
STTD_2013-03-13 10:10:00,3/13/2013 10:10,STTD,2013,D,FALSE,CLR,NA,NA,15.2,0.27,739,NA,8.21,10.24,45.1,10,Low,905463,908272,2809,2809,18.48073285,18.48073285,1,NA,NA,Terrestrial Insects,71,Order,Hemiptera,Hemiptera,Adults,45,2.435,2.435,NA,NA,NA,NA,NA,NA,NA,NA,NA,NA,NA   NA   NA   NA,NA   NA   NA   NA
STTD_2013-03-13 10:10:00,3/13/2013 10:10,STTD,2013,D,FALSE,CLR,NA,NA,15.2,0.27,739,NA,8.21,10.24,45.1,10,Low,905463,908272,2809,2809,18.48073285,18.48073285,1,NA,NA,Terrestrial Insects,71,Order,Hemiptera,Hemiptera,NotDetermined,0,0,0,NA,NA,NA,NA,NA,NA,NA,NA,NA,NA,NA   NA   NA   NA,NA   NA   NA   NA
STTD_2013-03-13 10:10:00,3/13/2013 10:10,STTD,2013,D,FALSE,CLR,NA,NA,15.2,0.27,739,NA,8.21,10.24,45.1,10,Low,905463,908272,2809,2809,18.48073285,18.48073285,1,NA,NA,Terrestrial Insects,63,Order,Coleoptera,Coleoptera,Larvae,0,0,0,NA,NA,NA,NA,NA,NA,NA,NA,NA,NA,NA   NA   NA   NA,NA   NA   NA   NA
STTD_2013-03-13 10:10:00,3/13/2013 10:10,STTD,2013,D,FALSE,CLR,NA,NA,15.2,0.27,739,NA,8.21,10.24,45.1,10,Low,905463,908272,2809,2809,18.48073285,18.48073285,1,NA,NA,Terrestrial Insects,63,Order,Coleoptera,Coleoptera,Pupae,0,0,0,NA,NA,NA,NA,NA,NA,NA,NA,NA,NA,NA   NA   NA   NA,NA   NA   NA   NA
STTD_2013-03-13 10:10:00,3/13/2013 10:10,STTD,2013,D,FALSE,CLR,NA,NA,15.2,0.27,739,NA,8.21,10.24,45.1,10,Low,905463,908272,2809,2809,18.48073285,18.48073285,1,NA,NA,Terrestrial Insects,63,Order,Coleoptera,Coleoptera,Nymphs,0,0,0,NA,NA,NA,NA,NA,NA,NA,NA,NA,NA,NA   NA   NA   NA,NA   NA   NA   NA
STTD_2013-03-13 10:10:00,3/13/2013 10:10,STTD,2013,D,FALSE,CLR,NA,NA,15.2,0.27,739,NA,8.21,10.24,45.1,10,Low,905463,908272,2809,2809,18.48073285,18.48073285,1,NA,NA,Terrestrial Insects,63,Order,Coleoptera,Coleoptera,Emergents,0,0,0,NA,NA,NA,NA,NA,NA,NA,NA,NA,NA,NA   NA   NA   NA,NA   NA   NA   NA
STTD_2013-03-13 10:10:00,3/13/2013 10:10,STTD,2013,D,FALSE,CLR,NA,NA,15.2,0.27,739,NA,8.21,10.24,45.1,10,Low,905463,908272,2809,2809,18.48073285,18.48073285,1,NA,NA,Terrestrial Insects,63,Order,Coleoptera,Coleoptera,Adults,37,2.002,2.002,NA,NA,NA,NA,NA,NA,NA,NA,NA,NA,NA   NA   NA   NA,NA   NA   NA   NA
STTD_2013-03-13 10:10:00,3/13/2013 10:10,STTD,2013,D,FALSE,CLR,NA,NA,15.2,0.27,739,NA,8.21,10.24,45.1,10,Low,905463,908272,2809,2809,18.48073285,18.48073285,1,NA,NA,Terrestrial Insects,63,Order,Coleoptera,Coleoptera,NotDetermined,0,0,0,NA,NA,NA,NA,NA,NA,NA,NA,NA,NA,NA   NA   NA   NA,NA   NA   NA   NA
STTD_2013-03-13 10:10:00,3/13/2013 10:10,STTD,2013,D,FALSE,CLR,NA,NA,15.2,0.27,739,NA,8.21,10.24,45.1,10,Low,905463,908272,2809,2809,18.48073285,18.48073285,1,NA,NA,Terrestrial Insects,64,Order,Diptera,Diptera,Larvae,1,0.054,0.054,NA,NA,NA,NA,NA,NA,NA,NA,NA,NA,NA   NA   NA   NA,NA   NA   NA   NA
STTD_2013-03-13 10:10:00,3/13/2013 10:10,STTD,2013,D,FALSE,CLR,NA,NA,15.2,0.27,739,NA,8.21,10.24,45.1,10,Low,905463,908272,2809,2809,18.48073285,18.48073285,1,NA,NA,Terrestrial Insects,64,Order,Diptera,Diptera,Pupae,0,0,0,NA,NA,NA,NA,NA,NA,NA,NA,NA,NA,NA   NA   NA   NA,NA   NA   NA   NA
STTD_2013-03-13 10:10:00,3/13/2013 10:10,STTD,2013,D,FALSE,CLR,NA,NA,15.2,0.27,739,NA,8.21,10.24,45.1,10,Low,905463,908272,2809,2809,18.48073285,18.48073285,1,NA,NA,Terrestrial Insects,64,Order,Diptera,Diptera,Nymphs,0,0,0,NA,NA,NA,NA,NA,NA,NA,NA,NA,NA,NA   NA   NA   NA,NA   NA   NA   NA
STTD_2013-03-13 10:10:00,3/13/2013 10:10,STTD,2013,D,FALSE,CLR,NA,NA,15.2,0.27,739,NA,8.21,10.24,45.1,10,Low,905463,908272,2809,2809,18.48073285,18.48073285,1,NA,NA,Terrestrial Insects,64,Order,Diptera,Diptera,Emergents,0,0,0,NA,NA,NA,NA,NA,NA,NA,NA,NA,NA,NA   NA   NA   NA,NA   NA   NA   NA
STTD_2013-03-13 10:10:00,3/13/2013 10:10,STTD,2013,D,FALSE,CLR,NA,NA,15.2,0.27,739,NA,8.21,10.24,45.1,10,Low,905463,908272,2809,2809,18.48073285,18.48073285,1,NA,NA,Terrestrial Insects,64,Order,Diptera,Diptera,Adults,16,0.866,0.866,NA,NA,NA,NA,NA,NA,NA,NA,NA,NA,NA   NA   NA   NA,NA   NA   NA   NA
STTD_2013-03-13 10:10:00,3/13/2013 10:10,STTD,2013,D,FALSE,CLR,NA,NA,15.2,0.27,739,NA,8.21,10.24,45.1,10,Low,905463,908272,2809,2809,18.48073285,18.48073285,1,NA,NA,Terrestrial Insects,64,Order,Diptera,Diptera,NotDetermined,0,0,0,NA,NA,NA,NA,NA,NA,NA,NA,NA,NA,NA   NA   NA   NA,NA   NA   NA   NA
STTD_2013-03-13 10:10:00,3/13/2013 10:10,STTD,2013,D,FALSE,CLR,NA,NA,15.2,0.27,739,NA,8.21,10.24,45.1,10,Low,905463,908272,2809,2809,18.48073285,18.48073285,1,NA,NA,Terrestrial Insects,73,Order,Lepidoptera,Lepidoptera,Larvae,2,0.108,0.108,NA,NA,NA,NA,NA,NA,NA,NA,NA,NA,NA   NA   NA   NA,NA   NA   NA   NA
STTD_2013-03-13 10:10:00,3/13/2013 10:10,STTD,2013,D,FALSE,CLR,NA,NA,15.2,0.27,739,NA,8.21,10.24,45.1,10,Low,905463,908272,2809,2809,18.48073285,18.48073285,1,NA,NA,Terrestrial Insects,73,Order,Lepidoptera,Lepidoptera,Pupae,0,0,0,NA,NA,NA,NA,NA,NA,NA,NA,NA,NA,NA   NA   NA   NA,NA   NA   NA   NA
STTD_2013-03-13 10:10:00,3/13/2013 10:10,STTD,2013,D,FALSE,CLR,NA,NA,15.2,0.27,739,NA,8.21,10.24,45.1,10,Low,905463,908272,2809,2809,18.48073285,18.48073285,1,NA,NA,Terrestrial Insects,73,Order,Lepidoptera,Lepidoptera,Nymphs,0,0,0,NA,NA,NA,NA,NA,NA,NA,NA,NA,NA,NA   NA   NA   NA,NA   NA   NA   NA
STTD_2013-03-13 10:10:00,3/13/2013 10:10,STTD,2013,D,FALSE,CLR,NA,NA,15.2,0.27,739,NA,8.21,10.24,45.1,10,Low,905463,908272,2809,2809,18.48073285,18.48073285,1,NA,NA,Terrestrial Insects,73,Order,Lepidoptera,Lepidoptera,Emergents,0,0,0,NA,NA,NA,NA,NA,NA,NA,NA,NA,NA,NA   NA   NA   NA,NA   NA   NA   NA
STTD_2013-03-13 10:10:00,3/13/2013 10:10,STTD,2013,D,FALSE,CLR,NA,NA,15.2,0.27,739,NA,8.21,10.24,45.1,10,Low,905463,908272,2809,2809,18.48073285,18.48073285,1,NA,NA,Terrestrial Insects,73,Order,Lepidoptera,Lepidoptera,Adults,0,0,0,NA,NA,NA,NA,NA,NA,NA,NA,NA,NA,NA   NA   NA   NA,NA   NA   NA   NA
STTD_2013-03-13 10:10:00,3/13/2013 10:10,STTD,2013,D,FALSE,CLR,NA,NA,15.2,0.27,739,NA,8.21,10.24,45.1,10,Low,905463,908272,2809,2809,18.48073285,18.48073285,1,NA,NA,Terrestrial Insects,73,Order,Lepidoptera,Lepidoptera,NotDetermined,0,0,0,NA,NA,NA,NA,NA,NA,NA,NA,NA,NA,NA   NA   NA   NA,NA   NA   NA   NA
STTD_2013-03-13 10:10:00,3/13/2013 10:10,STTD,2013,D,FALSE,CLR,NA,NA,15.2,0.27,739,NA,8.21,10.24,45.1,10,Low,905463,908272,2809,2809,18.48073285,18.48073285,1,NA,NA,Terrestrial Non-Insects,68,Order,Collembola,Collembola,Larvae,0,0,0,NA,NA,NA,NA,NA,NA,NA,NA,NA,NA,NA   NA   NA   NA,NA   NA   NA   NA
STTD_2013-03-13 10:10:00,3/13/2013 10:10,STTD,2013,D,FALSE,CLR,NA,NA,15.2,0.27,739,NA,8.21,10.24,45.1,10,Low,905463,908272,2809,2809,18.48073285,18.48073285,1,NA,NA,Terrestrial Non-Insects,68,Order,Collembola,Collembola,Pupae,0,0,0,NA,NA,NA,NA,NA,NA,NA,NA,NA,NA,NA   NA   NA   NA,NA   NA   NA   NA
STTD_2013-03-13 10:10:00,3/13/2013 10:10,STTD,2013,D,FALSE,CLR,NA,NA,15.2,0.27,739,NA,8.21,10.24,45.1,10,Low,905463,908272,2809,2809,18.48073285,18.48073285,1,NA,NA,Terrestrial Non-Insects,68,Order,Collembola,Collembola,Nymphs,0,0,0,NA,NA,NA,NA,NA,NA,NA,NA,NA,NA,NA   NA   NA   NA,NA   NA   NA   NA
STTD_2013-03-13 10:10:00,3/13/2013 10:10,STTD,2013,D,FALSE,CLR,NA,NA,15.2,0.27,739,NA,8.21,10.24,45.1,10,Low,905463,908272,2809,2809,18.48073285,18.48073285,1,NA,NA,Terrestrial Non-Insects,68,Order,Collembola,Collembola,Emergents,0,0,0,NA,NA,NA,NA,NA,NA,NA,NA,NA,NA,NA   NA   NA   NA,NA   NA   NA   NA
STTD_2013-03-13 10:10:00,3/13/2013 10:10,STTD,2013,D,FALSE,CLR,NA,NA,15.2,0.27,739,NA,8.21,10.24,45.1,10,Low,905463,908272,2809,2809,18.48073285,18.48073285,1,NA,NA,Terrestrial Non-Insects,68,Order,Collembola,Collembola,Adults,0,0,0,NA,NA,NA,NA,NA,NA,NA,NA,NA,NA,NA   NA   NA   NA,NA   NA   NA   NA
STTD_2013-03-13 10:10:00,3/13/2013 10:10,STTD,2013,D,FALSE,CLR,NA,NA,15.2,0.27,739,NA,8.21,10.24,45.1,10,Low,905463,908272,2809,2809,18.48073285,18.48073285,1,NA,NA,Terrestrial Non-Insects,68,Order,Collembola,Collembola,NotDetermined,381,20.616,20.616,NA,NA,NA,NA,NA,NA,NA,NA,NA,NA,NA   NA   NA   NA,NA   NA   NA   NA
STTD_2013-03-13 10:10:00,3/13/2013 10:10,STTD,2013,D,FALSE,CLR,NA,NA,15.2,0.27,739,NA,8.21,10.24,45.1,10,Low,905463,908272,2809,2809,18.48073285,18.48073285,1,NA,NA,Terrestrial Insects,66,Order,Hymenoptera,Hymenoptera,Larvae,0,0,0,NA,NA,NA,NA,NA,NA,NA,NA,NA,NA,NA   NA   NA   NA,NA   NA   NA   NA
STTD_2013-03-13 10:10:00,3/13/2013 10:10,STTD,2013,D,FALSE,CLR,NA,NA,15.2,0.27,739,NA,8.21,10.24,45.1,10,Low,905463,908272,2809,2809,18.48073285,18.48073285,1,NA,NA,Terrestrial Insects,66,Order,Hymenoptera,Hymenoptera,Pupae,0,0,0,NA,NA,NA,NA,NA,NA,NA,NA,NA,NA,NA   NA   NA   NA,NA   NA   NA   NA
STTD_2013-03-13 10:10:00,3/13/2013 10:10,STTD,2013,D,FALSE,CLR,NA,NA,15.2,0.27,739,NA,8.21,10.24,45.1,10,Low,905463,908272,2809,2809,18.48073285,18.48073285,1,NA,NA,Terrestrial Insects,66,Order,Hymenoptera,Hymenoptera,Nymphs,0,0,0,NA,NA,NA,NA,NA,NA,NA,NA,NA,NA,NA   NA   NA   NA,NA   NA   NA   NA
STTD_2013-03-13 10:10:00,3/13/2013 10:10,STTD,2013,D,FALSE,CLR,NA,NA,15.2,0.27,739,NA,8.21,10.24,45.1,10,Low,905463,908272,2809,2809,18.48073285,18.48073285,1,NA,NA,Terrestrial Insects,66,Order,Hymenoptera,Hymenoptera,Emergents,0,0,0,NA,NA,NA,NA,NA,NA,NA,NA,NA,NA,NA   NA   NA   NA,NA   NA   NA   NA
STTD_2013-03-13 10:10:00,3/13/2013 10:10,STTD,2013,D,FALSE,CLR,NA,NA,15.2,0.27,739,NA,8.21,10.24,45.1,10,Low,905463,908272,2809,2809,18.48073285,18.48073285,1,NA,NA,Terrestrial Insects,66,Order,Hymenoptera,Hymenoptera,Adults,14,0.758,0.758,NA,NA,NA,NA,NA,NA,NA,NA,NA,NA,NA   NA   NA   NA,NA   NA   NA   NA
STTD_2013-03-13 10:10:00,3/13/2013 10:10,STTD,2013,D,FALSE,CLR,NA,NA,15.2,0.27,739,NA,8.21,10.24,45.1,10,Low,905463,908272,2809,2809,18.48073285,18.48073285,1,NA,NA,Terrestrial Insects,66,Order,Hymenoptera,Hymenoptera,NotDetermined,0,0,0,NA,NA,NA,NA,NA,NA,NA,NA,NA,NA,NA   NA   NA   NA,NA   NA   NA   NA
STTD_2013-03-13 10:10:00,3/13/2013 10:10,STTD,2013,D,FALSE,CLR,NA,NA,15.2,0.27,739,NA,8.21,10.24,45.1,10,Low,905463,908272,2809,2809,18.48073285,18.48073285,1,NA,NA,Terrestrial Insects,85,Order,Thysanoptera,Thysanoptera,Larvae,0,0,0,NA,NA,NA,NA,NA,NA,NA,NA,NA,NA,NA   NA   NA   NA,NA   NA   NA   NA
STTD_2013-03-13 10:10:00,3/13/2013 10:10,STTD,2013,D,FALSE,CLR,NA,NA,15.2,0.27,739,NA,8.21,10.24,45.1,10,Low,905463,908272,2809,2809,18.48073285,18.48073285,1,NA,NA,Terrestrial Insects,85,Order,Thysanoptera,Thysanoptera,Pupae,0,0,0,NA,NA,NA,NA,NA,NA,NA,NA,NA,NA,NA   NA   NA   NA,NA   NA   NA   NA
STTD_2013-03-13 10:10:00,3/13/2013 10:10,STTD,2013,D,FALSE,CLR,NA,NA,15.2,0.27,739,NA,8.21,10.24,45.1,10,Low,905463,908272,2809,2809,18.48073285,18.48073285,1,NA,NA,Terrestrial Insects,85,Order,Thysanoptera,Thysanoptera,Nymphs,0,0,0,NA,NA,NA,NA,NA,NA,NA,NA,NA,NA,NA   NA   NA   NA,NA   NA   NA   NA
STTD_2013-03-13 10:10:00,3/13/2013 10:10,STTD,2013,D,FALSE,CLR,NA,NA,15.2,0.27,739,NA,8.21,10.24,45.1,10,Low,905463,908272,2809,2809,18.48073285,18.48073285,1,NA,NA,Terrestrial Insects,85,Order,Thysanoptera,Thysanoptera,Emergents,0,0,0,NA,NA,NA,NA,NA,NA,NA,NA,NA,NA,NA   NA   NA   NA,NA   NA   NA   NA
STTD_2013-03-13 10:10:00,3/13/2013 10:10,STTD,2013,D,FALSE,CLR,NA,NA,15.2,0.27,739,NA,8.21,10.24,45.1,10,Low,905463,908272,2809,2809,18.48073285,18.48073285,1,NA,NA,Terrestrial Insects,85,Order,Thysanoptera,Thysanoptera,Adults,3,0.162,0.162,NA,NA,NA,NA,NA,NA,NA,NA,NA,NA,NA   NA   NA   NA,NA   NA   NA   NA
STTD_2013-03-13 10:10:00,3/13/2013 10:10,STTD,2013,D,FALSE,CLR,NA,NA,15.2,0.27,739,NA,8.21,10.24,45.1,10,Low,905463,908272,2809,2809,18.48073285,18.48073285,1,NA,NA,Terrestrial Insects,85,Order,Thysanoptera,Thysanoptera,NotDetermined,0,0,0,NA,NA,NA,NA,NA,NA,NA,NA,NA,NA,NA   NA   NA   NA,NA   NA   NA   NA
STTD_2013-03-13 10:10:00,3/13/2013 10:10,STTD,2013,D,FALSE,CLR,NA,NA,15.2,0.27,739,NA,8.21,10.24,45.1,10,Low,905463,908272,2809,2809,18.48073285,18.48073285,1,NA,NA,Terrestrial Non-Insects,57,Subclass,Acari,Acari,Larvae,0,0,0,NA,NA,NA,NA,NA,NA,NA,NA,NA,NA,NA   NA   NA   NA,NA   NA   NA   NA
STTD_2013-03-13 10:10:00,3/13/2013 10:10,STTD,2013,D,FALSE,CLR,NA,NA,15.2,0.27,739,NA,8.21,10.24,45.1,10,Low,905463,908272,2809,2809,18.48073285,18.48073285,1,NA,NA,Terrestrial Non-Insects,57,Subclass,Acari,Acari,Pupae,0,0,0,NA,NA,NA,NA,NA,NA,NA,NA,NA,NA,NA   NA   NA   NA,NA   NA   NA   NA
STTD_2013-03-13 10:10:00,3/13/2013 10:10,STTD,2013,D,FALSE,CLR,NA,NA,15.2,0.27,739,NA,8.21,10.24,45.1,10,Low,905463,908272,2809,2809,18.48073285,18.48073285,1,NA,NA,Terrestrial Non-Insects,57,Subclass,Acari,Acari,Nymphs,0,0,0,NA,NA,NA,NA,NA,NA,NA,NA,NA,NA,NA   NA   NA   NA,NA   NA   NA   NA
STTD_2013-03-13 10:10:00,3/13/2013 10:10,STTD,2013,D,FALSE,CLR,NA,NA,15.2,0.27,739,NA,8.21,10.24,45.1,10,Low,905463,908272,2809,2809,18.48073285,18.48073285,1,NA,NA,Terrestrial Non-Insects,57,Subclass,Acari,Acari,Emergents,0,0,0,NA,NA,NA,NA,NA,NA,NA,NA,NA,NA,NA   NA   NA   NA,NA   NA   NA   NA
STTD_2013-03-13 10:10:00,3/13/2013 10:10,STTD,2013,D,FALSE,CLR,NA,NA,15.2,0.27,739,NA,8.21,10.24,45.1,10,Low,905463,908272,2809,2809,18.48073285,18.48073285,1,NA,NA,Terrestrial Non-Insects,57,Subclass,Acari,Acari,Adults,0,0,0,NA,NA,NA,NA,NA,NA,NA,NA,NA,NA,NA   NA   NA   NA,NA   NA   NA   NA
STTD_2013-03-13 10:10:00,3/13/2013 10:10,STTD,2013,D,FALSE,CLR,NA,NA,15.2,0.27,739,NA,8.21,10.24,45.1,10,Low,905463,908272,2809,2809,18.48073285,18.48073285,1,NA,NA,Terrestrial Non-Insects,57,Subclass,Acari,Acari,NotDetermined,5,0.271,0.271,NA,NA,NA,NA,NA,NA,NA,NA,NA,NA,NA   NA   NA   NA,NA   NA   NA   NA
STTD_2013-03-13 10:10:00,3/13/2013 10:10,STTD,2013,D,FALSE,CLR,NA,NA,15.2,0.27,739,NA,8.21,10.24,45.1,10,Low,905463,908272,2809,2809,18.48073285,18.48073285,1,NA,NA,Terrestrial Non-Insects,58,Suborder,Araneida,Araneida,Larvae,0,0,0,NA,NA,NA,NA,NA,NA,NA,NA,NA,NA,NA   NA   NA   NA,NA   NA   NA   NA
STTD_2013-03-13 10:10:00,3/13/2013 10:10,STTD,2013,D,FALSE,CLR,NA,NA,15.2,0.27,739,NA,8.21,10.24,45.1,10,Low,905463,908272,2809,2809,18.48073285,18.48073285,1,NA,NA,Terrestrial Non-Insects,58,Suborder,Araneida,Araneida,Pupae,0,0,0,NA,NA,NA,NA,NA,NA,NA,NA,NA,NA,NA   NA   NA   NA,NA   NA   NA   NA
STTD_2013-03-13 10:10:00,3/13/2013 10:10,STTD,2013,D,FALSE,CLR,NA,NA,15.2,0.27,739,NA,8.21,10.24,45.1,10,Low,905463,908272,2809,2809,18.48073285,18.48073285,1,NA,NA,Terrestrial Non-Insects,58,Suborder,Araneida,Araneida,Nymphs,0,0,0,NA,NA,NA,NA,NA,NA,NA,NA,NA,NA,NA   NA   NA   NA,NA   NA   NA   NA
STTD_2013-03-13 10:10:00,3/13/2013 10:10,STTD,2013,D,FALSE,CLR,NA,NA,15.2,0.27,739,NA,8.21,10.24,45.1,10,Low,905463,908272,2809,2809,18.48073285,18.48073285,1,NA,NA,Terrestrial Non-Insects,58,Suborder,Araneida,Araneida,Emergents,0,0,0,NA,NA,NA,NA,NA,NA,NA,NA,NA,NA,NA   NA   NA   NA,NA   NA   NA   NA
STTD_2013-03-13 10:10:00,3/13/2013 10:10,STTD,2013,D,FALSE,CLR,NA,NA,15.2,0.27,739,NA,8.21,10.24,45.1,10,Low,905463,908272,2809,2809,18.48073285,18.48073285,1,NA,NA,Terrestrial Non-Insects,58,Suborder,Araneida,Araneida,Adults,0,0,0,NA,NA,NA,NA,NA,NA,NA,NA,NA,NA,NA   NA   NA   NA,NA   NA   NA   NA
STTD_2013-03-13 10:10:00,3/13/2013 10:10,STTD,2013,D,FALSE,CLR,NA,NA,15.2,0.27,739,NA,8.21,10.24,45.1,10,Low,905463,908272,2809,2809,18.48073285,18.48073285,1,NA,NA,Terrestrial Non-Insects,58,Suborder,Araneida,Araneida,NotDetermined,1,0.054,0.054,NA,NA,NA,NA,NA,NA,NA,NA,NA,NA,NA   NA   NA   NA,NA   NA   NA   NA
STTD_2013-03-13 10:10:00,3/13/2013 10:10,STTD,2013,D,FALSE,CLR,NA,NA,15.2,0.27,739,NA,8.21,10.24,45.1,10,Low,905463,908272,2809,2809,18.48073285,18.48073285,1,NA,NA,Aquatic Insects,30,Family,Dytiscidae,Dytiscidae,Larvae,0,0,0,NA,NA,NA,NA,NA,NA,NA,NA,NA,NA,NA   NA   NA   NA,NA   NA   NA   NA
STTD_2013-03-13 10:10:00,3/13/2013 10:10,STTD,2013,D,FALSE,CLR,NA,NA,15.2,0.27,739,NA,8.21,10.24,45.1,10,Low,905463,908272,2809,2809,18.48073285,18.48073285,1,NA,NA,Aquatic Insects,30,Family,Dytiscidae,Dytiscidae,Pupae,0,0,0,NA,NA,NA,NA,NA,NA,NA,NA,NA,NA,NA   NA   NA   NA,NA   NA   NA   NA
STTD_2013-03-13 10:10:00,3/13/2013 10:10,STTD,2013,D,FALSE,CLR,NA,NA,15.2,0.27,739,NA,8.21,10.24,45.1,10,Low,905463,908272,2809,2809,18.48073285,18.48073285,1,NA,NA,Aquatic Insects,30,Family,Dytiscidae,Dytiscidae,Nymphs,0,0,0,NA,NA,NA,NA,NA,NA,NA,NA,NA,NA,NA   NA   NA   NA,NA   NA   NA   NA
STTD_2013-03-13 10:10:00,3/13/2013 10:10,STTD,2013,D,FALSE,CLR,NA,NA,15.2,0.27,739,NA,8.21,10.24,45.1,10,Low,905463,908272,2809,2809,18.48073285,18.48073285,1,NA,NA,Aquatic Insects,30,Family,Dytiscidae,Dytiscidae,Emergents,0,0,0,NA,NA,NA,NA,NA,NA,NA,NA,NA,NA,NA   NA   NA   NA,NA   NA   NA   NA
STTD_2013-03-13 10:10:00,3/13/2013 10:10,STTD,2013,D,FALSE,CLR,NA,NA,15.2,0.27,739,NA,8.21,10.24,45.1,10,Low,905463,908272,2809,2809,18.48073285,18.48073285,1,NA,NA,Aquatic Insects,30,Family,Dytiscidae,Dytiscidae,Adults,1,0.054,0.054,NA,NA,NA,NA,NA,NA,NA,NA,NA,NA,NA   NA   NA   NA,NA   NA   NA   NA
STTD_2013-03-13 10:10:00,3/13/2013 10:10,STTD,2013,D,FALSE,CLR,NA,NA,15.2,0.27,739,NA,8.21,10.24,45.1,10,Low,905463,908272,2809,2809,18.48073285,18.48073285,1,NA,NA,Aquatic Insects,30,Family,Dytiscidae,Dytiscidae,NotDetermined,0,0,0,NA,NA,NA,NA,NA,NA,NA,NA,NA,NA,NA   NA   NA   NA,NA   NA   NA   NA
STTD_2013-03-13 10:10:00,3/13/2013 10:10,STTD,2013,D,FALSE,CLR,NA,NA,15.2,0.27,739,NA,8.21,10.24,45.1,10,Low,905463,908272,2809,2809,18.48073285,18.48073285,1,NA,NA,Aquatic Insects,44,Family,Corixidae,Corixidae,Larvae,8,0.433,0.433,NA,NA,NA,NA,NA,NA,NA,NA,NA,NA,NA   NA   NA   NA,NA   NA   NA   NA
STTD_2013-03-13 10:10:00,3/13/2013 10:10,STTD,2013,D,FALSE,CLR,NA,NA,15.2,0.27,739,NA,8.21,10.24,45.1,10,Low,905463,908272,2809,2809,18.48073285,18.48073285,1,NA,NA,Aquatic Insects,44,Family,Corixidae,Corixidae,Pupae,0,0,0,NA,NA,NA,NA,NA,NA,NA,NA,NA,NA,NA   NA   NA   NA,NA   NA   NA   NA
STTD_2013-03-13 10:10:00,3/13/2013 10:10,STTD,2013,D,FALSE,CLR,NA,NA,15.2,0.27,739,NA,8.21,10.24,45.1,10,Low,905463,908272,2809,2809,18.48073285,18.48073285,1,NA,NA,Aquatic Insects,44,Family,Corixidae,Corixidae,Nymphs,0,0,0,NA,NA,NA,NA,NA,NA,NA,NA,NA,NA,NA   NA   NA   NA,NA   NA   NA   NA
STTD_2013-03-13 10:10:00,3/13/2013 10:10,STTD,2013,D,FALSE,CLR,NA,NA,15.2,0.27,739,NA,8.21,10.24,45.1,10,Low,905463,908272,2809,2809,18.48073285,18.48073285,1,NA,NA,Aquatic Insects,44,Family,Corixidae,Corixidae,Emergents,0,0,0,NA,NA,NA,NA,NA,NA,NA,NA,NA,NA,NA   NA   NA   NA,NA   NA   NA   NA
STTD_2013-03-13 10:10:00,3/13/2013 10:10,STTD,2013,D,FALSE,CLR,NA,NA,15.2,0.27,739,NA,8.21,10.24,45.1,10,Low,905463,908272,2809,2809,18.48073285,18.48073285,1,NA,NA,Aquatic Insects,44,Family,Corixidae,Corixidae,Adults,0,0,0,NA,NA,NA,NA,NA,NA,NA,NA,NA,NA,NA   NA   NA   NA,NA   NA   NA   NA
STTD_2013-03-13 10:10:00,3/13/2013 10:10,STTD,2013,D,FALSE,CLR,NA,NA,15.2,0.27,739,NA,8.21,10.24,45.1,10,Low,905463,908272,2809,2809,18.48073285,18.48073285,1,NA,NA,Aquatic Insects,44,Family,Corixidae,Corixidae,NotDetermined,0,0,0,NA,NA,NA,NA,NA,NA,NA,NA,NA,NA,NA   NA   NA   NA,NA   NA   NA   NA
STTD_2013-03-20 10:46:00,3/20/2013 10:46,STTD,2013,D,FALSE,CLD,NA,NA,16.8,0.33,792,NA,8.26,9.55,44.3,10,Low,899059,903900,4841,4841,31.84949368,31.84949368,1,NA,NA,Aquatic Insects,44,Family,Corixidae,Corixidae,Larvae,6,0.188,0.188,NA,NA,NA,NA,NA,NA,NA,NA,NA,NA,NA   NA   NA   NA,NA   NA   NA   NA
STTD_2013-03-20 10:46:00,3/20/2013 10:46,STTD,2013,D,FALSE,CLD,NA,NA,16.8,0.33,792,NA,8.26,9.55,44.3,10,Low,899059,903900,4841,4841,31.84949368,31.84949368,1,NA,NA,Aquatic Insects,44,Family,Corixidae,Corixidae,Pupae,0,0,0,NA,NA,NA,NA,NA,NA,NA,NA,NA,NA,NA   NA   NA   NA,NA   NA   NA   NA
STTD_2013-03-20 10:46:00,3/20/2013 10:46,STTD,2013,D,FALSE,CLD,NA,NA,16.8,0.33,792,NA,8.26,9.55,44.3,10,Low,899059,903900,4841,4841,31.84949368,31.84949368,1,NA,NA,Aquatic Insects,44,Family,Corixidae,Corixidae,Nymphs,0,0,0,NA,NA,NA,NA,NA,NA,NA,NA,NA,NA,NA   NA   NA   NA,NA   NA   NA   NA
STTD_2013-03-20 10:46:00,3/20/2013 10:46,STTD,2013,D,FALSE,CLD,NA,NA,16.8,0.33,792,NA,8.26,9.55,44.3,10,Low,899059,903900,4841,4841,31.84949368,31.84949368,1,NA,NA,Aquatic Insects,44,Family,Corixidae,Corixidae,Emergents,0,0,0,NA,NA,NA,NA,NA,NA,NA,NA,NA,NA,NA   NA   NA   NA,NA   NA   NA   NA
STTD_2013-03-20 10:46:00,3/20/2013 10:46,STTD,2013,D,FALSE,CLD,NA,NA,16.8,0.33,792,NA,8.26,9.55,44.3,10,Low,899059,903900,4841,4841,31.84949368,31.84949368,1,NA,NA,Aquatic Insects,44,Family,Corixidae,Corixidae,Adults,0,0,0,NA,NA,NA,NA,NA,NA,NA,NA,NA,NA,NA   NA   NA   NA,NA   NA   NA   NA
STTD_2013-03-20 10:46:00,3/20/2013 10:46,STTD,2013,D,FALSE,CLD,NA,NA,16.8,0.33,792,NA,8.26,9.55,44.3,10,Low,899059,903900,4841,4841,31.84949368,31.84949368,1,NA,NA,Aquatic Insects,44,Family,Corixidae,Corixidae,NotDetermined,0,0,0,NA,NA,NA,NA,NA,NA,NA,NA,NA,NA,NA   NA   NA   NA,NA   NA   NA   NA
STTD_2013-03-20 10:46:00,3/20/2013 10:46,STTD,2013,D,FALSE,CLD,NA,NA,16.8,0.33,792,NA,8.26,9.55,44.3,10,Low,899059,903900,4841,4841,31.84949368,31.84949368,1,NA,NA,Aquatic Insects,34,Family,Chironomidae,Chironomidae,Larvae,1,0.031,0.031,NA,NA,NA,NA,NA,NA,NA,NA,NA,NA,NA   NA   NA   NA,NA   NA   NA   NA
STTD_2013-03-20 10:46:00,3/20/2013 10:46,STTD,2013,D,FALSE,CLD,NA,NA,16.8,0.33,792,NA,8.26,9.55,44.3,10,Low,899059,903900,4841,4841,31.84949368,31.84949368,1,NA,NA,Aquatic Insects,34,Family,Chironomidae,Chironomidae,Pupae,3,0.094,0.094,NA,NA,NA,NA,NA,NA,NA,NA,NA,NA,NA   NA   NA   NA,NA   NA   NA   NA
STTD_2013-03-20 10:46:00,3/20/2013 10:46,STTD,2013,D,FALSE,CLD,NA,NA,16.8,0.33,792,NA,8.26,9.55,44.3,10,Low,899059,903900,4841,4841,31.84949368,31.84949368,1,NA,NA,Aquatic Insects,34,Family,Chironomidae,Chironomidae,Nymphs,0,0,0,NA,NA,NA,NA,NA,NA,NA,NA,NA,NA,NA   NA   NA   NA,NA   NA   NA   NA
STTD_2013-03-20 10:46:00,3/20/2013 10:46,STTD,2013,D,FALSE,CLD,NA,NA,16.8,0.33,792,NA,8.26,9.55,44.3,10,Low,899059,903900,4841,4841,31.84949368,31.84949368,1,NA,NA,Aquatic Insects,34,Family,Chironomidae,Chironomidae,Emergents,0,0,0,NA,NA,NA,NA,NA,NA,NA,NA,NA,NA,NA   NA   NA   NA,NA   NA   NA   NA
STTD_2013-03-20 10:46:00,3/20/2013 10:46,STTD,2013,D,FALSE,CLD,NA,NA,16.8,0.33,792,NA,8.26,9.55,44.3,10,Low,899059,903900,4841,4841,31.84949368,31.84949368,1,NA,NA,Aquatic Insects,34,Family,Chironomidae,Chironomidae,Adults,33,1.036,1.036,NA,NA,NA,NA,NA,NA,NA,NA,NA,NA,NA   NA   NA   NA,NA   NA   NA   NA
STTD_2013-03-20 10:46:00,3/20/2013 10:46,STTD,2013,D,FALSE,CLD,NA,NA,16.8,0.33,792,NA,8.26,9.55,44.3,10,Low,899059,903900,4841,4841,31.84949368,31.84949368,1,NA,NA,Aquatic Insects,34,Family,Chironomidae,Chironomidae,NotDetermined,0,0,0,NA,NA,NA,NA,NA,NA,NA,NA,NA,NA,NA   NA   NA   NA,NA   NA   NA   NA
STTD_2013-03-20 10:46:00,3/20/2013 10:46,STTD,2013,D,FALSE,CLD,NA,NA,16.8,0.33,792,NA,8.26,9.55,44.3,10,Low,899059,903900,4841,4841,31.84949368,31.84949368,1,NA,NA,Terrestrial Insects,71,Order,Hemiptera,Hemiptera,Larvae,25,0.785,0.785,NA,NA,NA,NA,NA,NA,NA,NA,NA,NA,NA   NA   NA   NA,NA   NA   NA   NA
STTD_2013-03-20 10:46:00,3/20/2013 10:46,STTD,2013,D,FALSE,CLD,NA,NA,16.8,0.33,792,NA,8.26,9.55,44.3,10,Low,899059,903900,4841,4841,31.84949368,31.84949368,1,NA,NA,Terrestrial Insects,71,Order,Hemiptera,Hemiptera,Pupae,0,0,0,NA,NA,NA,NA,NA,NA,NA,NA,NA,NA,NA   NA   NA   NA,NA   NA   NA   NA
STTD_2013-03-20 10:46:00,3/20/2013 10:46,STTD,2013,D,FALSE,CLD,NA,NA,16.8,0.33,792,NA,8.26,9.55,44.3,10,Low,899059,903900,4841,4841,31.84949368,31.84949368,1,NA,NA,Terrestrial Insects,71,Order,Hemiptera,Hemiptera,Nymphs,0,0,0,NA,NA,NA,NA,NA,NA,NA,NA,NA,NA,NA   NA   NA   NA,NA   NA   NA   NA
STTD_2013-03-20 10:46:00,3/20/2013 10:46,STTD,2013,D,FALSE,CLD,NA,NA,16.8,0.33,792,NA,8.26,9.55,44.3,10,Low,899059,903900,4841,4841,31.84949368,31.84949368,1,NA,NA,Terrestrial Insects,71,Order,Hemiptera,Hemiptera,Emergents,0,0,0,NA,NA,NA,NA,NA,NA,NA,NA,NA,NA,NA   NA   NA   NA,NA   NA   NA   NA
STTD_2013-03-20 10:46:00,3/20/2013 10:46,STTD,2013,D,FALSE,CLD,NA,NA,16.8,0.33,792,NA,8.26,9.55,44.3,10,Low,899059,903900,4841,4841,31.84949368,31.84949368,1,NA,NA,Terrestrial Insects,71,Order,Hemiptera,Hemiptera,Adults,0,0,0,NA,NA,NA,NA,NA,NA,NA,NA,NA,NA,NA   NA   NA   NA,NA   NA   NA   NA
STTD_2013-03-20 10:46:00,3/20/2013 10:46,STTD,2013,D,FALSE,CLD,NA,NA,16.8,0.33,792,NA,8.26,9.55,44.3,10,Low,899059,903900,4841,4841,31.84949368,31.84949368,1,NA,NA,Terrestrial Insects,71,Order,Hemiptera,Hemiptera,NotDetermined,0,0,0,NA,NA,NA,NA,NA,NA,NA,NA,NA,NA,NA   NA   NA   NA,NA   NA   NA   NA
STTD_2013-03-20 10:46:00,3/20/2013 10:46,STTD,2013,D,FALSE,CLD,NA,NA,16.8,0.33,792,NA,8.26,9.55,44.3,10,Low,899059,903900,4841,4841,31.84949368,31.84949368,1,NA,NA,Terrestrial Insects,63,Order,Coleoptera,Coleoptera,Larvae,1,0.031,0.031,NA,NA,NA,NA,NA,NA,NA,NA,NA,NA,NA   NA   NA   NA,NA   NA   NA   NA
STTD_2013-03-20 10:46:00,3/20/2013 10:46,STTD,2013,D,FALSE,CLD,NA,NA,16.8,0.33,792,NA,8.26,9.55,44.3,10,Low,899059,903900,4841,4841,31.84949368,31.84949368,1,NA,NA,Terrestrial Insects,63,Order,Coleoptera,Coleoptera,Pupae,0,0,0,NA,NA,NA,NA,NA,NA,NA,NA,NA,NA,NA   NA   NA   NA,NA   NA   NA   NA
STTD_2013-03-20 10:46:00,3/20/2013 10:46,STTD,2013,D,FALSE,CLD,NA,NA,16.8,0.33,792,NA,8.26,9.55,44.3,10,Low,899059,903900,4841,4841,31.84949368,31.84949368,1,NA,NA,Terrestrial Insects,63,Order,Coleoptera,Coleoptera,Nymphs,0,0,0,NA,NA,NA,NA,NA,NA,NA,NA,NA,NA,NA   NA   NA   NA,NA   NA   NA   NA
STTD_2013-03-20 10:46:00,3/20/2013 10:46,STTD,2013,D,FALSE,CLD,NA,NA,16.8,0.33,792,NA,8.26,9.55,44.3,10,Low,899059,903900,4841,4841,31.84949368,31.84949368,1,NA,NA,Terrestrial Insects,63,Order,Coleoptera,Coleoptera,Emergents,0,0,0,NA,NA,NA,NA,NA,NA,NA,NA,NA,NA,NA   NA   NA   NA,NA   NA   NA   NA
STTD_2013-03-20 10:46:00,3/20/2013 10:46,STTD,2013,D,FALSE,CLD,NA,NA,16.8,0.33,792,NA,8.26,9.55,44.3,10,Low,899059,903900,4841,4841,31.84949368,31.84949368,1,NA,NA,Terrestrial Insects,63,Order,Coleoptera,Coleoptera,Adults,0,0,0,NA,NA,NA,NA,NA,NA,NA,NA,NA,NA,NA   NA   NA   NA,NA   NA   NA   NA
STTD_2013-03-20 10:46:00,3/20/2013 10:46,STTD,2013,D,FALSE,CLD,NA,NA,16.8,0.33,792,NA,8.26,9.55,44.3,10,Low,899059,903900,4841,4841,31.84949368,31.84949368,1,NA,NA,Terrestrial Insects,63,Order,Coleoptera,Coleoptera,NotDetermined,0,0,0,NA,NA,NA,NA,NA,NA,NA,NA,NA,NA,NA   NA   NA   NA,NA   NA   NA   NA
STTD_2013-03-20 10:46:00,3/20/2013 10:46,STTD,2013,D,FALSE,CLD,NA,NA,16.8,0.33,792,NA,8.26,9.55,44.3,10,Low,899059,903900,4841,4841,31.84949368,31.84949368,1,NA,NA,Terrestrial Non-Insects,68,Order,Collembola,Collembola,Larvae,0,0,0,NA,NA,NA,NA,NA,NA,NA,NA,NA,NA,NA   NA   NA   NA,NA   NA   NA   NA
STTD_2013-03-20 10:46:00,3/20/2013 10:46,STTD,2013,D,FALSE,CLD,NA,NA,16.8,0.33,792,NA,8.26,9.55,44.3,10,Low,899059,903900,4841,4841,31.84949368,31.84949368,1,NA,NA,Terrestrial Non-Insects,68,Order,Collembola,Collembola,Pupae,0,0,0,NA,NA,NA,NA,NA,NA,NA,NA,NA,NA,NA   NA   NA   NA,NA   NA   NA   NA
STTD_2013-03-20 10:46:00,3/20/2013 10:46,STTD,2013,D,FALSE,CLD,NA,NA,16.8,0.33,792,NA,8.26,9.55,44.3,10,Low,899059,903900,4841,4841,31.84949368,31.84949368,1,NA,NA,Terrestrial Non-Insects,68,Order,Collembola,Collembola,Nymphs,0,0,0,NA,NA,NA,NA,NA,NA,NA,NA,NA,NA,NA   NA   NA   NA,NA   NA   NA   NA
STTD_2013-03-20 10:46:00,3/20/2013 10:46,STTD,2013,D,FALSE,CLD,NA,NA,16.8,0.33,792,NA,8.26,9.55,44.3,10,Low,899059,903900,4841,4841,31.84949368,31.84949368,1,NA,NA,Terrestrial Non-Insects,68,Order,Collembola,Collembola,Emergents,0,0,0,NA,NA,NA,NA,NA,NA,NA,NA,NA,NA,NA   NA   NA   NA,NA   NA   NA   NA
STTD_2013-03-20 10:46:00,3/20/2013 10:46,STTD,2013,D,FALSE,CLD,NA,NA,16.8,0.33,792,NA,8.26,9.55,44.3,10,Low,899059,903900,4841,4841,31.84949368,31.84949368,1,NA,NA,Terrestrial Non-Insects,68,Order,Collembola,Collembola,Adults,0,0,0,NA,NA,NA,NA,NA,NA,NA,NA,NA,NA,NA   NA   NA   NA,NA   NA   NA   NA
STTD_2013-03-20 10:46:00,3/20/2013 10:46,STTD,2013,D,FALSE,CLD,NA,NA,16.8,0.33,792,NA,8.26,9.55,44.3,10,Low,899059,903900,4841,4841,31.84949368,31.84949368,1,NA,NA,Terrestrial Non-Insects,68,Order,Collembola,Collembola,NotDetermined,39,1.225,1.225,NA,NA,NA,NA,NA,NA,NA,NA,NA,NA,NA   NA   NA   NA,NA   NA   NA   NA
STTD_2013-03-20 10:46:00,3/20/2013 10:46,STTD,2013,D,FALSE,CLD,NA,NA,16.8,0.33,792,NA,8.26,9.55,44.3,10,Low,899059,903900,4841,4841,31.84949368,31.84949368,1,NA,NA,Terrestrial Insects,66,Order,Hymenoptera,Hymenoptera,Larvae,2,0.063,0.063,NA,NA,NA,NA,NA,NA,NA,NA,NA,NA,NA   NA   NA   NA,NA   NA   NA   NA
STTD_2013-03-20 10:46:00,3/20/2013 10:46,STTD,2013,D,FALSE,CLD,NA,NA,16.8,0.33,792,NA,8.26,9.55,44.3,10,Low,899059,903900,4841,4841,31.84949368,31.84949368,1,NA,NA,Terrestrial Insects,66,Order,Hymenoptera,Hymenoptera,Pupae,0,0,0,NA,NA,NA,NA,NA,NA,NA,NA,NA,NA,NA   NA   NA   NA,NA   NA   NA   NA
STTD_2013-03-20 10:46:00,3/20/2013 10:46,STTD,2013,D,FALSE,CLD,NA,NA,16.8,0.33,792,NA,8.26,9.55,44.3,10,Low,899059,903900,4841,4841,31.84949368,31.84949368,1,NA,NA,Terrestrial Insects,66,Order,Hymenoptera,Hymenoptera,Nymphs,0,0,0,NA,NA,NA,NA,NA,NA,NA,NA,NA,NA,NA   NA   NA   NA,NA   NA   NA   NA
STTD_2013-03-20 10:46:00,3/20/2013 10:46,STTD,2013,D,FALSE,CLD,NA,NA,16.8,0.33,792,NA,8.26,9.55,44.3,10,Low,899059,903900,4841,4841,31.84949368,31.84949368,1,NA,NA,Terrestrial Insects,66,Order,Hymenoptera,Hymenoptera,Emergents,0,0,0,NA,NA,NA,NA,NA,NA,NA,NA,NA,NA,NA   NA   NA   NA,NA   NA   NA   NA
STTD_2013-03-20 10:46:00,3/20/2013 10:46,STTD,2013,D,FALSE,CLD,NA,NA,16.8,0.33,792,NA,8.26,9.55,44.3,10,Low,899059,903900,4841,4841,31.84949368,31.84949368,1,NA,NA,Terrestrial Insects,66,Order,Hymenoptera,Hymenoptera,Adults,4,0.126,0.126,NA,NA,NA,NA,NA,NA,NA,NA,NA,NA,NA   NA   NA   NA,NA   NA   NA   NA
STTD_2013-03-20 10:46:00,3/20/2013 10:46,STTD,2013,D,FALSE,CLD,NA,NA,16.8,0.33,792,NA,8.26,9.55,44.3,10,Low,899059,903900,4841,4841,31.84949368,31.84949368,1,NA,NA,Terrestrial Insects,66,Order,Hymenoptera,Hymenoptera,NotDetermined,0,0,0,NA,NA,NA,NA,NA,NA,NA,NA,NA,NA,NA   NA   NA   NA,NA   NA   NA   NA
STTD_2013-03-20 10:46:00,3/20/2013 10:46,STTD,2013,D,FALSE,CLD,NA,NA,16.8,0.33,792,NA,8.26,9.55,44.3,10,Low,899059,903900,4841,4841,31.84949368,31.84949368,1,NA,NA,Terrestrial Non-Insects,58,Suborder,Araneida,Araneida,Larvae,0,0,0,NA,NA,NA,NA,NA,NA,NA,NA,NA,NA,NA   NA   NA   NA,NA   NA   NA   NA
STTD_2013-03-20 10:46:00,3/20/2013 10:46,STTD,2013,D,FALSE,CLD,NA,NA,16.8,0.33,792,NA,8.26,9.55,44.3,10,Low,899059,903900,4841,4841,31.84949368,31.84949368,1,NA,NA,Terrestrial Non-Insects,58,Suborder,Araneida,Araneida,Pupae,0,0,0,NA,NA,NA,NA,NA,NA,NA,NA,NA,NA,NA   NA   NA   NA,NA   NA   NA   NA
STTD_2013-03-20 10:46:00,3/20/2013 10:46,STTD,2013,D,FALSE,CLD,NA,NA,16.8,0.33,792,NA,8.26,9.55,44.3,10,Low,899059,903900,4841,4841,31.84949368,31.84949368,1,NA,NA,Terrestrial Non-Insects,58,Suborder,Araneida,Araneida,Nymphs,0,0,0,NA,NA,NA,NA,NA,NA,NA,NA,NA,NA,NA   NA   NA   NA,NA   NA   NA   NA
STTD_2013-03-20 10:46:00,3/20/2013 10:46,STTD,2013,D,FALSE,CLD,NA,NA,16.8,0.33,792,NA,8.26,9.55,44.3,10,Low,899059,903900,4841,4841,31.84949368,31.84949368,1,NA,NA,Terrestrial Non-Insects,58,Suborder,Araneida,Araneida,Emergents,0,0,0,NA,NA,NA,NA,NA,NA,NA,NA,NA,NA,NA   NA   NA   NA,NA   NA   NA   NA
STTD_2013-03-20 10:46:00,3/20/2013 10:46,STTD,2013,D,FALSE,CLD,NA,NA,16.8,0.33,792,NA,8.26,9.55,44.3,10,Low,899059,903900,4841,4841,31.84949368,31.84949368,1,NA,NA,Terrestrial Non-Insects,58,Suborder,Araneida,Araneida,Adults,0,0,0,NA,NA,NA,NA,NA,NA,NA,NA,NA,NA,NA   NA   NA   NA,NA   NA   NA   NA
STTD_2013-03-20 10:46:00,3/20/2013 10:46,STTD,2013,D,FALSE,CLD,NA,NA,16.8,0.33,792,NA,8.26,9.55,44.3,10,Low,899059,903900,4841,4841,31.84949368,31.84949368,1,NA,NA,Terrestrial Non-Insects,58,Suborder,Araneida,Araneida,NotDetermined,1,0.031,0.031,NA,NA,NA,NA,NA,NA,NA,NA,NA,NA,NA   NA   NA   NA,NA   NA   NA   NA
SHR_2013-04-03 07:45:00,4/3/2013 7:45,SHR,2013,D,FALSE,CLD,NA,NA,16.4,0.83,116,NA,7.78,13.09,19.8,10,Low,890890,899000,8110,8110,53.35661924,53.35661924,1,NA,NA,Aquatic Insects,38,Family,Simuliidae,Simuliidae,Larvae,1,0.019,0.019,NA,NA,NA,NA,NA,NA,NA,NA,NA,NA,NA   NA   NA   NA,NA   NA   NA   NA
SHR_2013-04-03 07:45:00,4/3/2013 7:45,SHR,2013,D,FALSE,CLD,NA,NA,16.4,0.83,116,NA,7.78,13.09,19.8,10,Low,890890,899000,8110,8110,53.35661924,53.35661924,1,NA,NA,Aquatic Insects,38,Family,Simuliidae,Simuliidae,Pupae,0,0,0,NA,NA,NA,NA,NA,NA,NA,NA,NA,NA,NA   NA   NA   NA,NA   NA   NA   NA
SHR_2013-04-03 07:45:00,4/3/2013 7:45,SHR,2013,D,FALSE,CLD,NA,NA,16.4,0.83,116,NA,7.78,13.09,19.8,10,Low,890890,899000,8110,8110,53.35661924,53.35661924,1,NA,NA,Aquatic Insects,38,Family,Simuliidae,Simuliidae,Nymphs,0,0,0,NA,NA,NA,NA,NA,NA,NA,NA,NA,NA,NA   NA   NA   NA,NA   NA   NA   NA
SHR_2013-04-03 07:45:00,4/3/2013 7:45,SHR,2013,D,FALSE,CLD,NA,NA,16.4,0.83,116,NA,7.78,13.09,19.8,10,Low,890890,899000,8110,8110,53.35661924,53.35661924,1,NA,NA,Aquatic Insects,38,Family,Simuliidae,Simuliidae,Emergents,0,0,0,NA,NA,NA,NA,NA,NA,NA,NA,NA,NA,NA   NA   NA   NA,NA   NA   NA   NA
SHR_2013-04-03 07:45:00,4/3/2013 7:45,SHR,2013,D,FALSE,CLD,NA,NA,16.4,0.83,116,NA,7.78,13.09,19.8,10,Low,890890,899000,8110,8110,53.35661924,53.35661924,1,NA,NA,Aquatic Insects,38,Family,Simuliidae,Simuliidae,Adults,0,0,0,NA,NA,NA,NA,NA,NA,NA,NA,NA,NA,NA   NA   NA   NA,NA   NA   NA   NA
SHR_2013-04-03 07:45:00,4/3/2013 7:45,SHR,2013,D,FALSE,CLD,NA,NA,16.4,0.83,116,NA,7.78,13.09,19.8,10,Low,890890,899000,8110,8110,53.35661924,53.35661924,1,NA,NA,Aquatic Insects,38,Family,Simuliidae,Simuliidae,NotDetermined,0,0,0,NA,NA,NA,NA,NA,NA,NA,NA,NA,NA,NA   NA   NA   NA,NA   NA   NA   NA
SHR_2013-04-03 07:45:00,4/3/2013 7:45,SHR,2013,D,FALSE,CLD,NA,NA,16.4,0.83,116,NA,7.78,13.09,19.8,10,Low,890890,899000,8110,8110,53.35661924,53.35661924,1,NA,NA,Aquatic Non-Insects,4,Family,Naididae,Naididae,Larvae,0,0,0,NA,NA,NA,NA,NA,NA,NA,NA,NA,NA,NA   NA   NA   NA,NA   NA   NA   NA
SHR_2013-04-03 07:45:00,4/3/2013 7:45,SHR,2013,D,FALSE,CLD,NA,NA,16.4,0.83,116,NA,7.78,13.09,19.8,10,Low,890890,899000,8110,8110,53.35661924,53.35661924,1,NA,NA,Aquatic Non-Insects,4,Family,Naididae,Naididae,Pupae,0,0,0,NA,NA,NA,NA,NA,NA,NA,NA,NA,NA,NA   NA   NA   NA,NA   NA   NA   NA
SHR_2013-04-03 07:45:00,4/3/2013 7:45,SHR,2013,D,FALSE,CLD,NA,NA,16.4,0.83,116,NA,7.78,13.09,19.8,10,Low,890890,899000,8110,8110,53.35661924,53.35661924,1,NA,NA,Aquatic Non-Insects,4,Family,Naididae,Naididae,Nymphs,0,0,0,NA,NA,NA,NA,NA,NA,NA,NA,NA,NA,NA   NA   NA   NA,NA   NA   NA   NA
SHR_2013-04-03 07:45:00,4/3/2013 7:45,SHR,2013,D,FALSE,CLD,NA,NA,16.4,0.83,116,NA,7.78,13.09,19.8,10,Low,890890,899000,8110,8110,53.35661924,53.35661924,1,NA,NA,Aquatic Non-Insects,4,Family,Naididae,Naididae,Emergents,0,0,0,NA,NA,NA,NA,NA,NA,NA,NA,NA,NA,NA   NA   NA   NA,NA   NA   NA   NA
SHR_2013-04-03 07:45:00,4/3/2013 7:45,SHR,2013,D,FALSE,CLD,NA,NA,16.4,0.83,116,NA,7.78,13.09,19.8,10,Low,890890,899000,8110,8110,53.35661924,53.35661924,1,NA,NA,Aquatic Non-Insects,4,Family,Naididae,Naididae,Adults,0,0,0,NA,NA,NA,NA,NA,NA,NA,NA,NA,NA,NA   NA   NA   NA,NA   NA   NA   NA
SHR_2013-04-03 07:45:00,4/3/2013 7:45,SHR,2013,D,FALSE,CLD,NA,NA,16.4,0.83,116,NA,7.78,13.09,19.8,10,Low,890890,899000,8110,8110,53.35661924,53.35661924,1,NA,NA,Aquatic Non-Insects,4,Family,Naididae,Naididae,NotDetermined,1,0.019,0.019,NA,NA,NA,NA,NA,NA,NA,NA,NA,NA,NA   NA   NA   NA,NA   NA   NA   NA
SHR_2013-04-03 07:45:00,4/3/2013 7:45,SHR,2013,D,FALSE,CLD,NA,NA,16.4,0.83,116,NA,7.78,13.09,19.8,10,Low,890890,899000,8110,8110,53.35661924,53.35661924,1,NA,NA,Aquatic Non-Insects,9,Family,Corophiidae,Corophiidae,Larvae,0,0,0,NA,NA,NA,NA,NA,NA,NA,NA,NA,NA,NA   NA   NA   NA,NA   NA   NA   NA
SHR_2013-04-03 07:45:00,4/3/2013 7:45,SHR,2013,D,FALSE,CLD,NA,NA,16.4,0.83,116,NA,7.78,13.09,19.8,10,Low,890890,899000,8110,8110,53.35661924,53.35661924,1,NA,NA,Aquatic Non-Insects,9,Family,Corophiidae,Corophiidae,Pupae,0,0,0,NA,NA,NA,NA,NA,NA,NA,NA,NA,NA,NA   NA   NA   NA,NA   NA   NA   NA
SHR_2013-04-03 07:45:00,4/3/2013 7:45,SHR,2013,D,FALSE,CLD,NA,NA,16.4,0.83,116,NA,7.78,13.09,19.8,10,Low,890890,899000,8110,8110,53.35661924,53.35661924,1,NA,NA,Aquatic Non-Insects,9,Family,Corophiidae,Corophiidae,Nymphs,0,0,0,NA,NA,NA,NA,NA,NA,NA,NA,NA,NA,NA   NA   NA   NA,NA   NA   NA   NA
SHR_2013-04-03 07:45:00,4/3/2013 7:45,SHR,2013,D,FALSE,CLD,NA,NA,16.4,0.83,116,NA,7.78,13.09,19.8,10,Low,890890,899000,8110,8110,53.35661924,53.35661924,1,NA,NA,Aquatic Non-Insects,9,Family,Corophiidae,Corophiidae,Emergents,0,0,0,NA,NA,NA,NA,NA,NA,NA,NA,NA,NA,NA   NA   NA   NA,NA   NA   NA   NA
SHR_2013-04-03 07:45:00,4/3/2013 7:45,SHR,2013,D,FALSE,CLD,NA,NA,16.4,0.83,116,NA,7.78,13.09,19.8,10,Low,890890,899000,8110,8110,53.35661924,53.35661924,1,NA,NA,Aquatic Non-Insects,9,Family,Corophiidae,Corophiidae,Adults,0,0,0,NA,NA,NA,NA,NA,NA,NA,NA,NA,NA,NA   NA   NA   NA,NA   NA   NA   NA
SHR_2013-04-03 07:45:00,4/3/2013 7:45,SHR,2013,D,FALSE,CLD,NA,NA,16.4,0.83,116,NA,7.78,13.09,19.8,10,Low,890890,899000,8110,8110,53.35661924,53.35661924,1,NA,NA,Aquatic Non-Insects,9,Family,Corophiidae,Corophiidae,NotDetermined,2,0.037,0.037,NA,NA,NA,NA,NA,NA,NA,NA,NA,NA,NA   NA   NA   NA,NA   NA   NA   NA
SHR_2013-04-03 07:45:00,4/3/2013 7:45,SHR,2013,D,FALSE,CLD,NA,NA,16.4,0.83,116,NA,7.78,13.09,19.8,10,Low,890890,899000,8110,8110,53.35661924,53.35661924,1,NA,NA,Aquatic Non-Insects,18,Family,Hydridae,Hydridae,Larvae,0,0,0,NA,NA,NA,NA,NA,NA,NA,NA,NA,NA,NA   NA   NA   NA,NA   NA   NA   NA
SHR_2013-04-03 07:45:00,4/3/2013 7:45,SHR,2013,D,FALSE,CLD,NA,NA,16.4,0.83,116,NA,7.78,13.09,19.8,10,Low,890890,899000,8110,8110,53.35661924,53.35661924,1,NA,NA,Aquatic Non-Insects,18,Family,Hydridae,Hydridae,Pupae,0,0,0,NA,NA,NA,NA,NA,NA,NA,NA,NA,NA,NA   NA   NA   NA,NA   NA   NA   NA
SHR_2013-04-03 07:45:00,4/3/2013 7:45,SHR,2013,D,FALSE,CLD,NA,NA,16.4,0.83,116,NA,7.78,13.09,19.8,10,Low,890890,899000,8110,8110,53.35661924,53.35661924,1,NA,NA,Aquatic Non-Insects,18,Family,Hydridae,Hydridae,Nymphs,0,0,0,NA,NA,NA,NA,NA,NA,NA,NA,NA,NA,NA   NA   NA   NA,NA   NA   NA   NA
SHR_2013-04-03 07:45:00,4/3/2013 7:45,SHR,2013,D,FALSE,CLD,NA,NA,16.4,0.83,116,NA,7.78,13.09,19.8,10,Low,890890,899000,8110,8110,53.35661924,53.35661924,1,NA,NA,Aquatic Non-Insects,18,Family,Hydridae,Hydridae,Emergents,0,0,0,NA,NA,NA,NA,NA,NA,NA,NA,NA,NA,NA   NA   NA   NA,NA   NA   NA   NA
SHR_2013-04-03 07:45:00,4/3/2013 7:45,SHR,2013,D,FALSE,CLD,NA,NA,16.4,0.83,116,NA,7.78,13.09,19.8,10,Low,890890,899000,8110,8110,53.35661924,53.35661924,1,NA,NA,Aquatic Non-Insects,18,Family,Hydridae,Hydridae,Adults,0,0,0,NA,NA,NA,NA,NA,NA,NA,NA,NA,NA,NA   NA   NA   NA,NA   NA   NA   NA
SHR_2013-04-03 07:45:00,4/3/2013 7:45,SHR,2013,D,FALSE,CLD,NA,NA,16.4,0.83,116,NA,7.78,13.09,19.8,10,Low,890890,899000,8110,8110,53.35661924,53.35661924,1,NA,NA,Aquatic Non-Insects,18,Family,Hydridae,Hydridae,NotDetermined,1,0.019,0.019,NA,NA,NA,NA,NA,NA,NA,NA,NA,NA,NA   NA   NA   NA,NA   NA   NA   NA
STTD_2013-04-03 09:35:00,4/3/2013 9:35,STTD,2013,D,FALSE,CLR,NA,NA,18.5,0.2,582,NA,7.96,6.84,50.3,10,Low,894650,896900,2250,2250,14.8030078,14.8030078,1,motor is used,NA,Aquatic Insects,44,Family,Corixidae,Corixidae,Larvae,8,0.54,0.54,NA,NA,NA,NA,NA,NA,NA,NA,NA,NA,NA   NA   NA   NA,NA   NA   NA   NA
STTD_2013-04-03 09:35:00,4/3/2013 9:35,STTD,2013,D,FALSE,CLR,NA,NA,18.5,0.2,582,NA,7.96,6.84,50.3,10,Low,894650,896900,2250,2250,14.8030078,14.8030078,1,motor is used,NA,Aquatic Insects,44,Family,Corixidae,Corixidae,Pupae,0,0,0,NA,NA,NA,NA,NA,NA,NA,NA,NA,NA,NA   NA   NA   NA,NA   NA   NA   NA
STTD_2013-04-03 09:35:00,4/3/2013 9:35,STTD,2013,D,FALSE,CLR,NA,NA,18.5,0.2,582,NA,7.96,6.84,50.3,10,Low,894650,896900,2250,2250,14.8030078,14.8030078,1,motor is used,NA,Aquatic Insects,44,Family,Corixidae,Corixidae,Nymphs,0,0,0,NA,NA,NA,NA,NA,NA,NA,NA,NA,NA,NA   NA   NA   NA,NA   NA   NA   NA
STTD_2013-04-03 09:35:00,4/3/2013 9:35,STTD,2013,D,FALSE,CLR,NA,NA,18.5,0.2,582,NA,7.96,6.84,50.3,10,Low,894650,896900,2250,2250,14.8030078,14.8030078,1,motor is used,NA,Aquatic Insects,44,Family,Corixidae,Corixidae,Emergents,0,0,0,NA,NA,NA,NA,NA,NA,NA,NA,NA,NA,NA   NA   NA   NA,NA   NA   NA   NA
STTD_2013-04-03 09:35:00,4/3/2013 9:35,STTD,2013,D,FALSE,CLR,NA,NA,18.5,0.2,582,NA,7.96,6.84,50.3,10,Low,894650,896900,2250,2250,14.8030078,14.8030078,1,motor is used,NA,Aquatic Insects,44,Family,Corixidae,Corixidae,Adults,0,0,0,NA,NA,NA,NA,NA,NA,NA,NA,NA,NA,NA   NA   NA   NA,NA   NA   NA   NA
STTD_2013-04-03 09:35:00,4/3/2013 9:35,STTD,2013,D,FALSE,CLR,NA,NA,18.5,0.2,582,NA,7.96,6.84,50.3,10,Low,894650,896900,2250,2250,14.8030078,14.8030078,1,motor is used,NA,Aquatic Insects,44,Family,Corixidae,Corixidae,NotDetermined,0,0,0,NA,NA,NA,NA,NA,NA,NA,NA,NA,NA,NA   NA   NA   NA,NA   NA   NA   NA
STTD_2013-04-03 09:35:00,4/3/2013 9:35,STTD,2013,D,FALSE,CLR,NA,NA,18.5,0.2,582,NA,7.96,6.84,50.3,10,Low,894650,896900,2250,2250,14.8030078,14.8030078,1,motor is used,NA,Aquatic Insects,34,Family,Chironomidae,Chironomidae,Larvae,1,0.068,0.068,NA,NA,NA,NA,NA,NA,NA,NA,NA,NA,NA   NA   NA   NA,NA   NA   NA   NA
STTD_2013-04-03 09:35:00,4/3/2013 9:35,STTD,2013,D,FALSE,CLR,NA,NA,18.5,0.2,582,NA,7.96,6.84,50.3,10,Low,894650,896900,2250,2250,14.8030078,14.8030078,1,motor is used,NA,Aquatic Insects,34,Family,Chironomidae,Chironomidae,Pupae,1,0.068,0.068,NA,NA,NA,NA,NA,NA,NA,NA,NA,NA,NA   NA   NA   NA,NA   NA   NA   NA
STTD_2013-04-03 09:35:00,4/3/2013 9:35,STTD,2013,D,FALSE,CLR,NA,NA,18.5,0.2,582,NA,7.96,6.84,50.3,10,Low,894650,896900,2250,2250,14.8030078,14.8030078,1,motor is used,NA,Aquatic Insects,34,Family,Chironomidae,Chironomidae,Nymphs,0,0,0,NA,NA,NA,NA,NA,NA,NA,NA,NA,NA,NA   NA   NA   NA,NA   NA   NA   NA
STTD_2013-04-03 09:35:00,4/3/2013 9:35,STTD,2013,D,FALSE,CLR,NA,NA,18.5,0.2,582,NA,7.96,6.84,50.3,10,Low,894650,896900,2250,2250,14.8030078,14.8030078,1,motor is used,NA,Aquatic Insects,34,Family,Chironomidae,Chironomidae,Emergents,0,0,0,NA,NA,NA,NA,NA,NA,NA,NA,NA,NA,NA   NA   NA   NA,NA   NA   NA   NA
STTD_2013-04-03 09:35:00,4/3/2013 9:35,STTD,2013,D,FALSE,CLR,NA,NA,18.5,0.2,582,NA,7.96,6.84,50.3,10,Low,894650,896900,2250,2250,14.8030078,14.8030078,1,motor is used,NA,Aquatic Insects,34,Family,Chironomidae,Chironomidae,Adults,11,0.743,0.743,NA,NA,NA,NA,NA,NA,NA,NA,NA,NA,NA   NA   NA   NA,NA   NA   NA   NA
STTD_2013-04-03 09:35:00,4/3/2013 9:35,STTD,2013,D,FALSE,CLR,NA,NA,18.5,0.2,582,NA,7.96,6.84,50.3,10,Low,894650,896900,2250,2250,14.8030078,14.8030078,1,motor is used,NA,Aquatic Insects,34,Family,Chironomidae,Chironomidae,NotDetermined,0,0,0,NA,NA,NA,NA,NA,NA,NA,NA,NA,NA,NA   NA   NA   NA,NA   NA   NA   NA
STTD_2013-04-03 09:35:00,4/3/2013 9:35,STTD,2013,D,FALSE,CLR,NA,NA,18.5,0.2,582,NA,7.96,6.84,50.3,10,Low,894650,896900,2250,2250,14.8030078,14.8030078,1,motor is used,NA,Aquatic Non-Insects,9,Family,Corophiidae,Corophiidae,Larvae,0,0,0,NA,NA,NA,NA,NA,NA,NA,NA,NA,NA,NA   NA   NA   NA,NA   NA   NA   NA
STTD_2013-04-03 09:35:00,4/3/2013 9:35,STTD,2013,D,FALSE,CLR,NA,NA,18.5,0.2,582,NA,7.96,6.84,50.3,10,Low,894650,896900,2250,2250,14.8030078,14.8030078,1,motor is used,NA,Aquatic Non-Insects,9,Family,Corophiidae,Corophiidae,Pupae,0,0,0,NA,NA,NA,NA,NA,NA,NA,NA,NA,NA,NA   NA   NA   NA,NA   NA   NA   NA
STTD_2013-04-03 09:35:00,4/3/2013 9:35,STTD,2013,D,FALSE,CLR,NA,NA,18.5,0.2,582,NA,7.96,6.84,50.3,10,Low,894650,896900,2250,2250,14.8030078,14.8030078,1,motor is used,NA,Aquatic Non-Insects,9,Family,Corophiidae,Corophiidae,Nymphs,0,0,0,NA,NA,NA,NA,NA,NA,NA,NA,NA,NA,NA   NA   NA   NA,NA   NA   NA   NA
STTD_2013-04-03 09:35:00,4/3/2013 9:35,STTD,2013,D,FALSE,CLR,NA,NA,18.5,0.2,582,NA,7.96,6.84,50.3,10,Low,894650,896900,2250,2250,14.8030078,14.8030078,1,motor is used,NA,Aquatic Non-Insects,9,Family,Corophiidae,Corophiidae,Emergents,0,0,0,NA,NA,NA,NA,NA,NA,NA,NA,NA,NA,NA   NA   NA   NA,NA   NA   NA   NA
STTD_2013-04-03 09:35:00,4/3/2013 9:35,STTD,2013,D,FALSE,CLR,NA,NA,18.5,0.2,582,NA,7.96,6.84,50.3,10,Low,894650,896900,2250,2250,14.8030078,14.8030078,1,motor is used,NA,Aquatic Non-Insects,9,Family,Corophiidae,Corophiidae,Adults,0,0,0,NA,NA,NA,NA,NA,NA,NA,NA,NA,NA,NA   NA   NA   NA,NA   NA   NA   NA
STTD_2013-04-03 09:35:00,4/3/2013 9:35,STTD,2013,D,FALSE,CLR,NA,NA,18.5,0.2,582,NA,7.96,6.84,50.3,10,Low,894650,896900,2250,2250,14.8030078,14.8030078,1,motor is used,NA,Aquatic Non-Insects,9,Family,Corophiidae,Corophiidae,NotDetermined,1,0.068,0.068,NA,NA,NA,NA,NA,NA,NA,NA,NA,NA,NA   NA   NA   NA,NA   NA   NA   NA
STTD_2013-04-03 09:35:00,4/3/2013 9:35,STTD,2013,D,FALSE,CLR,NA,NA,18.5,0.2,582,NA,7.96,6.84,50.3,10,Low,894650,896900,2250,2250,14.8030078,14.8030078,1,motor is used,NA,Aquatic Non-Insects,15,Family,Hyalellidae,Hyalellidae,Larvae,0,0,0,NA,NA,NA,NA,NA,NA,NA,NA,NA,NA,NA   NA   NA   NA,NA   NA   NA   NA
STTD_2013-04-03 09:35:00,4/3/2013 9:35,STTD,2013,D,FALSE,CLR,NA,NA,18.5,0.2,582,NA,7.96,6.84,50.3,10,Low,894650,896900,2250,2250,14.8030078,14.8030078,1,motor is used,NA,Aquatic Non-Insects,15,Family,Hyalellidae,Hyalellidae,Pupae,0,0,0,NA,NA,NA,NA,NA,NA,NA,NA,NA,NA,NA   NA   NA   NA,NA   NA   NA   NA
STTD_2013-04-03 09:35:00,4/3/2013 9:35,STTD,2013,D,FALSE,CLR,NA,NA,18.5,0.2,582,NA,7.96,6.84,50.3,10,Low,894650,896900,2250,2250,14.8030078,14.8030078,1,motor is used,NA,Aquatic Non-Insects,15,Family,Hyalellidae,Hyalellidae,Nymphs,0,0,0,NA,NA,NA,NA,NA,NA,NA,NA,NA,NA,NA   NA   NA   NA,NA   NA   NA   NA
STTD_2013-04-03 09:35:00,4/3/2013 9:35,STTD,2013,D,FALSE,CLR,NA,NA,18.5,0.2,582,NA,7.96,6.84,50.3,10,Low,894650,896900,2250,2250,14.8030078,14.8030078,1,motor is used,NA,Aquatic Non-Insects,15,Family,Hyalellidae,Hyalellidae,Emergents,0,0,0,NA,NA,NA,NA,NA,NA,NA,NA,NA,NA,NA   NA   NA   NA,NA   NA   NA   NA
STTD_2013-04-03 09:35:00,4/3/2013 9:35,STTD,2013,D,FALSE,CLR,NA,NA,18.5,0.2,582,NA,7.96,6.84,50.3,10,Low,894650,896900,2250,2250,14.8030078,14.8030078,1,motor is used,NA,Aquatic Non-Insects,15,Family,Hyalellidae,Hyalellidae,Adults,0,0,0,NA,NA,NA,NA,NA,NA,NA,NA,NA,NA,NA   NA   NA   NA,NA   NA   NA   NA
STTD_2013-04-03 09:35:00,4/3/2013 9:35,STTD,2013,D,FALSE,CLR,NA,NA,18.5,0.2,582,NA,7.96,6.84,50.3,10,Low,894650,896900,2250,2250,14.8030078,14.8030078,1,motor is used,NA,Aquatic Non-Insects,15,Family,Hyalellidae,Hyalellidae,NotDetermined,1,0.068,0.068,NA,NA,NA,NA,NA,NA,NA,NA,NA,NA,NA   NA   NA   NA,NA   NA   NA   NA
STTD_2013-04-03 09:35:00,4/3/2013 9:35,STTD,2013,D,FALSE,CLR,NA,NA,18.5,0.2,582,NA,7.96,6.84,50.3,10,Low,894650,896900,2250,2250,14.8030078,14.8030078,1,motor is used,NA,Terrestrial Insects,71,Order,Hemiptera,Hemiptera,Larvae,2,0.135,0.135,NA,NA,NA,NA,NA,NA,NA,NA,NA,NA,NA   NA   NA   NA,NA   NA   NA   NA
STTD_2013-04-03 09:35:00,4/3/2013 9:35,STTD,2013,D,FALSE,CLR,NA,NA,18.5,0.2,582,NA,7.96,6.84,50.3,10,Low,894650,896900,2250,2250,14.8030078,14.8030078,1,motor is used,NA,Terrestrial Insects,71,Order,Hemiptera,Hemiptera,Pupae,0,0,0,NA,NA,NA,NA,NA,NA,NA,NA,NA,NA,NA   NA   NA   NA,NA   NA   NA   NA
STTD_2013-04-03 09:35:00,4/3/2013 9:35,STTD,2013,D,FALSE,CLR,NA,NA,18.5,0.2,582,NA,7.96,6.84,50.3,10,Low,894650,896900,2250,2250,14.8030078,14.8030078,1,motor is used,NA,Terrestrial Insects,71,Order,Hemiptera,Hemiptera,Nymphs,0,0,0,NA,NA,NA,NA,NA,NA,NA,NA,NA,NA,NA   NA   NA   NA,NA   NA   NA   NA
STTD_2013-04-03 09:35:00,4/3/2013 9:35,STTD,2013,D,FALSE,CLR,NA,NA,18.5,0.2,582,NA,7.96,6.84,50.3,10,Low,894650,896900,2250,2250,14.8030078,14.8030078,1,motor is used,NA,Terrestrial Insects,71,Order,Hemiptera,Hemiptera,Emergents,0,0,0,NA,NA,NA,NA,NA,NA,NA,NA,NA,NA,NA   NA   NA   NA,NA   NA   NA   NA
STTD_2013-04-03 09:35:00,4/3/2013 9:35,STTD,2013,D,FALSE,CLR,NA,NA,18.5,0.2,582,NA,7.96,6.84,50.3,10,Low,894650,896900,2250,2250,14.8030078,14.8030078,1,motor is used,NA,Terrestrial Insects,71,Order,Hemiptera,Hemiptera,Adults,0,0,0,NA,NA,NA,NA,NA,NA,NA,NA,NA,NA,NA   NA   NA   NA,NA   NA   NA   NA
STTD_2013-04-03 09:35:00,4/3/2013 9:35,STTD,2013,D,FALSE,CLR,NA,NA,18.5,0.2,582,NA,7.96,6.84,50.3,10,Low,894650,896900,2250,2250,14.8030078,14.8030078,1,motor is used,NA,Terrestrial Insects,71,Order,Hemiptera,Hemiptera,NotDetermined,0,0,0,NA,NA,NA,NA,NA,NA,NA,NA,NA,NA,NA   NA   NA   NA,NA   NA   NA   NA
STTD_2013-04-03 09:35:00,4/3/2013 9:35,STTD,2013,D,FALSE,CLR,NA,NA,18.5,0.2,582,NA,7.96,6.84,50.3,10,Low,894650,896900,2250,2250,14.8030078,14.8030078,1,motor is used,NA,Terrestrial Non-Insects,68,Order,Collembola,Collembola,Larvae,0,0,0,NA,NA,NA,NA,NA,NA,NA,NA,NA,NA,NA   NA   NA   NA,NA   NA   NA   NA
STTD_2013-04-03 09:35:00,4/3/2013 9:35,STTD,2013,D,FALSE,CLR,NA,NA,18.5,0.2,582,NA,7.96,6.84,50.3,10,Low,894650,896900,2250,2250,14.8030078,14.8030078,1,motor is used,NA,Terrestrial Non-Insects,68,Order,Collembola,Collembola,Pupae,0,0,0,NA,NA,NA,NA,NA,NA,NA,NA,NA,NA,NA   NA   NA   NA,NA   NA   NA   NA
STTD_2013-04-03 09:35:00,4/3/2013 9:35,STTD,2013,D,FALSE,CLR,NA,NA,18.5,0.2,582,NA,7.96,6.84,50.3,10,Low,894650,896900,2250,2250,14.8030078,14.8030078,1,motor is used,NA,Terrestrial Non-Insects,68,Order,Collembola,Collembola,Nymphs,0,0,0,NA,NA,NA,NA,NA,NA,NA,NA,NA,NA,NA   NA   NA   NA,NA   NA   NA   NA
STTD_2013-04-03 09:35:00,4/3/2013 9:35,STTD,2013,D,FALSE,CLR,NA,NA,18.5,0.2,582,NA,7.96,6.84,50.3,10,Low,894650,896900,2250,2250,14.8030078,14.8030078,1,motor is used,NA,Terrestrial Non-Insects,68,Order,Collembola,Collembola,Emergents,0,0,0,NA,NA,NA,NA,NA,NA,NA,NA,NA,NA,NA   NA   NA   NA,NA   NA   NA   NA
STTD_2013-04-03 09:35:00,4/3/2013 9:35,STTD,2013,D,FALSE,CLR,NA,NA,18.5,0.2,582,NA,7.96,6.84,50.3,10,Low,894650,896900,2250,2250,14.8030078,14.8030078,1,motor is used,NA,Terrestrial Non-Insects,68,Order,Collembola,Collembola,Adults,0,0,0,NA,NA,NA,NA,NA,NA,NA,NA,NA,NA,NA   NA   NA   NA,NA   NA   NA   NA
STTD_2013-04-03 09:35:00,4/3/2013 9:35,STTD,2013,D,FALSE,CLR,NA,NA,18.5,0.2,582,NA,7.96,6.84,50.3,10,Low,894650,896900,2250,2250,14.8030078,14.8030078,1,motor is used,NA,Terrestrial Non-Insects,68,Order,Collembola,Collembola,NotDetermined,5,0.338,0.338,NA,NA,NA,NA,NA,NA,NA,NA,NA,NA,NA   NA   NA   NA,NA   NA   NA   NA
STTD_2013-04-03 09:35:00,4/3/2013 9:35,STTD,2013,D,FALSE,CLR,NA,NA,18.5,0.2,582,NA,7.96,6.84,50.3,10,Low,894650,896900,2250,2250,14.8030078,14.8030078,1,motor is used,NA,Terrestrial Insects,67,Order,Psocoptera,Psocoptera,Larvae,0,0,0,NA,NA,NA,NA,NA,NA,NA,NA,NA,NA,NA   NA   NA   NA,NA   NA   NA   NA
STTD_2013-04-03 09:35:00,4/3/2013 9:35,STTD,2013,D,FALSE,CLR,NA,NA,18.5,0.2,582,NA,7.96,6.84,50.3,10,Low,894650,896900,2250,2250,14.8030078,14.8030078,1,motor is used,NA,Terrestrial Insects,67,Order,Psocoptera,Psocoptera,Pupae,0,0,0,NA,NA,NA,NA,NA,NA,NA,NA,NA,NA,NA   NA   NA   NA,NA   NA   NA   NA
STTD_2013-04-03 09:35:00,4/3/2013 9:35,STTD,2013,D,FALSE,CLR,NA,NA,18.5,0.2,582,NA,7.96,6.84,50.3,10,Low,894650,896900,2250,2250,14.8030078,14.8030078,1,motor is used,NA,Terrestrial Insects,67,Order,Psocoptera,Psocoptera,Nymphs,0,0,0,NA,NA,NA,NA,NA,NA,NA,NA,NA,NA,NA   NA   NA   NA,NA   NA   NA   NA
STTD_2013-04-03 09:35:00,4/3/2013 9:35,STTD,2013,D,FALSE,CLR,NA,NA,18.5,0.2,582,NA,7.96,6.84,50.3,10,Low,894650,896900,2250,2250,14.8030078,14.8030078,1,motor is used,NA,Terrestrial Insects,67,Order,Psocoptera,Psocoptera,Emergents,0,0,0,NA,NA,NA,NA,NA,NA,NA,NA,NA,NA,NA   NA   NA   NA,NA   NA   NA   NA
STTD_2013-04-03 09:35:00,4/3/2013 9:35,STTD,2013,D,FALSE,CLR,NA,NA,18.5,0.2,582,NA,7.96,6.84,50.3,10,Low,894650,896900,2250,2250,14.8030078,14.8030078,1,motor is used,NA,Terrestrial Insects,67,Order,Psocoptera,Psocoptera,Adults,1,0.068,0.068,NA,NA,NA,NA,NA,NA,NA,NA,NA,NA,NA   NA   NA   NA,NA   NA   NA   NA
STTD_2013-04-03 09:35:00,4/3/2013 9:35,STTD,2013,D,FALSE,CLR,NA,NA,18.5,0.2,582,NA,7.96,6.84,50.3,10,Low,894650,896900,2250,2250,14.8030078,14.8030078,1,motor is used,NA,Terrestrial Insects,67,Order,Psocoptera,Psocoptera,NotDetermined,0,0,0,NA,NA,NA,NA,NA,NA,NA,NA,NA,NA,NA   NA   NA   NA,NA   NA   NA   NA
SHR_2013-04-15 08:10:00,4/15/2013 8:10,SHR,2013,D,FALSE,CLR,NA,NA,17.1,0.79,127,NA,7.64,9.66,16.6,10,Low,894225,895000,775,775,5.098813799,5.098813799,1,NA,NA,Aquatic Insects,95,Family,Veliidae,Veliidae,Larvae,2,0.392,0.392,NA,NA,NA,NA,NA,NA,2,FM,NA,NA,NA   NA   2   NA,NA   NA   FM   NA
SHR_2013-04-15 08:10:00,4/15/2013 8:10,SHR,2013,D,FALSE,CLR,NA,NA,17.1,0.79,127,NA,7.64,9.66,16.6,10,Low,894225,895000,775,775,5.098813799,5.098813799,1,NA,NA,Aquatic Insects,95,Family,Veliidae,Veliidae,Pupae,0,0,0,NA,NA,NA,NA,NA,NA,2,FM,NA,NA,NA   NA   2   NA,NA   NA   FM   NA
SHR_2013-04-15 08:10:00,4/15/2013 8:10,SHR,2013,D,FALSE,CLR,NA,NA,17.1,0.79,127,NA,7.64,9.66,16.6,10,Low,894225,895000,775,775,5.098813799,5.098813799,1,NA,NA,Aquatic Insects,95,Family,Veliidae,Veliidae,Nymphs,0,0,0,NA,NA,NA,NA,NA,NA,2,FM,NA,NA,NA   NA   2   NA,NA   NA   FM   NA
SHR_2013-04-15 08:10:00,4/15/2013 8:10,SHR,2013,D,FALSE,CLR,NA,NA,17.1,0.79,127,NA,7.64,9.66,16.6,10,Low,894225,895000,775,775,5.098813799,5.098813799,1,NA,NA,Aquatic Insects,95,Family,Veliidae,Veliidae,Emergents,0,0,0,NA,NA,NA,NA,NA,NA,2,FM,NA,NA,NA   NA   2   NA,NA   NA   FM   NA
SHR_2013-04-15 08:10:00,4/15/2013 8:10,SHR,2013,D,FALSE,CLR,NA,NA,17.1,0.79,127,NA,7.64,9.66,16.6,10,Low,894225,895000,775,775,5.098813799,5.098813799,1,NA,NA,Aquatic Insects,95,Family,Veliidae,Veliidae,Adults,0,0,0,NA,NA,NA,NA,NA,NA,2,FM,NA,NA,NA   NA   2   NA,NA   NA   FM   NA
SHR_2013-04-15 08:10:00,4/15/2013 8:10,SHR,2013,D,FALSE,CLR,NA,NA,17.1,0.79,127,NA,7.64,9.66,16.6,10,Low,894225,895000,775,775,5.098813799,5.098813799,1,NA,NA,Aquatic Insects,95,Family,Veliidae,Veliidae,NotDetermined,0,0,0,NA,NA,NA,NA,NA,NA,2,FM,NA,NA,NA   NA   2   NA,NA   NA   FM   NA
SHR_2013-04-15 08:10:00,4/15/2013 8:10,SHR,2013,D,FALSE,CLR,NA,NA,17.1,0.79,127,NA,7.64,9.66,16.6,10,Low,894225,895000,775,775,5.098813799,5.098813799,1,NA,NA,Aquatic Insects,34,Family,Chironomidae,Chironomidae,Larvae,0,0,0,NA,NA,NA,NA,NA,NA,2,FM,NA,NA,NA   NA   2   NA,NA   NA   FM   NA
SHR_2013-04-15 08:10:00,4/15/2013 8:10,SHR,2013,D,FALSE,CLR,NA,NA,17.1,0.79,127,NA,7.64,9.66,16.6,10,Low,894225,895000,775,775,5.098813799,5.098813799,1,NA,NA,Aquatic Insects,34,Family,Chironomidae,Chironomidae,Pupae,1,0.196,0.196,NA,NA,NA,NA,NA,NA,2,FM,NA,NA,NA   NA   2   NA,NA   NA   FM   NA
SHR_2013-04-15 08:10:00,4/15/2013 8:10,SHR,2013,D,FALSE,CLR,NA,NA,17.1,0.79,127,NA,7.64,9.66,16.6,10,Low,894225,895000,775,775,5.098813799,5.098813799,1,NA,NA,Aquatic Insects,34,Family,Chironomidae,Chironomidae,Nymphs,0,0,0,NA,NA,NA,NA,NA,NA,2,FM,NA,NA,NA   NA   2   NA,NA   NA   FM   NA
SHR_2013-04-15 08:10:00,4/15/2013 8:10,SHR,2013,D,FALSE,CLR,NA,NA,17.1,0.79,127,NA,7.64,9.66,16.6,10,Low,894225,895000,775,775,5.098813799,5.098813799,1,NA,NA,Aquatic Insects,34,Family,Chironomidae,Chironomidae,Emergents,0,0,0,NA,NA,NA,NA,NA,NA,2,FM,NA,NA,NA   NA   2   NA,NA   NA   FM   NA
SHR_2013-04-15 08:10:00,4/15/2013 8:10,SHR,2013,D,FALSE,CLR,NA,NA,17.1,0.79,127,NA,7.64,9.66,16.6,10,Low,894225,895000,775,775,5.098813799,5.098813799,1,NA,NA,Aquatic Insects,34,Family,Chironomidae,Chironomidae,Adults,3,0.588,0.588,NA,NA,NA,NA,NA,NA,2,FM,NA,NA,NA   NA   2   NA,NA   NA   FM   NA
SHR_2013-04-15 08:10:00,4/15/2013 8:10,SHR,2013,D,FALSE,CLR,NA,NA,17.1,0.79,127,NA,7.64,9.66,16.6,10,Low,894225,895000,775,775,5.098813799,5.098813799,1,NA,NA,Aquatic Insects,34,Family,Chironomidae,Chironomidae,NotDetermined,0,0,0,NA,NA,NA,NA,NA,NA,2,FM,NA,NA,NA   NA   2   NA,NA   NA   FM   NA
SHR_2013-04-15 08:10:00,4/15/2013 8:10,SHR,2013,D,FALSE,CLR,NA,NA,17.1,0.79,127,NA,7.64,9.66,16.6,10,Low,894225,895000,775,775,5.098813799,5.098813799,1,NA,NA,Aquatic Non-Insects,9,Family,Corophiidae,Corophiidae,Larvae,0,0,0,NA,NA,NA,NA,NA,NA,2,FM,NA,NA,NA   NA   2   NA,NA   NA   FM   NA
SHR_2013-04-15 08:10:00,4/15/2013 8:10,SHR,2013,D,FALSE,CLR,NA,NA,17.1,0.79,127,NA,7.64,9.66,16.6,10,Low,894225,895000,775,775,5.098813799,5.098813799,1,NA,NA,Aquatic Non-Insects,9,Family,Corophiidae,Corophiidae,Pupae,0,0,0,NA,NA,NA,NA,NA,NA,2,FM,NA,NA,NA   NA   2   NA,NA   NA   FM   NA
SHR_2013-04-15 08:10:00,4/15/2013 8:10,SHR,2013,D,FALSE,CLR,NA,NA,17.1,0.79,127,NA,7.64,9.66,16.6,10,Low,894225,895000,775,775,5.098813799,5.098813799,1,NA,NA,Aquatic Non-Insects,9,Family,Corophiidae,Corophiidae,Nymphs,0,0,0,NA,NA,NA,NA,NA,NA,2,FM,NA,NA,NA   NA   2   NA,NA   NA   FM   NA
SHR_2013-04-15 08:10:00,4/15/2013 8:10,SHR,2013,D,FALSE,CLR,NA,NA,17.1,0.79,127,NA,7.64,9.66,16.6,10,Low,894225,895000,775,775,5.098813799,5.098813799,1,NA,NA,Aquatic Non-Insects,9,Family,Corophiidae,Corophiidae,Emergents,0,0,0,NA,NA,NA,NA,NA,NA,2,FM,NA,NA,NA   NA   2   NA,NA   NA   FM   NA
SHR_2013-04-15 08:10:00,4/15/2013 8:10,SHR,2013,D,FALSE,CLR,NA,NA,17.1,0.79,127,NA,7.64,9.66,16.6,10,Low,894225,895000,775,775,5.098813799,5.098813799,1,NA,NA,Aquatic Non-Insects,9,Family,Corophiidae,Corophiidae,Adults,0,0,0,NA,NA,NA,NA,NA,NA,2,FM,NA,NA,NA   NA   2   NA,NA   NA   FM   NA
SHR_2013-04-15 08:10:00,4/15/2013 8:10,SHR,2013,D,FALSE,CLR,NA,NA,17.1,0.79,127,NA,7.64,9.66,16.6,10,Low,894225,895000,775,775,5.098813799,5.098813799,1,NA,NA,Aquatic Non-Insects,9,Family,Corophiidae,Corophiidae,NotDetermined,3,0.588,0.588,NA,NA,NA,NA,NA,NA,2,FM,NA,NA,NA   NA   2   NA,NA   NA   FM   NA
STTD_2013-04-15 10:10:00,4/15/2013 10:10,STTD,2013,D,FALSE,CLR,NA,NA,18.9,0.19,585,NA,8.1,7.03,75.6,10,Low,889750,894200,4450,4450,29.27705988,29.27705988,1,"Sampling from the trap, ebb tide",NA,Aquatic Insects,44,Family,Corixidae,Corixidae,Larvae,3,0.102,0.102,NA,NA,NA,NA,NA,NA,NA,NA,NA,NA,NA   NA   NA   NA,NA   NA   NA   NA
STTD_2013-04-15 10:10:00,4/15/2013 10:10,STTD,2013,D,FALSE,CLR,NA,NA,18.9,0.19,585,NA,8.1,7.03,75.6,10,Low,889750,894200,4450,4450,29.27705988,29.27705988,1,"Sampling from the trap, ebb tide",NA,Aquatic Insects,44,Family,Corixidae,Corixidae,Adults,1,0.034,0.034,NA,NA,NA,NA,NA,NA,NA,NA,NA,NA,NA   NA   NA   NA,NA   NA   NA   NA
STTD_2013-04-15 10:10:00,4/15/2013 10:10,STTD,2013,D,FALSE,CLR,NA,NA,18.9,0.19,585,NA,8.1,7.03,75.6,10,Low,889750,894200,4450,4450,29.27705988,29.27705988,1,"Sampling from the trap, ebb tide",NA,Aquatic Insects,34,Family,Chironomidae,Chironomidae,Pupae,5,0.171,0.171,NA,NA,NA,NA,NA,NA,NA,NA,NA,NA,NA   NA   NA   NA,NA   NA   NA   NA
STTD_2013-04-15 10:10:00,4/15/2013 10:10,STTD,2013,D,FALSE,CLR,NA,NA,18.9,0.19,585,NA,8.1,7.03,75.6,10,Low,889750,894200,4450,4450,29.27705988,29.27705988,1,"Sampling from the trap, ebb tide",NA,Aquatic Insects,34,Family,Chironomidae,Chironomidae,Adults,56,1.913,1.913,NA,NA,NA,NA,NA,NA,NA,NA,NA,NA,NA   NA   NA   NA,NA   NA   NA   NA
STTD_2013-04-15 10:10:00,4/15/2013 10:10,STTD,2013,D,FALSE,CLR,NA,NA,18.9,0.19,585,NA,8.1,7.03,75.6,10,Low,889750,894200,4450,4450,29.27705988,29.27705988,1,"Sampling from the trap, ebb tide",NA,Aquatic Insects,32,Family,Ceratopogonidae,Ceratopogonidae,Pupae,1,0.034,0.034,NA,NA,NA,NA,NA,NA,NA,NA,NA,NA,NA   NA   NA   NA,NA   NA   NA   NA
STTD_2013-04-15 10:10:00,4/15/2013 10:10,STTD,2013,D,FALSE,CLR,NA,NA,18.9,0.19,585,NA,8.1,7.03,75.6,10,Low,889750,894200,4450,4450,29.27705988,29.27705988,1,"Sampling from the trap, ebb tide",NA,Aquatic Insects,37,Family,Psychodidae,Psychodidae,Adults,2,0.068,0.068,NA,NA,NA,NA,NA,NA,NA,NA,NA,NA,NA   NA   NA   NA,NA   NA   NA   NA
STTD_2013-04-15 10:10:00,4/15/2013 10:10,STTD,2013,D,FALSE,CLR,NA,NA,18.9,0.19,585,NA,8.1,7.03,75.6,10,Low,889750,894200,4450,4450,29.27705988,29.27705988,1,"Sampling from the trap, ebb tide",NA,Aquatic Non-Insects,9,Family,Corophiidae,Corophiidae,NotDetermined,1,0.034,0.034,NA,NA,NA,NA,NA,NA,NA,NA,NA,NA,NA   NA   NA   NA,NA   NA   NA   NA
STTD_2013-04-15 10:10:00,4/15/2013 10:10,STTD,2013,D,FALSE,CLR,NA,NA,18.9,0.19,585,NA,8.1,7.03,75.6,10,Low,889750,894200,4450,4450,29.27705988,29.27705988,1,"Sampling from the trap, ebb tide",NA,Terrestrial Insects,71,Order,Hemiptera,Hemiptera,Adults,79,2.698,2.698,NA,NA,NA,NA,NA,NA,NA,NA,NA,NA,NA   NA   NA   NA,NA   NA   NA   NA
STTD_2013-04-15 10:10:00,4/15/2013 10:10,STTD,2013,D,FALSE,CLR,NA,NA,18.9,0.19,585,NA,8.1,7.03,75.6,10,Low,889750,894200,4450,4450,29.27705988,29.27705988,1,"Sampling from the trap, ebb tide",NA,Terrestrial Insects,63,Order,Coleoptera,Coleoptera,NotDetermined,3,0.102,0.102,NA,NA,NA,NA,NA,NA,NA,NA,NA,NA,NA   NA   NA   NA,NA   NA   NA   NA
STTD_2013-04-15 10:10:00,4/15/2013 10:10,STTD,2013,D,FALSE,CLR,NA,NA,18.9,0.19,585,NA,8.1,7.03,75.6,10,Low,889750,894200,4450,4450,29.27705988,29.27705988,1,"Sampling from the trap, ebb tide",NA,Terrestrial Insects,64,Order,Diptera,Diptera,Adults,3,0.102,0.102,NA,NA,NA,NA,NA,NA,NA,NA,NA,NA,NA   NA   NA   NA,NA   NA   NA   NA
STTD_2013-04-15 10:10:00,4/15/2013 10:10,STTD,2013,D,FALSE,CLR,NA,NA,18.9,0.19,585,NA,8.1,7.03,75.6,10,Low,889750,894200,4450,4450,29.27705988,29.27705988,1,"Sampling from the trap, ebb tide",NA,Terrestrial Non-Insects,68,Order,Collembola,Collembola,NotDetermined,17,0.581,0.581,NA,NA,NA,NA,NA,NA,NA,NA,NA,NA,NA   NA   NA   NA,NA   NA   NA   NA
STTD_2013-04-15 10:10:00,4/15/2013 10:10,STTD,2013,D,FALSE,CLR,NA,NA,18.9,0.19,585,NA,8.1,7.03,75.6,10,Low,889750,894200,4450,4450,29.27705988,29.27705988,1,"Sampling from the trap, ebb tide",NA,Terrestrial Insects,66,Order,Hymenoptera,Hymenoptera,Adults,1,0.034,0.034,NA,NA,NA,NA,NA,NA,NA,NA,NA,NA,NA   NA   NA   NA,NA   NA   NA   NA
STTD_2013-04-15 10:10:00,4/15/2013 10:10,STTD,2013,D,FALSE,CLR,NA,NA,18.9,0.19,585,NA,8.1,7.03,75.6,10,Low,889750,894200,4450,4450,29.27705988,29.27705988,1,"Sampling from the trap, ebb tide",NA,Terrestrial Insects,67,Order,Psocoptera,Psocoptera,Larvae,4,0.137,0.137,NA,NA,NA,NA,NA,NA,NA,NA,NA,NA,NA   NA   NA   NA,NA   NA   NA   NA
STTD_2013-04-15 10:10:00,4/15/2013 10:10,STTD,2013,D,FALSE,CLR,NA,NA,18.9,0.19,585,NA,8.1,7.03,75.6,10,Low,889750,894200,4450,4450,29.27705988,29.27705988,1,"Sampling from the trap, ebb tide",NA,Terrestrial Non-Insects,57,Subclass,Acari,Acari,NotDetermined,1,0.034,0.034,NA,NA,NA,NA,NA,NA,NA,NA,NA,NA,NA   NA   NA   NA,NA   NA   NA   NA
SHR_2013-04-29 08:17:00,4/29/2013 8:17,SHR,2013,D,FALSE,CLR,NA,NA,20.2,0.8,106,NA,7.67,9.2,7.6,10,Low,889882,890000,118,5280,0.77633552,34.73772498,1,NA,NA,Aquatic Insects,32,Family,Ceratopogonidae,Ceratopogonidae,Pupae,1,1.288,0.029,NA,NA,NA,NA,NA,NA,3,FM,NA,NA,NA   NA   3   NA,NA   NA   FM   NA
STTD_2013-04-29 10:06:00,4/29/2013 10:06,STTD,2013,D,FALSE,CLR,NA,NA,21.5,0.15,521,NA,7.95,7.45,91.3,10,Low,884989,890000,5011,5011,32.96794316,32.96794316,1,NA,NA,Aquatic Insects,144,Order,Ephemeroptera,Ephemerpotera,Adults,1,0.03,0.03,NA,NA,NA,NA,NA,NA,NA,NA,NA,NA,NA   NA   NA   NA,NA   NA   NA   NA
STTD_2013-04-29 10:06:00,4/29/2013 10:06,STTD,2013,D,FALSE,CLR,NA,NA,21.5,0.15,521,NA,7.95,7.45,91.3,10,Low,884989,890000,5011,5011,32.96794316,32.96794316,1,NA,NA,Aquatic Insects,44,Family,Corixidae,Corixidae,Larvae,3,0.091,0.091,NA,NA,NA,NA,NA,NA,NA,NA,NA,NA,NA   NA   NA   NA,NA   NA   NA   NA
STTD_2013-04-29 10:06:00,4/29/2013 10:06,STTD,2013,D,FALSE,CLR,NA,NA,21.5,0.15,521,NA,7.95,7.45,91.3,10,Low,884989,890000,5011,5011,32.96794316,32.96794316,1,NA,NA,Aquatic Insects,45,Family,Notonectidae,Notonectidae,Larvae,1,0.03,0.03,NA,NA,NA,NA,NA,NA,NA,NA,NA,NA,NA   NA   NA   NA,NA   NA   NA   NA
STTD_2013-04-29 10:06:00,4/29/2013 10:06,STTD,2013,D,FALSE,CLR,NA,NA,21.5,0.15,521,NA,7.95,7.45,91.3,10,Low,884989,890000,5011,5011,32.96794316,32.96794316,1,NA,NA,Aquatic Insects,30,Family,Dytiscidae,Dytiscidae,Adults,1,0.03,0.03,NA,NA,NA,NA,NA,NA,NA,NA,NA,NA,NA   NA   NA   NA,NA   NA   NA   NA
STTD_2013-04-29 10:06:00,4/29/2013 10:06,STTD,2013,D,FALSE,CLR,NA,NA,21.5,0.15,521,NA,7.95,7.45,91.3,10,Low,884989,890000,5011,5011,32.96794316,32.96794316,1,NA,NA,Aquatic Insects,34,Family,Chironomidae,Chironomidae,Adults,14,0.425,0.425,NA,NA,NA,NA,NA,NA,NA,NA,NA,NA,NA   NA   NA   NA,NA   NA   NA   NA
STTD_2013-04-29 10:06:00,4/29/2013 10:06,STTD,2013,D,FALSE,CLR,NA,NA,21.5,0.15,521,NA,7.95,7.45,91.3,10,Low,884989,890000,5011,5011,32.96794316,32.96794316,1,NA,NA,Aquatic Non-Insects,11,Family,Gammaridae,Gammaridae,NotDetermined,1,0.03,0.03,NA,NA,NA,NA,NA,NA,NA,NA,NA,NA,NA   NA   NA   NA,NA   NA   NA   NA
STTD_2013-04-29 10:06:00,4/29/2013 10:06,STTD,2013,D,FALSE,CLR,NA,NA,21.5,0.15,521,NA,7.95,7.45,91.3,10,Low,884989,890000,5011,5011,32.96794316,32.96794316,1,NA,NA,Aquatic Non-Insects,145,Family,Catostomidae,Catostomidae,NotDetermined,1,0.03,0.03,NA,NA,NA,NA,NA,NA,NA,NA,NA,NA,NA   NA   NA   NA,NA   NA   NA   NA
STTD_2013-04-29 10:06:00,4/29/2013 10:06,STTD,2013,D,FALSE,CLR,NA,NA,21.5,0.15,521,NA,7.95,7.45,91.3,10,Low,884989,890000,5011,5011,32.96794316,32.96794316,1,NA,NA,Terrestrial Insects,71,Order,Hemiptera,Hemiptera,Adults,39,1.183,1.183,NA,NA,NA,NA,NA,NA,NA,NA,NA,NA,NA   NA   NA   NA,NA   NA   NA   NA
STTD_2013-04-29 10:06:00,4/29/2013 10:06,STTD,2013,D,FALSE,CLR,NA,NA,21.5,0.15,521,NA,7.95,7.45,91.3,10,Low,884989,890000,5011,5011,32.96794316,32.96794316,1,NA,NA,Terrestrial Insects,63,Order,Coleoptera,Coleoptera,Larvae,3,0.091,0.091,NA,NA,NA,NA,NA,NA,NA,NA,NA,NA,NA   NA   NA   NA,NA   NA   NA   NA
STTD_2013-04-29 10:06:00,4/29/2013 10:06,STTD,2013,D,FALSE,CLR,NA,NA,21.5,0.15,521,NA,7.95,7.45,91.3,10,Low,884989,890000,5011,5011,32.96794316,32.96794316,1,NA,NA,Terrestrial Insects,63,Order,Coleoptera,Coleoptera,Adults,33,1.001,1.001,NA,NA,NA,NA,NA,NA,NA,NA,NA,NA,NA   NA   NA   NA,NA   NA   NA   NA
STTD_2013-04-29 10:06:00,4/29/2013 10:06,STTD,2013,D,FALSE,CLR,NA,NA,21.5,0.15,521,NA,7.95,7.45,91.3,10,Low,884989,890000,5011,5011,32.96794316,32.96794316,1,NA,NA,Terrestrial Insects,64,Order,Diptera,Diptera,Adults,21,0.637,0.637,NA,NA,NA,NA,NA,NA,NA,NA,NA,NA,NA   NA   NA   NA,NA   NA   NA   NA
STTD_2013-04-29 10:06:00,4/29/2013 10:06,STTD,2013,D,FALSE,CLR,NA,NA,21.5,0.15,521,NA,7.95,7.45,91.3,10,Low,884989,890000,5011,5011,32.96794316,32.96794316,1,NA,NA,Terrestrial Non-Insects,68,Order,Collembola,Collembola,NotDetermined,2,0.061,0.061,NA,NA,NA,NA,NA,NA,NA,NA,NA,NA,NA   NA   NA   NA,NA   NA   NA   NA
STTD_2013-04-29 10:06:00,4/29/2013 10:06,STTD,2013,D,FALSE,CLR,NA,NA,21.5,0.15,521,NA,7.95,7.45,91.3,10,Low,884989,890000,5011,5011,32.96794316,32.96794316,1,NA,NA,Terrestrial Insects,66,Order,Hymenoptera,Hymenoptera,Adults,18,0.546,0.546,NA,NA,NA,NA,NA,NA,NA,NA,NA,NA,NA   NA   NA   NA,NA   NA   NA   NA
STTD_2013-04-29 10:06:00,4/29/2013 10:06,STTD,2013,D,FALSE,CLR,NA,NA,21.5,0.15,521,NA,7.95,7.45,91.3,10,Low,884989,890000,5011,5011,32.96794316,32.96794316,1,NA,NA,Terrestrial Insects,74,Order,Neuroptera,Neuroptera,Adults,1,0.03,0.03,NA,NA,NA,NA,NA,NA,NA,NA,NA,NA,NA   NA   NA   NA,NA   NA   NA   NA
STTD_2013-04-29 10:06:00,4/29/2013 10:06,STTD,2013,D,FALSE,CLR,NA,NA,21.5,0.15,521,NA,7.95,7.45,91.3,10,Low,884989,890000,5011,5011,32.96794316,32.96794316,1,NA,NA,Terrestrial Insects,67,Order,Psocoptera,Psocoptera,Larvae,1,0.03,0.03,NA,NA,NA,NA,NA,NA,NA,NA,NA,NA,NA   NA   NA   NA,NA   NA   NA   NA
STTD_2013-04-29 10:06:00,4/29/2013 10:06,STTD,2013,D,FALSE,CLR,NA,NA,21.5,0.15,521,NA,7.95,7.45,91.3,10,Low,884989,890000,5011,5011,32.96794316,32.96794316,1,NA,NA,Terrestrial Non-Insects,57,Subclass,Acari,Acari,NotDetermined,1,0.03,0.03,NA,NA,NA,NA,NA,NA,NA,NA,NA,NA,NA   NA   NA   NA,NA   NA   NA   NA
STTD_2013-04-29 10:06:00,4/29/2013 10:06,STTD,2013,D,FALSE,CLR,NA,NA,21.5,0.15,521,NA,7.95,7.45,91.3,10,Low,884989,890000,5011,5011,32.96794316,32.96794316,1,NA,NA,Terrestrial Non-Insects,58,Suborder,Araneida,Araneida,NotDetermined,4,0.121,0.121,NA,NA,NA,NA,NA,NA,NA,NA,NA,NA,NA   NA   NA   NA,NA   NA   NA   NA
STTD_2013-04-29 10:06:00,4/29/2013 10:06,STTD,2013,D,FALSE,CLR,NA,NA,21.5,0.15,521,NA,7.95,7.45,91.3,10,Low,884989,890000,5011,5011,32.96794316,32.96794316,1,NA,NA,Aquatic Non-Insects,13,Family,Mysidae,Mysidae,Larvae,0,0,0,NA,NA,NA,NA,NA,NA,NA,NA,NA,NA,NA   NA   NA   NA,NA   NA   NA   NA
STTD_2013-04-29 10:06:00,4/29/2013 10:06,STTD,2013,D,FALSE,CLR,NA,NA,21.5,0.15,521,NA,7.95,7.45,91.3,10,Low,884989,890000,5011,5011,32.96794316,32.96794316,1,NA,NA,Aquatic Non-Insects,13,Family,Mysidae,Mysidae,Pupae,0,0,0,NA,NA,NA,NA,NA,NA,NA,NA,NA,NA,NA   NA   NA   NA,NA   NA   NA   NA
STTD_2013-04-29 10:06:00,4/29/2013 10:06,STTD,2013,D,FALSE,CLR,NA,NA,21.5,0.15,521,NA,7.95,7.45,91.3,10,Low,884989,890000,5011,5011,32.96794316,32.96794316,1,NA,NA,Aquatic Non-Insects,13,Family,Mysidae,Mysidae,Nymphs,0,0,0,NA,NA,NA,NA,NA,NA,NA,NA,NA,NA,NA   NA   NA   NA,NA   NA   NA   NA
STTD_2013-04-29 10:06:00,4/29/2013 10:06,STTD,2013,D,FALSE,CLR,NA,NA,21.5,0.15,521,NA,7.95,7.45,91.3,10,Low,884989,890000,5011,5011,32.96794316,32.96794316,1,NA,NA,Aquatic Non-Insects,13,Family,Mysidae,Mysidae,Emergents,0,0,0,NA,NA,NA,NA,NA,NA,NA,NA,NA,NA,NA   NA   NA   NA,NA   NA   NA   NA
STTD_2013-04-29 10:06:00,4/29/2013 10:06,STTD,2013,D,FALSE,CLR,NA,NA,21.5,0.15,521,NA,7.95,7.45,91.3,10,Low,884989,890000,5011,5011,32.96794316,32.96794316,1,NA,NA,Aquatic Non-Insects,13,Family,Mysidae,Mysidae,Adults,0,0,0,NA,NA,NA,NA,NA,NA,NA,NA,NA,NA,NA   NA   NA   NA,NA   NA   NA   NA
STTD_2013-04-29 10:06:00,4/29/2013 10:06,STTD,2013,D,FALSE,CLR,NA,NA,21.5,0.15,521,NA,7.95,7.45,91.3,10,Low,884989,890000,5011,5011,32.96794316,32.96794316,1,NA,NA,Aquatic Non-Insects,13,Family,Mysidae,Mysidae,NotDetermined,1,0.03,0.03,NA,NA,NA,NA,NA,NA,NA,NA,NA,NA,NA   NA   NA   NA,NA   NA   NA   NA
STTD_2013-04-29 10:06:00,4/29/2013 10:06,STTD,2013,D,FALSE,CLR,NA,NA,21.5,0.15,521,NA,7.95,7.45,91.3,10,Low,884989,890000,5011,5011,32.96794316,32.96794316,1,NA,NA,Aquatic Non-Insects,175,Family,Atherinopsidae,Atherinopsidae,Larvae,0,0,0,NA,NA,NA,NA,NA,NA,NA,NA,NA,NA,NA   NA   NA   NA,NA   NA   NA   NA
STTD_2013-04-29 10:06:00,4/29/2013 10:06,STTD,2013,D,FALSE,CLR,NA,NA,21.5,0.15,521,NA,7.95,7.45,91.3,10,Low,884989,890000,5011,5011,32.96794316,32.96794316,1,NA,NA,Aquatic Non-Insects,175,Family,Atherinopsidae,Atherinopsidae,Pupae,0,0,0,NA,NA,NA,NA,NA,NA,NA,NA,NA,NA,NA   NA   NA   NA,NA   NA   NA   NA
STTD_2013-04-29 10:06:00,4/29/2013 10:06,STTD,2013,D,FALSE,CLR,NA,NA,21.5,0.15,521,NA,7.95,7.45,91.3,10,Low,884989,890000,5011,5011,32.96794316,32.96794316,1,NA,NA,Aquatic Non-Insects,175,Family,Atherinopsidae,Atherinopsidae,Nymphs,0,0,0,NA,NA,NA,NA,NA,NA,NA,NA,NA,NA,NA   NA   NA   NA,NA   NA   NA   NA
STTD_2013-04-29 10:06:00,4/29/2013 10:06,STTD,2013,D,FALSE,CLR,NA,NA,21.5,0.15,521,NA,7.95,7.45,91.3,10,Low,884989,890000,5011,5011,32.96794316,32.96794316,1,NA,NA,Aquatic Non-Insects,175,Family,Atherinopsidae,Atherinopsidae,Emergents,0,0,0,NA,NA,NA,NA,NA,NA,NA,NA,NA,NA,NA   NA   NA   NA,NA   NA   NA   NA
STTD_2013-04-29 10:06:00,4/29/2013 10:06,STTD,2013,D,FALSE,CLR,NA,NA,21.5,0.15,521,NA,7.95,7.45,91.3,10,Low,884989,890000,5011,5011,32.96794316,32.96794316,1,NA,NA,Aquatic Non-Insects,175,Family,Atherinopsidae,Atherinopsidae,Adults,0,0,0,NA,NA,NA,NA,NA,NA,NA,NA,NA,NA,NA   NA   NA   NA,NA   NA   NA   NA
STTD_2013-04-29 10:06:00,4/29/2013 10:06,STTD,2013,D,FALSE,CLR,NA,NA,21.5,0.15,521,NA,7.95,7.45,91.3,10,Low,884989,890000,5011,5011,32.96794316,32.96794316,1,NA,NA,Aquatic Non-Insects,175,Family,Atherinopsidae,Atherinopsidae,NotDetermined,1,0.03,0.03,NA,NA,NA,NA,NA,NA,NA,NA,NA,NA,NA   NA   NA   NA,NA   NA   NA   NA
STTD_2013-05-14 09:28:00,5/14/2013 9:28,STTD,2013,D,FALSE,CLR,NA,NA,21.8,0.14,322,NA,8.02,8.29,32,10,Low,880858,885000,4142,4142,27.25069259,27.25069259,1,"used motor, flood tide/beginning of ebb",NA,Aquatic Insects,44,Family,Corixidae,Corixidae,Larvae,3,0.11,0.11,NA,NA,NA,NA,NA,NA,NA,NA,NA,NA,NA   NA   NA   NA,NA   NA   NA   NA
STTD_2013-05-14 09:28:00,5/14/2013 9:28,STTD,2013,D,FALSE,CLR,NA,NA,21.8,0.14,322,NA,8.02,8.29,32,10,Low,880858,885000,4142,4142,27.25069259,27.25069259,1,"used motor, flood tide/beginning of ebb",NA,Aquatic Non-Insects,148,Family,Cottidae,Unidentified Sculpin,NotDetermined,1,0.037,0.037,NA,NA,NA,NA,NA,NA,NA,NA,NA,NA,NA   NA   NA   NA,NA   NA   NA   NA
STTD_2013-05-14 09:28:00,5/14/2013 9:28,STTD,2013,D,FALSE,CLR,NA,NA,21.8,0.14,322,NA,8.02,8.29,32,10,Low,880858,885000,4142,4142,27.25069259,27.25069259,1,"used motor, flood tide/beginning of ebb",NA,Terrestrial Insects,71,Order,Hemiptera,Hemiptera,Larvae,3,0.11,0.11,NA,NA,NA,NA,NA,NA,NA,NA,NA,NA,NA   NA   NA   NA,NA   NA   NA   NA
STTD_2013-05-14 09:28:00,5/14/2013 9:28,STTD,2013,D,FALSE,CLR,NA,NA,21.8,0.14,322,NA,8.02,8.29,32,10,Low,880858,885000,4142,4142,27.25069259,27.25069259,1,"used motor, flood tide/beginning of ebb",NA,Terrestrial Insects,63,Order,Coleoptera,Coleoptera,Adults,2,0.073,0.073,NA,NA,NA,NA,NA,NA,NA,NA,NA,NA,NA   NA   NA   NA,NA   NA   NA   NA
STTD_2013-05-14 09:28:00,5/14/2013 9:28,STTD,2013,D,FALSE,CLR,NA,NA,21.8,0.14,322,NA,8.02,8.29,32,10,Low,880858,885000,4142,4142,27.25069259,27.25069259,1,"used motor, flood tide/beginning of ebb",NA,Terrestrial Insects,64,Order,Diptera,Diptera,Adults,1,0.037,0.037,NA,NA,NA,NA,NA,NA,NA,NA,NA,NA,NA   NA   NA   NA,NA   NA   NA   NA
STTD_2013-05-14 09:28:00,5/14/2013 9:28,STTD,2013,D,FALSE,CLR,NA,NA,21.8,0.14,322,NA,8.02,8.29,32,10,Low,880858,885000,4142,4142,27.25069259,27.25069259,1,"used motor, flood tide/beginning of ebb",NA,Terrestrial Insects,66,Order,Hymenoptera,Hymenoptera,Adults,5,0.183,0.183,NA,NA,NA,NA,NA,NA,NA,NA,NA,NA,NA   NA   NA   NA,NA   NA   NA   NA
STTD_2013-05-14 09:28:00,5/14/2013 9:28,STTD,2013,D,FALSE,CLR,NA,NA,21.8,0.14,322,NA,8.02,8.29,32,10,Low,880858,885000,4142,4142,27.25069259,27.25069259,1,"used motor, flood tide/beginning of ebb",NA,Terrestrial Non-Insects,58,Suborder,Araneida,Araneida,NotDetermined,1,0.037,0.037,NA,NA,NA,NA,NA,NA,NA,NA,NA,NA,NA   NA   NA   NA,NA   NA   NA   NA
STTD_2013-05-14 09:28:00,5/14/2013 9:28,STTD,2013,D,FALSE,CLR,NA,NA,21.8,0.14,322,NA,8.02,8.29,32,10,Low,880858,885000,4142,4142,27.25069259,27.25069259,1,"used motor, flood tide/beginning of ebb",NA,Aquatic Non-Insects,175,Family,Atherinopsidae,Atherinopsidae,Larvae,0,0,0,NA,NA,NA,NA,NA,NA,NA,NA,NA,NA,NA   NA   NA   NA,NA   NA   NA   NA
STTD_2013-05-14 09:28:00,5/14/2013 9:28,STTD,2013,D,FALSE,CLR,NA,NA,21.8,0.14,322,NA,8.02,8.29,32,10,Low,880858,885000,4142,4142,27.25069259,27.25069259,1,"used motor, flood tide/beginning of ebb",NA,Aquatic Non-Insects,175,Family,Atherinopsidae,Atherinopsidae,Pupae,0,0,0,NA,NA,NA,NA,NA,NA,NA,NA,NA,NA,NA   NA   NA   NA,NA   NA   NA   NA
STTD_2013-05-14 09:28:00,5/14/2013 9:28,STTD,2013,D,FALSE,CLR,NA,NA,21.8,0.14,322,NA,8.02,8.29,32,10,Low,880858,885000,4142,4142,27.25069259,27.25069259,1,"used motor, flood tide/beginning of ebb",NA,Aquatic Non-Insects,175,Family,Atherinopsidae,Atherinopsidae,Nymphs,0,0,0,NA,NA,NA,NA,NA,NA,NA,NA,NA,NA,NA   NA   NA   NA,NA   NA   NA   NA
STTD_2013-05-14 09:28:00,5/14/2013 9:28,STTD,2013,D,FALSE,CLR,NA,NA,21.8,0.14,322,NA,8.02,8.29,32,10,Low,880858,885000,4142,4142,27.25069259,27.25069259,1,"used motor, flood tide/beginning of ebb",NA,Aquatic Non-Insects,175,Family,Atherinopsidae,Atherinopsidae,Emergents,0,0,0,NA,NA,NA,NA,NA,NA,NA,NA,NA,NA,NA   NA   NA   NA,NA   NA   NA   NA
STTD_2013-05-14 09:28:00,5/14/2013 9:28,STTD,2013,D,FALSE,CLR,NA,NA,21.8,0.14,322,NA,8.02,8.29,32,10,Low,880858,885000,4142,4142,27.25069259,27.25069259,1,"used motor, flood tide/beginning of ebb",NA,Aquatic Non-Insects,175,Family,Atherinopsidae,Atherinopsidae,Adults,0,0,0,NA,NA,NA,NA,NA,NA,NA,NA,NA,NA,NA   NA   NA   NA,NA   NA   NA   NA
STTD_2013-05-14 09:28:00,5/14/2013 9:28,STTD,2013,D,FALSE,CLR,NA,NA,21.8,0.14,322,NA,8.02,8.29,32,10,Low,880858,885000,4142,4142,27.25069259,27.25069259,1,"used motor, flood tide/beginning of ebb",NA,Aquatic Non-Insects,175,Family,Atherinopsidae,Atherinopsidae,NotDetermined,51,1.872,1.872,NA,NA,NA,NA,NA,NA,NA,NA,NA,NA,NA   NA   NA   NA,NA   NA   NA   NA
SHR_2013-05-15 09:13:00,5/15/2013 9:13,SHR,2013,D,FALSE,CLR,NA,NA,20.9,1.1,120,NA,8.98,7.73,9,10,Low,874524,880000,5476,5476,36.02723144,36.02723144,1,tow with motor,NA,Aquatic Insects,34,Family,Chironomidae,Chironomidae,Pupae,2,0.056,0.056,NA,NA,NA,NA,NA,NA,NA,NA,NA,NA,NA   NA   NA   NA,NA   NA   NA   NA
SHR_2013-05-15 09:13:00,5/15/2013 9:13,SHR,2013,D,FALSE,CLR,NA,NA,20.9,1.1,120,NA,8.98,7.73,9,10,Low,874524,880000,5476,5476,36.02723144,36.02723144,1,tow with motor,NA,Aquatic Insects,34,Family,Chironomidae,Chironomidae,Adults,5,0.139,0.139,NA,NA,NA,NA,NA,NA,NA,NA,NA,NA,NA   NA   NA   NA,NA   NA   NA   NA
SHR_2013-05-15 09:13:00,5/15/2013 9:13,SHR,2013,D,FALSE,CLR,NA,NA,20.9,1.1,120,NA,8.98,7.73,9,10,Low,874524,880000,5476,5476,36.02723144,36.02723144,1,tow with motor,NA,Aquatic Non-Insects,9,Family,Corophiidae,Corophiidae,NotDetermined,1,0.028,0.028,NA,NA,NA,NA,NA,NA,NA,NA,NA,NA,NA   NA   NA   NA,NA   NA   NA   NA
SHR_2013-05-30 09:32:00,5/30/2013 9:32,SHR,2013,D,FALSE,CLR,NA,NA,19.9,NA,151,NA,7.37,9.5,12.2,10,Low,875230,880000,4770,4770,31.38237654,31.38237654,1,tow on boat,NA,Aquatic Insects,41,Family,Baetidae,Baetidae,Larvae,1,0.032,0.032,NA,NA,NA,NA,NA,NA,NA,NA,NA,NA,NA   NA   NA   NA,NA   NA   NA   NA
SHR_2013-05-30 09:32:00,5/30/2013 9:32,SHR,2013,D,FALSE,CLR,NA,NA,19.9,NA,151,NA,7.37,9.5,12.2,10,Low,875230,880000,4770,4770,31.38237654,31.38237654,1,tow on boat,NA,Aquatic Insects,88,Family,Hydroptilidae,Hydroptilidae,Adults,3,0.096,0.096,NA,NA,NA,NA,NA,NA,NA,NA,NA,NA,NA   NA   NA   NA,NA   NA   NA   NA
SHR_2013-05-30 09:32:00,5/30/2013 9:32,SHR,2013,D,FALSE,CLR,NA,NA,19.9,NA,151,NA,7.37,9.5,12.2,10,Low,875230,880000,4770,4770,31.38237654,31.38237654,1,tow on boat,NA,Aquatic Insects,56,Family,Leptoceridae,Leptoceridae,Adults,1,0.032,0.032,NA,NA,NA,NA,NA,NA,NA,NA,NA,NA,NA   NA   NA   NA,NA   NA   NA   NA
SHR_2013-05-30 09:32:00,5/30/2013 9:32,SHR,2013,D,FALSE,CLR,NA,NA,19.9,NA,151,NA,7.37,9.5,12.2,10,Low,875230,880000,4770,4770,31.38237654,31.38237654,1,tow on boat,NA,Aquatic Insects,46,Family,Coenagrionidae,Coenagrionidae,Larvae,1,0.032,0.032,NA,NA,NA,NA,NA,NA,NA,NA,NA,NA,NA   NA   NA   NA,NA   NA   NA   NA
SHR_2013-05-30 09:32:00,5/30/2013 9:32,SHR,2013,D,FALSE,CLR,NA,NA,19.9,NA,151,NA,7.37,9.5,12.2,10,Low,875230,880000,4770,4770,31.38237654,31.38237654,1,tow on boat,NA,Aquatic Insects,111,Family,Belostomatidae,Belostomatidae,Larvae,1,0.032,0.032,NA,NA,NA,NA,NA,NA,NA,NA,NA,NA,NA   NA   NA   NA,NA   NA   NA   NA
SHR_2013-05-30 09:32:00,5/30/2013 9:32,SHR,2013,D,FALSE,CLR,NA,NA,19.9,NA,151,NA,7.37,9.5,12.2,10,Low,875230,880000,4770,4770,31.38237654,31.38237654,1,tow on boat,NA,Aquatic Insects,44,Family,Corixidae,Corixidae,Larvae,8,0.255,0.255,NA,NA,NA,NA,NA,NA,NA,NA,NA,NA,NA   NA   NA   NA,NA   NA   NA   NA
SHR_2013-05-30 09:32:00,5/30/2013 9:32,SHR,2013,D,FALSE,CLR,NA,NA,19.9,NA,151,NA,7.37,9.5,12.2,10,Low,875230,880000,4770,4770,31.38237654,31.38237654,1,tow on boat,NA,Aquatic Insects,34,Family,Chironomidae,Chironomidae,Larvae,303,9.655,9.655,NA,NA,NA,NA,NA,NA,NA,NA,NA,NA,NA   NA   NA   NA,NA   NA   NA   NA
SHR_2013-05-30 09:32:00,5/30/2013 9:32,SHR,2013,D,FALSE,CLR,NA,NA,19.9,NA,151,NA,7.37,9.5,12.2,10,Low,875230,880000,4770,4770,31.38237654,31.38237654,1,tow on boat,NA,Aquatic Insects,34,Family,Chironomidae,Chironomidae,Pupae,8,0.255,0.255,NA,NA,NA,NA,NA,NA,NA,NA,NA,NA,NA   NA   NA   NA,NA   NA   NA   NA
SHR_2013-05-30 09:32:00,5/30/2013 9:32,SHR,2013,D,FALSE,CLR,NA,NA,19.9,NA,151,NA,7.37,9.5,12.2,10,Low,875230,880000,4770,4770,31.38237654,31.38237654,1,tow on boat,NA,Aquatic Insects,34,Family,Chironomidae,Chironomidae,Adults,380,12.109,12.109,NA,NA,NA,NA,NA,NA,NA,NA,NA,NA,NA   NA   NA   NA,NA   NA   NA   NA
SHR_2013-05-30 09:32:00,5/30/2013 9:32,SHR,2013,D,FALSE,CLR,NA,NA,19.9,NA,151,NA,7.37,9.5,12.2,10,Low,875230,880000,4770,4770,31.38237654,31.38237654,1,tow on boat,NA,Aquatic Insects,32,Family,Ceratopogonidae,Ceratopogonidae,Larvae,1,0.032,0.032,NA,NA,NA,NA,NA,NA,NA,NA,NA,NA,NA   NA   NA   NA,NA   NA   NA   NA
SHR_2013-05-30 09:32:00,5/30/2013 9:32,SHR,2013,D,FALSE,CLR,NA,NA,19.9,NA,151,NA,7.37,9.5,12.2,10,Low,875230,880000,4770,4770,31.38237654,31.38237654,1,tow on boat,NA,Aquatic Insects,32,Family,Ceratopogonidae,Ceratopogonidae,Pupae,3,0.096,0.096,NA,NA,NA,NA,NA,NA,NA,NA,NA,NA,NA   NA   NA   NA,NA   NA   NA   NA
SHR_2013-05-30 09:32:00,5/30/2013 9:32,SHR,2013,D,FALSE,CLR,NA,NA,19.9,NA,151,NA,7.37,9.5,12.2,10,Low,875230,880000,4770,4770,31.38237654,31.38237654,1,tow on boat,NA,Aquatic Insects,32,Family,Ceratopogonidae,Ceratopogonidae,Adults,2,0.064,0.064,NA,NA,NA,NA,NA,NA,NA,NA,NA,NA,NA   NA   NA   NA,NA   NA   NA   NA
SHR_2013-05-30 09:32:00,5/30/2013 9:32,SHR,2013,D,FALSE,CLR,NA,NA,19.9,NA,151,NA,7.37,9.5,12.2,10,Low,875230,880000,4770,4770,31.38237654,31.38237654,1,tow on boat,NA,Aquatic Insects,37,Family,Psychodidae,Psychodidae,Adults,1,0.032,0.032,NA,NA,NA,NA,NA,NA,NA,NA,NA,NA,NA   NA   NA   NA,NA   NA   NA   NA
SHR_2013-05-30 09:32:00,5/30/2013 9:32,SHR,2013,D,FALSE,CLR,NA,NA,19.9,NA,151,NA,7.37,9.5,12.2,10,Low,875230,880000,4770,4770,31.38237654,31.38237654,1,tow on boat,NA,Aquatic Non-Insects,4,Family,Naididae,Naididae,NotDetermined,7,0.223,0.223,NA,NA,NA,NA,NA,NA,NA,NA,NA,NA,NA   NA   NA   NA,NA   NA   NA   NA
SHR_2013-05-30 09:32:00,5/30/2013 9:32,SHR,2013,D,FALSE,CLR,NA,NA,19.9,NA,151,NA,7.37,9.5,12.2,10,Low,875230,880000,4770,4770,31.38237654,31.38237654,1,tow on boat,NA,Aquatic Non-Insects,20,Family,Physidae,Physidae,NotDetermined,1,0.032,0.032,NA,NA,NA,NA,NA,NA,NA,NA,NA,NA,NA   NA   NA   NA,NA   NA   NA   NA
SHR_2013-05-30 09:32:00,5/30/2013 9:32,SHR,2013,D,FALSE,CLR,NA,NA,19.9,NA,151,NA,7.37,9.5,12.2,10,Low,875230,880000,4770,4770,31.38237654,31.38237654,1,tow on boat,NA,Aquatic Non-Insects,21,Family,Planorbidae,Planorbidae,NotDetermined,4,0.127,0.127,NA,NA,NA,NA,NA,NA,NA,NA,NA,NA,NA   NA   NA   NA,NA   NA   NA   NA
SHR_2013-05-30 09:32:00,5/30/2013 9:32,SHR,2013,D,FALSE,CLR,NA,NA,19.9,NA,151,NA,7.37,9.5,12.2,10,Low,875230,880000,4770,4770,31.38237654,31.38237654,1,tow on boat,NA,Aquatic Non-Insects,13,Family,Mysidae,Mysidae,NotDetermined,1,0.032,0.032,NA,NA,NA,NA,NA,NA,NA,NA,NA,NA,NA   NA   NA   NA,NA   NA   NA   NA
SHR_2013-05-30 09:32:00,5/30/2013 9:32,SHR,2013,D,FALSE,CLR,NA,NA,19.9,NA,151,NA,7.37,9.5,12.2,10,Low,875230,880000,4770,4770,31.38237654,31.38237654,1,tow on boat,NA,Aquatic Non-Insects,18,Family,Hydridae,Hydridae,NotDetermined,3,0.096,0.096,NA,NA,NA,NA,NA,NA,NA,NA,NA,NA,NA   NA   NA   NA,NA   NA   NA   NA
SHR_2013-05-30 09:32:00,5/30/2013 9:32,SHR,2013,D,FALSE,CLR,NA,NA,19.9,NA,151,NA,7.37,9.5,12.2,10,Low,875230,880000,4770,4770,31.38237654,31.38237654,1,tow on boat,NA,Terrestrial Insects,71,Order,Hemiptera,Hemiptera,Larvae,4,0.127,0.127,NA,NA,NA,NA,NA,NA,NA,NA,NA,NA,NA   NA   NA   NA,NA   NA   NA   NA
SHR_2013-05-30 09:32:00,5/30/2013 9:32,SHR,2013,D,FALSE,CLR,NA,NA,19.9,NA,151,NA,7.37,9.5,12.2,10,Low,875230,880000,4770,4770,31.38237654,31.38237654,1,tow on boat,NA,Terrestrial Insects,71,Order,Hemiptera,Hemiptera,Adults,24,0.765,0.765,NA,NA,NA,NA,NA,NA,NA,NA,NA,NA,NA   NA   NA   NA,NA   NA   NA   NA
SHR_2013-05-30 09:32:00,5/30/2013 9:32,SHR,2013,D,FALSE,CLR,NA,NA,19.9,NA,151,NA,7.37,9.5,12.2,10,Low,875230,880000,4770,4770,31.38237654,31.38237654,1,tow on boat,NA,Terrestrial Insects,63,Order,Coleoptera,Coleoptera,Larvae,2,0.064,0.064,NA,NA,NA,NA,NA,NA,NA,NA,NA,NA,NA   NA   NA   NA,NA   NA   NA   NA
SHR_2013-05-30 09:32:00,5/30/2013 9:32,SHR,2013,D,FALSE,CLR,NA,NA,19.9,NA,151,NA,7.37,9.5,12.2,10,Low,875230,880000,4770,4770,31.38237654,31.38237654,1,tow on boat,NA,Terrestrial Insects,63,Order,Coleoptera,Coleoptera,Pupae,16,0.51,0.51,NA,NA,NA,NA,NA,NA,NA,NA,NA,NA,NA   NA   NA   NA,NA   NA   NA   NA
SHR_2013-05-30 09:32:00,5/30/2013 9:32,SHR,2013,D,FALSE,CLR,NA,NA,19.9,NA,151,NA,7.37,9.5,12.2,10,Low,875230,880000,4770,4770,31.38237654,31.38237654,1,tow on boat,NA,Terrestrial Insects,64,Order,Diptera,Diptera,Adults,10,0.319,0.319,NA,NA,NA,NA,NA,NA,NA,NA,NA,NA,NA   NA   NA   NA,NA   NA   NA   NA
SHR_2013-05-30 09:32:00,5/30/2013 9:32,SHR,2013,D,FALSE,CLR,NA,NA,19.9,NA,151,NA,7.37,9.5,12.2,10,Low,875230,880000,4770,4770,31.38237654,31.38237654,1,tow on boat,NA,Terrestrial Insects,66,Order,Hymenoptera,Hymenoptera,Adults,48,1.53,1.53,NA,NA,NA,NA,NA,NA,NA,NA,NA,NA,NA   NA   NA   NA,NA   NA   NA   NA
SHR_2013-05-30 09:32:00,5/30/2013 9:32,SHR,2013,D,FALSE,CLR,NA,NA,19.9,NA,151,NA,7.37,9.5,12.2,10,Low,875230,880000,4770,4770,31.38237654,31.38237654,1,tow on boat,NA,Terrestrial Insects,67,Order,Psocoptera,Psocoptera,Adults,1,0.032,0.032,NA,NA,NA,NA,NA,NA,NA,NA,NA,NA,NA   NA   NA   NA,NA   NA   NA   NA
SHR_2013-05-30 09:32:00,5/30/2013 9:32,SHR,2013,D,FALSE,CLR,NA,NA,19.9,NA,151,NA,7.37,9.5,12.2,10,Low,875230,880000,4770,4770,31.38237654,31.38237654,1,tow on boat,NA,Terrestrial Insects,85,Order,Thysanoptera,Thysanoptera,Adults,9,0.287,0.287,NA,NA,NA,NA,NA,NA,NA,NA,NA,NA,NA   NA   NA   NA,NA   NA   NA   NA
SHR_2013-05-30 09:32:00,5/30/2013 9:32,SHR,2013,D,FALSE,CLR,NA,NA,19.9,NA,151,NA,7.37,9.5,12.2,10,Low,875230,880000,4770,4770,31.38237654,31.38237654,1,tow on boat,NA,Terrestrial Non-Insects,58,Suborder,Araneida,Araneida,Adults,7,0.223,0.223,NA,NA,NA,NA,NA,NA,NA,NA,NA,NA,NA   NA   NA   NA,NA   NA   NA   NA
STTD_2013-05-31 08:45:00,5/31/2013 8:45,STTD,2013,D,FALSE,CLR,NA,NA,21.1,0.15,266,NA,7.84,7.94,162,10,Low,873967,875000,1033,1033,6.79622536,6.79622536,1,NA,NA,Aquatic Non-Insects,19,Family,Corbiculidae,Corbiculidae,NotDetermined,1,0.147,0.147,NA,NA,NA,NA,NA,NA,NA,NA,NA,NA,NA   NA   NA   NA,NA   NA   NA   NA
STTD_2013-05-31 08:45:00,5/31/2013 8:45,STTD,2013,D,FALSE,CLR,NA,NA,21.1,0.15,266,NA,7.84,7.94,162,10,Low,873967,875000,1033,1033,6.79622536,6.79622536,1,NA,NA,Aquatic Non-Insects,9,Family,Corophiidae,Corophiidae,NotDetermined,1,0.147,0.147,NA,NA,NA,NA,NA,NA,NA,NA,NA,NA,NA   NA   NA   NA,NA   NA   NA   NA
STTD_2013-05-31 08:45:00,5/31/2013 8:45,STTD,2013,D,FALSE,CLR,NA,NA,21.1,0.15,266,NA,7.84,7.94,162,10,Low,873967,875000,1033,1033,6.79622536,6.79622536,1,NA,NA,Aquatic Non-Insects,11,Family,Gammaridae,Gammaridae,NotDetermined,1,0.147,0.147,NA,NA,NA,NA,NA,NA,NA,NA,NA,NA,NA   NA   NA   NA,NA   NA   NA   NA
STTD_2013-05-31 08:45:00,5/31/2013 8:45,STTD,2013,D,FALSE,CLR,NA,NA,21.1,0.15,266,NA,7.84,7.94,162,10,Low,873967,875000,1033,1033,6.79622536,6.79622536,1,NA,NA,Aquatic Non-Insects,13,Family,Mysidae,Mysidae,NotDetermined,7,1.03,1.03,NA,NA,NA,NA,NA,NA,NA,NA,NA,NA,NA   NA   NA   NA,NA   NA   NA   NA
STTD_2013-05-31 08:45:00,5/31/2013 8:45,STTD,2013,D,FALSE,CLR,NA,NA,21.1,0.15,266,NA,7.84,7.94,162,10,Low,873967,875000,1033,1033,6.79622536,6.79622536,1,NA,NA,Aquatic Non-Insects,119,Family,Limnesiidae,Limnesiidae,NotDetermined,1,0.147,0.147,NA,NA,NA,NA,NA,NA,NA,NA,NA,NA,NA   NA   NA   NA,NA   NA   NA   NA
STTD_2013-05-31 08:45:00,5/31/2013 8:45,STTD,2013,D,FALSE,CLR,NA,NA,21.1,0.15,266,NA,7.84,7.94,162,10,Low,873967,875000,1033,1033,6.79622536,6.79622536,1,NA,NA,Terrestrial Insects,71,Order,Hemiptera,Hemiptera,Adults,1,0.147,0.147,NA,NA,NA,NA,NA,NA,NA,NA,NA,NA,NA   NA   NA   NA,NA   NA   NA   NA
STTD_2013-05-31 08:45:00,5/31/2013 8:45,STTD,2013,D,FALSE,CLR,NA,NA,21.1,0.15,266,NA,7.84,7.94,162,10,Low,873967,875000,1033,1033,6.79622536,6.79622536,1,NA,NA,Terrestrial Insects,63,Order,Coleoptera,Coleoptera,Adults,1,0.147,0.147,NA,NA,NA,NA,NA,NA,NA,NA,NA,NA,NA   NA   NA   NA,NA   NA   NA   NA
STTD_2013-05-31 08:45:00,5/31/2013 8:45,STTD,2013,D,FALSE,CLR,NA,NA,21.1,0.15,266,NA,7.84,7.94,162,10,Low,873967,875000,1033,1033,6.79622536,6.79622536,1,NA,NA,Aquatic Non-Insects,150,Family,Gobiidae,Unidentified goby,NotDetermined,2,0.294,0.294,NA,NA,NA,NA,NA,NA,NA,NA,NA,NA,NA   NA   NA   NA,NA   NA   NA   NA
STTD_2013-05-31 08:45:00,5/31/2013 8:45,STTD,2013,D,FALSE,CLR,NA,NA,21.1,0.15,266,NA,7.84,7.94,162,10,Low,873967,875000,1033,1033,6.79622536,6.79622536,1,NA,NA,Aquatic Non-Insects,149,Family,Clupeidae,Clupeidae,NotDetermined,1,0.147,0.147,NA,NA,NA,NA,NA,NA,NA,NA,NA,NA,NA   NA   NA   NA,NA   NA   NA   NA
STTD_2013-06-11 10:24:00,6/11/2013 10:24,STTD,2013,D,FALSE,CLR,NA,NA,21.4,0.14,228,NA,7.79,8.58,113,10,Low,872140,873900,1760,1760,11.57924166,11.57924166,1,NA,NA,Aquatic Insects,44,Family,Corixidae,Corixidae,Adults,1,0.086,0.086,NA,NA,NA,NA,NA,NA,NA,NA,NA,NA,NA   NA   NA   NA,NA   NA   NA   NA
STTD_2013-06-11 10:24:00,6/11/2013 10:24,STTD,2013,D,FALSE,CLR,NA,NA,21.4,0.14,228,NA,7.79,8.58,113,10,Low,872140,873900,1760,1760,11.57924166,11.57924166,1,NA,NA,Aquatic Insects,95,Family,Veliidae,Veliidae,Larvae,1,0.086,0.086,NA,NA,NA,NA,NA,NA,NA,NA,NA,NA,NA   NA   NA   NA,NA   NA   NA   NA
STTD_2013-06-11 10:24:00,6/11/2013 10:24,STTD,2013,D,FALSE,CLR,NA,NA,21.4,0.14,228,NA,7.79,8.58,113,10,Low,872140,873900,1760,1760,11.57924166,11.57924166,1,NA,NA,Aquatic Insects,34,Family,Chironomidae,Chironomidae,Adults,1,0.086,0.086,NA,NA,NA,NA,NA,NA,NA,NA,NA,NA,NA   NA   NA   NA,NA   NA   NA   NA
STTD_2013-06-11 10:24:00,6/11/2013 10:24,STTD,2013,D,FALSE,CLR,NA,NA,21.4,0.14,228,NA,7.79,8.58,113,10,Low,872140,873900,1760,1760,11.57924166,11.57924166,1,NA,NA,Aquatic Non-Insects,11,Family,Gammaridae,Gammaridae,NotDetermined,1,0.086,0.086,NA,NA,NA,NA,NA,NA,NA,NA,NA,NA,NA   NA   NA   NA,NA   NA   NA   NA
STTD_2013-06-11 10:24:00,6/11/2013 10:24,STTD,2013,D,FALSE,CLR,NA,NA,21.4,0.14,228,NA,7.79,8.58,113,10,Low,872140,873900,1760,1760,11.57924166,11.57924166,1,NA,NA,Aquatic Non-Insects,15,Family,Hyalellidae,Hyalellidae,NotDetermined,2,0.173,0.173,NA,NA,NA,NA,NA,NA,NA,NA,NA,NA,NA   NA   NA   NA,NA   NA   NA   NA
STTD_2013-06-11 10:24:00,6/11/2013 10:24,STTD,2013,D,FALSE,CLR,NA,NA,21.4,0.14,228,NA,7.79,8.58,113,10,Low,872140,873900,1760,1760,11.57924166,11.57924166,1,NA,NA,Aquatic Non-Insects,149,Family,Clupeidae,Clupeidae,NotDetermined,23,1.986,1.986,NA,NA,NA,NA,NA,NA,NA,NA,NA,NA,NA   NA   NA   NA,NA   NA   NA   NA
STTD_2013-06-11 10:24:00,6/11/2013 10:24,STTD,2013,D,FALSE,CLR,NA,NA,21.4,0.14,228,NA,7.79,8.58,113,10,Low,872140,873900,1760,1760,11.57924166,11.57924166,1,NA,NA,Terrestrial Insects,71,Order,Hemiptera,Hemiptera,Larvae,3,0.259,0.259,NA,NA,NA,NA,NA,NA,NA,NA,NA,NA,NA   NA   NA   NA,NA   NA   NA   NA
STTD_2013-06-11 10:24:00,6/11/2013 10:24,STTD,2013,D,FALSE,CLR,NA,NA,21.4,0.14,228,NA,7.79,8.58,113,10,Low,872140,873900,1760,1760,11.57924166,11.57924166,1,NA,NA,Terrestrial Insects,64,Order,Diptera,Diptera,Adults,1,0.086,0.086,NA,NA,NA,NA,NA,NA,NA,NA,NA,NA,NA   NA   NA   NA,NA   NA   NA   NA
STTD_2013-06-11 10:24:00,6/11/2013 10:24,STTD,2013,D,FALSE,CLR,NA,NA,21.4,0.14,228,NA,7.79,8.58,113,10,Low,872140,873900,1760,1760,11.57924166,11.57924166,1,NA,NA,Terrestrial Insects,66,Order,Hymenoptera,Hymenoptera,Adults,1,0.086,0.086,NA,NA,NA,NA,NA,NA,NA,NA,NA,NA,NA   NA   NA   NA,NA   NA   NA   NA
STTD_2013-06-11 10:24:00,6/11/2013 10:24,STTD,2013,D,FALSE,CLR,NA,NA,21.4,0.14,228,NA,7.79,8.58,113,10,Low,872140,873900,1760,1760,11.57924166,11.57924166,1,NA,NA,Terrestrial Insects,67,Order,Psocoptera,Psocoptera,Adults,1,0.086,0.086,NA,NA,NA,NA,NA,NA,NA,NA,NA,NA,NA   NA   NA   NA,NA   NA   NA   NA
STTD_2013-06-11 10:24:00,6/11/2013 10:24,STTD,2013,D,FALSE,CLR,NA,NA,21.4,0.14,228,NA,7.79,8.58,113,10,Low,872140,873900,1760,1760,11.57924166,11.57924166,1,NA,NA,Terrestrial Non-Insects,58,Suborder,Araneida,Araneida,NotDetermined,1,0.086,0.086,NA,NA,NA,NA,NA,NA,NA,NA,NA,NA,NA   NA   NA   NA,NA   NA   NA   NA
STTD_2013-06-11 10:24:00,6/11/2013 10:24,STTD,2013,D,FALSE,CLR,NA,NA,21.4,0.14,228,NA,7.79,8.58,113,10,Low,872140,873900,1760,1760,11.57924166,11.57924166,1,NA,NA,Aquatic Non-Insects,175,Family,Atherinopsidae,Atherinopsidae,Larvae,0,0,0,NA,NA,NA,NA,NA,NA,NA,NA,NA,NA,NA   NA   NA   NA,NA   NA   NA   NA
STTD_2013-06-11 10:24:00,6/11/2013 10:24,STTD,2013,D,FALSE,CLR,NA,NA,21.4,0.14,228,NA,7.79,8.58,113,10,Low,872140,873900,1760,1760,11.57924166,11.57924166,1,NA,NA,Aquatic Non-Insects,175,Family,Atherinopsidae,Atherinopsidae,Pupae,0,0,0,NA,NA,NA,NA,NA,NA,NA,NA,NA,NA,NA   NA   NA   NA,NA   NA   NA   NA
STTD_2013-06-11 10:24:00,6/11/2013 10:24,STTD,2013,D,FALSE,CLR,NA,NA,21.4,0.14,228,NA,7.79,8.58,113,10,Low,872140,873900,1760,1760,11.57924166,11.57924166,1,NA,NA,Aquatic Non-Insects,175,Family,Atherinopsidae,Atherinopsidae,Nymphs,0,0,0,NA,NA,NA,NA,NA,NA,NA,NA,NA,NA,NA   NA   NA   NA,NA   NA   NA   NA
STTD_2013-06-11 10:24:00,6/11/2013 10:24,STTD,2013,D,FALSE,CLR,NA,NA,21.4,0.14,228,NA,7.79,8.58,113,10,Low,872140,873900,1760,1760,11.57924166,11.57924166,1,NA,NA,Aquatic Non-Insects,175,Family,Atherinopsidae,Atherinopsidae,Emergents,0,0,0,NA,NA,NA,NA,NA,NA,NA,NA,NA,NA,NA   NA   NA   NA,NA   NA   NA   NA
STTD_2013-06-11 10:24:00,6/11/2013 10:24,STTD,2013,D,FALSE,CLR,NA,NA,21.4,0.14,228,NA,7.79,8.58,113,10,Low,872140,873900,1760,1760,11.57924166,11.57924166,1,NA,NA,Aquatic Non-Insects,175,Family,Atherinopsidae,Atherinopsidae,Adults,0,0,0,NA,NA,NA,NA,NA,NA,NA,NA,NA,NA,NA   NA   NA   NA,NA   NA   NA   NA
STTD_2013-06-11 10:24:00,6/11/2013 10:24,STTD,2013,D,FALSE,CLR,NA,NA,21.4,0.14,228,NA,7.79,8.58,113,10,Low,872140,873900,1760,1760,11.57924166,11.57924166,1,NA,NA,Aquatic Non-Insects,175,Family,Atherinopsidae,Atherinopsidae,NotDetermined,25,2.159,2.159,NA,NA,NA,NA,NA,NA,NA,NA,NA,NA,NA   NA   NA   NA,NA   NA   NA   NA
SHR_2013-06-26 09:30:00,6/26/2013 9:30,SHR,2013,D,FALSE,CLR,NA,NA,19.3,NA,117,NA,7.54,11.08,6.5,10,Low,862052,867000,4948,4948,32.55345894,32.55345894,1,"jet boat used / Lid broke in shipment, sample recovered, possible cross contaimination",NA,Aquatic Insects,144,Order,Ephemeroptera,Ephemerpotera,Adults,2,0.061,0.061,3,SECCHI,NA,NA,3,LAB,NA,NA,NA,NA,NA   3   NA   NA,NA   LAB   NA   NA
SHR_2013-06-26 09:30:00,6/26/2013 9:30,SHR,2013,D,FALSE,CLR,NA,NA,19.3,NA,117,NA,7.54,11.08,6.5,10,Low,862052,867000,4948,4948,32.55345894,32.55345894,1,"jet boat used / Lid broke in shipment, sample recovered, possible cross contaimination",NA,Aquatic Insects,48,Family,Hydropsychidae,Hydropsychidae,Adults,1,0.031,0.031,3,SECCHI,NA,NA,3,LAB,NA,NA,NA,NA,NA   3   NA   NA,NA   LAB   NA   NA
SHR_2013-06-26 09:30:00,6/26/2013 9:30,SHR,2013,D,FALSE,CLR,NA,NA,19.3,NA,117,NA,7.54,11.08,6.5,10,Low,862052,867000,4948,4948,32.55345894,32.55345894,1,"jet boat used / Lid broke in shipment, sample recovered, possible cross contaimination",NA,Aquatic Insects,56,Family,Leptoceridae,Leptoceridae,Larvae,9,0.276,0.276,3,SECCHI,NA,NA,3,LAB,NA,NA,NA,NA,NA   3   NA   NA,NA   LAB   NA   NA
SHR_2013-06-26 09:30:00,6/26/2013 9:30,SHR,2013,D,FALSE,CLR,NA,NA,19.3,NA,117,NA,7.54,11.08,6.5,10,Low,862052,867000,4948,4948,32.55345894,32.55345894,1,"jet boat used / Lid broke in shipment, sample recovered, possible cross contaimination",NA,Aquatic Insects,46,Family,Coenagrionidae,Coenagrionidae,Larvae,1,0.031,0.031,3,SECCHI,NA,NA,3,LAB,NA,NA,NA,NA,NA   3   NA   NA,NA   LAB   NA   NA
SHR_2013-06-26 09:30:00,6/26/2013 9:30,SHR,2013,D,FALSE,CLR,NA,NA,19.3,NA,117,NA,7.54,11.08,6.5,10,Low,862052,867000,4948,4948,32.55345894,32.55345894,1,"jet boat used / Lid broke in shipment, sample recovered, possible cross contaimination",NA,Aquatic Insects,44,Family,Corixidae,Corixidae,Larvae,2,0.061,0.061,3,SECCHI,NA,NA,3,LAB,NA,NA,NA,NA,NA   3   NA   NA,NA   LAB   NA   NA
SHR_2013-06-26 09:30:00,6/26/2013 9:30,SHR,2013,D,FALSE,CLR,NA,NA,19.3,NA,117,NA,7.54,11.08,6.5,10,Low,862052,867000,4948,4948,32.55345894,32.55345894,1,"jet boat used / Lid broke in shipment, sample recovered, possible cross contaimination",NA,Aquatic Insects,44,Family,Corixidae,Corixidae,Adults,1,0.031,0.031,3,SECCHI,NA,NA,3,LAB,NA,NA,NA,NA,NA   3   NA   NA,NA   LAB   NA   NA
SHR_2013-06-26 09:30:00,6/26/2013 9:30,SHR,2013,D,FALSE,CLR,NA,NA,19.3,NA,117,NA,7.54,11.08,6.5,10,Low,862052,867000,4948,4948,32.55345894,32.55345894,1,"jet boat used / Lid broke in shipment, sample recovered, possible cross contaimination",NA,Aquatic Insects,34,Family,Chironomidae,Chironomidae,Larvae,392,12.042,12.042,3,SECCHI,NA,NA,3,LAB,NA,NA,NA,NA,NA   3   NA   NA,NA   LAB   NA   NA
SHR_2013-06-26 09:30:00,6/26/2013 9:30,SHR,2013,D,FALSE,CLR,NA,NA,19.3,NA,117,NA,7.54,11.08,6.5,10,Low,862052,867000,4948,4948,32.55345894,32.55345894,1,"jet boat used / Lid broke in shipment, sample recovered, possible cross contaimination",NA,Aquatic Insects,34,Family,Chironomidae,Chironomidae,Adults,14,0.43,0.43,3,SECCHI,NA,NA,3,LAB,NA,NA,NA,NA,NA   3   NA   NA,NA   LAB   NA   NA
SHR_2013-06-26 09:30:00,6/26/2013 9:30,SHR,2013,D,FALSE,CLR,NA,NA,19.3,NA,117,NA,7.54,11.08,6.5,10,Low,862052,867000,4948,4948,32.55345894,32.55345894,1,"jet boat used / Lid broke in shipment, sample recovered, possible cross contaimination",NA,Aquatic Insects,32,Family,Ceratopogonidae,Ceratopogonidae,Pupae,6,0.184,0.184,3,SECCHI,NA,NA,3,LAB,NA,NA,NA,NA,NA   3   NA   NA,NA   LAB   NA   NA
SHR_2013-06-26 09:30:00,6/26/2013 9:30,SHR,2013,D,FALSE,CLR,NA,NA,19.3,NA,117,NA,7.54,11.08,6.5,10,Low,862052,867000,4948,4948,32.55345894,32.55345894,1,"jet boat used / Lid broke in shipment, sample recovered, possible cross contaimination",NA,Aquatic Non-Insects,20,Family,Physidae,Physidae,NotDetermined,1,0.031,0.031,3,SECCHI,NA,NA,3,LAB,NA,NA,NA,NA,NA   3   NA   NA,NA   LAB   NA   NA
SHR_2013-06-26 09:30:00,6/26/2013 9:30,SHR,2013,D,FALSE,CLR,NA,NA,19.3,NA,117,NA,7.54,11.08,6.5,10,Low,862052,867000,4948,4948,32.55345894,32.55345894,1,"jet boat used / Lid broke in shipment, sample recovered, possible cross contaimination",NA,Aquatic Non-Insects,21,Family,Planorbidae,Planorbidae,NotDetermined,2,0.061,0.061,3,SECCHI,NA,NA,3,LAB,NA,NA,NA,NA,NA   3   NA   NA,NA   LAB   NA   NA
SHR_2013-06-26 09:30:00,6/26/2013 9:30,SHR,2013,D,FALSE,CLR,NA,NA,19.3,NA,117,NA,7.54,11.08,6.5,10,Low,862052,867000,4948,4948,32.55345894,32.55345894,1,"jet boat used / Lid broke in shipment, sample recovered, possible cross contaimination",NA,Aquatic Non-Insects,15,Family,Hyalellidae,Hyalellidae,NotDetermined,1,0.031,0.031,3,SECCHI,NA,NA,3,LAB,NA,NA,NA,NA,NA   3   NA   NA,NA   LAB   NA   NA
SHR_2013-06-26 09:30:00,6/26/2013 9:30,SHR,2013,D,FALSE,CLR,NA,NA,19.3,NA,117,NA,7.54,11.08,6.5,10,Low,862052,867000,4948,4948,32.55345894,32.55345894,1,"jet boat used / Lid broke in shipment, sample recovered, possible cross contaimination",NA,Terrestrial Insects,71,Order,Hemiptera,Hemiptera,Adults,4,0.123,0.123,3,SECCHI,NA,NA,3,LAB,NA,NA,NA,NA,NA   3   NA   NA,NA   LAB   NA   NA
SHR_2013-06-26 09:30:00,6/26/2013 9:30,SHR,2013,D,FALSE,CLR,NA,NA,19.3,NA,117,NA,7.54,11.08,6.5,10,Low,862052,867000,4948,4948,32.55345894,32.55345894,1,"jet boat used / Lid broke in shipment, sample recovered, possible cross contaimination",NA,Terrestrial Insects,63,Order,Coleoptera,Coleoptera,Larvae,1,0.031,0.031,3,SECCHI,NA,NA,3,LAB,NA,NA,NA,NA,NA   3   NA   NA,NA   LAB   NA   NA
SHR_2013-06-26 09:30:00,6/26/2013 9:30,SHR,2013,D,FALSE,CLR,NA,NA,19.3,NA,117,NA,7.54,11.08,6.5,10,Low,862052,867000,4948,4948,32.55345894,32.55345894,1,"jet boat used / Lid broke in shipment, sample recovered, possible cross contaimination",NA,Terrestrial Insects,63,Order,Coleoptera,Coleoptera,Adults,1,0.031,0.031,3,SECCHI,NA,NA,3,LAB,NA,NA,NA,NA,NA   3   NA   NA,NA   LAB   NA   NA
SHR_2013-06-26 09:30:00,6/26/2013 9:30,SHR,2013,D,FALSE,CLR,NA,NA,19.3,NA,117,NA,7.54,11.08,6.5,10,Low,862052,867000,4948,4948,32.55345894,32.55345894,1,"jet boat used / Lid broke in shipment, sample recovered, possible cross contaimination",NA,Terrestrial Insects,66,Order,Hymenoptera,Hymenoptera,Adults,5,0.154,0.154,3,SECCHI,NA,NA,3,LAB,NA,NA,NA,NA,NA   3   NA   NA,NA   LAB   NA   NA
SHR_2013-07-12 09:43:00,7/12/2013 9:43,SHR,2013,D,FALSE,CLR,NA,NA,20.7,1.53,106,NA,7.56,11.47,5.6,10,Low,853904,859000,5096,5096,33.5271679,33.5271679,1,tow with jet boat,NA,Aquatic Insects,34,Family,Chironomidae,Chironomidae,Adults,2,0.06,0.06,NA,NA,NA,NA,NA,NA,NA,NA,NA,NA,NA   NA   NA   NA,NA   NA   NA   NA
SHR_2013-07-12 09:43:00,7/12/2013 9:43,SHR,2013,D,FALSE,CLR,NA,NA,20.7,1.53,106,NA,7.56,11.47,5.6,10,Low,853904,859000,5096,5096,33.5271679,33.5271679,1,tow with jet boat,NA,Aquatic Non-Insects,19,Family,Corbiculidae,Corbiculidae,NotDetermined,2,0.06,0.06,NA,NA,NA,NA,NA,NA,NA,NA,NA,NA,NA   NA   NA   NA,NA   NA   NA   NA
SHR_2013-07-25 12:00:00,7/25/2013 12:00,SHR,2013,D,FALSE,CLR,NA,NA,22.3,1.2,124,NA,8.15,9.29,5.4,10,Low,845375,850566,5191,5191,34.15218378,34.15218378,1,NA,NA,Aquatic Insects,56,Family,Leptoceridae,Leptoceridae,Larvae,1,0.029,0.029,NA,NA,NA,NA,NA,NA,NA,NA,NA,NA,NA   NA   NA   NA,NA   NA   NA   NA
SHR_2013-07-25 12:00:00,7/25/2013 12:00,SHR,2013,D,FALSE,CLR,NA,NA,22.3,1.2,124,NA,8.15,9.29,5.4,10,Low,845375,850566,5191,5191,34.15218378,34.15218378,1,NA,NA,Aquatic Insects,44,Family,Corixidae,Corixidae,Larvae,4,0.117,0.117,NA,NA,NA,NA,NA,NA,NA,NA,NA,NA,NA   NA   NA   NA,NA   NA   NA   NA
SHR_2013-07-25 12:00:00,7/25/2013 12:00,SHR,2013,D,FALSE,CLR,NA,NA,22.3,1.2,124,NA,8.15,9.29,5.4,10,Low,845375,850566,5191,5191,34.15218378,34.15218378,1,NA,NA,Aquatic Insects,34,Family,Chironomidae,Chironomidae,Larvae,4,0.117,0.117,NA,NA,NA,NA,NA,NA,NA,NA,NA,NA,NA   NA   NA   NA,NA   NA   NA   NA
SHR_2013-07-25 12:00:00,7/25/2013 12:00,SHR,2013,D,FALSE,CLR,NA,NA,22.3,1.2,124,NA,8.15,9.29,5.4,10,Low,845375,850566,5191,5191,34.15218378,34.15218378,1,NA,NA,Aquatic Insects,34,Family,Chironomidae,Chironomidae,Adults,3,0.088,0.088,NA,NA,NA,NA,NA,NA,NA,NA,NA,NA,NA   NA   NA   NA,NA   NA   NA   NA
SHR_2013-07-25 12:00:00,7/25/2013 12:00,SHR,2013,D,FALSE,CLR,NA,NA,22.3,1.2,124,NA,8.15,9.29,5.4,10,Low,845375,850566,5191,5191,34.15218378,34.15218378,1,NA,NA,Aquatic Non-Insects,19,Family,Corbiculidae,Corbiculidae,NotDetermined,1,0.029,0.029,NA,NA,NA,NA,NA,NA,NA,NA,NA,NA,NA   NA   NA   NA,NA   NA   NA   NA
SHR_2013-07-25 12:00:00,7/25/2013 12:00,SHR,2013,D,FALSE,CLR,NA,NA,22.3,1.2,124,NA,8.15,9.29,5.4,10,Low,845375,850566,5191,5191,34.15218378,34.15218378,1,NA,NA,Aquatic Non-Insects,77,Family,Hygrobatidae,Hygrobatidae,NotDetermined,1,0.029,0.029,NA,NA,NA,NA,NA,NA,NA,NA,NA,NA,NA   NA   NA   NA,NA   NA   NA   NA
SHR_2013-07-25 12:00:00,7/25/2013 12:00,SHR,2013,D,FALSE,CLR,NA,NA,22.3,1.2,124,NA,8.15,9.29,5.4,10,Low,845375,850566,5191,5191,34.15218378,34.15218378,1,NA,NA,Terrestrial Insects,71,Order,Hemiptera,Hemiptera,Adults,3,0.088,0.088,NA,NA,NA,NA,NA,NA,NA,NA,NA,NA,NA   NA   NA   NA,NA   NA   NA   NA
SHR_2013-07-25 12:00:00,7/25/2013 12:00,SHR,2013,D,FALSE,CLR,NA,NA,22.3,1.2,124,NA,8.15,9.29,5.4,10,Low,845375,850566,5191,5191,34.15218378,34.15218378,1,NA,NA,Terrestrial Insects,66,Order,Hymenoptera,Hymenoptera,Adults,6,0.176,0.176,NA,NA,NA,NA,NA,NA,NA,NA,NA,NA,NA   NA   NA   NA,NA   NA   NA   NA
SHR_2013-08-05 10:00:00,8/5/2013 10:00,SHR,2013,D,FALSE,CLR,NA,NA,21,1.1,133,NA,8.04,8.99,7,10,Low,840031,845000,4969,4969,32.69162034,32.69162034,1,NA,NA,Aquatic Insects,56,Family,Leptoceridae,Leptoceridae,Larvae,1,0.031,0.031,NA,NA,NA,NA,NA,NA,NA,NA,NA,NA,NA   NA   NA   NA,NA   NA   NA   NA
SHR_2013-08-05 10:00:00,8/5/2013 10:00,SHR,2013,D,FALSE,CLR,NA,NA,21,1.1,133,NA,8.04,8.99,7,10,Low,840031,845000,4969,4969,32.69162034,32.69162034,1,NA,NA,Aquatic Insects,44,Family,Corixidae,Corixidae,Larvae,1,0.031,0.031,NA,NA,NA,NA,NA,NA,NA,NA,NA,NA,NA   NA   NA   NA,NA   NA   NA   NA
SHR_2013-08-05 10:00:00,8/5/2013 10:00,SHR,2013,D,FALSE,CLR,NA,NA,21,1.1,133,NA,8.04,8.99,7,10,Low,840031,845000,4969,4969,32.69162034,32.69162034,1,NA,NA,Aquatic Insects,34,Family,Chironomidae,Chironomidae,Larvae,185,5.659,5.659,NA,NA,NA,NA,NA,NA,NA,NA,NA,NA,NA   NA   NA   NA,NA   NA   NA   NA
SHR_2013-08-05 10:00:00,8/5/2013 10:00,SHR,2013,D,FALSE,CLR,NA,NA,21,1.1,133,NA,8.04,8.99,7,10,Low,840031,845000,4969,4969,32.69162034,32.69162034,1,NA,NA,Aquatic Insects,34,Family,Chironomidae,Chironomidae,Pupae,3,0.092,0.092,NA,NA,NA,NA,NA,NA,NA,NA,NA,NA,NA   NA   NA   NA,NA   NA   NA   NA
SHR_2013-08-05 10:00:00,8/5/2013 10:00,SHR,2013,D,FALSE,CLR,NA,NA,21,1.1,133,NA,8.04,8.99,7,10,Low,840031,845000,4969,4969,32.69162034,32.69162034,1,NA,NA,Aquatic Insects,34,Family,Chironomidae,Chironomidae,Adults,13,0.398,0.398,NA,NA,NA,NA,NA,NA,NA,NA,NA,NA,NA   NA   NA   NA,NA   NA   NA   NA
SHR_2013-08-05 10:00:00,8/5/2013 10:00,SHR,2013,D,FALSE,CLR,NA,NA,21,1.1,133,NA,8.04,8.99,7,10,Low,840031,845000,4969,4969,32.69162034,32.69162034,1,NA,NA,Aquatic Insects,32,Family,Ceratopogonidae,Ceratopogonidae,Larvae,3,0.092,0.092,NA,NA,NA,NA,NA,NA,NA,NA,NA,NA,NA   NA   NA   NA,NA   NA   NA   NA
SHR_2013-08-05 10:00:00,8/5/2013 10:00,SHR,2013,D,FALSE,CLR,NA,NA,21,1.1,133,NA,8.04,8.99,7,10,Low,840031,845000,4969,4969,32.69162034,32.69162034,1,NA,NA,Aquatic Non-Insects,4,Family,Naididae,Naididae,NotDetermined,2,0.061,0.061,NA,NA,NA,NA,NA,NA,NA,NA,NA,NA,NA   NA   NA   NA,NA   NA   NA   NA
SHR_2013-08-05 10:00:00,8/5/2013 10:00,SHR,2013,D,FALSE,CLR,NA,NA,21,1.1,133,NA,8.04,8.99,7,10,Low,840031,845000,4969,4969,32.69162034,32.69162034,1,NA,NA,Aquatic Non-Insects,15,Family,Hyalellidae,Hyalellidae,NotDetermined,3,0.092,0.092,NA,NA,NA,NA,NA,NA,NA,NA,NA,NA,NA   NA   NA   NA,NA   NA   NA   NA
SHR_2013-08-05 10:00:00,8/5/2013 10:00,SHR,2013,D,FALSE,CLR,NA,NA,21,1.1,133,NA,8.04,8.99,7,10,Low,840031,845000,4969,4969,32.69162034,32.69162034,1,NA,NA,Aquatic Non-Insects,28,Family,Lebertiidae,Lebertiidae,NotDetermined,2,0.061,0.061,NA,NA,NA,NA,NA,NA,NA,NA,NA,NA,NA   NA   NA   NA,NA   NA   NA   NA
SHR_2013-08-05 10:00:00,8/5/2013 10:00,SHR,2013,D,FALSE,CLR,NA,NA,21,1.1,133,NA,8.04,8.99,7,10,Low,840031,845000,4969,4969,32.69162034,32.69162034,1,NA,NA,Aquatic Non-Insects,120,Family,Lebertiidae,Lebertiidae,NotDetermined,2,0.061,0.061,NA,NA,NA,NA,NA,NA,NA,NA,NA,NA,NA   NA   NA   NA,NA   NA   NA   NA
SHR_2013-08-05 10:00:00,8/5/2013 10:00,SHR,2013,D,FALSE,CLR,NA,NA,21,1.1,133,NA,8.04,8.99,7,10,Low,840031,845000,4969,4969,32.69162034,32.69162034,1,NA,NA,Terrestrial Insects,71,Order,Hemiptera,Hemiptera,Larvae,6,0.184,0.184,NA,NA,NA,NA,NA,NA,NA,NA,NA,NA,NA   NA   NA   NA,NA   NA   NA   NA
SHR_2013-08-05 10:00:00,8/5/2013 10:00,SHR,2013,D,FALSE,CLR,NA,NA,21,1.1,133,NA,8.04,8.99,7,10,Low,840031,845000,4969,4969,32.69162034,32.69162034,1,NA,NA,Terrestrial Insects,71,Order,Hemiptera,Hemiptera,Adults,1,0.031,0.031,NA,NA,NA,NA,NA,NA,NA,NA,NA,NA,NA   NA   NA   NA,NA   NA   NA   NA
SHR_2013-08-05 10:00:00,8/5/2013 10:00,SHR,2013,D,FALSE,CLR,NA,NA,21,1.1,133,NA,8.04,8.99,7,10,Low,840031,845000,4969,4969,32.69162034,32.69162034,1,NA,NA,Terrestrial Insects,63,Order,Coleoptera,Coleoptera,Adults,1,0.031,0.031,NA,NA,NA,NA,NA,NA,NA,NA,NA,NA,NA   NA   NA   NA,NA   NA   NA   NA
SHR_2013-08-05 10:00:00,8/5/2013 10:00,SHR,2013,D,FALSE,CLR,NA,NA,21,1.1,133,NA,8.04,8.99,7,10,Low,840031,845000,4969,4969,32.69162034,32.69162034,1,NA,NA,Terrestrial Insects,66,Order,Hymenoptera,Hymenoptera,Adults,1,0.031,0.031,NA,NA,NA,NA,NA,NA,NA,NA,NA,NA,NA   NA   NA   NA,NA   NA   NA   NA
SHR_2013-08-05 10:00:00,8/5/2013 10:00,SHR,2013,D,FALSE,CLR,NA,NA,21,1.1,133,NA,8.04,8.99,7,10,Low,840031,845000,4969,4969,32.69162034,32.69162034,1,NA,NA,Terrestrial Insects,85,Order,Thysanoptera,Thysanoptera,Adults,1,0.031,0.031,NA,NA,NA,NA,NA,NA,NA,NA,NA,NA,NA   NA   NA   NA,NA   NA   NA   NA
SHR_2013-08-05 10:00:00,8/5/2013 10:00,SHR,2013,D,FALSE,CLR,NA,NA,21,1.1,133,NA,8.04,8.99,7,10,Low,840031,845000,4969,4969,32.69162034,32.69162034,1,NA,NA,Terrestrial Non-Insects,58,Suborder,Araneida,Araneida,NotDetermined,1,0.031,0.031,NA,NA,NA,NA,NA,NA,NA,NA,NA,NA,NA   NA   NA   NA,NA   NA   NA   NA
STTD_2013-08-06 11:20:00,8/6/2013 11:20,STTD,2013,D,FALSE,CLR,NA,NA,21.6,0.19,186,NA,8,8.55,77.1,10,Low,832458,837480,5022,5022,33.04031342,33.04031342,1,Microcystis present,NA,Aquatic Insects,34,Family,Chironomidae,Chironomidae,Pupae,1,0.03,0.03,NA,NA,3,SAMP,NA,NA,NA,NA,NA,NA,3   NA   NA   NA,SAMP   NA   NA   NA
STTD_2013-08-06 11:20:00,8/6/2013 11:20,STTD,2013,D,FALSE,CLR,NA,NA,21.6,0.19,186,NA,8,8.55,77.1,10,Low,832458,837480,5022,5022,33.04031342,33.04031342,1,Microcystis present,NA,Aquatic Insects,34,Family,Chironomidae,Chironomidae,Adults,3,0.091,0.091,NA,NA,3,SAMP,NA,NA,NA,NA,NA,NA,3   NA   NA   NA,SAMP   NA   NA   NA
STTD_2013-08-06 11:20:00,8/6/2013 11:20,STTD,2013,D,FALSE,CLR,NA,NA,21.6,0.19,186,NA,8,8.55,77.1,10,Low,832458,837480,5022,5022,33.04031342,33.04031342,1,Microcystis present,NA,Terrestrial Insects,71,Order,Hemiptera,Hemiptera,Larvae,6,0.182,0.182,NA,NA,3,SAMP,NA,NA,NA,NA,NA,NA,3   NA   NA   NA,SAMP   NA   NA   NA
STTD_2013-08-06 11:20:00,8/6/2013 11:20,STTD,2013,D,FALSE,CLR,NA,NA,21.6,0.19,186,NA,8,8.55,77.1,10,Low,832458,837480,5022,5022,33.04031342,33.04031342,1,Microcystis present,NA,Terrestrial Insects,63,Order,Coleoptera,Coleoptera,Larvae,1,0.03,0.03,NA,NA,3,SAMP,NA,NA,NA,NA,NA,NA,3   NA   NA   NA,SAMP   NA   NA   NA
STTD_2013-08-06 11:20:00,8/6/2013 11:20,STTD,2013,D,FALSE,CLR,NA,NA,21.6,0.19,186,NA,8,8.55,77.1,10,Low,832458,837480,5022,5022,33.04031342,33.04031342,1,Microcystis present,NA,Terrestrial Insects,66,Order,Hymenoptera,Hymenoptera,Adults,1,0.03,0.03,NA,NA,3,SAMP,NA,NA,NA,NA,NA,NA,3   NA   NA   NA,SAMP   NA   NA   NA
STTD_2013-08-23 09:36:00,8/23/2013 9:36,STTD,2013,D,FALSE,CLR,NA,NA,21.3,0.14,191,NA,7.94,8.31,68.5,10,Low,828095,832000,3905,3905,25.69144243,25.69144243,1,boat used no motor,NA,Terrestrial Insects,71,Order,Hemiptera,Hemiptera,Larvae,20,0.778,0.778,NA,NA,NA,NA,NA,NA,NA,NA,NA,NA,NA   NA   NA   NA,NA   NA   NA   NA
STTD_2013-08-23 09:36:00,8/23/2013 9:36,STTD,2013,D,FALSE,CLR,NA,NA,21.3,0.14,191,NA,7.94,8.31,68.5,10,Low,828095,832000,3905,3905,25.69144243,25.69144243,1,boat used no motor,NA,Terrestrial Insects,63,Order,Coleoptera,Coleoptera,Larvae,1,0.039,0.039,NA,NA,NA,NA,NA,NA,NA,NA,NA,NA,NA   NA   NA   NA,NA   NA   NA   NA
STTD_2013-08-23 09:36:00,8/23/2013 9:36,STTD,2013,D,FALSE,CLR,NA,NA,21.3,0.14,191,NA,7.94,8.31,68.5,10,Low,828095,832000,3905,3905,25.69144243,25.69144243,1,boat used no motor,NA,Terrestrial Insects,66,Order,Hymenoptera,Hymenoptera,Adults,3,0.117,0.117,NA,NA,NA,NA,NA,NA,NA,NA,NA,NA,NA   NA   NA   NA,NA   NA   NA   NA
STTD_2013-08-23 09:36:00,8/23/2013 9:36,STTD,2013,D,FALSE,CLR,NA,NA,21.3,0.14,191,NA,7.94,8.31,68.5,10,Low,828095,832000,3905,3905,25.69144243,25.69144243,1,boat used no motor,NA,Terrestrial Non-Insects,58,Suborder,Araneida,Araneida,NotDetermined,1,0.039,0.039,NA,NA,NA,NA,NA,NA,NA,NA,NA,NA,NA   NA   NA   NA,NA   NA   NA   NA
STTD_2013-08-23 09:36:00,8/23/2013 9:36,STTD,2013,D,FALSE,CLR,NA,NA,21.3,0.14,191,NA,7.94,8.31,68.5,10,Low,828095,832000,3905,3905,25.69144243,25.69144243,1,boat used no motor,NA,Aquatic Non-Insects,188,Superfamily,Truncatelloidea,Truncatelloidea,Larvae,0,0,0,NA,NA,NA,NA,NA,NA,NA,NA,NA,NA,NA   NA   NA   NA,NA   NA   NA   NA
STTD_2013-08-23 09:36:00,8/23/2013 9:36,STTD,2013,D,FALSE,CLR,NA,NA,21.3,0.14,191,NA,7.94,8.31,68.5,10,Low,828095,832000,3905,3905,25.69144243,25.69144243,1,boat used no motor,NA,Aquatic Non-Insects,188,Superfamily,Truncatelloidea,Truncatelloidea,Pupae,0,0,0,NA,NA,NA,NA,NA,NA,NA,NA,NA,NA,NA   NA   NA   NA,NA   NA   NA   NA
STTD_2013-08-23 09:36:00,8/23/2013 9:36,STTD,2013,D,FALSE,CLR,NA,NA,21.3,0.14,191,NA,7.94,8.31,68.5,10,Low,828095,832000,3905,3905,25.69144243,25.69144243,1,boat used no motor,NA,Aquatic Non-Insects,188,Superfamily,Truncatelloidea,Truncatelloidea,Nymphs,0,0,0,NA,NA,NA,NA,NA,NA,NA,NA,NA,NA,NA   NA   NA   NA,NA   NA   NA   NA
STTD_2013-08-23 09:36:00,8/23/2013 9:36,STTD,2013,D,FALSE,CLR,NA,NA,21.3,0.14,191,NA,7.94,8.31,68.5,10,Low,828095,832000,3905,3905,25.69144243,25.69144243,1,boat used no motor,NA,Aquatic Non-Insects,188,Superfamily,Truncatelloidea,Truncatelloidea,Emergents,0,0,0,NA,NA,NA,NA,NA,NA,NA,NA,NA,NA,NA   NA   NA   NA,NA   NA   NA   NA
STTD_2013-08-23 09:36:00,8/23/2013 9:36,STTD,2013,D,FALSE,CLR,NA,NA,21.3,0.14,191,NA,7.94,8.31,68.5,10,Low,828095,832000,3905,3905,25.69144243,25.69144243,1,boat used no motor,NA,Aquatic Non-Insects,188,Superfamily,Truncatelloidea,Truncatelloidea,Adults,0,0,0,NA,NA,NA,NA,NA,NA,NA,NA,NA,NA,NA   NA   NA   NA,NA   NA   NA   NA
STTD_2013-08-23 09:36:00,8/23/2013 9:36,STTD,2013,D,FALSE,CLR,NA,NA,21.3,0.14,191,NA,7.94,8.31,68.5,10,Low,828095,832000,3905,3905,25.69144243,25.69144243,1,boat used no motor,NA,Aquatic Non-Insects,188,Superfamily,Truncatelloidea,Truncatelloidea,NotDetermined,0,0,0,NA,NA,NA,NA,NA,NA,NA,NA,NA,NA,NA   NA   NA   NA,NA   NA   NA   NA
STTD_2013-08-23 09:36:00,8/23/2013 9:36,STTD,2013,D,FALSE,CLR,NA,NA,21.3,0.14,191,NA,7.94,8.31,68.5,10,Low,828095,832000,3905,3905,25.69144243,25.69144243,1,boat used no motor,NA,Aquatic Insects,189,Order,Plecoptera,Plecoptera,Larvae,0,0,0,NA,NA,NA,NA,NA,NA,NA,NA,NA,NA,NA   NA   NA   NA,NA   NA   NA   NA
STTD_2013-08-23 09:36:00,8/23/2013 9:36,STTD,2013,D,FALSE,CLR,NA,NA,21.3,0.14,191,NA,7.94,8.31,68.5,10,Low,828095,832000,3905,3905,25.69144243,25.69144243,1,boat used no motor,NA,Aquatic Insects,189,Order,Plecoptera,Plecoptera,Pupae,0,0,0,NA,NA,NA,NA,NA,NA,NA,NA,NA,NA,NA   NA   NA   NA,NA   NA   NA   NA
STTD_2013-08-23 09:36:00,8/23/2013 9:36,STTD,2013,D,FALSE,CLR,NA,NA,21.3,0.14,191,NA,7.94,8.31,68.5,10,Low,828095,832000,3905,3905,25.69144243,25.69144243,1,boat used no motor,NA,Aquatic Insects,189,Order,Plecoptera,Plecoptera,Nymphs,0,0,0,NA,NA,NA,NA,NA,NA,NA,NA,NA,NA,NA   NA   NA   NA,NA   NA   NA   NA
STTD_2013-08-23 09:36:00,8/23/2013 9:36,STTD,2013,D,FALSE,CLR,NA,NA,21.3,0.14,191,NA,7.94,8.31,68.5,10,Low,828095,832000,3905,3905,25.69144243,25.69144243,1,boat used no motor,NA,Aquatic Insects,189,Order,Plecoptera,Plecoptera,Emergents,0,0,0,NA,NA,NA,NA,NA,NA,NA,NA,NA,NA,NA   NA   NA   NA,NA   NA   NA   NA
STTD_2013-08-23 09:36:00,8/23/2013 9:36,STTD,2013,D,FALSE,CLR,NA,NA,21.3,0.14,191,NA,7.94,8.31,68.5,10,Low,828095,832000,3905,3905,25.69144243,25.69144243,1,boat used no motor,NA,Aquatic Insects,189,Order,Plecoptera,Plecoptera,Adults,0,0,0,NA,NA,NA,NA,NA,NA,NA,NA,NA,NA,NA   NA   NA   NA,NA   NA   NA   NA
STTD_2013-08-23 09:36:00,8/23/2013 9:36,STTD,2013,D,FALSE,CLR,NA,NA,21.3,0.14,191,NA,7.94,8.31,68.5,10,Low,828095,832000,3905,3905,25.69144243,25.69144243,1,boat used no motor,NA,Aquatic Insects,189,Order,Plecoptera,Plecoptera,NotDetermined,0,0,0,NA,NA,NA,NA,NA,NA,NA,NA,NA,NA,NA   NA   NA   NA,NA   NA   NA   NA
SHR_2013-09-04 09:46:00,9/4/2013 9:46,SHR,2013,D,FALSE,CLR,NA,NA,20.8,NA,154,NA,7.24,9.08,5.4,10,Low,821096,826000,4904,4904,32.2639779,32.2639779,1,NA,NA,Aquatic Insects,34,Family,Chironomidae,Chironomidae,Larvae,5,0.155,0.155,NA,NA,NA,NA,NA,NA,NA,NA,NA,NA,NA   NA   NA   NA,NA   NA   NA   NA
SHR_2013-09-04 09:46:00,9/4/2013 9:46,SHR,2013,D,FALSE,CLR,NA,NA,20.8,NA,154,NA,7.24,9.08,5.4,10,Low,821096,826000,4904,4904,32.2639779,32.2639779,1,NA,NA,Aquatic Insects,34,Family,Chironomidae,Chironomidae,Pupae,2,0.062,0.062,NA,NA,NA,NA,NA,NA,NA,NA,NA,NA,NA   NA   NA   NA,NA   NA   NA   NA
SHR_2013-09-04 09:46:00,9/4/2013 9:46,SHR,2013,D,FALSE,CLR,NA,NA,20.8,NA,154,NA,7.24,9.08,5.4,10,Low,821096,826000,4904,4904,32.2639779,32.2639779,1,NA,NA,Aquatic Insects,34,Family,Chironomidae,Chironomidae,Adults,7,0.217,0.217,NA,NA,NA,NA,NA,NA,NA,NA,NA,NA,NA   NA   NA   NA,NA   NA   NA   NA
SHR_2013-09-04 09:46:00,9/4/2013 9:46,SHR,2013,D,FALSE,CLR,NA,NA,20.8,NA,154,NA,7.24,9.08,5.4,10,Low,821096,826000,4904,4904,32.2639779,32.2639779,1,NA,NA,Aquatic Insects,32,Family,Ceratopogonidae,Ceratopogonidae,Larvae,1,0.031,0.031,NA,NA,NA,NA,NA,NA,NA,NA,NA,NA,NA   NA   NA   NA,NA   NA   NA   NA
SHR_2013-09-04 09:46:00,9/4/2013 9:46,SHR,2013,D,FALSE,CLR,NA,NA,20.8,NA,154,NA,7.24,9.08,5.4,10,Low,821096,826000,4904,4904,32.2639779,32.2639779,1,NA,NA,Aquatic Insects,32,Family,Ceratopogonidae,Ceratopogonidae,Pupae,1,0.031,0.031,NA,NA,NA,NA,NA,NA,NA,NA,NA,NA,NA   NA   NA   NA,NA   NA   NA   NA
SHR_2013-09-04 09:46:00,9/4/2013 9:46,SHR,2013,D,FALSE,CLR,NA,NA,20.8,NA,154,NA,7.24,9.08,5.4,10,Low,821096,826000,4904,4904,32.2639779,32.2639779,1,NA,NA,Aquatic Non-Insects,4,Family,Naididae,Naididae,NotDetermined,2,0.062,0.062,NA,NA,NA,NA,NA,NA,NA,NA,NA,NA,NA   NA   NA   NA,NA   NA   NA   NA
SHR_2013-09-04 09:46:00,9/4/2013 9:46,SHR,2013,D,FALSE,CLR,NA,NA,20.8,NA,154,NA,7.24,9.08,5.4,10,Low,821096,826000,4904,4904,32.2639779,32.2639779,1,NA,NA,Aquatic Non-Insects,9,Family,Corophiidae,Corophiidae,NotDetermined,1,0.031,0.031,NA,NA,NA,NA,NA,NA,NA,NA,NA,NA,NA   NA   NA   NA,NA   NA   NA   NA
SHR_2013-09-04 09:46:00,9/4/2013 9:46,SHR,2013,D,FALSE,CLR,NA,NA,20.8,NA,154,NA,7.24,9.08,5.4,10,Low,821096,826000,4904,4904,32.2639779,32.2639779,1,NA,NA,Aquatic Non-Insects,77,Family,Hygrobatidae,Hygrobatidae,NotDetermined,1,0.031,0.031,NA,NA,NA,NA,NA,NA,NA,NA,NA,NA,NA   NA   NA   NA,NA   NA   NA   NA
SHR_2013-09-04 09:46:00,9/4/2013 9:46,SHR,2013,D,FALSE,CLR,NA,NA,20.8,NA,154,NA,7.24,9.08,5.4,10,Low,821096,826000,4904,4904,32.2639779,32.2639779,1,NA,NA,Terrestrial Insects,71,Order,Hemiptera,Hemiptera,Larvae,3,0.093,0.093,NA,NA,NA,NA,NA,NA,NA,NA,NA,NA,NA   NA   NA   NA,NA   NA   NA   NA
SHR_2013-09-04 09:46:00,9/4/2013 9:46,SHR,2013,D,FALSE,CLR,NA,NA,20.8,NA,154,NA,7.24,9.08,5.4,10,Low,821096,826000,4904,4904,32.2639779,32.2639779,1,NA,NA,Terrestrial Insects,66,Order,Hymenoptera,Hymenoptera,Adults,2,0.062,0.062,NA,NA,NA,NA,NA,NA,NA,NA,NA,NA,NA   NA   NA   NA,NA   NA   NA   NA
STTD_2013-09-05 11:00:00,9/5/2013 11:00,STTD,2013,D,FALSE,CLR,NA,NA,22.3,0.18,771,NA,8.08,8.37,49.4,10,Low,816747,821000,4253,4253,27.9809743,27.9809743,1,NA,NA,Terrestrial Insects,71,Order,Hemiptera,Hemiptera,Larvae,27,0.965,0.965,NA,NA,NA,NA,NA,NA,NA,NA,NA,NA,NA   NA   NA   NA,NA   NA   NA   NA
STTD_2013-09-05 11:00:00,9/5/2013 11:00,STTD,2013,D,FALSE,CLR,NA,NA,22.3,0.18,771,NA,8.08,8.37,49.4,10,Low,816747,821000,4253,4253,27.9809743,27.9809743,1,NA,NA,Terrestrial Insects,63,Order,Coleoptera,Coleoptera,Adults,1,0.036,0.036,NA,NA,NA,NA,NA,NA,NA,NA,NA,NA,NA   NA   NA   NA,NA   NA   NA   NA
STTD_2013-09-05 11:00:00,9/5/2013 11:00,STTD,2013,D,FALSE,CLR,NA,NA,22.3,0.18,771,NA,8.08,8.37,49.4,10,Low,816747,821000,4253,4253,27.9809743,27.9809743,1,NA,NA,Terrestrial Non-Insects,58,Suborder,Araneida,Araneida,NotDetermined,4,0.143,0.143,NA,NA,NA,NA,NA,NA,NA,NA,NA,NA,NA   NA   NA   NA,NA   NA   NA   NA
STTD_2013-09-05 11:00:00,9/5/2013 11:00,STTD,2013,D,FALSE,CLR,NA,NA,22.3,0.18,771,NA,8.08,8.37,49.4,10,Low,816747,821000,4253,4253,27.9809743,27.9809743,1,NA,NA,Aquatic Non-Insects,188,Superfamily,Truncatelloidea,Truncatelloidea,Larvae,0,0,0,NA,NA,NA,NA,NA,NA,NA,NA,NA,NA,NA   NA   NA   NA,NA   NA   NA   NA
STTD_2013-09-05 11:00:00,9/5/2013 11:00,STTD,2013,D,FALSE,CLR,NA,NA,22.3,0.18,771,NA,8.08,8.37,49.4,10,Low,816747,821000,4253,4253,27.9809743,27.9809743,1,NA,NA,Aquatic Non-Insects,188,Superfamily,Truncatelloidea,Truncatelloidea,Pupae,0,0,0,NA,NA,NA,NA,NA,NA,NA,NA,NA,NA,NA   NA   NA   NA,NA   NA   NA   NA
STTD_2013-09-05 11:00:00,9/5/2013 11:00,STTD,2013,D,FALSE,CLR,NA,NA,22.3,0.18,771,NA,8.08,8.37,49.4,10,Low,816747,821000,4253,4253,27.9809743,27.9809743,1,NA,NA,Aquatic Non-Insects,188,Superfamily,Truncatelloidea,Truncatelloidea,Nymphs,0,0,0,NA,NA,NA,NA,NA,NA,NA,NA,NA,NA,NA   NA   NA   NA,NA   NA   NA   NA
STTD_2013-09-05 11:00:00,9/5/2013 11:00,STTD,2013,D,FALSE,CLR,NA,NA,22.3,0.18,771,NA,8.08,8.37,49.4,10,Low,816747,821000,4253,4253,27.9809743,27.9809743,1,NA,NA,Aquatic Non-Insects,188,Superfamily,Truncatelloidea,Truncatelloidea,Emergents,0,0,0,NA,NA,NA,NA,NA,NA,NA,NA,NA,NA,NA   NA   NA   NA,NA   NA   NA   NA
STTD_2013-09-05 11:00:00,9/5/2013 11:00,STTD,2013,D,FALSE,CLR,NA,NA,22.3,0.18,771,NA,8.08,8.37,49.4,10,Low,816747,821000,4253,4253,27.9809743,27.9809743,1,NA,NA,Aquatic Non-Insects,188,Superfamily,Truncatelloidea,Truncatelloidea,Adults,0,0,0,NA,NA,NA,NA,NA,NA,NA,NA,NA,NA,NA   NA   NA   NA,NA   NA   NA   NA
STTD_2013-09-05 11:00:00,9/5/2013 11:00,STTD,2013,D,FALSE,CLR,NA,NA,22.3,0.18,771,NA,8.08,8.37,49.4,10,Low,816747,821000,4253,4253,27.9809743,27.9809743,1,NA,NA,Aquatic Non-Insects,188,Superfamily,Truncatelloidea,Truncatelloidea,NotDetermined,0,0,0,NA,NA,NA,NA,NA,NA,NA,NA,NA,NA,NA   NA   NA   NA,NA   NA   NA   NA
STTD_2013-09-05 11:00:00,9/5/2013 11:00,STTD,2013,D,FALSE,CLR,NA,NA,22.3,0.18,771,NA,8.08,8.37,49.4,10,Low,816747,821000,4253,4253,27.9809743,27.9809743,1,NA,NA,Aquatic Insects,189,Order,Plecoptera,Plecoptera,Larvae,0,0,0,NA,NA,NA,NA,NA,NA,NA,NA,NA,NA,NA   NA   NA   NA,NA   NA   NA   NA
STTD_2013-09-05 11:00:00,9/5/2013 11:00,STTD,2013,D,FALSE,CLR,NA,NA,22.3,0.18,771,NA,8.08,8.37,49.4,10,Low,816747,821000,4253,4253,27.9809743,27.9809743,1,NA,NA,Aquatic Insects,189,Order,Plecoptera,Plecoptera,Pupae,0,0,0,NA,NA,NA,NA,NA,NA,NA,NA,NA,NA,NA   NA   NA   NA,NA   NA   NA   NA
STTD_2013-09-05 11:00:00,9/5/2013 11:00,STTD,2013,D,FALSE,CLR,NA,NA,22.3,0.18,771,NA,8.08,8.37,49.4,10,Low,816747,821000,4253,4253,27.9809743,27.9809743,1,NA,NA,Aquatic Insects,189,Order,Plecoptera,Plecoptera,Nymphs,0,0,0,NA,NA,NA,NA,NA,NA,NA,NA,NA,NA,NA   NA   NA   NA,NA   NA   NA   NA
STTD_2013-09-05 11:00:00,9/5/2013 11:00,STTD,2013,D,FALSE,CLR,NA,NA,22.3,0.18,771,NA,8.08,8.37,49.4,10,Low,816747,821000,4253,4253,27.9809743,27.9809743,1,NA,NA,Aquatic Insects,189,Order,Plecoptera,Plecoptera,Emergents,0,0,0,NA,NA,NA,NA,NA,NA,NA,NA,NA,NA,NA   NA   NA   NA,NA   NA   NA   NA
STTD_2013-09-05 11:00:00,9/5/2013 11:00,STTD,2013,D,FALSE,CLR,NA,NA,22.3,0.18,771,NA,8.08,8.37,49.4,10,Low,816747,821000,4253,4253,27.9809743,27.9809743,1,NA,NA,Aquatic Insects,189,Order,Plecoptera,Plecoptera,Adults,0,0,0,NA,NA,NA,NA,NA,NA,NA,NA,NA,NA,NA   NA   NA   NA,NA   NA   NA   NA
STTD_2013-09-05 11:00:00,9/5/2013 11:00,STTD,2013,D,FALSE,CLR,NA,NA,22.3,0.18,771,NA,8.08,8.37,49.4,10,Low,816747,821000,4253,4253,27.9809743,27.9809743,1,NA,NA,Aquatic Insects,189,Order,Plecoptera,Plecoptera,NotDetermined,0,0,0,NA,NA,NA,NA,NA,NA,NA,NA,NA,NA,NA   NA   NA   NA,NA   NA   NA   NA
SHR_2013-09-16 09:40:00,9/16/2013 9:40,SHR,2013,D,FALSE,CLR,NA,NA,20.7,1.2,148,NA,7.92,8.65,5.7,10,Low,812068,816600,4532,4532,29.81654727,29.81654727,1,NA,NA,Aquatic Insects,56,Family,Leptoceridae,Leptoceridae,Larvae,1,0.034,0.034,NA,NA,NA,NA,NA,NA,NA,NA,NA,NA,NA   NA   NA   NA,NA   NA   NA   NA
SHR_2013-09-16 09:40:00,9/16/2013 9:40,SHR,2013,D,FALSE,CLR,NA,NA,20.7,1.2,148,NA,7.92,8.65,5.7,10,Low,812068,816600,4532,4532,29.81654727,29.81654727,1,NA,NA,Aquatic Insects,44,Family,Corixidae,Corixidae,Larvae,1,0.034,0.034,NA,NA,NA,NA,NA,NA,NA,NA,NA,NA,NA   NA   NA   NA,NA   NA   NA   NA
SHR_2013-09-16 09:40:00,9/16/2013 9:40,SHR,2013,D,FALSE,CLR,NA,NA,20.7,1.2,148,NA,7.92,8.65,5.7,10,Low,812068,816600,4532,4532,29.81654727,29.81654727,1,NA,NA,Aquatic Insects,30,Family,Dytiscidae,Dytiscidae,Adults,1,0.034,0.034,NA,NA,NA,NA,NA,NA,NA,NA,NA,NA,NA   NA   NA   NA,NA   NA   NA   NA
SHR_2013-09-16 09:40:00,9/16/2013 9:40,SHR,2013,D,FALSE,CLR,NA,NA,20.7,1.2,148,NA,7.92,8.65,5.7,10,Low,812068,816600,4532,4532,29.81654727,29.81654727,1,NA,NA,Aquatic Insects,34,Family,Chironomidae,Chironomidae,Larvae,18,0.604,0.604,NA,NA,NA,NA,NA,NA,NA,NA,NA,NA,NA   NA   NA   NA,NA   NA   NA   NA
SHR_2013-09-16 09:40:00,9/16/2013 9:40,SHR,2013,D,FALSE,CLR,NA,NA,20.7,1.2,148,NA,7.92,8.65,5.7,10,Low,812068,816600,4532,4532,29.81654727,29.81654727,1,NA,NA,Aquatic Insects,34,Family,Chironomidae,Chironomidae,Pupae,1,0.034,0.034,NA,NA,NA,NA,NA,NA,NA,NA,NA,NA,NA   NA   NA   NA,NA   NA   NA   NA
SHR_2013-09-16 09:40:00,9/16/2013 9:40,SHR,2013,D,FALSE,CLR,NA,NA,20.7,1.2,148,NA,7.92,8.65,5.7,10,Low,812068,816600,4532,4532,29.81654727,29.81654727,1,NA,NA,Aquatic Insects,34,Family,Chironomidae,Chironomidae,Adults,7,0.235,0.235,NA,NA,NA,NA,NA,NA,NA,NA,NA,NA,NA   NA   NA   NA,NA   NA   NA   NA
SHR_2013-09-16 09:40:00,9/16/2013 9:40,SHR,2013,D,FALSE,CLR,NA,NA,20.7,1.2,148,NA,7.92,8.65,5.7,10,Low,812068,816600,4532,4532,29.81654727,29.81654727,1,NA,NA,Aquatic Non-Insects,4,Family,Naididae,Naididae,NotDetermined,2,0.067,0.067,NA,NA,NA,NA,NA,NA,NA,NA,NA,NA,NA   NA   NA   NA,NA   NA   NA   NA
SHR_2013-09-16 09:40:00,9/16/2013 9:40,SHR,2013,D,FALSE,CLR,NA,NA,20.7,1.2,148,NA,7.92,8.65,5.7,10,Low,812068,816600,4532,4532,29.81654727,29.81654727,1,NA,NA,Aquatic Non-Insects,9,Family,Corophiidae,Corophiidae,NotDetermined,1,0.034,0.034,NA,NA,NA,NA,NA,NA,NA,NA,NA,NA,NA   NA   NA   NA,NA   NA   NA   NA
STTD_2013-09-17 10:41:00,9/17/2013 10:41,STTD,2013,D,FALSE,CLR,NA,NA,21.3,0.2,899,NA,7.88,8.36,64.2,10,Low,808096,812000,3904,3904,25.68486332,25.68486332,1,jet boat anchor used,NA,Terrestrial Insects,71,Order,Hemiptera,Hemiptera,Larvae,13,0.506,0.506,NA,NA,NA,NA,NA,NA,NA,NA,NA,NA,NA   NA   NA   NA,NA   NA   NA   NA
STTD_2013-09-17 10:41:00,9/17/2013 10:41,STTD,2013,D,FALSE,CLR,NA,NA,21.3,0.2,899,NA,7.88,8.36,64.2,10,Low,808096,812000,3904,3904,25.68486332,25.68486332,1,jet boat anchor used,NA,Terrestrial Insects,63,Order,Coleoptera,Coleoptera,Larvae,1,0.039,0.039,NA,NA,NA,NA,NA,NA,NA,NA,NA,NA,NA   NA   NA   NA,NA   NA   NA   NA
STTD_2013-09-17 10:41:00,9/17/2013 10:41,STTD,2013,D,FALSE,CLR,NA,NA,21.3,0.2,899,NA,7.88,8.36,64.2,10,Low,808096,812000,3904,3904,25.68486332,25.68486332,1,jet boat anchor used,NA,Terrestrial Insects,66,Order,Hymenoptera,Hymenoptera,Adults,2,0.078,0.078,NA,NA,NA,NA,NA,NA,NA,NA,NA,NA,NA   NA   NA   NA,NA   NA   NA   NA
STTD_2013-09-17 10:41:00,9/17/2013 10:41,STTD,2013,D,FALSE,CLR,NA,NA,21.3,0.2,899,NA,7.88,8.36,64.2,10,Low,808096,812000,3904,3904,25.68486332,25.68486332,1,jet boat anchor used,NA,Terrestrial Non-Insects,58,Suborder,Araneida,Araneida,NotDetermined,1,0.039,0.039,NA,NA,NA,NA,NA,NA,NA,NA,NA,NA,NA   NA   NA   NA,NA   NA   NA   NA
STTD_2013-09-17 10:41:00,9/17/2013 10:41,STTD,2013,D,FALSE,CLR,NA,NA,21.3,0.2,899,NA,7.88,8.36,64.2,10,Low,808096,812000,3904,3904,25.68486332,25.68486332,1,jet boat anchor used,NA,Aquatic Non-Insects,188,Superfamily,Truncatelloidea,Truncatelloidea,Larvae,0,0,0,NA,NA,NA,NA,NA,NA,NA,NA,NA,NA,NA   NA   NA   NA,NA   NA   NA   NA
STTD_2013-09-17 10:41:00,9/17/2013 10:41,STTD,2013,D,FALSE,CLR,NA,NA,21.3,0.2,899,NA,7.88,8.36,64.2,10,Low,808096,812000,3904,3904,25.68486332,25.68486332,1,jet boat anchor used,NA,Aquatic Non-Insects,188,Superfamily,Truncatelloidea,Truncatelloidea,Pupae,0,0,0,NA,NA,NA,NA,NA,NA,NA,NA,NA,NA,NA   NA   NA   NA,NA   NA   NA   NA
STTD_2013-09-17 10:41:00,9/17/2013 10:41,STTD,2013,D,FALSE,CLR,NA,NA,21.3,0.2,899,NA,7.88,8.36,64.2,10,Low,808096,812000,3904,3904,25.68486332,25.68486332,1,jet boat anchor used,NA,Aquatic Non-Insects,188,Superfamily,Truncatelloidea,Truncatelloidea,Nymphs,0,0,0,NA,NA,NA,NA,NA,NA,NA,NA,NA,NA,NA   NA   NA   NA,NA   NA   NA   NA
STTD_2013-09-17 10:41:00,9/17/2013 10:41,STTD,2013,D,FALSE,CLR,NA,NA,21.3,0.2,899,NA,7.88,8.36,64.2,10,Low,808096,812000,3904,3904,25.68486332,25.68486332,1,jet boat anchor used,NA,Aquatic Non-Insects,188,Superfamily,Truncatelloidea,Truncatelloidea,Emergents,0,0,0,NA,NA,NA,NA,NA,NA,NA,NA,NA,NA,NA   NA   NA   NA,NA   NA   NA   NA
STTD_2013-09-17 10:41:00,9/17/2013 10:41,STTD,2013,D,FALSE,CLR,NA,NA,21.3,0.2,899,NA,7.88,8.36,64.2,10,Low,808096,812000,3904,3904,25.68486332,25.68486332,1,jet boat anchor used,NA,Aquatic Non-Insects,188,Superfamily,Truncatelloidea,Truncatelloidea,Adults,0,0,0,NA,NA,NA,NA,NA,NA,NA,NA,NA,NA,NA   NA   NA   NA,NA   NA   NA   NA
STTD_2013-09-17 10:41:00,9/17/2013 10:41,STTD,2013,D,FALSE,CLR,NA,NA,21.3,0.2,899,NA,7.88,8.36,64.2,10,Low,808096,812000,3904,3904,25.68486332,25.68486332,1,jet boat anchor used,NA,Aquatic Non-Insects,188,Superfamily,Truncatelloidea,Truncatelloidea,NotDetermined,0,0,0,NA,NA,NA,NA,NA,NA,NA,NA,NA,NA,NA   NA   NA   NA,NA   NA   NA   NA
STTD_2013-09-17 10:41:00,9/17/2013 10:41,STTD,2013,D,FALSE,CLR,NA,NA,21.3,0.2,899,NA,7.88,8.36,64.2,10,Low,808096,812000,3904,3904,25.68486332,25.68486332,1,jet boat anchor used,NA,Aquatic Insects,189,Order,Plecoptera,Plecoptera,Larvae,0,0,0,NA,NA,NA,NA,NA,NA,NA,NA,NA,NA,NA   NA   NA   NA,NA   NA   NA   NA
STTD_2013-09-17 10:41:00,9/17/2013 10:41,STTD,2013,D,FALSE,CLR,NA,NA,21.3,0.2,899,NA,7.88,8.36,64.2,10,Low,808096,812000,3904,3904,25.68486332,25.68486332,1,jet boat anchor used,NA,Aquatic Insects,189,Order,Plecoptera,Plecoptera,Pupae,0,0,0,NA,NA,NA,NA,NA,NA,NA,NA,NA,NA,NA   NA   NA   NA,NA   NA   NA   NA
STTD_2013-09-17 10:41:00,9/17/2013 10:41,STTD,2013,D,FALSE,CLR,NA,NA,21.3,0.2,899,NA,7.88,8.36,64.2,10,Low,808096,812000,3904,3904,25.68486332,25.68486332,1,jet boat anchor used,NA,Aquatic Insects,189,Order,Plecoptera,Plecoptera,Nymphs,0,0,0,NA,NA,NA,NA,NA,NA,NA,NA,NA,NA,NA   NA   NA   NA,NA   NA   NA   NA
STTD_2013-09-17 10:41:00,9/17/2013 10:41,STTD,2013,D,FALSE,CLR,NA,NA,21.3,0.2,899,NA,7.88,8.36,64.2,10,Low,808096,812000,3904,3904,25.68486332,25.68486332,1,jet boat anchor used,NA,Aquatic Insects,189,Order,Plecoptera,Plecoptera,Emergents,0,0,0,NA,NA,NA,NA,NA,NA,NA,NA,NA,NA,NA   NA   NA   NA,NA   NA   NA   NA
STTD_2013-09-17 10:41:00,9/17/2013 10:41,STTD,2013,D,FALSE,CLR,NA,NA,21.3,0.2,899,NA,7.88,8.36,64.2,10,Low,808096,812000,3904,3904,25.68486332,25.68486332,1,jet boat anchor used,NA,Aquatic Insects,189,Order,Plecoptera,Plecoptera,Adults,0,0,0,NA,NA,NA,NA,NA,NA,NA,NA,NA,NA,NA   NA   NA   NA,NA   NA   NA   NA
STTD_2013-09-17 10:41:00,9/17/2013 10:41,STTD,2013,D,FALSE,CLR,NA,NA,21.3,0.2,899,NA,7.88,8.36,64.2,10,Low,808096,812000,3904,3904,25.68486332,25.68486332,1,jet boat anchor used,NA,Aquatic Insects,189,Order,Plecoptera,Plecoptera,NotDetermined,0,0,0,NA,NA,NA,NA,NA,NA,NA,NA,NA,NA,NA   NA   NA   NA,NA   NA   NA   NA
STTD_2013-10-03 10:27:00,10/3/2013 10:27,STTD,2014,D,FALSE,CLR,NA,NA,18.5,0.17,539,NA,8.16,8.69,55.4,10,Low,800752,804000,3248,3248,21.36896415,21.36896415,1,boat used no motor (ebb tide),NA,Aquatic Non-Insects,21,Family,Planorbidae,Planorbidae,NotDetermined,1,0.047,0.047,NA,NA,NA,NA,NA,NA,NA,NA,NA,NA,NA   NA   NA   NA,NA   NA   NA   NA
STTD_2013-10-03 10:27:00,10/3/2013 10:27,STTD,2014,D,FALSE,CLR,NA,NA,18.5,0.17,539,NA,8.16,8.69,55.4,10,Low,800752,804000,3248,3248,21.36896415,21.36896415,1,boat used no motor (ebb tide),NA,Aquatic Non-Insects,18,Family,Hydridae,Hydridae,NotDetermined,1,0.047,0.047,NA,NA,NA,NA,NA,NA,NA,NA,NA,NA,NA   NA   NA   NA,NA   NA   NA   NA
STTD_2013-10-03 10:27:00,10/3/2013 10:27,STTD,2014,D,FALSE,CLR,NA,NA,18.5,0.17,539,NA,8.16,8.69,55.4,10,Low,800752,804000,3248,3248,21.36896415,21.36896415,1,boat used no motor (ebb tide),NA,Terrestrial Insects,71,Order,Hemiptera,Hemiptera,Larvae,6,0.281,0.281,NA,NA,NA,NA,NA,NA,NA,NA,NA,NA,NA   NA   NA   NA,NA   NA   NA   NA
STTD_2013-10-03 10:27:00,10/3/2013 10:27,STTD,2014,D,FALSE,CLR,NA,NA,18.5,0.17,539,NA,8.16,8.69,55.4,10,Low,800752,804000,3248,3248,21.36896415,21.36896415,1,boat used no motor (ebb tide),NA,Terrestrial Insects,63,Order,Coleoptera,Coleoptera,Larvae,1,0.047,0.047,NA,NA,NA,NA,NA,NA,NA,NA,NA,NA,NA   NA   NA   NA,NA   NA   NA   NA
STTD_2013-10-03 10:27:00,10/3/2013 10:27,STTD,2014,D,FALSE,CLR,NA,NA,18.5,0.17,539,NA,8.16,8.69,55.4,10,Low,800752,804000,3248,3248,21.36896415,21.36896415,1,boat used no motor (ebb tide),NA,Terrestrial Insects,64,Order,Diptera,Diptera,Adults,1,0.047,0.047,NA,NA,NA,NA,NA,NA,NA,NA,NA,NA,NA   NA   NA   NA,NA   NA   NA   NA
STTD_2013-10-03 10:27:00,10/3/2013 10:27,STTD,2014,D,FALSE,CLR,NA,NA,18.5,0.17,539,NA,8.16,8.69,55.4,10,Low,800752,804000,3248,3248,21.36896415,21.36896415,1,boat used no motor (ebb tide),NA,Terrestrial Insects,66,Order,Hymenoptera,Hymenoptera,Adults,1,0.047,0.047,NA,NA,NA,NA,NA,NA,NA,NA,NA,NA,NA   NA   NA   NA,NA   NA   NA   NA
STTD_2013-10-15 09:19:00,10/15/2013 9:19,STTD,2014,D,FALSE,CLR,NA,NA,15.9,0.19,259,NA,7.76,8.83,41.2,10,Low,796783,800000,3217,3217,21.1650116,21.1650116,1,NA,NA,Aquatic Insects,34,Family,Chironomidae,Chironomidae,Pupae,1,0.047,0.047,NA,NA,NA,NA,NA,NA,NA,NA,NA,NA,NA   NA   NA   NA,NA   NA   NA   NA
STTD_2013-10-15 09:19:00,10/15/2013 9:19,STTD,2014,D,FALSE,CLR,NA,NA,15.9,0.19,259,NA,7.76,8.83,41.2,10,Low,796783,800000,3217,3217,21.1650116,21.1650116,1,NA,NA,Aquatic Insects,34,Family,Chironomidae,Chironomidae,Adults,1,0.047,0.047,NA,NA,NA,NA,NA,NA,NA,NA,NA,NA,NA   NA   NA   NA,NA   NA   NA   NA
STTD_2013-10-15 09:19:00,10/15/2013 9:19,STTD,2014,D,FALSE,CLR,NA,NA,15.9,0.19,259,NA,7.76,8.83,41.2,10,Low,796783,800000,3217,3217,21.1650116,21.1650116,1,NA,NA,Terrestrial Insects,71,Order,Hemiptera,Hemiptera,Larvae,4,0.189,0.189,NA,NA,NA,NA,NA,NA,NA,NA,NA,NA,NA   NA   NA   NA,NA   NA   NA   NA
STTD_2013-10-15 09:19:00,10/15/2013 9:19,STTD,2014,D,FALSE,CLR,NA,NA,15.9,0.19,259,NA,7.76,8.83,41.2,10,Low,796783,800000,3217,3217,21.1650116,21.1650116,1,NA,NA,Terrestrial Insects,64,Order,Diptera,Diptera,Adults,1,0.047,0.047,NA,NA,NA,NA,NA,NA,NA,NA,NA,NA,NA   NA   NA   NA,NA   NA   NA   NA
STTD_2013-10-15 09:19:00,10/15/2013 9:19,STTD,2014,D,FALSE,CLR,NA,NA,15.9,0.19,259,NA,7.76,8.83,41.2,10,Low,796783,800000,3217,3217,21.1650116,21.1650116,1,NA,NA,Terrestrial Insects,66,Order,Hymenoptera,Hymenoptera,Adults,2,0.094,0.094,NA,NA,NA,NA,NA,NA,NA,NA,NA,NA,NA   NA   NA   NA,NA   NA   NA   NA
SHR_2013-10-16 09:00:00,10/16/2013 9:00,SHR,2014,D,FALSE,CLR,NA,NA,16.2,1.65,105,NA,7.17,10.03,2.2,10,Low,791573,797000,5427,5427,35.70485482,35.70485482,1,NA,NA,Aquatic Insects,41,Family,Baetidae,Baetidae,Larvae,1,0.028,0.028,NA,NA,NA,NA,NA,NA,NA,NA,NA,NA,NA   NA   NA   NA,NA   NA   NA   NA
SHR_2013-10-16 09:00:00,10/16/2013 9:00,SHR,2014,D,FALSE,CLR,NA,NA,16.2,1.65,105,NA,7.17,10.03,2.2,10,Low,791573,797000,5427,5427,35.70485482,35.70485482,1,NA,NA,Aquatic Insects,144,Order,Ephemeroptera,Ephemerpotera,Adults,1,0.028,0.028,NA,NA,NA,NA,NA,NA,NA,NA,NA,NA,NA   NA   NA   NA,NA   NA   NA   NA
SHR_2013-10-16 09:00:00,10/16/2013 9:00,SHR,2014,D,FALSE,CLR,NA,NA,16.2,1.65,105,NA,7.17,10.03,2.2,10,Low,791573,797000,5427,5427,35.70485482,35.70485482,1,NA,NA,Aquatic Insects,88,Family,Hydroptilidae,Hydroptilidae,Pupae,1,0.028,0.028,NA,NA,NA,NA,NA,NA,NA,NA,NA,NA,NA   NA   NA   NA,NA   NA   NA   NA
SHR_2013-10-16 09:00:00,10/16/2013 9:00,SHR,2014,D,FALSE,CLR,NA,NA,16.2,1.65,105,NA,7.17,10.03,2.2,10,Low,791573,797000,5427,5427,35.70485482,35.70485482,1,NA,NA,Aquatic Insects,56,Family,Leptoceridae,Leptoceridae,Larvae,2,0.056,0.056,NA,NA,NA,NA,NA,NA,NA,NA,NA,NA,NA   NA   NA   NA,NA   NA   NA   NA
SHR_2013-10-16 09:00:00,10/16/2013 9:00,SHR,2014,D,FALSE,CLR,NA,NA,16.2,1.65,105,NA,7.17,10.03,2.2,10,Low,791573,797000,5427,5427,35.70485482,35.70485482,1,NA,NA,Aquatic Insects,46,Family,Coenagrionidae,Coenagrionidae,Larvae,1,0.028,0.028,NA,NA,NA,NA,NA,NA,NA,NA,NA,NA,NA   NA   NA   NA,NA   NA   NA   NA
SHR_2013-10-16 09:00:00,10/16/2013 9:00,SHR,2014,D,FALSE,CLR,NA,NA,16.2,1.65,105,NA,7.17,10.03,2.2,10,Low,791573,797000,5427,5427,35.70485482,35.70485482,1,NA,NA,Aquatic Insects,30,Family,Dytiscidae,Dytiscidae,Adults,6,0.168,0.168,NA,NA,NA,NA,NA,NA,NA,NA,NA,NA,NA   NA   NA   NA,NA   NA   NA   NA
SHR_2013-10-16 09:00:00,10/16/2013 9:00,SHR,2014,D,FALSE,CLR,NA,NA,16.2,1.65,105,NA,7.17,10.03,2.2,10,Low,791573,797000,5427,5427,35.70485482,35.70485482,1,NA,NA,Aquatic Insects,34,Family,Chironomidae,Chironomidae,Larvae,16,0.448,0.448,NA,NA,NA,NA,NA,NA,NA,NA,NA,NA,NA   NA   NA   NA,NA   NA   NA   NA
SHR_2013-10-16 09:00:00,10/16/2013 9:00,SHR,2014,D,FALSE,CLR,NA,NA,16.2,1.65,105,NA,7.17,10.03,2.2,10,Low,791573,797000,5427,5427,35.70485482,35.70485482,1,NA,NA,Aquatic Insects,34,Family,Chironomidae,Chironomidae,Pupae,10,0.28,0.28,NA,NA,NA,NA,NA,NA,NA,NA,NA,NA,NA   NA   NA   NA,NA   NA   NA   NA
SHR_2013-10-16 09:00:00,10/16/2013 9:00,SHR,2014,D,FALSE,CLR,NA,NA,16.2,1.65,105,NA,7.17,10.03,2.2,10,Low,791573,797000,5427,5427,35.70485482,35.70485482,1,NA,NA,Aquatic Insects,34,Family,Chironomidae,Chironomidae,Adults,57,1.596,1.596,NA,NA,NA,NA,NA,NA,NA,NA,NA,NA,NA   NA   NA   NA,NA   NA   NA   NA
SHR_2013-10-16 09:00:00,10/16/2013 9:00,SHR,2014,D,FALSE,CLR,NA,NA,16.2,1.65,105,NA,7.17,10.03,2.2,10,Low,791573,797000,5427,5427,35.70485482,35.70485482,1,NA,NA,Aquatic Insects,32,Family,Ceratopogonidae,Ceratopogonidae,Adults,2,0.056,0.056,NA,NA,NA,NA,NA,NA,NA,NA,NA,NA,NA   NA   NA   NA,NA   NA   NA   NA
SHR_2013-10-16 09:00:00,10/16/2013 9:00,SHR,2014,D,FALSE,CLR,NA,NA,16.2,1.65,105,NA,7.17,10.03,2.2,10,Low,791573,797000,5427,5427,35.70485482,35.70485482,1,NA,NA,Aquatic Insects,37,Family,Psychodidae,Psychodidae,Adults,4,0.112,0.112,NA,NA,NA,NA,NA,NA,NA,NA,NA,NA,NA   NA   NA   NA,NA   NA   NA   NA
SHR_2013-10-16 09:00:00,10/16/2013 9:00,SHR,2014,D,FALSE,CLR,NA,NA,16.2,1.65,105,NA,7.17,10.03,2.2,10,Low,791573,797000,5427,5427,35.70485482,35.70485482,1,NA,NA,Aquatic Non-Insects,21,Family,Planorbidae,Planorbidae,NotDetermined,2,0.056,0.056,NA,NA,NA,NA,NA,NA,NA,NA,NA,NA,NA   NA   NA   NA,NA   NA   NA   NA
SHR_2013-10-16 09:00:00,10/16/2013 9:00,SHR,2014,D,FALSE,CLR,NA,NA,16.2,1.65,105,NA,7.17,10.03,2.2,10,Low,791573,797000,5427,5427,35.70485482,35.70485482,1,NA,NA,Aquatic Non-Insects,15,Family,Hyalellidae,Hyalellidae,NotDetermined,3,0.084,0.084,NA,NA,NA,NA,NA,NA,NA,NA,NA,NA,NA   NA   NA   NA,NA   NA   NA   NA
SHR_2013-10-16 09:00:00,10/16/2013 9:00,SHR,2014,D,FALSE,CLR,NA,NA,16.2,1.65,105,NA,7.17,10.03,2.2,10,Low,791573,797000,5427,5427,35.70485482,35.70485482,1,NA,NA,Terrestrial Insects,71,Order,Hemiptera,Hemiptera,Larvae,21,0.588,0.588,NA,NA,NA,NA,NA,NA,NA,NA,NA,NA,NA   NA   NA   NA,NA   NA   NA   NA
SHR_2013-10-16 09:00:00,10/16/2013 9:00,SHR,2014,D,FALSE,CLR,NA,NA,16.2,1.65,105,NA,7.17,10.03,2.2,10,Low,791573,797000,5427,5427,35.70485482,35.70485482,1,NA,NA,Terrestrial Insects,63,Order,Coleoptera,Coleoptera,Adults,4,0.112,0.112,NA,NA,NA,NA,NA,NA,NA,NA,NA,NA,NA   NA   NA   NA,NA   NA   NA   NA
SHR_2013-10-16 09:00:00,10/16/2013 9:00,SHR,2014,D,FALSE,CLR,NA,NA,16.2,1.65,105,NA,7.17,10.03,2.2,10,Low,791573,797000,5427,5427,35.70485482,35.70485482,1,NA,NA,Terrestrial Insects,64,Order,Diptera,Diptera,Adults,6,0.168,0.168,NA,NA,NA,NA,NA,NA,NA,NA,NA,NA,NA   NA   NA   NA,NA   NA   NA   NA
SHR_2013-10-16 09:00:00,10/16/2013 9:00,SHR,2014,D,FALSE,CLR,NA,NA,16.2,1.65,105,NA,7.17,10.03,2.2,10,Low,791573,797000,5427,5427,35.70485482,35.70485482,1,NA,NA,Terrestrial Insects,73,Order,Lepidoptera,Lepidoptera,Larvae,1,0.028,0.028,NA,NA,NA,NA,NA,NA,NA,NA,NA,NA,NA   NA   NA   NA,NA   NA   NA   NA
SHR_2013-10-16 09:00:00,10/16/2013 9:00,SHR,2014,D,FALSE,CLR,NA,NA,16.2,1.65,105,NA,7.17,10.03,2.2,10,Low,791573,797000,5427,5427,35.70485482,35.70485482,1,NA,NA,Terrestrial Insects,73,Order,Lepidoptera,Lepidoptera,Adults,2,0.056,0.056,NA,NA,NA,NA,NA,NA,NA,NA,NA,NA,NA   NA   NA   NA,NA   NA   NA   NA
SHR_2013-10-16 09:00:00,10/16/2013 9:00,SHR,2014,D,FALSE,CLR,NA,NA,16.2,1.65,105,NA,7.17,10.03,2.2,10,Low,791573,797000,5427,5427,35.70485482,35.70485482,1,NA,NA,Terrestrial Insects,66,Order,Hymenoptera,Hymenoptera,Adults,18,0.504,0.504,NA,NA,NA,NA,NA,NA,NA,NA,NA,NA,NA   NA   NA   NA,NA   NA   NA   NA
SHR_2013-10-16 09:00:00,10/16/2013 9:00,SHR,2014,D,FALSE,CLR,NA,NA,16.2,1.65,105,NA,7.17,10.03,2.2,10,Low,791573,797000,5427,5427,35.70485482,35.70485482,1,NA,NA,Terrestrial Insects,74,Order,Neuroptera,Neuroptera,Adults,1,0.028,0.028,NA,NA,NA,NA,NA,NA,NA,NA,NA,NA,NA   NA   NA   NA,NA   NA   NA   NA
SHR_2013-10-16 09:00:00,10/16/2013 9:00,SHR,2014,D,FALSE,CLR,NA,NA,16.2,1.65,105,NA,7.17,10.03,2.2,10,Low,791573,797000,5427,5427,35.70485482,35.70485482,1,NA,NA,Terrestrial Insects,67,Order,Psocoptera,Psocoptera,Adults,4,0.112,0.112,NA,NA,NA,NA,NA,NA,NA,NA,NA,NA,NA   NA   NA   NA,NA   NA   NA   NA
SHR_2013-10-16 09:00:00,10/16/2013 9:00,SHR,2014,D,FALSE,CLR,NA,NA,16.2,1.65,105,NA,7.17,10.03,2.2,10,Low,791573,797000,5427,5427,35.70485482,35.70485482,1,NA,NA,Terrestrial Insects,85,Order,Thysanoptera,Thysanoptera,Adults,3,0.084,0.084,NA,NA,NA,NA,NA,NA,NA,NA,NA,NA,NA   NA   NA   NA,NA   NA   NA   NA
SHR_2013-10-16 09:00:00,10/16/2013 9:00,SHR,2014,D,FALSE,CLR,NA,NA,16.2,1.65,105,NA,7.17,10.03,2.2,10,Low,791573,797000,5427,5427,35.70485482,35.70485482,1,NA,NA,Terrestrial Non-Insects,58,Suborder,Araneida,Araneida,NotDetermined,7,0.196,0.196,NA,NA,NA,NA,NA,NA,NA,NA,NA,NA,NA   NA   NA   NA,NA   NA   NA   NA
SHR_2013-10-16 09:00:00,10/16/2013 9:00,SHR,2014,D,FALSE,CLR,NA,NA,16.2,1.65,105,NA,7.17,10.03,2.2,10,Low,791573,797000,5427,5427,35.70485482,35.70485482,1,NA,NA,Aquatic Non-Insects,152,Class,Turbellaria,Other Turbellaria,NotDetermined,1,0.028,0.028,NA,NA,NA,NA,NA,NA,NA,NA,NA,NA,NA   NA   NA   NA,NA   NA   NA   NA
STTD_2013-10-30 08:50:00,10/30/2013 8:50,STTD,2014,D,FALSE,CLR,NA,NA,14.7,0.22,210,NA,7.36,8.88,48.1,10,Low,789983,791000,1017,1017,6.690959527,6.690959527,1,NA,NA,Aquatic Non-Insects,188,Superfamily,Truncatelloidea,Truncatelloidea,Larvae,0,0,0,NA,NA,NA,NA,NA,NA,NA,NA,NA,NA,NA   NA   NA   NA,NA   NA   NA   NA
STTD_2013-10-30 08:50:00,10/30/2013 8:50,STTD,2014,D,FALSE,CLR,NA,NA,14.7,0.22,210,NA,7.36,8.88,48.1,10,Low,789983,791000,1017,1017,6.690959527,6.690959527,1,NA,NA,Aquatic Non-Insects,188,Superfamily,Truncatelloidea,Truncatelloidea,Pupae,0,0,0,NA,NA,NA,NA,NA,NA,NA,NA,NA,NA,NA   NA   NA   NA,NA   NA   NA   NA
STTD_2013-10-30 08:50:00,10/30/2013 8:50,STTD,2014,D,FALSE,CLR,NA,NA,14.7,0.22,210,NA,7.36,8.88,48.1,10,Low,789983,791000,1017,1017,6.690959527,6.690959527,1,NA,NA,Aquatic Non-Insects,188,Superfamily,Truncatelloidea,Truncatelloidea,Nymphs,0,0,0,NA,NA,NA,NA,NA,NA,NA,NA,NA,NA,NA   NA   NA   NA,NA   NA   NA   NA
STTD_2013-10-30 08:50:00,10/30/2013 8:50,STTD,2014,D,FALSE,CLR,NA,NA,14.7,0.22,210,NA,7.36,8.88,48.1,10,Low,789983,791000,1017,1017,6.690959527,6.690959527,1,NA,NA,Aquatic Non-Insects,188,Superfamily,Truncatelloidea,Truncatelloidea,Emergents,0,0,0,NA,NA,NA,NA,NA,NA,NA,NA,NA,NA,NA   NA   NA   NA,NA   NA   NA   NA
STTD_2013-10-30 08:50:00,10/30/2013 8:50,STTD,2014,D,FALSE,CLR,NA,NA,14.7,0.22,210,NA,7.36,8.88,48.1,10,Low,789983,791000,1017,1017,6.690959527,6.690959527,1,NA,NA,Aquatic Non-Insects,188,Superfamily,Truncatelloidea,Truncatelloidea,Adults,0,0,0,NA,NA,NA,NA,NA,NA,NA,NA,NA,NA,NA   NA   NA   NA,NA   NA   NA   NA
STTD_2013-10-30 08:50:00,10/30/2013 8:50,STTD,2014,D,FALSE,CLR,NA,NA,14.7,0.22,210,NA,7.36,8.88,48.1,10,Low,789983,791000,1017,1017,6.690959527,6.690959527,1,NA,NA,Aquatic Non-Insects,188,Superfamily,Truncatelloidea,Truncatelloidea,NotDetermined,0,0,0,NA,NA,NA,NA,NA,NA,NA,NA,NA,NA,NA   NA   NA   NA,NA   NA   NA   NA
STTD_2013-10-30 08:50:00,10/30/2013 8:50,STTD,2014,D,FALSE,CLR,NA,NA,14.7,0.22,210,NA,7.36,8.88,48.1,10,Low,789983,791000,1017,1017,6.690959527,6.690959527,1,NA,NA,Aquatic Insects,189,Order,Plecoptera,Plecoptera,Larvae,0,0,0,NA,NA,NA,NA,NA,NA,NA,NA,NA,NA,NA   NA   NA   NA,NA   NA   NA   NA
STTD_2013-10-30 08:50:00,10/30/2013 8:50,STTD,2014,D,FALSE,CLR,NA,NA,14.7,0.22,210,NA,7.36,8.88,48.1,10,Low,789983,791000,1017,1017,6.690959527,6.690959527,1,NA,NA,Aquatic Insects,189,Order,Plecoptera,Plecoptera,Pupae,0,0,0,NA,NA,NA,NA,NA,NA,NA,NA,NA,NA,NA   NA   NA   NA,NA   NA   NA   NA
STTD_2013-10-30 08:50:00,10/30/2013 8:50,STTD,2014,D,FALSE,CLR,NA,NA,14.7,0.22,210,NA,7.36,8.88,48.1,10,Low,789983,791000,1017,1017,6.690959527,6.690959527,1,NA,NA,Aquatic Insects,189,Order,Plecoptera,Plecoptera,Nymphs,0,0,0,NA,NA,NA,NA,NA,NA,NA,NA,NA,NA,NA   NA   NA   NA,NA   NA   NA   NA
STTD_2013-10-30 08:50:00,10/30/2013 8:50,STTD,2014,D,FALSE,CLR,NA,NA,14.7,0.22,210,NA,7.36,8.88,48.1,10,Low,789983,791000,1017,1017,6.690959527,6.690959527,1,NA,NA,Aquatic Insects,189,Order,Plecoptera,Plecoptera,Emergents,0,0,0,NA,NA,NA,NA,NA,NA,NA,NA,NA,NA,NA   NA   NA   NA,NA   NA   NA   NA
STTD_2013-10-30 08:50:00,10/30/2013 8:50,STTD,2014,D,FALSE,CLR,NA,NA,14.7,0.22,210,NA,7.36,8.88,48.1,10,Low,789983,791000,1017,1017,6.690959527,6.690959527,1,NA,NA,Aquatic Insects,189,Order,Plecoptera,Plecoptera,Adults,0,0,0,NA,NA,NA,NA,NA,NA,NA,NA,NA,NA,NA   NA   NA   NA,NA   NA   NA   NA
STTD_2013-10-30 08:50:00,10/30/2013 8:50,STTD,2014,D,FALSE,CLR,NA,NA,14.7,0.22,210,NA,7.36,8.88,48.1,10,Low,789983,791000,1017,1017,6.690959527,6.690959527,1,NA,NA,Aquatic Insects,189,Order,Plecoptera,Plecoptera,NotDetermined,0,0,0,NA,NA,NA,NA,NA,NA,NA,NA,NA,NA,NA   NA   NA   NA,NA   NA   NA   NA
STTD_2013-10-30 08:50:00,10/30/2013 8:50,STTD,2014,D,FALSE,CLR,NA,NA,14.7,0.22,210,NA,7.36,8.88,48.1,10,Low,789983,791000,1017,1017,6.690959527,6.690959527,1,NA,NA,Terrestrial Non-Insects,191,Family,Leptocheliidae,Leptocheliidae,Larvae,0,0,0,NA,NA,NA,NA,NA,NA,NA,NA,NA,NA,NA   NA   NA   NA,NA   NA   NA   NA
STTD_2013-10-30 08:50:00,10/30/2013 8:50,STTD,2014,D,FALSE,CLR,NA,NA,14.7,0.22,210,NA,7.36,8.88,48.1,10,Low,789983,791000,1017,1017,6.690959527,6.690959527,1,NA,NA,Terrestrial Non-Insects,191,Family,Leptocheliidae,Leptocheliidae,Pupae,0,0,0,NA,NA,NA,NA,NA,NA,NA,NA,NA,NA,NA   NA   NA   NA,NA   NA   NA   NA
STTD_2013-10-30 08:50:00,10/30/2013 8:50,STTD,2014,D,FALSE,CLR,NA,NA,14.7,0.22,210,NA,7.36,8.88,48.1,10,Low,789983,791000,1017,1017,6.690959527,6.690959527,1,NA,NA,Terrestrial Non-Insects,191,Family,Leptocheliidae,Leptocheliidae,Nymphs,0,0,0,NA,NA,NA,NA,NA,NA,NA,NA,NA,NA,NA   NA   NA   NA,NA   NA   NA   NA
STTD_2013-10-30 08:50:00,10/30/2013 8:50,STTD,2014,D,FALSE,CLR,NA,NA,14.7,0.22,210,NA,7.36,8.88,48.1,10,Low,789983,791000,1017,1017,6.690959527,6.690959527,1,NA,NA,Terrestrial Non-Insects,191,Family,Leptocheliidae,Leptocheliidae,Emergents,0,0,0,NA,NA,NA,NA,NA,NA,NA,NA,NA,NA,NA   NA   NA   NA,NA   NA   NA   NA
STTD_2013-10-30 08:50:00,10/30/2013 8:50,STTD,2014,D,FALSE,CLR,NA,NA,14.7,0.22,210,NA,7.36,8.88,48.1,10,Low,789983,791000,1017,1017,6.690959527,6.690959527,1,NA,NA,Terrestrial Non-Insects,191,Family,Leptocheliidae,Leptocheliidae,Adults,0,0,0,NA,NA,NA,NA,NA,NA,NA,NA,NA,NA,NA   NA   NA   NA,NA   NA   NA   NA
STTD_2013-10-30 08:50:00,10/30/2013 8:50,STTD,2014,D,FALSE,CLR,NA,NA,14.7,0.22,210,NA,7.36,8.88,48.1,10,Low,789983,791000,1017,1017,6.690959527,6.690959527,1,NA,NA,Terrestrial Non-Insects,191,Family,Leptocheliidae,Leptocheliidae,NotDetermined,0,0,0,NA,NA,NA,NA,NA,NA,NA,NA,NA,NA,NA   NA   NA   NA,NA   NA   NA   NA
STTD_2013-10-30 08:50:00,10/30/2013 8:50,STTD,2014,D,FALSE,CLR,NA,NA,14.7,0.22,210,NA,7.36,8.88,48.1,10,Low,789983,791000,1017,1017,6.690959527,6.690959527,1,NA,NA,Terrestrial Insects,190,Suborder,Hydrachnidia,Hydrachnidia,Larvae,0,0,0,NA,NA,NA,NA,NA,NA,NA,NA,NA,NA,NA   NA   NA   NA,NA   NA   NA   NA
STTD_2013-10-30 08:50:00,10/30/2013 8:50,STTD,2014,D,FALSE,CLR,NA,NA,14.7,0.22,210,NA,7.36,8.88,48.1,10,Low,789983,791000,1017,1017,6.690959527,6.690959527,1,NA,NA,Terrestrial Insects,190,Suborder,Hydrachnidia,Hydrachnidia,Pupae,0,0,0,NA,NA,NA,NA,NA,NA,NA,NA,NA,NA,NA   NA   NA   NA,NA   NA   NA   NA
STTD_2013-10-30 08:50:00,10/30/2013 8:50,STTD,2014,D,FALSE,CLR,NA,NA,14.7,0.22,210,NA,7.36,8.88,48.1,10,Low,789983,791000,1017,1017,6.690959527,6.690959527,1,NA,NA,Terrestrial Insects,190,Suborder,Hydrachnidia,Hydrachnidia,Nymphs,0,0,0,NA,NA,NA,NA,NA,NA,NA,NA,NA,NA,NA   NA   NA   NA,NA   NA   NA   NA
STTD_2013-10-30 08:50:00,10/30/2013 8:50,STTD,2014,D,FALSE,CLR,NA,NA,14.7,0.22,210,NA,7.36,8.88,48.1,10,Low,789983,791000,1017,1017,6.690959527,6.690959527,1,NA,NA,Terrestrial Insects,190,Suborder,Hydrachnidia,Hydrachnidia,Emergents,0,0,0,NA,NA,NA,NA,NA,NA,NA,NA,NA,NA,NA   NA   NA   NA,NA   NA   NA   NA
STTD_2013-10-30 08:50:00,10/30/2013 8:50,STTD,2014,D,FALSE,CLR,NA,NA,14.7,0.22,210,NA,7.36,8.88,48.1,10,Low,789983,791000,1017,1017,6.690959527,6.690959527,1,NA,NA,Terrestrial Insects,190,Suborder,Hydrachnidia,Hydrachnidia,Adults,0,0,0,NA,NA,NA,NA,NA,NA,NA,NA,NA,NA,NA   NA   NA   NA,NA   NA   NA   NA
STTD_2013-10-30 08:50:00,10/30/2013 8:50,STTD,2014,D,FALSE,CLR,NA,NA,14.7,0.22,210,NA,7.36,8.88,48.1,10,Low,789983,791000,1017,1017,6.690959527,6.690959527,1,NA,NA,Terrestrial Insects,190,Suborder,Hydrachnidia,Hydrachnidia,NotDetermined,0,0,0,NA,NA,NA,NA,NA,NA,NA,NA,NA,NA,NA   NA   NA   NA,NA   NA   NA   NA
SHR_2013-10-31 09:20:00,10/31/2013 9:20,SHR,2014,D,FALSE,CLR,NA,NA,14.2,1.7,125,NA,7.21,10.42,3.8,10,Low,784529,790000,5471,5471,35.99433586,35.99433586,1,NA,NA,Aquatic Insects,56,Family,Leptoceridae,Leptoceridae,Larvae,1,0.028,0.028,NA,NA,NA,NA,NA,NA,NA,NA,NA,NA,NA   NA   NA   NA,NA   NA   NA   NA
SHR_2013-10-31 09:20:00,10/31/2013 9:20,SHR,2014,D,FALSE,CLR,NA,NA,14.2,1.7,125,NA,7.21,10.42,3.8,10,Low,784529,790000,5471,5471,35.99433586,35.99433586,1,NA,NA,Aquatic Insects,30,Family,Dytiscidae,Dytiscidae,Adults,2,0.056,0.056,NA,NA,NA,NA,NA,NA,NA,NA,NA,NA,NA   NA   NA   NA,NA   NA   NA   NA
SHR_2013-10-31 09:20:00,10/31/2013 9:20,SHR,2014,D,FALSE,CLR,NA,NA,14.2,1.7,125,NA,7.21,10.42,3.8,10,Low,784529,790000,5471,5471,35.99433586,35.99433586,1,NA,NA,Aquatic Insects,34,Family,Chironomidae,Chironomidae,Larvae,3,0.083,0.083,NA,NA,NA,NA,NA,NA,NA,NA,NA,NA,NA   NA   NA   NA,NA   NA   NA   NA
SHR_2013-10-31 09:20:00,10/31/2013 9:20,SHR,2014,D,FALSE,CLR,NA,NA,14.2,1.7,125,NA,7.21,10.42,3.8,10,Low,784529,790000,5471,5471,35.99433586,35.99433586,1,NA,NA,Aquatic Insects,34,Family,Chironomidae,Chironomidae,Pupae,2,0.056,0.056,NA,NA,NA,NA,NA,NA,NA,NA,NA,NA,NA   NA   NA   NA,NA   NA   NA   NA
SHR_2013-10-31 09:20:00,10/31/2013 9:20,SHR,2014,D,FALSE,CLR,NA,NA,14.2,1.7,125,NA,7.21,10.42,3.8,10,Low,784529,790000,5471,5471,35.99433586,35.99433586,1,NA,NA,Aquatic Insects,34,Family,Chironomidae,Chironomidae,Adults,29,0.806,0.806,NA,NA,NA,NA,NA,NA,NA,NA,NA,NA,NA   NA   NA   NA,NA   NA   NA   NA
SHR_2013-10-31 09:20:00,10/31/2013 9:20,SHR,2014,D,FALSE,CLR,NA,NA,14.2,1.7,125,NA,7.21,10.42,3.8,10,Low,784529,790000,5471,5471,35.99433586,35.99433586,1,NA,NA,Aquatic Insects,36,Family,Ephydridae,Ephydridae,Pupae,1,0.028,0.028,NA,NA,NA,NA,NA,NA,NA,NA,NA,NA,NA   NA   NA   NA,NA   NA   NA   NA
SHR_2013-10-31 09:20:00,10/31/2013 9:20,SHR,2014,D,FALSE,CLR,NA,NA,14.2,1.7,125,NA,7.21,10.42,3.8,10,Low,784529,790000,5471,5471,35.99433586,35.99433586,1,NA,NA,Aquatic Insects,39,Family,Tipulidae,Tipulidae,Larvae,1,0.028,0.028,NA,NA,NA,NA,NA,NA,NA,NA,NA,NA,NA   NA   NA   NA,NA   NA   NA   NA
SHR_2013-10-31 09:20:00,10/31/2013 9:20,SHR,2014,D,FALSE,CLR,NA,NA,14.2,1.7,125,NA,7.21,10.42,3.8,10,Low,784529,790000,5471,5471,35.99433586,35.99433586,1,NA,NA,Aquatic Insects,39,Family,Tipulidae,Tipulidae,Adults,1,0.028,0.028,NA,NA,NA,NA,NA,NA,NA,NA,NA,NA,NA   NA   NA   NA,NA   NA   NA   NA
SHR_2013-10-31 09:20:00,10/31/2013 9:20,SHR,2014,D,FALSE,CLR,NA,NA,14.2,1.7,125,NA,7.21,10.42,3.8,10,Low,784529,790000,5471,5471,35.99433586,35.99433586,1,NA,NA,Aquatic Non-Insects,19,Family,Corbiculidae,Corbiculidae,NotDetermined,1,0.028,0.028,NA,NA,NA,NA,NA,NA,NA,NA,NA,NA,NA   NA   NA   NA,NA   NA   NA   NA
SHR_2013-10-31 09:20:00,10/31/2013 9:20,SHR,2014,D,FALSE,CLR,NA,NA,14.2,1.7,125,NA,7.21,10.42,3.8,10,Low,784529,790000,5471,5471,35.99433586,35.99433586,1,NA,NA,Aquatic Non-Insects,21,Family,Planorbidae,Planorbidae,NotDetermined,1,0.028,0.028,NA,NA,NA,NA,NA,NA,NA,NA,NA,NA,NA   NA   NA   NA,NA   NA   NA   NA
SHR_2013-10-31 09:20:00,10/31/2013 9:20,SHR,2014,D,FALSE,CLR,NA,NA,14.2,1.7,125,NA,7.21,10.42,3.8,10,Low,784529,790000,5471,5471,35.99433586,35.99433586,1,NA,NA,Aquatic Non-Insects,9,Family,Corophiidae,Corophiidae,NotDetermined,1,0.028,0.028,NA,NA,NA,NA,NA,NA,NA,NA,NA,NA,NA   NA   NA   NA,NA   NA   NA   NA
SHR_2013-10-31 09:20:00,10/31/2013 9:20,SHR,2014,D,FALSE,CLR,NA,NA,14.2,1.7,125,NA,7.21,10.42,3.8,10,Low,784529,790000,5471,5471,35.99433586,35.99433586,1,NA,NA,Aquatic Non-Insects,15,Family,Hyalellidae,Hyalellidae,NotDetermined,1,0.028,0.028,NA,NA,NA,NA,NA,NA,NA,NA,NA,NA,NA   NA   NA   NA,NA   NA   NA   NA
SHR_2013-10-31 09:20:00,10/31/2013 9:20,SHR,2014,D,FALSE,CLR,NA,NA,14.2,1.7,125,NA,7.21,10.42,3.8,10,Low,784529,790000,5471,5471,35.99433586,35.99433586,1,NA,NA,Terrestrial Insects,71,Order,Hemiptera,Hemiptera,Larvae,26,0.722,0.722,NA,NA,NA,NA,NA,NA,NA,NA,NA,NA,NA   NA   NA   NA,NA   NA   NA   NA
SHR_2013-10-31 09:20:00,10/31/2013 9:20,SHR,2014,D,FALSE,CLR,NA,NA,14.2,1.7,125,NA,7.21,10.42,3.8,10,Low,784529,790000,5471,5471,35.99433586,35.99433586,1,NA,NA,Terrestrial Insects,71,Order,Hemiptera,Hemiptera,Adults,1,0.028,0.028,NA,NA,NA,NA,NA,NA,NA,NA,NA,NA,NA   NA   NA   NA,NA   NA   NA   NA
SHR_2013-10-31 09:20:00,10/31/2013 9:20,SHR,2014,D,FALSE,CLR,NA,NA,14.2,1.7,125,NA,7.21,10.42,3.8,10,Low,784529,790000,5471,5471,35.99433586,35.99433586,1,NA,NA,Terrestrial Insects,63,Order,Coleoptera,Coleoptera,Larvae,7,0.194,0.194,NA,NA,NA,NA,NA,NA,NA,NA,NA,NA,NA   NA   NA   NA,NA   NA   NA   NA
SHR_2013-10-31 09:20:00,10/31/2013 9:20,SHR,2014,D,FALSE,CLR,NA,NA,14.2,1.7,125,NA,7.21,10.42,3.8,10,Low,784529,790000,5471,5471,35.99433586,35.99433586,1,NA,NA,Terrestrial Insects,63,Order,Coleoptera,Coleoptera,Adults,5,0.139,0.139,NA,NA,NA,NA,NA,NA,NA,NA,NA,NA,NA   NA   NA   NA,NA   NA   NA   NA
SHR_2013-10-31 09:20:00,10/31/2013 9:20,SHR,2014,D,FALSE,CLR,NA,NA,14.2,1.7,125,NA,7.21,10.42,3.8,10,Low,784529,790000,5471,5471,35.99433586,35.99433586,1,NA,NA,Terrestrial Insects,64,Order,Diptera,Diptera,Larvae,1,0.028,0.028,NA,NA,NA,NA,NA,NA,NA,NA,NA,NA,NA   NA   NA   NA,NA   NA   NA   NA
SHR_2013-10-31 09:20:00,10/31/2013 9:20,SHR,2014,D,FALSE,CLR,NA,NA,14.2,1.7,125,NA,7.21,10.42,3.8,10,Low,784529,790000,5471,5471,35.99433586,35.99433586,1,NA,NA,Terrestrial Insects,64,Order,Diptera,Diptera,Adults,3,0.083,0.083,NA,NA,NA,NA,NA,NA,NA,NA,NA,NA,NA   NA   NA   NA,NA   NA   NA   NA
SHR_2013-10-31 09:20:00,10/31/2013 9:20,SHR,2014,D,FALSE,CLR,NA,NA,14.2,1.7,125,NA,7.21,10.42,3.8,10,Low,784529,790000,5471,5471,35.99433586,35.99433586,1,NA,NA,Terrestrial Insects,73,Order,Lepidoptera,Lepidoptera,Larvae,1,0.028,0.028,NA,NA,NA,NA,NA,NA,NA,NA,NA,NA,NA   NA   NA   NA,NA   NA   NA   NA
SHR_2013-10-31 09:20:00,10/31/2013 9:20,SHR,2014,D,FALSE,CLR,NA,NA,14.2,1.7,125,NA,7.21,10.42,3.8,10,Low,784529,790000,5471,5471,35.99433586,35.99433586,1,NA,NA,Terrestrial Insects,73,Order,Lepidoptera,Lepidoptera,Adults,1,0.028,0.028,NA,NA,NA,NA,NA,NA,NA,NA,NA,NA,NA   NA   NA   NA,NA   NA   NA   NA
SHR_2013-10-31 09:20:00,10/31/2013 9:20,SHR,2014,D,FALSE,CLR,NA,NA,14.2,1.7,125,NA,7.21,10.42,3.8,10,Low,784529,790000,5471,5471,35.99433586,35.99433586,1,NA,NA,Terrestrial Non-Insects,68,Order,Collembola,Collembola,NotDetermined,1,0.028,0.028,NA,NA,NA,NA,NA,NA,NA,NA,NA,NA,NA   NA   NA   NA,NA   NA   NA   NA
SHR_2013-10-31 09:20:00,10/31/2013 9:20,SHR,2014,D,FALSE,CLR,NA,NA,14.2,1.7,125,NA,7.21,10.42,3.8,10,Low,784529,790000,5471,5471,35.99433586,35.99433586,1,NA,NA,Terrestrial Insects,66,Order,Hymenoptera,Hymenoptera,Adults,4,0.111,0.111,NA,NA,NA,NA,NA,NA,NA,NA,NA,NA,NA   NA   NA   NA,NA   NA   NA   NA
SHR_2013-10-31 09:20:00,10/31/2013 9:20,SHR,2014,D,FALSE,CLR,NA,NA,14.2,1.7,125,NA,7.21,10.42,3.8,10,Low,784529,790000,5471,5471,35.99433586,35.99433586,1,NA,NA,Terrestrial Insects,67,Order,Psocoptera,Psocoptera,Adults,4,0.111,0.111,NA,NA,NA,NA,NA,NA,NA,NA,NA,NA,NA   NA   NA   NA,NA   NA   NA   NA
SHR_2013-10-31 09:20:00,10/31/2013 9:20,SHR,2014,D,FALSE,CLR,NA,NA,14.2,1.7,125,NA,7.21,10.42,3.8,10,Low,784529,790000,5471,5471,35.99433586,35.99433586,1,NA,NA,Terrestrial Non-Insects,58,Suborder,Araneida,Araneida,NotDetermined,2,0.056,0.056,NA,NA,NA,NA,NA,NA,NA,NA,NA,NA,NA   NA   NA   NA,NA   NA   NA   NA
STTD_2013-11-12 09:50:00,11/12/2013 9:50,STTD,2014,D,FALSE,CLD,NA,NA,13.4,0.19,194,NA,7.97,9.58,65.6,10,Low,782001,784000,1999,1999,13.15165004,13.15165004,1,"flood tide, motor used",NA,Aquatic Insects,46,Family,Coenagrionidae,Coenagrionidae,Larvae,1,0.076,0.076,NA,NA,NA,NA,NA,NA,NA,NA,NA,NA,NA   NA   NA   NA,NA   NA   NA   NA
STTD_2013-11-12 09:50:00,11/12/2013 9:50,STTD,2014,D,FALSE,CLD,NA,NA,13.4,0.19,194,NA,7.97,9.58,65.6,10,Low,782001,784000,1999,1999,13.15165004,13.15165004,1,"flood tide, motor used",NA,Aquatic Insects,95,Family,Veliidae,Veliidae,Larvae,1,0.076,0.076,NA,NA,NA,NA,NA,NA,NA,NA,NA,NA,NA   NA   NA   NA,NA   NA   NA   NA
STTD_2013-11-12 09:50:00,11/12/2013 9:50,STTD,2014,D,FALSE,CLD,NA,NA,13.4,0.19,194,NA,7.97,9.58,65.6,10,Low,782001,784000,1999,1999,13.15165004,13.15165004,1,"flood tide, motor used",NA,Aquatic Insects,34,Family,Chironomidae,Chironomidae,Adults,2,0.152,0.152,NA,NA,NA,NA,NA,NA,NA,NA,NA,NA,NA   NA   NA   NA,NA   NA   NA   NA
STTD_2013-11-12 09:50:00,11/12/2013 9:50,STTD,2014,D,FALSE,CLD,NA,NA,13.4,0.19,194,NA,7.97,9.58,65.6,10,Low,782001,784000,1999,1999,13.15165004,13.15165004,1,"flood tide, motor used",NA,Aquatic Non-Insects,11,Family,Gammaridae,Gammaridae,NotDetermined,2,0.152,0.152,NA,NA,NA,NA,NA,NA,NA,NA,NA,NA,NA   NA   NA   NA,NA   NA   NA   NA
STTD_2013-11-12 09:50:00,11/12/2013 9:50,STTD,2014,D,FALSE,CLD,NA,NA,13.4,0.19,194,NA,7.97,9.58,65.6,10,Low,782001,784000,1999,1999,13.15165004,13.15165004,1,"flood tide, motor used",NA,Terrestrial Insects,71,Order,Hemiptera,Hemiptera,Larvae,4,0.304,0.304,NA,NA,NA,NA,NA,NA,NA,NA,NA,NA,NA   NA   NA   NA,NA   NA   NA   NA
STTD_2013-11-12 09:50:00,11/12/2013 9:50,STTD,2014,D,FALSE,CLD,NA,NA,13.4,0.19,194,NA,7.97,9.58,65.6,10,Low,782001,784000,1999,1999,13.15165004,13.15165004,1,"flood tide, motor used",NA,Terrestrial Insects,71,Order,Hemiptera,Hemiptera,Adults,1,0.076,0.076,NA,NA,NA,NA,NA,NA,NA,NA,NA,NA,NA   NA   NA   NA,NA   NA   NA   NA
STTD_2013-11-12 09:50:00,11/12/2013 9:50,STTD,2014,D,FALSE,CLD,NA,NA,13.4,0.19,194,NA,7.97,9.58,65.6,10,Low,782001,784000,1999,1999,13.15165004,13.15165004,1,"flood tide, motor used",NA,Terrestrial Insects,63,Order,Coleoptera,Coleoptera,Adults,1,0.076,0.076,NA,NA,NA,NA,NA,NA,NA,NA,NA,NA,NA   NA   NA   NA,NA   NA   NA   NA
STTD_2013-11-12 09:50:00,11/12/2013 9:50,STTD,2014,D,FALSE,CLD,NA,NA,13.4,0.19,194,NA,7.97,9.58,65.6,10,Low,782001,784000,1999,1999,13.15165004,13.15165004,1,"flood tide, motor used",NA,Terrestrial Insects,66,Order,Hymenoptera,Hymenoptera,Adults,2,0.152,0.152,NA,NA,NA,NA,NA,NA,NA,NA,NA,NA,NA   NA   NA   NA,NA   NA   NA   NA
STTD_2013-11-12 09:50:00,11/12/2013 9:50,STTD,2014,D,FALSE,CLD,NA,NA,13.4,0.19,194,NA,7.97,9.58,65.6,10,Low,782001,784000,1999,1999,13.15165004,13.15165004,1,"flood tide, motor used",NA,Terrestrial Insects,67,Order,Psocoptera,Psocoptera,Larvae,1,0.076,0.076,NA,NA,NA,NA,NA,NA,NA,NA,NA,NA,NA   NA   NA   NA,NA   NA   NA   NA
STTD_2013-11-12 09:50:00,11/12/2013 9:50,STTD,2014,D,FALSE,CLD,NA,NA,13.4,0.19,194,NA,7.97,9.58,65.6,10,Low,782001,784000,1999,1999,13.15165004,13.15165004,1,"flood tide, motor used",NA,Terrestrial Non-Insects,58,Suborder,Araneida,Araneida,NotDetermined,1,0.076,0.076,NA,NA,NA,NA,NA,NA,NA,NA,NA,NA,NA   NA   NA   NA,NA   NA   NA   NA
STTD_2013-11-12 09:50:00,11/12/2013 9:50,STTD,2014,D,FALSE,CLD,NA,NA,13.4,0.19,194,NA,7.97,9.58,65.6,10,Low,782001,784000,1999,1999,13.15165004,13.15165004,1,"flood tide, motor used",NA,Aquatic Non-Insects,13,Family,Mysidae,Mysidae,Larvae,0,0,0,NA,NA,NA,NA,NA,NA,NA,NA,NA,NA,NA   NA   NA   NA,NA   NA   NA   NA
STTD_2013-11-12 09:50:00,11/12/2013 9:50,STTD,2014,D,FALSE,CLD,NA,NA,13.4,0.19,194,NA,7.97,9.58,65.6,10,Low,782001,784000,1999,1999,13.15165004,13.15165004,1,"flood tide, motor used",NA,Aquatic Non-Insects,13,Family,Mysidae,Mysidae,Pupae,0,0,0,NA,NA,NA,NA,NA,NA,NA,NA,NA,NA,NA   NA   NA   NA,NA   NA   NA   NA
STTD_2013-11-12 09:50:00,11/12/2013 9:50,STTD,2014,D,FALSE,CLD,NA,NA,13.4,0.19,194,NA,7.97,9.58,65.6,10,Low,782001,784000,1999,1999,13.15165004,13.15165004,1,"flood tide, motor used",NA,Aquatic Non-Insects,13,Family,Mysidae,Mysidae,Nymphs,0,0,0,NA,NA,NA,NA,NA,NA,NA,NA,NA,NA,NA   NA   NA   NA,NA   NA   NA   NA
STTD_2013-11-12 09:50:00,11/12/2013 9:50,STTD,2014,D,FALSE,CLD,NA,NA,13.4,0.19,194,NA,7.97,9.58,65.6,10,Low,782001,784000,1999,1999,13.15165004,13.15165004,1,"flood tide, motor used",NA,Aquatic Non-Insects,13,Family,Mysidae,Mysidae,Emergents,0,0,0,NA,NA,NA,NA,NA,NA,NA,NA,NA,NA,NA   NA   NA   NA,NA   NA   NA   NA
STTD_2013-11-12 09:50:00,11/12/2013 9:50,STTD,2014,D,FALSE,CLD,NA,NA,13.4,0.19,194,NA,7.97,9.58,65.6,10,Low,782001,784000,1999,1999,13.15165004,13.15165004,1,"flood tide, motor used",NA,Aquatic Non-Insects,13,Family,Mysidae,Mysidae,Adults,0,0,0,NA,NA,NA,NA,NA,NA,NA,NA,NA,NA,NA   NA   NA   NA,NA   NA   NA   NA
STTD_2013-11-12 09:50:00,11/12/2013 9:50,STTD,2014,D,FALSE,CLD,NA,NA,13.4,0.19,194,NA,7.97,9.58,65.6,10,Low,782001,784000,1999,1999,13.15165004,13.15165004,1,"flood tide, motor used",NA,Aquatic Non-Insects,13,Family,Mysidae,Mysidae,NotDetermined,1,0.076,0.076,NA,NA,NA,NA,NA,NA,NA,NA,NA,NA,NA   NA   NA   NA,NA   NA   NA   NA
SHR_2013-11-13 09:44:00,11/13/2013 9:44,SHR,2014,D,FALSE,CLR,NA,NA,13.3,1.41,124,NA,7.4,10.22,3.2,10,Low,776473,781700,5227,5227,34.38903191,34.38903191,1,NA,NA,Aquatic Insects,40,Family,Caenidae,Caenidae,Larvae,1,0.029,0.029,NA,NA,NA,NA,NA,NA,NA,NA,NA,NA,NA   NA   NA   NA,NA   NA   NA   NA
SHR_2013-11-13 09:44:00,11/13/2013 9:44,SHR,2014,D,FALSE,CLR,NA,NA,13.3,1.41,124,NA,7.4,10.22,3.2,10,Low,776473,781700,5227,5227,34.38903191,34.38903191,1,NA,NA,Aquatic Insects,46,Family,Coenagrionidae,Coenagrionidae,Larvae,2,0.058,0.058,NA,NA,NA,NA,NA,NA,NA,NA,NA,NA,NA   NA   NA   NA,NA   NA   NA   NA
SHR_2013-11-13 09:44:00,11/13/2013 9:44,SHR,2014,D,FALSE,CLR,NA,NA,13.3,1.41,124,NA,7.4,10.22,3.2,10,Low,776473,781700,5227,5227,34.38903191,34.38903191,1,NA,NA,Aquatic Insects,30,Family,Dytiscidae,Dytiscidae,Adults,1,0.029,0.029,NA,NA,NA,NA,NA,NA,NA,NA,NA,NA,NA   NA   NA   NA,NA   NA   NA   NA
SHR_2013-11-13 09:44:00,11/13/2013 9:44,SHR,2014,D,FALSE,CLR,NA,NA,13.3,1.41,124,NA,7.4,10.22,3.2,10,Low,776473,781700,5227,5227,34.38903191,34.38903191,1,NA,NA,Aquatic Insects,34,Family,Chironomidae,Chironomidae,Larvae,3,0.087,0.087,NA,NA,NA,NA,NA,NA,NA,NA,NA,NA,NA   NA   NA   NA,NA   NA   NA   NA
SHR_2013-11-13 09:44:00,11/13/2013 9:44,SHR,2014,D,FALSE,CLR,NA,NA,13.3,1.41,124,NA,7.4,10.22,3.2,10,Low,776473,781700,5227,5227,34.38903191,34.38903191,1,NA,NA,Aquatic Insects,34,Family,Chironomidae,Chironomidae,Pupae,8,0.233,0.233,NA,NA,NA,NA,NA,NA,NA,NA,NA,NA,NA   NA   NA   NA,NA   NA   NA   NA
SHR_2013-11-13 09:44:00,11/13/2013 9:44,SHR,2014,D,FALSE,CLR,NA,NA,13.3,1.41,124,NA,7.4,10.22,3.2,10,Low,776473,781700,5227,5227,34.38903191,34.38903191,1,NA,NA,Aquatic Insects,34,Family,Chironomidae,Chironomidae,Adults,111,3.228,3.228,NA,NA,NA,NA,NA,NA,NA,NA,NA,NA,NA   NA   NA   NA,NA   NA   NA   NA
SHR_2013-11-13 09:44:00,11/13/2013 9:44,SHR,2014,D,FALSE,CLR,NA,NA,13.3,1.41,124,NA,7.4,10.22,3.2,10,Low,776473,781700,5227,5227,34.38903191,34.38903191,1,NA,NA,Aquatic Insects,37,Family,Psychodidae,Psychodidae,Adults,1,0.029,0.029,NA,NA,NA,NA,NA,NA,NA,NA,NA,NA,NA   NA   NA   NA,NA   NA   NA   NA
SHR_2013-11-13 09:44:00,11/13/2013 9:44,SHR,2014,D,FALSE,CLR,NA,NA,13.3,1.41,124,NA,7.4,10.22,3.2,10,Low,776473,781700,5227,5227,34.38903191,34.38903191,1,NA,NA,Aquatic Insects,39,Family,Tipulidae,Tipulidae,Larvae,2,0.058,0.058,NA,NA,NA,NA,NA,NA,NA,NA,NA,NA,NA   NA   NA   NA,NA   NA   NA   NA
SHR_2013-11-13 09:44:00,11/13/2013 9:44,SHR,2014,D,FALSE,CLR,NA,NA,13.3,1.41,124,NA,7.4,10.22,3.2,10,Low,776473,781700,5227,5227,34.38903191,34.38903191,1,NA,NA,Aquatic Non-Insects,4,Family,Naididae,Naididae,NotDetermined,2,0.058,0.058,NA,NA,NA,NA,NA,NA,NA,NA,NA,NA,NA   NA   NA   NA,NA   NA   NA   NA
SHR_2013-11-13 09:44:00,11/13/2013 9:44,SHR,2014,D,FALSE,CLR,NA,NA,13.3,1.41,124,NA,7.4,10.22,3.2,10,Low,776473,781700,5227,5227,34.38903191,34.38903191,1,NA,NA,Aquatic Non-Insects,20,Family,Physidae,Physidae,NotDetermined,3,0.087,0.087,NA,NA,NA,NA,NA,NA,NA,NA,NA,NA,NA   NA   NA   NA,NA   NA   NA   NA
SHR_2013-11-13 09:44:00,11/13/2013 9:44,SHR,2014,D,FALSE,CLR,NA,NA,13.3,1.41,124,NA,7.4,10.22,3.2,10,Low,776473,781700,5227,5227,34.38903191,34.38903191,1,NA,NA,Aquatic Non-Insects,9,Family,Corophiidae,Corophiidae,NotDetermined,1,0.029,0.029,NA,NA,NA,NA,NA,NA,NA,NA,NA,NA,NA   NA   NA   NA,NA   NA   NA   NA
SHR_2013-11-13 09:44:00,11/13/2013 9:44,SHR,2014,D,FALSE,CLR,NA,NA,13.3,1.41,124,NA,7.4,10.22,3.2,10,Low,776473,781700,5227,5227,34.38903191,34.38903191,1,NA,NA,Aquatic Non-Insects,28,Family,Lebertiidae,Lebertiidae,NotDetermined,1,0.029,0.029,NA,NA,NA,NA,NA,NA,NA,NA,NA,NA,NA   NA   NA   NA,NA   NA   NA   NA
SHR_2013-11-13 09:44:00,11/13/2013 9:44,SHR,2014,D,FALSE,CLR,NA,NA,13.3,1.41,124,NA,7.4,10.22,3.2,10,Low,776473,781700,5227,5227,34.38903191,34.38903191,1,NA,NA,Aquatic Non-Insects,120,Family,Lebertiidae,Lebertiidae,NotDetermined,1,0.029,0.029,NA,NA,NA,NA,NA,NA,NA,NA,NA,NA,NA   NA   NA   NA,NA   NA   NA   NA
SHR_2013-11-13 09:44:00,11/13/2013 9:44,SHR,2014,D,FALSE,CLR,NA,NA,13.3,1.41,124,NA,7.4,10.22,3.2,10,Low,776473,781700,5227,5227,34.38903191,34.38903191,1,NA,NA,Aquatic Non-Insects,130,Phylum,Nematoda,Nematoda,NotDetermined,1,0.029,0.029,NA,NA,NA,NA,NA,NA,NA,NA,NA,NA,NA   NA   NA   NA,NA   NA   NA   NA
SHR_2013-11-13 09:44:00,11/13/2013 9:44,SHR,2014,D,FALSE,CLR,NA,NA,13.3,1.41,124,NA,7.4,10.22,3.2,10,Low,776473,781700,5227,5227,34.38903191,34.38903191,1,NA,NA,Terrestrial Insects,71,Order,Hemiptera,Hemiptera,Larvae,38,1.105,1.105,NA,NA,NA,NA,NA,NA,NA,NA,NA,NA,NA   NA   NA   NA,NA   NA   NA   NA
SHR_2013-11-13 09:44:00,11/13/2013 9:44,SHR,2014,D,FALSE,CLR,NA,NA,13.3,1.41,124,NA,7.4,10.22,3.2,10,Low,776473,781700,5227,5227,34.38903191,34.38903191,1,NA,NA,Terrestrial Insects,63,Order,Coleoptera,Coleoptera,Larvae,3,0.087,0.087,NA,NA,NA,NA,NA,NA,NA,NA,NA,NA,NA   NA   NA   NA,NA   NA   NA   NA
SHR_2013-11-13 09:44:00,11/13/2013 9:44,SHR,2014,D,FALSE,CLR,NA,NA,13.3,1.41,124,NA,7.4,10.22,3.2,10,Low,776473,781700,5227,5227,34.38903191,34.38903191,1,NA,NA,Terrestrial Insects,64,Order,Diptera,Diptera,Pupae,1,0.029,0.029,NA,NA,NA,NA,NA,NA,NA,NA,NA,NA,NA   NA   NA   NA,NA   NA   NA   NA
SHR_2013-11-13 09:44:00,11/13/2013 9:44,SHR,2014,D,FALSE,CLR,NA,NA,13.3,1.41,124,NA,7.4,10.22,3.2,10,Low,776473,781700,5227,5227,34.38903191,34.38903191,1,NA,NA,Terrestrial Insects,64,Order,Diptera,Diptera,Adults,9,0.262,0.262,NA,NA,NA,NA,NA,NA,NA,NA,NA,NA,NA   NA   NA   NA,NA   NA   NA   NA
SHR_2013-11-13 09:44:00,11/13/2013 9:44,SHR,2014,D,FALSE,CLR,NA,NA,13.3,1.41,124,NA,7.4,10.22,3.2,10,Low,776473,781700,5227,5227,34.38903191,34.38903191,1,NA,NA,Terrestrial Insects,73,Order,Lepidoptera,Lepidoptera,Larvae,1,0.029,0.029,NA,NA,NA,NA,NA,NA,NA,NA,NA,NA,NA   NA   NA   NA,NA   NA   NA   NA
SHR_2013-11-13 09:44:00,11/13/2013 9:44,SHR,2014,D,FALSE,CLR,NA,NA,13.3,1.41,124,NA,7.4,10.22,3.2,10,Low,776473,781700,5227,5227,34.38903191,34.38903191,1,NA,NA,Terrestrial Insects,73,Order,Lepidoptera,Lepidoptera,Adults,3,0.087,0.087,NA,NA,NA,NA,NA,NA,NA,NA,NA,NA,NA   NA   NA   NA,NA   NA   NA   NA
SHR_2013-11-13 09:44:00,11/13/2013 9:44,SHR,2014,D,FALSE,CLR,NA,NA,13.3,1.41,124,NA,7.4,10.22,3.2,10,Low,776473,781700,5227,5227,34.38903191,34.38903191,1,NA,NA,Terrestrial Insects,66,Order,Hymenoptera,Hymenoptera,Adults,19,0.553,0.553,NA,NA,NA,NA,NA,NA,NA,NA,NA,NA,NA   NA   NA   NA,NA   NA   NA   NA
SHR_2013-11-13 09:44:00,11/13/2013 9:44,SHR,2014,D,FALSE,CLR,NA,NA,13.3,1.41,124,NA,7.4,10.22,3.2,10,Low,776473,781700,5227,5227,34.38903191,34.38903191,1,NA,NA,Terrestrial Insects,67,Order,Psocoptera,Psocoptera,Adults,7,0.204,0.204,NA,NA,NA,NA,NA,NA,NA,NA,NA,NA,NA   NA   NA   NA,NA   NA   NA   NA
SHR_2013-11-13 09:44:00,11/13/2013 9:44,SHR,2014,D,FALSE,CLR,NA,NA,13.3,1.41,124,NA,7.4,10.22,3.2,10,Low,776473,781700,5227,5227,34.38903191,34.38903191,1,NA,NA,Terrestrial Non-Insects,143,Order,Opiliones,Opiliones,NotDetermined,1,0.029,0.029,NA,NA,NA,NA,NA,NA,NA,NA,NA,NA,NA   NA   NA   NA,NA   NA   NA   NA
SHR_2013-12-03 09:20:00,12/3/2013 9:20,SHR,2014,D,FALSE,CLD,NA,NA,11.3,1.7,134,NA,7.85,10.69,4.3,10,Low,771091,776400,5309,5309,34.9285193,34.9285193,1,"jet boat used, ebb tide",NA,Aquatic Insects,144,Order,Ephemeroptera,Ephemerpotera,Adults,1,0.029,0.029,NA,NA,NA,NA,NA,NA,NA,NA,NA,NA,NA   NA   NA   NA,NA   NA   NA   NA
SHR_2013-12-03 09:20:00,12/3/2013 9:20,SHR,2014,D,FALSE,CLD,NA,NA,11.3,1.7,134,NA,7.85,10.69,4.3,10,Low,771091,776400,5309,5309,34.9285193,34.9285193,1,"jet boat used, ebb tide",NA,Aquatic Insects,34,Family,Chironomidae,Chironomidae,Pupae,3,0.086,0.086,NA,NA,NA,NA,NA,NA,NA,NA,NA,NA,NA   NA   NA   NA,NA   NA   NA   NA
SHR_2013-12-03 09:20:00,12/3/2013 9:20,SHR,2014,D,FALSE,CLD,NA,NA,11.3,1.7,134,NA,7.85,10.69,4.3,10,Low,771091,776400,5309,5309,34.9285193,34.9285193,1,"jet boat used, ebb tide",NA,Aquatic Insects,34,Family,Chironomidae,Chironomidae,Adults,46,1.317,1.317,NA,NA,NA,NA,NA,NA,NA,NA,NA,NA,NA   NA   NA   NA,NA   NA   NA   NA
SHR_2013-12-03 09:20:00,12/3/2013 9:20,SHR,2014,D,FALSE,CLD,NA,NA,11.3,1.7,134,NA,7.85,10.69,4.3,10,Low,771091,776400,5309,5309,34.9285193,34.9285193,1,"jet boat used, ebb tide",NA,Aquatic Insects,35,Family,Empididae,Empididae,Pupae,1,0.029,0.029,NA,NA,NA,NA,NA,NA,NA,NA,NA,NA,NA   NA   NA   NA,NA   NA   NA   NA
SHR_2013-12-03 09:20:00,12/3/2013 9:20,SHR,2014,D,FALSE,CLD,NA,NA,11.3,1.7,134,NA,7.85,10.69,4.3,10,Low,771091,776400,5309,5309,34.9285193,34.9285193,1,"jet boat used, ebb tide",NA,Aquatic Non-Insects,21,Family,Planorbidae,Planorbidae,NotDetermined,1,0.029,0.029,NA,NA,NA,NA,NA,NA,NA,NA,NA,NA,NA   NA   NA   NA,NA   NA   NA   NA
SHR_2013-12-03 09:20:00,12/3/2013 9:20,SHR,2014,D,FALSE,CLD,NA,NA,11.3,1.7,134,NA,7.85,10.69,4.3,10,Low,771091,776400,5309,5309,34.9285193,34.9285193,1,"jet boat used, ebb tide",NA,Terrestrial Insects,71,Order,Hemiptera,Hemiptera,Larvae,12,0.344,0.344,NA,NA,NA,NA,NA,NA,NA,NA,NA,NA,NA   NA   NA   NA,NA   NA   NA   NA
SHR_2013-12-03 09:20:00,12/3/2013 9:20,SHR,2014,D,FALSE,CLD,NA,NA,11.3,1.7,134,NA,7.85,10.69,4.3,10,Low,771091,776400,5309,5309,34.9285193,34.9285193,1,"jet boat used, ebb tide",NA,Terrestrial Insects,63,Order,Coleoptera,Coleoptera,Larvae,1,0.029,0.029,NA,NA,NA,NA,NA,NA,NA,NA,NA,NA,NA   NA   NA   NA,NA   NA   NA   NA
SHR_2013-12-03 09:20:00,12/3/2013 9:20,SHR,2014,D,FALSE,CLD,NA,NA,11.3,1.7,134,NA,7.85,10.69,4.3,10,Low,771091,776400,5309,5309,34.9285193,34.9285193,1,"jet boat used, ebb tide",NA,Terrestrial Insects,63,Order,Coleoptera,Coleoptera,Adults,3,0.086,0.086,NA,NA,NA,NA,NA,NA,NA,NA,NA,NA,NA   NA   NA   NA,NA   NA   NA   NA
SHR_2013-12-03 09:20:00,12/3/2013 9:20,SHR,2014,D,FALSE,CLD,NA,NA,11.3,1.7,134,NA,7.85,10.69,4.3,10,Low,771091,776400,5309,5309,34.9285193,34.9285193,1,"jet boat used, ebb tide",NA,Terrestrial Insects,64,Order,Diptera,Diptera,Adults,1,0.029,0.029,NA,NA,NA,NA,NA,NA,NA,NA,NA,NA,NA   NA   NA   NA,NA   NA   NA   NA
SHR_2013-12-03 09:20:00,12/3/2013 9:20,SHR,2014,D,FALSE,CLD,NA,NA,11.3,1.7,134,NA,7.85,10.69,4.3,10,Low,771091,776400,5309,5309,34.9285193,34.9285193,1,"jet boat used, ebb tide",NA,Terrestrial Non-Insects,68,Order,Collembola,Collembola,NotDetermined,1,0.029,0.029,NA,NA,NA,NA,NA,NA,NA,NA,NA,NA,NA   NA   NA   NA,NA   NA   NA   NA
SHR_2013-12-03 09:20:00,12/3/2013 9:20,SHR,2014,D,FALSE,CLD,NA,NA,11.3,1.7,134,NA,7.85,10.69,4.3,10,Low,771091,776400,5309,5309,34.9285193,34.9285193,1,"jet boat used, ebb tide",NA,Terrestrial Insects,66,Order,Hymenoptera,Hymenoptera,Adults,22,0.63,0.63,NA,NA,NA,NA,NA,NA,NA,NA,NA,NA,NA   NA   NA   NA,NA   NA   NA   NA
SHR_2013-12-03 09:20:00,12/3/2013 9:20,SHR,2014,D,FALSE,CLD,NA,NA,11.3,1.7,134,NA,7.85,10.69,4.3,10,Low,771091,776400,5309,5309,34.9285193,34.9285193,1,"jet boat used, ebb tide",NA,Terrestrial Insects,74,Order,Neuroptera,Neuroptera,Adults,1,0.029,0.029,NA,NA,NA,NA,NA,NA,NA,NA,NA,NA,NA   NA   NA   NA,NA   NA   NA   NA
SHR_2013-12-03 09:20:00,12/3/2013 9:20,SHR,2014,D,FALSE,CLD,NA,NA,11.3,1.7,134,NA,7.85,10.69,4.3,10,Low,771091,776400,5309,5309,34.9285193,34.9285193,1,"jet boat used, ebb tide",NA,Terrestrial Insects,67,Order,Psocoptera,Psocoptera,Adults,1,0.029,0.029,NA,NA,NA,NA,NA,NA,NA,NA,NA,NA,NA   NA   NA   NA,NA   NA   NA   NA
SHR_2013-12-03 09:20:00,12/3/2013 9:20,SHR,2014,D,FALSE,CLD,NA,NA,11.3,1.7,134,NA,7.85,10.69,4.3,10,Low,771091,776400,5309,5309,34.9285193,34.9285193,1,"jet boat used, ebb tide",NA,Terrestrial Insects,85,Order,Thysanoptera,Thysanoptera,Adults,1,0.029,0.029,NA,NA,NA,NA,NA,NA,NA,NA,NA,NA,NA   NA   NA   NA,NA   NA   NA   NA
SHR_2013-12-03 09:20:00,12/3/2013 9:20,SHR,2014,D,FALSE,CLD,NA,NA,11.3,1.7,134,NA,7.85,10.69,4.3,10,Low,771091,776400,5309,5309,34.9285193,34.9285193,1,"jet boat used, ebb tide",NA,Terrestrial Non-Insects,143,Order,Opiliones,Opiliones,NotDetermined,1,0.029,0.029,NA,NA,NA,NA,NA,NA,NA,NA,NA,NA,NA   NA   NA   NA,NA   NA   NA   NA
SHR_2013-12-03 09:20:00,12/3/2013 9:20,SHR,2014,D,FALSE,CLD,NA,NA,11.3,1.7,134,NA,7.85,10.69,4.3,10,Low,771091,776400,5309,5309,34.9285193,34.9285193,1,"jet boat used, ebb tide",NA,Aquatic Non-Insects,9,Family,Corophiidae,Corophiidae,Larvae,0,0,0,NA,NA,NA,NA,NA,NA,NA,NA,NA,NA,NA   NA   NA   NA,NA   NA   NA   NA
SHR_2013-12-03 09:20:00,12/3/2013 9:20,SHR,2014,D,FALSE,CLD,NA,NA,11.3,1.7,134,NA,7.85,10.69,4.3,10,Low,771091,776400,5309,5309,34.9285193,34.9285193,1,"jet boat used, ebb tide",NA,Aquatic Non-Insects,9,Family,Corophiidae,Corophiidae,Pupae,0,0,0,NA,NA,NA,NA,NA,NA,NA,NA,NA,NA,NA   NA   NA   NA,NA   NA   NA   NA
SHR_2013-12-03 09:20:00,12/3/2013 9:20,SHR,2014,D,FALSE,CLD,NA,NA,11.3,1.7,134,NA,7.85,10.69,4.3,10,Low,771091,776400,5309,5309,34.9285193,34.9285193,1,"jet boat used, ebb tide",NA,Aquatic Non-Insects,9,Family,Corophiidae,Corophiidae,Nymphs,0,0,0,NA,NA,NA,NA,NA,NA,NA,NA,NA,NA,NA   NA   NA   NA,NA   NA   NA   NA
SHR_2013-12-03 09:20:00,12/3/2013 9:20,SHR,2014,D,FALSE,CLD,NA,NA,11.3,1.7,134,NA,7.85,10.69,4.3,10,Low,771091,776400,5309,5309,34.9285193,34.9285193,1,"jet boat used, ebb tide",NA,Aquatic Non-Insects,9,Family,Corophiidae,Corophiidae,Emergents,0,0,0,NA,NA,NA,NA,NA,NA,NA,NA,NA,NA,NA   NA   NA   NA,NA   NA   NA   NA
SHR_2013-12-03 09:20:00,12/3/2013 9:20,SHR,2014,D,FALSE,CLD,NA,NA,11.3,1.7,134,NA,7.85,10.69,4.3,10,Low,771091,776400,5309,5309,34.9285193,34.9285193,1,"jet boat used, ebb tide",NA,Aquatic Non-Insects,9,Family,Corophiidae,Corophiidae,Adults,0,0,0,NA,NA,NA,NA,NA,NA,NA,NA,NA,NA,NA   NA   NA   NA,NA   NA   NA   NA
SHR_2013-12-03 09:20:00,12/3/2013 9:20,SHR,2014,D,FALSE,CLD,NA,NA,11.3,1.7,134,NA,7.85,10.69,4.3,10,Low,771091,776400,5309,5309,34.9285193,34.9285193,1,"jet boat used, ebb tide",NA,Aquatic Non-Insects,9,Family,Corophiidae,Corophiidae,NotDetermined,1,0.029,0.029,NA,NA,NA,NA,NA,NA,NA,NA,NA,NA,NA   NA   NA   NA,NA   NA   NA   NA
STTD_2013-12-04 09:45:00,12/4/2013 9:45,STTD,2014,D,FALSE,CLR,NA,NA,9.3,0.2,228,NA,8.08,10.07,55.3,10,Low,768519,771000,2481,2481,16.32278327,16.32278327,1,NA,NA,Aquatic Non-Insects,188,Superfamily,Truncatelloidea,Truncatelloidea,Larvae,0,0,0,NA,NA,NA,NA,NA,NA,NA,NA,NA,NA,NA   NA   NA   NA,NA   NA   NA   NA
STTD_2013-12-04 09:45:00,12/4/2013 9:45,STTD,2014,D,FALSE,CLR,NA,NA,9.3,0.2,228,NA,8.08,10.07,55.3,10,Low,768519,771000,2481,2481,16.32278327,16.32278327,1,NA,NA,Aquatic Non-Insects,188,Superfamily,Truncatelloidea,Truncatelloidea,Pupae,0,0,0,NA,NA,NA,NA,NA,NA,NA,NA,NA,NA,NA   NA   NA   NA,NA   NA   NA   NA
STTD_2013-12-04 09:45:00,12/4/2013 9:45,STTD,2014,D,FALSE,CLR,NA,NA,9.3,0.2,228,NA,8.08,10.07,55.3,10,Low,768519,771000,2481,2481,16.32278327,16.32278327,1,NA,NA,Aquatic Non-Insects,188,Superfamily,Truncatelloidea,Truncatelloidea,Nymphs,0,0,0,NA,NA,NA,NA,NA,NA,NA,NA,NA,NA,NA   NA   NA   NA,NA   NA   NA   NA
STTD_2013-12-04 09:45:00,12/4/2013 9:45,STTD,2014,D,FALSE,CLR,NA,NA,9.3,0.2,228,NA,8.08,10.07,55.3,10,Low,768519,771000,2481,2481,16.32278327,16.32278327,1,NA,NA,Aquatic Non-Insects,188,Superfamily,Truncatelloidea,Truncatelloidea,Emergents,0,0,0,NA,NA,NA,NA,NA,NA,NA,NA,NA,NA,NA   NA   NA   NA,NA   NA   NA   NA
STTD_2013-12-04 09:45:00,12/4/2013 9:45,STTD,2014,D,FALSE,CLR,NA,NA,9.3,0.2,228,NA,8.08,10.07,55.3,10,Low,768519,771000,2481,2481,16.32278327,16.32278327,1,NA,NA,Aquatic Non-Insects,188,Superfamily,Truncatelloidea,Truncatelloidea,Adults,0,0,0,NA,NA,NA,NA,NA,NA,NA,NA,NA,NA,NA   NA   NA   NA,NA   NA   NA   NA
STTD_2013-12-04 09:45:00,12/4/2013 9:45,STTD,2014,D,FALSE,CLR,NA,NA,9.3,0.2,228,NA,8.08,10.07,55.3,10,Low,768519,771000,2481,2481,16.32278327,16.32278327,1,NA,NA,Aquatic Non-Insects,188,Superfamily,Truncatelloidea,Truncatelloidea,NotDetermined,0,0,0,NA,NA,NA,NA,NA,NA,NA,NA,NA,NA,NA   NA   NA   NA,NA   NA   NA   NA
STTD_2013-12-04 09:45:00,12/4/2013 9:45,STTD,2014,D,FALSE,CLR,NA,NA,9.3,0.2,228,NA,8.08,10.07,55.3,10,Low,768519,771000,2481,2481,16.32278327,16.32278327,1,NA,NA,Aquatic Insects,189,Order,Plecoptera,Plecoptera,Larvae,0,0,0,NA,NA,NA,NA,NA,NA,NA,NA,NA,NA,NA   NA   NA   NA,NA   NA   NA   NA
STTD_2013-12-04 09:45:00,12/4/2013 9:45,STTD,2014,D,FALSE,CLR,NA,NA,9.3,0.2,228,NA,8.08,10.07,55.3,10,Low,768519,771000,2481,2481,16.32278327,16.32278327,1,NA,NA,Aquatic Insects,189,Order,Plecoptera,Plecoptera,Pupae,0,0,0,NA,NA,NA,NA,NA,NA,NA,NA,NA,NA,NA   NA   NA   NA,NA   NA   NA   NA
STTD_2013-12-04 09:45:00,12/4/2013 9:45,STTD,2014,D,FALSE,CLR,NA,NA,9.3,0.2,228,NA,8.08,10.07,55.3,10,Low,768519,771000,2481,2481,16.32278327,16.32278327,1,NA,NA,Aquatic Insects,189,Order,Plecoptera,Plecoptera,Nymphs,0,0,0,NA,NA,NA,NA,NA,NA,NA,NA,NA,NA,NA   NA   NA   NA,NA   NA   NA   NA
STTD_2013-12-04 09:45:00,12/4/2013 9:45,STTD,2014,D,FALSE,CLR,NA,NA,9.3,0.2,228,NA,8.08,10.07,55.3,10,Low,768519,771000,2481,2481,16.32278327,16.32278327,1,NA,NA,Aquatic Insects,189,Order,Plecoptera,Plecoptera,Emergents,0,0,0,NA,NA,NA,NA,NA,NA,NA,NA,NA,NA,NA   NA   NA   NA,NA   NA   NA   NA
STTD_2013-12-04 09:45:00,12/4/2013 9:45,STTD,2014,D,FALSE,CLR,NA,NA,9.3,0.2,228,NA,8.08,10.07,55.3,10,Low,768519,771000,2481,2481,16.32278327,16.32278327,1,NA,NA,Aquatic Insects,189,Order,Plecoptera,Plecoptera,Adults,0,0,0,NA,NA,NA,NA,NA,NA,NA,NA,NA,NA,NA   NA   NA   NA,NA   NA   NA   NA
STTD_2013-12-04 09:45:00,12/4/2013 9:45,STTD,2014,D,FALSE,CLR,NA,NA,9.3,0.2,228,NA,8.08,10.07,55.3,10,Low,768519,771000,2481,2481,16.32278327,16.32278327,1,NA,NA,Aquatic Insects,189,Order,Plecoptera,Plecoptera,NotDetermined,0,0,0,NA,NA,NA,NA,NA,NA,NA,NA,NA,NA,NA   NA   NA   NA,NA   NA   NA   NA
STTD_2013-12-04 09:45:00,12/4/2013 9:45,STTD,2014,D,FALSE,CLR,NA,NA,9.3,0.2,228,NA,8.08,10.07,55.3,10,Low,768519,771000,2481,2481,16.32278327,16.32278327,1,NA,NA,Terrestrial Non-Insects,191,Family,Leptocheliidae,Leptocheliidae,Larvae,0,0,0,NA,NA,NA,NA,NA,NA,NA,NA,NA,NA,NA   NA   NA   NA,NA   NA   NA   NA
STTD_2013-12-04 09:45:00,12/4/2013 9:45,STTD,2014,D,FALSE,CLR,NA,NA,9.3,0.2,228,NA,8.08,10.07,55.3,10,Low,768519,771000,2481,2481,16.32278327,16.32278327,1,NA,NA,Terrestrial Non-Insects,191,Family,Leptocheliidae,Leptocheliidae,Pupae,0,0,0,NA,NA,NA,NA,NA,NA,NA,NA,NA,NA,NA   NA   NA   NA,NA   NA   NA   NA
STTD_2013-12-04 09:45:00,12/4/2013 9:45,STTD,2014,D,FALSE,CLR,NA,NA,9.3,0.2,228,NA,8.08,10.07,55.3,10,Low,768519,771000,2481,2481,16.32278327,16.32278327,1,NA,NA,Terrestrial Non-Insects,191,Family,Leptocheliidae,Leptocheliidae,Nymphs,0,0,0,NA,NA,NA,NA,NA,NA,NA,NA,NA,NA,NA   NA   NA   NA,NA   NA   NA   NA
STTD_2013-12-04 09:45:00,12/4/2013 9:45,STTD,2014,D,FALSE,CLR,NA,NA,9.3,0.2,228,NA,8.08,10.07,55.3,10,Low,768519,771000,2481,2481,16.32278327,16.32278327,1,NA,NA,Terrestrial Non-Insects,191,Family,Leptocheliidae,Leptocheliidae,Emergents,0,0,0,NA,NA,NA,NA,NA,NA,NA,NA,NA,NA,NA   NA   NA   NA,NA   NA   NA   NA
STTD_2013-12-04 09:45:00,12/4/2013 9:45,STTD,2014,D,FALSE,CLR,NA,NA,9.3,0.2,228,NA,8.08,10.07,55.3,10,Low,768519,771000,2481,2481,16.32278327,16.32278327,1,NA,NA,Terrestrial Non-Insects,191,Family,Leptocheliidae,Leptocheliidae,Adults,0,0,0,NA,NA,NA,NA,NA,NA,NA,NA,NA,NA,NA   NA   NA   NA,NA   NA   NA   NA
STTD_2013-12-04 09:45:00,12/4/2013 9:45,STTD,2014,D,FALSE,CLR,NA,NA,9.3,0.2,228,NA,8.08,10.07,55.3,10,Low,768519,771000,2481,2481,16.32278327,16.32278327,1,NA,NA,Terrestrial Non-Insects,191,Family,Leptocheliidae,Leptocheliidae,NotDetermined,0,0,0,NA,NA,NA,NA,NA,NA,NA,NA,NA,NA,NA   NA   NA   NA,NA   NA   NA   NA
STTD_2013-12-04 09:45:00,12/4/2013 9:45,STTD,2014,D,FALSE,CLR,NA,NA,9.3,0.2,228,NA,8.08,10.07,55.3,10,Low,768519,771000,2481,2481,16.32278327,16.32278327,1,NA,NA,Terrestrial Insects,190,Suborder,Hydrachnidia,Hydrachnidia,Larvae,0,0,0,NA,NA,NA,NA,NA,NA,NA,NA,NA,NA,NA   NA   NA   NA,NA   NA   NA   NA
STTD_2013-12-04 09:45:00,12/4/2013 9:45,STTD,2014,D,FALSE,CLR,NA,NA,9.3,0.2,228,NA,8.08,10.07,55.3,10,Low,768519,771000,2481,2481,16.32278327,16.32278327,1,NA,NA,Terrestrial Insects,190,Suborder,Hydrachnidia,Hydrachnidia,Pupae,0,0,0,NA,NA,NA,NA,NA,NA,NA,NA,NA,NA,NA   NA   NA   NA,NA   NA   NA   NA
STTD_2013-12-04 09:45:00,12/4/2013 9:45,STTD,2014,D,FALSE,CLR,NA,NA,9.3,0.2,228,NA,8.08,10.07,55.3,10,Low,768519,771000,2481,2481,16.32278327,16.32278327,1,NA,NA,Terrestrial Insects,190,Suborder,Hydrachnidia,Hydrachnidia,Nymphs,0,0,0,NA,NA,NA,NA,NA,NA,NA,NA,NA,NA,NA   NA   NA   NA,NA   NA   NA   NA
STTD_2013-12-04 09:45:00,12/4/2013 9:45,STTD,2014,D,FALSE,CLR,NA,NA,9.3,0.2,228,NA,8.08,10.07,55.3,10,Low,768519,771000,2481,2481,16.32278327,16.32278327,1,NA,NA,Terrestrial Insects,190,Suborder,Hydrachnidia,Hydrachnidia,Emergents,0,0,0,NA,NA,NA,NA,NA,NA,NA,NA,NA,NA,NA   NA   NA   NA,NA   NA   NA   NA
STTD_2013-12-04 09:45:00,12/4/2013 9:45,STTD,2014,D,FALSE,CLR,NA,NA,9.3,0.2,228,NA,8.08,10.07,55.3,10,Low,768519,771000,2481,2481,16.32278327,16.32278327,1,NA,NA,Terrestrial Insects,190,Suborder,Hydrachnidia,Hydrachnidia,Adults,0,0,0,NA,NA,NA,NA,NA,NA,NA,NA,NA,NA,NA   NA   NA   NA,NA   NA   NA   NA
STTD_2013-12-04 09:45:00,12/4/2013 9:45,STTD,2014,D,FALSE,CLR,NA,NA,9.3,0.2,228,NA,8.08,10.07,55.3,10,Low,768519,771000,2481,2481,16.32278327,16.32278327,1,NA,NA,Terrestrial Insects,190,Suborder,Hydrachnidia,Hydrachnidia,NotDetermined,0,0,0,NA,NA,NA,NA,NA,NA,NA,NA,NA,NA,NA   NA   NA   NA,NA   NA   NA   NA
SHR_2013-12-17 09:20:00,12/17/2013 9:20,SHR,2014,D,FALSE,CLD,NA,NA,7.6,NA,123,NA,7.99,12.32,5.8,10,Low,763567,769000,5433,5433,35.74432951,35.74432951,1,"ebb tide, jet boat used",NA,Terrestrial Insects,71,Order,Hemiptera,Hemiptera,Adults,1,0.028,0.028,NA,NA,NA,NA,NA,NA,NA,NA,NA,NA,NA   NA   NA   NA,NA   NA   NA   NA
SHR_2013-12-17 09:20:00,12/17/2013 9:20,SHR,2014,D,FALSE,CLD,NA,NA,7.6,NA,123,NA,7.99,12.32,5.8,10,Low,763567,769000,5433,5433,35.74432951,35.74432951,1,"ebb tide, jet boat used",NA,Terrestrial Insects,64,Order,Diptera,Diptera,Adults,1,0.028,0.028,NA,NA,NA,NA,NA,NA,NA,NA,NA,NA,NA   NA   NA   NA,NA   NA   NA   NA
SHR_2013-12-17 09:20:00,12/17/2013 9:20,SHR,2014,D,FALSE,CLD,NA,NA,7.6,NA,123,NA,7.99,12.32,5.8,10,Low,763567,769000,5433,5433,35.74432951,35.74432951,1,"ebb tide, jet boat used",NA,Aquatic Insects,34,Family,Chironomidae,Chironomidae,Pupae,2,0.056,0.056,NA,NA,NA,NA,NA,NA,NA,NA,NA,NA,NA   NA   NA   NA,NA   NA   NA   NA
SHR_2013-12-17 09:20:00,12/17/2013 9:20,SHR,2014,D,FALSE,CLD,NA,NA,7.6,NA,123,NA,7.99,12.32,5.8,10,Low,763567,769000,5433,5433,35.74432951,35.74432951,1,"ebb tide, jet boat used",NA,Aquatic Insects,34,Family,Chironomidae,Chironomidae,Adults,3,0.084,0.084,NA,NA,NA,NA,NA,NA,NA,NA,NA,NA,NA   NA   NA   NA,NA   NA   NA   NA
STTD_2013-12-18 09:15:00,12/18/2013 9:15,STTD,2014,D,FALSE,CLR,NA,NA,6.2,0.34,270,NA,8.11,12.3,27.1,10,Low,759472,763000,3528,3528,23.21111624,23.21111624,1,NA,NA,Aquatic Insects,34,Family,Chironomidae,Chironomidae,Adults,40,1.723,1.723,NA,NA,NA,NA,NA,NA,NA,NA,NA,NA,NA   NA   NA   NA,NA   NA   NA   NA
STTD_2013-12-18 09:15:00,12/18/2013 9:15,STTD,2014,D,FALSE,CLR,NA,NA,6.2,0.34,270,NA,8.11,12.3,27.1,10,Low,759472,763000,3528,3528,23.21111624,23.21111624,1,NA,NA,Aquatic Insects,83,Family,Psychomyiidae,Psychomyiidae,Adults,1,0.043,0.043,NA,NA,NA,NA,NA,NA,NA,NA,NA,NA,NA   NA   NA   NA,NA   NA   NA   NA
STTD_2013-12-18 09:15:00,12/18/2013 9:15,STTD,2014,D,FALSE,CLR,NA,NA,6.2,0.34,270,NA,8.11,12.3,27.1,10,Low,759472,763000,3528,3528,23.21111624,23.21111624,1,NA,NA,Aquatic Non-Insects,9,Family,Corophiidae,Corophiidae,NotDetermined,1,0.043,0.043,NA,NA,NA,NA,NA,NA,NA,NA,NA,NA,NA   NA   NA   NA,NA   NA   NA   NA
STTD_2013-12-18 09:15:00,12/18/2013 9:15,STTD,2014,D,FALSE,CLR,NA,NA,6.2,0.34,270,NA,8.11,12.3,27.1,10,Low,759472,763000,3528,3528,23.21111624,23.21111624,1,NA,NA,Aquatic Non-Insects,118,Class,Ostracoda,Ostracod,NotDetermined,1,0.043,0.043,NA,NA,NA,NA,NA,NA,NA,NA,NA,NA,NA   NA   NA   NA,NA   NA   NA   NA
STTD_2013-12-18 09:15:00,12/18/2013 9:15,STTD,2014,D,FALSE,CLR,NA,NA,6.2,0.34,270,NA,8.11,12.3,27.1,10,Low,759472,763000,3528,3528,23.21111624,23.21111624,1,NA,NA,Terrestrial Insects,71,Order,Hemiptera,Hemiptera,Adults,20,0.862,0.862,NA,NA,NA,NA,NA,NA,NA,NA,NA,NA,NA   NA   NA   NA,NA   NA   NA   NA
STTD_2013-12-18 09:15:00,12/18/2013 9:15,STTD,2014,D,FALSE,CLR,NA,NA,6.2,0.34,270,NA,8.11,12.3,27.1,10,Low,759472,763000,3528,3528,23.21111624,23.21111624,1,NA,NA,Terrestrial Insects,63,Order,Coleoptera,Coleoptera,Larvae,1,0.043,0.043,NA,NA,NA,NA,NA,NA,NA,NA,NA,NA,NA   NA   NA   NA,NA   NA   NA   NA
STTD_2013-12-18 09:15:00,12/18/2013 9:15,STTD,2014,D,FALSE,CLR,NA,NA,6.2,0.34,270,NA,8.11,12.3,27.1,10,Low,759472,763000,3528,3528,23.21111624,23.21111624,1,NA,NA,Terrestrial Insects,63,Order,Coleoptera,Coleoptera,Adults,1,0.043,0.043,NA,NA,NA,NA,NA,NA,NA,NA,NA,NA,NA   NA   NA   NA,NA   NA   NA   NA
STTD_2013-12-18 09:15:00,12/18/2013 9:15,STTD,2014,D,FALSE,CLR,NA,NA,6.2,0.34,270,NA,8.11,12.3,27.1,10,Low,759472,763000,3528,3528,23.21111624,23.21111624,1,NA,NA,Terrestrial Insects,64,Order,Diptera,Diptera,Adults,2,0.086,0.086,NA,NA,NA,NA,NA,NA,NA,NA,NA,NA,NA   NA   NA   NA,NA   NA   NA   NA
STTD_2013-12-18 09:15:00,12/18/2013 9:15,STTD,2014,D,FALSE,CLR,NA,NA,6.2,0.34,270,NA,8.11,12.3,27.1,10,Low,759472,763000,3528,3528,23.21111624,23.21111624,1,NA,NA,Terrestrial Non-Insects,68,Order,Collembola,Collembola,NotDetermined,18,0.775,0.775,NA,NA,NA,NA,NA,NA,NA,NA,NA,NA,NA   NA   NA   NA,NA   NA   NA   NA
STTD_2013-12-18 09:15:00,12/18/2013 9:15,STTD,2014,D,FALSE,CLR,NA,NA,6.2,0.34,270,NA,8.11,12.3,27.1,10,Low,759472,763000,3528,3528,23.21111624,23.21111624,1,NA,NA,Terrestrial Insects,66,Order,Hymenoptera,Hymenoptera,Adults,4,0.172,0.172,NA,NA,NA,NA,NA,NA,NA,NA,NA,NA,NA   NA   NA   NA,NA   NA   NA   NA
STTD_2013-12-18 09:15:00,12/18/2013 9:15,STTD,2014,D,FALSE,CLR,NA,NA,6.2,0.34,270,NA,8.11,12.3,27.1,10,Low,759472,763000,3528,3528,23.21111624,23.21111624,1,NA,NA,Terrestrial Non-Insects,143,Order,Opiliones,Opiliones,NotDetermined,1,0.043,0.043,NA,NA,NA,NA,NA,NA,NA,NA,NA,NA,NA   NA   NA   NA,NA   NA   NA   NA
STTD_2013-12-18 09:15:00,12/18/2013 9:15,STTD,2014,D,FALSE,CLR,NA,NA,6.2,0.34,270,NA,8.11,12.3,27.1,10,Low,759472,763000,3528,3528,23.21111624,23.21111624,1,NA,NA,Terrestrial Non-Insects,58,Suborder,Araneida,Araneida,NotDetermined,4,0.172,0.172,NA,NA,NA,NA,NA,NA,NA,NA,NA,NA,NA   NA   NA   NA,NA   NA   NA   NA
STTD_2014-01-02 10:07:00,1/2/2014 10:07,STTD,2014,D,FALSE,CLR,NA,NA,7.1,0.34,514,NA,7.79,11.38,26.5,10,Low,756057,760000,3943,3943,25.94144879,25.94144879,1,NA,NA,Aquatic Insects,34,Family,Chironomidae,Chironomidae,Adults,5,0.193,0.193,NA,NA,NA,NA,NA,NA,NA,NA,NA,NA,NA   NA   NA   NA,NA   NA   NA   NA
STTD_2014-01-02 10:07:00,1/2/2014 10:07,STTD,2014,D,FALSE,CLR,NA,NA,7.1,0.34,514,NA,7.79,11.38,26.5,10,Low,756057,760000,3943,3943,25.94144879,25.94144879,1,NA,NA,Terrestrial Insects,71,Order,Hemiptera,Hemiptera,Adults,1,0.039,0.039,NA,NA,NA,NA,NA,NA,NA,NA,NA,NA,NA   NA   NA   NA,NA   NA   NA   NA
STTD_2014-01-02 10:07:00,1/2/2014 10:07,STTD,2014,D,FALSE,CLR,NA,NA,7.1,0.34,514,NA,7.79,11.38,26.5,10,Low,756057,760000,3943,3943,25.94144879,25.94144879,1,NA,NA,Terrestrial Non-Insects,68,Order,Collembola,Collembola,NotDetermined,2,0.077,0.077,NA,NA,NA,NA,NA,NA,NA,NA,NA,NA,NA   NA   NA   NA,NA   NA   NA   NA
STTD_2014-01-02 10:07:00,1/2/2014 10:07,STTD,2014,D,FALSE,CLR,NA,NA,7.1,0.34,514,NA,7.79,11.38,26.5,10,Low,756057,760000,3943,3943,25.94144879,25.94144879,1,NA,NA,Terrestrial Insects,74,Order,Neuroptera,Neuroptera,Larvae,1,0.039,0.039,NA,NA,NA,NA,NA,NA,NA,NA,NA,NA,NA   NA   NA   NA,NA   NA   NA   NA
SHR_2014-01-03 09:30:00,1/3/2014 9:30,SHR,2014,D,FALSE,CLR,NA,NA,8.4,1.4,118,NA,7.61,12.12,4.57,10,Low,750313,755000,4687,4687,30.83631003,30.83631003,1,"ebb tide but low flow, jet boat used",NA,Aquatic Insects,144,Order,Ephemeroptera,Ephemerpotera,Adults,1,0.032,0.032,NA,NA,NA,NA,NA,NA,NA,NA,NA,NA,NA   NA   NA   NA,NA   NA   NA   NA
SHR_2014-01-03 09:30:00,1/3/2014 9:30,SHR,2014,D,FALSE,CLR,NA,NA,8.4,1.4,118,NA,7.61,12.12,4.57,10,Low,750313,755000,4687,4687,30.83631003,30.83631003,1,"ebb tide but low flow, jet boat used",NA,Aquatic Insects,88,Family,Hydroptilidae,Hydroptilidae,Adults,5,0.162,0.162,NA,NA,NA,NA,NA,NA,NA,NA,NA,NA,NA   NA   NA   NA,NA   NA   NA   NA
SHR_2014-01-03 09:30:00,1/3/2014 9:30,SHR,2014,D,FALSE,CLR,NA,NA,8.4,1.4,118,NA,7.61,12.12,4.57,10,Low,750313,755000,4687,4687,30.83631003,30.83631003,1,"ebb tide but low flow, jet boat used",NA,Aquatic Insects,34,Family,Chironomidae,Chironomidae,Larvae,2,0.065,0.065,NA,NA,NA,NA,NA,NA,NA,NA,NA,NA,NA   NA   NA   NA,NA   NA   NA   NA
SHR_2014-01-03 09:30:00,1/3/2014 9:30,SHR,2014,D,FALSE,CLR,NA,NA,8.4,1.4,118,NA,7.61,12.12,4.57,10,Low,750313,755000,4687,4687,30.83631003,30.83631003,1,"ebb tide but low flow, jet boat used",NA,Aquatic Insects,34,Family,Chironomidae,Chironomidae,Adults,91,2.951,2.951,NA,NA,NA,NA,NA,NA,NA,NA,NA,NA,NA   NA   NA   NA,NA   NA   NA   NA
SHR_2014-01-03 09:30:00,1/3/2014 9:30,SHR,2014,D,FALSE,CLR,NA,NA,8.4,1.4,118,NA,7.61,12.12,4.57,10,Low,750313,755000,4687,4687,30.83631003,30.83631003,1,"ebb tide but low flow, jet boat used",NA,Aquatic Non-Insects,127,Family,Hydrobiidae,Hydrobiidae,NotDetermined,1,0.032,0.032,NA,NA,NA,NA,NA,NA,NA,NA,NA,NA,NA   NA   NA   NA,NA   NA   NA   NA
SHR_2014-01-03 09:30:00,1/3/2014 9:30,SHR,2014,D,FALSE,CLR,NA,NA,8.4,1.4,118,NA,7.61,12.12,4.57,10,Low,750313,755000,4687,4687,30.83631003,30.83631003,1,"ebb tide but low flow, jet boat used",NA,Aquatic Non-Insects,20,Family,Physidae,Physidae,NotDetermined,2,0.065,0.065,NA,NA,NA,NA,NA,NA,NA,NA,NA,NA,NA   NA   NA   NA,NA   NA   NA   NA
SHR_2014-01-03 09:30:00,1/3/2014 9:30,SHR,2014,D,FALSE,CLR,NA,NA,8.4,1.4,118,NA,7.61,12.12,4.57,10,Low,750313,755000,4687,4687,30.83631003,30.83631003,1,"ebb tide but low flow, jet boat used",NA,Aquatic Non-Insects,21,Family,Planorbidae,Planorbidae,NotDetermined,2,0.065,0.065,NA,NA,NA,NA,NA,NA,NA,NA,NA,NA,NA   NA   NA   NA,NA   NA   NA   NA
SHR_2014-01-03 09:30:00,1/3/2014 9:30,SHR,2014,D,FALSE,CLR,NA,NA,8.4,1.4,118,NA,7.61,12.12,4.57,10,Low,750313,755000,4687,4687,30.83631003,30.83631003,1,"ebb tide but low flow, jet boat used",NA,Aquatic Non-Insects,9,Family,Corophiidae,Corophiidae,NotDetermined,3,0.097,0.097,NA,NA,NA,NA,NA,NA,NA,NA,NA,NA,NA   NA   NA   NA,NA   NA   NA   NA
SHR_2014-01-03 09:30:00,1/3/2014 9:30,SHR,2014,D,FALSE,CLR,NA,NA,8.4,1.4,118,NA,7.61,12.12,4.57,10,Low,750313,755000,4687,4687,30.83631003,30.83631003,1,"ebb tide but low flow, jet boat used",NA,Aquatic Non-Insects,15,Family,Hyalellidae,Hyalellidae,NotDetermined,2,0.065,0.065,NA,NA,NA,NA,NA,NA,NA,NA,NA,NA,NA   NA   NA   NA,NA   NA   NA   NA
SHR_2014-01-03 09:30:00,1/3/2014 9:30,SHR,2014,D,FALSE,CLR,NA,NA,8.4,1.4,118,NA,7.61,12.12,4.57,10,Low,750313,755000,4687,4687,30.83631003,30.83631003,1,"ebb tide but low flow, jet boat used",NA,Terrestrial Insects,71,Order,Hemiptera,Hemiptera,Adults,46,1.492,1.492,NA,NA,NA,NA,NA,NA,NA,NA,NA,NA,NA   NA   NA   NA,NA   NA   NA   NA
SHR_2014-01-03 09:30:00,1/3/2014 9:30,SHR,2014,D,FALSE,CLR,NA,NA,8.4,1.4,118,NA,7.61,12.12,4.57,10,Low,750313,755000,4687,4687,30.83631003,30.83631003,1,"ebb tide but low flow, jet boat used",NA,Terrestrial Insects,63,Order,Coleoptera,Coleoptera,Adults,18,0.584,0.584,NA,NA,NA,NA,NA,NA,NA,NA,NA,NA,NA   NA   NA   NA,NA   NA   NA   NA
SHR_2014-01-03 09:30:00,1/3/2014 9:30,SHR,2014,D,FALSE,CLR,NA,NA,8.4,1.4,118,NA,7.61,12.12,4.57,10,Low,750313,755000,4687,4687,30.83631003,30.83631003,1,"ebb tide but low flow, jet boat used",NA,Terrestrial Insects,64,Order,Diptera,Diptera,Adults,2,0.065,0.065,NA,NA,NA,NA,NA,NA,NA,NA,NA,NA,NA   NA   NA   NA,NA   NA   NA   NA
SHR_2014-01-03 09:30:00,1/3/2014 9:30,SHR,2014,D,FALSE,CLR,NA,NA,8.4,1.4,118,NA,7.61,12.12,4.57,10,Low,750313,755000,4687,4687,30.83631003,30.83631003,1,"ebb tide but low flow, jet boat used",NA,Terrestrial Non-Insects,68,Order,Collembola,Collembola,NotDetermined,3,0.097,0.097,NA,NA,NA,NA,NA,NA,NA,NA,NA,NA,NA   NA   NA   NA,NA   NA   NA   NA
SHR_2014-01-03 09:30:00,1/3/2014 9:30,SHR,2014,D,FALSE,CLR,NA,NA,8.4,1.4,118,NA,7.61,12.12,4.57,10,Low,750313,755000,4687,4687,30.83631003,30.83631003,1,"ebb tide but low flow, jet boat used",NA,Terrestrial Insects,66,Order,Hymenoptera,Hymenoptera,Adults,50,1.621,1.621,NA,NA,NA,NA,NA,NA,NA,NA,NA,NA,NA   NA   NA   NA,NA   NA   NA   NA
SHR_2014-01-03 09:30:00,1/3/2014 9:30,SHR,2014,D,FALSE,CLR,NA,NA,8.4,1.4,118,NA,7.61,12.12,4.57,10,Low,750313,755000,4687,4687,30.83631003,30.83631003,1,"ebb tide but low flow, jet boat used",NA,Terrestrial Insects,67,Order,Psocoptera,Psocoptera,Adults,6,0.195,0.195,NA,NA,NA,NA,NA,NA,NA,NA,NA,NA,NA   NA   NA   NA,NA   NA   NA   NA
SHR_2014-01-03 09:30:00,1/3/2014 9:30,SHR,2014,D,FALSE,CLR,NA,NA,8.4,1.4,118,NA,7.61,12.12,4.57,10,Low,750313,755000,4687,4687,30.83631003,30.83631003,1,"ebb tide but low flow, jet boat used",NA,Terrestrial Non-Insects,57,Subclass,Acari,Acari,NotDetermined,4,0.13,0.13,NA,NA,NA,NA,NA,NA,NA,NA,NA,NA,NA   NA   NA   NA,NA   NA   NA   NA
SHR_2014-01-03 09:30:00,1/3/2014 9:30,SHR,2014,D,FALSE,CLR,NA,NA,8.4,1.4,118,NA,7.61,12.12,4.57,10,Low,750313,755000,4687,4687,30.83631003,30.83631003,1,"ebb tide but low flow, jet boat used",NA,Terrestrial Non-Insects,58,Suborder,Araneida,Araneida,NotDetermined,7,0.227,0.227,NA,NA,NA,NA,NA,NA,NA,NA,NA,NA,NA   NA   NA   NA,NA   NA   NA   NA
STTD_2014-01-15 09:33:00,1/15/2014 9:33,STTD,2014,D,FALSE,CLR,NA,NA,8.2,0.23,565,NA,7.81,11.1,36.3,10,Low,740351,744000,3649,3649,24.0071891,24.0071891,1,NA,NA,Aquatic Insects,34,Family,Chironomidae,Chironomidae,Larvae,1,0.042,0.042,NA,NA,NA,NA,NA,NA,NA,NA,NA,NA,NA   NA   NA   NA,NA   NA   NA   NA
STTD_2014-01-15 09:33:00,1/15/2014 9:33,STTD,2014,D,FALSE,CLR,NA,NA,8.2,0.23,565,NA,7.81,11.1,36.3,10,Low,740351,744000,3649,3649,24.0071891,24.0071891,1,NA,NA,Aquatic Insects,34,Family,Chironomidae,Chironomidae,Adults,1,0.042,0.042,NA,NA,NA,NA,NA,NA,NA,NA,NA,NA,NA   NA   NA   NA,NA   NA   NA   NA
STTD_2014-01-15 09:33:00,1/15/2014 9:33,STTD,2014,D,FALSE,CLR,NA,NA,8.2,0.23,565,NA,7.81,11.1,36.3,10,Low,740351,744000,3649,3649,24.0071891,24.0071891,1,NA,NA,Aquatic Non-Insects,153,Family,Daphniidae,Daphniidae,NotDetermined,1,0.042,0.042,NA,NA,NA,NA,NA,NA,NA,NA,NA,NA,NA   NA   NA   NA,NA   NA   NA   NA
STTD_2014-01-15 09:33:00,1/15/2014 9:33,STTD,2014,D,FALSE,CLR,NA,NA,8.2,0.23,565,NA,7.81,11.1,36.3,10,Low,740351,744000,3649,3649,24.0071891,24.0071891,1,NA,NA,Aquatic Non-Insects,7,Order,Cyclopoida,Cyclopoid,NotDetermined,1,0.042,0.042,NA,NA,NA,NA,NA,NA,NA,NA,NA,NA,NA   NA   NA   NA,NA   NA   NA   NA
STTD_2014-01-15 09:33:00,1/15/2014 9:33,STTD,2014,D,FALSE,CLR,NA,NA,8.2,0.23,565,NA,7.81,11.1,36.3,10,Low,740351,744000,3649,3649,24.0071891,24.0071891,1,NA,NA,Aquatic Non-Insects,154,Order,Cyclopoida,Cyclopoid,NotDetermined,1,0.042,0.042,NA,NA,NA,NA,NA,NA,NA,NA,NA,NA,NA   NA   NA   NA,NA   NA   NA   NA
STTD_2014-01-15 09:33:00,1/15/2014 9:33,STTD,2014,D,FALSE,CLR,NA,NA,8.2,0.23,565,NA,7.81,11.1,36.3,10,Low,740351,744000,3649,3649,24.0071891,24.0071891,1,NA,NA,Terrestrial Insects,71,Order,Hemiptera,Hemiptera,Adults,14,0.583,0.583,NA,NA,NA,NA,NA,NA,NA,NA,NA,NA,NA   NA   NA   NA,NA   NA   NA   NA
STTD_2014-01-15 09:33:00,1/15/2014 9:33,STTD,2014,D,FALSE,CLR,NA,NA,8.2,0.23,565,NA,7.81,11.1,36.3,10,Low,740351,744000,3649,3649,24.0071891,24.0071891,1,NA,NA,Terrestrial Insects,63,Order,Coleoptera,Coleoptera,Adults,1,0.042,0.042,NA,NA,NA,NA,NA,NA,NA,NA,NA,NA,NA   NA   NA   NA,NA   NA   NA   NA
STTD_2014-01-15 09:33:00,1/15/2014 9:33,STTD,2014,D,FALSE,CLR,NA,NA,8.2,0.23,565,NA,7.81,11.1,36.3,10,Low,740351,744000,3649,3649,24.0071891,24.0071891,1,NA,NA,Terrestrial Insects,64,Order,Diptera,Diptera,Adults,1,0.042,0.042,NA,NA,NA,NA,NA,NA,NA,NA,NA,NA,NA   NA   NA   NA,NA   NA   NA   NA
STTD_2014-01-15 09:33:00,1/15/2014 9:33,STTD,2014,D,FALSE,CLR,NA,NA,8.2,0.23,565,NA,7.81,11.1,36.3,10,Low,740351,744000,3649,3649,24.0071891,24.0071891,1,NA,NA,Terrestrial Non-Insects,68,Order,Collembola,Collembola,NotDetermined,1,0.042,0.042,NA,NA,NA,NA,NA,NA,NA,NA,NA,NA,NA   NA   NA   NA,NA   NA   NA   NA
STTD_2014-01-15 09:33:00,1/15/2014 9:33,STTD,2014,D,FALSE,CLR,NA,NA,8.2,0.23,565,NA,7.81,11.1,36.3,10,Low,740351,744000,3649,3649,24.0071891,24.0071891,1,NA,NA,Terrestrial Insects,66,Order,Hymenoptera,Hymenoptera,Adults,2,0.083,0.083,NA,NA,NA,NA,NA,NA,NA,NA,NA,NA,NA   NA   NA   NA,NA   NA   NA   NA
SHR_2014-01-28 09:35:00,1/28/2014 9:35,SHR,2014,D,FALSE,CLD,NA,NA,10.1,1.52,141,NA,7.73,12.37,5.08,10,Low,736198,740000,3802,3802,25.01379363,25.01379363,1,NA,NA,Aquatic Insects,144,Order,Ephemeroptera,Ephemerpotera,Adults,1,0.04,0.04,NA,NA,NA,NA,NA,NA,NA,NA,NA,NA,NA   NA   NA   NA,NA   NA   NA   NA
SHR_2014-01-28 09:35:00,1/28/2014 9:35,SHR,2014,D,FALSE,CLD,NA,NA,10.1,1.52,141,NA,7.73,12.37,5.08,10,Low,736198,740000,3802,3802,25.01379363,25.01379363,1,NA,NA,Aquatic Insects,48,Family,Hydropsychidae,Hydropsychidae,Larvae,2,0.08,0.08,NA,NA,NA,NA,NA,NA,NA,NA,NA,NA,NA   NA   NA   NA,NA   NA   NA   NA
SHR_2014-01-28 09:35:00,1/28/2014 9:35,SHR,2014,D,FALSE,CLD,NA,NA,10.1,1.52,141,NA,7.73,12.37,5.08,10,Low,736198,740000,3802,3802,25.01379363,25.01379363,1,NA,NA,Aquatic Insects,88,Family,Hydroptilidae,Hydroptilidae,Adults,3,0.12,0.12,NA,NA,NA,NA,NA,NA,NA,NA,NA,NA,NA   NA   NA   NA,NA   NA   NA   NA
SHR_2014-01-28 09:35:00,1/28/2014 9:35,SHR,2014,D,FALSE,CLD,NA,NA,10.1,1.52,141,NA,7.73,12.37,5.08,10,Low,736198,740000,3802,3802,25.01379363,25.01379363,1,NA,NA,Aquatic Insects,46,Family,Coenagrionidae,Coenagrionidae,Larvae,1,0.04,0.04,NA,NA,NA,NA,NA,NA,NA,NA,NA,NA,NA   NA   NA   NA,NA   NA   NA   NA
SHR_2014-01-28 09:35:00,1/28/2014 9:35,SHR,2014,D,FALSE,CLD,NA,NA,10.1,1.52,141,NA,7.73,12.37,5.08,10,Low,736198,740000,3802,3802,25.01379363,25.01379363,1,NA,NA,Aquatic Insects,34,Family,Chironomidae,Chironomidae,Larvae,8,0.32,0.32,NA,NA,NA,NA,NA,NA,NA,NA,NA,NA,NA   NA   NA   NA,NA   NA   NA   NA
SHR_2014-01-28 09:35:00,1/28/2014 9:35,SHR,2014,D,FALSE,CLD,NA,NA,10.1,1.52,141,NA,7.73,12.37,5.08,10,Low,736198,740000,3802,3802,25.01379363,25.01379363,1,NA,NA,Aquatic Insects,34,Family,Chironomidae,Chironomidae,Pupae,17,0.68,0.68,NA,NA,NA,NA,NA,NA,NA,NA,NA,NA,NA   NA   NA   NA,NA   NA   NA   NA
SHR_2014-01-28 09:35:00,1/28/2014 9:35,SHR,2014,D,FALSE,CLD,NA,NA,10.1,1.52,141,NA,7.73,12.37,5.08,10,Low,736198,740000,3802,3802,25.01379363,25.01379363,1,NA,NA,Aquatic Insects,34,Family,Chironomidae,Chironomidae,Adults,223,8.915,8.915,NA,NA,NA,NA,NA,NA,NA,NA,NA,NA,NA   NA   NA   NA,NA   NA   NA   NA
SHR_2014-01-28 09:35:00,1/28/2014 9:35,SHR,2014,D,FALSE,CLD,NA,NA,10.1,1.52,141,NA,7.73,12.37,5.08,10,Low,736198,740000,3802,3802,25.01379363,25.01379363,1,NA,NA,Aquatic Insects,39,Family,Tipulidae,Tipulidae,Larvae,1,0.04,0.04,NA,NA,NA,NA,NA,NA,NA,NA,NA,NA,NA   NA   NA   NA,NA   NA   NA   NA
SHR_2014-01-28 09:35:00,1/28/2014 9:35,SHR,2014,D,FALSE,CLD,NA,NA,10.1,1.52,141,NA,7.73,12.37,5.08,10,Low,736198,740000,3802,3802,25.01379363,25.01379363,1,NA,NA,Aquatic Non-Insects,19,Family,Corbiculidae,Corbiculidae,NotDetermined,1,0.04,0.04,NA,NA,NA,NA,NA,NA,NA,NA,NA,NA,NA   NA   NA   NA,NA   NA   NA   NA
SHR_2014-01-28 09:35:00,1/28/2014 9:35,SHR,2014,D,FALSE,CLD,NA,NA,10.1,1.52,141,NA,7.73,12.37,5.08,10,Low,736198,740000,3802,3802,25.01379363,25.01379363,1,NA,NA,Aquatic Non-Insects,22,Family,Ancylidae,Ancylidae,NotDetermined,1,0.04,0.04,NA,NA,NA,NA,NA,NA,NA,NA,NA,NA,NA   NA   NA   NA,NA   NA   NA   NA
SHR_2014-01-28 09:35:00,1/28/2014 9:35,SHR,2014,D,FALSE,CLD,NA,NA,10.1,1.52,141,NA,7.73,12.37,5.08,10,Low,736198,740000,3802,3802,25.01379363,25.01379363,1,NA,NA,Aquatic Non-Insects,127,Family,Hydrobiidae,Hydrobiidae,NotDetermined,1,0.04,0.04,NA,NA,NA,NA,NA,NA,NA,NA,NA,NA,NA   NA   NA   NA,NA   NA   NA   NA
SHR_2014-01-28 09:35:00,1/28/2014 9:35,SHR,2014,D,FALSE,CLD,NA,NA,10.1,1.52,141,NA,7.73,12.37,5.08,10,Low,736198,740000,3802,3802,25.01379363,25.01379363,1,NA,NA,Aquatic Non-Insects,20,Family,Physidae,Physidae,NotDetermined,1,0.04,0.04,NA,NA,NA,NA,NA,NA,NA,NA,NA,NA,NA   NA   NA   NA,NA   NA   NA   NA
SHR_2014-01-28 09:35:00,1/28/2014 9:35,SHR,2014,D,FALSE,CLD,NA,NA,10.1,1.52,141,NA,7.73,12.37,5.08,10,Low,736198,740000,3802,3802,25.01379363,25.01379363,1,NA,NA,Aquatic Non-Insects,9,Family,Corophiidae,Corophiidae,NotDetermined,7,0.28,0.28,NA,NA,NA,NA,NA,NA,NA,NA,NA,NA,NA   NA   NA   NA,NA   NA   NA   NA
SHR_2014-01-28 09:35:00,1/28/2014 9:35,SHR,2014,D,FALSE,CLD,NA,NA,10.1,1.52,141,NA,7.73,12.37,5.08,10,Low,736198,740000,3802,3802,25.01379363,25.01379363,1,NA,NA,Aquatic Non-Insects,15,Family,Hyalellidae,Hyalellidae,NotDetermined,2,0.08,0.08,NA,NA,NA,NA,NA,NA,NA,NA,NA,NA,NA   NA   NA   NA,NA   NA   NA   NA
SHR_2014-01-28 09:35:00,1/28/2014 9:35,SHR,2014,D,FALSE,CLD,NA,NA,10.1,1.52,141,NA,7.73,12.37,5.08,10,Low,736198,740000,3802,3802,25.01379363,25.01379363,1,NA,NA,Aquatic Non-Insects,118,Class,Ostracoda,Ostracod,NotDetermined,3,0.12,0.12,NA,NA,NA,NA,NA,NA,NA,NA,NA,NA,NA   NA   NA   NA,NA   NA   NA   NA
SHR_2014-01-28 09:35:00,1/28/2014 9:35,SHR,2014,D,FALSE,CLD,NA,NA,10.1,1.52,141,NA,7.73,12.37,5.08,10,Low,736198,740000,3802,3802,25.01379363,25.01379363,1,NA,NA,Aquatic Non-Insects,28,Family,Lebertiidae,Lebertiidae,NotDetermined,1,0.04,0.04,NA,NA,NA,NA,NA,NA,NA,NA,NA,NA,NA   NA   NA   NA,NA   NA   NA   NA
SHR_2014-01-28 09:35:00,1/28/2014 9:35,SHR,2014,D,FALSE,CLD,NA,NA,10.1,1.52,141,NA,7.73,12.37,5.08,10,Low,736198,740000,3802,3802,25.01379363,25.01379363,1,NA,NA,Aquatic Non-Insects,120,Family,Lebertiidae,Lebertiidae,NotDetermined,1,0.04,0.04,NA,NA,NA,NA,NA,NA,NA,NA,NA,NA,NA   NA   NA   NA,NA   NA   NA   NA
SHR_2014-01-28 09:35:00,1/28/2014 9:35,SHR,2014,D,FALSE,CLD,NA,NA,10.1,1.52,141,NA,7.73,12.37,5.08,10,Low,736198,740000,3802,3802,25.01379363,25.01379363,1,NA,NA,Terrestrial Insects,71,Order,Hemiptera,Hemiptera,Adults,73,2.918,2.918,NA,NA,NA,NA,NA,NA,NA,NA,NA,NA,NA   NA   NA   NA,NA   NA   NA   NA
SHR_2014-01-28 09:35:00,1/28/2014 9:35,SHR,2014,D,FALSE,CLD,NA,NA,10.1,1.52,141,NA,7.73,12.37,5.08,10,Low,736198,740000,3802,3802,25.01379363,25.01379363,1,NA,NA,Terrestrial Insects,63,Order,Coleoptera,Coleoptera,Adults,4,0.16,0.16,NA,NA,NA,NA,NA,NA,NA,NA,NA,NA,NA   NA   NA   NA,NA   NA   NA   NA
SHR_2014-01-28 09:35:00,1/28/2014 9:35,SHR,2014,D,FALSE,CLD,NA,NA,10.1,1.52,141,NA,7.73,12.37,5.08,10,Low,736198,740000,3802,3802,25.01379363,25.01379363,1,NA,NA,Terrestrial Insects,64,Order,Diptera,Diptera,Adults,7,0.28,0.28,NA,NA,NA,NA,NA,NA,NA,NA,NA,NA,NA   NA   NA   NA,NA   NA   NA   NA
SHR_2014-01-28 09:35:00,1/28/2014 9:35,SHR,2014,D,FALSE,CLD,NA,NA,10.1,1.52,141,NA,7.73,12.37,5.08,10,Low,736198,740000,3802,3802,25.01379363,25.01379363,1,NA,NA,Terrestrial Insects,73,Order,Lepidoptera,Lepidoptera,Adults,1,0.04,0.04,NA,NA,NA,NA,NA,NA,NA,NA,NA,NA,NA   NA   NA   NA,NA   NA   NA   NA
SHR_2014-01-28 09:35:00,1/28/2014 9:35,SHR,2014,D,FALSE,CLD,NA,NA,10.1,1.52,141,NA,7.73,12.37,5.08,10,Low,736198,740000,3802,3802,25.01379363,25.01379363,1,NA,NA,Terrestrial Non-Insects,68,Order,Collembola,Collembola,NotDetermined,6,0.24,0.24,NA,NA,NA,NA,NA,NA,NA,NA,NA,NA,NA   NA   NA   NA,NA   NA   NA   NA
SHR_2014-01-28 09:35:00,1/28/2014 9:35,SHR,2014,D,FALSE,CLD,NA,NA,10.1,1.52,141,NA,7.73,12.37,5.08,10,Low,736198,740000,3802,3802,25.01379363,25.01379363,1,NA,NA,Terrestrial Insects,66,Order,Hymenoptera,Hymenoptera,Adults,66,2.639,2.639,NA,NA,NA,NA,NA,NA,NA,NA,NA,NA,NA   NA   NA   NA,NA   NA   NA   NA
SHR_2014-01-28 09:35:00,1/28/2014 9:35,SHR,2014,D,FALSE,CLD,NA,NA,10.1,1.52,141,NA,7.73,12.37,5.08,10,Low,736198,740000,3802,3802,25.01379363,25.01379363,1,NA,NA,Terrestrial Insects,67,Order,Psocoptera,Psocoptera,Adults,2,0.08,0.08,NA,NA,NA,NA,NA,NA,NA,NA,NA,NA,NA   NA   NA   NA,NA   NA   NA   NA
SHR_2014-01-28 09:35:00,1/28/2014 9:35,SHR,2014,D,FALSE,CLD,NA,NA,10.1,1.52,141,NA,7.73,12.37,5.08,10,Low,736198,740000,3802,3802,25.01379363,25.01379363,1,NA,NA,Terrestrial Insects,85,Order,Thysanoptera,Thysanoptera,Adults,2,0.08,0.08,NA,NA,NA,NA,NA,NA,NA,NA,NA,NA,NA   NA   NA   NA,NA   NA   NA   NA
SHR_2014-01-28 09:35:00,1/28/2014 9:35,SHR,2014,D,FALSE,CLD,NA,NA,10.1,1.52,141,NA,7.73,12.37,5.08,10,Low,736198,740000,3802,3802,25.01379363,25.01379363,1,NA,NA,Terrestrial Non-Insects,157,Order,Araneae,Araneae,NotDetermined,3,0.12,0.12,NA,NA,NA,NA,NA,NA,NA,NA,NA,NA,NA   NA   NA   NA,NA   NA   NA   NA
SHR_2014-01-28 09:35:00,1/28/2014 9:35,SHR,2014,D,FALSE,CLD,NA,NA,10.1,1.52,141,NA,7.73,12.37,5.08,10,Low,736198,740000,3802,3802,25.01379363,25.01379363,1,NA,NA,Aquatic Non-Insects,158,Family,Chydoridae,Chydoridae,NotDetermined,1,0.04,0.04,NA,NA,NA,NA,NA,NA,NA,NA,NA,NA,NA   NA   NA   NA,NA   NA   NA   NA
STTD_2014-01-29 09:55:00,1/29/2014 9:55,STTD,2014,D,FALSE,CLD,NA,NA,10.6,0.31,670,NA,7.8,8.8,37.4,10,Low,735983,736000,17,3425,0.111844948,22.53346743,1,"sampled from RST. Bottom of ebb tide, pretty slow current.",NA,Aquatic Insects,34,Family,Chironomidae,Chironomidae,Larvae,2,17.882,0.089,NA,NA,2,SAMP,NA,NA,3,FM,NA,NA,2   NA   3   NA,SAMP   NA   FM   NA
STTD_2014-01-29 09:55:00,1/29/2014 9:55,STTD,2014,D,FALSE,CLD,NA,NA,10.6,0.31,670,NA,7.8,8.8,37.4,10,Low,735983,736000,17,3425,0.111844948,22.53346743,1,"sampled from RST. Bottom of ebb tide, pretty slow current.",NA,Aquatic Insects,34,Family,Chironomidae,Chironomidae,Adults,1,8.941,0.044,NA,NA,2,SAMP,NA,NA,3,FM,NA,NA,2   NA   3   NA,SAMP   NA   FM   NA
STTD_2014-01-29 09:55:00,1/29/2014 9:55,STTD,2014,D,FALSE,CLD,NA,NA,10.6,0.31,670,NA,7.8,8.8,37.4,10,Low,735983,736000,17,3425,0.111844948,22.53346743,1,"sampled from RST. Bottom of ebb tide, pretty slow current.",NA,Aquatic Non-Insects,153,Family,Daphniidae,Daphniidae,NotDetermined,1,8.941,0.044,NA,NA,2,SAMP,NA,NA,3,FM,NA,NA,2   NA   3   NA,SAMP   NA   FM   NA
STTD_2014-01-29 09:55:00,1/29/2014 9:55,STTD,2014,D,FALSE,CLD,NA,NA,10.6,0.31,670,NA,7.8,8.8,37.4,10,Low,735983,736000,17,3425,0.111844948,22.53346743,1,"sampled from RST. Bottom of ebb tide, pretty slow current.",NA,Terrestrial Insects,71,Order,Hemiptera,Hemiptera,Larvae,1,8.941,0.044,NA,NA,2,SAMP,NA,NA,3,FM,NA,NA,2   NA   3   NA,SAMP   NA   FM   NA
STTD_2014-01-29 09:55:00,1/29/2014 9:55,STTD,2014,D,FALSE,CLD,NA,NA,10.6,0.31,670,NA,7.8,8.8,37.4,10,Low,735983,736000,17,3425,0.111844948,22.53346743,1,"sampled from RST. Bottom of ebb tide, pretty slow current.",NA,Terrestrial Insects,71,Order,Hemiptera,Hemiptera,Adults,1,8.941,0.044,NA,NA,2,SAMP,NA,NA,3,FM,NA,NA,2   NA   3   NA,SAMP   NA   FM   NA
STTD_2014-01-29 09:55:00,1/29/2014 9:55,STTD,2014,D,FALSE,CLD,NA,NA,10.6,0.31,670,NA,7.8,8.8,37.4,10,Low,735983,736000,17,3425,0.111844948,22.53346743,1,"sampled from RST. Bottom of ebb tide, pretty slow current.",NA,Terrestrial Insects,63,Order,Coleoptera,Coleoptera,Adults,2,17.882,0.089,NA,NA,2,SAMP,NA,NA,3,FM,NA,NA,2   NA   3   NA,SAMP   NA   FM   NA
STTD_2014-01-29 09:55:00,1/29/2014 9:55,STTD,2014,D,FALSE,CLD,NA,NA,10.6,0.31,670,NA,7.8,8.8,37.4,10,Low,735983,736000,17,3425,0.111844948,22.53346743,1,"sampled from RST. Bottom of ebb tide, pretty slow current.",NA,Terrestrial Non-Insects,68,Order,Collembola,Collembola,NotDetermined,1,8.941,0.044,NA,NA,2,SAMP,NA,NA,3,FM,NA,NA,2   NA   3   NA,SAMP   NA   FM   NA
STTD_2014-01-29 09:55:00,1/29/2014 9:55,STTD,2014,D,FALSE,CLD,NA,NA,10.6,0.31,670,NA,7.8,8.8,37.4,10,Low,735983,736000,17,3425,0.111844948,22.53346743,1,"sampled from RST. Bottom of ebb tide, pretty slow current.",NA,Terrestrial Insects,66,Order,Hymenoptera,Hymenoptera,Adults,1,8.941,0.044,NA,NA,2,SAMP,NA,NA,3,FM,NA,NA,2   NA   3   NA,SAMP   NA   FM   NA
SHR_2014-02-11 10:01:00,2/11/2014 10:01,SHR,2014,D,FALSE,FOG,NA,NA,11.7,0.36,147,NA,6.97,10.38,48.6,10,Low,730803,736000,5197,5197,34.19165847,34.19165847,1,Ebb tide 225K cfs jet boat used,NA,Aquatic Insects,40,Family,Caenidae,Caenidae,Larvae,4,0.117,0.117,NA,NA,NA,NA,NA,NA,NA,NA,NA,NA,NA   NA   NA   NA,NA   NA   NA   NA
SHR_2014-02-11 10:01:00,2/11/2014 10:01,SHR,2014,D,FALSE,FOG,NA,NA,11.7,0.36,147,NA,6.97,10.38,48.6,10,Low,730803,736000,5197,5197,34.19165847,34.19165847,1,Ebb tide 225K cfs jet boat used,NA,Aquatic Insects,88,Family,Hydroptilidae,Hydroptilidae,Larvae,1,0.029,0.029,NA,NA,NA,NA,NA,NA,NA,NA,NA,NA,NA   NA   NA   NA,NA   NA   NA   NA
SHR_2014-02-11 10:01:00,2/11/2014 10:01,SHR,2014,D,FALSE,FOG,NA,NA,11.7,0.36,147,NA,6.97,10.38,48.6,10,Low,730803,736000,5197,5197,34.19165847,34.19165847,1,Ebb tide 225K cfs jet boat used,NA,Aquatic Insects,159,Order,Trichoptera,Trichoptera,Adults,1,0.029,0.029,NA,NA,NA,NA,NA,NA,NA,NA,NA,NA,NA   NA   NA   NA,NA   NA   NA   NA
SHR_2014-02-11 10:01:00,2/11/2014 10:01,SHR,2014,D,FALSE,FOG,NA,NA,11.7,0.36,147,NA,6.97,10.38,48.6,10,Low,730803,736000,5197,5197,34.19165847,34.19165847,1,Ebb tide 225K cfs jet boat used,NA,Aquatic Insects,46,Family,Coenagrionidae,Coenagrionidae,Larvae,17,0.497,0.497,NA,NA,NA,NA,NA,NA,NA,NA,NA,NA,NA   NA   NA   NA,NA   NA   NA   NA
SHR_2014-02-11 10:01:00,2/11/2014 10:01,SHR,2014,D,FALSE,FOG,NA,NA,11.7,0.36,147,NA,6.97,10.38,48.6,10,Low,730803,736000,5197,5197,34.19165847,34.19165847,1,Ebb tide 225K cfs jet boat used,NA,Aquatic Insects,102,Family,Gomphidae,Gomphidae,Larvae,1,0.029,0.029,NA,NA,NA,NA,NA,NA,NA,NA,NA,NA,NA   NA   NA   NA,NA   NA   NA   NA
SHR_2014-02-11 10:01:00,2/11/2014 10:01,SHR,2014,D,FALSE,FOG,NA,NA,11.7,0.36,147,NA,6.97,10.38,48.6,10,Low,730803,736000,5197,5197,34.19165847,34.19165847,1,Ebb tide 225K cfs jet boat used,NA,Aquatic Insects,44,Family,Corixidae,Corixidae,Larvae,9,0.263,0.263,NA,NA,NA,NA,NA,NA,NA,NA,NA,NA,NA   NA   NA   NA,NA   NA   NA   NA
SHR_2014-02-11 10:01:00,2/11/2014 10:01,SHR,2014,D,FALSE,FOG,NA,NA,11.7,0.36,147,NA,6.97,10.38,48.6,10,Low,730803,736000,5197,5197,34.19165847,34.19165847,1,Ebb tide 225K cfs jet boat used,NA,Aquatic Insects,44,Family,Corixidae,Corixidae,Adults,4,0.117,0.117,NA,NA,NA,NA,NA,NA,NA,NA,NA,NA,NA   NA   NA   NA,NA   NA   NA   NA
SHR_2014-02-11 10:01:00,2/11/2014 10:01,SHR,2014,D,FALSE,FOG,NA,NA,11.7,0.36,147,NA,6.97,10.38,48.6,10,Low,730803,736000,5197,5197,34.19165847,34.19165847,1,Ebb tide 225K cfs jet boat used,NA,Aquatic Insects,30,Family,Dytiscidae,Dytiscidae,Adults,8,0.234,0.234,NA,NA,NA,NA,NA,NA,NA,NA,NA,NA,NA   NA   NA   NA,NA   NA   NA   NA
SHR_2014-02-11 10:01:00,2/11/2014 10:01,SHR,2014,D,FALSE,FOG,NA,NA,11.7,0.36,147,NA,6.97,10.38,48.6,10,Low,730803,736000,5197,5197,34.19165847,34.19165847,1,Ebb tide 225K cfs jet boat used,NA,Aquatic Insects,81,Family,Hydrophilidae,Hydrophilidae,Adults,2,0.058,0.058,NA,NA,NA,NA,NA,NA,NA,NA,NA,NA,NA   NA   NA   NA,NA   NA   NA   NA
SHR_2014-02-11 10:01:00,2/11/2014 10:01,SHR,2014,D,FALSE,FOG,NA,NA,11.7,0.36,147,NA,6.97,10.38,48.6,10,Low,730803,736000,5197,5197,34.19165847,34.19165847,1,Ebb tide 225K cfs jet boat used,NA,Aquatic Insects,34,Family,Chironomidae,Chironomidae,Larvae,22,0.643,0.643,NA,NA,NA,NA,NA,NA,NA,NA,NA,NA,NA   NA   NA   NA,NA   NA   NA   NA
SHR_2014-02-11 10:01:00,2/11/2014 10:01,SHR,2014,D,FALSE,FOG,NA,NA,11.7,0.36,147,NA,6.97,10.38,48.6,10,Low,730803,736000,5197,5197,34.19165847,34.19165847,1,Ebb tide 225K cfs jet boat used,NA,Aquatic Insects,34,Family,Chironomidae,Chironomidae,Pupae,5,0.146,0.146,NA,NA,NA,NA,NA,NA,NA,NA,NA,NA,NA   NA   NA   NA,NA   NA   NA   NA
SHR_2014-02-11 10:01:00,2/11/2014 10:01,SHR,2014,D,FALSE,FOG,NA,NA,11.7,0.36,147,NA,6.97,10.38,48.6,10,Low,730803,736000,5197,5197,34.19165847,34.19165847,1,Ebb tide 225K cfs jet boat used,NA,Aquatic Insects,34,Family,Chironomidae,Chironomidae,Adults,31,0.907,0.907,NA,NA,NA,NA,NA,NA,NA,NA,NA,NA,NA   NA   NA   NA,NA   NA   NA   NA
SHR_2014-02-11 10:01:00,2/11/2014 10:01,SHR,2014,D,FALSE,FOG,NA,NA,11.7,0.36,147,NA,6.97,10.38,48.6,10,Low,730803,736000,5197,5197,34.19165847,34.19165847,1,Ebb tide 225K cfs jet boat used,NA,Aquatic Insects,32,Family,Ceratopogonidae,Ceratopogonidae,Pupae,3,0.088,0.088,NA,NA,NA,NA,NA,NA,NA,NA,NA,NA,NA   NA   NA   NA,NA   NA   NA   NA
SHR_2014-02-11 10:01:00,2/11/2014 10:01,SHR,2014,D,FALSE,FOG,NA,NA,11.7,0.36,147,NA,6.97,10.38,48.6,10,Low,730803,736000,5197,5197,34.19165847,34.19165847,1,Ebb tide 225K cfs jet boat used,NA,Aquatic Insects,37,Family,Psychodidae,Psychodidae,Pupae,1,0.029,0.029,NA,NA,NA,NA,NA,NA,NA,NA,NA,NA,NA   NA   NA   NA,NA   NA   NA   NA
SHR_2014-02-11 10:01:00,2/11/2014 10:01,SHR,2014,D,FALSE,FOG,NA,NA,11.7,0.36,147,NA,6.97,10.38,48.6,10,Low,730803,736000,5197,5197,34.19165847,34.19165847,1,Ebb tide 225K cfs jet boat used,NA,Aquatic Insects,38,Family,Simuliidae,Simuliidae,Larvae,1,0.029,0.029,NA,NA,NA,NA,NA,NA,NA,NA,NA,NA,NA   NA   NA   NA,NA   NA   NA   NA
SHR_2014-02-11 10:01:00,2/11/2014 10:01,SHR,2014,D,FALSE,FOG,NA,NA,11.7,0.36,147,NA,6.97,10.38,48.6,10,Low,730803,736000,5197,5197,34.19165847,34.19165847,1,Ebb tide 225K cfs jet boat used,NA,Aquatic Insects,39,Family,Tipulidae,Tipulidae,Larvae,3,0.088,0.088,NA,NA,NA,NA,NA,NA,NA,NA,NA,NA,NA   NA   NA   NA,NA   NA   NA   NA
SHR_2014-02-11 10:01:00,2/11/2014 10:01,SHR,2014,D,FALSE,FOG,NA,NA,11.7,0.36,147,NA,6.97,10.38,48.6,10,Low,730803,736000,5197,5197,34.19165847,34.19165847,1,Ebb tide 225K cfs jet boat used,NA,Aquatic Insects,39,Family,Tipulidae,Tipulidae,Pupae,1,0.029,0.029,NA,NA,NA,NA,NA,NA,NA,NA,NA,NA,NA   NA   NA   NA,NA   NA   NA   NA
SHR_2014-02-11 10:01:00,2/11/2014 10:01,SHR,2014,D,FALSE,FOG,NA,NA,11.7,0.36,147,NA,6.97,10.38,48.6,10,Low,730803,736000,5197,5197,34.19165847,34.19165847,1,Ebb tide 225K cfs jet boat used,NA,Aquatic Non-Insects,2,Family,Enchytraeidae,Enchytraeidae,NotDetermined,1,0.029,0.029,NA,NA,NA,NA,NA,NA,NA,NA,NA,NA,NA   NA   NA   NA,NA   NA   NA   NA
SHR_2014-02-11 10:01:00,2/11/2014 10:01,SHR,2014,D,FALSE,FOG,NA,NA,11.7,0.36,147,NA,6.97,10.38,48.6,10,Low,730803,736000,5197,5197,34.19165847,34.19165847,1,Ebb tide 225K cfs jet boat used,NA,Aquatic Non-Insects,4,Family,Naididae,Naididae,NotDetermined,2,0.058,0.058,NA,NA,NA,NA,NA,NA,NA,NA,NA,NA,NA   NA   NA   NA,NA   NA   NA   NA
SHR_2014-02-11 10:01:00,2/11/2014 10:01,SHR,2014,D,FALSE,FOG,NA,NA,11.7,0.36,147,NA,6.97,10.38,48.6,10,Low,730803,736000,5197,5197,34.19165847,34.19165847,1,Ebb tide 225K cfs jet boat used,NA,Aquatic Non-Insects,19,Family,Corbiculidae,Corbiculidae,NotDetermined,3,0.088,0.088,NA,NA,NA,NA,NA,NA,NA,NA,NA,NA,NA   NA   NA   NA,NA   NA   NA   NA
SHR_2014-02-11 10:01:00,2/11/2014 10:01,SHR,2014,D,FALSE,FOG,NA,NA,11.7,0.36,147,NA,6.97,10.38,48.6,10,Low,730803,736000,5197,5197,34.19165847,34.19165847,1,Ebb tide 225K cfs jet boat used,NA,Aquatic Non-Insects,20,Family,Physidae,Physidae,NotDetermined,3,0.088,0.088,NA,NA,NA,NA,NA,NA,NA,NA,NA,NA,NA   NA   NA   NA,NA   NA   NA   NA
SHR_2014-02-11 10:01:00,2/11/2014 10:01,SHR,2014,D,FALSE,FOG,NA,NA,11.7,0.36,147,NA,6.97,10.38,48.6,10,Low,730803,736000,5197,5197,34.19165847,34.19165847,1,Ebb tide 225K cfs jet boat used,NA,Aquatic Non-Insects,9,Family,Corophiidae,Corophiidae,NotDetermined,16,0.468,0.468,NA,NA,NA,NA,NA,NA,NA,NA,NA,NA,NA   NA   NA   NA,NA   NA   NA   NA
SHR_2014-02-11 10:01:00,2/11/2014 10:01,SHR,2014,D,FALSE,FOG,NA,NA,11.7,0.36,147,NA,6.97,10.38,48.6,10,Low,730803,736000,5197,5197,34.19165847,34.19165847,1,Ebb tide 225K cfs jet boat used,NA,Aquatic Non-Insects,10,Family,Crangonyctidae,Crangonyctidae,NotDetermined,3,0.088,0.088,NA,NA,NA,NA,NA,NA,NA,NA,NA,NA,NA   NA   NA   NA,NA   NA   NA   NA
SHR_2014-02-11 10:01:00,2/11/2014 10:01,SHR,2014,D,FALSE,FOG,NA,NA,11.7,0.36,147,NA,6.97,10.38,48.6,10,Low,730803,736000,5197,5197,34.19165847,34.19165847,1,Ebb tide 225K cfs jet boat used,NA,Aquatic Non-Insects,15,Family,Hyalellidae,Hyalellidae,NotDetermined,64,1.872,1.872,NA,NA,NA,NA,NA,NA,NA,NA,NA,NA,NA   NA   NA   NA,NA   NA   NA   NA
SHR_2014-02-11 10:01:00,2/11/2014 10:01,SHR,2014,D,FALSE,FOG,NA,NA,11.7,0.36,147,NA,6.97,10.38,48.6,10,Low,730803,736000,5197,5197,34.19165847,34.19165847,1,Ebb tide 225K cfs jet boat used,NA,Aquatic Non-Insects,153,Family,Daphniidae,Daphniidae,NotDetermined,1,0.029,0.029,NA,NA,NA,NA,NA,NA,NA,NA,NA,NA,NA   NA   NA   NA,NA   NA   NA   NA
SHR_2014-02-11 10:01:00,2/11/2014 10:01,SHR,2014,D,FALSE,FOG,NA,NA,11.7,0.36,147,NA,6.97,10.38,48.6,10,Low,730803,736000,5197,5197,34.19165847,34.19165847,1,Ebb tide 225K cfs jet boat used,NA,Aquatic Non-Insects,28,Family,Lebertiidae,Lebertiidae,NotDetermined,15,0.439,0.439,NA,NA,NA,NA,NA,NA,NA,NA,NA,NA,NA   NA   NA   NA,NA   NA   NA   NA
SHR_2014-02-11 10:01:00,2/11/2014 10:01,SHR,2014,D,FALSE,FOG,NA,NA,11.7,0.36,147,NA,6.97,10.38,48.6,10,Low,730803,736000,5197,5197,34.19165847,34.19165847,1,Ebb tide 225K cfs jet boat used,NA,Aquatic Non-Insects,120,Family,Lebertiidae,Lebertiidae,NotDetermined,15,0.439,0.439,NA,NA,NA,NA,NA,NA,NA,NA,NA,NA,NA   NA   NA   NA,NA   NA   NA   NA
SHR_2014-02-11 10:01:00,2/11/2014 10:01,SHR,2014,D,FALSE,FOG,NA,NA,11.7,0.36,147,NA,6.97,10.38,48.6,10,Low,730803,736000,5197,5197,34.19165847,34.19165847,1,Ebb tide 225K cfs jet boat used,NA,Aquatic Non-Insects,77,Family,Hygrobatidae,Hygrobatidae,NotDetermined,5,0.146,0.146,NA,NA,NA,NA,NA,NA,NA,NA,NA,NA,NA   NA   NA   NA,NA   NA   NA   NA
SHR_2014-02-11 10:01:00,2/11/2014 10:01,SHR,2014,D,FALSE,FOG,NA,NA,11.7,0.36,147,NA,6.97,10.38,48.6,10,Low,730803,736000,5197,5197,34.19165847,34.19165847,1,Ebb tide 225K cfs jet boat used,NA,Aquatic Non-Insects,123,Family,Pionidae,Pionidae,NotDetermined,4,0.117,0.117,NA,NA,NA,NA,NA,NA,NA,NA,NA,NA,NA   NA   NA   NA,NA   NA   NA   NA
SHR_2014-02-11 10:01:00,2/11/2014 10:01,SHR,2014,D,FALSE,FOG,NA,NA,11.7,0.36,147,NA,6.97,10.38,48.6,10,Low,730803,736000,5197,5197,34.19165847,34.19165847,1,Ebb tide 225K cfs jet boat used,NA,Aquatic Non-Insects,94,Family,Unionicolidae,Unionicolidae,NotDetermined,6,0.175,0.175,NA,NA,NA,NA,NA,NA,NA,NA,NA,NA,NA   NA   NA   NA,NA   NA   NA   NA
SHR_2014-02-11 10:01:00,2/11/2014 10:01,SHR,2014,D,FALSE,FOG,NA,NA,11.7,0.36,147,NA,6.97,10.38,48.6,10,Low,730803,736000,5197,5197,34.19165847,34.19165847,1,Ebb tide 225K cfs jet boat used,NA,Aquatic Non-Insects,148,Family,Cottidae,Unidentified Sculpin,NotDetermined,4,0.117,0.117,NA,NA,NA,NA,NA,NA,NA,NA,NA,NA,NA   NA   NA   NA,NA   NA   NA   NA
SHR_2014-02-11 10:01:00,2/11/2014 10:01,SHR,2014,D,FALSE,FOG,NA,NA,11.7,0.36,147,NA,6.97,10.38,48.6,10,Low,730803,736000,5197,5197,34.19165847,34.19165847,1,Ebb tide 225K cfs jet boat used,NA,Terrestrial Insects,71,Order,Hemiptera,Hemiptera,Adults,7,0.205,0.205,NA,NA,NA,NA,NA,NA,NA,NA,NA,NA,NA   NA   NA   NA,NA   NA   NA   NA
SHR_2014-02-11 10:01:00,2/11/2014 10:01,SHR,2014,D,FALSE,FOG,NA,NA,11.7,0.36,147,NA,6.97,10.38,48.6,10,Low,730803,736000,5197,5197,34.19165847,34.19165847,1,Ebb tide 225K cfs jet boat used,NA,Terrestrial Insects,63,Order,Coleoptera,Coleoptera,Adults,41,1.199,1.199,NA,NA,NA,NA,NA,NA,NA,NA,NA,NA,NA   NA   NA   NA,NA   NA   NA   NA
SHR_2014-02-11 10:01:00,2/11/2014 10:01,SHR,2014,D,FALSE,FOG,NA,NA,11.7,0.36,147,NA,6.97,10.38,48.6,10,Low,730803,736000,5197,5197,34.19165847,34.19165847,1,Ebb tide 225K cfs jet boat used,NA,Terrestrial Insects,64,Order,Diptera,Diptera,Adults,2,0.058,0.058,NA,NA,NA,NA,NA,NA,NA,NA,NA,NA,NA   NA   NA   NA,NA   NA   NA   NA
SHR_2014-02-11 10:01:00,2/11/2014 10:01,SHR,2014,D,FALSE,FOG,NA,NA,11.7,0.36,147,NA,6.97,10.38,48.6,10,Low,730803,736000,5197,5197,34.19165847,34.19165847,1,Ebb tide 225K cfs jet boat used,NA,Terrestrial Non-Insects,68,Order,Collembola,Collembola,NotDetermined,4,0.117,0.117,NA,NA,NA,NA,NA,NA,NA,NA,NA,NA,NA   NA   NA   NA,NA   NA   NA   NA
SHR_2014-02-11 10:01:00,2/11/2014 10:01,SHR,2014,D,FALSE,FOG,NA,NA,11.7,0.36,147,NA,6.97,10.38,48.6,10,Low,730803,736000,5197,5197,34.19165847,34.19165847,1,Ebb tide 225K cfs jet boat used,NA,Terrestrial Insects,66,Order,Hymenoptera,Hymenoptera,Adults,3,0.088,0.088,NA,NA,NA,NA,NA,NA,NA,NA,NA,NA,NA   NA   NA   NA,NA   NA   NA   NA
SHR_2014-02-11 10:01:00,2/11/2014 10:01,SHR,2014,D,FALSE,FOG,NA,NA,11.7,0.36,147,NA,6.97,10.38,48.6,10,Low,730803,736000,5197,5197,34.19165847,34.19165847,1,Ebb tide 225K cfs jet boat used,NA,Terrestrial Insects,72,Order,Isoptera,Isoptera,Larvae,1,0.029,0.029,NA,NA,NA,NA,NA,NA,NA,NA,NA,NA,NA   NA   NA   NA,NA   NA   NA   NA
SHR_2014-02-11 10:01:00,2/11/2014 10:01,SHR,2014,D,FALSE,FOG,NA,NA,11.7,0.36,147,NA,6.97,10.38,48.6,10,Low,730803,736000,5197,5197,34.19165847,34.19165847,1,Ebb tide 225K cfs jet boat used,NA,Terrestrial Insects,67,Order,Psocoptera,Psocoptera,Adults,2,0.058,0.058,NA,NA,NA,NA,NA,NA,NA,NA,NA,NA,NA   NA   NA   NA,NA   NA   NA   NA
SHR_2014-02-11 10:01:00,2/11/2014 10:01,SHR,2014,D,FALSE,FOG,NA,NA,11.7,0.36,147,NA,6.97,10.38,48.6,10,Low,730803,736000,5197,5197,34.19165847,34.19165847,1,Ebb tide 225K cfs jet boat used,NA,Terrestrial Insects,85,Order,Thysanoptera,Thysanoptera,Adults,1,0.029,0.029,NA,NA,NA,NA,NA,NA,NA,NA,NA,NA,NA   NA   NA   NA,NA   NA   NA   NA
SHR_2014-02-11 10:01:00,2/11/2014 10:01,SHR,2014,D,FALSE,FOG,NA,NA,11.7,0.36,147,NA,6.97,10.38,48.6,10,Low,730803,736000,5197,5197,34.19165847,34.19165847,1,Ebb tide 225K cfs jet boat used,NA,Terrestrial Non-Insects,57,Subclass,Acari,Acari,NotDetermined,3,0.088,0.088,NA,NA,NA,NA,NA,NA,NA,NA,NA,NA,NA   NA   NA   NA,NA   NA   NA   NA
SHR_2014-02-11 10:01:00,2/11/2014 10:01,SHR,2014,D,FALSE,FOG,NA,NA,11.7,0.36,147,NA,6.97,10.38,48.6,10,Low,730803,736000,5197,5197,34.19165847,34.19165847,1,Ebb tide 225K cfs jet boat used,NA,Terrestrial Non-Insects,157,Order,Araneae,Araneae,NotDetermined,1,0.029,0.029,NA,NA,NA,NA,NA,NA,NA,NA,NA,NA,NA   NA   NA   NA,NA   NA   NA   NA
SHR_2014-02-11 10:01:00,2/11/2014 10:01,SHR,2014,D,FALSE,FOG,NA,NA,11.7,0.36,147,NA,6.97,10.38,48.6,10,Low,730803,736000,5197,5197,34.19165847,34.19165847,1,Ebb tide 225K cfs jet boat used,NA,Aquatic Non-Insects,7,Order,Cyclopoida,Cyclopoid,NotDetermined,1,0.029,0.029,NA,NA,NA,NA,NA,NA,NA,NA,NA,NA,NA   NA   NA   NA,NA   NA   NA   NA
SHR_2014-02-11 10:01:00,2/11/2014 10:01,SHR,2014,D,FALSE,FOG,NA,NA,11.7,0.36,147,NA,6.97,10.38,48.6,10,Low,730803,736000,5197,5197,34.19165847,34.19165847,1,Ebb tide 225K cfs jet boat used,NA,Aquatic Non-Insects,154,Order,Cyclopoida,Cyclopoid,NotDetermined,1,0.029,0.029,NA,NA,NA,NA,NA,NA,NA,NA,NA,NA,NA   NA   NA   NA,NA   NA   NA   NA
SHR_2014-02-11 10:01:00,2/11/2014 10:01,SHR,2014,D,FALSE,FOG,NA,NA,11.7,0.36,147,NA,6.97,10.38,48.6,10,Low,730803,736000,5197,5197,34.19165847,34.19165847,1,Ebb tide 225K cfs jet boat used,NA,Terrestrial Non-Insects,161,Order,Stylommatophora,Stylommatophora,NotDetermined,1,0.029,0.029,NA,NA,NA,NA,NA,NA,NA,NA,NA,NA,NA   NA   NA   NA,NA   NA   NA   NA
STTD_2014-02-12 10:00:00,2/12/2014 10:00,STTD,2014,D,FALSE,CLD,NA,NA,12.6,0.21,535,NA,7.37,6.25,57.6,10,Low,727769,730700,2931,2931,19.28338483,19.28338483,NA,Ebb tide sample taken at RST,NA,Aquatic Insects,46,Family,Coenagrionidae,Coenagrionidae,Larvae,2,0.104,0.104,NA,NA,NA,NA,NA,NA,NA,NA,NA,NA,NA   NA   NA   NA,NA   NA   NA   NA
STTD_2014-02-12 10:00:00,2/12/2014 10:00,STTD,2014,D,FALSE,CLD,NA,NA,12.6,0.21,535,NA,7.37,6.25,57.6,10,Low,727769,730700,2931,2931,19.28338483,19.28338483,NA,Ebb tide sample taken at RST,NA,Aquatic Insects,44,Family,Corixidae,Corixidae,Larvae,3,0.156,0.156,NA,NA,NA,NA,NA,NA,NA,NA,NA,NA,NA   NA   NA   NA,NA   NA   NA   NA
STTD_2014-02-12 10:00:00,2/12/2014 10:00,STTD,2014,D,FALSE,CLD,NA,NA,12.6,0.21,535,NA,7.37,6.25,57.6,10,Low,727769,730700,2931,2931,19.28338483,19.28338483,NA,Ebb tide sample taken at RST,NA,Aquatic Insects,44,Family,Corixidae,Corixidae,Adults,1,0.052,0.052,NA,NA,NA,NA,NA,NA,NA,NA,NA,NA,NA   NA   NA   NA,NA   NA   NA   NA
STTD_2014-02-12 10:00:00,2/12/2014 10:00,STTD,2014,D,FALSE,CLD,NA,NA,12.6,0.21,535,NA,7.37,6.25,57.6,10,Low,727769,730700,2931,2931,19.28338483,19.28338483,NA,Ebb tide sample taken at RST,NA,Aquatic Insects,34,Family,Chironomidae,Chironomidae,Larvae,5,0.259,0.259,NA,NA,NA,NA,NA,NA,NA,NA,NA,NA,NA   NA   NA   NA,NA   NA   NA   NA
STTD_2014-02-12 10:00:00,2/12/2014 10:00,STTD,2014,D,FALSE,CLD,NA,NA,12.6,0.21,535,NA,7.37,6.25,57.6,10,Low,727769,730700,2931,2931,19.28338483,19.28338483,NA,Ebb tide sample taken at RST,NA,Aquatic Insects,34,Family,Chironomidae,Chironomidae,Pupae,1,0.052,0.052,NA,NA,NA,NA,NA,NA,NA,NA,NA,NA,NA   NA   NA   NA,NA   NA   NA   NA
STTD_2014-02-12 10:00:00,2/12/2014 10:00,STTD,2014,D,FALSE,CLD,NA,NA,12.6,0.21,535,NA,7.37,6.25,57.6,10,Low,727769,730700,2931,2931,19.28338483,19.28338483,NA,Ebb tide sample taken at RST,NA,Aquatic Insects,34,Family,Chironomidae,Chironomidae,Adults,4,0.207,0.207,NA,NA,NA,NA,NA,NA,NA,NA,NA,NA,NA   NA   NA   NA,NA   NA   NA   NA
STTD_2014-02-12 10:00:00,2/12/2014 10:00,STTD,2014,D,FALSE,CLD,NA,NA,12.6,0.21,535,NA,7.37,6.25,57.6,10,Low,727769,730700,2931,2931,19.28338483,19.28338483,NA,Ebb tide sample taken at RST,NA,Aquatic Non-Insects,11,Family,Gammaridae,Gammaridae,NotDetermined,1,0.052,0.052,NA,NA,NA,NA,NA,NA,NA,NA,NA,NA,NA   NA   NA   NA,NA   NA   NA   NA
STTD_2014-02-12 10:00:00,2/12/2014 10:00,STTD,2014,D,FALSE,CLD,NA,NA,12.6,0.21,535,NA,7.37,6.25,57.6,10,Low,727769,730700,2931,2931,19.28338483,19.28338483,NA,Ebb tide sample taken at RST,NA,Aquatic Non-Insects,15,Family,Hyalellidae,Hyalellidae,NotDetermined,2,0.104,0.104,NA,NA,NA,NA,NA,NA,NA,NA,NA,NA,NA   NA   NA   NA,NA   NA   NA   NA
STTD_2014-02-12 10:00:00,2/12/2014 10:00,STTD,2014,D,FALSE,CLD,NA,NA,12.6,0.21,535,NA,7.37,6.25,57.6,10,Low,727769,730700,2931,2931,19.28338483,19.28338483,NA,Ebb tide sample taken at RST,NA,Aquatic Non-Insects,153,Family,Daphniidae,Daphniidae,NotDetermined,5,0.259,0.259,NA,NA,NA,NA,NA,NA,NA,NA,NA,NA,NA   NA   NA   NA,NA   NA   NA   NA
STTD_2014-02-12 10:00:00,2/12/2014 10:00,STTD,2014,D,FALSE,CLD,NA,NA,12.6,0.21,535,NA,7.37,6.25,57.6,10,Low,727769,730700,2931,2931,19.28338483,19.28338483,NA,Ebb tide sample taken at RST,NA,Aquatic Non-Insects,148,Family,Cottidae,Unidentified Sculpin,NotDetermined,8,0.415,0.415,NA,NA,NA,NA,NA,NA,NA,NA,NA,NA,NA   NA   NA   NA,NA   NA   NA   NA
STTD_2014-02-12 10:00:00,2/12/2014 10:00,STTD,2014,D,FALSE,CLD,NA,NA,12.6,0.21,535,NA,7.37,6.25,57.6,10,Low,727769,730700,2931,2931,19.28338483,19.28338483,NA,Ebb tide sample taken at RST,NA,Terrestrial Insects,66,Order,Hymenoptera,Hymenoptera,Adults,1,0.052,0.052,NA,NA,NA,NA,NA,NA,NA,NA,NA,NA,NA   NA   NA   NA,NA   NA   NA   NA
STTD_2014-02-12 10:00:00,2/12/2014 10:00,STTD,2014,D,FALSE,CLD,NA,NA,12.6,0.21,535,NA,7.37,6.25,57.6,10,Low,727769,730700,2931,2931,19.28338483,19.28338483,NA,Ebb tide sample taken at RST,NA,Terrestrial Insects,67,Order,Psocoptera,Psocoptera,Larvae,1,0.052,0.052,NA,NA,NA,NA,NA,NA,NA,NA,NA,NA,NA   NA   NA   NA,NA   NA   NA   NA
STTD_2014-02-12 10:00:00,2/12/2014 10:00,STTD,2014,D,FALSE,CLD,NA,NA,12.6,0.21,535,NA,7.37,6.25,57.6,10,Low,727769,730700,2931,2931,19.28338483,19.28338483,NA,Ebb tide sample taken at RST,NA,Terrestrial Non-Insects,58,Suborder,Araneida,Araneida,NotDetermined,1,0.052,0.052,NA,NA,NA,NA,NA,NA,NA,NA,NA,NA,NA   NA   NA   NA,NA   NA   NA   NA
SHR_2014-02-24 09:10:00,2/24/2014 9:10,SHR,2014,D,FALSE,CLR,NA,NA,13.2,0.52,191,NA,7.71,10.73,14.1,10,Low,726632,727000,368,368,2.421114165,2.421114165,2,sample collected at SHR dock. Flood tide slow current,NA,Aquatic Insects,34,Family,Chironomidae,Chironomidae,Larvae,1,0.413,0.413,NA,NA,2,SAMP,NA,NA,2,FM,NA,NA,2   NA   2   NA,SAMP   NA   FM   NA
SHR_2014-02-24 09:10:00,2/24/2014 9:10,SHR,2014,D,FALSE,CLR,NA,NA,13.2,0.52,191,NA,7.71,10.73,14.1,10,Low,726632,727000,368,368,2.421114165,2.421114165,2,sample collected at SHR dock. Flood tide slow current,NA,Aquatic Insects,34,Family,Chironomidae,Chironomidae,Pupae,1,0.413,0.413,NA,NA,2,SAMP,NA,NA,2,FM,NA,NA,2   NA   2   NA,SAMP   NA   FM   NA
SHR_2014-02-24 09:10:00,2/24/2014 9:10,SHR,2014,D,FALSE,CLR,NA,NA,13.2,0.52,191,NA,7.71,10.73,14.1,10,Low,726632,727000,368,368,2.421114165,2.421114165,2,sample collected at SHR dock. Flood tide slow current,NA,Aquatic Insects,34,Family,Chironomidae,Chironomidae,Adults,2,0.826,0.826,NA,NA,2,SAMP,NA,NA,2,FM,NA,NA,2   NA   2   NA,SAMP   NA   FM   NA
SHR_2014-02-24 09:10:00,2/24/2014 9:10,SHR,2014,D,FALSE,CLR,NA,NA,13.2,0.52,191,NA,7.71,10.73,14.1,10,Low,726632,727000,368,368,2.421114165,2.421114165,2,sample collected at SHR dock. Flood tide slow current,NA,Aquatic Non-Insects,28,Family,Lebertiidae,Lebertiidae,NotDetermined,1,0.413,0.413,NA,NA,2,SAMP,NA,NA,2,FM,NA,NA,2   NA   2   NA,SAMP   NA   FM   NA
SHR_2014-02-24 09:10:00,2/24/2014 9:10,SHR,2014,D,FALSE,CLR,NA,NA,13.2,0.52,191,NA,7.71,10.73,14.1,10,Low,726632,727000,368,368,2.421114165,2.421114165,2,sample collected at SHR dock. Flood tide slow current,NA,Aquatic Non-Insects,120,Family,Lebertiidae,Lebertiidae,NotDetermined,1,0.413,0.413,NA,NA,2,SAMP,NA,NA,2,FM,NA,NA,2   NA   2   NA,SAMP   NA   FM   NA
SHR_2014-02-24 09:10:00,2/24/2014 9:10,SHR,2014,D,FALSE,CLR,NA,NA,13.2,0.52,191,NA,7.71,10.73,14.1,10,Low,726632,727000,368,368,2.421114165,2.421114165,2,sample collected at SHR dock. Flood tide slow current,NA,Terrestrial Non-Insects,68,Order,Collembola,Collembola,NotDetermined,1,0.413,0.413,NA,NA,2,SAMP,NA,NA,2,FM,NA,NA,2   NA   2   NA,SAMP   NA   FM   NA
SHR_2014-02-24 09:10:00,2/24/2014 9:10,SHR,2014,D,FALSE,CLR,NA,NA,13.2,0.52,191,NA,7.71,10.73,14.1,10,Low,726632,727000,368,368,2.421114165,2.421114165,2,sample collected at SHR dock. Flood tide slow current,NA,Terrestrial Insects,66,Order,Hymenoptera,Hymenoptera,Adults,1,0.413,0.413,NA,NA,2,SAMP,NA,NA,2,FM,NA,NA,2   NA   2   NA,SAMP   NA   FM   NA
STTD_2014-02-24 12:30:00,2/24/2014 12:30,STTD,2014,D,FALSE,CLR,NA,NA,14.3,0.22,660,NA,9.04,8.87,44,10,Low,726525,726700,175,3425,1.151345051,22.53346743,1,NA,NA,Aquatic Insects,46,Family,Coenagrionidae,Coenagrionidae,Larvae,1,0.869,0.044,NA,NA,NA,NA,NA,NA,3,FM,NA,NA,NA   NA   3   NA,NA   NA   FM   NA
STTD_2014-02-24 12:30:00,2/24/2014 12:30,STTD,2014,D,FALSE,CLR,NA,NA,14.3,0.22,660,NA,9.04,8.87,44,10,Low,726525,726700,175,3425,1.151345051,22.53346743,1,NA,NA,Aquatic Insects,44,Family,Corixidae,Corixidae,Adults,1,0.869,0.044,NA,NA,NA,NA,NA,NA,3,FM,NA,NA,NA   NA   3   NA,NA   NA   FM   NA
STTD_2014-02-24 12:30:00,2/24/2014 12:30,STTD,2014,D,FALSE,CLR,NA,NA,14.3,0.22,660,NA,9.04,8.87,44,10,Low,726525,726700,175,3425,1.151345051,22.53346743,1,NA,NA,Aquatic Insects,34,Family,Chironomidae,Chironomidae,Pupae,1,0.869,0.044,NA,NA,NA,NA,NA,NA,3,FM,NA,NA,NA   NA   3   NA,NA   NA   FM   NA
STTD_2014-02-24 12:30:00,2/24/2014 12:30,STTD,2014,D,FALSE,CLR,NA,NA,14.3,0.22,660,NA,9.04,8.87,44,10,Low,726525,726700,175,3425,1.151345051,22.53346743,1,NA,NA,Aquatic Insects,34,Family,Chironomidae,Chironomidae,Adults,25,21.714,1.109,NA,NA,NA,NA,NA,NA,3,FM,NA,NA,NA   NA   3   NA,NA   NA   FM   NA
STTD_2014-02-24 12:30:00,2/24/2014 12:30,STTD,2014,D,FALSE,CLR,NA,NA,14.3,0.22,660,NA,9.04,8.87,44,10,Low,726525,726700,175,3425,1.151345051,22.53346743,1,NA,NA,Aquatic Non-Insects,4,Family,Naididae,Naididae,NotDetermined,2,1.737,0.089,NA,NA,NA,NA,NA,NA,3,FM,NA,NA,NA   NA   3   NA,NA   NA   FM   NA
STTD_2014-02-24 12:30:00,2/24/2014 12:30,STTD,2014,D,FALSE,CLR,NA,NA,14.3,0.22,660,NA,9.04,8.87,44,10,Low,726525,726700,175,3425,1.151345051,22.53346743,1,NA,NA,Terrestrial Insects,71,Order,Hemiptera,Hemiptera,Larvae,1,0.869,0.044,NA,NA,NA,NA,NA,NA,3,FM,NA,NA,NA   NA   3   NA,NA   NA   FM   NA
STTD_2014-02-24 12:30:00,2/24/2014 12:30,STTD,2014,D,FALSE,CLR,NA,NA,14.3,0.22,660,NA,9.04,8.87,44,10,Low,726525,726700,175,3425,1.151345051,22.53346743,1,NA,NA,Terrestrial Insects,71,Order,Hemiptera,Hemiptera,Adults,3,2.606,0.133,NA,NA,NA,NA,NA,NA,3,FM,NA,NA,NA   NA   3   NA,NA   NA   FM   NA
STTD_2014-02-24 12:30:00,2/24/2014 12:30,STTD,2014,D,FALSE,CLR,NA,NA,14.3,0.22,660,NA,9.04,8.87,44,10,Low,726525,726700,175,3425,1.151345051,22.53346743,1,NA,NA,Terrestrial Insects,63,Order,Coleoptera,Coleoptera,Adults,2,1.737,0.089,NA,NA,NA,NA,NA,NA,3,FM,NA,NA,NA   NA   3   NA,NA   NA   FM   NA
STTD_2014-02-24 12:30:00,2/24/2014 12:30,STTD,2014,D,FALSE,CLR,NA,NA,14.3,0.22,660,NA,9.04,8.87,44,10,Low,726525,726700,175,3425,1.151345051,22.53346743,1,NA,NA,Terrestrial Insects,64,Order,Diptera,Diptera,Adults,2,1.737,0.089,NA,NA,NA,NA,NA,NA,3,FM,NA,NA,NA   NA   3   NA,NA   NA   FM   NA
STTD_2014-02-24 12:30:00,2/24/2014 12:30,STTD,2014,D,FALSE,CLR,NA,NA,14.3,0.22,660,NA,9.04,8.87,44,10,Low,726525,726700,175,3425,1.151345051,22.53346743,1,NA,NA,Terrestrial Non-Insects,68,Order,Collembola,Collembola,NotDetermined,3,2.606,0.133,NA,NA,NA,NA,NA,NA,3,FM,NA,NA,NA   NA   3   NA,NA   NA   FM   NA
STTD_2014-02-24 12:30:00,2/24/2014 12:30,STTD,2014,D,FALSE,CLR,NA,NA,14.3,0.22,660,NA,9.04,8.87,44,10,Low,726525,726700,175,3425,1.151345051,22.53346743,1,NA,NA,Terrestrial Insects,66,Order,Hymenoptera,Hymenoptera,Adults,8,6.948,0.355,NA,NA,NA,NA,NA,NA,3,FM,NA,NA,NA   NA   3   NA,NA   NA   FM   NA
STTD_2014-02-24 12:30:00,2/24/2014 12:30,STTD,2014,D,FALSE,CLR,NA,NA,14.3,0.22,660,NA,9.04,8.87,44,10,Low,726525,726700,175,3425,1.151345051,22.53346743,1,NA,NA,Terrestrial Insects,67,Order,Psocoptera,Psocoptera,Adults,1,0.869,0.044,NA,NA,NA,NA,NA,NA,3,FM,NA,NA,NA   NA   3   NA,NA   NA   FM   NA
SHR_2014-03-12 07:43:00,3/12/2014 7:43,SHR,2014,D,FALSE,CLR,NA,NA,13.6,0.29,150,NA,7.87,10.16,38.8,10,Low,723454,726000,2546,2546,16.75042572,16.75042572,1,NA,NA,Aquatic Insects,34,Family,Chironomidae,Chironomidae,Larvae,1,0.06,0.06,NA,NA,NA,NA,NA,NA,NA,NA,NA,NA,NA   NA   NA   NA,NA   NA   NA   NA
SHR_2014-03-12 07:43:00,3/12/2014 7:43,SHR,2014,D,FALSE,CLR,NA,NA,13.6,0.29,150,NA,7.87,10.16,38.8,10,Low,723454,726000,2546,2546,16.75042572,16.75042572,1,NA,NA,Aquatic Insects,34,Family,Chironomidae,Chironomidae,Adults,1,0.06,0.06,NA,NA,NA,NA,NA,NA,NA,NA,NA,NA,NA   NA   NA   NA,NA   NA   NA   NA
SHR_2014-03-12 07:43:00,3/12/2014 7:43,SHR,2014,D,FALSE,CLR,NA,NA,13.6,0.29,150,NA,7.87,10.16,38.8,10,Low,723454,726000,2546,2546,16.75042572,16.75042572,1,NA,NA,Aquatic Insects,38,Family,Simuliidae,Simuliidae,Larvae,1,0.06,0.06,NA,NA,NA,NA,NA,NA,NA,NA,NA,NA,NA   NA   NA   NA,NA   NA   NA   NA
SHR_2014-03-12 07:43:00,3/12/2014 7:43,SHR,2014,D,FALSE,CLR,NA,NA,13.6,0.29,150,NA,7.87,10.16,38.8,10,Low,723454,726000,2546,2546,16.75042572,16.75042572,1,NA,NA,Aquatic Non-Insects,4,Family,Naididae,Naididae,NotDetermined,1,0.06,0.06,NA,NA,NA,NA,NA,NA,NA,NA,NA,NA,NA   NA   NA   NA,NA   NA   NA   NA
SHR_2014-03-12 07:43:00,3/12/2014 7:43,SHR,2014,D,FALSE,CLR,NA,NA,13.6,0.29,150,NA,7.87,10.16,38.8,10,Low,723454,726000,2546,2546,16.75042572,16.75042572,1,NA,NA,Aquatic Non-Insects,19,Family,Corbiculidae,Corbiculidae,NotDetermined,1,0.06,0.06,NA,NA,NA,NA,NA,NA,NA,NA,NA,NA,NA   NA   NA   NA,NA   NA   NA   NA
SHR_2014-03-12 07:43:00,3/12/2014 7:43,SHR,2014,D,FALSE,CLR,NA,NA,13.6,0.29,150,NA,7.87,10.16,38.8,10,Low,723454,726000,2546,2546,16.75042572,16.75042572,1,NA,NA,Aquatic Non-Insects,9,Family,Corophiidae,Corophiidae,NotDetermined,1,0.06,0.06,NA,NA,NA,NA,NA,NA,NA,NA,NA,NA,NA   NA   NA   NA,NA   NA   NA   NA
SHR_2014-03-12 07:43:00,3/12/2014 7:43,SHR,2014,D,FALSE,CLR,NA,NA,13.6,0.29,150,NA,7.87,10.16,38.8,10,Low,723454,726000,2546,2546,16.75042572,16.75042572,1,NA,NA,Aquatic Non-Insects,13,Family,Mysidae,Mysidae,NotDetermined,1,0.06,0.06,NA,NA,NA,NA,NA,NA,NA,NA,NA,NA,NA   NA   NA   NA,NA   NA   NA   NA
SHR_2014-03-12 07:43:00,3/12/2014 7:43,SHR,2014,D,FALSE,CLR,NA,NA,13.6,0.29,150,NA,7.87,10.16,38.8,10,Low,723454,726000,2546,2546,16.75042572,16.75042572,1,NA,NA,Aquatic Non-Insects,18,Family,Hydridae,Hydridae,NotDetermined,2,0.119,0.119,NA,NA,NA,NA,NA,NA,NA,NA,NA,NA,NA   NA   NA   NA,NA   NA   NA   NA
SHR_2014-03-12 07:43:00,3/12/2014 7:43,SHR,2014,D,FALSE,CLR,NA,NA,13.6,0.29,150,NA,7.87,10.16,38.8,10,Low,723454,726000,2546,2546,16.75042572,16.75042572,1,NA,NA,Terrestrial Insects,63,Order,Coleoptera,Coleoptera,Larvae,1,0.06,0.06,NA,NA,NA,NA,NA,NA,NA,NA,NA,NA,NA   NA   NA   NA,NA   NA   NA   NA
SHR_2014-03-12 07:43:00,3/12/2014 7:43,SHR,2014,D,FALSE,CLR,NA,NA,13.6,0.29,150,NA,7.87,10.16,38.8,10,Low,723454,726000,2546,2546,16.75042572,16.75042572,1,NA,NA,Terrestrial Insects,67,Order,Psocoptera,Psocoptera,Adults,1,0.06,0.06,NA,NA,NA,NA,NA,NA,NA,NA,NA,NA,NA   NA   NA   NA,NA   NA   NA   NA
STTD_2014-03-12 09:30:00,3/12/2014 9:30,STTD,2014,D,FALSE,CLR,NA,NA,14.3,0.21,632,NA,8.21,8.88,49,10,Low,719365,723100,3735,3735,24.57299295,24.57299295,1,NA,NA,Aquatic Insects,34,Family,Chironomidae,Chironomidae,Larvae,1,0.041,0.041,NA,NA,NA,NA,NA,NA,NA,NA,NA,NA,NA   NA   NA   NA,NA   NA   NA   NA
STTD_2014-03-12 09:30:00,3/12/2014 9:30,STTD,2014,D,FALSE,CLR,NA,NA,14.3,0.21,632,NA,8.21,8.88,49,10,Low,719365,723100,3735,3735,24.57299295,24.57299295,1,NA,NA,Aquatic Insects,34,Family,Chironomidae,Chironomidae,Adults,1,0.041,0.041,NA,NA,NA,NA,NA,NA,NA,NA,NA,NA,NA   NA   NA   NA,NA   NA   NA   NA
STTD_2014-03-12 09:30:00,3/12/2014 9:30,STTD,2014,D,FALSE,CLR,NA,NA,14.3,0.21,632,NA,8.21,8.88,49,10,Low,719365,723100,3735,3735,24.57299295,24.57299295,1,NA,NA,Aquatic Non-Insects,19,Family,Corbiculidae,Corbiculidae,NotDetermined,1,0.041,0.041,NA,NA,NA,NA,NA,NA,NA,NA,NA,NA,NA   NA   NA   NA,NA   NA   NA   NA
STTD_2014-03-25 14:18:00,3/25/2014 14:18,STTD,2014,D,FALSE,CLD,NA,NA,17,0.26,784,NA,8.49,8.85,35,10,Low,718080,719500,1420,1420,9.342342702,9.342342702,1,NA,NA,Aquatic Insects,44,Family,Corixidae,Corixidae,Larvae,1,0.107,0.107,NA,NA,NA,NA,NA,NA,NA,NA,NA,NA,NA   NA   NA   NA,NA   NA   NA   NA
STTD_2014-03-25 14:18:00,3/25/2014 14:18,STTD,2014,D,FALSE,CLD,NA,NA,17,0.26,784,NA,8.49,8.85,35,10,Low,718080,719500,1420,1420,9.342342702,9.342342702,1,NA,NA,Aquatic Insects,95,Family,Veliidae,Veliidae,Adults,1,0.107,0.107,NA,NA,NA,NA,NA,NA,NA,NA,NA,NA,NA   NA   NA   NA,NA   NA   NA   NA
STTD_2014-03-25 14:18:00,3/25/2014 14:18,STTD,2014,D,FALSE,CLD,NA,NA,17,0.26,784,NA,8.49,8.85,35,10,Low,718080,719500,1420,1420,9.342342702,9.342342702,1,NA,NA,Aquatic Insects,34,Family,Chironomidae,Chironomidae,Adults,69,7.386,7.386,NA,NA,NA,NA,NA,NA,NA,NA,NA,NA,NA   NA   NA   NA,NA   NA   NA   NA
STTD_2014-03-25 14:18:00,3/25/2014 14:18,STTD,2014,D,FALSE,CLD,NA,NA,17,0.26,784,NA,8.49,8.85,35,10,Low,718080,719500,1420,1420,9.342342702,9.342342702,1,NA,NA,Aquatic Insects,32,Family,Ceratopogonidae,Ceratopogonidae,Pupae,1,0.107,0.107,NA,NA,NA,NA,NA,NA,NA,NA,NA,NA,NA   NA   NA   NA,NA   NA   NA   NA
STTD_2014-03-25 14:18:00,3/25/2014 14:18,STTD,2014,D,FALSE,CLD,NA,NA,17,0.26,784,NA,8.49,8.85,35,10,Low,718080,719500,1420,1420,9.342342702,9.342342702,1,NA,NA,Aquatic Insects,32,Family,Ceratopogonidae,Ceratopogonidae,Adults,2,0.214,0.214,NA,NA,NA,NA,NA,NA,NA,NA,NA,NA,NA   NA   NA   NA,NA   NA   NA   NA
STTD_2014-03-25 14:18:00,3/25/2014 14:18,STTD,2014,D,FALSE,CLD,NA,NA,17,0.26,784,NA,8.49,8.85,35,10,Low,718080,719500,1420,1420,9.342342702,9.342342702,1,NA,NA,Aquatic Non-Insects,21,Family,Planorbidae,Planorbidae,NotDetermined,1,0.107,0.107,NA,NA,NA,NA,NA,NA,NA,NA,NA,NA,NA   NA   NA   NA,NA   NA   NA   NA
STTD_2014-03-25 14:18:00,3/25/2014 14:18,STTD,2014,D,FALSE,CLD,NA,NA,17,0.26,784,NA,8.49,8.85,35,10,Low,718080,719500,1420,1420,9.342342702,9.342342702,1,NA,NA,Aquatic Non-Insects,123,Family,Pionidae,Pionidae,NotDetermined,4,0.428,0.428,NA,NA,NA,NA,NA,NA,NA,NA,NA,NA,NA   NA   NA   NA,NA   NA   NA   NA
STTD_2014-03-25 14:18:00,3/25/2014 14:18,STTD,2014,D,FALSE,CLD,NA,NA,17,0.26,784,NA,8.49,8.85,35,10,Low,718080,719500,1420,1420,9.342342702,9.342342702,1,NA,NA,Aquatic Non-Insects,148,Family,Cottidae,Unidentified Sculpin,NotDetermined,1,0.107,0.107,NA,NA,NA,NA,NA,NA,NA,NA,NA,NA,NA   NA   NA   NA,NA   NA   NA   NA
STTD_2014-03-25 14:18:00,3/25/2014 14:18,STTD,2014,D,FALSE,CLD,NA,NA,17,0.26,784,NA,8.49,8.85,35,10,Low,718080,719500,1420,1420,9.342342702,9.342342702,1,NA,NA,Terrestrial Insects,71,Order,Hemiptera,Hemiptera,Larvae,8,0.856,0.856,NA,NA,NA,NA,NA,NA,NA,NA,NA,NA,NA   NA   NA   NA,NA   NA   NA   NA
STTD_2014-03-25 14:18:00,3/25/2014 14:18,STTD,2014,D,FALSE,CLD,NA,NA,17,0.26,784,NA,8.49,8.85,35,10,Low,718080,719500,1420,1420,9.342342702,9.342342702,1,NA,NA,Terrestrial Insects,71,Order,Hemiptera,Hemiptera,Adults,13,1.392,1.392,NA,NA,NA,NA,NA,NA,NA,NA,NA,NA,NA   NA   NA   NA,NA   NA   NA   NA
STTD_2014-03-25 14:18:00,3/25/2014 14:18,STTD,2014,D,FALSE,CLD,NA,NA,17,0.26,784,NA,8.49,8.85,35,10,Low,718080,719500,1420,1420,9.342342702,9.342342702,1,NA,NA,Terrestrial Insects,63,Order,Coleoptera,Coleoptera,Adults,5,0.535,0.535,NA,NA,NA,NA,NA,NA,NA,NA,NA,NA,NA   NA   NA   NA,NA   NA   NA   NA
STTD_2014-03-25 14:18:00,3/25/2014 14:18,STTD,2014,D,FALSE,CLD,NA,NA,17,0.26,784,NA,8.49,8.85,35,10,Low,718080,719500,1420,1420,9.342342702,9.342342702,1,NA,NA,Terrestrial Insects,64,Order,Diptera,Diptera,Adults,17,1.82,1.82,NA,NA,NA,NA,NA,NA,NA,NA,NA,NA,NA   NA   NA   NA,NA   NA   NA   NA
STTD_2014-03-25 14:18:00,3/25/2014 14:18,STTD,2014,D,FALSE,CLD,NA,NA,17,0.26,784,NA,8.49,8.85,35,10,Low,718080,719500,1420,1420,9.342342702,9.342342702,1,NA,NA,Terrestrial Non-Insects,68,Order,Collembola,Collembola,NotDetermined,22,2.355,2.355,NA,NA,NA,NA,NA,NA,NA,NA,NA,NA,NA   NA   NA   NA,NA   NA   NA   NA
STTD_2014-03-25 14:18:00,3/25/2014 14:18,STTD,2014,D,FALSE,CLD,NA,NA,17,0.26,784,NA,8.49,8.85,35,10,Low,718080,719500,1420,1420,9.342342702,9.342342702,1,NA,NA,Terrestrial Insects,66,Order,Hymenoptera,Hymenoptera,Adults,13,1.392,1.392,NA,NA,NA,NA,NA,NA,NA,NA,NA,NA,NA   NA   NA   NA,NA   NA   NA   NA
STTD_2014-03-25 14:18:00,3/25/2014 14:18,STTD,2014,D,FALSE,CLD,NA,NA,17,0.26,784,NA,8.49,8.85,35,10,Low,718080,719500,1420,1420,9.342342702,9.342342702,1,NA,NA,Terrestrial Insects,74,Order,Neuroptera,Neuroptera,Larvae,1,0.107,0.107,NA,NA,NA,NA,NA,NA,NA,NA,NA,NA,NA   NA   NA   NA,NA   NA   NA   NA
STTD_2014-03-25 14:18:00,3/25/2014 14:18,STTD,2014,D,FALSE,CLD,NA,NA,17,0.26,784,NA,8.49,8.85,35,10,Low,718080,719500,1420,1420,9.342342702,9.342342702,1,NA,NA,Terrestrial Insects,67,Order,Psocoptera,Psocoptera,Adults,3,0.321,0.321,NA,NA,NA,NA,NA,NA,NA,NA,NA,NA,NA   NA   NA   NA,NA   NA   NA   NA
STTD_2014-03-25 14:18:00,3/25/2014 14:18,STTD,2014,D,FALSE,CLD,NA,NA,17,0.26,784,NA,8.49,8.85,35,10,Low,718080,719500,1420,1420,9.342342702,9.342342702,1,NA,NA,Terrestrial Non-Insects,57,Subclass,Acari,Acari,NotDetermined,9,0.963,0.963,NA,NA,NA,NA,NA,NA,NA,NA,NA,NA,NA   NA   NA   NA,NA   NA   NA   NA
STTD_2014-03-25 14:18:00,3/25/2014 14:18,STTD,2014,D,FALSE,CLD,NA,NA,17,0.26,784,NA,8.49,8.85,35,10,Low,718080,719500,1420,1420,9.342342702,9.342342702,1,NA,NA,Terrestrial Non-Insects,58,Suborder,Araneida,Araneida,NotDetermined,13,1.392,1.392,NA,NA,NA,NA,NA,NA,NA,NA,NA,NA,NA   NA   NA   NA,NA   NA   NA   NA
SHR_2014-03-25 16:30:00,3/25/2014 16:30,SHR,2014,D,FALSE,CLD,NA,NA,16.9,0.6,174,NA,8.43,11.04,9.6,10,Low,717991,718000,9,5280,0.059212031,34.73772498,1,Flowmeter did not spin properly - too few rotations,NA,Aquatic Insects,34,Family,Chironomidae,Chironomidae,Adults,2,33.777,0.058,NA,NA,3,SAMP,NA,NA,3,FM,NA,NA,3   NA   3   NA,SAMP   NA   FM   NA
SHR_2014-03-25 16:30:00,3/25/2014 16:30,SHR,2014,D,FALSE,CLD,NA,NA,16.9,0.6,174,NA,8.43,11.04,9.6,10,Low,717991,718000,9,5280,0.059212031,34.73772498,1,Flowmeter did not spin properly - too few rotations,NA,Terrestrial Insects,66,Order,Hymenoptera,Hymenoptera,Adults,5,84.442,0.144,NA,NA,3,SAMP,NA,NA,3,FM,NA,NA,3   NA   3   NA,SAMP   NA   FM   NA
STTD_2014-04-07 12:52:00,4/7/2014 12:52,STTD,2014,D,FALSE,CLR,NA,NA,17.6,0.31,694,NA,8.17,7.71,26,10,Low,718423,719000,577,577,3.796149112,3.796149112,1,NA,NA,Aquatic Insects,46,Family,Coenagrionidae,Coenagrionidae,Larvae,1,0.263,0.263,NA,NA,NA,NA,NA,NA,2,FM,NA,NA,NA   NA   2   NA,NA   NA   FM   NA
STTD_2014-04-07 12:52:00,4/7/2014 12:52,STTD,2014,D,FALSE,CLR,NA,NA,17.6,0.31,694,NA,8.17,7.71,26,10,Low,718423,719000,577,577,3.796149112,3.796149112,1,NA,NA,Aquatic Insects,44,Family,Corixidae,Corixidae,Larvae,5,1.317,1.317,NA,NA,NA,NA,NA,NA,2,FM,NA,NA,NA   NA   2   NA,NA   NA   FM   NA
STTD_2014-04-07 12:52:00,4/7/2014 12:52,STTD,2014,D,FALSE,CLR,NA,NA,17.6,0.31,694,NA,8.17,7.71,26,10,Low,718423,719000,577,577,3.796149112,3.796149112,1,NA,NA,Aquatic Insects,44,Family,Corixidae,Corixidae,Adults,4,1.054,1.054,NA,NA,NA,NA,NA,NA,2,FM,NA,NA,NA   NA   2   NA,NA   NA   FM   NA
STTD_2014-04-07 12:52:00,4/7/2014 12:52,STTD,2014,D,FALSE,CLR,NA,NA,17.6,0.31,694,NA,8.17,7.71,26,10,Low,718423,719000,577,577,3.796149112,3.796149112,1,NA,NA,Aquatic Insects,95,Family,Veliidae,Veliidae,Adults,2,0.527,0.527,NA,NA,NA,NA,NA,NA,2,FM,NA,NA,NA   NA   2   NA,NA   NA   FM   NA
STTD_2014-04-07 12:52:00,4/7/2014 12:52,STTD,2014,D,FALSE,CLR,NA,NA,17.6,0.31,694,NA,8.17,7.71,26,10,Low,718423,719000,577,577,3.796149112,3.796149112,1,NA,NA,Aquatic Insects,30,Family,Dytiscidae,Dytiscidae,Adults,1,0.263,0.263,NA,NA,NA,NA,NA,NA,2,FM,NA,NA,NA   NA   2   NA,NA   NA   FM   NA
STTD_2014-04-07 12:52:00,4/7/2014 12:52,STTD,2014,D,FALSE,CLR,NA,NA,17.6,0.31,694,NA,8.17,7.71,26,10,Low,718423,719000,577,577,3.796149112,3.796149112,1,NA,NA,Aquatic Insects,34,Family,Chironomidae,Chironomidae,Adults,70,18.44,18.44,NA,NA,NA,NA,NA,NA,2,FM,NA,NA,NA   NA   2   NA,NA   NA   FM   NA
STTD_2014-04-07 12:52:00,4/7/2014 12:52,STTD,2014,D,FALSE,CLR,NA,NA,17.6,0.31,694,NA,8.17,7.71,26,10,Low,718423,719000,577,577,3.796149112,3.796149112,1,NA,NA,Aquatic Insects,39,Family,Tipulidae,Tipulidae,Larvae,1,0.263,0.263,NA,NA,NA,NA,NA,NA,2,FM,NA,NA,NA   NA   2   NA,NA   NA   FM   NA
STTD_2014-04-07 12:52:00,4/7/2014 12:52,STTD,2014,D,FALSE,CLR,NA,NA,17.6,0.31,694,NA,8.17,7.71,26,10,Low,718423,719000,577,577,3.796149112,3.796149112,1,NA,NA,Aquatic Non-Insects,20,Family,Physidae,Physidae,NotDetermined,1,0.263,0.263,NA,NA,NA,NA,NA,NA,2,FM,NA,NA,NA   NA   2   NA,NA   NA   FM   NA
STTD_2014-04-07 12:52:00,4/7/2014 12:52,STTD,2014,D,FALSE,CLR,NA,NA,17.6,0.31,694,NA,8.17,7.71,26,10,Low,718423,719000,577,577,3.796149112,3.796149112,1,NA,NA,Aquatic Non-Insects,21,Family,Planorbidae,Planorbidae,NotDetermined,2,0.527,0.527,NA,NA,NA,NA,NA,NA,2,FM,NA,NA,NA   NA   2   NA,NA   NA   FM   NA
STTD_2014-04-07 12:52:00,4/7/2014 12:52,STTD,2014,D,FALSE,CLR,NA,NA,17.6,0.31,694,NA,8.17,7.71,26,10,Low,718423,719000,577,577,3.796149112,3.796149112,1,NA,NA,Aquatic Non-Insects,9,Family,Corophiidae,Corophiidae,NotDetermined,1,0.263,0.263,NA,NA,NA,NA,NA,NA,2,FM,NA,NA,NA   NA   2   NA,NA   NA   FM   NA
STTD_2014-04-07 12:52:00,4/7/2014 12:52,STTD,2014,D,FALSE,CLR,NA,NA,17.6,0.31,694,NA,8.17,7.71,26,10,Low,718423,719000,577,577,3.796149112,3.796149112,1,NA,NA,Aquatic Non-Insects,104,Family,Palaemonidae,Palaemonidae,NotDetermined,1,0.263,0.263,NA,NA,NA,NA,NA,NA,2,FM,NA,NA,NA   NA   2   NA,NA   NA   FM   NA
STTD_2014-04-07 12:52:00,4/7/2014 12:52,STTD,2014,D,FALSE,CLR,NA,NA,17.6,0.31,694,NA,8.17,7.71,26,10,Low,718423,719000,577,577,3.796149112,3.796149112,1,NA,NA,Aquatic Non-Insects,118,Class,Ostracoda,Ostracod,NotDetermined,2,0.527,0.527,NA,NA,NA,NA,NA,NA,2,FM,NA,NA,NA   NA   2   NA,NA   NA   FM   NA
STTD_2014-04-07 12:52:00,4/7/2014 12:52,STTD,2014,D,FALSE,CLR,NA,NA,17.6,0.31,694,NA,8.17,7.71,26,10,Low,718423,719000,577,577,3.796149112,3.796149112,1,NA,NA,Terrestrial Insects,71,Order,Hemiptera,Hemiptera,Larvae,2,0.527,0.527,NA,NA,NA,NA,NA,NA,2,FM,NA,NA,NA   NA   2   NA,NA   NA   FM   NA
STTD_2014-04-07 12:52:00,4/7/2014 12:52,STTD,2014,D,FALSE,CLR,NA,NA,17.6,0.31,694,NA,8.17,7.71,26,10,Low,718423,719000,577,577,3.796149112,3.796149112,1,NA,NA,Terrestrial Insects,71,Order,Hemiptera,Hemiptera,Adults,25,6.586,6.586,NA,NA,NA,NA,NA,NA,2,FM,NA,NA,NA   NA   2   NA,NA   NA   FM   NA
STTD_2014-04-07 12:52:00,4/7/2014 12:52,STTD,2014,D,FALSE,CLR,NA,NA,17.6,0.31,694,NA,8.17,7.71,26,10,Low,718423,719000,577,577,3.796149112,3.796149112,1,NA,NA,Terrestrial Insects,64,Order,Diptera,Diptera,Adults,14,3.688,3.688,NA,NA,NA,NA,NA,NA,2,FM,NA,NA,NA   NA   2   NA,NA   NA   FM   NA
STTD_2014-04-07 12:52:00,4/7/2014 12:52,STTD,2014,D,FALSE,CLR,NA,NA,17.6,0.31,694,NA,8.17,7.71,26,10,Low,718423,719000,577,577,3.796149112,3.796149112,1,NA,NA,Terrestrial Insects,63,Order,Coleoptera,Coleoptera,Larvae,2,0.527,0.527,NA,NA,NA,NA,NA,NA,2,FM,NA,NA,NA   NA   2   NA,NA   NA   FM   NA
STTD_2014-04-07 12:52:00,4/7/2014 12:52,STTD,2014,D,FALSE,CLR,NA,NA,17.6,0.31,694,NA,8.17,7.71,26,10,Low,718423,719000,577,577,3.796149112,3.796149112,1,NA,NA,Terrestrial Insects,63,Order,Coleoptera,Coleoptera,Adults,18,4.742,4.742,NA,NA,NA,NA,NA,NA,2,FM,NA,NA,NA   NA   2   NA,NA   NA   FM   NA
STTD_2014-04-07 12:52:00,4/7/2014 12:52,STTD,2014,D,FALSE,CLR,NA,NA,17.6,0.31,694,NA,8.17,7.71,26,10,Low,718423,719000,577,577,3.796149112,3.796149112,1,NA,NA,Terrestrial Insects,73,Order,Lepidoptera,Lepidoptera,Larvae,3,0.79,0.79,NA,NA,NA,NA,NA,NA,2,FM,NA,NA,NA   NA   2   NA,NA   NA   FM   NA
STTD_2014-04-07 12:52:00,4/7/2014 12:52,STTD,2014,D,FALSE,CLR,NA,NA,17.6,0.31,694,NA,8.17,7.71,26,10,Low,718423,719000,577,577,3.796149112,3.796149112,1,NA,NA,Terrestrial Non-Insects,68,Order,Collembola,Collembola,NotDetermined,18,4.742,4.742,NA,NA,NA,NA,NA,NA,2,FM,NA,NA,NA   NA   2   NA,NA   NA   FM   NA
STTD_2014-04-07 12:52:00,4/7/2014 12:52,STTD,2014,D,FALSE,CLR,NA,NA,17.6,0.31,694,NA,8.17,7.71,26,10,Low,718423,719000,577,577,3.796149112,3.796149112,1,NA,NA,Terrestrial Insects,66,Order,Hymenoptera,Hymenoptera,Adults,31,8.166,8.166,NA,NA,NA,NA,NA,NA,2,FM,NA,NA,NA   NA   2   NA,NA   NA   FM   NA
STTD_2014-04-07 12:52:00,4/7/2014 12:52,STTD,2014,D,FALSE,CLR,NA,NA,17.6,0.31,694,NA,8.17,7.71,26,10,Low,718423,719000,577,577,3.796149112,3.796149112,1,NA,NA,Terrestrial Insects,67,Order,Psocoptera,Psocoptera,Adults,5,1.317,1.317,NA,NA,NA,NA,NA,NA,2,FM,NA,NA,NA   NA   2   NA,NA   NA   FM   NA
STTD_2014-04-07 12:52:00,4/7/2014 12:52,STTD,2014,D,FALSE,CLR,NA,NA,17.6,0.31,694,NA,8.17,7.71,26,10,Low,718423,719000,577,577,3.796149112,3.796149112,1,NA,NA,Terrestrial Insects,85,Order,Thysanoptera,Thysanoptera,Adults,5,1.317,1.317,NA,NA,NA,NA,NA,NA,2,FM,NA,NA,NA   NA   2   NA,NA   NA   FM   NA
STTD_2014-04-07 12:52:00,4/7/2014 12:52,STTD,2014,D,FALSE,CLR,NA,NA,17.6,0.31,694,NA,8.17,7.71,26,10,Low,718423,719000,577,577,3.796149112,3.796149112,1,NA,NA,Terrestrial Non-Insects,57,Subclass,Acari,Acari,NotDetermined,1,0.263,0.263,NA,NA,NA,NA,NA,NA,2,FM,NA,NA,NA   NA   2   NA,NA   NA   FM   NA
STTD_2014-04-07 12:52:00,4/7/2014 12:52,STTD,2014,D,FALSE,CLR,NA,NA,17.6,0.31,694,NA,8.17,7.71,26,10,Low,718423,719000,577,577,3.796149112,3.796149112,1,NA,NA,Terrestrial Non-Insects,143,Order,Opiliones,Opiliones,NotDetermined,1,0.263,0.263,NA,NA,NA,NA,NA,NA,2,FM,NA,NA,NA   NA   2   NA,NA   NA   FM   NA
STTD_2014-04-07 12:52:00,4/7/2014 12:52,STTD,2014,D,FALSE,CLR,NA,NA,17.6,0.31,694,NA,8.17,7.71,26,10,Low,718423,719000,577,577,3.796149112,3.796149112,1,NA,NA,Terrestrial Non-Insects,58,Suborder,Araneida,Araneida,NotDetermined,11,2.898,2.898,NA,NA,NA,NA,NA,NA,2,FM,NA,NA,NA   NA   2   NA,NA   NA   FM   NA
SHR_2014-04-07 14:34:00,4/7/2014 14:34,SHR,2014,D,FALSE,CLR,NA,NA,15.8,0.48,140,NA,8.09,10.64,17.1,10,Low,716989,718000,1011,1011,6.651484839,6.651484839,1,NA,NA,Aquatic Insects,44,Family,Corixidae,Corixidae,Larvae,1,0.15,0.15,NA,NA,NA,NA,NA,NA,NA,NA,NA,NA,NA   NA   NA   NA,NA   NA   NA   NA
SHR_2014-04-07 14:34:00,4/7/2014 14:34,SHR,2014,D,FALSE,CLR,NA,NA,15.8,0.48,140,NA,8.09,10.64,17.1,10,Low,716989,718000,1011,1011,6.651484839,6.651484839,1,NA,NA,Aquatic Insects,34,Family,Chironomidae,Chironomidae,Pupae,1,0.15,0.15,NA,NA,NA,NA,NA,NA,NA,NA,NA,NA,NA   NA   NA   NA,NA   NA   NA   NA
SHR_2014-04-07 14:34:00,4/7/2014 14:34,SHR,2014,D,FALSE,CLR,NA,NA,15.8,0.48,140,NA,8.09,10.64,17.1,10,Low,716989,718000,1011,1011,6.651484839,6.651484839,1,NA,NA,Aquatic Insects,34,Family,Chironomidae,Chironomidae,Adults,2,0.301,0.301,NA,NA,NA,NA,NA,NA,NA,NA,NA,NA,NA   NA   NA   NA,NA   NA   NA   NA
SHR_2014-04-07 14:34:00,4/7/2014 14:34,SHR,2014,D,FALSE,CLR,NA,NA,15.8,0.48,140,NA,8.09,10.64,17.1,10,Low,716989,718000,1011,1011,6.651484839,6.651484839,1,NA,NA,Aquatic Non-Insects,28,Family,Lebertiidae,Lebertiidae,NotDetermined,1,0.15,0.15,NA,NA,NA,NA,NA,NA,NA,NA,NA,NA,NA   NA   NA   NA,NA   NA   NA   NA
SHR_2014-04-07 14:34:00,4/7/2014 14:34,SHR,2014,D,FALSE,CLR,NA,NA,15.8,0.48,140,NA,8.09,10.64,17.1,10,Low,716989,718000,1011,1011,6.651484839,6.651484839,1,NA,NA,Aquatic Non-Insects,120,Family,Lebertiidae,Lebertiidae,NotDetermined,1,0.15,0.15,NA,NA,NA,NA,NA,NA,NA,NA,NA,NA,NA   NA   NA   NA,NA   NA   NA   NA
SHR_2014-04-07 14:34:00,4/7/2014 14:34,SHR,2014,D,FALSE,CLR,NA,NA,15.8,0.48,140,NA,8.09,10.64,17.1,10,Low,716989,718000,1011,1011,6.651484839,6.651484839,1,NA,NA,Aquatic Non-Insects,119,Family,Limnesiidae,Limnesiidae,NotDetermined,1,0.15,0.15,NA,NA,NA,NA,NA,NA,NA,NA,NA,NA,NA   NA   NA   NA,NA   NA   NA   NA
SHR_2014-04-24 10:30:00,4/24/2014 10:30,SHR,2014,D,FALSE,CLD,NA,NA,18.7,0.98,143,NA,7.43,9.54,6.4,10,Low,711680,715700,4020,4020,26.44804061,26.44804061,1,NA,NA,Aquatic Insects,34,Family,Chironomidae,Chironomidae,Larvae,1,0.038,0.038,NA,NA,NA,NA,NA,NA,NA,NA,NA,NA,NA   NA   NA   NA,NA   NA   NA   NA
SHR_2014-04-24 10:30:00,4/24/2014 10:30,SHR,2014,D,FALSE,CLD,NA,NA,18.7,0.98,143,NA,7.43,9.54,6.4,10,Low,711680,715700,4020,4020,26.44804061,26.44804061,1,NA,NA,Aquatic Insects,34,Family,Chironomidae,Chironomidae,Adults,12,0.454,0.454,NA,NA,NA,NA,NA,NA,NA,NA,NA,NA,NA   NA   NA   NA,NA   NA   NA   NA
SHR_2014-04-24 10:30:00,4/24/2014 10:30,SHR,2014,D,FALSE,CLD,NA,NA,18.7,0.98,143,NA,7.43,9.54,6.4,10,Low,711680,715700,4020,4020,26.44804061,26.44804061,1,NA,NA,Aquatic Non-Insects,119,Family,Limnesiidae,Limnesiidae,NotDetermined,1,0.038,0.038,NA,NA,NA,NA,NA,NA,NA,NA,NA,NA,NA   NA   NA   NA,NA   NA   NA   NA
SHR_2014-04-24 10:30:00,4/24/2014 10:30,SHR,2014,D,FALSE,CLD,NA,NA,18.7,0.98,143,NA,7.43,9.54,6.4,10,Low,711680,715700,4020,4020,26.44804061,26.44804061,1,NA,NA,Aquatic Non-Insects,118,Class,Ostracoda,Ostracod,NotDetermined,1,0.038,0.038,NA,NA,NA,NA,NA,NA,NA,NA,NA,NA,NA   NA   NA   NA,NA   NA   NA   NA
SHR_2014-04-24 10:30:00,4/24/2014 10:30,SHR,2014,D,FALSE,CLD,NA,NA,18.7,0.98,143,NA,7.43,9.54,6.4,10,Low,711680,715700,4020,4020,26.44804061,26.44804061,1,NA,NA,Terrestrial Insects,63,Order,Coleoptera,Coleoptera,Adults,1,0.038,0.038,NA,NA,NA,NA,NA,NA,NA,NA,NA,NA,NA   NA   NA   NA,NA   NA   NA   NA
SHR_2014-04-24 10:30:00,4/24/2014 10:30,SHR,2014,D,FALSE,CLD,NA,NA,18.7,0.98,143,NA,7.43,9.54,6.4,10,Low,711680,715700,4020,4020,26.44804061,26.44804061,1,NA,NA,Terrestrial Insects,71,Order,Hemiptera,Hemiptera,Adults,4,0.151,0.151,NA,NA,NA,NA,NA,NA,NA,NA,NA,NA,NA   NA   NA   NA,NA   NA   NA   NA
SHR_2014-04-24 10:30:00,4/24/2014 10:30,SHR,2014,D,FALSE,CLD,NA,NA,18.7,0.98,143,NA,7.43,9.54,6.4,10,Low,711680,715700,4020,4020,26.44804061,26.44804061,1,NA,NA,Terrestrial Insects,66,Order,Hymenoptera,Hymenoptera,Adults,1,0.038,0.038,NA,NA,NA,NA,NA,NA,NA,NA,NA,NA,NA   NA   NA   NA,NA   NA   NA   NA
STTD_2014-04-25 09:00:00,4/25/2014 9:00,STTD,2014,D,FALSE,RAN,NA,NA,18.8,0.22,754,NA,8.19,7.13,50.5,10,Low,708216,711608,3392,3392,22.31635665,22.31635665,1,NA,NA,Aquatic Insects,34,Family,Chironomidae,Chironomidae,Adults,1,0.045,0.045,NA,NA,NA,NA,NA,NA,NA,NA,NA,NA,NA   NA   NA   NA,NA   NA   NA   NA
STTD_2014-04-25 09:00:00,4/25/2014 9:00,STTD,2014,D,FALSE,RAN,NA,NA,18.8,0.22,754,NA,8.19,7.13,50.5,10,Low,708216,711608,3392,3392,22.31635665,22.31635665,1,NA,NA,Terrestrial Insects,66,Order,Hymenoptera,Hymenoptera,Adults,1,0.045,0.045,NA,NA,NA,NA,NA,NA,NA,NA,NA,NA,NA   NA   NA   NA,NA   NA   NA   NA
STTD_2014-04-25 09:00:00,4/25/2014 9:00,STTD,2014,D,FALSE,RAN,NA,NA,18.8,0.22,754,NA,8.19,7.13,50.5,10,Low,708216,711608,3392,3392,22.31635665,22.31635665,1,NA,NA,Terrestrial Insects,67,Order,Psocoptera,Psocoptera,Adults,1,0.045,0.045,NA,NA,NA,NA,NA,NA,NA,NA,NA,NA,NA   NA   NA   NA,NA   NA   NA   NA
STTD_2014-04-25 09:00:00,4/25/2014 9:00,STTD,2014,D,FALSE,RAN,NA,NA,18.8,0.22,754,NA,8.19,7.13,50.5,10,Low,708216,711608,3392,3392,22.31635665,22.31635665,1,NA,NA,Aquatic Non-Insects,163,Family,Atherinidae,Atherinidae,NotDetermined,1,0.045,0.045,NA,NA,NA,NA,NA,NA,NA,NA,NA,NA,NA   NA   NA   NA,NA   NA   NA   NA
SHR_2014-05-07 08:52:00,5/7/2014 8:52,SHR,2014,D,FALSE,CLR,NA,NA,20.5,0.73,140,NA,8.05,9.24,6.8,10,Low,703795,708000,4205,4205,27.66517681,27.66517681,1,jet boat used,NA,Aquatic Insects,32,Family,Ceratopogonidae,Ceratopogonidae,Larvae,1,0.036,0.036,NA,NA,NA,NA,NA,NA,NA,NA,NA,NA,NA   NA   NA   NA,NA   NA   NA   NA
SHR_2014-05-07 08:52:00,5/7/2014 8:52,SHR,2014,D,FALSE,CLR,NA,NA,20.5,0.73,140,NA,8.05,9.24,6.8,10,Low,703795,708000,4205,4205,27.66517681,27.66517681,1,jet boat used,NA,Aquatic Insects,32,Family,Ceratopogonidae,Ceratopogonidae,Pupae,2,0.072,0.072,NA,NA,NA,NA,NA,NA,NA,NA,NA,NA,NA   NA   NA   NA,NA   NA   NA   NA
SHR_2014-05-07 08:52:00,5/7/2014 8:52,SHR,2014,D,FALSE,CLR,NA,NA,20.5,0.73,140,NA,8.05,9.24,6.8,10,Low,703795,708000,4205,4205,27.66517681,27.66517681,1,jet boat used,NA,Aquatic Insects,32,Family,Ceratopogonidae,Ceratopogonidae,Adults,1,0.036,0.036,NA,NA,NA,NA,NA,NA,NA,NA,NA,NA,NA   NA   NA   NA,NA   NA   NA   NA
SHR_2014-05-07 08:52:00,5/7/2014 8:52,SHR,2014,D,FALSE,CLR,NA,NA,20.5,0.73,140,NA,8.05,9.24,6.8,10,Low,703795,708000,4205,4205,27.66517681,27.66517681,1,jet boat used,NA,Aquatic Insects,35,Family,Empididae,Empididae,Adults,1,0.036,0.036,NA,NA,NA,NA,NA,NA,NA,NA,NA,NA,NA   NA   NA   NA,NA   NA   NA   NA
SHR_2014-05-07 08:52:00,5/7/2014 8:52,SHR,2014,D,FALSE,CLR,NA,NA,20.5,0.73,140,NA,8.05,9.24,6.8,10,Low,703795,708000,4205,4205,27.66517681,27.66517681,1,jet boat used,NA,Aquatic Insects,37,Family,Psychodidae,Psychodidae,Adults,1,0.036,0.036,NA,NA,NA,NA,NA,NA,NA,NA,NA,NA,NA   NA   NA   NA,NA   NA   NA   NA
SHR_2014-05-07 08:52:00,5/7/2014 8:52,SHR,2014,D,FALSE,CLR,NA,NA,20.5,0.73,140,NA,8.05,9.24,6.8,10,Low,703795,708000,4205,4205,27.66517681,27.66517681,1,jet boat used,NA,Aquatic Insects,34,Family,Chironomidae,Chironomidae,Larvae,39,1.41,1.41,NA,NA,NA,NA,NA,NA,NA,NA,NA,NA,NA   NA   NA   NA,NA   NA   NA   NA
SHR_2014-05-07 08:52:00,5/7/2014 8:52,SHR,2014,D,FALSE,CLR,NA,NA,20.5,0.73,140,NA,8.05,9.24,6.8,10,Low,703795,708000,4205,4205,27.66517681,27.66517681,1,jet boat used,NA,Aquatic Insects,34,Family,Chironomidae,Chironomidae,Pupae,7,0.253,0.253,NA,NA,NA,NA,NA,NA,NA,NA,NA,NA,NA   NA   NA   NA,NA   NA   NA   NA
SHR_2014-05-07 08:52:00,5/7/2014 8:52,SHR,2014,D,FALSE,CLR,NA,NA,20.5,0.73,140,NA,8.05,9.24,6.8,10,Low,703795,708000,4205,4205,27.66517681,27.66517681,1,jet boat used,NA,Aquatic Insects,34,Family,Chironomidae,Chironomidae,Adults,83,3,3,NA,NA,NA,NA,NA,NA,NA,NA,NA,NA,NA   NA   NA   NA,NA   NA   NA   NA
SHR_2014-05-07 08:52:00,5/7/2014 8:52,SHR,2014,D,FALSE,CLR,NA,NA,20.5,0.73,140,NA,8.05,9.24,6.8,10,Low,703795,708000,4205,4205,27.66517681,27.66517681,1,jet boat used,NA,Aquatic Insects,44,Family,Corixidae,Corixidae,Larvae,1,0.036,0.036,NA,NA,NA,NA,NA,NA,NA,NA,NA,NA,NA   NA   NA   NA,NA   NA   NA   NA
SHR_2014-05-07 08:52:00,5/7/2014 8:52,SHR,2014,D,FALSE,CLR,NA,NA,20.5,0.73,140,NA,8.05,9.24,6.8,10,Low,703795,708000,4205,4205,27.66517681,27.66517681,1,jet boat used,NA,Aquatic Insects,88,Family,Hydroptilidae,Hydroptilidae,Larvae,1,0.036,0.036,NA,NA,NA,NA,NA,NA,NA,NA,NA,NA,NA   NA   NA   NA,NA   NA   NA   NA
SHR_2014-05-07 08:52:00,5/7/2014 8:52,SHR,2014,D,FALSE,CLR,NA,NA,20.5,0.73,140,NA,8.05,9.24,6.8,10,Low,703795,708000,4205,4205,27.66517681,27.66517681,1,jet boat used,NA,Aquatic Insects,88,Family,Hydroptilidae,Hydroptilidae,Adults,1,0.036,0.036,NA,NA,NA,NA,NA,NA,NA,NA,NA,NA,NA   NA   NA   NA,NA   NA   NA   NA
SHR_2014-05-07 08:52:00,5/7/2014 8:52,SHR,2014,D,FALSE,CLR,NA,NA,20.5,0.73,140,NA,8.05,9.24,6.8,10,Low,703795,708000,4205,4205,27.66517681,27.66517681,1,jet boat used,NA,Aquatic Non-Insects,9,Family,Corophiidae,Corophiidae,NotDetermined,2,0.072,0.072,NA,NA,NA,NA,NA,NA,NA,NA,NA,NA,NA   NA   NA   NA,NA   NA   NA   NA
SHR_2014-05-07 08:52:00,5/7/2014 8:52,SHR,2014,D,FALSE,CLR,NA,NA,20.5,0.73,140,NA,8.05,9.24,6.8,10,Low,703795,708000,4205,4205,27.66517681,27.66517681,1,jet boat used,NA,Terrestrial Insects,63,Order,Coleoptera,Coleoptera,Adults,2,0.072,0.072,NA,NA,NA,NA,NA,NA,NA,NA,NA,NA,NA   NA   NA   NA,NA   NA   NA   NA
SHR_2014-05-07 08:52:00,5/7/2014 8:52,SHR,2014,D,FALSE,CLR,NA,NA,20.5,0.73,140,NA,8.05,9.24,6.8,10,Low,703795,708000,4205,4205,27.66517681,27.66517681,1,jet boat used,NA,Terrestrial Insects,64,Order,Diptera,Diptera,Pupae,1,0.036,0.036,NA,NA,NA,NA,NA,NA,NA,NA,NA,NA,NA   NA   NA   NA,NA   NA   NA   NA
SHR_2014-05-07 08:52:00,5/7/2014 8:52,SHR,2014,D,FALSE,CLR,NA,NA,20.5,0.73,140,NA,8.05,9.24,6.8,10,Low,703795,708000,4205,4205,27.66517681,27.66517681,1,jet boat used,NA,Terrestrial Insects,64,Order,Diptera,Diptera,Adults,14,0.506,0.506,NA,NA,NA,NA,NA,NA,NA,NA,NA,NA,NA   NA   NA   NA,NA   NA   NA   NA
SHR_2014-05-07 08:52:00,5/7/2014 8:52,SHR,2014,D,FALSE,CLR,NA,NA,20.5,0.73,140,NA,8.05,9.24,6.8,10,Low,703795,708000,4205,4205,27.66517681,27.66517681,1,jet boat used,NA,Terrestrial Insects,71,Order,Hemiptera,Hemiptera,Larvae,2,0.072,0.072,NA,NA,NA,NA,NA,NA,NA,NA,NA,NA,NA   NA   NA   NA,NA   NA   NA   NA
SHR_2014-05-07 08:52:00,5/7/2014 8:52,SHR,2014,D,FALSE,CLR,NA,NA,20.5,0.73,140,NA,8.05,9.24,6.8,10,Low,703795,708000,4205,4205,27.66517681,27.66517681,1,jet boat used,NA,Terrestrial Insects,71,Order,Hemiptera,Hemiptera,Adults,5,0.181,0.181,NA,NA,NA,NA,NA,NA,NA,NA,NA,NA,NA   NA   NA   NA,NA   NA   NA   NA
SHR_2014-05-07 08:52:00,5/7/2014 8:52,SHR,2014,D,FALSE,CLR,NA,NA,20.5,0.73,140,NA,8.05,9.24,6.8,10,Low,703795,708000,4205,4205,27.66517681,27.66517681,1,jet boat used,NA,Terrestrial Non-Insects,68,Order,Collembola,Collembola,NotDetermined,5,0.181,0.181,NA,NA,NA,NA,NA,NA,NA,NA,NA,NA,NA   NA   NA   NA,NA   NA   NA   NA
SHR_2014-05-07 08:52:00,5/7/2014 8:52,SHR,2014,D,FALSE,CLR,NA,NA,20.5,0.73,140,NA,8.05,9.24,6.8,10,Low,703795,708000,4205,4205,27.66517681,27.66517681,1,jet boat used,NA,Terrestrial Insects,66,Order,Hymenoptera,Hymenoptera,Adults,7,0.253,0.253,NA,NA,NA,NA,NA,NA,NA,NA,NA,NA,NA   NA   NA   NA,NA   NA   NA   NA
SHR_2014-05-07 08:52:00,5/7/2014 8:52,SHR,2014,D,FALSE,CLR,NA,NA,20.5,0.73,140,NA,8.05,9.24,6.8,10,Low,703795,708000,4205,4205,27.66517681,27.66517681,1,jet boat used,NA,Terrestrial Insects,67,Order,Psocoptera,Psocoptera,Adults,3,0.108,0.108,NA,NA,NA,NA,NA,NA,NA,NA,NA,NA,NA   NA   NA   NA,NA   NA   NA   NA
SHR_2014-05-07 08:52:00,5/7/2014 8:52,SHR,2014,D,FALSE,CLR,NA,NA,20.5,0.73,140,NA,8.05,9.24,6.8,10,Low,703795,708000,4205,4205,27.66517681,27.66517681,1,jet boat used,NA,Terrestrial Insects,85,Order,Thysanoptera,Thysanoptera,Adults,7,0.253,0.253,NA,NA,NA,NA,NA,NA,NA,NA,NA,NA,NA   NA   NA   NA,NA   NA   NA   NA
SHR_2014-05-07 08:52:00,5/7/2014 8:52,SHR,2014,D,FALSE,CLR,NA,NA,20.5,0.73,140,NA,8.05,9.24,6.8,10,Low,703795,708000,4205,4205,27.66517681,27.66517681,1,jet boat used,NA,Terrestrial Non-Insects,157,Order,Araneae,Araneae,NotDetermined,2,0.072,0.072,NA,NA,NA,NA,NA,NA,NA,NA,NA,NA,NA   NA   NA   NA,NA   NA   NA   NA
SHR_2014-05-07 08:52:00,5/7/2014 8:52,SHR,2014,D,FALSE,CLR,NA,NA,20.5,0.73,140,NA,8.05,9.24,6.8,10,Low,703795,708000,4205,4205,27.66517681,27.66517681,1,jet boat used,NA,Aquatic Non-Insects,165,Genus,Morone,Morone sp.,NotDetermined,4,0.145,0.145,NA,NA,NA,NA,NA,NA,NA,NA,NA,NA,NA   NA   NA   NA,NA   NA   NA   NA
STTD_2014-05-09 08:20:00,5/9/2014 8:20,STTD,2014,D,FALSE,CLR,NA,NA,19,0.14,462,NA,8,8.86,92.3,10,Low,699425,703430,4005,4005,26.34935389,26.34935389,1,low tide (motor used),NA,Aquatic Insects,34,Family,Chironomidae,Chironomidae,Adults,1,0.038,0.038,NA,NA,NA,NA,NA,NA,NA,NA,NA,NA,NA   NA   NA   NA,NA   NA   NA   NA
STTD_2014-05-09 08:20:00,5/9/2014 8:20,STTD,2014,D,FALSE,CLR,NA,NA,19,0.14,462,NA,8,8.86,92.3,10,Low,699425,703430,4005,4005,26.34935389,26.34935389,1,low tide (motor used),NA,Aquatic Insects,44,Family,Corixidae,Corixidae,Larvae,1,0.038,0.038,NA,NA,NA,NA,NA,NA,NA,NA,NA,NA,NA   NA   NA   NA,NA   NA   NA   NA
STTD_2014-05-09 08:20:00,5/9/2014 8:20,STTD,2014,D,FALSE,CLR,NA,NA,19,0.14,462,NA,8,8.86,92.3,10,Low,699425,703430,4005,4005,26.34935389,26.34935389,1,low tide (motor used),NA,Aquatic Non-Insects,9,Family,Corophiidae,Corophiidae,NotDetermined,1,0.038,0.038,NA,NA,NA,NA,NA,NA,NA,NA,NA,NA,NA   NA   NA   NA,NA   NA   NA   NA
STTD_2014-05-09 08:20:00,5/9/2014 8:20,STTD,2014,D,FALSE,CLR,NA,NA,19,0.14,462,NA,8,8.86,92.3,10,Low,699425,703430,4005,4005,26.34935389,26.34935389,1,low tide (motor used),NA,Terrestrial Insects,71,Order,Hemiptera,Hemiptera,Larvae,1,0.038,0.038,NA,NA,NA,NA,NA,NA,NA,NA,NA,NA,NA   NA   NA   NA,NA   NA   NA   NA
STTD_2014-05-09 08:20:00,5/9/2014 8:20,STTD,2014,D,FALSE,CLR,NA,NA,19,0.14,462,NA,8,8.86,92.3,10,Low,699425,703430,4005,4005,26.34935389,26.34935389,1,low tide (motor used),NA,Terrestrial Insects,71,Order,Hemiptera,Hemiptera,Adults,1,0.038,0.038,NA,NA,NA,NA,NA,NA,NA,NA,NA,NA,NA   NA   NA   NA,NA   NA   NA   NA
STTD_2014-05-09 08:20:00,5/9/2014 8:20,STTD,2014,D,FALSE,CLR,NA,NA,19,0.14,462,NA,8,8.86,92.3,10,Low,699425,703430,4005,4005,26.34935389,26.34935389,1,low tide (motor used),NA,Terrestrial Non-Insects,68,Order,Collembola,Collembola,NotDetermined,12,0.455,0.455,NA,NA,NA,NA,NA,NA,NA,NA,NA,NA,NA   NA   NA   NA,NA   NA   NA   NA
STTD_2014-05-09 08:20:00,5/9/2014 8:20,STTD,2014,D,FALSE,CLR,NA,NA,19,0.14,462,NA,8,8.86,92.3,10,Low,699425,703430,4005,4005,26.34935389,26.34935389,1,low tide (motor used),NA,Terrestrial Insects,66,Order,Hymenoptera,Hymenoptera,Adults,3,0.114,0.114,NA,NA,NA,NA,NA,NA,NA,NA,NA,NA,NA   NA   NA   NA,NA   NA   NA   NA
STTD_2014-05-09 08:20:00,5/9/2014 8:20,STTD,2014,D,FALSE,CLR,NA,NA,19,0.14,462,NA,8,8.86,92.3,10,Low,699425,703430,4005,4005,26.34935389,26.34935389,1,low tide (motor used),NA,Terrestrial Insects,67,Order,Psocoptera,Psocoptera,Larvae,1,0.038,0.038,NA,NA,NA,NA,NA,NA,NA,NA,NA,NA,NA   NA   NA   NA,NA   NA   NA   NA
STTD_2014-05-09 08:20:00,5/9/2014 8:20,STTD,2014,D,FALSE,CLR,NA,NA,19,0.14,462,NA,8,8.86,92.3,10,Low,699425,703430,4005,4005,26.34935389,26.34935389,1,low tide (motor used),NA,Terrestrial Non-Insects,157,Order,Araneae,Araneae,NotDetermined,1,0.038,0.038,NA,NA,NA,NA,NA,NA,NA,NA,NA,NA,NA   NA   NA   NA,NA   NA   NA   NA
STTD_2014-05-09 08:20:00,5/9/2014 8:20,STTD,2014,D,FALSE,CLR,NA,NA,19,0.14,462,NA,8,8.86,92.3,10,Low,699425,703430,4005,4005,26.34935389,26.34935389,1,low tide (motor used),NA,Aquatic Non-Insects,162,Class,Actinopterygii,Actinopterygii Fish,NotDetermined,1,0.038,0.038,NA,NA,NA,NA,NA,NA,NA,NA,NA,NA,NA   NA   NA   NA,NA   NA   NA   NA
STTD_2014-05-09 08:20:00,5/9/2014 8:20,STTD,2014,D,FALSE,CLR,NA,NA,19,0.14,462,NA,8,8.86,92.3,10,Low,699425,703430,4005,4005,26.34935389,26.34935389,1,low tide (motor used),NA,Aquatic Non-Insects,163,Family,Atherinidae,Atherinidae,NotDetermined,1,0.038,0.038,NA,NA,NA,NA,NA,NA,NA,NA,NA,NA,NA   NA   NA   NA,NA   NA   NA   NA
SHR_2014-05-21 08:15:00,5/21/2014 8:15,SHR,2014,D,FALSE,CLR,NA,NA,20.2,1.3,135,NA,7.66,9.17,4.1,10,Low,689000,694177,5177,5177,34.06007618,34.06007618,1,NA,NA,Aquatic Insects,30,Family,Dytiscidae,Dytiscidae,Larvae,2,0.059,0.059,NA,NA,NA,NA,NA,NA,NA,NA,NA,NA,NA   NA   NA   NA,NA   NA   NA   NA
SHR_2014-05-21 08:15:00,5/21/2014 8:15,SHR,2014,D,FALSE,CLR,NA,NA,20.2,1.3,135,NA,7.66,9.17,4.1,10,Low,689000,694177,5177,5177,34.06007618,34.06007618,1,NA,NA,Aquatic Insects,30,Family,Dytiscidae,Dytiscidae,Adults,1,0.029,0.029,NA,NA,NA,NA,NA,NA,NA,NA,NA,NA,NA   NA   NA   NA,NA   NA   NA   NA
SHR_2014-05-21 08:15:00,5/21/2014 8:15,SHR,2014,D,FALSE,CLR,NA,NA,20.2,1.3,135,NA,7.66,9.17,4.1,10,Low,689000,694177,5177,5177,34.06007618,34.06007618,1,NA,NA,Aquatic Insects,32,Family,Ceratopogonidae,Ceratopogonidae,Larvae,4,0.117,0.117,NA,NA,NA,NA,NA,NA,NA,NA,NA,NA,NA   NA   NA   NA,NA   NA   NA   NA
SHR_2014-05-21 08:15:00,5/21/2014 8:15,SHR,2014,D,FALSE,CLR,NA,NA,20.2,1.3,135,NA,7.66,9.17,4.1,10,Low,689000,694177,5177,5177,34.06007618,34.06007618,1,NA,NA,Aquatic Insects,32,Family,Ceratopogonidae,Ceratopogonidae,Pupae,6,0.176,0.176,NA,NA,NA,NA,NA,NA,NA,NA,NA,NA,NA   NA   NA   NA,NA   NA   NA   NA
SHR_2014-05-21 08:15:00,5/21/2014 8:15,SHR,2014,D,FALSE,CLR,NA,NA,20.2,1.3,135,NA,7.66,9.17,4.1,10,Low,689000,694177,5177,5177,34.06007618,34.06007618,1,NA,NA,Aquatic Insects,49,Family,Culicidae,Culicidae,Larvae,1,0.029,0.029,NA,NA,NA,NA,NA,NA,NA,NA,NA,NA,NA   NA   NA   NA,NA   NA   NA   NA
SHR_2014-05-21 08:15:00,5/21/2014 8:15,SHR,2014,D,FALSE,CLR,NA,NA,20.2,1.3,135,NA,7.66,9.17,4.1,10,Low,689000,694177,5177,5177,34.06007618,34.06007618,1,NA,NA,Aquatic Insects,34,Family,Chironomidae,Chironomidae,Larvae,186,5.461,5.461,NA,NA,NA,NA,NA,NA,NA,NA,NA,NA,NA   NA   NA   NA,NA   NA   NA   NA
SHR_2014-05-21 08:15:00,5/21/2014 8:15,SHR,2014,D,FALSE,CLR,NA,NA,20.2,1.3,135,NA,7.66,9.17,4.1,10,Low,689000,694177,5177,5177,34.06007618,34.06007618,1,NA,NA,Aquatic Insects,34,Family,Chironomidae,Chironomidae,Pupae,16,0.47,0.47,NA,NA,NA,NA,NA,NA,NA,NA,NA,NA,NA   NA   NA   NA,NA   NA   NA   NA
SHR_2014-05-21 08:15:00,5/21/2014 8:15,SHR,2014,D,FALSE,CLR,NA,NA,20.2,1.3,135,NA,7.66,9.17,4.1,10,Low,689000,694177,5177,5177,34.06007618,34.06007618,1,NA,NA,Aquatic Insects,34,Family,Chironomidae,Chironomidae,Adults,191,5.608,5.608,NA,NA,NA,NA,NA,NA,NA,NA,NA,NA,NA   NA   NA   NA,NA   NA   NA   NA
SHR_2014-05-21 08:15:00,5/21/2014 8:15,SHR,2014,D,FALSE,CLR,NA,NA,20.2,1.3,135,NA,7.66,9.17,4.1,10,Low,689000,694177,5177,5177,34.06007618,34.06007618,1,NA,NA,Aquatic Insects,41,Family,Baetidae,Baetidae,Larvae,1,0.029,0.029,NA,NA,NA,NA,NA,NA,NA,NA,NA,NA,NA   NA   NA   NA,NA   NA   NA   NA
SHR_2014-05-21 08:15:00,5/21/2014 8:15,SHR,2014,D,FALSE,CLR,NA,NA,20.2,1.3,135,NA,7.66,9.17,4.1,10,Low,689000,694177,5177,5177,34.06007618,34.06007618,1,NA,NA,Aquatic Insects,44,Family,Corixidae,Corixidae,Larvae,6,0.176,0.176,NA,NA,NA,NA,NA,NA,NA,NA,NA,NA,NA   NA   NA   NA,NA   NA   NA   NA
SHR_2014-05-21 08:15:00,5/21/2014 8:15,SHR,2014,D,FALSE,CLR,NA,NA,20.2,1.3,135,NA,7.66,9.17,4.1,10,Low,689000,694177,5177,5177,34.06007618,34.06007618,1,NA,NA,Aquatic Insects,46,Family,Coenagrionidae,Coenagrionidae,Larvae,2,0.059,0.059,NA,NA,NA,NA,NA,NA,NA,NA,NA,NA,NA   NA   NA   NA,NA   NA   NA   NA
SHR_2014-05-21 08:15:00,5/21/2014 8:15,SHR,2014,D,FALSE,CLR,NA,NA,20.2,1.3,135,NA,7.66,9.17,4.1,10,Low,689000,694177,5177,5177,34.06007618,34.06007618,1,NA,NA,Aquatic Insects,88,Family,Hydroptilidae,Hydroptilidae,Pupae,3,0.088,0.088,NA,NA,NA,NA,NA,NA,NA,NA,NA,NA,NA   NA   NA   NA,NA   NA   NA   NA
SHR_2014-05-21 08:15:00,5/21/2014 8:15,SHR,2014,D,FALSE,CLR,NA,NA,20.2,1.3,135,NA,7.66,9.17,4.1,10,Low,689000,694177,5177,5177,34.06007618,34.06007618,1,NA,NA,Aquatic Insects,88,Family,Hydroptilidae,Hydroptilidae,Adults,1,0.029,0.029,NA,NA,NA,NA,NA,NA,NA,NA,NA,NA,NA   NA   NA   NA,NA   NA   NA   NA
SHR_2014-05-21 08:15:00,5/21/2014 8:15,SHR,2014,D,FALSE,CLR,NA,NA,20.2,1.3,135,NA,7.66,9.17,4.1,10,Low,689000,694177,5177,5177,34.06007618,34.06007618,1,NA,NA,Aquatic Non-Insects,103,Family,Arrenuridae,Arrenuridae,NotDetermined,1,0.029,0.029,NA,NA,NA,NA,NA,NA,NA,NA,NA,NA,NA   NA   NA   NA,NA   NA   NA   NA
SHR_2014-05-21 08:15:00,5/21/2014 8:15,SHR,2014,D,FALSE,CLR,NA,NA,20.2,1.3,135,NA,7.66,9.17,4.1,10,Low,689000,694177,5177,5177,34.06007618,34.06007618,1,NA,NA,Aquatic Non-Insects,28,Family,Lebertiidae,Lebertiidae,NotDetermined,2,0.059,0.059,NA,NA,NA,NA,NA,NA,NA,NA,NA,NA,NA   NA   NA   NA,NA   NA   NA   NA
SHR_2014-05-21 08:15:00,5/21/2014 8:15,SHR,2014,D,FALSE,CLR,NA,NA,20.2,1.3,135,NA,7.66,9.17,4.1,10,Low,689000,694177,5177,5177,34.06007618,34.06007618,1,NA,NA,Aquatic Non-Insects,120,Family,Lebertiidae,Lebertiidae,NotDetermined,2,0.059,0.059,NA,NA,NA,NA,NA,NA,NA,NA,NA,NA,NA   NA   NA   NA,NA   NA   NA   NA
SHR_2014-05-21 08:15:00,5/21/2014 8:15,SHR,2014,D,FALSE,CLR,NA,NA,20.2,1.3,135,NA,7.66,9.17,4.1,10,Low,689000,694177,5177,5177,34.06007618,34.06007618,1,NA,NA,Aquatic Non-Insects,4,Family,Naididae,Naididae,NotDetermined,3,0.088,0.088,NA,NA,NA,NA,NA,NA,NA,NA,NA,NA,NA   NA   NA   NA,NA   NA   NA   NA
SHR_2014-05-21 08:15:00,5/21/2014 8:15,SHR,2014,D,FALSE,CLR,NA,NA,20.2,1.3,135,NA,7.66,9.17,4.1,10,Low,689000,694177,5177,5177,34.06007618,34.06007618,1,NA,NA,Aquatic Non-Insects,10,Family,Crangonyctidae,Crangonyctidae,NotDetermined,2,0.059,0.059,NA,NA,NA,NA,NA,NA,NA,NA,NA,NA,NA   NA   NA   NA,NA   NA   NA   NA
SHR_2014-05-21 08:15:00,5/21/2014 8:15,SHR,2014,D,FALSE,CLR,NA,NA,20.2,1.3,135,NA,7.66,9.17,4.1,10,Low,689000,694177,5177,5177,34.06007618,34.06007618,1,NA,NA,Aquatic Non-Insects,15,Family,Hyalellidae,Hyalellidae,NotDetermined,3,0.088,0.088,NA,NA,NA,NA,NA,NA,NA,NA,NA,NA,NA   NA   NA   NA,NA   NA   NA   NA
SHR_2014-05-21 08:15:00,5/21/2014 8:15,SHR,2014,D,FALSE,CLR,NA,NA,20.2,1.3,135,NA,7.66,9.17,4.1,10,Low,689000,694177,5177,5177,34.06007618,34.06007618,1,NA,NA,Aquatic Non-Insects,158,Family,Chydoridae,Chydoridae,NotDetermined,1,0.029,0.029,NA,NA,NA,NA,NA,NA,NA,NA,NA,NA,NA   NA   NA   NA,NA   NA   NA   NA
SHR_2014-05-21 08:15:00,5/21/2014 8:15,SHR,2014,D,FALSE,CLR,NA,NA,20.2,1.3,135,NA,7.66,9.17,4.1,10,Low,689000,694177,5177,5177,34.06007618,34.06007618,1,NA,NA,Aquatic Non-Insects,153,Family,Daphniidae,Daphniidae,NotDetermined,1,0.029,0.029,NA,NA,NA,NA,NA,NA,NA,NA,NA,NA,NA   NA   NA   NA,NA   NA   NA   NA
SHR_2014-05-21 08:15:00,5/21/2014 8:15,SHR,2014,D,FALSE,CLR,NA,NA,20.2,1.3,135,NA,7.66,9.17,4.1,10,Low,689000,694177,5177,5177,34.06007618,34.06007618,1,NA,NA,Aquatic Non-Insects,118,Class,Ostracoda,Ostracod,NotDetermined,3,0.088,0.088,NA,NA,NA,NA,NA,NA,NA,NA,NA,NA,NA   NA   NA   NA,NA   NA   NA   NA
SHR_2014-05-21 08:15:00,5/21/2014 8:15,SHR,2014,D,FALSE,CLR,NA,NA,20.2,1.3,135,NA,7.66,9.17,4.1,10,Low,689000,694177,5177,5177,34.06007618,34.06007618,1,NA,NA,Aquatic Non-Insects,106,Family,Lymnaeidae,Lymnaeidae,NotDetermined,2,0.059,0.059,NA,NA,NA,NA,NA,NA,NA,NA,NA,NA,NA   NA   NA   NA,NA   NA   NA   NA
SHR_2014-05-21 08:15:00,5/21/2014 8:15,SHR,2014,D,FALSE,CLR,NA,NA,20.2,1.3,135,NA,7.66,9.17,4.1,10,Low,689000,694177,5177,5177,34.06007618,34.06007618,1,NA,NA,Aquatic Non-Insects,21,Family,Planorbidae,Planorbidae,NotDetermined,11,0.323,0.323,NA,NA,NA,NA,NA,NA,NA,NA,NA,NA,NA   NA   NA   NA,NA   NA   NA   NA
SHR_2014-05-21 08:15:00,5/21/2014 8:15,SHR,2014,D,FALSE,CLR,NA,NA,20.2,1.3,135,NA,7.66,9.17,4.1,10,Low,689000,694177,5177,5177,34.06007618,34.06007618,1,NA,NA,Aquatic Non-Insects,130,Phylum,Nematoda,Nematoda,NotDetermined,1,0.029,0.029,NA,NA,NA,NA,NA,NA,NA,NA,NA,NA,NA   NA   NA   NA,NA   NA   NA   NA
SHR_2014-05-21 08:15:00,5/21/2014 8:15,SHR,2014,D,FALSE,CLR,NA,NA,20.2,1.3,135,NA,7.66,9.17,4.1,10,Low,689000,694177,5177,5177,34.06007618,34.06007618,1,NA,NA,Terrestrial Insects,63,Order,Coleoptera,Coleoptera,Larvae,1,0.029,0.029,NA,NA,NA,NA,NA,NA,NA,NA,NA,NA,NA   NA   NA   NA,NA   NA   NA   NA
SHR_2014-05-21 08:15:00,5/21/2014 8:15,SHR,2014,D,FALSE,CLR,NA,NA,20.2,1.3,135,NA,7.66,9.17,4.1,10,Low,689000,694177,5177,5177,34.06007618,34.06007618,1,NA,NA,Terrestrial Insects,63,Order,Coleoptera,Coleoptera,Adults,1,0.029,0.029,NA,NA,NA,NA,NA,NA,NA,NA,NA,NA,NA   NA   NA   NA,NA   NA   NA   NA
SHR_2014-05-21 08:15:00,5/21/2014 8:15,SHR,2014,D,FALSE,CLR,NA,NA,20.2,1.3,135,NA,7.66,9.17,4.1,10,Low,689000,694177,5177,5177,34.06007618,34.06007618,1,NA,NA,Terrestrial Insects,64,Order,Diptera,Diptera,Adults,5,0.147,0.147,NA,NA,NA,NA,NA,NA,NA,NA,NA,NA,NA   NA   NA   NA,NA   NA   NA   NA
SHR_2014-05-21 08:15:00,5/21/2014 8:15,SHR,2014,D,FALSE,CLR,NA,NA,20.2,1.3,135,NA,7.66,9.17,4.1,10,Low,689000,694177,5177,5177,34.06007618,34.06007618,1,NA,NA,Terrestrial Insects,71,Order,Hemiptera,Hemiptera,Adults,15,0.44,0.44,NA,NA,NA,NA,NA,NA,NA,NA,NA,NA,NA   NA   NA   NA,NA   NA   NA   NA
SHR_2014-05-21 08:15:00,5/21/2014 8:15,SHR,2014,D,FALSE,CLR,NA,NA,20.2,1.3,135,NA,7.66,9.17,4.1,10,Low,689000,694177,5177,5177,34.06007618,34.06007618,1,NA,NA,Terrestrial Non-Insects,68,Order,Collembola,Collembola,NotDetermined,3,0.088,0.088,NA,NA,NA,NA,NA,NA,NA,NA,NA,NA,NA   NA   NA   NA,NA   NA   NA   NA
SHR_2014-05-21 08:15:00,5/21/2014 8:15,SHR,2014,D,FALSE,CLR,NA,NA,20.2,1.3,135,NA,7.66,9.17,4.1,10,Low,689000,694177,5177,5177,34.06007618,34.06007618,1,NA,NA,Terrestrial Insects,66,Order,Hymenoptera,Hymenoptera,Adults,4,0.117,0.117,NA,NA,NA,NA,NA,NA,NA,NA,NA,NA,NA   NA   NA   NA,NA   NA   NA   NA
SHR_2014-05-21 08:15:00,5/21/2014 8:15,SHR,2014,D,FALSE,CLR,NA,NA,20.2,1.3,135,NA,7.66,9.17,4.1,10,Low,689000,694177,5177,5177,34.06007618,34.06007618,1,NA,NA,Terrestrial Insects,85,Order,Thysanoptera,Thysanoptera,Adults,4,0.117,0.117,NA,NA,NA,NA,NA,NA,NA,NA,NA,NA,NA   NA   NA   NA,NA   NA   NA   NA
SHR_2014-05-21 08:15:00,5/21/2014 8:15,SHR,2014,D,FALSE,CLR,NA,NA,20.2,1.3,135,NA,7.66,9.17,4.1,10,Low,689000,694177,5177,5177,34.06007618,34.06007618,1,NA,NA,Terrestrial Non-Insects,157,Order,Araneae,Araneae,NotDetermined,6,0.176,0.176,NA,NA,NA,NA,NA,NA,NA,NA,NA,NA,NA   NA   NA   NA,NA   NA   NA   NA
SHR_2014-05-21 08:15:00,5/21/2014 8:15,SHR,2014,D,FALSE,CLR,NA,NA,20.2,1.3,135,NA,7.66,9.17,4.1,10,Low,689000,694177,5177,5177,34.06007618,34.06007618,1,NA,NA,Aquatic Insects,166,Family,Naucoridae,Naucoridae,Larvae,1,0.029,0.029,NA,NA,NA,NA,NA,NA,NA,NA,NA,NA,NA   NA   NA   NA,NA   NA   NA   NA
SHR_2014-05-21 08:15:00,5/21/2014 8:15,SHR,2014,D,FALSE,CLR,NA,NA,20.2,1.3,135,NA,7.66,9.17,4.1,10,Low,689000,694177,5177,5177,34.06007618,34.06007618,1,NA,NA,Aquatic Non-Insects,167,Family,Sididae,Sididae,NotDetermined,1,0.029,0.029,NA,NA,NA,NA,NA,NA,NA,NA,NA,NA,NA   NA   NA   NA,NA   NA   NA   NA
SHR_2014-05-21 08:15:00,5/21/2014 8:15,SHR,2014,D,FALSE,CLR,NA,NA,20.2,1.3,135,NA,7.66,9.17,4.1,10,Low,689000,694177,5177,5177,34.06007618,34.06007618,1,NA,NA,Aquatic Non-Insects,162,Class,Actinopterygii,Actinopterygii Fish,NotDetermined,1,0.029,0.029,NA,NA,NA,NA,NA,NA,NA,NA,NA,NA,NA   NA   NA   NA,NA   NA   NA   NA
SHR_2014-05-21 08:15:00,5/21/2014 8:15,SHR,2014,D,FALSE,CLR,NA,NA,20.2,1.3,135,NA,7.66,9.17,4.1,10,Low,689000,694177,5177,5177,34.06007618,34.06007618,1,NA,NA,Aquatic Non-Insects,163,Family,Atherinidae,Atherinidae,NotDetermined,1,0.029,0.029,NA,NA,NA,NA,NA,NA,NA,NA,NA,NA,NA   NA   NA   NA,NA   NA   NA   NA
SHR_2014-05-21 08:15:00,5/21/2014 8:15,SHR,2014,D,FALSE,CLR,NA,NA,20.2,1.3,135,NA,7.66,9.17,4.1,10,Low,689000,694177,5177,5177,34.06007618,34.06007618,1,NA,NA,Aquatic Non-Insects,164,Family,Cyprinidae,Cyprinidae,NotDetermined,1,0.029,0.029,NA,NA,NA,NA,NA,NA,NA,NA,NA,NA,NA   NA   NA   NA,NA   NA   NA   NA
STTD_2014-05-22 08:03:00,5/22/2014 8:03,STTD,2014,D,FALSE,CLR,NA,NA,20.4,0.14,318,NA,7.85,7.87,90.6,10,Low,690111,694000,3889,3889,25.5861766,25.5861766,1,boat motor used,NA,Aquatic Insects,34,Family,Chironomidae,Chironomidae,Larvae,1,0.039,0.039,NA,NA,NA,NA,NA,NA,NA,NA,NA,NA,NA   NA   NA   NA,NA   NA   NA   NA
STTD_2014-05-22 08:03:00,5/22/2014 8:03,STTD,2014,D,FALSE,CLR,NA,NA,20.4,0.14,318,NA,7.85,7.87,90.6,10,Low,690111,694000,3889,3889,25.5861766,25.5861766,1,boat motor used,NA,Aquatic Insects,34,Family,Chironomidae,Chironomidae,Adults,3,0.117,0.117,NA,NA,NA,NA,NA,NA,NA,NA,NA,NA,NA   NA   NA   NA,NA   NA   NA   NA
STTD_2014-06-09 09:15:00,6/9/2014 9:15,STTD,2014,D,FALSE,CLR,NA,NA,23.7,0.14,272,NA,7.67,8.39,103.3,10,Low,684740,687000,2260,2260,14.86879895,14.86879895,1,ebb tide sampled from screw trap,NA,Aquatic Insects,52,Family,Hydraenidae,Hydraenidae,Adults,1,0.067,0.067,NA,NA,NA,NA,NA,NA,NA,NA,NA,NA,NA   NA   NA   NA,NA   NA   NA   NA
STTD_2014-06-09 09:15:00,6/9/2014 9:15,STTD,2014,D,FALSE,CLR,NA,NA,23.7,0.14,272,NA,7.67,8.39,103.3,10,Low,684740,687000,2260,2260,14.86879895,14.86879895,1,ebb tide sampled from screw trap,NA,Aquatic Insects,49,Family,Culicidae,Culicidae,Adults,1,0.067,0.067,NA,NA,NA,NA,NA,NA,NA,NA,NA,NA,NA   NA   NA   NA,NA   NA   NA   NA
STTD_2014-06-09 09:15:00,6/9/2014 9:15,STTD,2014,D,FALSE,CLR,NA,NA,23.7,0.14,272,NA,7.67,8.39,103.3,10,Low,684740,687000,2260,2260,14.86879895,14.86879895,1,ebb tide sampled from screw trap,NA,Aquatic Insects,34,Family,Chironomidae,Chironomidae,Adults,191,12.846,12.846,NA,NA,NA,NA,NA,NA,NA,NA,NA,NA,NA   NA   NA   NA,NA   NA   NA   NA
STTD_2014-06-09 09:15:00,6/9/2014 9:15,STTD,2014,D,FALSE,CLR,NA,NA,23.7,0.14,272,NA,7.67,8.39,103.3,10,Low,684740,687000,2260,2260,14.86879895,14.86879895,1,ebb tide sampled from screw trap,NA,Aquatic Insects,41,Family,Baetidae,Baetidae,Adults,1,0.067,0.067,NA,NA,NA,NA,NA,NA,NA,NA,NA,NA,NA   NA   NA   NA,NA   NA   NA   NA
STTD_2014-06-09 09:15:00,6/9/2014 9:15,STTD,2014,D,FALSE,CLR,NA,NA,23.7,0.14,272,NA,7.67,8.39,103.3,10,Low,684740,687000,2260,2260,14.86879895,14.86879895,1,ebb tide sampled from screw trap,NA,Aquatic Insects,44,Family,Corixidae,Corixidae,Larvae,3,0.202,0.202,NA,NA,NA,NA,NA,NA,NA,NA,NA,NA,NA   NA   NA   NA,NA   NA   NA   NA
STTD_2014-06-09 09:15:00,6/9/2014 9:15,STTD,2014,D,FALSE,CLR,NA,NA,23.7,0.14,272,NA,7.67,8.39,103.3,10,Low,684740,687000,2260,2260,14.86879895,14.86879895,1,ebb tide sampled from screw trap,NA,Aquatic Insects,95,Family,Veliidae,Veliidae,Larvae,1,0.067,0.067,NA,NA,NA,NA,NA,NA,NA,NA,NA,NA,NA   NA   NA   NA,NA   NA   NA   NA
STTD_2014-06-09 09:15:00,6/9/2014 9:15,STTD,2014,D,FALSE,CLR,NA,NA,23.7,0.14,272,NA,7.67,8.39,103.3,10,Low,684740,687000,2260,2260,14.86879895,14.86879895,1,ebb tide sampled from screw trap,NA,Aquatic Non-Insects,9,Family,Corophiidae,Corophiidae,NotDetermined,2,0.135,0.135,NA,NA,NA,NA,NA,NA,NA,NA,NA,NA,NA   NA   NA   NA,NA   NA   NA   NA
STTD_2014-06-09 09:15:00,6/9/2014 9:15,STTD,2014,D,FALSE,CLR,NA,NA,23.7,0.14,272,NA,7.67,8.39,103.3,10,Low,684740,687000,2260,2260,14.86879895,14.86879895,1,ebb tide sampled from screw trap,NA,Aquatic Non-Insects,15,Family,Hyalellidae,Hyalellidae,NotDetermined,1,0.067,0.067,NA,NA,NA,NA,NA,NA,NA,NA,NA,NA,NA   NA   NA   NA,NA   NA   NA   NA
STTD_2014-06-09 09:15:00,6/9/2014 9:15,STTD,2014,D,FALSE,CLR,NA,NA,23.7,0.14,272,NA,7.67,8.39,103.3,10,Low,684740,687000,2260,2260,14.86879895,14.86879895,1,ebb tide sampled from screw trap,NA,Aquatic Non-Insects,149,Family,Clupeidae,Clupeidae,NotDetermined,12,0.807,0.807,NA,NA,NA,NA,NA,NA,NA,NA,NA,NA,NA   NA   NA   NA,NA   NA   NA   NA
STTD_2014-06-09 09:15:00,6/9/2014 9:15,STTD,2014,D,FALSE,CLR,NA,NA,23.7,0.14,272,NA,7.67,8.39,103.3,10,Low,684740,687000,2260,2260,14.86879895,14.86879895,1,ebb tide sampled from screw trap,NA,Terrestrial Insects,63,Order,Coleoptera,Coleoptera,Larvae,2,0.135,0.135,NA,NA,NA,NA,NA,NA,NA,NA,NA,NA,NA   NA   NA   NA,NA   NA   NA   NA
STTD_2014-06-09 09:15:00,6/9/2014 9:15,STTD,2014,D,FALSE,CLR,NA,NA,23.7,0.14,272,NA,7.67,8.39,103.3,10,Low,684740,687000,2260,2260,14.86879895,14.86879895,1,ebb tide sampled from screw trap,NA,Terrestrial Insects,63,Order,Coleoptera,Coleoptera,Adults,18,1.211,1.211,NA,NA,NA,NA,NA,NA,NA,NA,NA,NA,NA   NA   NA   NA,NA   NA   NA   NA
STTD_2014-06-09 09:15:00,6/9/2014 9:15,STTD,2014,D,FALSE,CLR,NA,NA,23.7,0.14,272,NA,7.67,8.39,103.3,10,Low,684740,687000,2260,2260,14.86879895,14.86879895,1,ebb tide sampled from screw trap,NA,Terrestrial Insects,64,Order,Diptera,Diptera,Adults,11,0.74,0.74,NA,NA,NA,NA,NA,NA,NA,NA,NA,NA,NA   NA   NA   NA,NA   NA   NA   NA
STTD_2014-06-09 09:15:00,6/9/2014 9:15,STTD,2014,D,FALSE,CLR,NA,NA,23.7,0.14,272,NA,7.67,8.39,103.3,10,Low,684740,687000,2260,2260,14.86879895,14.86879895,1,ebb tide sampled from screw trap,NA,Terrestrial Insects,71,Order,Hemiptera,Hemiptera,Larvae,2,0.135,0.135,NA,NA,NA,NA,NA,NA,NA,NA,NA,NA,NA   NA   NA   NA,NA   NA   NA   NA
STTD_2014-06-09 09:15:00,6/9/2014 9:15,STTD,2014,D,FALSE,CLR,NA,NA,23.7,0.14,272,NA,7.67,8.39,103.3,10,Low,684740,687000,2260,2260,14.86879895,14.86879895,1,ebb tide sampled from screw trap,NA,Terrestrial Insects,71,Order,Hemiptera,Hemiptera,Adults,109,7.331,7.331,NA,NA,NA,NA,NA,NA,NA,NA,NA,NA,NA   NA   NA   NA,NA   NA   NA   NA
STTD_2014-06-09 09:15:00,6/9/2014 9:15,STTD,2014,D,FALSE,CLR,NA,NA,23.7,0.14,272,NA,7.67,8.39,103.3,10,Low,684740,687000,2260,2260,14.86879895,14.86879895,1,ebb tide sampled from screw trap,NA,Terrestrial Insects,73,Order,Lepidoptera,Lepidoptera,Larvae,2,0.135,0.135,NA,NA,NA,NA,NA,NA,NA,NA,NA,NA,NA   NA   NA   NA,NA   NA   NA   NA
STTD_2014-06-09 09:15:00,6/9/2014 9:15,STTD,2014,D,FALSE,CLR,NA,NA,23.7,0.14,272,NA,7.67,8.39,103.3,10,Low,684740,687000,2260,2260,14.86879895,14.86879895,1,ebb tide sampled from screw trap,NA,Terrestrial Non-Insects,68,Order,Collembola,Collembola,NotDetermined,2,0.135,0.135,NA,NA,NA,NA,NA,NA,NA,NA,NA,NA,NA   NA   NA   NA,NA   NA   NA   NA
STTD_2014-06-09 09:15:00,6/9/2014 9:15,STTD,2014,D,FALSE,CLR,NA,NA,23.7,0.14,272,NA,7.67,8.39,103.3,10,Low,684740,687000,2260,2260,14.86879895,14.86879895,1,ebb tide sampled from screw trap,NA,Terrestrial Insects,66,Order,Hymenoptera,Hymenoptera,Adults,46,3.094,3.094,NA,NA,NA,NA,NA,NA,NA,NA,NA,NA,NA   NA   NA   NA,NA   NA   NA   NA
STTD_2014-06-09 09:15:00,6/9/2014 9:15,STTD,2014,D,FALSE,CLR,NA,NA,23.7,0.14,272,NA,7.67,8.39,103.3,10,Low,684740,687000,2260,2260,14.86879895,14.86879895,1,ebb tide sampled from screw trap,NA,Terrestrial Insects,74,Order,Neuroptera,Neuroptera,Larvae,1,0.067,0.067,NA,NA,NA,NA,NA,NA,NA,NA,NA,NA,NA   NA   NA   NA,NA   NA   NA   NA
STTD_2014-06-09 09:15:00,6/9/2014 9:15,STTD,2014,D,FALSE,CLR,NA,NA,23.7,0.14,272,NA,7.67,8.39,103.3,10,Low,684740,687000,2260,2260,14.86879895,14.86879895,1,ebb tide sampled from screw trap,NA,Terrestrial Insects,67,Order,Psocoptera,Psocoptera,Adults,9,0.605,0.605,NA,NA,NA,NA,NA,NA,NA,NA,NA,NA,NA   NA   NA   NA,NA   NA   NA   NA
STTD_2014-06-09 09:15:00,6/9/2014 9:15,STTD,2014,D,FALSE,CLR,NA,NA,23.7,0.14,272,NA,7.67,8.39,103.3,10,Low,684740,687000,2260,2260,14.86879895,14.86879895,1,ebb tide sampled from screw trap,NA,Terrestrial Insects,85,Order,Thysanoptera,Thysanoptera,Adults,6,0.404,0.404,NA,NA,NA,NA,NA,NA,NA,NA,NA,NA,NA   NA   NA   NA,NA   NA   NA   NA
STTD_2014-06-09 09:15:00,6/9/2014 9:15,STTD,2014,D,FALSE,CLR,NA,NA,23.7,0.14,272,NA,7.67,8.39,103.3,10,Low,684740,687000,2260,2260,14.86879895,14.86879895,1,ebb tide sampled from screw trap,NA,Terrestrial Non-Insects,57,Subclass,Acari,Acari,NotDetermined,2,0.135,0.135,NA,NA,NA,NA,NA,NA,NA,NA,NA,NA,NA   NA   NA   NA,NA   NA   NA   NA
STTD_2014-06-09 09:15:00,6/9/2014 9:15,STTD,2014,D,FALSE,CLR,NA,NA,23.7,0.14,272,NA,7.67,8.39,103.3,10,Low,684740,687000,2260,2260,14.86879895,14.86879895,1,ebb tide sampled from screw trap,NA,Terrestrial Non-Insects,157,Order,Araneae,Araneae,NotDetermined,23,1.547,1.547,NA,NA,NA,NA,NA,NA,NA,NA,NA,NA,NA   NA   NA   NA,NA   NA   NA   NA
STTD_2014-06-09 09:15:00,6/9/2014 9:15,STTD,2014,D,FALSE,CLR,NA,NA,23.7,0.14,272,NA,7.67,8.39,103.3,10,Low,684740,687000,2260,2260,14.86879895,14.86879895,1,ebb tide sampled from screw trap,NA,Aquatic Non-Insects,167,Family,Sididae,Sididae,NotDetermined,1,0.067,0.067,NA,NA,NA,NA,NA,NA,NA,NA,NA,NA,NA   NA   NA   NA,NA   NA   NA   NA
STTD_2014-06-09 09:15:00,6/9/2014 9:15,STTD,2014,D,FALSE,CLR,NA,NA,23.7,0.14,272,NA,7.67,8.39,103.3,10,Low,684740,687000,2260,2260,14.86879895,14.86879895,1,ebb tide sampled from screw trap,NA,Aquatic Non-Insects,168,Order,Calanoida,Calanoid,NotDetermined,2,0.135,0.135,NA,NA,NA,NA,NA,NA,NA,NA,NA,NA,NA   NA   NA   NA,NA   NA   NA   NA
STTD_2014-06-09 09:15:00,6/9/2014 9:15,STTD,2014,D,FALSE,CLR,NA,NA,23.7,0.14,272,NA,7.67,8.39,103.3,10,Low,684740,687000,2260,2260,14.86879895,14.86879895,1,ebb tide sampled from screw trap,NA,Aquatic Non-Insects,163,Family,Atherinidae,Atherinidae,NotDetermined,47,3.161,3.161,NA,NA,NA,NA,NA,NA,NA,NA,NA,NA,NA   NA   NA   NA,NA   NA   NA   NA
SHR_2014-06-10 08:30:00,6/10/2014 8:30,SHR,2014,D,FALSE,CLR,NA,NA,24.9,1,141,NA,7.45,9.3,5.6,10,Low,680865,685000,4135,4135,27.20463878,27.20463878,1,jet boat used,NA,Aquatic Insects,32,Family,Ceratopogonidae,Ceratopogonidae,Pupae,2,0.074,0.074,NA,NA,NA,NA,NA,NA,NA,NA,NA,NA,NA   NA   NA   NA,NA   NA   NA   NA
SHR_2014-06-10 08:30:00,6/10/2014 8:30,SHR,2014,D,FALSE,CLR,NA,NA,24.9,1,141,NA,7.45,9.3,5.6,10,Low,680865,685000,4135,4135,27.20463878,27.20463878,1,jet boat used,NA,Aquatic Insects,32,Family,Ceratopogonidae,Ceratopogonidae,Adults,2,0.074,0.074,NA,NA,NA,NA,NA,NA,NA,NA,NA,NA,NA   NA   NA   NA,NA   NA   NA   NA
SHR_2014-06-10 08:30:00,6/10/2014 8:30,SHR,2014,D,FALSE,CLR,NA,NA,24.9,1,141,NA,7.45,9.3,5.6,10,Low,680865,685000,4135,4135,27.20463878,27.20463878,1,jet boat used,NA,Aquatic Insects,34,Family,Chironomidae,Chironomidae,Larvae,17,0.625,0.625,NA,NA,NA,NA,NA,NA,NA,NA,NA,NA,NA   NA   NA   NA,NA   NA   NA   NA
SHR_2014-06-10 08:30:00,6/10/2014 8:30,SHR,2014,D,FALSE,CLR,NA,NA,24.9,1,141,NA,7.45,9.3,5.6,10,Low,680865,685000,4135,4135,27.20463878,27.20463878,1,jet boat used,NA,Aquatic Insects,34,Family,Chironomidae,Chironomidae,Pupae,2,0.074,0.074,NA,NA,NA,NA,NA,NA,NA,NA,NA,NA,NA   NA   NA   NA,NA   NA   NA   NA
SHR_2014-06-10 08:30:00,6/10/2014 8:30,SHR,2014,D,FALSE,CLR,NA,NA,24.9,1,141,NA,7.45,9.3,5.6,10,Low,680865,685000,4135,4135,27.20463878,27.20463878,1,jet boat used,NA,Aquatic Insects,34,Family,Chironomidae,Chironomidae,Adults,58,2.132,2.132,NA,NA,NA,NA,NA,NA,NA,NA,NA,NA,NA   NA   NA   NA,NA   NA   NA   NA
SHR_2014-06-10 08:30:00,6/10/2014 8:30,SHR,2014,D,FALSE,CLR,NA,NA,24.9,1,141,NA,7.45,9.3,5.6,10,Low,680865,685000,4135,4135,27.20463878,27.20463878,1,jet boat used,NA,Aquatic Insects,144,Order,Ephemeroptera,Ephemerpotera,Adults,1,0.037,0.037,NA,NA,NA,NA,NA,NA,NA,NA,NA,NA,NA   NA   NA   NA,NA   NA   NA   NA
SHR_2014-06-10 08:30:00,6/10/2014 8:30,SHR,2014,D,FALSE,CLR,NA,NA,24.9,1,141,NA,7.45,9.3,5.6,10,Low,680865,685000,4135,4135,27.20463878,27.20463878,1,jet boat used,NA,Aquatic Insects,44,Family,Corixidae,Corixidae,Larvae,2,0.074,0.074,NA,NA,NA,NA,NA,NA,NA,NA,NA,NA,NA   NA   NA   NA,NA   NA   NA   NA
SHR_2014-06-10 08:30:00,6/10/2014 8:30,SHR,2014,D,FALSE,CLR,NA,NA,24.9,1,141,NA,7.45,9.3,5.6,10,Low,680865,685000,4135,4135,27.20463878,27.20463878,1,jet boat used,NA,Aquatic Insects,46,Family,Coenagrionidae,Coenagrionidae,Larvae,1,0.037,0.037,NA,NA,NA,NA,NA,NA,NA,NA,NA,NA,NA   NA   NA   NA,NA   NA   NA   NA
SHR_2014-06-10 08:30:00,6/10/2014 8:30,SHR,2014,D,FALSE,CLR,NA,NA,24.9,1,141,NA,7.45,9.3,5.6,10,Low,680865,685000,4135,4135,27.20463878,27.20463878,1,jet boat used,NA,Aquatic Non-Insects,77,Family,Hygrobatidae,Hygrobatidae,NotDetermined,1,0.037,0.037,NA,NA,NA,NA,NA,NA,NA,NA,NA,NA,NA   NA   NA   NA,NA   NA   NA   NA
SHR_2014-06-10 08:30:00,6/10/2014 8:30,SHR,2014,D,FALSE,CLR,NA,NA,24.9,1,141,NA,7.45,9.3,5.6,10,Low,680865,685000,4135,4135,27.20463878,27.20463878,1,jet boat used,NA,Aquatic Non-Insects,9,Family,Corophiidae,Corophiidae,NotDetermined,3,0.11,0.11,NA,NA,NA,NA,NA,NA,NA,NA,NA,NA,NA   NA   NA   NA,NA   NA   NA   NA
SHR_2014-06-10 08:30:00,6/10/2014 8:30,SHR,2014,D,FALSE,CLR,NA,NA,24.9,1,141,NA,7.45,9.3,5.6,10,Low,680865,685000,4135,4135,27.20463878,27.20463878,1,jet boat used,NA,Aquatic Non-Insects,13,Family,Mysidae,Mysidae,NotDetermined,1,0.037,0.037,NA,NA,NA,NA,NA,NA,NA,NA,NA,NA,NA   NA   NA   NA,NA   NA   NA   NA
SHR_2014-06-10 08:30:00,6/10/2014 8:30,SHR,2014,D,FALSE,CLR,NA,NA,24.9,1,141,NA,7.45,9.3,5.6,10,Low,680865,685000,4135,4135,27.20463878,27.20463878,1,jet boat used,NA,Aquatic Non-Insects,106,Family,Lymnaeidae,Lymnaeidae,NotDetermined,1,0.037,0.037,NA,NA,NA,NA,NA,NA,NA,NA,NA,NA,NA   NA   NA   NA,NA   NA   NA   NA
SHR_2014-06-10 08:30:00,6/10/2014 8:30,SHR,2014,D,FALSE,CLR,NA,NA,24.9,1,141,NA,7.45,9.3,5.6,10,Low,680865,685000,4135,4135,27.20463878,27.20463878,1,jet boat used,NA,Terrestrial Insects,63,Order,Coleoptera,Coleoptera,Adults,3,0.11,0.11,NA,NA,NA,NA,NA,NA,NA,NA,NA,NA,NA   NA   NA   NA,NA   NA   NA   NA
SHR_2014-06-10 08:30:00,6/10/2014 8:30,SHR,2014,D,FALSE,CLR,NA,NA,24.9,1,141,NA,7.45,9.3,5.6,10,Low,680865,685000,4135,4135,27.20463878,27.20463878,1,jet boat used,NA,Terrestrial Insects,64,Order,Diptera,Diptera,Adults,2,0.074,0.074,NA,NA,NA,NA,NA,NA,NA,NA,NA,NA,NA   NA   NA   NA,NA   NA   NA   NA
SHR_2014-06-10 08:30:00,6/10/2014 8:30,SHR,2014,D,FALSE,CLR,NA,NA,24.9,1,141,NA,7.45,9.3,5.6,10,Low,680865,685000,4135,4135,27.20463878,27.20463878,1,jet boat used,NA,Terrestrial Insects,71,Order,Hemiptera,Hemiptera,Adults,6,0.221,0.221,NA,NA,NA,NA,NA,NA,NA,NA,NA,NA,NA   NA   NA   NA,NA   NA   NA   NA
SHR_2014-06-10 08:30:00,6/10/2014 8:30,SHR,2014,D,FALSE,CLR,NA,NA,24.9,1,141,NA,7.45,9.3,5.6,10,Low,680865,685000,4135,4135,27.20463878,27.20463878,1,jet boat used,NA,Terrestrial Insects,66,Order,Hymenoptera,Hymenoptera,Adults,9,0.331,0.331,NA,NA,NA,NA,NA,NA,NA,NA,NA,NA,NA   NA   NA   NA,NA   NA   NA   NA
SHR_2014-06-10 08:30:00,6/10/2014 8:30,SHR,2014,D,FALSE,CLR,NA,NA,24.9,1,141,NA,7.45,9.3,5.6,10,Low,680865,685000,4135,4135,27.20463878,27.20463878,1,jet boat used,NA,Terrestrial Insects,67,Order,Psocoptera,Psocoptera,Adults,1,0.037,0.037,NA,NA,NA,NA,NA,NA,NA,NA,NA,NA,NA   NA   NA   NA,NA   NA   NA   NA
SHR_2014-06-10 08:30:00,6/10/2014 8:30,SHR,2014,D,FALSE,CLR,NA,NA,24.9,1,141,NA,7.45,9.3,5.6,10,Low,680865,685000,4135,4135,27.20463878,27.20463878,1,jet boat used,NA,Terrestrial Non-Insects,157,Order,Araneae,Araneae,NotDetermined,4,0.147,0.147,NA,NA,NA,NA,NA,NA,NA,NA,NA,NA,NA   NA   NA   NA,NA   NA   NA   NA
STTD_2014-06-23 10:07:00,6/23/2014 10:07,STTD,2014,D,FALSE,CLR,NA,NA,22.3,0.14,243,NA,7.74,8,113.3,10,Low,677517,681000,3483,3483,22.91505608,22.91505608,1,ebb tide from RSTR,NA,Aquatic Insects,95,Family,Veliidae,Veliidae,Larvae,2,0.087,0.087,NA,NA,NA,NA,NA,NA,NA,NA,NA,NA,NA   NA   NA   NA,NA   NA   NA   NA
STTD_2014-06-23 10:07:00,6/23/2014 10:07,STTD,2014,D,FALSE,CLR,NA,NA,22.3,0.14,243,NA,7.74,8,113.3,10,Low,677517,681000,3483,3483,22.91505608,22.91505608,1,ebb tide from RSTR,NA,Terrestrial Insects,63,Order,Coleoptera,Coleoptera,Adults,1,0.044,0.044,NA,NA,NA,NA,NA,NA,NA,NA,NA,NA,NA   NA   NA   NA,NA   NA   NA   NA
STTD_2014-06-23 10:07:00,6/23/2014 10:07,STTD,2014,D,FALSE,CLR,NA,NA,22.3,0.14,243,NA,7.74,8,113.3,10,Low,677517,681000,3483,3483,22.91505608,22.91505608,1,ebb tide from RSTR,NA,Terrestrial Insects,66,Order,Hymenoptera,Hymenoptera,Adults,2,0.087,0.087,NA,NA,NA,NA,NA,NA,NA,NA,NA,NA,NA   NA   NA   NA,NA   NA   NA   NA
STTD_2014-06-23 10:07:00,6/23/2014 10:07,STTD,2014,D,FALSE,CLR,NA,NA,22.3,0.14,243,NA,7.74,8,113.3,10,Low,677517,681000,3483,3483,22.91505608,22.91505608,1,ebb tide from RSTR,NA,Terrestrial Non-Insects,57,Subclass,Acari,Acari,NotDetermined,1,0.044,0.044,NA,NA,NA,NA,NA,NA,NA,NA,NA,NA,NA   NA   NA   NA,NA   NA   NA   NA
STTD_2014-06-23 10:07:00,6/23/2014 10:07,STTD,2014,D,FALSE,CLR,NA,NA,22.3,0.14,243,NA,7.74,8,113.3,10,Low,677517,681000,3483,3483,22.91505608,22.91505608,1,ebb tide from RSTR,NA,Terrestrial Non-Insects,157,Order,Araneae,Araneae,NotDetermined,1,0.044,0.044,NA,NA,NA,NA,NA,NA,NA,NA,NA,NA,NA   NA   NA   NA,NA   NA   NA   NA
STTD_2014-06-23 10:07:00,6/23/2014 10:07,STTD,2014,D,FALSE,CLR,NA,NA,22.3,0.14,243,NA,7.74,8,113.3,10,Low,677517,681000,3483,3483,22.91505608,22.91505608,1,ebb tide from RSTR,NA,Aquatic Non-Insects,168,Order,Calanoida,Calanoid,NotDetermined,1,0.044,0.044,NA,NA,NA,NA,NA,NA,NA,NA,NA,NA,NA   NA   NA   NA,NA   NA   NA   NA
STTD_2014-06-23 10:07:00,6/23/2014 10:07,STTD,2014,D,FALSE,CLR,NA,NA,22.3,0.14,243,NA,7.74,8,113.3,10,Low,677517,681000,3483,3483,22.91505608,22.91505608,1,ebb tide from RSTR,NA,Aquatic Non-Insects,163,Family,Atherinidae,Atherinidae,NotDetermined,5,0.218,0.218,NA,NA,NA,NA,NA,NA,NA,NA,NA,NA,NA   NA   NA   NA,NA   NA   NA   NA
SHR_2014-06-24 09:28:00,6/24/2014 9:28,SHR,2014,D,FALSE,CLR,NA,NA,22.6,0.8,123,NA,7.43,8.18,8.2,10,Low,671725,677477,5752,5752,37.84306706,37.84306706,1,From Jet Boat,NA,Aquatic Insects,32,Family,Ceratopogonidae,Ceratopogonidae,Pupae,2,0.053,0.053,NA,NA,NA,NA,NA,NA,NA,NA,NA,NA,NA   NA   NA   NA,NA   NA   NA   NA
SHR_2014-06-24 09:28:00,6/24/2014 9:28,SHR,2014,D,FALSE,CLR,NA,NA,22.6,0.8,123,NA,7.43,8.18,8.2,10,Low,671725,677477,5752,5752,37.84306706,37.84306706,1,From Jet Boat,NA,Aquatic Insects,34,Family,Chironomidae,Chironomidae,Larvae,124,3.277,3.277,NA,NA,NA,NA,NA,NA,NA,NA,NA,NA,NA   NA   NA   NA,NA   NA   NA   NA
SHR_2014-06-24 09:28:00,6/24/2014 9:28,SHR,2014,D,FALSE,CLR,NA,NA,22.6,0.8,123,NA,7.43,8.18,8.2,10,Low,671725,677477,5752,5752,37.84306706,37.84306706,1,From Jet Boat,NA,Aquatic Insects,34,Family,Chironomidae,Chironomidae,Pupae,1,0.026,0.026,NA,NA,NA,NA,NA,NA,NA,NA,NA,NA,NA   NA   NA   NA,NA   NA   NA   NA
SHR_2014-06-24 09:28:00,6/24/2014 9:28,SHR,2014,D,FALSE,CLR,NA,NA,22.6,0.8,123,NA,7.43,8.18,8.2,10,Low,671725,677477,5752,5752,37.84306706,37.84306706,1,From Jet Boat,NA,Aquatic Insects,34,Family,Chironomidae,Chironomidae,Adults,13,0.344,0.344,NA,NA,NA,NA,NA,NA,NA,NA,NA,NA,NA   NA   NA   NA,NA   NA   NA   NA
SHR_2014-06-24 09:28:00,6/24/2014 9:28,SHR,2014,D,FALSE,CLR,NA,NA,22.6,0.8,123,NA,7.43,8.18,8.2,10,Low,671725,677477,5752,5752,37.84306706,37.84306706,1,From Jet Boat,NA,Aquatic Insects,44,Family,Corixidae,Corixidae,Larvae,1,0.026,0.026,NA,NA,NA,NA,NA,NA,NA,NA,NA,NA,NA   NA   NA   NA,NA   NA   NA   NA
SHR_2014-06-24 09:28:00,6/24/2014 9:28,SHR,2014,D,FALSE,CLR,NA,NA,22.6,0.8,123,NA,7.43,8.18,8.2,10,Low,671725,677477,5752,5752,37.84306706,37.84306706,1,From Jet Boat,NA,Aquatic Insects,46,Family,Coenagrionidae,Coenagrionidae,Larvae,2,0.053,0.053,NA,NA,NA,NA,NA,NA,NA,NA,NA,NA,NA   NA   NA   NA,NA   NA   NA   NA
SHR_2014-06-24 09:28:00,6/24/2014 9:28,SHR,2014,D,FALSE,CLR,NA,NA,22.6,0.8,123,NA,7.43,8.18,8.2,10,Low,671725,677477,5752,5752,37.84306706,37.84306706,1,From Jet Boat,NA,Aquatic Insects,56,Family,Leptoceridae,Leptoceridae,Larvae,2,0.053,0.053,NA,NA,NA,NA,NA,NA,NA,NA,NA,NA,NA   NA   NA   NA,NA   NA   NA   NA
SHR_2014-06-24 09:28:00,6/24/2014 9:28,SHR,2014,D,FALSE,CLR,NA,NA,22.6,0.8,123,NA,7.43,8.18,8.2,10,Low,671725,677477,5752,5752,37.84306706,37.84306706,1,From Jet Boat,NA,Aquatic Non-Insects,77,Family,Hygrobatidae,Hygrobatidae,NotDetermined,1,0.026,0.026,NA,NA,NA,NA,NA,NA,NA,NA,NA,NA,NA   NA   NA   NA,NA   NA   NA   NA
SHR_2014-06-24 09:28:00,6/24/2014 9:28,SHR,2014,D,FALSE,CLR,NA,NA,22.6,0.8,123,NA,7.43,8.18,8.2,10,Low,671725,677477,5752,5752,37.84306706,37.84306706,1,From Jet Boat,NA,Aquatic Non-Insects,28,Family,Lebertiidae,Lebertiidae,NotDetermined,3,0.079,0.079,NA,NA,NA,NA,NA,NA,NA,NA,NA,NA,NA   NA   NA   NA,NA   NA   NA   NA
SHR_2014-06-24 09:28:00,6/24/2014 9:28,SHR,2014,D,FALSE,CLR,NA,NA,22.6,0.8,123,NA,7.43,8.18,8.2,10,Low,671725,677477,5752,5752,37.84306706,37.84306706,1,From Jet Boat,NA,Aquatic Non-Insects,120,Family,Lebertiidae,Lebertiidae,NotDetermined,3,0.079,0.079,NA,NA,NA,NA,NA,NA,NA,NA,NA,NA,NA   NA   NA   NA,NA   NA   NA   NA
SHR_2014-06-24 09:28:00,6/24/2014 9:28,SHR,2014,D,FALSE,CLR,NA,NA,22.6,0.8,123,NA,7.43,8.18,8.2,10,Low,671725,677477,5752,5752,37.84306706,37.84306706,1,From Jet Boat,NA,Aquatic Non-Insects,128,Family,Mideopsidae,Mideopsidae,NotDetermined,1,0.026,0.026,NA,NA,NA,NA,NA,NA,NA,NA,NA,NA,NA   NA   NA   NA,NA   NA   NA   NA
SHR_2014-06-24 09:28:00,6/24/2014 9:28,SHR,2014,D,FALSE,CLR,NA,NA,22.6,0.8,123,NA,7.43,8.18,8.2,10,Low,671725,677477,5752,5752,37.84306706,37.84306706,1,From Jet Boat,NA,Aquatic Non-Insects,4,Family,Naididae,Naididae,NotDetermined,1,0.026,0.026,NA,NA,NA,NA,NA,NA,NA,NA,NA,NA,NA   NA   NA   NA,NA   NA   NA   NA
SHR_2014-06-24 09:28:00,6/24/2014 9:28,SHR,2014,D,FALSE,CLR,NA,NA,22.6,0.8,123,NA,7.43,8.18,8.2,10,Low,671725,677477,5752,5752,37.84306706,37.84306706,1,From Jet Boat,NA,Aquatic Non-Insects,118,Class,Ostracoda,Ostracod,NotDetermined,1,0.026,0.026,NA,NA,NA,NA,NA,NA,NA,NA,NA,NA,NA   NA   NA   NA,NA   NA   NA   NA
SHR_2014-06-24 09:28:00,6/24/2014 9:28,SHR,2014,D,FALSE,CLR,NA,NA,22.6,0.8,123,NA,7.43,8.18,8.2,10,Low,671725,677477,5752,5752,37.84306706,37.84306706,1,From Jet Boat,NA,Terrestrial Insects,63,Order,Coleoptera,Coleoptera,Adults,1,0.026,0.026,NA,NA,NA,NA,NA,NA,NA,NA,NA,NA,NA   NA   NA   NA,NA   NA   NA   NA
SHR_2014-06-24 09:28:00,6/24/2014 9:28,SHR,2014,D,FALSE,CLR,NA,NA,22.6,0.8,123,NA,7.43,8.18,8.2,10,Low,671725,677477,5752,5752,37.84306706,37.84306706,1,From Jet Boat,NA,Terrestrial Insects,64,Order,Diptera,Diptera,Adults,1,0.026,0.026,NA,NA,NA,NA,NA,NA,NA,NA,NA,NA,NA   NA   NA   NA,NA   NA   NA   NA
SHR_2014-06-24 09:28:00,6/24/2014 9:28,SHR,2014,D,FALSE,CLR,NA,NA,22.6,0.8,123,NA,7.43,8.18,8.2,10,Low,671725,677477,5752,5752,37.84306706,37.84306706,1,From Jet Boat,NA,Terrestrial Insects,71,Order,Hemiptera,Hemiptera,Adults,2,0.053,0.053,NA,NA,NA,NA,NA,NA,NA,NA,NA,NA,NA   NA   NA   NA,NA   NA   NA   NA
SHR_2014-06-24 09:28:00,6/24/2014 9:28,SHR,2014,D,FALSE,CLR,NA,NA,22.6,0.8,123,NA,7.43,8.18,8.2,10,Low,671725,677477,5752,5752,37.84306706,37.84306706,1,From Jet Boat,NA,Terrestrial Insects,66,Order,Hymenoptera,Hymenoptera,Adults,6,0.159,0.159,NA,NA,NA,NA,NA,NA,NA,NA,NA,NA,NA   NA   NA   NA,NA   NA   NA   NA
SHR_2014-06-24 09:28:00,6/24/2014 9:28,SHR,2014,D,FALSE,CLR,NA,NA,22.6,0.8,123,NA,7.43,8.18,8.2,10,Low,671725,677477,5752,5752,37.84306706,37.84306706,1,From Jet Boat,NA,Terrestrial Non-Insects,157,Order,Araneae,Araneae,NotDetermined,2,0.053,0.053,NA,NA,NA,NA,NA,NA,NA,NA,NA,NA,NA   NA   NA   NA,NA   NA   NA   NA
SHR_2014-06-24 09:28:00,6/24/2014 9:28,SHR,2014,D,FALSE,CLR,NA,NA,22.6,0.8,123,NA,7.43,8.18,8.2,10,Low,671725,677477,5752,5752,37.84306706,37.84306706,1,From Jet Boat,NA,Aquatic Non-Insects,167,Family,Sididae,Sididae,NotDetermined,1,0.026,0.026,NA,NA,NA,NA,NA,NA,NA,NA,NA,NA,NA   NA   NA   NA,NA   NA   NA   NA
SHR_2014-07-10 07:50:00,7/10/2014 7:50,SHR,2014,D,FALSE,CLD,NA,NA,23.2,1.62,116,NA,7.63,8.28,5.53,10,Low,666885,672000,5115,5115,33.65217107,33.65217107,1,NA,NA,Aquatic Insects,34,Family,Chironomidae,Chironomidae,Larvae,5,0.149,0.149,NA,NA,NA,NA,NA,NA,NA,NA,NA,NA,NA   NA   NA   NA,NA   NA   NA   NA
SHR_2014-07-10 07:50:00,7/10/2014 7:50,SHR,2014,D,FALSE,CLD,NA,NA,23.2,1.62,116,NA,7.63,8.28,5.53,10,Low,666885,672000,5115,5115,33.65217107,33.65217107,1,NA,NA,Aquatic Insects,34,Family,Chironomidae,Chironomidae,Adults,1,0.03,0.03,NA,NA,NA,NA,NA,NA,NA,NA,NA,NA,NA   NA   NA   NA,NA   NA   NA   NA
SHR_2014-07-10 07:50:00,7/10/2014 7:50,SHR,2014,D,FALSE,CLD,NA,NA,23.2,1.62,116,NA,7.63,8.28,5.53,10,Low,666885,672000,5115,5115,33.65217107,33.65217107,1,NA,NA,Aquatic Insects,56,Family,Leptoceridae,Leptoceridae,Larvae,3,0.089,0.089,NA,NA,NA,NA,NA,NA,NA,NA,NA,NA,NA   NA   NA   NA,NA   NA   NA   NA
SHR_2014-07-10 07:50:00,7/10/2014 7:50,SHR,2014,D,FALSE,CLD,NA,NA,23.2,1.62,116,NA,7.63,8.28,5.53,10,Low,666885,672000,5115,5115,33.65217107,33.65217107,1,NA,NA,Aquatic Non-Insects,4,Family,Naididae,Naididae,NotDetermined,1,0.03,0.03,NA,NA,NA,NA,NA,NA,NA,NA,NA,NA,NA   NA   NA   NA,NA   NA   NA   NA
SHR_2014-07-10 07:50:00,7/10/2014 7:50,SHR,2014,D,FALSE,CLD,NA,NA,23.2,1.62,116,NA,7.63,8.28,5.53,10,Low,666885,672000,5115,5115,33.65217107,33.65217107,1,NA,NA,Aquatic Non-Insects,130,Phylum,Nematoda,Nematoda,NotDetermined,1,0.03,0.03,NA,NA,NA,NA,NA,NA,NA,NA,NA,NA,NA   NA   NA   NA,NA   NA   NA   NA
SHR_2014-07-10 07:50:00,7/10/2014 7:50,SHR,2014,D,FALSE,CLD,NA,NA,23.2,1.62,116,NA,7.63,8.28,5.53,10,Low,666885,672000,5115,5115,33.65217107,33.65217107,1,NA,NA,Terrestrial Non-Insects,68,Order,Collembola,Collembola,NotDetermined,1,0.03,0.03,NA,NA,NA,NA,NA,NA,NA,NA,NA,NA,NA   NA   NA   NA,NA   NA   NA   NA
SHR_2014-07-10 07:50:00,7/10/2014 7:50,SHR,2014,D,FALSE,CLD,NA,NA,23.2,1.62,116,NA,7.63,8.28,5.53,10,Low,666885,672000,5115,5115,33.65217107,33.65217107,1,NA,NA,Terrestrial Insects,66,Order,Hymenoptera,Hymenoptera,Adults,2,0.059,0.059,NA,NA,NA,NA,NA,NA,NA,NA,NA,NA,NA   NA   NA   NA,NA   NA   NA   NA
SHR_2014-07-10 07:50:00,7/10/2014 7:50,SHR,2014,D,FALSE,CLD,NA,NA,23.2,1.62,116,NA,7.63,8.28,5.53,10,Low,666885,672000,5115,5115,33.65217107,33.65217107,1,NA,NA,Terrestrial Non-Insects,126,Class,Gastropoda,Gastropoda,NotDetermined,1,0.03,0.03,NA,NA,NA,NA,NA,NA,NA,NA,NA,NA,NA   NA   NA   NA,NA   NA   NA   NA
STTD_2014-07-10 10:53:00,7/10/2014 10:53,STTD,2014,D,FALSE,CLR,NA,NA,23.4,0.15,213,NA,7.65,7.82,86.2,10,Low,664372,667000,2628,2628,17.28991311,17.28991311,1,Ebb tide. Anchor used (no motor),NA,Aquatic Insects,34,Family,Chironomidae,Chironomidae,Adults,1,0.058,0.058,NA,NA,NA,NA,NA,NA,NA,NA,NA,NA,NA   NA   NA   NA,NA   NA   NA   NA
STTD_2014-07-23 08:54:00,7/23/2014 8:54,STTD,2014,D,FALSE,CLR,NA,2,21.4,0.13,191,NA,7.53,9.12,91,10,Low,660461,664000,3539,3539,23.2834865,23.2834865,NA,Ebb tide. John boat anchor used. Mycrocystis,NA,Aquatic Non-Insects,104,Family,Palaemonidae,Palaemonidae,NotDetermined,1,0.043,0.043,NA,NA,NA,NA,NA,NA,NA,NA,NA,NA,NA   NA   NA   NA,NA   NA   NA   NA
STTD_2014-07-23 08:54:00,7/23/2014 8:54,STTD,2014,D,FALSE,CLR,NA,2,21.4,0.13,191,NA,7.53,9.12,91,10,Low,660461,664000,3539,3539,23.2834865,23.2834865,NA,Ebb tide. John boat anchor used. Mycrocystis,NA,Terrestrial Insects,63,Order,Coleoptera,Coleoptera,Adults,2,0.086,0.086,NA,NA,NA,NA,NA,NA,NA,NA,NA,NA,NA   NA   NA   NA,NA   NA   NA   NA
STTD_2014-07-23 08:54:00,7/23/2014 8:54,STTD,2014,D,FALSE,CLR,NA,2,21.4,0.13,191,NA,7.53,9.12,91,10,Low,660461,664000,3539,3539,23.2834865,23.2834865,NA,Ebb tide. John boat anchor used. Mycrocystis,NA,Terrestrial Insects,71,Order,Hemiptera,Hemiptera,Adults,1,0.043,0.043,NA,NA,NA,NA,NA,NA,NA,NA,NA,NA,NA   NA   NA   NA,NA   NA   NA   NA
STTD_2014-07-23 08:54:00,7/23/2014 8:54,STTD,2014,D,FALSE,CLR,NA,2,21.4,0.13,191,NA,7.53,9.12,91,10,Low,660461,664000,3539,3539,23.2834865,23.2834865,NA,Ebb tide. John boat anchor used. Mycrocystis,NA,Terrestrial Insects,66,Order,Hymenoptera,Hymenoptera,Adults,1,0.043,0.043,NA,NA,NA,NA,NA,NA,NA,NA,NA,NA,NA   NA   NA   NA,NA   NA   NA   NA
STTD_2014-07-23 08:54:00,7/23/2014 8:54,STTD,2014,D,FALSE,CLR,NA,2,21.4,0.13,191,NA,7.53,9.12,91,10,Low,660461,664000,3539,3539,23.2834865,23.2834865,NA,Ebb tide. John boat anchor used. Mycrocystis,NA,Terrestrial Non-Insects,157,Order,Araneae,Araneae,NotDetermined,4,0.172,0.172,NA,NA,NA,NA,NA,NA,NA,NA,NA,NA,NA   NA   NA   NA,NA   NA   NA   NA
SHR_2014-07-24 08:44:00,7/24/2014 8:44,SHR,2014,D,FALSE,CLR,NA,NA,22.9,0.98,135,NA,7.58,9.2,3.9,10,Low,655366,660400,5034,5034,33.11926279,33.11926279,1,NA,NA,Aquatic Insects,34,Family,Chironomidae,Chironomidae,Pupae,1,0.03,0.03,NA,NA,NA,NA,NA,NA,NA,NA,NA,NA,NA   NA   NA   NA,NA   NA   NA   NA
SHR_2014-07-24 08:44:00,7/24/2014 8:44,SHR,2014,D,FALSE,CLR,NA,NA,22.9,0.98,135,NA,7.58,9.2,3.9,10,Low,655366,660400,5034,5034,33.11926279,33.11926279,1,NA,NA,Aquatic Insects,34,Family,Chironomidae,Chironomidae,Adults,4,0.121,0.121,NA,NA,NA,NA,NA,NA,NA,NA,NA,NA,NA   NA   NA   NA,NA   NA   NA   NA
SHR_2014-07-24 08:44:00,7/24/2014 8:44,SHR,2014,D,FALSE,CLR,NA,NA,22.9,0.98,135,NA,7.58,9.2,3.9,10,Low,655366,660400,5034,5034,33.11926279,33.11926279,1,NA,NA,Aquatic Insects,102,Family,Gomphidae,Gomphidae,Larvae,1,0.03,0.03,NA,NA,NA,NA,NA,NA,NA,NA,NA,NA,NA   NA   NA   NA,NA   NA   NA   NA
SHR_2014-07-24 08:44:00,7/24/2014 8:44,SHR,2014,D,FALSE,CLR,NA,NA,22.9,0.98,135,NA,7.58,9.2,3.9,10,Low,655366,660400,5034,5034,33.11926279,33.11926279,1,NA,NA,Aquatic Insects,56,Family,Leptoceridae,Leptoceridae,Larvae,5,0.151,0.151,NA,NA,NA,NA,NA,NA,NA,NA,NA,NA,NA   NA   NA   NA,NA   NA   NA   NA
SHR_2014-07-24 08:44:00,7/24/2014 8:44,SHR,2014,D,FALSE,CLR,NA,NA,22.9,0.98,135,NA,7.58,9.2,3.9,10,Low,655366,660400,5034,5034,33.11926279,33.11926279,1,NA,NA,Aquatic Non-Insects,28,Family,Lebertiidae,Lebertiidae,NotDetermined,2,0.06,0.06,NA,NA,NA,NA,NA,NA,NA,NA,NA,NA,NA   NA   NA   NA,NA   NA   NA   NA
SHR_2014-07-24 08:44:00,7/24/2014 8:44,SHR,2014,D,FALSE,CLR,NA,NA,22.9,0.98,135,NA,7.58,9.2,3.9,10,Low,655366,660400,5034,5034,33.11926279,33.11926279,1,NA,NA,Aquatic Non-Insects,120,Family,Lebertiidae,Lebertiidae,NotDetermined,2,0.06,0.06,NA,NA,NA,NA,NA,NA,NA,NA,NA,NA,NA   NA   NA   NA,NA   NA   NA   NA
SHR_2014-07-24 08:44:00,7/24/2014 8:44,SHR,2014,D,FALSE,CLR,NA,NA,22.9,0.98,135,NA,7.58,9.2,3.9,10,Low,655366,660400,5034,5034,33.11926279,33.11926279,1,NA,NA,Aquatic Non-Insects,21,Family,Planorbidae,Planorbidae,NotDetermined,1,0.03,0.03,NA,NA,NA,NA,NA,NA,NA,NA,NA,NA,NA   NA   NA   NA,NA   NA   NA   NA
SHR_2014-07-24 08:44:00,7/24/2014 8:44,SHR,2014,D,FALSE,CLR,NA,NA,22.9,0.98,135,NA,7.58,9.2,3.9,10,Low,655366,660400,5034,5034,33.11926279,33.11926279,1,NA,NA,Terrestrial Insects,63,Order,Coleoptera,Coleoptera,Adults,1,0.03,0.03,NA,NA,NA,NA,NA,NA,NA,NA,NA,NA,NA   NA   NA   NA,NA   NA   NA   NA
SHR_2014-07-24 08:44:00,7/24/2014 8:44,SHR,2014,D,FALSE,CLR,NA,NA,22.9,0.98,135,NA,7.58,9.2,3.9,10,Low,655366,660400,5034,5034,33.11926279,33.11926279,1,NA,NA,Terrestrial Insects,66,Order,Hymenoptera,Hymenoptera,Adults,19,0.574,0.574,NA,NA,NA,NA,NA,NA,NA,NA,NA,NA,NA   NA   NA   NA,NA   NA   NA   NA
STTD_2014-08-05 10:15:00,8/5/2014 10:15,STTD,2014,D,FALSE,CLD,NA,2,22.5,0.14,199,NA,7.43,8.49,65.8,10,Low,650511,655000,4489,4489,29.53364535,29.53364535,1,"flood tide, jet boat and motor used",NA,Aquatic Insects,56,Family,Leptoceridae,Leptoceridae,Larvae,1,0.034,0.034,NA,NA,NA,NA,NA,NA,NA,NA,NA,NA,NA   NA   NA   NA,NA   NA   NA   NA
STTD_2014-08-05 10:15:00,8/5/2014 10:15,STTD,2014,D,FALSE,CLD,NA,2,22.5,0.14,199,NA,7.43,8.49,65.8,10,Low,650511,655000,4489,4489,29.53364535,29.53364535,1,"flood tide, jet boat and motor used",NA,Terrestrial Insects,63,Order,Coleoptera,Coleoptera,Larvae,1,0.034,0.034,NA,NA,NA,NA,NA,NA,NA,NA,NA,NA,NA   NA   NA   NA,NA   NA   NA   NA
STTD_2014-08-05 10:15:00,8/5/2014 10:15,STTD,2014,D,FALSE,CLD,NA,2,22.5,0.14,199,NA,7.43,8.49,65.8,10,Low,650511,655000,4489,4489,29.53364535,29.53364535,1,"flood tide, jet boat and motor used",NA,Terrestrial Insects,71,Order,Hemiptera,Hemiptera,Larvae,2,0.068,0.068,NA,NA,NA,NA,NA,NA,NA,NA,NA,NA,NA   NA   NA   NA,NA   NA   NA   NA
STTD_2014-08-05 10:15:00,8/5/2014 10:15,STTD,2014,D,FALSE,CLD,NA,2,22.5,0.14,199,NA,7.43,8.49,65.8,10,Low,650511,655000,4489,4489,29.53364535,29.53364535,1,"flood tide, jet boat and motor used",NA,Terrestrial Insects,66,Order,Hymenoptera,Hymenoptera,Adults,1,0.034,0.034,NA,NA,NA,NA,NA,NA,NA,NA,NA,NA,NA   NA   NA   NA,NA   NA   NA   NA
STTD_2014-08-05 10:15:00,8/5/2014 10:15,STTD,2014,D,FALSE,CLD,NA,2,22.5,0.14,199,NA,7.43,8.49,65.8,10,Low,650511,655000,4489,4489,29.53364535,29.53364535,1,"flood tide, jet boat and motor used",NA,Terrestrial Non-Insects,157,Order,Araneae,Araneae,NotDetermined,1,0.034,0.034,NA,NA,NA,NA,NA,NA,NA,NA,NA,NA,NA   NA   NA   NA,NA   NA   NA   NA
SHR_2014-08-07 08:42:00,8/7/2014 8:42,SHR,2014,D,FALSE,CLR,NA,NA,22.1,1,142,NA,7.85,8.75,6.4,10,Low,645067,650300,5233,5233,34.42850659,34.42850659,1,NA,NA,Aquatic Insects,52,Family,Hydraenidae,Hydraenidae,Adults,1,0.029,0.029,NA,NA,NA,NA,NA,NA,NA,NA,NA,NA,NA   NA   NA   NA,NA   NA   NA   NA
SHR_2014-08-07 08:42:00,8/7/2014 8:42,SHR,2014,D,FALSE,CLR,NA,NA,22.1,1,142,NA,7.85,8.75,6.4,10,Low,645067,650300,5233,5233,34.42850659,34.42850659,1,NA,NA,Aquatic Insects,34,Family,Chironomidae,Chironomidae,Larvae,15,0.436,0.436,NA,NA,NA,NA,NA,NA,NA,NA,NA,NA,NA   NA   NA   NA,NA   NA   NA   NA
SHR_2014-08-07 08:42:00,8/7/2014 8:42,SHR,2014,D,FALSE,CLR,NA,NA,22.1,1,142,NA,7.85,8.75,6.4,10,Low,645067,650300,5233,5233,34.42850659,34.42850659,1,NA,NA,Aquatic Insects,34,Family,Chironomidae,Chironomidae,Pupae,1,0.029,0.029,NA,NA,NA,NA,NA,NA,NA,NA,NA,NA,NA   NA   NA   NA,NA   NA   NA   NA
SHR_2014-08-07 08:42:00,8/7/2014 8:42,SHR,2014,D,FALSE,CLR,NA,NA,22.1,1,142,NA,7.85,8.75,6.4,10,Low,645067,650300,5233,5233,34.42850659,34.42850659,1,NA,NA,Aquatic Insects,34,Family,Chironomidae,Chironomidae,Adults,2,0.058,0.058,NA,NA,NA,NA,NA,NA,NA,NA,NA,NA,NA   NA   NA   NA,NA   NA   NA   NA
SHR_2014-08-07 08:42:00,8/7/2014 8:42,SHR,2014,D,FALSE,CLR,NA,NA,22.1,1,142,NA,7.85,8.75,6.4,10,Low,645067,650300,5233,5233,34.42850659,34.42850659,1,NA,NA,Aquatic Insects,41,Family,Baetidae,Baetidae,Larvae,1,0.029,0.029,NA,NA,NA,NA,NA,NA,NA,NA,NA,NA,NA   NA   NA   NA,NA   NA   NA   NA
SHR_2014-08-07 08:42:00,8/7/2014 8:42,SHR,2014,D,FALSE,CLR,NA,NA,22.1,1,142,NA,7.85,8.75,6.4,10,Low,645067,650300,5233,5233,34.42850659,34.42850659,1,NA,NA,Aquatic Insects,46,Family,Coenagrionidae,Coenagrionidae,Larvae,2,0.058,0.058,NA,NA,NA,NA,NA,NA,NA,NA,NA,NA,NA   NA   NA   NA,NA   NA   NA   NA
SHR_2014-08-07 08:42:00,8/7/2014 8:42,SHR,2014,D,FALSE,CLR,NA,NA,22.1,1,142,NA,7.85,8.75,6.4,10,Low,645067,650300,5233,5233,34.42850659,34.42850659,1,NA,NA,Aquatic Insects,56,Family,Leptoceridae,Leptoceridae,Larvae,64,1.859,1.859,NA,NA,NA,NA,NA,NA,NA,NA,NA,NA,NA   NA   NA   NA,NA   NA   NA   NA
SHR_2014-08-07 08:42:00,8/7/2014 8:42,SHR,2014,D,FALSE,CLR,NA,NA,22.1,1,142,NA,7.85,8.75,6.4,10,Low,645067,650300,5233,5233,34.42850659,34.42850659,1,NA,NA,Aquatic Insects,48,Family,Hydropsychidae,Hydropsychidae,Larvae,1,0.029,0.029,NA,NA,NA,NA,NA,NA,NA,NA,NA,NA,NA   NA   NA   NA,NA   NA   NA   NA
SHR_2014-08-07 08:42:00,8/7/2014 8:42,SHR,2014,D,FALSE,CLR,NA,NA,22.1,1,142,NA,7.85,8.75,6.4,10,Low,645067,650300,5233,5233,34.42850659,34.42850659,1,NA,NA,Aquatic Non-Insects,28,Family,Lebertiidae,Lebertiidae,NotDetermined,4,0.116,0.116,NA,NA,NA,NA,NA,NA,NA,NA,NA,NA,NA   NA   NA   NA,NA   NA   NA   NA
SHR_2014-08-07 08:42:00,8/7/2014 8:42,SHR,2014,D,FALSE,CLR,NA,NA,22.1,1,142,NA,7.85,8.75,6.4,10,Low,645067,650300,5233,5233,34.42850659,34.42850659,1,NA,NA,Aquatic Non-Insects,120,Family,Lebertiidae,Lebertiidae,NotDetermined,4,0.116,0.116,NA,NA,NA,NA,NA,NA,NA,NA,NA,NA,NA   NA   NA   NA,NA   NA   NA   NA
SHR_2014-08-07 08:42:00,8/7/2014 8:42,SHR,2014,D,FALSE,CLR,NA,NA,22.1,1,142,NA,7.85,8.75,6.4,10,Low,645067,650300,5233,5233,34.42850659,34.42850659,1,NA,NA,Aquatic Non-Insects,4,Family,Naididae,Naididae,NotDetermined,1,0.029,0.029,NA,NA,NA,NA,NA,NA,NA,NA,NA,NA,NA   NA   NA   NA,NA   NA   NA   NA
SHR_2014-08-07 08:42:00,8/7/2014 8:42,SHR,2014,D,FALSE,CLR,NA,NA,22.1,1,142,NA,7.85,8.75,6.4,10,Low,645067,650300,5233,5233,34.42850659,34.42850659,1,NA,NA,Aquatic Non-Insects,10,Family,Crangonyctidae,Crangonyctidae,NotDetermined,1,0.029,0.029,NA,NA,NA,NA,NA,NA,NA,NA,NA,NA,NA   NA   NA   NA,NA   NA   NA   NA
SHR_2014-08-07 08:42:00,8/7/2014 8:42,SHR,2014,D,FALSE,CLR,NA,NA,22.1,1,142,NA,7.85,8.75,6.4,10,Low,645067,650300,5233,5233,34.42850659,34.42850659,1,NA,NA,Aquatic Non-Insects,15,Family,Hyalellidae,Hyalellidae,NotDetermined,9,0.261,0.261,NA,NA,NA,NA,NA,NA,NA,NA,NA,NA,NA   NA   NA   NA,NA   NA   NA   NA
SHR_2014-08-07 08:42:00,8/7/2014 8:42,SHR,2014,D,FALSE,CLR,NA,NA,22.1,1,142,NA,7.85,8.75,6.4,10,Low,645067,650300,5233,5233,34.42850659,34.42850659,1,NA,NA,Aquatic Non-Insects,152,Class,Turbellaria,Other Turbellaria,NotDetermined,4,0.116,0.116,NA,NA,NA,NA,NA,NA,NA,NA,NA,NA,NA   NA   NA   NA,NA   NA   NA   NA
SHR_2014-08-07 08:42:00,8/7/2014 8:42,SHR,2014,D,FALSE,CLR,NA,NA,22.1,1,142,NA,7.85,8.75,6.4,10,Low,645067,650300,5233,5233,34.42850659,34.42850659,1,NA,NA,Aquatic Non-Insects,25,Family,Tetrastemmatidae,Tetrastemmatidae,NotDetermined,1,0.029,0.029,NA,NA,NA,NA,NA,NA,NA,NA,NA,NA,NA   NA   NA   NA,NA   NA   NA   NA
SHR_2014-08-07 08:42:00,8/7/2014 8:42,SHR,2014,D,FALSE,CLR,NA,NA,22.1,1,142,NA,7.85,8.75,6.4,10,Low,645067,650300,5233,5233,34.42850659,34.42850659,1,NA,NA,Terrestrial Insects,71,Order,Hemiptera,Hemiptera,Adults,1,0.029,0.029,NA,NA,NA,NA,NA,NA,NA,NA,NA,NA,NA   NA   NA   NA,NA   NA   NA   NA
SHR_2014-08-07 08:42:00,8/7/2014 8:42,SHR,2014,D,FALSE,CLR,NA,NA,22.1,1,142,NA,7.85,8.75,6.4,10,Low,645067,650300,5233,5233,34.42850659,34.42850659,1,NA,NA,Terrestrial Insects,66,Order,Hymenoptera,Hymenoptera,Adults,26,0.755,0.755,NA,NA,NA,NA,NA,NA,NA,NA,NA,NA,NA   NA   NA   NA,NA   NA   NA   NA
STTD_2014-08-21 09:47:00,8/21/2014 9:47,STTD,2014,D,FALSE,CLR,NA,2,21.6,0.12,197,NA,7.76,7.97,48.7,10,Low,639990,644000,4010,4010,26.38224946,26.38224946,1,"Ebb tide, anchored",NA,Aquatic Insects,34,Family,Chironomidae,Chironomidae,Adults,1,0.038,0.038,NA,NA,NA,NA,NA,NA,NA,NA,NA,NA,NA   NA   NA   NA,NA   NA   NA   NA
STTD_2014-08-21 09:47:00,8/21/2014 9:47,STTD,2014,D,FALSE,CLR,NA,2,21.6,0.12,197,NA,7.76,7.97,48.7,10,Low,639990,644000,4010,4010,26.38224946,26.38224946,1,"Ebb tide, anchored",NA,Terrestrial Insects,64,Order,Diptera,Diptera,Adults,1,0.038,0.038,NA,NA,NA,NA,NA,NA,NA,NA,NA,NA,NA   NA   NA   NA,NA   NA   NA   NA
STTD_2014-08-21 09:47:00,8/21/2014 9:47,STTD,2014,D,FALSE,CLR,NA,2,21.6,0.12,197,NA,7.76,7.97,48.7,10,Low,639990,644000,4010,4010,26.38224946,26.38224946,1,"Ebb tide, anchored",NA,Terrestrial Insects,71,Order,Hemiptera,Hemiptera,Larvae,3,0.114,0.114,NA,NA,NA,NA,NA,NA,NA,NA,NA,NA,NA   NA   NA   NA,NA   NA   NA   NA
STTD_2014-08-21 09:47:00,8/21/2014 9:47,STTD,2014,D,FALSE,CLR,NA,2,21.6,0.12,197,NA,7.76,7.97,48.7,10,Low,639990,644000,4010,4010,26.38224946,26.38224946,1,"Ebb tide, anchored",NA,Terrestrial Insects,71,Order,Hemiptera,Hemiptera,Adults,2,0.076,0.076,NA,NA,NA,NA,NA,NA,NA,NA,NA,NA,NA   NA   NA   NA,NA   NA   NA   NA
STTD_2014-08-21 09:47:00,8/21/2014 9:47,STTD,2014,D,FALSE,CLR,NA,2,21.6,0.12,197,NA,7.76,7.97,48.7,10,Low,639990,644000,4010,4010,26.38224946,26.38224946,1,"Ebb tide, anchored",NA,Terrestrial Insects,66,Order,Hymenoptera,Hymenoptera,Adults,1,0.038,0.038,NA,NA,NA,NA,NA,NA,NA,NA,NA,NA,NA   NA   NA   NA,NA   NA   NA   NA
STTD_2014-08-21 09:47:00,8/21/2014 9:47,STTD,2014,D,FALSE,CLR,NA,2,21.6,0.12,197,NA,7.76,7.97,48.7,10,Low,639990,644000,4010,4010,26.38224946,26.38224946,1,"Ebb tide, anchored",NA,Terrestrial Non-Insects,157,Order,Araneae,Araneae,NotDetermined,6,0.227,0.227,NA,NA,NA,NA,NA,NA,NA,NA,NA,NA,NA   NA   NA   NA,NA   NA   NA   NA
SHR_2014-08-22 08:42:00,8/22/2014 8:42,SHR,2014,D,FALSE,CLR,NA,NA,22.6,1.37,147,NA,7.5,8.38,5.4,10,Low,635412,640000,4588,4588,30.18497769,30.18497769,1,"ebb tide but low current, jet boat used",NA,Aquatic Insects,34,Family,Chironomidae,Chironomidae,Larvae,12,0.398,0.398,NA,NA,NA,NA,NA,NA,NA,NA,NA,NA,NA   NA   NA   NA,NA   NA   NA   NA
SHR_2014-08-22 08:42:00,8/22/2014 8:42,SHR,2014,D,FALSE,CLR,NA,NA,22.6,1.37,147,NA,7.5,8.38,5.4,10,Low,635412,640000,4588,4588,30.18497769,30.18497769,1,"ebb tide but low current, jet boat used",NA,Aquatic Insects,34,Family,Chironomidae,Chironomidae,Adults,1,0.033,0.033,NA,NA,NA,NA,NA,NA,NA,NA,NA,NA,NA   NA   NA   NA,NA   NA   NA   NA
SHR_2014-08-22 08:42:00,8/22/2014 8:42,SHR,2014,D,FALSE,CLR,NA,NA,22.6,1.37,147,NA,7.5,8.38,5.4,10,Low,635412,640000,4588,4588,30.18497769,30.18497769,1,"ebb tide but low current, jet boat used",NA,Aquatic Insects,56,Family,Leptoceridae,Leptoceridae,Larvae,2,0.066,0.066,NA,NA,NA,NA,NA,NA,NA,NA,NA,NA,NA   NA   NA   NA,NA   NA   NA   NA
SHR_2014-08-22 08:42:00,8/22/2014 8:42,SHR,2014,D,FALSE,CLR,NA,NA,22.6,1.37,147,NA,7.5,8.38,5.4,10,Low,635412,640000,4588,4588,30.18497769,30.18497769,1,"ebb tide but low current, jet boat used",NA,Aquatic Non-Insects,4,Family,Naididae,Naididae,NotDetermined,2,0.066,0.066,NA,NA,NA,NA,NA,NA,NA,NA,NA,NA,NA   NA   NA   NA,NA   NA   NA   NA
SHR_2014-08-22 08:42:00,8/22/2014 8:42,SHR,2014,D,FALSE,CLR,NA,NA,22.6,1.37,147,NA,7.5,8.38,5.4,10,Low,635412,640000,4588,4588,30.18497769,30.18497769,1,"ebb tide but low current, jet boat used",NA,Aquatic Non-Insects,124,Phylum,Ectoprocta,Ectoprocta,NotDetermined,1,0.033,0.033,NA,NA,NA,NA,NA,NA,NA,NA,NA,NA,NA   NA   NA   NA,NA   NA   NA   NA
SHR_2014-08-22 08:42:00,8/22/2014 8:42,SHR,2014,D,FALSE,CLR,NA,NA,22.6,1.37,147,NA,7.5,8.38,5.4,10,Low,635412,640000,4588,4588,30.18497769,30.18497769,1,"ebb tide but low current, jet boat used",NA,Terrestrial Insects,71,Order,Hemiptera,Hemiptera,Larvae,2,0.066,0.066,NA,NA,NA,NA,NA,NA,NA,NA,NA,NA,NA   NA   NA   NA,NA   NA   NA   NA
SHR_2014-08-22 08:42:00,8/22/2014 8:42,SHR,2014,D,FALSE,CLR,NA,NA,22.6,1.37,147,NA,7.5,8.38,5.4,10,Low,635412,640000,4588,4588,30.18497769,30.18497769,1,"ebb tide but low current, jet boat used",NA,Terrestrial Insects,71,Order,Hemiptera,Hemiptera,Adults,1,0.033,0.033,NA,NA,NA,NA,NA,NA,NA,NA,NA,NA,NA   NA   NA   NA,NA   NA   NA   NA
SHR_2014-08-22 08:42:00,8/22/2014 8:42,SHR,2014,D,FALSE,CLR,NA,NA,22.6,1.37,147,NA,7.5,8.38,5.4,10,Low,635412,640000,4588,4588,30.18497769,30.18497769,1,"ebb tide but low current, jet boat used",NA,Terrestrial Insects,66,Order,Hymenoptera,Hymenoptera,Adults,2,0.066,0.066,NA,NA,NA,NA,NA,NA,NA,NA,NA,NA,NA   NA   NA   NA,NA   NA   NA   NA
SHR_2014-08-22 08:42:00,8/22/2014 8:42,SHR,2014,D,FALSE,CLR,NA,NA,22.6,1.37,147,NA,7.5,8.38,5.4,10,Low,635412,640000,4588,4588,30.18497769,30.18497769,1,"ebb tide but low current, jet boat used",NA,Terrestrial Non-Insects,157,Order,Araneae,Araneae,NotDetermined,1,0.033,0.033,NA,NA,NA,NA,NA,NA,NA,NA,NA,NA,NA   NA   NA   NA,NA   NA   NA   NA
SHR_2014-08-26 07:45:00,8/26/2014 7:45,SHR,2014,D,FALSE,CLR,NA,NA,22.5,1.8,151,NA,7.7,8.67,3.72,10,Low,630351,635400,5049,5049,33.21794951,33.21794951,1,NA,NA,Aquatic Insects,34,Family,Chironomidae,Chironomidae,Adults,1,0.03,0.03,NA,NA,NA,NA,NA,NA,NA,NA,NA,NA,NA   NA   NA   NA,NA   NA   NA   NA
SHR_2014-08-26 07:45:00,8/26/2014 7:45,SHR,2014,D,FALSE,CLR,NA,NA,22.5,1.8,151,NA,7.7,8.67,3.72,10,Low,630351,635400,5049,5049,33.21794951,33.21794951,1,NA,NA,Aquatic Insects,46,Family,Coenagrionidae,Coenagrionidae,Larvae,1,0.03,0.03,NA,NA,NA,NA,NA,NA,NA,NA,NA,NA,NA   NA   NA   NA,NA   NA   NA   NA
SHR_2014-08-26 07:45:00,8/26/2014 7:45,SHR,2014,D,FALSE,CLR,NA,NA,22.5,1.8,151,NA,7.7,8.67,3.72,10,Low,630351,635400,5049,5049,33.21794951,33.21794951,1,NA,NA,Aquatic Insects,56,Family,Leptoceridae,Leptoceridae,Larvae,2,0.06,0.06,NA,NA,NA,NA,NA,NA,NA,NA,NA,NA,NA   NA   NA   NA,NA   NA   NA   NA
SHR_2014-08-26 07:45:00,8/26/2014 7:45,SHR,2014,D,FALSE,CLR,NA,NA,22.5,1.8,151,NA,7.7,8.67,3.72,10,Low,630351,635400,5049,5049,33.21794951,33.21794951,1,NA,NA,Aquatic Non-Insects,28,Family,Lebertiidae,Lebertiidae,NotDetermined,1,0.03,0.03,NA,NA,NA,NA,NA,NA,NA,NA,NA,NA,NA   NA   NA   NA,NA   NA   NA   NA
SHR_2014-08-26 07:45:00,8/26/2014 7:45,SHR,2014,D,FALSE,CLR,NA,NA,22.5,1.8,151,NA,7.7,8.67,3.72,10,Low,630351,635400,5049,5049,33.21794951,33.21794951,1,NA,NA,Aquatic Non-Insects,120,Family,Lebertiidae,Lebertiidae,NotDetermined,1,0.03,0.03,NA,NA,NA,NA,NA,NA,NA,NA,NA,NA,NA   NA   NA   NA,NA   NA   NA   NA
SHR_2014-08-26 07:45:00,8/26/2014 7:45,SHR,2014,D,FALSE,CLR,NA,NA,22.5,1.8,151,NA,7.7,8.67,3.72,10,Low,630351,635400,5049,5049,33.21794951,33.21794951,1,NA,NA,Terrestrial Insects,67,Order,Psocoptera,Psocoptera,Adults,1,0.03,0.03,NA,NA,NA,NA,NA,NA,NA,NA,NA,NA,NA   NA   NA   NA,NA   NA   NA   NA
STTD_2014-08-27 10:12:00,8/27/2014 10:12,STTD,2014,D,FALSE,CLR,NA,2,21.8,0.2,201,NA,7.56,8.64,47,10,Low,626310,630000,3690,3690,24.2769328,24.2769328,1,"Ebb tide, anchored",NA,Aquatic Insects,34,Family,Chironomidae,Chironomidae,Adults,1,0.041,0.041,NA,NA,NA,NA,NA,NA,NA,NA,NA,NA,NA   NA   NA   NA,NA   NA   NA   NA
STTD_2014-08-27 10:12:00,8/27/2014 10:12,STTD,2014,D,FALSE,CLR,NA,2,21.8,0.2,201,NA,7.56,8.64,47,10,Low,626310,630000,3690,3690,24.2769328,24.2769328,1,"Ebb tide, anchored",NA,Aquatic Non-Insects,149,Family,Clupeidae,Clupeidae,NotDetermined,1,0.041,0.041,NA,NA,NA,NA,NA,NA,NA,NA,NA,NA,NA   NA   NA   NA,NA   NA   NA   NA
STTD_2014-08-27 10:12:00,8/27/2014 10:12,STTD,2014,D,FALSE,CLR,NA,2,21.8,0.2,201,NA,7.56,8.64,47,10,Low,626310,630000,3690,3690,24.2769328,24.2769328,1,"Ebb tide, anchored",NA,Terrestrial Insects,71,Order,Hemiptera,Hemiptera,Larvae,6,0.247,0.247,NA,NA,NA,NA,NA,NA,NA,NA,NA,NA,NA   NA   NA   NA,NA   NA   NA   NA
STTD_2014-08-27 10:12:00,8/27/2014 10:12,STTD,2014,D,FALSE,CLR,NA,2,21.8,0.2,201,NA,7.56,8.64,47,10,Low,626310,630000,3690,3690,24.2769328,24.2769328,1,"Ebb tide, anchored",NA,Terrestrial Insects,71,Order,Hemiptera,Hemiptera,Adults,4,0.165,0.165,NA,NA,NA,NA,NA,NA,NA,NA,NA,NA,NA   NA   NA   NA,NA   NA   NA   NA
STTD_2014-08-27 10:12:00,8/27/2014 10:12,STTD,2014,D,FALSE,CLR,NA,2,21.8,0.2,201,NA,7.56,8.64,47,10,Low,626310,630000,3690,3690,24.2769328,24.2769328,1,"Ebb tide, anchored",NA,Terrestrial Insects,85,Order,Thysanoptera,Thysanoptera,Adults,1,0.041,0.041,NA,NA,NA,NA,NA,NA,NA,NA,NA,NA,NA   NA   NA   NA,NA   NA   NA   NA
SHR_2014-09-09 09:10:00,9/9/2014 9:10,SHR,2014,D,FALSE,CLR,NA,NA,21.4,1.4,183,NA,7.92,8.5,4.4,10,Low,616008,621000,4992,4992,32.84293998,32.84293998,1,NA,NA,Aquatic Insects,32,Family,Ceratopogonidae,Ceratopogonidae,Larvae,1,0.03,0.03,NA,NA,NA,NA,NA,NA,NA,NA,NA,NA,NA   NA   NA   NA,NA   NA   NA   NA
SHR_2014-09-09 09:10:00,9/9/2014 9:10,SHR,2014,D,FALSE,CLR,NA,NA,21.4,1.4,183,NA,7.92,8.5,4.4,10,Low,616008,621000,4992,4992,32.84293998,32.84293998,1,NA,NA,Aquatic Insects,34,Family,Chironomidae,Chironomidae,Larvae,10,0.304,0.304,NA,NA,NA,NA,NA,NA,NA,NA,NA,NA,NA   NA   NA   NA,NA   NA   NA   NA
SHR_2014-09-09 09:10:00,9/9/2014 9:10,SHR,2014,D,FALSE,CLR,NA,NA,21.4,1.4,183,NA,7.92,8.5,4.4,10,Low,616008,621000,4992,4992,32.84293998,32.84293998,1,NA,NA,Aquatic Insects,34,Family,Chironomidae,Chironomidae,Adults,1,0.03,0.03,NA,NA,NA,NA,NA,NA,NA,NA,NA,NA,NA   NA   NA   NA,NA   NA   NA   NA
SHR_2014-09-09 09:10:00,9/9/2014 9:10,SHR,2014,D,FALSE,CLR,NA,NA,21.4,1.4,183,NA,7.92,8.5,4.4,10,Low,616008,621000,4992,4992,32.84293998,32.84293998,1,NA,NA,Aquatic Insects,42,Family,Ephemerellidae,Ephemerellidae,Larvae,1,0.03,0.03,NA,NA,NA,NA,NA,NA,NA,NA,NA,NA,NA   NA   NA   NA,NA   NA   NA   NA
SHR_2014-09-09 09:10:00,9/9/2014 9:10,SHR,2014,D,FALSE,CLR,NA,NA,21.4,1.4,183,NA,7.92,8.5,4.4,10,Low,616008,621000,4992,4992,32.84293998,32.84293998,1,NA,NA,Aquatic Insects,46,Family,Coenagrionidae,Coenagrionidae,Larvae,2,0.061,0.061,NA,NA,NA,NA,NA,NA,NA,NA,NA,NA,NA   NA   NA   NA,NA   NA   NA   NA
SHR_2014-09-09 09:10:00,9/9/2014 9:10,SHR,2014,D,FALSE,CLR,NA,NA,21.4,1.4,183,NA,7.92,8.5,4.4,10,Low,616008,621000,4992,4992,32.84293998,32.84293998,1,NA,NA,Aquatic Insects,88,Family,Hydroptilidae,Hydroptilidae,Pupae,1,0.03,0.03,NA,NA,NA,NA,NA,NA,NA,NA,NA,NA,NA   NA   NA   NA,NA   NA   NA   NA
SHR_2014-09-09 09:10:00,9/9/2014 9:10,SHR,2014,D,FALSE,CLR,NA,NA,21.4,1.4,183,NA,7.92,8.5,4.4,10,Low,616008,621000,4992,4992,32.84293998,32.84293998,1,NA,NA,Aquatic Insects,56,Family,Leptoceridae,Leptoceridae,Larvae,8,0.244,0.244,NA,NA,NA,NA,NA,NA,NA,NA,NA,NA,NA   NA   NA   NA,NA   NA   NA   NA
SHR_2014-09-09 09:10:00,9/9/2014 9:10,SHR,2014,D,FALSE,CLR,NA,NA,21.4,1.4,183,NA,7.92,8.5,4.4,10,Low,616008,621000,4992,4992,32.84293998,32.84293998,1,NA,NA,Aquatic Non-Insects,77,Family,Hygrobatidae,Hygrobatidae,NotDetermined,2,0.061,0.061,NA,NA,NA,NA,NA,NA,NA,NA,NA,NA,NA   NA   NA   NA,NA   NA   NA   NA
SHR_2014-09-09 09:10:00,9/9/2014 9:10,SHR,2014,D,FALSE,CLR,NA,NA,21.4,1.4,183,NA,7.92,8.5,4.4,10,Low,616008,621000,4992,4992,32.84293998,32.84293998,1,NA,NA,Aquatic Non-Insects,4,Family,Naididae,Naididae,NotDetermined,2,0.061,0.061,NA,NA,NA,NA,NA,NA,NA,NA,NA,NA,NA   NA   NA   NA,NA   NA   NA   NA
SHR_2014-09-09 09:10:00,9/9/2014 9:10,SHR,2014,D,FALSE,CLR,NA,NA,21.4,1.4,183,NA,7.92,8.5,4.4,10,Low,616008,621000,4992,4992,32.84293998,32.84293998,1,NA,NA,Aquatic Non-Insects,10,Family,Crangonyctidae,Crangonyctidae,NotDetermined,3,0.091,0.091,NA,NA,NA,NA,NA,NA,NA,NA,NA,NA,NA   NA   NA   NA,NA   NA   NA   NA
SHR_2014-09-09 09:10:00,9/9/2014 9:10,SHR,2014,D,FALSE,CLR,NA,NA,21.4,1.4,183,NA,7.92,8.5,4.4,10,Low,616008,621000,4992,4992,32.84293998,32.84293998,1,NA,NA,Aquatic Non-Insects,15,Family,Hyalellidae,Hyalellidae,NotDetermined,15,0.457,0.457,NA,NA,NA,NA,NA,NA,NA,NA,NA,NA,NA   NA   NA   NA,NA   NA   NA   NA
SHR_2014-09-09 09:10:00,9/9/2014 9:10,SHR,2014,D,FALSE,CLR,NA,NA,21.4,1.4,183,NA,7.92,8.5,4.4,10,Low,616008,621000,4992,4992,32.84293998,32.84293998,1,NA,NA,Aquatic Non-Insects,118,Class,Ostracoda,Ostracod,NotDetermined,1,0.03,0.03,NA,NA,NA,NA,NA,NA,NA,NA,NA,NA,NA   NA   NA   NA,NA   NA   NA   NA
SHR_2014-09-09 09:10:00,9/9/2014 9:10,SHR,2014,D,FALSE,CLR,NA,NA,21.4,1.4,183,NA,7.92,8.5,4.4,10,Low,616008,621000,4992,4992,32.84293998,32.84293998,1,NA,NA,Aquatic Non-Insects,152,Class,Turbellaria,Other Turbellaria,NotDetermined,1,0.03,0.03,NA,NA,NA,NA,NA,NA,NA,NA,NA,NA,NA   NA   NA   NA,NA   NA   NA   NA
SHR_2014-09-09 09:10:00,9/9/2014 9:10,SHR,2014,D,FALSE,CLR,NA,NA,21.4,1.4,183,NA,7.92,8.5,4.4,10,Low,616008,621000,4992,4992,32.84293998,32.84293998,1,NA,NA,Terrestrial Insects,71,Order,Hemiptera,Hemiptera,Larvae,1,0.03,0.03,NA,NA,NA,NA,NA,NA,NA,NA,NA,NA,NA   NA   NA   NA,NA   NA   NA   NA
SHR_2014-09-09 09:10:00,9/9/2014 9:10,SHR,2014,D,FALSE,CLR,NA,NA,21.4,1.4,183,NA,7.92,8.5,4.4,10,Low,616008,621000,4992,4992,32.84293998,32.84293998,1,NA,NA,Terrestrial Insects,66,Order,Hymenoptera,Hymenoptera,Adults,1,0.03,0.03,NA,NA,NA,NA,NA,NA,NA,NA,NA,NA,NA   NA   NA   NA,NA   NA   NA   NA
SHR_2014-09-09 09:10:00,9/9/2014 9:10,SHR,2014,D,FALSE,CLR,NA,NA,21.4,1.4,183,NA,7.92,8.5,4.4,10,Low,616008,621000,4992,4992,32.84293998,32.84293998,1,NA,NA,Terrestrial Non-Insects,157,Order,Araneae,Araneae,NotDetermined,1,0.03,0.03,NA,NA,NA,NA,NA,NA,NA,NA,NA,NA,NA   NA   NA   NA,NA   NA   NA   NA
STTD_2014-09-10 09:15:00,9/10/2014 9:15,STTD,2014,D,FALSE,CLR,NA,2,20.4,0.2,204,NA,7.35,7.8,47.23,10,Low,612098,615900,3802,3802,25.01379363,25.01379363,1,NA,NA,Aquatic Insects,34,Family,Chironomidae,Chironomidae,Adults,3,0.12,0.12,NA,NA,NA,NA,NA,NA,NA,NA,NA,NA,NA   NA   NA   NA,NA   NA   NA   NA
STTD_2014-09-10 09:15:00,9/10/2014 9:15,STTD,2014,D,FALSE,CLR,NA,2,20.4,0.2,204,NA,7.35,7.8,47.23,10,Low,612098,615900,3802,3802,25.01379363,25.01379363,1,NA,NA,Aquatic Non-Insects,4,Family,Naididae,Naididae,NotDetermined,1,0.04,0.04,NA,NA,NA,NA,NA,NA,NA,NA,NA,NA,NA   NA   NA   NA,NA   NA   NA   NA
STTD_2014-09-10 09:15:00,9/10/2014 9:15,STTD,2014,D,FALSE,CLR,NA,2,20.4,0.2,204,NA,7.35,7.8,47.23,10,Low,612098,615900,3802,3802,25.01379363,25.01379363,1,NA,NA,Aquatic Non-Insects,15,Family,Hyalellidae,Hyalellidae,NotDetermined,1,0.04,0.04,NA,NA,NA,NA,NA,NA,NA,NA,NA,NA,NA   NA   NA   NA,NA   NA   NA   NA
STTD_2014-09-10 09:15:00,9/10/2014 9:15,STTD,2014,D,FALSE,CLR,NA,2,20.4,0.2,204,NA,7.35,7.8,47.23,10,Low,612098,615900,3802,3802,25.01379363,25.01379363,1,NA,NA,Terrestrial Insects,63,Order,Coleoptera,Coleoptera,Adults,1,0.04,0.04,NA,NA,NA,NA,NA,NA,NA,NA,NA,NA,NA   NA   NA   NA,NA   NA   NA   NA
STTD_2014-09-10 09:15:00,9/10/2014 9:15,STTD,2014,D,FALSE,CLR,NA,2,20.4,0.2,204,NA,7.35,7.8,47.23,10,Low,612098,615900,3802,3802,25.01379363,25.01379363,1,NA,NA,Terrestrial Insects,71,Order,Hemiptera,Hemiptera,Larvae,10,0.4,0.4,NA,NA,NA,NA,NA,NA,NA,NA,NA,NA,NA   NA   NA   NA,NA   NA   NA   NA
STTD_2014-09-10 09:15:00,9/10/2014 9:15,STTD,2014,D,FALSE,CLR,NA,2,20.4,0.2,204,NA,7.35,7.8,47.23,10,Low,612098,615900,3802,3802,25.01379363,25.01379363,1,NA,NA,Terrestrial Insects,71,Order,Hemiptera,Hemiptera,Adults,2,0.08,0.08,NA,NA,NA,NA,NA,NA,NA,NA,NA,NA,NA   NA   NA   NA,NA   NA   NA   NA
STTD_2014-09-10 09:15:00,9/10/2014 9:15,STTD,2014,D,FALSE,CLR,NA,2,20.4,0.2,204,NA,7.35,7.8,47.23,10,Low,612098,615900,3802,3802,25.01379363,25.01379363,1,NA,NA,Terrestrial Insects,66,Order,Hymenoptera,Hymenoptera,Adults,2,0.08,0.08,NA,NA,NA,NA,NA,NA,NA,NA,NA,NA,NA   NA   NA   NA,NA   NA   NA   NA
STTD_2014-09-10 09:15:00,9/10/2014 9:15,STTD,2014,D,FALSE,CLR,NA,2,20.4,0.2,204,NA,7.35,7.8,47.23,10,Low,612098,615900,3802,3802,25.01379363,25.01379363,1,NA,NA,Terrestrial Insects,67,Order,Psocoptera,Psocoptera,Adults,1,0.04,0.04,NA,NA,NA,NA,NA,NA,NA,NA,NA,NA,NA   NA   NA   NA,NA   NA   NA   NA
STTD_2014-09-10 09:15:00,9/10/2014 9:15,STTD,2014,D,FALSE,CLR,NA,2,20.4,0.2,204,NA,7.35,7.8,47.23,10,Low,612098,615900,3802,3802,25.01379363,25.01379363,1,NA,NA,Terrestrial Non-Insects,157,Order,Araneae,Araneae,NotDetermined,5,0.2,0.2,NA,NA,NA,NA,NA,NA,NA,NA,NA,NA,NA   NA   NA   NA,NA   NA   NA   NA
SHR_2014-09-23 09:53:00,9/23/2014 9:53,SHR,2014,D,FALSE,CLR,NA,NA,21.2,1.7,152,NA,7.87,9.02,3.7,10,Low,606724,611000,4276,4276,28.13229394,28.13229394,1,NA,NA,Aquatic Insects,30,Family,Dytiscidae,Dytiscidae,Adults,4,0.142,0.142,NA,NA,NA,NA,NA,NA,NA,NA,NA,NA,NA   NA   NA   NA,NA   NA   NA   NA
SHR_2014-09-23 09:53:00,9/23/2014 9:53,SHR,2014,D,FALSE,CLR,NA,NA,21.2,1.7,152,NA,7.87,9.02,3.7,10,Low,606724,611000,4276,4276,28.13229394,28.13229394,1,NA,NA,Aquatic Insects,34,Family,Chironomidae,Chironomidae,Larvae,3,0.107,0.107,NA,NA,NA,NA,NA,NA,NA,NA,NA,NA,NA   NA   NA   NA,NA   NA   NA   NA
SHR_2014-09-23 09:53:00,9/23/2014 9:53,SHR,2014,D,FALSE,CLR,NA,NA,21.2,1.7,152,NA,7.87,9.02,3.7,10,Low,606724,611000,4276,4276,28.13229394,28.13229394,1,NA,NA,Aquatic Insects,56,Family,Leptoceridae,Leptoceridae,Larvae,2,0.071,0.071,NA,NA,NA,NA,NA,NA,NA,NA,NA,NA,NA   NA   NA   NA,NA   NA   NA   NA
SHR_2014-09-23 09:53:00,9/23/2014 9:53,SHR,2014,D,FALSE,CLR,NA,NA,21.2,1.7,152,NA,7.87,9.02,3.7,10,Low,606724,611000,4276,4276,28.13229394,28.13229394,1,NA,NA,Aquatic Non-Insects,28,Family,Lebertiidae,Lebertiidae,NotDetermined,1,0.036,0.036,NA,NA,NA,NA,NA,NA,NA,NA,NA,NA,NA   NA   NA   NA,NA   NA   NA   NA
SHR_2014-09-23 09:53:00,9/23/2014 9:53,SHR,2014,D,FALSE,CLR,NA,NA,21.2,1.7,152,NA,7.87,9.02,3.7,10,Low,606724,611000,4276,4276,28.13229394,28.13229394,1,NA,NA,Aquatic Non-Insects,120,Family,Lebertiidae,Lebertiidae,NotDetermined,1,0.036,0.036,NA,NA,NA,NA,NA,NA,NA,NA,NA,NA,NA   NA   NA   NA,NA   NA   NA   NA
SHR_2014-09-23 09:53:00,9/23/2014 9:53,SHR,2014,D,FALSE,CLR,NA,NA,21.2,1.7,152,NA,7.87,9.02,3.7,10,Low,606724,611000,4276,4276,28.13229394,28.13229394,1,NA,NA,Aquatic Non-Insects,4,Family,Naididae,Naididae,NotDetermined,2,0.071,0.071,NA,NA,NA,NA,NA,NA,NA,NA,NA,NA,NA   NA   NA   NA,NA   NA   NA   NA
SHR_2014-09-23 09:53:00,9/23/2014 9:53,SHR,2014,D,FALSE,CLR,NA,NA,21.2,1.7,152,NA,7.87,9.02,3.7,10,Low,606724,611000,4276,4276,28.13229394,28.13229394,1,NA,NA,Aquatic Non-Insects,15,Family,Hyalellidae,Hyalellidae,NotDetermined,1,0.036,0.036,NA,NA,NA,NA,NA,NA,NA,NA,NA,NA,NA   NA   NA   NA,NA   NA   NA   NA
SHR_2014-09-23 09:53:00,9/23/2014 9:53,SHR,2014,D,FALSE,CLR,NA,NA,21.2,1.7,152,NA,7.87,9.02,3.7,10,Low,606724,611000,4276,4276,28.13229394,28.13229394,1,NA,NA,Terrestrial Insects,71,Order,Hemiptera,Hemiptera,Adults,2,0.071,0.071,NA,NA,NA,NA,NA,NA,NA,NA,NA,NA,NA   NA   NA   NA,NA   NA   NA   NA
SHR_2014-09-23 09:53:00,9/23/2014 9:53,SHR,2014,D,FALSE,CLR,NA,NA,21.2,1.7,152,NA,7.87,9.02,3.7,10,Low,606724,611000,4276,4276,28.13229394,28.13229394,1,NA,NA,Terrestrial Insects,73,Order,Lepidoptera,Lepidoptera,Larvae,1,0.036,0.036,NA,NA,NA,NA,NA,NA,NA,NA,NA,NA,NA   NA   NA   NA,NA   NA   NA   NA
SHR_2014-09-23 09:53:00,9/23/2014 9:53,SHR,2014,D,FALSE,CLR,NA,NA,21.2,1.7,152,NA,7.87,9.02,3.7,10,Low,606724,611000,4276,4276,28.13229394,28.13229394,1,NA,NA,Terrestrial Insects,66,Order,Hymenoptera,Hymenoptera,Adults,2,0.071,0.071,NA,NA,NA,NA,NA,NA,NA,NA,NA,NA,NA   NA   NA   NA,NA   NA   NA   NA
SHR_2014-09-23 09:53:00,9/23/2014 9:53,SHR,2014,D,FALSE,CLR,NA,NA,21.2,1.7,152,NA,7.87,9.02,3.7,10,Low,606724,611000,4276,4276,28.13229394,28.13229394,1,NA,NA,Terrestrial Insects,85,Order,Thysanoptera,Thysanoptera,Adults,1,0.036,0.036,NA,NA,NA,NA,NA,NA,NA,NA,NA,NA,NA   NA   NA   NA,NA   NA   NA   NA
STTD_2014-09-24 09:47:00,9/24/2014 9:47,STTD,2014,D,FALSE,CLR,NA,1,21.3,0.24,340,NA,7.97,7.84,48,10,Low,603335,607000,3665,3665,24.11245493,24.11245493,1,NA,NA,Aquatic Insects,34,Family,Chironomidae,Chironomidae,Adults,1,0.041,0.041,NA,NA,NA,NA,NA,NA,NA,NA,NA,NA,NA   NA   NA   NA,NA   NA   NA   NA
STTD_2014-09-24 09:47:00,9/24/2014 9:47,STTD,2014,D,FALSE,CLR,NA,1,21.3,0.24,340,NA,7.97,7.84,48,10,Low,603335,607000,3665,3665,24.11245493,24.11245493,1,NA,NA,Aquatic Non-Insects,127,Family,Hydrobiidae,Hydrobiidae,NotDetermined,1,0.041,0.041,NA,NA,NA,NA,NA,NA,NA,NA,NA,NA,NA   NA   NA   NA,NA   NA   NA   NA
STTD_2014-09-24 09:47:00,9/24/2014 9:47,STTD,2014,D,FALSE,CLR,NA,1,21.3,0.24,340,NA,7.97,7.84,48,10,Low,603335,607000,3665,3665,24.11245493,24.11245493,1,NA,NA,Terrestrial Insects,71,Order,Hemiptera,Hemiptera,Larvae,13,0.539,0.539,NA,NA,NA,NA,NA,NA,NA,NA,NA,NA,NA   NA   NA   NA,NA   NA   NA   NA
STTD_2014-09-24 09:47:00,9/24/2014 9:47,STTD,2014,D,FALSE,CLR,NA,1,21.3,0.24,340,NA,7.97,7.84,48,10,Low,603335,607000,3665,3665,24.11245493,24.11245493,1,NA,NA,Terrestrial Insects,66,Order,Hymenoptera,Hymenoptera,Adults,3,0.124,0.124,NA,NA,NA,NA,NA,NA,NA,NA,NA,NA,NA   NA   NA   NA,NA   NA   NA   NA
SHR_2014-10-06 09:30:00,10/6/2014 9:30,SHR,2015,D,FALSE,CLR,NA,NA,20.7,1.99,135,NA,6.32,8.91,3.8,10,Low,595959,603000,7041,7041,46.32354575,46.32354575,1,Jet boat motor used,NA,Aquatic Insects,30,Family,Dytiscidae,Dytiscidae,Adults,9,0.194,0.194,NA,NA,NA,NA,NA,NA,NA,NA,NA,NA,NA   NA   NA   NA,NA   NA   NA   NA
SHR_2014-10-06 09:30:00,10/6/2014 9:30,SHR,2015,D,FALSE,CLR,NA,NA,20.7,1.99,135,NA,6.32,8.91,3.8,10,Low,595959,603000,7041,7041,46.32354575,46.32354575,1,Jet boat motor used,NA,Aquatic Insects,81,Family,Hydrophilidae,Hydrophilidae,Adults,1,0.022,0.022,NA,NA,NA,NA,NA,NA,NA,NA,NA,NA,NA   NA   NA   NA,NA   NA   NA   NA
SHR_2014-10-06 09:30:00,10/6/2014 9:30,SHR,2015,D,FALSE,CLR,NA,NA,20.7,1.99,135,NA,6.32,8.91,3.8,10,Low,595959,603000,7041,7041,46.32354575,46.32354575,1,Jet boat motor used,NA,Aquatic Insects,32,Family,Ceratopogonidae,Ceratopogonidae,Pupae,1,0.022,0.022,NA,NA,NA,NA,NA,NA,NA,NA,NA,NA,NA   NA   NA   NA,NA   NA   NA   NA
SHR_2014-10-06 09:30:00,10/6/2014 9:30,SHR,2015,D,FALSE,CLR,NA,NA,20.7,1.99,135,NA,6.32,8.91,3.8,10,Low,595959,603000,7041,7041,46.32354575,46.32354575,1,Jet boat motor used,NA,Aquatic Insects,97,Family,Stratiomyidae,Stratiomyidae,Larvae,1,0.022,0.022,NA,NA,NA,NA,NA,NA,NA,NA,NA,NA,NA   NA   NA   NA,NA   NA   NA   NA
SHR_2014-10-06 09:30:00,10/6/2014 9:30,SHR,2015,D,FALSE,CLR,NA,NA,20.7,1.99,135,NA,6.32,8.91,3.8,10,Low,595959,603000,7041,7041,46.32354575,46.32354575,1,Jet boat motor used,NA,Aquatic Insects,34,Family,Chironomidae,Chironomidae,Larvae,36,0.777,0.777,NA,NA,NA,NA,NA,NA,NA,NA,NA,NA,NA   NA   NA   NA,NA   NA   NA   NA
SHR_2014-10-06 09:30:00,10/6/2014 9:30,SHR,2015,D,FALSE,CLR,NA,NA,20.7,1.99,135,NA,6.32,8.91,3.8,10,Low,595959,603000,7041,7041,46.32354575,46.32354575,1,Jet boat motor used,NA,Aquatic Insects,34,Family,Chironomidae,Chironomidae,Pupae,1,0.022,0.022,NA,NA,NA,NA,NA,NA,NA,NA,NA,NA,NA   NA   NA   NA,NA   NA   NA   NA
SHR_2014-10-06 09:30:00,10/6/2014 9:30,SHR,2015,D,FALSE,CLR,NA,NA,20.7,1.99,135,NA,6.32,8.91,3.8,10,Low,595959,603000,7041,7041,46.32354575,46.32354575,1,Jet boat motor used,NA,Aquatic Insects,34,Family,Chironomidae,Chironomidae,Adults,9,0.194,0.194,NA,NA,NA,NA,NA,NA,NA,NA,NA,NA,NA   NA   NA   NA,NA   NA   NA   NA
SHR_2014-10-06 09:30:00,10/6/2014 9:30,SHR,2015,D,FALSE,CLR,NA,NA,20.7,1.99,135,NA,6.32,8.91,3.8,10,Low,595959,603000,7041,7041,46.32354575,46.32354575,1,Jet boat motor used,NA,Aquatic Insects,46,Family,Coenagrionidae,Coenagrionidae,Larvae,2,0.043,0.043,NA,NA,NA,NA,NA,NA,NA,NA,NA,NA,NA   NA   NA   NA,NA   NA   NA   NA
SHR_2014-10-06 09:30:00,10/6/2014 9:30,SHR,2015,D,FALSE,CLR,NA,NA,20.7,1.99,135,NA,6.32,8.91,3.8,10,Low,595959,603000,7041,7041,46.32354575,46.32354575,1,Jet boat motor used,NA,Aquatic Insects,88,Family,Hydroptilidae,Hydroptilidae,Adults,1,0.022,0.022,NA,NA,NA,NA,NA,NA,NA,NA,NA,NA,NA   NA   NA   NA,NA   NA   NA   NA
SHR_2014-10-06 09:30:00,10/6/2014 9:30,SHR,2015,D,FALSE,CLR,NA,NA,20.7,1.99,135,NA,6.32,8.91,3.8,10,Low,595959,603000,7041,7041,46.32354575,46.32354575,1,Jet boat motor used,NA,Aquatic Insects,56,Family,Leptoceridae,Leptoceridae,Larvae,36,0.777,0.777,NA,NA,NA,NA,NA,NA,NA,NA,NA,NA,NA   NA   NA   NA,NA   NA   NA   NA
SHR_2014-10-06 09:30:00,10/6/2014 9:30,SHR,2015,D,FALSE,CLR,NA,NA,20.7,1.99,135,NA,6.32,8.91,3.8,10,Low,595959,603000,7041,7041,46.32354575,46.32354575,1,Jet boat motor used,NA,Aquatic Non-Insects,28,Family,Lebertiidae,Lebertiidae,NotDetermined,1,0.022,0.022,NA,NA,NA,NA,NA,NA,NA,NA,NA,NA,NA   NA   NA   NA,NA   NA   NA   NA
SHR_2014-10-06 09:30:00,10/6/2014 9:30,SHR,2015,D,FALSE,CLR,NA,NA,20.7,1.99,135,NA,6.32,8.91,3.8,10,Low,595959,603000,7041,7041,46.32354575,46.32354575,1,Jet boat motor used,NA,Aquatic Non-Insects,120,Family,Lebertiidae,Lebertiidae,NotDetermined,1,0.022,0.022,NA,NA,NA,NA,NA,NA,NA,NA,NA,NA,NA   NA   NA   NA,NA   NA   NA   NA
SHR_2014-10-06 09:30:00,10/6/2014 9:30,SHR,2015,D,FALSE,CLR,NA,NA,20.7,1.99,135,NA,6.32,8.91,3.8,10,Low,595959,603000,7041,7041,46.32354575,46.32354575,1,Jet boat motor used,NA,Aquatic Non-Insects,4,Family,Naididae,Naididae,NotDetermined,14,0.302,0.302,NA,NA,NA,NA,NA,NA,NA,NA,NA,NA,NA   NA   NA   NA,NA   NA   NA   NA
SHR_2014-10-06 09:30:00,10/6/2014 9:30,SHR,2015,D,FALSE,CLR,NA,NA,20.7,1.99,135,NA,6.32,8.91,3.8,10,Low,595959,603000,7041,7041,46.32354575,46.32354575,1,Jet boat motor used,NA,Aquatic Non-Insects,2,Family,Enchytraeidae,Enchytraeidae,NotDetermined,1,0.022,0.022,NA,NA,NA,NA,NA,NA,NA,NA,NA,NA,NA   NA   NA   NA,NA   NA   NA   NA
SHR_2014-10-06 09:30:00,10/6/2014 9:30,SHR,2015,D,FALSE,CLR,NA,NA,20.7,1.99,135,NA,6.32,8.91,3.8,10,Low,595959,603000,7041,7041,46.32354575,46.32354575,1,Jet boat motor used,NA,Aquatic Non-Insects,9,Family,Corophiidae,Corophiidae,NotDetermined,3,0.065,0.065,NA,NA,NA,NA,NA,NA,NA,NA,NA,NA,NA   NA   NA   NA,NA   NA   NA   NA
SHR_2014-10-06 09:30:00,10/6/2014 9:30,SHR,2015,D,FALSE,CLR,NA,NA,20.7,1.99,135,NA,6.32,8.91,3.8,10,Low,595959,603000,7041,7041,46.32354575,46.32354575,1,Jet boat motor used,NA,Aquatic Non-Insects,10,Family,Crangonyctidae,Crangonyctidae,NotDetermined,3,0.065,0.065,NA,NA,NA,NA,NA,NA,NA,NA,NA,NA,NA   NA   NA   NA,NA   NA   NA   NA
SHR_2014-10-06 09:30:00,10/6/2014 9:30,SHR,2015,D,FALSE,CLR,NA,NA,20.7,1.99,135,NA,6.32,8.91,3.8,10,Low,595959,603000,7041,7041,46.32354575,46.32354575,1,Jet boat motor used,NA,Aquatic Non-Insects,15,Family,Hyalellidae,Hyalellidae,NotDetermined,4,0.086,0.086,NA,NA,NA,NA,NA,NA,NA,NA,NA,NA,NA   NA   NA   NA,NA   NA   NA   NA
SHR_2014-10-06 09:30:00,10/6/2014 9:30,SHR,2015,D,FALSE,CLR,NA,NA,20.7,1.99,135,NA,6.32,8.91,3.8,10,Low,595959,603000,7041,7041,46.32354575,46.32354575,1,Jet boat motor used,NA,Aquatic Non-Insects,21,Family,Planorbidae,Planorbidae,NotDetermined,4,0.086,0.086,NA,NA,NA,NA,NA,NA,NA,NA,NA,NA,NA   NA   NA   NA,NA   NA   NA   NA
SHR_2014-10-06 09:30:00,10/6/2014 9:30,SHR,2015,D,FALSE,CLR,NA,NA,20.7,1.99,135,NA,6.32,8.91,3.8,10,Low,595959,603000,7041,7041,46.32354575,46.32354575,1,Jet boat motor used,NA,Aquatic Non-Insects,124,Phylum,Ectoprocta,Ectoprocta,NotDetermined,4,0.086,0.086,NA,NA,NA,NA,NA,NA,NA,NA,NA,NA,NA   NA   NA   NA,NA   NA   NA   NA
SHR_2014-10-06 09:30:00,10/6/2014 9:30,SHR,2015,D,FALSE,CLR,NA,NA,20.7,1.99,135,NA,6.32,8.91,3.8,10,Low,595959,603000,7041,7041,46.32354575,46.32354575,1,Jet boat motor used,NA,Terrestrial Insects,63,Order,Coleoptera,Coleoptera,Larvae,1,0.022,0.022,NA,NA,NA,NA,NA,NA,NA,NA,NA,NA,NA   NA   NA   NA,NA   NA   NA   NA
SHR_2014-10-06 09:30:00,10/6/2014 9:30,SHR,2015,D,FALSE,CLR,NA,NA,20.7,1.99,135,NA,6.32,8.91,3.8,10,Low,595959,603000,7041,7041,46.32354575,46.32354575,1,Jet boat motor used,NA,Terrestrial Insects,63,Order,Coleoptera,Coleoptera,Adults,2,0.043,0.043,NA,NA,NA,NA,NA,NA,NA,NA,NA,NA,NA   NA   NA   NA,NA   NA   NA   NA
SHR_2014-10-06 09:30:00,10/6/2014 9:30,SHR,2015,D,FALSE,CLR,NA,NA,20.7,1.99,135,NA,6.32,8.91,3.8,10,Low,595959,603000,7041,7041,46.32354575,46.32354575,1,Jet boat motor used,NA,Terrestrial Insects,71,Order,Hemiptera,Hemiptera,Larvae,11,0.237,0.237,NA,NA,NA,NA,NA,NA,NA,NA,NA,NA,NA   NA   NA   NA,NA   NA   NA   NA
SHR_2014-10-06 09:30:00,10/6/2014 9:30,SHR,2015,D,FALSE,CLR,NA,NA,20.7,1.99,135,NA,6.32,8.91,3.8,10,Low,595959,603000,7041,7041,46.32354575,46.32354575,1,Jet boat motor used,NA,Terrestrial Insects,73,Order,Lepidoptera,Lepidoptera,Larvae,1,0.022,0.022,NA,NA,NA,NA,NA,NA,NA,NA,NA,NA,NA   NA   NA   NA,NA   NA   NA   NA
SHR_2014-10-06 09:30:00,10/6/2014 9:30,SHR,2015,D,FALSE,CLR,NA,NA,20.7,1.99,135,NA,6.32,8.91,3.8,10,Low,595959,603000,7041,7041,46.32354575,46.32354575,1,Jet boat motor used,NA,Terrestrial Non-Insects,68,Order,Collembola,Collembola,NotDetermined,1,0.022,0.022,NA,NA,NA,NA,NA,NA,NA,NA,NA,NA,NA   NA   NA   NA,NA   NA   NA   NA
SHR_2014-10-06 09:30:00,10/6/2014 9:30,SHR,2015,D,FALSE,CLR,NA,NA,20.7,1.99,135,NA,6.32,8.91,3.8,10,Low,595959,603000,7041,7041,46.32354575,46.32354575,1,Jet boat motor used,NA,Terrestrial Insects,66,Order,Hymenoptera,Hymenoptera,Adults,2,0.043,0.043,NA,NA,NA,NA,NA,NA,NA,NA,NA,NA,NA   NA   NA   NA,NA   NA   NA   NA
SHR_2014-10-06 09:30:00,10/6/2014 9:30,SHR,2015,D,FALSE,CLR,NA,NA,20.7,1.99,135,NA,6.32,8.91,3.8,10,Low,595959,603000,7041,7041,46.32354575,46.32354575,1,Jet boat motor used,NA,Terrestrial Insects,67,Order,Psocoptera,Psocoptera,Adults,1,0.022,0.022,NA,NA,NA,NA,NA,NA,NA,NA,NA,NA,NA   NA   NA   NA,NA   NA   NA   NA
SHR_2014-10-06 09:30:00,10/6/2014 9:30,SHR,2015,D,FALSE,CLR,NA,NA,20.7,1.99,135,NA,6.32,8.91,3.8,10,Low,595959,603000,7041,7041,46.32354575,46.32354575,1,Jet boat motor used,NA,Terrestrial Non-Insects,157,Order,Araneae,Araneae,NotDetermined,5,0.108,0.108,NA,NA,NA,NA,NA,NA,NA,NA,NA,NA,NA   NA   NA   NA,NA   NA   NA   NA
STTD_2014-10-07 09:40:00,10/7/2014 9:40,STTD,2015,D,FALSE,CLR,NA,NA,21.7,0.2,242,NA,6.63,7.87,42.9,10,Low,592485,596000,3515,3515,23.12558775,23.12558775,1,NA,NA,Aquatic Non-Insects,4,Family,Naididae,Naididae,NotDetermined,1,0.043,0.043,NA,NA,NA,NA,NA,NA,NA,NA,NA,NA,NA   NA   NA   NA,NA   NA   NA   NA
STTD_2014-10-07 09:40:00,10/7/2014 9:40,STTD,2015,D,FALSE,CLR,NA,NA,21.7,0.2,242,NA,6.63,7.87,42.9,10,Low,592485,596000,3515,3515,23.12558775,23.12558775,1,NA,NA,Aquatic Non-Insects,13,Family,Mysidae,Mysidae,NotDetermined,1,0.043,0.043,NA,NA,NA,NA,NA,NA,NA,NA,NA,NA,NA   NA   NA   NA,NA   NA   NA   NA
STTD_2014-10-07 09:40:00,10/7/2014 9:40,STTD,2015,D,FALSE,CLR,NA,NA,21.7,0.2,242,NA,6.63,7.87,42.9,10,Low,592485,596000,3515,3515,23.12558775,23.12558775,1,NA,NA,Aquatic Non-Insects,127,Family,Hydrobiidae,Hydrobiidae,NotDetermined,2,0.086,0.086,NA,NA,NA,NA,NA,NA,NA,NA,NA,NA,NA   NA   NA   NA,NA   NA   NA   NA
SHR_2014-10-22 09:18:00,10/22/2014 9:18,SHR,2015,D,FALSE,CLR,NA,NA,17.5,NA,119,NA,7.81,9.67,2.6,10,Low,586548,593000,6452,6452,42.44844726,42.44844726,1,Motor used (Striker),NA,Aquatic Insects,34,Family,Chironomidae,Chironomidae,Larvae,18,0.424,0.424,NA,NA,NA,NA,NA,NA,NA,NA,NA,NA,NA   NA   NA   NA,NA   NA   NA   NA
SHR_2014-10-22 09:18:00,10/22/2014 9:18,SHR,2015,D,FALSE,CLR,NA,NA,17.5,NA,119,NA,7.81,9.67,2.6,10,Low,586548,593000,6452,6452,42.44844726,42.44844726,1,Motor used (Striker),NA,Aquatic Insects,34,Family,Chironomidae,Chironomidae,Pupae,2,0.047,0.047,NA,NA,NA,NA,NA,NA,NA,NA,NA,NA,NA   NA   NA   NA,NA   NA   NA   NA
SHR_2014-10-22 09:18:00,10/22/2014 9:18,SHR,2015,D,FALSE,CLR,NA,NA,17.5,NA,119,NA,7.81,9.67,2.6,10,Low,586548,593000,6452,6452,42.44844726,42.44844726,1,Motor used (Striker),NA,Aquatic Insects,34,Family,Chironomidae,Chironomidae,Adults,12,0.283,0.283,NA,NA,NA,NA,NA,NA,NA,NA,NA,NA,NA   NA   NA   NA,NA   NA   NA   NA
SHR_2014-10-22 09:18:00,10/22/2014 9:18,SHR,2015,D,FALSE,CLR,NA,NA,17.5,NA,119,NA,7.81,9.67,2.6,10,Low,586548,593000,6452,6452,42.44844726,42.44844726,1,Motor used (Striker),NA,Aquatic Insects,56,Family,Leptoceridae,Leptoceridae,Larvae,4,0.094,0.094,NA,NA,NA,NA,NA,NA,NA,NA,NA,NA,NA   NA   NA   NA,NA   NA   NA   NA
SHR_2014-10-22 09:18:00,10/22/2014 9:18,SHR,2015,D,FALSE,CLR,NA,NA,17.5,NA,119,NA,7.81,9.67,2.6,10,Low,586548,593000,6452,6452,42.44844726,42.44844726,1,Motor used (Striker),NA,Aquatic Non-Insects,7,Order,Cyclopoida,Cyclopoid,NotDetermined,1,0.024,0.024,NA,NA,NA,NA,NA,NA,NA,NA,NA,NA,NA   NA   NA   NA,NA   NA   NA   NA
SHR_2014-10-22 09:18:00,10/22/2014 9:18,SHR,2015,D,FALSE,CLR,NA,NA,17.5,NA,119,NA,7.81,9.67,2.6,10,Low,586548,593000,6452,6452,42.44844726,42.44844726,1,Motor used (Striker),NA,Aquatic Non-Insects,154,Order,Cyclopoida,Cyclopoid,NotDetermined,1,0.024,0.024,NA,NA,NA,NA,NA,NA,NA,NA,NA,NA,NA   NA   NA   NA,NA   NA   NA   NA
SHR_2014-10-22 09:18:00,10/22/2014 9:18,SHR,2015,D,FALSE,CLR,NA,NA,17.5,NA,119,NA,7.81,9.67,2.6,10,Low,586548,593000,6452,6452,42.44844726,42.44844726,1,Motor used (Striker),NA,Aquatic Non-Insects,152,Class,Turbellaria,Other Turbellaria,NotDetermined,2,0.047,0.047,NA,NA,NA,NA,NA,NA,NA,NA,NA,NA,NA   NA   NA   NA,NA   NA   NA   NA
SHR_2014-10-22 09:18:00,10/22/2014 9:18,SHR,2015,D,FALSE,CLR,NA,NA,17.5,NA,119,NA,7.81,9.67,2.6,10,Low,586548,593000,6452,6452,42.44844726,42.44844726,1,Motor used (Striker),NA,Terrestrial Insects,63,Order,Coleoptera,Coleoptera,Adults,3,0.071,0.071,NA,NA,NA,NA,NA,NA,NA,NA,NA,NA,NA   NA   NA   NA,NA   NA   NA   NA
SHR_2014-10-22 09:18:00,10/22/2014 9:18,SHR,2015,D,FALSE,CLR,NA,NA,17.5,NA,119,NA,7.81,9.67,2.6,10,Low,586548,593000,6452,6452,42.44844726,42.44844726,1,Motor used (Striker),NA,Terrestrial Insects,64,Order,Diptera,Diptera,Adults,1,0.024,0.024,NA,NA,NA,NA,NA,NA,NA,NA,NA,NA,NA   NA   NA   NA,NA   NA   NA   NA
SHR_2014-10-22 09:18:00,10/22/2014 9:18,SHR,2015,D,FALSE,CLR,NA,NA,17.5,NA,119,NA,7.81,9.67,2.6,10,Low,586548,593000,6452,6452,42.44844726,42.44844726,1,Motor used (Striker),NA,Terrestrial Insects,71,Order,Hemiptera,Hemiptera,Larvae,10,0.236,0.236,NA,NA,NA,NA,NA,NA,NA,NA,NA,NA,NA   NA   NA   NA,NA   NA   NA   NA
SHR_2014-10-22 09:18:00,10/22/2014 9:18,SHR,2015,D,FALSE,CLR,NA,NA,17.5,NA,119,NA,7.81,9.67,2.6,10,Low,586548,593000,6452,6452,42.44844726,42.44844726,1,Motor used (Striker),NA,Terrestrial Insects,66,Order,Hymenoptera,Hymenoptera,Larvae,4,0.094,0.094,NA,NA,NA,NA,NA,NA,NA,NA,NA,NA,NA   NA   NA   NA,NA   NA   NA   NA
SHR_2014-10-22 09:18:00,10/22/2014 9:18,SHR,2015,D,FALSE,CLR,NA,NA,17.5,NA,119,NA,7.81,9.67,2.6,10,Low,586548,593000,6452,6452,42.44844726,42.44844726,1,Motor used (Striker),NA,Aquatic Non-Insects,28,Family,Lebertiidae,Lebertiidae,NotDetermined,1,0.024,0.024,NA,NA,NA,NA,NA,NA,NA,NA,NA,NA,NA   NA   NA   NA,NA   NA   NA   NA
SHR_2014-10-22 09:18:00,10/22/2014 9:18,SHR,2015,D,FALSE,CLR,NA,NA,17.5,NA,119,NA,7.81,9.67,2.6,10,Low,586548,593000,6452,6452,42.44844726,42.44844726,1,Motor used (Striker),NA,Aquatic Non-Insects,120,Family,Lebertiidae,Lebertiidae,NotDetermined,1,0.024,0.024,NA,NA,NA,NA,NA,NA,NA,NA,NA,NA,NA   NA   NA   NA,NA   NA   NA   NA
STTD_2014-10-23 09:40:00,10/23/2014 9:40,STTD,2015,D,FALSE,CLD,NA,1,18,0.22,222,NA,6.64,7.99,46.7,10,Low,584988,586000,1012,1012,6.658063954,6.658063954,1,Anchored,NA,Aquatic Insects,34,Family,Chironomidae,Chironomidae,Pupae,1,0.15,0.15,NA,NA,NA,NA,NA,NA,NA,NA,NA,NA,NA   NA   NA   NA,NA   NA   NA   NA
STTD_2014-10-23 09:40:00,10/23/2014 9:40,STTD,2015,D,FALSE,CLD,NA,1,18,0.22,222,NA,6.64,7.99,46.7,10,Low,584988,586000,1012,1012,6.658063954,6.658063954,1,Anchored,NA,Aquatic Insects,34,Family,Chironomidae,Chironomidae,Adults,1,0.15,0.15,NA,NA,NA,NA,NA,NA,NA,NA,NA,NA,NA   NA   NA   NA,NA   NA   NA   NA
STTD_2014-10-23 09:40:00,10/23/2014 9:40,STTD,2015,D,FALSE,CLD,NA,1,18,0.22,222,NA,6.64,7.99,46.7,10,Low,584988,586000,1012,1012,6.658063954,6.658063954,1,Anchored,NA,Aquatic Non-Insects,94,Family,Unionicolidae,Unionicolidae,NotDetermined,1,0.15,0.15,NA,NA,NA,NA,NA,NA,NA,NA,NA,NA,NA   NA   NA   NA,NA   NA   NA   NA
STTD_2014-10-23 09:40:00,10/23/2014 9:40,STTD,2015,D,FALSE,CLD,NA,1,18,0.22,222,NA,6.64,7.99,46.7,10,Low,584988,586000,1012,1012,6.658063954,6.658063954,1,Anchored,NA,Aquatic Non-Insects,168,Order,Calanoida,Calanoid,NotDetermined,230,34.545,34.545,NA,NA,NA,NA,NA,NA,NA,NA,NA,NA,NA   NA   NA   NA,NA   NA   NA   NA
STTD_2014-10-23 09:40:00,10/23/2014 9:40,STTD,2015,D,FALSE,CLD,NA,1,18,0.22,222,NA,6.64,7.99,46.7,10,Low,584988,586000,1012,1012,6.658063954,6.658063954,1,Anchored,NA,Aquatic Non-Insects,7,Order,Cyclopoida,Cyclopoid,NotDetermined,2,0.3,0.3,NA,NA,NA,NA,NA,NA,NA,NA,NA,NA,NA   NA   NA   NA,NA   NA   NA   NA
STTD_2014-10-23 09:40:00,10/23/2014 9:40,STTD,2015,D,FALSE,CLD,NA,1,18,0.22,222,NA,6.64,7.99,46.7,10,Low,584988,586000,1012,1012,6.658063954,6.658063954,1,Anchored,NA,Aquatic Non-Insects,154,Order,Cyclopoida,Cyclopoid,NotDetermined,2,0.3,0.3,NA,NA,NA,NA,NA,NA,NA,NA,NA,NA,NA   NA   NA   NA,NA   NA   NA   NA
STTD_2014-10-23 09:40:00,10/23/2014 9:40,STTD,2015,D,FALSE,CLD,NA,1,18,0.22,222,NA,6.64,7.99,46.7,10,Low,584988,586000,1012,1012,6.658063954,6.658063954,1,Anchored,NA,Aquatic Non-Insects,130,Phylum,Nematoda,Nematoda,NotDetermined,1,0.15,0.15,NA,NA,NA,NA,NA,NA,NA,NA,NA,NA,NA   NA   NA   NA,NA   NA   NA   NA
SHR_2014-11-04 09:10:00,11/4/2014 9:10,SHR,2015,D,FALSE,CLD,NA,NA,14.7,1.4,122,NA,6.44,10.12,8.5,10,Low,578796,585000,6204,6204,40.81682685,40.81682685,1,BOAT/MOTOR,NA,Aquatic Insects,34,Family,Chironomidae,Chironomidae,Larvae,2,0.049,0.049,NA,NA,NA,NA,NA,NA,NA,NA,NA,NA,NA   NA   NA   NA,NA   NA   NA   NA
SHR_2014-11-04 09:10:00,11/4/2014 9:10,SHR,2015,D,FALSE,CLD,NA,NA,14.7,1.4,122,NA,6.44,10.12,8.5,10,Low,578796,585000,6204,6204,40.81682685,40.81682685,1,BOAT/MOTOR,NA,Aquatic Insects,34,Family,Chironomidae,Chironomidae,Pupae,1,0.024,0.024,NA,NA,NA,NA,NA,NA,NA,NA,NA,NA,NA   NA   NA   NA,NA   NA   NA   NA
SHR_2014-11-04 09:10:00,11/4/2014 9:10,SHR,2015,D,FALSE,CLD,NA,NA,14.7,1.4,122,NA,6.44,10.12,8.5,10,Low,578796,585000,6204,6204,40.81682685,40.81682685,1,BOAT/MOTOR,NA,Aquatic Insects,34,Family,Chironomidae,Chironomidae,Adults,3,0.073,0.073,NA,NA,NA,NA,NA,NA,NA,NA,NA,NA,NA   NA   NA   NA,NA   NA   NA   NA
SHR_2014-11-04 09:10:00,11/4/2014 9:10,SHR,2015,D,FALSE,CLD,NA,NA,14.7,1.4,122,NA,6.44,10.12,8.5,10,Low,578796,585000,6204,6204,40.81682685,40.81682685,1,BOAT/MOTOR,NA,Aquatic Non-Insects,77,Family,Hygrobatidae,Hygrobatidae,NotDetermined,1,0.024,0.024,NA,NA,NA,NA,NA,NA,NA,NA,NA,NA,NA   NA   NA   NA,NA   NA   NA   NA
SHR_2014-11-04 09:10:00,11/4/2014 9:10,SHR,2015,D,FALSE,CLD,NA,NA,14.7,1.4,122,NA,6.44,10.12,8.5,10,Low,578796,585000,6204,6204,40.81682685,40.81682685,1,BOAT/MOTOR,NA,Aquatic Non-Insects,28,Family,Lebertiidae,Lebertiidae,NotDetermined,1,0.024,0.024,NA,NA,NA,NA,NA,NA,NA,NA,NA,NA,NA   NA   NA   NA,NA   NA   NA   NA
SHR_2014-11-04 09:10:00,11/4/2014 9:10,SHR,2015,D,FALSE,CLD,NA,NA,14.7,1.4,122,NA,6.44,10.12,8.5,10,Low,578796,585000,6204,6204,40.81682685,40.81682685,1,BOAT/MOTOR,NA,Aquatic Non-Insects,120,Family,Lebertiidae,Lebertiidae,NotDetermined,1,0.024,0.024,NA,NA,NA,NA,NA,NA,NA,NA,NA,NA,NA   NA   NA   NA,NA   NA   NA   NA
SHR_2014-11-04 09:10:00,11/4/2014 9:10,SHR,2015,D,FALSE,CLD,NA,NA,14.7,1.4,122,NA,6.44,10.12,8.5,10,Low,578796,585000,6204,6204,40.81682685,40.81682685,1,BOAT/MOTOR,NA,Aquatic Non-Insects,128,Family,Mideopsidae,Mideopsidae,NotDetermined,1,0.024,0.024,NA,NA,NA,NA,NA,NA,NA,NA,NA,NA,NA   NA   NA   NA,NA   NA   NA   NA
SHR_2014-11-04 09:10:00,11/4/2014 9:10,SHR,2015,D,FALSE,CLD,NA,NA,14.7,1.4,122,NA,6.44,10.12,8.5,10,Low,578796,585000,6204,6204,40.81682685,40.81682685,1,BOAT/MOTOR,NA,Aquatic Non-Insects,123,Family,Pionidae,Pionidae,NotDetermined,1,0.024,0.024,NA,NA,NA,NA,NA,NA,NA,NA,NA,NA,NA   NA   NA   NA,NA   NA   NA   NA
SHR_2014-11-04 09:10:00,11/4/2014 9:10,SHR,2015,D,FALSE,CLD,NA,NA,14.7,1.4,122,NA,6.44,10.12,8.5,10,Low,578796,585000,6204,6204,40.81682685,40.81682685,1,BOAT/MOTOR,NA,Aquatic Non-Insects,15,Family,Hyalellidae,Hyalellidae,NotDetermined,1,0.024,0.024,NA,NA,NA,NA,NA,NA,NA,NA,NA,NA,NA   NA   NA   NA,NA   NA   NA   NA
SHR_2014-11-04 09:10:00,11/4/2014 9:10,SHR,2015,D,FALSE,CLD,NA,NA,14.7,1.4,122,NA,6.44,10.12,8.5,10,Low,578796,585000,6204,6204,40.81682685,40.81682685,1,BOAT/MOTOR,NA,Aquatic Non-Insects,168,Order,Calanoida,Calanoid,NotDetermined,1,0.024,0.024,NA,NA,NA,NA,NA,NA,NA,NA,NA,NA,NA   NA   NA   NA,NA   NA   NA   NA
SHR_2014-11-04 09:10:00,11/4/2014 9:10,SHR,2015,D,FALSE,CLD,NA,NA,14.7,1.4,122,NA,6.44,10.12,8.5,10,Low,578796,585000,6204,6204,40.81682685,40.81682685,1,BOAT/MOTOR,NA,Aquatic Non-Insects,7,Order,Cyclopoida,Cyclopoid,NotDetermined,1,0.024,0.024,NA,NA,NA,NA,NA,NA,NA,NA,NA,NA,NA   NA   NA   NA,NA   NA   NA   NA
SHR_2014-11-04 09:10:00,11/4/2014 9:10,SHR,2015,D,FALSE,CLD,NA,NA,14.7,1.4,122,NA,6.44,10.12,8.5,10,Low,578796,585000,6204,6204,40.81682685,40.81682685,1,BOAT/MOTOR,NA,Aquatic Non-Insects,154,Order,Cyclopoida,Cyclopoid,NotDetermined,1,0.024,0.024,NA,NA,NA,NA,NA,NA,NA,NA,NA,NA,NA   NA   NA   NA,NA   NA   NA   NA
SHR_2014-11-04 09:10:00,11/4/2014 9:10,SHR,2015,D,FALSE,CLD,NA,NA,14.7,1.4,122,NA,6.44,10.12,8.5,10,Low,578796,585000,6204,6204,40.81682685,40.81682685,1,BOAT/MOTOR,NA,Aquatic Non-Insects,130,Phylum,Nematoda,Nematoda,NotDetermined,1,0.024,0.024,NA,NA,NA,NA,NA,NA,NA,NA,NA,NA,NA   NA   NA   NA,NA   NA   NA   NA
SHR_2014-11-04 09:10:00,11/4/2014 9:10,SHR,2015,D,FALSE,CLD,NA,NA,14.7,1.4,122,NA,6.44,10.12,8.5,10,Low,578796,585000,6204,6204,40.81682685,40.81682685,1,BOAT/MOTOR,NA,Terrestrial Insects,63,Order,Coleoptera,Coleoptera,Adults,1,0.024,0.024,NA,NA,NA,NA,NA,NA,NA,NA,NA,NA,NA   NA   NA   NA,NA   NA   NA   NA
SHR_2014-11-04 09:10:00,11/4/2014 9:10,SHR,2015,D,FALSE,CLD,NA,NA,14.7,1.4,122,NA,6.44,10.12,8.5,10,Low,578796,585000,6204,6204,40.81682685,40.81682685,1,BOAT/MOTOR,NA,Aquatic Non-Insects,169,Suborder,Cladocera,Cladoceran,NotDetermined,1,0.024,0.024,NA,NA,NA,NA,NA,NA,NA,NA,NA,NA,NA   NA   NA   NA,NA   NA   NA   NA
STTD_2014-11-05 09:10:00,11/5/2014 9:10,STTD,2015,D,FALSE,CLR,NA,NA,15,0.15,237,NA,7.77,8.77,55.5,10,Low,575540,579000,3460,3460,22.76373644,22.76373644,1,"Jon boat and anchor used, ebb tide",NA,Aquatic Insects,34,Family,Chironomidae,Chironomidae,Pupae,2,0.088,0.088,NA,NA,NA,NA,NA,NA,NA,NA,NA,NA,NA   NA   NA   NA,NA   NA   NA   NA
STTD_2014-11-05 09:10:00,11/5/2014 9:10,STTD,2015,D,FALSE,CLR,NA,NA,15,0.15,237,NA,7.77,8.77,55.5,10,Low,575540,579000,3460,3460,22.76373644,22.76373644,1,"Jon boat and anchor used, ebb tide",NA,Aquatic Insects,34,Family,Chironomidae,Chironomidae,Adults,4,0.176,0.176,NA,NA,NA,NA,NA,NA,NA,NA,NA,NA,NA   NA   NA   NA,NA   NA   NA   NA
STTD_2014-11-05 09:10:00,11/5/2014 9:10,STTD,2015,D,FALSE,CLR,NA,NA,15,0.15,237,NA,7.77,8.77,55.5,10,Low,575540,579000,3460,3460,22.76373644,22.76373644,1,"Jon boat and anchor used, ebb tide",NA,Aquatic Non-Insects,4,Family,Naididae,Naididae,NotDetermined,2,0.088,0.088,NA,NA,NA,NA,NA,NA,NA,NA,NA,NA,NA   NA   NA   NA,NA   NA   NA   NA
STTD_2014-11-05 09:10:00,11/5/2014 9:10,STTD,2015,D,FALSE,CLR,NA,NA,15,0.15,237,NA,7.77,8.77,55.5,10,Low,575540,579000,3460,3460,22.76373644,22.76373644,1,"Jon boat and anchor used, ebb tide",NA,Aquatic Non-Insects,28,Family,Lebertiidae,Lebertiidae,NotDetermined,1,0.044,0.044,NA,NA,NA,NA,NA,NA,NA,NA,NA,NA,NA   NA   NA   NA,NA   NA   NA   NA
STTD_2014-11-05 09:10:00,11/5/2014 9:10,STTD,2015,D,FALSE,CLR,NA,NA,15,0.15,237,NA,7.77,8.77,55.5,10,Low,575540,579000,3460,3460,22.76373644,22.76373644,1,"Jon boat and anchor used, ebb tide",NA,Aquatic Non-Insects,120,Family,Lebertiidae,Lebertiidae,NotDetermined,1,0.044,0.044,NA,NA,NA,NA,NA,NA,NA,NA,NA,NA,NA   NA   NA   NA,NA   NA   NA   NA
STTD_2014-11-05 09:10:00,11/5/2014 9:10,STTD,2015,D,FALSE,CLR,NA,NA,15,0.15,237,NA,7.77,8.77,55.5,10,Low,575540,579000,3460,3460,22.76373644,22.76373644,1,"Jon boat and anchor used, ebb tide",NA,Aquatic Non-Insects,15,Family,Hyalellidae,Hyalellidae,NotDetermined,1,0.044,0.044,NA,NA,NA,NA,NA,NA,NA,NA,NA,NA,NA   NA   NA   NA,NA   NA   NA   NA
STTD_2014-11-05 09:10:00,11/5/2014 9:10,STTD,2015,D,FALSE,CLR,NA,NA,15,0.15,237,NA,7.77,8.77,55.5,10,Low,575540,579000,3460,3460,22.76373644,22.76373644,1,"Jon boat and anchor used, ebb tide",NA,Terrestrial Insects,63,Order,Coleoptera,Coleoptera,Adults,1,0.044,0.044,NA,NA,NA,NA,NA,NA,NA,NA,NA,NA,NA   NA   NA   NA,NA   NA   NA   NA
STTD_2014-11-05 09:10:00,11/5/2014 9:10,STTD,2015,D,FALSE,CLR,NA,NA,15,0.15,237,NA,7.77,8.77,55.5,10,Low,575540,579000,3460,3460,22.76373644,22.76373644,1,"Jon boat and anchor used, ebb tide",NA,Terrestrial Insects,64,Order,Diptera,Diptera,Adults,2,0.088,0.088,NA,NA,NA,NA,NA,NA,NA,NA,NA,NA,NA   NA   NA   NA,NA   NA   NA   NA
STTD_2014-11-05 09:10:00,11/5/2014 9:10,STTD,2015,D,FALSE,CLR,NA,NA,15,0.15,237,NA,7.77,8.77,55.5,10,Low,575540,579000,3460,3460,22.76373644,22.76373644,1,"Jon boat and anchor used, ebb tide",NA,Terrestrial Insects,71,Order,Hemiptera,Hemiptera,Larvae,10,0.439,0.439,NA,NA,NA,NA,NA,NA,NA,NA,NA,NA,NA   NA   NA   NA,NA   NA   NA   NA
STTD_2014-11-05 09:10:00,11/5/2014 9:10,STTD,2015,D,FALSE,CLR,NA,NA,15,0.15,237,NA,7.77,8.77,55.5,10,Low,575540,579000,3460,3460,22.76373644,22.76373644,1,"Jon boat and anchor used, ebb tide",NA,Terrestrial Non-Insects,68,Order,Collembola,Collembola,NotDetermined,3,0.132,0.132,NA,NA,NA,NA,NA,NA,NA,NA,NA,NA,NA   NA   NA   NA,NA   NA   NA   NA
STTD_2014-11-05 09:10:00,11/5/2014 9:10,STTD,2015,D,FALSE,CLR,NA,NA,15,0.15,237,NA,7.77,8.77,55.5,10,Low,575540,579000,3460,3460,22.76373644,22.76373644,1,"Jon boat and anchor used, ebb tide",NA,Terrestrial Insects,66,Order,Hymenoptera,Hymenoptera,Adults,2,0.088,0.088,NA,NA,NA,NA,NA,NA,NA,NA,NA,NA,NA   NA   NA   NA,NA   NA   NA   NA
STTD_2014-11-05 09:10:00,11/5/2014 9:10,STTD,2015,D,FALSE,CLR,NA,NA,15,0.15,237,NA,7.77,8.77,55.5,10,Low,575540,579000,3460,3460,22.76373644,22.76373644,1,"Jon boat and anchor used, ebb tide",NA,Terrestrial Insects,67,Order,Psocoptera,Psocoptera,Larvae,1,0.044,0.044,NA,NA,NA,NA,NA,NA,NA,NA,NA,NA,NA   NA   NA   NA,NA   NA   NA   NA
STTD_2014-11-05 09:10:00,11/5/2014 9:10,STTD,2015,D,FALSE,CLR,NA,NA,15,0.15,237,NA,7.77,8.77,55.5,10,Low,575540,579000,3460,3460,22.76373644,22.76373644,1,"Jon boat and anchor used, ebb tide",NA,Terrestrial Non-Insects,57,Subclass,Acari,Acari,NotDetermined,1,0.044,0.044,NA,NA,NA,NA,NA,NA,NA,NA,NA,NA,NA   NA   NA   NA,NA   NA   NA   NA
STTD_2014-11-05 09:10:00,11/5/2014 9:10,STTD,2015,D,FALSE,CLR,NA,NA,15,0.15,237,NA,7.77,8.77,55.5,10,Low,575540,579000,3460,3460,22.76373644,22.76373644,1,"Jon boat and anchor used, ebb tide",NA,Terrestrial Non-Insects,157,Order,Araneae,Araneae,NotDetermined,7,0.308,0.308,NA,NA,NA,NA,NA,NA,NA,NA,NA,NA,NA   NA   NA   NA,NA   NA   NA   NA
STTD_2014-11-05 09:10:00,11/5/2014 9:10,STTD,2015,D,FALSE,CLR,NA,NA,15,0.15,237,NA,7.77,8.77,55.5,10,Low,575540,579000,3460,3460,22.76373644,22.76373644,1,"Jon boat and anchor used, ebb tide",NA,Aquatic Non-Insects,169,Suborder,Cladocera,Cladoceran,NotDetermined,1,0.044,0.044,NA,NA,NA,NA,NA,NA,NA,NA,NA,NA,NA   NA   NA   NA,NA   NA   NA   NA
SHR_2014-11-18 08:49:00,11/18/2014 8:49,SHR,2015,D,FALSE,CLD,NA,1,13.3,1.7,132,NA,7.98,10.73,4.78,10,Low,570536,575000,4464,4464,29.36916748,29.36916748,1,"Jet boat used, ebb",NA,Aquatic Insects,34,Family,Chironomidae,Chironomidae,Larvae,1,0.034,0.034,NA,NA,NA,NA,NA,NA,NA,NA,NA,NA,NA   NA   NA   NA,NA   NA   NA   NA
SHR_2014-11-18 08:49:00,11/18/2014 8:49,SHR,2015,D,FALSE,CLD,NA,1,13.3,1.7,132,NA,7.98,10.73,4.78,10,Low,570536,575000,4464,4464,29.36916748,29.36916748,1,"Jet boat used, ebb",NA,Aquatic Insects,34,Family,Chironomidae,Chironomidae,Adults,3,0.102,0.102,NA,NA,NA,NA,NA,NA,NA,NA,NA,NA,NA   NA   NA   NA,NA   NA   NA   NA
SHR_2014-11-18 08:49:00,11/18/2014 8:49,SHR,2015,D,FALSE,CLD,NA,1,13.3,1.7,132,NA,7.98,10.73,4.78,10,Low,570536,575000,4464,4464,29.36916748,29.36916748,1,"Jet boat used, ebb",NA,Aquatic Non-Insects,4,Family,Naididae,Naididae,NotDetermined,1,0.034,0.034,NA,NA,NA,NA,NA,NA,NA,NA,NA,NA,NA   NA   NA   NA,NA   NA   NA   NA
SHR_2014-11-18 08:49:00,11/18/2014 8:49,SHR,2015,D,FALSE,CLD,NA,1,13.3,1.7,132,NA,7.98,10.73,4.78,10,Low,570536,575000,4464,4464,29.36916748,29.36916748,1,"Jet boat used, ebb",NA,Aquatic Non-Insects,28,Family,Lebertiidae,Lebertiidae,NotDetermined,3,0.102,0.102,NA,NA,NA,NA,NA,NA,NA,NA,NA,NA,NA   NA   NA   NA,NA   NA   NA   NA
SHR_2014-11-18 08:49:00,11/18/2014 8:49,SHR,2015,D,FALSE,CLD,NA,1,13.3,1.7,132,NA,7.98,10.73,4.78,10,Low,570536,575000,4464,4464,29.36916748,29.36916748,1,"Jet boat used, ebb",NA,Aquatic Non-Insects,120,Family,Lebertiidae,Lebertiidae,NotDetermined,3,0.102,0.102,NA,NA,NA,NA,NA,NA,NA,NA,NA,NA,NA   NA   NA   NA,NA   NA   NA   NA
SHR_2014-11-18 08:49:00,11/18/2014 8:49,SHR,2015,D,FALSE,CLD,NA,1,13.3,1.7,132,NA,7.98,10.73,4.78,10,Low,570536,575000,4464,4464,29.36916748,29.36916748,1,"Jet boat used, ebb",NA,Aquatic Non-Insects,168,Order,Calanoida,Calanoid,NotDetermined,2,0.068,0.068,NA,NA,NA,NA,NA,NA,NA,NA,NA,NA,NA   NA   NA   NA,NA   NA   NA   NA
SHR_2014-11-18 08:49:00,11/18/2014 8:49,SHR,2015,D,FALSE,CLD,NA,1,13.3,1.7,132,NA,7.98,10.73,4.78,10,Low,570536,575000,4464,4464,29.36916748,29.36916748,1,"Jet boat used, ebb",NA,Aquatic Non-Insects,7,Order,Cyclopoida,Cyclopoid,NotDetermined,1,0.034,0.034,NA,NA,NA,NA,NA,NA,NA,NA,NA,NA,NA   NA   NA   NA,NA   NA   NA   NA
SHR_2014-11-18 08:49:00,11/18/2014 8:49,SHR,2015,D,FALSE,CLD,NA,1,13.3,1.7,132,NA,7.98,10.73,4.78,10,Low,570536,575000,4464,4464,29.36916748,29.36916748,1,"Jet boat used, ebb",NA,Aquatic Non-Insects,154,Order,Cyclopoida,Cyclopoid,NotDetermined,1,0.034,0.034,NA,NA,NA,NA,NA,NA,NA,NA,NA,NA,NA   NA   NA   NA,NA   NA   NA   NA
SHR_2014-11-18 08:49:00,11/18/2014 8:49,SHR,2015,D,FALSE,CLD,NA,1,13.3,1.7,132,NA,7.98,10.73,4.78,10,Low,570536,575000,4464,4464,29.36916748,29.36916748,1,"Jet boat used, ebb",NA,Terrestrial Insects,63,Order,Coleoptera,Coleoptera,Larvae,3,0.102,0.102,NA,NA,NA,NA,NA,NA,NA,NA,NA,NA,NA   NA   NA   NA,NA   NA   NA   NA
SHR_2014-11-18 08:49:00,11/18/2014 8:49,SHR,2015,D,FALSE,CLD,NA,1,13.3,1.7,132,NA,7.98,10.73,4.78,10,Low,570536,575000,4464,4464,29.36916748,29.36916748,1,"Jet boat used, ebb",NA,Terrestrial Insects,63,Order,Coleoptera,Coleoptera,Adults,2,0.068,0.068,NA,NA,NA,NA,NA,NA,NA,NA,NA,NA,NA   NA   NA   NA,NA   NA   NA   NA
STTD_2014-11-19 08:21:00,11/19/2014 8:21,STTD,2015,D,FALSE,RAN,NA,1,12.3,0.22,243,NA,7.93,9.84,53.4,10,Low,567571,570000,2429,2429,15.98066931,15.98066931,1,"Ebb tide, anchored",NA,Aquatic Insects,34,Family,Chironomidae,Chironomidae,Adults,1,0.063,0.063,NA,NA,NA,NA,NA,NA,NA,NA,NA,NA,NA   NA   NA   NA,NA   NA   NA   NA
STTD_2014-11-19 08:21:00,11/19/2014 8:21,STTD,2015,D,FALSE,RAN,NA,1,12.3,0.22,243,NA,7.93,9.84,53.4,10,Low,567571,570000,2429,2429,15.98066931,15.98066931,1,"Ebb tide, anchored",NA,Aquatic Insects,95,Family,Veliidae,Veliidae,Larvae,2,0.125,0.125,NA,NA,NA,NA,NA,NA,NA,NA,NA,NA,NA   NA   NA   NA,NA   NA   NA   NA
STTD_2014-11-19 08:21:00,11/19/2014 8:21,STTD,2015,D,FALSE,RAN,NA,1,12.3,0.22,243,NA,7.93,9.84,53.4,10,Low,567571,570000,2429,2429,15.98066931,15.98066931,1,"Ebb tide, anchored",NA,Aquatic Non-Insects,168,Order,Calanoida,Calanoid,NotDetermined,1,0.063,0.063,NA,NA,NA,NA,NA,NA,NA,NA,NA,NA,NA   NA   NA   NA,NA   NA   NA   NA
STTD_2014-11-19 08:21:00,11/19/2014 8:21,STTD,2015,D,FALSE,RAN,NA,1,12.3,0.22,243,NA,7.93,9.84,53.4,10,Low,567571,570000,2429,2429,15.98066931,15.98066931,1,"Ebb tide, anchored",NA,Aquatic Non-Insects,7,Order,Cyclopoida,Cyclopoid,NotDetermined,2,0.125,0.125,NA,NA,NA,NA,NA,NA,NA,NA,NA,NA,NA   NA   NA   NA,NA   NA   NA   NA
STTD_2014-11-19 08:21:00,11/19/2014 8:21,STTD,2015,D,FALSE,RAN,NA,1,12.3,0.22,243,NA,7.93,9.84,53.4,10,Low,567571,570000,2429,2429,15.98066931,15.98066931,1,"Ebb tide, anchored",NA,Aquatic Non-Insects,154,Order,Cyclopoida,Cyclopoid,NotDetermined,2,0.125,0.125,NA,NA,NA,NA,NA,NA,NA,NA,NA,NA,NA   NA   NA   NA,NA   NA   NA   NA
STTD_2014-11-19 08:21:00,11/19/2014 8:21,STTD,2015,D,FALSE,RAN,NA,1,12.3,0.22,243,NA,7.93,9.84,53.4,10,Low,567571,570000,2429,2429,15.98066931,15.98066931,1,"Ebb tide, anchored",NA,Terrestrial Insects,63,Order,Coleoptera,Coleoptera,Adults,1,0.063,0.063,NA,NA,NA,NA,NA,NA,NA,NA,NA,NA,NA   NA   NA   NA,NA   NA   NA   NA
STTD_2014-11-19 08:21:00,11/19/2014 8:21,STTD,2015,D,FALSE,RAN,NA,1,12.3,0.22,243,NA,7.93,9.84,53.4,10,Low,567571,570000,2429,2429,15.98066931,15.98066931,1,"Ebb tide, anchored",NA,Terrestrial Insects,71,Order,Hemiptera,Hemiptera,Larvae,4,0.25,0.25,NA,NA,NA,NA,NA,NA,NA,NA,NA,NA,NA   NA   NA   NA,NA   NA   NA   NA
STTD_2014-11-19 08:21:00,11/19/2014 8:21,STTD,2015,D,FALSE,RAN,NA,1,12.3,0.22,243,NA,7.93,9.84,53.4,10,Low,567571,570000,2429,2429,15.98066931,15.98066931,1,"Ebb tide, anchored",NA,Terrestrial Non-Insects,68,Order,Collembola,Collembola,NotDetermined,4,0.25,0.25,NA,NA,NA,NA,NA,NA,NA,NA,NA,NA,NA   NA   NA   NA,NA   NA   NA   NA
STTD_2014-11-19 08:21:00,11/19/2014 8:21,STTD,2015,D,FALSE,RAN,NA,1,12.3,0.22,243,NA,7.93,9.84,53.4,10,Low,567571,570000,2429,2429,15.98066931,15.98066931,1,"Ebb tide, anchored",NA,Terrestrial Insects,66,Order,Hymenoptera,Hymenoptera,Adults,1,0.063,0.063,NA,NA,NA,NA,NA,NA,NA,NA,NA,NA,NA   NA   NA   NA,NA   NA   NA   NA
STTD_2014-11-19 08:21:00,11/19/2014 8:21,STTD,2015,D,FALSE,RAN,NA,1,12.3,0.22,243,NA,7.93,9.84,53.4,10,Low,567571,570000,2429,2429,15.98066931,15.98066931,1,"Ebb tide, anchored",NA,Terrestrial Non-Insects,57,Subclass,Acari,Acari,NotDetermined,1,0.063,0.063,NA,NA,NA,NA,NA,NA,NA,NA,NA,NA,NA   NA   NA   NA,NA   NA   NA   NA
SHR_2014-12-03 08:45:00,12/3/2014 8:45,SHR,2015,D,FALSE,RAN,NA,1,13,0.8,145,NA,7.97,10,17.2,10,Low,561737,567460,5723,5723,37.65227274,37.65227274,1,NA,NA,Aquatic Insects,37,Family,Psychodidae,Psychodidae,Larvae,1,0.027,0.027,NA,NA,NA,NA,NA,NA,NA,NA,NA,NA,NA   NA   NA   NA,NA   NA   NA   NA
SHR_2014-12-03 08:45:00,12/3/2014 8:45,SHR,2015,D,FALSE,RAN,NA,1,13,0.8,145,NA,7.97,10,17.2,10,Low,561737,567460,5723,5723,37.65227274,37.65227274,1,NA,NA,Aquatic Insects,37,Family,Psychodidae,Psychodidae,Pupae,1,0.027,0.027,NA,NA,NA,NA,NA,NA,NA,NA,NA,NA,NA   NA   NA   NA,NA   NA   NA   NA
SHR_2014-12-03 08:45:00,12/3/2014 8:45,SHR,2015,D,FALSE,RAN,NA,1,13,0.8,145,NA,7.97,10,17.2,10,Low,561737,567460,5723,5723,37.65227274,37.65227274,1,NA,NA,Aquatic Insects,39,Family,Tipulidae,Tipulidae,Larvae,5,0.133,0.133,NA,NA,NA,NA,NA,NA,NA,NA,NA,NA,NA   NA   NA   NA,NA   NA   NA   NA
SHR_2014-12-03 08:45:00,12/3/2014 8:45,SHR,2015,D,FALSE,RAN,NA,1,13,0.8,145,NA,7.97,10,17.2,10,Low,561737,567460,5723,5723,37.65227274,37.65227274,1,NA,NA,Aquatic Insects,34,Family,Chironomidae,Chironomidae,Adults,1,0.027,0.027,NA,NA,NA,NA,NA,NA,NA,NA,NA,NA,NA   NA   NA   NA,NA   NA   NA   NA
SHR_2014-12-03 08:45:00,12/3/2014 8:45,SHR,2015,D,FALSE,RAN,NA,1,13,0.8,145,NA,7.97,10,17.2,10,Low,561737,567460,5723,5723,37.65227274,37.65227274,1,NA,NA,Aquatic Insects,46,Family,Coenagrionidae,Coenagrionidae,Larvae,2,0.053,0.053,NA,NA,NA,NA,NA,NA,NA,NA,NA,NA,NA   NA   NA   NA,NA   NA   NA   NA
SHR_2014-12-03 08:45:00,12/3/2014 8:45,SHR,2015,D,FALSE,RAN,NA,1,13,0.8,145,NA,7.97,10,17.2,10,Low,561737,567460,5723,5723,37.65227274,37.65227274,1,NA,NA,Aquatic Insects,56,Family,Leptoceridae,Leptoceridae,Larvae,1,0.027,0.027,NA,NA,NA,NA,NA,NA,NA,NA,NA,NA,NA   NA   NA   NA,NA   NA   NA   NA
SHR_2014-12-03 08:45:00,12/3/2014 8:45,SHR,2015,D,FALSE,RAN,NA,1,13,0.8,145,NA,7.97,10,17.2,10,Low,561737,567460,5723,5723,37.65227274,37.65227274,1,NA,NA,Aquatic Non-Insects,77,Family,Hygrobatidae,Hygrobatidae,NotDetermined,9,0.239,0.239,NA,NA,NA,NA,NA,NA,NA,NA,NA,NA,NA   NA   NA   NA,NA   NA   NA   NA
SHR_2014-12-03 08:45:00,12/3/2014 8:45,SHR,2015,D,FALSE,RAN,NA,1,13,0.8,145,NA,7.97,10,17.2,10,Low,561737,567460,5723,5723,37.65227274,37.65227274,1,NA,NA,Aquatic Non-Insects,28,Family,Lebertiidae,Lebertiidae,NotDetermined,4,0.106,0.106,NA,NA,NA,NA,NA,NA,NA,NA,NA,NA,NA   NA   NA   NA,NA   NA   NA   NA
SHR_2014-12-03 08:45:00,12/3/2014 8:45,SHR,2015,D,FALSE,RAN,NA,1,13,0.8,145,NA,7.97,10,17.2,10,Low,561737,567460,5723,5723,37.65227274,37.65227274,1,NA,NA,Aquatic Non-Insects,120,Family,Lebertiidae,Lebertiidae,NotDetermined,4,0.106,0.106,NA,NA,NA,NA,NA,NA,NA,NA,NA,NA,NA   NA   NA   NA,NA   NA   NA   NA
SHR_2014-12-03 08:45:00,12/3/2014 8:45,SHR,2015,D,FALSE,RAN,NA,1,13,0.8,145,NA,7.97,10,17.2,10,Low,561737,567460,5723,5723,37.65227274,37.65227274,1,NA,NA,Aquatic Non-Insects,9,Family,Corophiidae,Corophiidae,NotDetermined,1,0.027,0.027,NA,NA,NA,NA,NA,NA,NA,NA,NA,NA,NA   NA   NA   NA,NA   NA   NA   NA
SHR_2014-12-03 08:45:00,12/3/2014 8:45,SHR,2015,D,FALSE,RAN,NA,1,13,0.8,145,NA,7.97,10,17.2,10,Low,561737,567460,5723,5723,37.65227274,37.65227274,1,NA,NA,Aquatic Non-Insects,10,Family,Crangonyctidae,Crangonyctidae,NotDetermined,2,0.053,0.053,NA,NA,NA,NA,NA,NA,NA,NA,NA,NA,NA   NA   NA   NA,NA   NA   NA   NA
SHR_2014-12-03 08:45:00,12/3/2014 8:45,SHR,2015,D,FALSE,RAN,NA,1,13,0.8,145,NA,7.97,10,17.2,10,Low,561737,567460,5723,5723,37.65227274,37.65227274,1,NA,NA,Aquatic Non-Insects,15,Family,Hyalellidae,Hyalellidae,NotDetermined,15,0.398,0.398,NA,NA,NA,NA,NA,NA,NA,NA,NA,NA,NA   NA   NA   NA,NA   NA   NA   NA
SHR_2014-12-03 08:45:00,12/3/2014 8:45,SHR,2015,D,FALSE,RAN,NA,1,13,0.8,145,NA,7.97,10,17.2,10,Low,561737,567460,5723,5723,37.65227274,37.65227274,1,NA,NA,Aquatic Non-Insects,168,Order,Calanoida,Calanoid,NotDetermined,7,0.186,0.186,NA,NA,NA,NA,NA,NA,NA,NA,NA,NA,NA   NA   NA   NA,NA   NA   NA   NA
SHR_2014-12-03 08:45:00,12/3/2014 8:45,SHR,2015,D,FALSE,RAN,NA,1,13,0.8,145,NA,7.97,10,17.2,10,Low,561737,567460,5723,5723,37.65227274,37.65227274,1,NA,NA,Aquatic Non-Insects,7,Order,Cyclopoida,Cyclopoid,NotDetermined,7,0.186,0.186,NA,NA,NA,NA,NA,NA,NA,NA,NA,NA,NA   NA   NA   NA,NA   NA   NA   NA
SHR_2014-12-03 08:45:00,12/3/2014 8:45,SHR,2015,D,FALSE,RAN,NA,1,13,0.8,145,NA,7.97,10,17.2,10,Low,561737,567460,5723,5723,37.65227274,37.65227274,1,NA,NA,Aquatic Non-Insects,154,Order,Cyclopoida,Cyclopoid,NotDetermined,7,0.186,0.186,NA,NA,NA,NA,NA,NA,NA,NA,NA,NA,NA   NA   NA   NA,NA   NA   NA   NA
SHR_2014-12-03 08:45:00,12/3/2014 8:45,SHR,2015,D,FALSE,RAN,NA,1,13,0.8,145,NA,7.97,10,17.2,10,Low,561737,567460,5723,5723,37.65227274,37.65227274,1,NA,NA,Aquatic Non-Insects,20,Family,Physidae,Physidae,NotDetermined,1,0.027,0.027,NA,NA,NA,NA,NA,NA,NA,NA,NA,NA,NA   NA   NA   NA,NA   NA   NA   NA
SHR_2014-12-03 08:45:00,12/3/2014 8:45,SHR,2015,D,FALSE,RAN,NA,1,13,0.8,145,NA,7.97,10,17.2,10,Low,561737,567460,5723,5723,37.65227274,37.65227274,1,NA,NA,Terrestrial Insects,63,Order,Coleoptera,Coleoptera,Larvae,10,0.266,0.266,NA,NA,NA,NA,NA,NA,NA,NA,NA,NA,NA   NA   NA   NA,NA   NA   NA   NA
SHR_2014-12-03 08:45:00,12/3/2014 8:45,SHR,2015,D,FALSE,RAN,NA,1,13,0.8,145,NA,7.97,10,17.2,10,Low,561737,567460,5723,5723,37.65227274,37.65227274,1,NA,NA,Terrestrial Insects,63,Order,Coleoptera,Coleoptera,Adults,9,0.239,0.239,NA,NA,NA,NA,NA,NA,NA,NA,NA,NA,NA   NA   NA   NA,NA   NA   NA   NA
SHR_2014-12-03 08:45:00,12/3/2014 8:45,SHR,2015,D,FALSE,RAN,NA,1,13,0.8,145,NA,7.97,10,17.2,10,Low,561737,567460,5723,5723,37.65227274,37.65227274,1,NA,NA,Terrestrial Insects,64,Order,Diptera,Diptera,Pupae,2,0.053,0.053,NA,NA,NA,NA,NA,NA,NA,NA,NA,NA,NA   NA   NA   NA,NA   NA   NA   NA
SHR_2014-12-03 08:45:00,12/3/2014 8:45,SHR,2015,D,FALSE,RAN,NA,1,13,0.8,145,NA,7.97,10,17.2,10,Low,561737,567460,5723,5723,37.65227274,37.65227274,1,NA,NA,Terrestrial Insects,71,Order,Hemiptera,Hemiptera,Adults,2,0.053,0.053,NA,NA,NA,NA,NA,NA,NA,NA,NA,NA,NA   NA   NA   NA,NA   NA   NA   NA
SHR_2014-12-03 08:45:00,12/3/2014 8:45,SHR,2015,D,FALSE,RAN,NA,1,13,0.8,145,NA,7.97,10,17.2,10,Low,561737,567460,5723,5723,37.65227274,37.65227274,1,NA,NA,Terrestrial Insects,73,Order,Lepidoptera,Lepidoptera,Larvae,1,0.027,0.027,NA,NA,NA,NA,NA,NA,NA,NA,NA,NA,NA   NA   NA   NA,NA   NA   NA   NA
SHR_2014-12-03 08:45:00,12/3/2014 8:45,SHR,2015,D,FALSE,RAN,NA,1,13,0.8,145,NA,7.97,10,17.2,10,Low,561737,567460,5723,5723,37.65227274,37.65227274,1,NA,NA,Terrestrial Non-Insects,68,Order,Collembola,Collembola,NotDetermined,2,0.053,0.053,NA,NA,NA,NA,NA,NA,NA,NA,NA,NA,NA   NA   NA   NA,NA   NA   NA   NA
SHR_2014-12-03 08:45:00,12/3/2014 8:45,SHR,2015,D,FALSE,RAN,NA,1,13,0.8,145,NA,7.97,10,17.2,10,Low,561737,567460,5723,5723,37.65227274,37.65227274,1,NA,NA,Terrestrial Insects,69,Order,Dermaptera,Dermaptera,Larvae,2,0.053,0.053,NA,NA,NA,NA,NA,NA,NA,NA,NA,NA,NA   NA   NA   NA,NA   NA   NA   NA
SHR_2014-12-03 08:45:00,12/3/2014 8:45,SHR,2015,D,FALSE,RAN,NA,1,13,0.8,145,NA,7.97,10,17.2,10,Low,561737,567460,5723,5723,37.65227274,37.65227274,1,NA,NA,Terrestrial Insects,66,Order,Hymenoptera,Hymenoptera,Adults,4,0.106,0.106,NA,NA,NA,NA,NA,NA,NA,NA,NA,NA,NA   NA   NA   NA,NA   NA   NA   NA
SHR_2014-12-03 08:45:00,12/3/2014 8:45,SHR,2015,D,FALSE,RAN,NA,1,13,0.8,145,NA,7.97,10,17.2,10,Low,561737,567460,5723,5723,37.65227274,37.65227274,1,NA,NA,Terrestrial Insects,67,Order,Psocoptera,Psocoptera,Adults,2,0.053,0.053,NA,NA,NA,NA,NA,NA,NA,NA,NA,NA,NA   NA   NA   NA,NA   NA   NA   NA
SHR_2014-12-03 08:45:00,12/3/2014 8:45,SHR,2015,D,FALSE,RAN,NA,1,13,0.8,145,NA,7.97,10,17.2,10,Low,561737,567460,5723,5723,37.65227274,37.65227274,1,NA,NA,Terrestrial Non-Insects,57,Subclass,Acari,Acari,NotDetermined,1,0.027,0.027,NA,NA,NA,NA,NA,NA,NA,NA,NA,NA,NA   NA   NA   NA,NA   NA   NA   NA
SHR_2014-12-03 08:45:00,12/3/2014 8:45,SHR,2015,D,FALSE,RAN,NA,1,13,0.8,145,NA,7.97,10,17.2,10,Low,561737,567460,5723,5723,37.65227274,37.65227274,1,NA,NA,Terrestrial Non-Insects,126,Class,Gastropoda,Gastropoda,NotDetermined,1,0.027,0.027,NA,NA,NA,NA,NA,NA,NA,NA,NA,NA,NA   NA   NA   NA,NA   NA   NA   NA
STTD_2014-12-04 09:31:00,12/4/2014 9:31,STTD,2015,D,FALSE,CLD,NA,1,13.3,0.18,484,NA,7.84,8.07,71.7,10,Low,557747,561700,3953,3953,26.00723993,26.00723993,1,+1 SILVERSIDE RELEASED,NA,Aquatic Insects,44,Family,Corixidae,Corixidae,Larvae,2,0.077,0.077,NA,NA,NA,NA,NA,NA,NA,NA,NA,NA,NA   NA   NA   NA,NA   NA   NA   NA
STTD_2014-12-04 09:31:00,12/4/2014 9:31,STTD,2015,D,FALSE,CLD,NA,1,13.3,0.18,484,NA,7.84,8.07,71.7,10,Low,557747,561700,3953,3953,26.00723993,26.00723993,1,+1 SILVERSIDE RELEASED,NA,Aquatic Insects,44,Family,Corixidae,Corixidae,Adults,1,0.038,0.038,NA,NA,NA,NA,NA,NA,NA,NA,NA,NA,NA   NA   NA   NA,NA   NA   NA   NA
STTD_2014-12-04 09:31:00,12/4/2014 9:31,STTD,2015,D,FALSE,CLD,NA,1,13.3,0.18,484,NA,7.84,8.07,71.7,10,Low,557747,561700,3953,3953,26.00723993,26.00723993,1,+1 SILVERSIDE RELEASED,NA,Aquatic Non-Insects,11,Family,Gammaridae,Gammaridae,NotDetermined,1,0.038,0.038,NA,NA,NA,NA,NA,NA,NA,NA,NA,NA,NA   NA   NA   NA,NA   NA   NA   NA
STTD_2014-12-04 09:31:00,12/4/2014 9:31,STTD,2015,D,FALSE,CLD,NA,1,13.3,0.18,484,NA,7.84,8.07,71.7,10,Low,557747,561700,3953,3953,26.00723993,26.00723993,1,+1 SILVERSIDE RELEASED,NA,Aquatic Non-Insects,140,Order,Decapoda,Decapod,NotDetermined,2,0.077,0.077,NA,NA,NA,NA,NA,NA,NA,NA,NA,NA,NA   NA   NA   NA,NA   NA   NA   NA
STTD_2014-12-04 09:31:00,12/4/2014 9:31,STTD,2015,D,FALSE,CLD,NA,1,13.3,0.18,484,NA,7.84,8.07,71.7,10,Low,557747,561700,3953,3953,26.00723993,26.00723993,1,+1 SILVERSIDE RELEASED,NA,Aquatic Non-Insects,168,Order,Calanoida,Calanoid,NotDetermined,1,0.038,0.038,NA,NA,NA,NA,NA,NA,NA,NA,NA,NA,NA   NA   NA   NA,NA   NA   NA   NA
STTD_2014-12-04 09:31:00,12/4/2014 9:31,STTD,2015,D,FALSE,CLD,NA,1,13.3,0.18,484,NA,7.84,8.07,71.7,10,Low,557747,561700,3953,3953,26.00723993,26.00723993,1,+1 SILVERSIDE RELEASED,NA,Aquatic Non-Insects,7,Order,Cyclopoida,Cyclopoid,NotDetermined,20,0.769,0.769,NA,NA,NA,NA,NA,NA,NA,NA,NA,NA,NA   NA   NA   NA,NA   NA   NA   NA
STTD_2014-12-04 09:31:00,12/4/2014 9:31,STTD,2015,D,FALSE,CLD,NA,1,13.3,0.18,484,NA,7.84,8.07,71.7,10,Low,557747,561700,3953,3953,26.00723993,26.00723993,1,+1 SILVERSIDE RELEASED,NA,Aquatic Non-Insects,154,Order,Cyclopoida,Cyclopoid,NotDetermined,20,0.769,0.769,NA,NA,NA,NA,NA,NA,NA,NA,NA,NA,NA   NA   NA   NA,NA   NA   NA   NA
STTD_2014-12-04 09:31:00,12/4/2014 9:31,STTD,2015,D,FALSE,CLD,NA,1,13.3,0.18,484,NA,7.84,8.07,71.7,10,Low,557747,561700,3953,3953,26.00723993,26.00723993,1,+1 SILVERSIDE RELEASED,NA,Aquatic Non-Insects,106,Family,Lymnaeidae,Lymnaeidae,NotDetermined,1,0.038,0.038,NA,NA,NA,NA,NA,NA,NA,NA,NA,NA,NA   NA   NA   NA,NA   NA   NA   NA
STTD_2014-12-04 09:31:00,12/4/2014 9:31,STTD,2015,D,FALSE,CLD,NA,1,13.3,0.18,484,NA,7.84,8.07,71.7,10,Low,557747,561700,3953,3953,26.00723993,26.00723993,1,+1 SILVERSIDE RELEASED,NA,Aquatic Non-Insects,152,Class,Turbellaria,Other Turbellaria,NotDetermined,1,0.038,0.038,NA,NA,NA,NA,NA,NA,NA,NA,NA,NA,NA   NA   NA   NA,NA   NA   NA   NA
STTD_2014-12-04 09:31:00,12/4/2014 9:31,STTD,2015,D,FALSE,CLD,NA,1,13.3,0.18,484,NA,7.84,8.07,71.7,10,Low,557747,561700,3953,3953,26.00723993,26.00723993,1,+1 SILVERSIDE RELEASED,NA,Terrestrial Insects,63,Order,Coleoptera,Coleoptera,Adults,3,0.115,0.115,NA,NA,NA,NA,NA,NA,NA,NA,NA,NA,NA   NA   NA   NA,NA   NA   NA   NA
STTD_2014-12-04 09:31:00,12/4/2014 9:31,STTD,2015,D,FALSE,CLD,NA,1,13.3,0.18,484,NA,7.84,8.07,71.7,10,Low,557747,561700,3953,3953,26.00723993,26.00723993,1,+1 SILVERSIDE RELEASED,NA,Terrestrial Non-Insects,68,Order,Collembola,Collembola,NotDetermined,9,0.346,0.346,NA,NA,NA,NA,NA,NA,NA,NA,NA,NA,NA   NA   NA   NA,NA   NA   NA   NA
STTD_2014-12-04 09:31:00,12/4/2014 9:31,STTD,2015,D,FALSE,CLD,NA,1,13.3,0.18,484,NA,7.84,8.07,71.7,10,Low,557747,561700,3953,3953,26.00723993,26.00723993,1,+1 SILVERSIDE RELEASED,NA,Terrestrial Insects,85,Order,Thysanoptera,Thysanoptera,Adults,1,0.038,0.038,NA,NA,NA,NA,NA,NA,NA,NA,NA,NA,NA   NA   NA   NA,NA   NA   NA   NA
STTD_2014-12-04 09:31:00,12/4/2014 9:31,STTD,2015,D,FALSE,CLD,NA,1,13.3,0.18,484,NA,7.84,8.07,71.7,10,Low,557747,561700,3953,3953,26.00723993,26.00723993,1,+1 SILVERSIDE RELEASED,NA,Terrestrial Non-Insects,57,Subclass,Acari,Acari,NotDetermined,1,0.038,0.038,NA,NA,NA,NA,NA,NA,NA,NA,NA,NA,NA   NA   NA   NA,NA   NA   NA   NA
STTD_2014-12-04 09:31:00,12/4/2014 9:31,STTD,2015,D,FALSE,CLD,NA,1,13.3,0.18,484,NA,7.84,8.07,71.7,10,Low,557747,561700,3953,3953,26.00723993,26.00723993,1,+1 SILVERSIDE RELEASED,NA,Terrestrial Non-Insects,157,Order,Araneae,Araneae,NotDetermined,1,0.038,0.038,NA,NA,NA,NA,NA,NA,NA,NA,NA,NA,NA   NA   NA   NA,NA   NA   NA   NA
STTD_2014-12-04 09:31:00,12/4/2014 9:31,STTD,2015,D,FALSE,CLD,NA,1,13.3,0.18,484,NA,7.84,8.07,71.7,10,Low,557747,561700,3953,3953,26.00723993,26.00723993,1,+1 SILVERSIDE RELEASED,NA,Aquatic Non-Insects,169,Suborder,Cladocera,Cladoceran,NotDetermined,2,0.077,0.077,NA,NA,NA,NA,NA,NA,NA,NA,NA,NA,NA   NA   NA   NA,NA   NA   NA   NA
SHR_2014-12-17 07:46:00,12/17/2014 7:46,SHR,2015,D,FALSE,RAN,NA,1,11.3,0.13,107,NA,7.92,9.32,117.3,10,Low,554127,560000,5873,5873,38.63913992,38.63913992,1,FROM SHR HARBOR BOAT DOCK,NA,Aquatic Insects,34,Family,Chironomidae,Chironomidae,Larvae,1,0.026,0.026,NA,NA,NA,NA,NA,NA,NA,NA,NA,NA,NA   NA   NA   NA,NA   NA   NA   NA
SHR_2014-12-17 07:46:00,12/17/2014 7:46,SHR,2015,D,FALSE,RAN,NA,1,11.3,0.13,107,NA,7.92,9.32,117.3,10,Low,554127,560000,5873,5873,38.63913992,38.63913992,1,FROM SHR HARBOR BOAT DOCK,NA,Aquatic Insects,34,Family,Chironomidae,Chironomidae,Adults,1,0.026,0.026,NA,NA,NA,NA,NA,NA,NA,NA,NA,NA,NA   NA   NA   NA,NA   NA   NA   NA
SHR_2014-12-17 07:46:00,12/17/2014 7:46,SHR,2015,D,FALSE,RAN,NA,1,11.3,0.13,107,NA,7.92,9.32,117.3,10,Low,554127,560000,5873,5873,38.63913992,38.63913992,1,FROM SHR HARBOR BOAT DOCK,NA,Aquatic Insects,44,Family,Corixidae,Corixidae,Larvae,2,0.052,0.052,NA,NA,NA,NA,NA,NA,NA,NA,NA,NA,NA   NA   NA   NA,NA   NA   NA   NA
SHR_2014-12-17 07:46:00,12/17/2014 7:46,SHR,2015,D,FALSE,RAN,NA,1,11.3,0.13,107,NA,7.92,9.32,117.3,10,Low,554127,560000,5873,5873,38.63913992,38.63913992,1,FROM SHR HARBOR BOAT DOCK,NA,Aquatic Non-Insects,4,Family,Naididae,Naididae,NotDetermined,4,0.104,0.104,NA,NA,NA,NA,NA,NA,NA,NA,NA,NA,NA   NA   NA   NA,NA   NA   NA   NA
SHR_2014-12-17 07:46:00,12/17/2014 7:46,SHR,2015,D,FALSE,RAN,NA,1,11.3,0.13,107,NA,7.92,9.32,117.3,10,Low,554127,560000,5873,5873,38.63913992,38.63913992,1,FROM SHR HARBOR BOAT DOCK,NA,Aquatic Non-Insects,10,Family,Crangonyctidae,Crangonyctidae,NotDetermined,3,0.078,0.078,NA,NA,NA,NA,NA,NA,NA,NA,NA,NA,NA   NA   NA   NA,NA   NA   NA   NA
SHR_2014-12-17 07:46:00,12/17/2014 7:46,SHR,2015,D,FALSE,RAN,NA,1,11.3,0.13,107,NA,7.92,9.32,117.3,10,Low,554127,560000,5873,5873,38.63913992,38.63913992,1,FROM SHR HARBOR BOAT DOCK,NA,Aquatic Non-Insects,168,Order,Calanoida,Calanoid,NotDetermined,4,0.104,0.104,NA,NA,NA,NA,NA,NA,NA,NA,NA,NA,NA   NA   NA   NA,NA   NA   NA   NA
SHR_2014-12-17 07:46:00,12/17/2014 7:46,SHR,2015,D,FALSE,RAN,NA,1,11.3,0.13,107,NA,7.92,9.32,117.3,10,Low,554127,560000,5873,5873,38.63913992,38.63913992,1,FROM SHR HARBOR BOAT DOCK,NA,Aquatic Non-Insects,7,Order,Cyclopoida,Cyclopoid,NotDetermined,4,0.104,0.104,NA,NA,NA,NA,NA,NA,NA,NA,NA,NA,NA   NA   NA   NA,NA   NA   NA   NA
SHR_2014-12-17 07:46:00,12/17/2014 7:46,SHR,2015,D,FALSE,RAN,NA,1,11.3,0.13,107,NA,7.92,9.32,117.3,10,Low,554127,560000,5873,5873,38.63913992,38.63913992,1,FROM SHR HARBOR BOAT DOCK,NA,Aquatic Non-Insects,154,Order,Cyclopoida,Cyclopoid,NotDetermined,4,0.104,0.104,NA,NA,NA,NA,NA,NA,NA,NA,NA,NA,NA   NA   NA   NA,NA   NA   NA   NA
SHR_2014-12-17 07:46:00,12/17/2014 7:46,SHR,2015,D,FALSE,RAN,NA,1,11.3,0.13,107,NA,7.92,9.32,117.3,10,Low,554127,560000,5873,5873,38.63913992,38.63913992,1,FROM SHR HARBOR BOAT DOCK,NA,Terrestrial Insects,63,Order,Coleoptera,Coleoptera,Larvae,1,0.026,0.026,NA,NA,NA,NA,NA,NA,NA,NA,NA,NA,NA   NA   NA   NA,NA   NA   NA   NA
SHR_2014-12-17 07:46:00,12/17/2014 7:46,SHR,2015,D,FALSE,RAN,NA,1,11.3,0.13,107,NA,7.92,9.32,117.3,10,Low,554127,560000,5873,5873,38.63913992,38.63913992,1,FROM SHR HARBOR BOAT DOCK,NA,Terrestrial Insects,64,Order,Diptera,Diptera,Larvae,1,0.026,0.026,NA,NA,NA,NA,NA,NA,NA,NA,NA,NA,NA   NA   NA   NA,NA   NA   NA   NA
SHR_2014-12-17 07:46:00,12/17/2014 7:46,SHR,2015,D,FALSE,RAN,NA,1,11.3,0.13,107,NA,7.92,9.32,117.3,10,Low,554127,560000,5873,5873,38.63913992,38.63913992,1,FROM SHR HARBOR BOAT DOCK,NA,Terrestrial Non-Insects,68,Order,Collembola,Collembola,NotDetermined,1,0.026,0.026,NA,NA,NA,NA,NA,NA,NA,NA,NA,NA,NA   NA   NA   NA,NA   NA   NA   NA
SHR_2014-12-17 07:46:00,12/17/2014 7:46,SHR,2015,D,FALSE,RAN,NA,1,11.3,0.13,107,NA,7.92,9.32,117.3,10,Low,554127,560000,5873,5873,38.63913992,38.63913992,1,FROM SHR HARBOR BOAT DOCK,NA,Terrestrial Insects,66,Order,Hymenoptera,Hymenoptera,Adults,1,0.026,0.026,NA,NA,NA,NA,NA,NA,NA,NA,NA,NA,NA   NA   NA   NA,NA   NA   NA   NA
SHR_2014-12-17 07:46:00,12/17/2014 7:46,SHR,2015,D,FALSE,RAN,NA,1,11.3,0.13,107,NA,7.92,9.32,117.3,10,Low,554127,560000,5873,5873,38.63913992,38.63913992,1,FROM SHR HARBOR BOAT DOCK,NA,Terrestrial Non-Insects,171,Class,Diplopoda,Diplopoda,NotDetermined,1,0.026,0.026,NA,NA,NA,NA,NA,NA,NA,NA,NA,NA,NA   NA   NA   NA,NA   NA   NA   NA
STTD_2014-12-18 08:57:00,12/18/2014 8:57,STTD,2015,D,FALSE,CLD,NA,1,11.2,0.1,281,NA,8.12,7.74,307,10,Low,547546,554000,6454,6454,42.46160549,42.46160549,1,NA,NA,Aquatic Insects,34,Family,Chironomidae,Chironomidae,Larvae,23,0.542,0.542,2,TURB,NA,NA,NA,NA,NA,NA,NA,NA,NA   NA   NA   NA,NA   NA   NA   NA
STTD_2014-12-18 08:57:00,12/18/2014 8:57,STTD,2015,D,FALSE,CLD,NA,1,11.2,0.1,281,NA,8.12,7.74,307,10,Low,547546,554000,6454,6454,42.46160549,42.46160549,1,NA,NA,Aquatic Insects,34,Family,Chironomidae,Chironomidae,Pupae,1,0.024,0.024,2,TURB,NA,NA,NA,NA,NA,NA,NA,NA,NA   NA   NA   NA,NA   NA   NA   NA
STTD_2014-12-18 08:57:00,12/18/2014 8:57,STTD,2015,D,FALSE,CLD,NA,1,11.2,0.1,281,NA,8.12,7.74,307,10,Low,547546,554000,6454,6454,42.46160549,42.46160549,1,NA,NA,Aquatic Insects,44,Family,Corixidae,Corixidae,Larvae,4,0.094,0.094,2,TURB,NA,NA,NA,NA,NA,NA,NA,NA,NA   NA   NA   NA,NA   NA   NA   NA
STTD_2014-12-18 08:57:00,12/18/2014 8:57,STTD,2015,D,FALSE,CLD,NA,1,11.2,0.1,281,NA,8.12,7.74,307,10,Low,547546,554000,6454,6454,42.46160549,42.46160549,1,NA,NA,Aquatic Insects,46,Family,Coenagrionidae,Coenagrionidae,Larvae,9,0.212,0.212,2,TURB,NA,NA,NA,NA,NA,NA,NA,NA,NA   NA   NA   NA,NA   NA   NA   NA
STTD_2014-12-18 08:57:00,12/18/2014 8:57,STTD,2015,D,FALSE,CLD,NA,1,11.2,0.1,281,NA,8.12,7.74,307,10,Low,547546,554000,6454,6454,42.46160549,42.46160549,1,NA,NA,Aquatic Non-Insects,2,Family,Enchytraeidae,Enchytraeidae,NotDetermined,15,0.353,0.353,2,TURB,NA,NA,NA,NA,NA,NA,NA,NA,NA   NA   NA   NA,NA   NA   NA   NA
STTD_2014-12-18 08:57:00,12/18/2014 8:57,STTD,2015,D,FALSE,CLD,NA,1,11.2,0.1,281,NA,8.12,7.74,307,10,Low,547546,554000,6454,6454,42.46160549,42.46160549,1,NA,NA,Aquatic Non-Insects,3,Suborder,Lumbricina,Lumbricina,NotDetermined,1,0.024,0.024,2,TURB,NA,NA,NA,NA,NA,NA,NA,NA,NA   NA   NA   NA,NA   NA   NA   NA
STTD_2014-12-18 08:57:00,12/18/2014 8:57,STTD,2015,D,FALSE,CLD,NA,1,11.2,0.1,281,NA,8.12,7.74,307,10,Low,547546,554000,6454,6454,42.46160549,42.46160549,1,NA,NA,Aquatic Non-Insects,4,Family,Naididae,Naididae,NotDetermined,51,1.201,1.201,2,TURB,NA,NA,NA,NA,NA,NA,NA,NA,NA   NA   NA   NA,NA   NA   NA   NA
STTD_2014-12-18 08:57:00,12/18/2014 8:57,STTD,2015,D,FALSE,CLD,NA,1,11.2,0.1,281,NA,8.12,7.74,307,10,Low,547546,554000,6454,6454,42.46160549,42.46160549,1,NA,NA,Aquatic Non-Insects,15,Family,Hyalellidae,Hyalellidae,NotDetermined,13,0.306,0.306,2,TURB,NA,NA,NA,NA,NA,NA,NA,NA,NA   NA   NA   NA,NA   NA   NA   NA
STTD_2014-12-18 08:57:00,12/18/2014 8:57,STTD,2015,D,FALSE,CLD,NA,1,11.2,0.1,281,NA,8.12,7.74,307,10,Low,547546,554000,6454,6454,42.46160549,42.46160549,1,NA,NA,Aquatic Non-Insects,168,Order,Calanoida,Calanoid,NotDetermined,19,0.447,0.447,2,TURB,NA,NA,NA,NA,NA,NA,NA,NA,NA   NA   NA   NA,NA   NA   NA   NA
STTD_2014-12-18 08:57:00,12/18/2014 8:57,STTD,2015,D,FALSE,CLD,NA,1,11.2,0.1,281,NA,8.12,7.74,307,10,Low,547546,554000,6454,6454,42.46160549,42.46160549,1,NA,NA,Aquatic Non-Insects,7,Order,Cyclopoida,Cyclopoid,NotDetermined,96,2.261,2.261,2,TURB,NA,NA,NA,NA,NA,NA,NA,NA,NA   NA   NA   NA,NA   NA   NA   NA
STTD_2014-12-18 08:57:00,12/18/2014 8:57,STTD,2015,D,FALSE,CLD,NA,1,11.2,0.1,281,NA,8.12,7.74,307,10,Low,547546,554000,6454,6454,42.46160549,42.46160549,1,NA,NA,Aquatic Non-Insects,154,Order,Cyclopoida,Cyclopoid,NotDetermined,96,2.261,2.261,2,TURB,NA,NA,NA,NA,NA,NA,NA,NA,NA   NA   NA   NA,NA   NA   NA   NA
STTD_2014-12-18 08:57:00,12/18/2014 8:57,STTD,2015,D,FALSE,CLD,NA,1,11.2,0.1,281,NA,8.12,7.74,307,10,Low,547546,554000,6454,6454,42.46160549,42.46160549,1,NA,NA,Aquatic Non-Insects,118,Class,Ostracoda,Ostracod,NotDetermined,5,0.118,0.118,2,TURB,NA,NA,NA,NA,NA,NA,NA,NA,NA   NA   NA   NA,NA   NA   NA   NA
STTD_2014-12-18 08:57:00,12/18/2014 8:57,STTD,2015,D,FALSE,CLD,NA,1,11.2,0.1,281,NA,8.12,7.74,307,10,Low,547546,554000,6454,6454,42.46160549,42.46160549,1,NA,NA,Terrestrial Insects,71,Order,Hemiptera,Hemiptera,Larvae,2,0.047,0.047,2,TURB,NA,NA,NA,NA,NA,NA,NA,NA,NA   NA   NA   NA,NA   NA   NA   NA
STTD_2014-12-18 08:57:00,12/18/2014 8:57,STTD,2015,D,FALSE,CLD,NA,1,11.2,0.1,281,NA,8.12,7.74,307,10,Low,547546,554000,6454,6454,42.46160549,42.46160549,1,NA,NA,Terrestrial Insects,73,Order,Lepidoptera,Lepidoptera,Larvae,1,0.024,0.024,2,TURB,NA,NA,NA,NA,NA,NA,NA,NA,NA   NA   NA   NA,NA   NA   NA   NA
STTD_2014-12-18 08:57:00,12/18/2014 8:57,STTD,2015,D,FALSE,CLD,NA,1,11.2,0.1,281,NA,8.12,7.74,307,10,Low,547546,554000,6454,6454,42.46160549,42.46160549,1,NA,NA,Terrestrial Non-Insects,68,Order,Collembola,Collembola,NotDetermined,10,0.236,0.236,2,TURB,NA,NA,NA,NA,NA,NA,NA,NA,NA   NA   NA   NA,NA   NA   NA   NA
STTD_2014-12-18 08:57:00,12/18/2014 8:57,STTD,2015,D,FALSE,CLD,NA,1,11.2,0.1,281,NA,8.12,7.74,307,10,Low,547546,554000,6454,6454,42.46160549,42.46160549,1,NA,NA,Terrestrial Insects,66,Order,Hymenoptera,Hymenoptera,Adults,4,0.094,0.094,2,TURB,NA,NA,NA,NA,NA,NA,NA,NA,NA   NA   NA   NA,NA   NA   NA   NA
STTD_2014-12-18 08:57:00,12/18/2014 8:57,STTD,2015,D,FALSE,CLD,NA,1,11.2,0.1,281,NA,8.12,7.74,307,10,Low,547546,554000,6454,6454,42.46160549,42.46160549,1,NA,NA,Terrestrial Non-Insects,57,Subclass,Acari,Acari,NotDetermined,3,0.071,0.071,2,TURB,NA,NA,NA,NA,NA,NA,NA,NA,NA   NA   NA   NA,NA   NA   NA   NA
STTD_2014-12-18 08:57:00,12/18/2014 8:57,STTD,2015,D,FALSE,CLD,NA,1,11.2,0.1,281,NA,8.12,7.74,307,10,Low,547546,554000,6454,6454,42.46160549,42.46160549,1,NA,NA,Terrestrial Non-Insects,157,Order,Araneae,Araneae,NotDetermined,1,0.024,0.024,2,TURB,NA,NA,NA,NA,NA,NA,NA,NA,NA   NA   NA   NA,NA   NA   NA   NA
STTD_2014-12-18 08:57:00,12/18/2014 8:57,STTD,2015,D,FALSE,CLD,NA,1,11.2,0.1,281,NA,8.12,7.74,307,10,Low,547546,554000,6454,6454,42.46160549,42.46160549,1,NA,NA,Aquatic Non-Insects,170,Family,Cyprinodontidae,Cyprinodontidae,NotDetermined,1,0.024,0.024,2,TURB,NA,NA,NA,NA,NA,NA,NA,NA,NA   NA   NA   NA,NA   NA   NA   NA
SHR_2014-12-29 09:12:00,12/29/2014 9:12,SHR,2015,D,FALSE,CLD,NA,NA,9.5,0.31,145,NA,8.14,10.19,39.2,10,Low,544965,547500,2535,2535,16.67805546,16.67805546,1,From the dock,NA,Aquatic Insects,34,Family,Chironomidae,Chironomidae,Larvae,1,0.06,0.06,NA,NA,NA,NA,NA,NA,NA,NA,NA,NA,NA   NA   NA   NA,NA   NA   NA   NA
SHR_2014-12-29 09:12:00,12/29/2014 9:12,SHR,2015,D,FALSE,CLD,NA,NA,9.5,0.31,145,NA,8.14,10.19,39.2,10,Low,544965,547500,2535,2535,16.67805546,16.67805546,1,From the dock,NA,Aquatic Insects,40,Family,Caenidae,Caenidae,Larvae,1,0.06,0.06,NA,NA,NA,NA,NA,NA,NA,NA,NA,NA,NA   NA   NA   NA,NA   NA   NA   NA
SHR_2014-12-29 09:12:00,12/29/2014 9:12,SHR,2015,D,FALSE,CLD,NA,NA,9.5,0.31,145,NA,8.14,10.19,39.2,10,Low,544965,547500,2535,2535,16.67805546,16.67805546,1,From the dock,NA,Aquatic Non-Insects,4,Family,Naididae,Naididae,NotDetermined,2,0.12,0.12,NA,NA,NA,NA,NA,NA,NA,NA,NA,NA,NA   NA   NA   NA,NA   NA   NA   NA
SHR_2014-12-29 09:12:00,12/29/2014 9:12,SHR,2015,D,FALSE,CLD,NA,NA,9.5,0.31,145,NA,8.14,10.19,39.2,10,Low,544965,547500,2535,2535,16.67805546,16.67805546,1,From the dock,NA,Aquatic Non-Insects,168,Order,Calanoida,Calanoid,NotDetermined,37,2.218,2.218,NA,NA,NA,NA,NA,NA,NA,NA,NA,NA,NA   NA   NA   NA,NA   NA   NA   NA
SHR_2014-12-29 09:12:00,12/29/2014 9:12,SHR,2015,D,FALSE,CLD,NA,NA,9.5,0.31,145,NA,8.14,10.19,39.2,10,Low,544965,547500,2535,2535,16.67805546,16.67805546,1,From the dock,NA,Aquatic Non-Insects,7,Order,Cyclopoida,Cyclopoid,NotDetermined,75,4.497,4.497,NA,NA,NA,NA,NA,NA,NA,NA,NA,NA,NA   NA   NA   NA,NA   NA   NA   NA
SHR_2014-12-29 09:12:00,12/29/2014 9:12,SHR,2015,D,FALSE,CLD,NA,NA,9.5,0.31,145,NA,8.14,10.19,39.2,10,Low,544965,547500,2535,2535,16.67805546,16.67805546,1,From the dock,NA,Aquatic Non-Insects,154,Order,Cyclopoida,Cyclopoid,NotDetermined,75,4.497,4.497,NA,NA,NA,NA,NA,NA,NA,NA,NA,NA,NA   NA   NA   NA,NA   NA   NA   NA
SHR_2014-12-29 09:12:00,12/29/2014 9:12,SHR,2015,D,FALSE,CLD,NA,NA,9.5,0.31,145,NA,8.14,10.19,39.2,10,Low,544965,547500,2535,2535,16.67805546,16.67805546,1,From the dock,NA,Terrestrial Insects,63,Order,Coleoptera,Coleoptera,Adults,2,0.12,0.12,NA,NA,NA,NA,NA,NA,NA,NA,NA,NA,NA   NA   NA   NA,NA   NA   NA   NA
SHR_2014-12-29 09:12:00,12/29/2014 9:12,SHR,2015,D,FALSE,CLD,NA,NA,9.5,0.31,145,NA,8.14,10.19,39.2,10,Low,544965,547500,2535,2535,16.67805546,16.67805546,1,From the dock,NA,Terrestrial Insects,64,Order,Diptera,Diptera,Larvae,1,0.06,0.06,NA,NA,NA,NA,NA,NA,NA,NA,NA,NA,NA   NA   NA   NA,NA   NA   NA   NA
STTD_2014-12-30 10:52:00,12/30/2014 10:52,STTD,2015,D,FALSE,CLR,NA,NA,7.7,0.16,307,NA,8.14,8.55,63.1,10,Low,534900,538669,3769,3769,24.79668285,24.79668285,1,"Anchored, very fast flow",NA,Aquatic Insects,34,Family,Chironomidae,Chironomidae,Pupae,1,0.04,0.04,NA,NA,NA,NA,NA,NA,NA,NA,NA,NA,NA   NA   NA   NA,NA   NA   NA   NA
STTD_2014-12-30 10:52:00,12/30/2014 10:52,STTD,2015,D,FALSE,CLR,NA,NA,7.7,0.16,307,NA,8.14,8.55,63.1,10,Low,534900,538669,3769,3769,24.79668285,24.79668285,1,"Anchored, very fast flow",NA,Aquatic Insects,34,Family,Chironomidae,Chironomidae,Adults,1,0.04,0.04,NA,NA,NA,NA,NA,NA,NA,NA,NA,NA,NA   NA   NA   NA,NA   NA   NA   NA
STTD_2014-12-30 10:52:00,12/30/2014 10:52,STTD,2015,D,FALSE,CLR,NA,NA,7.7,0.16,307,NA,8.14,8.55,63.1,10,Low,534900,538669,3769,3769,24.79668285,24.79668285,1,"Anchored, very fast flow",NA,Aquatic Non-Insects,8,Family,Sabellidae,Sabellidae,NotDetermined,1,0.04,0.04,NA,NA,NA,NA,NA,NA,NA,NA,NA,NA,NA   NA   NA   NA,NA   NA   NA   NA
STTD_2014-12-30 10:52:00,12/30/2014 10:52,STTD,2015,D,FALSE,CLR,NA,NA,7.7,0.16,307,NA,8.14,8.55,63.1,10,Low,534900,538669,3769,3769,24.79668285,24.79668285,1,"Anchored, very fast flow",NA,Aquatic Non-Insects,168,Order,Calanoida,Calanoid,NotDetermined,148,5.969,5.969,NA,NA,NA,NA,NA,NA,NA,NA,NA,NA,NA   NA   NA   NA,NA   NA   NA   NA
STTD_2014-12-30 10:52:00,12/30/2014 10:52,STTD,2015,D,FALSE,CLR,NA,NA,7.7,0.16,307,NA,8.14,8.55,63.1,10,Low,534900,538669,3769,3769,24.79668285,24.79668285,1,"Anchored, very fast flow",NA,Aquatic Non-Insects,7,Order,Cyclopoida,Cyclopoid,NotDetermined,52,2.097,2.097,NA,NA,NA,NA,NA,NA,NA,NA,NA,NA,NA   NA   NA   NA,NA   NA   NA   NA
STTD_2014-12-30 10:52:00,12/30/2014 10:52,STTD,2015,D,FALSE,CLR,NA,NA,7.7,0.16,307,NA,8.14,8.55,63.1,10,Low,534900,538669,3769,3769,24.79668285,24.79668285,1,"Anchored, very fast flow",NA,Aquatic Non-Insects,154,Order,Cyclopoida,Cyclopoid,NotDetermined,52,2.097,2.097,NA,NA,NA,NA,NA,NA,NA,NA,NA,NA,NA   NA   NA   NA,NA   NA   NA   NA
STTD_2014-12-30 10:52:00,12/30/2014 10:52,STTD,2015,D,FALSE,CLR,NA,NA,7.7,0.16,307,NA,8.14,8.55,63.1,10,Low,534900,538669,3769,3769,24.79668285,24.79668285,1,"Anchored, very fast flow",NA,Aquatic Non-Insects,118,Class,Ostracoda,Ostracod,NotDetermined,1,0.04,0.04,NA,NA,NA,NA,NA,NA,NA,NA,NA,NA,NA   NA   NA   NA,NA   NA   NA   NA
STTD_2014-12-30 10:52:00,12/30/2014 10:52,STTD,2015,D,FALSE,CLR,NA,NA,7.7,0.16,307,NA,8.14,8.55,63.1,10,Low,534900,538669,3769,3769,24.79668285,24.79668285,1,"Anchored, very fast flow",NA,Aquatic Non-Insects,18,Family,Hydridae,Hydridae,NotDetermined,1,0.04,0.04,NA,NA,NA,NA,NA,NA,NA,NA,NA,NA,NA   NA   NA   NA,NA   NA   NA   NA
STTD_2014-12-30 10:52:00,12/30/2014 10:52,STTD,2015,D,FALSE,CLR,NA,NA,7.7,0.16,307,NA,8.14,8.55,63.1,10,Low,534900,538669,3769,3769,24.79668285,24.79668285,1,"Anchored, very fast flow",NA,Terrestrial Non-Insects,68,Order,Collembola,Collembola,NotDetermined,2,0.081,0.081,NA,NA,NA,NA,NA,NA,NA,NA,NA,NA,NA   NA   NA   NA,NA   NA   NA   NA
STTD_2014-12-30 10:52:00,12/30/2014 10:52,STTD,2015,D,FALSE,CLR,NA,NA,7.7,0.16,307,NA,8.14,8.55,63.1,10,Low,534900,538669,3769,3769,24.79668285,24.79668285,1,"Anchored, very fast flow",NA,Terrestrial Non-Insects,57,Subclass,Acari,Acari,NotDetermined,1,0.04,0.04,NA,NA,NA,NA,NA,NA,NA,NA,NA,NA,NA   NA   NA   NA,NA   NA   NA   NA
STTD_2014-12-30 10:52:00,12/30/2014 10:52,STTD,2015,D,FALSE,CLR,NA,NA,7.7,0.16,307,NA,8.14,8.55,63.1,10,Low,534900,538669,3769,3769,24.79668285,24.79668285,1,"Anchored, very fast flow",NA,Aquatic Non-Insects,169,Suborder,Cladocera,Cladoceran,NotDetermined,1,0.04,0.04,NA,NA,NA,NA,NA,NA,NA,NA,NA,NA,NA   NA   NA   NA,NA   NA   NA   NA
SHR_2015-01-15 08:00:00,1/15/2015 8:00,SHR,2015,D,FALSE,FOG,NA,NA,10.4,0.8,151,NA,7.77,10.56,34.5,10,Low,537985,539000,1015,1015,6.677801298,6.677801298,1,very low flow from SHR boat dock,NA,Aquatic Insects,34,Family,Chironomidae,Chironomidae,Adults,1,0.15,0.15,NA,NA,2,SAMP,NA,NA,NA,NA,NA,NA,2   NA   NA   NA,SAMP   NA   NA   NA
SHR_2015-01-15 08:00:00,1/15/2015 8:00,SHR,2015,D,FALSE,FOG,NA,NA,10.4,0.8,151,NA,7.77,10.56,34.5,10,Low,537985,539000,1015,1015,6.677801298,6.677801298,1,very low flow from SHR boat dock,NA,Aquatic Insects,37,Family,Psychodidae,Psychodidae,Adults,1,0.15,0.15,NA,NA,2,SAMP,NA,NA,NA,NA,NA,NA,2   NA   NA   NA,SAMP   NA   NA   NA
SHR_2015-01-15 08:00:00,1/15/2015 8:00,SHR,2015,D,FALSE,FOG,NA,NA,10.4,0.8,151,NA,7.77,10.56,34.5,10,Low,537985,539000,1015,1015,6.677801298,6.677801298,1,very low flow from SHR boat dock,NA,Aquatic Non-Insects,15,Family,Hyalellidae,Hyalellidae,NotDetermined,2,0.299,0.299,NA,NA,2,SAMP,NA,NA,NA,NA,NA,NA,2   NA   NA   NA,SAMP   NA   NA   NA
SHR_2015-01-15 08:00:00,1/15/2015 8:00,SHR,2015,D,FALSE,FOG,NA,NA,10.4,0.8,151,NA,7.77,10.56,34.5,10,Low,537985,539000,1015,1015,6.677801298,6.677801298,1,very low flow from SHR boat dock,NA,Terrestrial Insects,64,Order,Diptera,Diptera,Adults,1,0.15,0.15,NA,NA,2,SAMP,NA,NA,NA,NA,NA,NA,2   NA   NA   NA,SAMP   NA   NA   NA
SHR_2015-01-15 08:00:00,1/15/2015 8:00,SHR,2015,D,FALSE,FOG,NA,NA,10.4,0.8,151,NA,7.77,10.56,34.5,10,Low,537985,539000,1015,1015,6.677801298,6.677801298,1,very low flow from SHR boat dock,NA,Terrestrial Insects,66,Order,Hymenoptera,Hymenoptera,Adults,9,1.348,1.348,NA,NA,2,SAMP,NA,NA,NA,NA,NA,NA,2   NA   NA   NA,SAMP   NA   NA   NA
STTD_2015-01-16 07:45:00,1/16/2015 7:45,STTD,2015,D,FALSE,FOG,NA,NA,10.4,0.27,549,NA,7.72,7.45,32.3,10,Low,536481,538000,1519,1519,9.993675046,9.993675046,1,bottom of ebb tide from screw trap- slow current,NA,Aquatic Insects,44,Family,Corixidae,Corixidae,Larvae,1,0.1,0.1,NA,NA,2,SAMP,NA,NA,NA,NA,NA,NA,2   NA   NA   NA,SAMP   NA   NA   NA
STTD_2015-01-16 07:45:00,1/16/2015 7:45,STTD,2015,D,FALSE,FOG,NA,NA,10.4,0.27,549,NA,7.72,7.45,32.3,10,Low,536481,538000,1519,1519,9.993675046,9.993675046,1,bottom of ebb tide from screw trap- slow current,NA,Aquatic Insects,44,Family,Corixidae,Corixidae,Adults,1,0.1,0.1,NA,NA,2,SAMP,NA,NA,NA,NA,NA,NA,2   NA   NA   NA,SAMP   NA   NA   NA
STTD_2015-01-16 07:45:00,1/16/2015 7:45,STTD,2015,D,FALSE,FOG,NA,NA,10.4,0.27,549,NA,7.72,7.45,32.3,10,Low,536481,538000,1519,1519,9.993675046,9.993675046,1,bottom of ebb tide from screw trap- slow current,NA,Aquatic Insects,34,Family,Chironomidae,Chironomidae,Adults,1,0.1,0.1,NA,NA,2,SAMP,NA,NA,NA,NA,NA,NA,2   NA   NA   NA,SAMP   NA   NA   NA
STTD_2015-01-16 07:45:00,1/16/2015 7:45,STTD,2015,D,FALSE,FOG,NA,NA,10.4,0.27,549,NA,7.72,7.45,32.3,10,Low,536481,538000,1519,1519,9.993675046,9.993675046,1,bottom of ebb tide from screw trap- slow current,NA,Aquatic Non-Insects,15,Family,Hyalellidae,Hyalellidae,NotDetermined,7,0.7,0.7,NA,NA,2,SAMP,NA,NA,NA,NA,NA,NA,2   NA   NA   NA,SAMP   NA   NA   NA
STTD_2015-01-16 07:45:00,1/16/2015 7:45,STTD,2015,D,FALSE,FOG,NA,NA,10.4,0.27,549,NA,7.72,7.45,32.3,10,Low,536481,538000,1519,1519,9.993675046,9.993675046,1,bottom of ebb tide from screw trap- slow current,NA,Terrestrial Insects,66,Order,Hymenoptera,Hymenoptera,Adults,1,0.1,0.1,NA,NA,2,SAMP,NA,NA,NA,NA,NA,NA,2   NA   NA   NA,SAMP   NA   NA   NA
STTD_2015-01-20 10:45:00,1/20/2015 10:45,STTD,2015,D,FALSE,FOG,NA,NA,10.9,0.25,599,NA,7.81,8.36,43.7,10,Low,532404,536000,3596,3596,23.65849603,23.65849603,1,Ebb sampled from STTD,NA,Aquatic Insects,46,Family,Coenagrionidae,Coenagrionidae,Larvae,2,0.085,0.085,NA,NA,NA,NA,NA,NA,NA,NA,NA,NA,NA   NA   NA   NA,NA   NA   NA   NA
STTD_2015-01-20 10:45:00,1/20/2015 10:45,STTD,2015,D,FALSE,FOG,NA,NA,10.9,0.25,599,NA,7.81,8.36,43.7,10,Low,532404,536000,3596,3596,23.65849603,23.65849603,1,Ebb sampled from STTD,NA,Aquatic Insects,44,Family,Corixidae,Corixidae,Larvae,9,0.38,0.38,NA,NA,NA,NA,NA,NA,NA,NA,NA,NA,NA   NA   NA   NA,NA   NA   NA   NA
STTD_2015-01-20 10:45:00,1/20/2015 10:45,STTD,2015,D,FALSE,FOG,NA,NA,10.9,0.25,599,NA,7.81,8.36,43.7,10,Low,532404,536000,3596,3596,23.65849603,23.65849603,1,Ebb sampled from STTD,NA,Aquatic Insects,44,Family,Corixidae,Corixidae,Adults,2,0.085,0.085,NA,NA,NA,NA,NA,NA,NA,NA,NA,NA,NA   NA   NA   NA,NA   NA   NA   NA
STTD_2015-01-20 10:45:00,1/20/2015 10:45,STTD,2015,D,FALSE,FOG,NA,NA,10.9,0.25,599,NA,7.81,8.36,43.7,10,Low,532404,536000,3596,3596,23.65849603,23.65849603,1,Ebb sampled from STTD,NA,Aquatic Insects,30,Family,Dytiscidae,Dytiscidae,Adults,1,0.042,0.042,NA,NA,NA,NA,NA,NA,NA,NA,NA,NA,NA   NA   NA   NA,NA   NA   NA   NA
STTD_2015-01-20 10:45:00,1/20/2015 10:45,STTD,2015,D,FALSE,FOG,NA,NA,10.9,0.25,599,NA,7.81,8.36,43.7,10,Low,532404,536000,3596,3596,23.65849603,23.65849603,1,Ebb sampled from STTD,NA,Aquatic Insects,34,Family,Chironomidae,Chironomidae,Larvae,2,0.085,0.085,NA,NA,NA,NA,NA,NA,NA,NA,NA,NA,NA   NA   NA   NA,NA   NA   NA   NA
STTD_2015-01-20 10:45:00,1/20/2015 10:45,STTD,2015,D,FALSE,FOG,NA,NA,10.9,0.25,599,NA,7.81,8.36,43.7,10,Low,532404,536000,3596,3596,23.65849603,23.65849603,1,Ebb sampled from STTD,NA,Aquatic Insects,34,Family,Chironomidae,Chironomidae,Adults,1,0.042,0.042,NA,NA,NA,NA,NA,NA,NA,NA,NA,NA,NA   NA   NA   NA,NA   NA   NA   NA
STTD_2015-01-20 10:45:00,1/20/2015 10:45,STTD,2015,D,FALSE,FOG,NA,NA,10.9,0.25,599,NA,7.81,8.36,43.7,10,Low,532404,536000,3596,3596,23.65849603,23.65849603,1,Ebb sampled from STTD,NA,Aquatic Insects,37,Family,Psychodidae,Psychodidae,Adults,1,0.042,0.042,NA,NA,NA,NA,NA,NA,NA,NA,NA,NA,NA   NA   NA   NA,NA   NA   NA   NA
STTD_2015-01-20 10:45:00,1/20/2015 10:45,STTD,2015,D,FALSE,FOG,NA,NA,10.9,0.25,599,NA,7.81,8.36,43.7,10,Low,532404,536000,3596,3596,23.65849603,23.65849603,1,Ebb sampled from STTD,NA,Aquatic Non-Insects,2,Family,Enchytraeidae,Enchytraeidae,NotDetermined,5,0.211,0.211,NA,NA,NA,NA,NA,NA,NA,NA,NA,NA,NA   NA   NA   NA,NA   NA   NA   NA
STTD_2015-01-20 10:45:00,1/20/2015 10:45,STTD,2015,D,FALSE,FOG,NA,NA,10.9,0.25,599,NA,7.81,8.36,43.7,10,Low,532404,536000,3596,3596,23.65849603,23.65849603,1,Ebb sampled from STTD,NA,Aquatic Non-Insects,4,Family,Naididae,Naididae,NotDetermined,1,0.042,0.042,NA,NA,NA,NA,NA,NA,NA,NA,NA,NA,NA   NA   NA   NA,NA   NA   NA   NA
STTD_2015-01-20 10:45:00,1/20/2015 10:45,STTD,2015,D,FALSE,FOG,NA,NA,10.9,0.25,599,NA,7.81,8.36,43.7,10,Low,532404,536000,3596,3596,23.65849603,23.65849603,1,Ebb sampled from STTD,NA,Aquatic Non-Insects,20,Family,Physidae,Physidae,NotDetermined,2,0.085,0.085,NA,NA,NA,NA,NA,NA,NA,NA,NA,NA,NA   NA   NA   NA,NA   NA   NA   NA
STTD_2015-01-20 10:45:00,1/20/2015 10:45,STTD,2015,D,FALSE,FOG,NA,NA,10.9,0.25,599,NA,7.81,8.36,43.7,10,Low,532404,536000,3596,3596,23.65849603,23.65849603,1,Ebb sampled from STTD,NA,Aquatic Non-Insects,15,Family,Hyalellidae,Hyalellidae,NotDetermined,142,6.002,6.002,NA,NA,NA,NA,NA,NA,NA,NA,NA,NA,NA   NA   NA   NA,NA   NA   NA   NA
STTD_2015-01-20 10:45:00,1/20/2015 10:45,STTD,2015,D,FALSE,FOG,NA,NA,10.9,0.25,599,NA,7.81,8.36,43.7,10,Low,532404,536000,3596,3596,23.65849603,23.65849603,1,Ebb sampled from STTD,NA,Terrestrial Insects,71,Order,Hemiptera,Hemiptera,Adults,1,0.042,0.042,NA,NA,NA,NA,NA,NA,NA,NA,NA,NA,NA   NA   NA   NA,NA   NA   NA   NA
STTD_2015-01-20 10:45:00,1/20/2015 10:45,STTD,2015,D,FALSE,FOG,NA,NA,10.9,0.25,599,NA,7.81,8.36,43.7,10,Low,532404,536000,3596,3596,23.65849603,23.65849603,1,Ebb sampled from STTD,NA,Terrestrial Insects,63,Order,Coleoptera,Coleoptera,Larvae,1,0.042,0.042,NA,NA,NA,NA,NA,NA,NA,NA,NA,NA,NA   NA   NA   NA,NA   NA   NA   NA
STTD_2015-01-20 10:45:00,1/20/2015 10:45,STTD,2015,D,FALSE,FOG,NA,NA,10.9,0.25,599,NA,7.81,8.36,43.7,10,Low,532404,536000,3596,3596,23.65849603,23.65849603,1,Ebb sampled from STTD,NA,Terrestrial Insects,63,Order,Coleoptera,Coleoptera,Adults,4,0.169,0.169,NA,NA,NA,NA,NA,NA,NA,NA,NA,NA,NA   NA   NA   NA,NA   NA   NA   NA
STTD_2015-01-20 10:45:00,1/20/2015 10:45,STTD,2015,D,FALSE,FOG,NA,NA,10.9,0.25,599,NA,7.81,8.36,43.7,10,Low,532404,536000,3596,3596,23.65849603,23.65849603,1,Ebb sampled from STTD,NA,Terrestrial Insects,64,Order,Diptera,Diptera,Adults,2,0.085,0.085,NA,NA,NA,NA,NA,NA,NA,NA,NA,NA,NA   NA   NA   NA,NA   NA   NA   NA
STTD_2015-01-20 10:45:00,1/20/2015 10:45,STTD,2015,D,FALSE,FOG,NA,NA,10.9,0.25,599,NA,7.81,8.36,43.7,10,Low,532404,536000,3596,3596,23.65849603,23.65849603,1,Ebb sampled from STTD,NA,Terrestrial Insects,73,Order,Lepidoptera,Lepidoptera,Larvae,1,0.042,0.042,NA,NA,NA,NA,NA,NA,NA,NA,NA,NA,NA   NA   NA   NA,NA   NA   NA   NA
STTD_2015-01-20 10:45:00,1/20/2015 10:45,STTD,2015,D,FALSE,FOG,NA,NA,10.9,0.25,599,NA,7.81,8.36,43.7,10,Low,532404,536000,3596,3596,23.65849603,23.65849603,1,Ebb sampled from STTD,NA,Terrestrial Non-Insects,68,Order,Collembola,Collembola,NotDetermined,1,0.042,0.042,NA,NA,NA,NA,NA,NA,NA,NA,NA,NA,NA   NA   NA   NA,NA   NA   NA   NA
STTD_2015-01-20 10:45:00,1/20/2015 10:45,STTD,2015,D,FALSE,FOG,NA,NA,10.9,0.25,599,NA,7.81,8.36,43.7,10,Low,532404,536000,3596,3596,23.65849603,23.65849603,1,Ebb sampled from STTD,NA,Terrestrial Insects,67,Order,Psocoptera,Psocoptera,Larvae,1,0.042,0.042,NA,NA,NA,NA,NA,NA,NA,NA,NA,NA,NA   NA   NA   NA,NA   NA   NA   NA
STTD_2015-01-20 10:45:00,1/20/2015 10:45,STTD,2015,D,FALSE,FOG,NA,NA,10.9,0.25,599,NA,7.81,8.36,43.7,10,Low,532404,536000,3596,3596,23.65849603,23.65849603,1,Ebb sampled from STTD,NA,Terrestrial Insects,67,Order,Psocoptera,Psocoptera,Adults,1,0.042,0.042,NA,NA,NA,NA,NA,NA,NA,NA,NA,NA,NA   NA   NA   NA,NA   NA   NA   NA
SHR_2015-01-21 09:30:00,1/21/2015 9:30,SHR,2015,D,FALSE,FOG,NA,NA,11,1.1,146,NA,8.54,10.96,9.6,10,Low,527033,532000,4967,4967,32.67846211,32.67846211,NA,"Ebb, low flow, jet boat motor used",NA,Aquatic Insects,46,Family,Coenagrionidae,Coenagrionidae,Larvae,1,0.031,0.031,NA,NA,NA,NA,NA,NA,NA,NA,NA,NA,NA   NA   NA   NA,NA   NA   NA   NA
SHR_2015-01-21 09:30:00,1/21/2015 9:30,SHR,2015,D,FALSE,FOG,NA,NA,11,1.1,146,NA,8.54,10.96,9.6,10,Low,527033,532000,4967,4967,32.67846211,32.67846211,NA,"Ebb, low flow, jet boat motor used",NA,Aquatic Non-Insects,9,Family,Corophiidae,Corophiidae,NotDetermined,1,0.031,0.031,NA,NA,NA,NA,NA,NA,NA,NA,NA,NA,NA   NA   NA   NA,NA   NA   NA   NA
SHR_2015-01-21 09:30:00,1/21/2015 9:30,SHR,2015,D,FALSE,FOG,NA,NA,11,1.1,146,NA,8.54,10.96,9.6,10,Low,527033,532000,4967,4967,32.67846211,32.67846211,NA,"Ebb, low flow, jet boat motor used",NA,Aquatic Non-Insects,15,Family,Hyalellidae,Hyalellidae,NotDetermined,4,0.122,0.122,NA,NA,NA,NA,NA,NA,NA,NA,NA,NA,NA   NA   NA   NA,NA   NA   NA   NA
SHR_2015-02-03 09:30:00,2/3/2015 9:30,SHR,2015,D,FALSE,CLR,NA,NA,11.9,1.5,158,NA,9.15,11.4,6.8,10,Low,522593,527000,4407,4407,28.99415795,28.99415795,1,NA,NA,Aquatic Insects,46,Family,Coenagrionidae,Coenagrionidae,Larvae,1,0.034,0.034,NA,NA,NA,NA,NA,NA,NA,NA,NA,NA,NA   NA   NA   NA,NA   NA   NA   NA
SHR_2015-02-03 09:30:00,2/3/2015 9:30,SHR,2015,D,FALSE,CLR,NA,NA,11.9,1.5,158,NA,9.15,11.4,6.8,10,Low,522593,527000,4407,4407,28.99415795,28.99415795,1,NA,NA,Aquatic Insects,34,Family,Chironomidae,Chironomidae,Pupae,2,0.069,0.069,NA,NA,NA,NA,NA,NA,NA,NA,NA,NA,NA   NA   NA   NA,NA   NA   NA   NA
SHR_2015-02-03 09:30:00,2/3/2015 9:30,SHR,2015,D,FALSE,CLR,NA,NA,11.9,1.5,158,NA,9.15,11.4,6.8,10,Low,522593,527000,4407,4407,28.99415795,28.99415795,1,NA,NA,Aquatic Insects,34,Family,Chironomidae,Chironomidae,Adults,15,0.517,0.517,NA,NA,NA,NA,NA,NA,NA,NA,NA,NA,NA   NA   NA   NA,NA   NA   NA   NA
SHR_2015-02-03 09:30:00,2/3/2015 9:30,SHR,2015,D,FALSE,CLR,NA,NA,11.9,1.5,158,NA,9.15,11.4,6.8,10,Low,522593,527000,4407,4407,28.99415795,28.99415795,1,NA,NA,Aquatic Non-Insects,10,Family,Crangonyctidae,Crangonyctidae,NotDetermined,1,0.034,0.034,NA,NA,NA,NA,NA,NA,NA,NA,NA,NA,NA   NA   NA   NA,NA   NA   NA   NA
SHR_2015-02-03 09:30:00,2/3/2015 9:30,SHR,2015,D,FALSE,CLR,NA,NA,11.9,1.5,158,NA,9.15,11.4,6.8,10,Low,522593,527000,4407,4407,28.99415795,28.99415795,1,NA,NA,Aquatic Non-Insects,28,Family,Lebertiidae,Lebertiidae,NotDetermined,3,0.103,0.103,NA,NA,NA,NA,NA,NA,NA,NA,NA,NA,NA   NA   NA   NA,NA   NA   NA   NA
SHR_2015-02-03 09:30:00,2/3/2015 9:30,SHR,2015,D,FALSE,CLR,NA,NA,11.9,1.5,158,NA,9.15,11.4,6.8,10,Low,522593,527000,4407,4407,28.99415795,28.99415795,1,NA,NA,Aquatic Non-Insects,120,Family,Lebertiidae,Lebertiidae,NotDetermined,3,0.103,0.103,NA,NA,NA,NA,NA,NA,NA,NA,NA,NA,NA   NA   NA   NA,NA   NA   NA   NA
SHR_2015-02-03 09:30:00,2/3/2015 9:30,SHR,2015,D,FALSE,CLR,NA,NA,11.9,1.5,158,NA,9.15,11.4,6.8,10,Low,522593,527000,4407,4407,28.99415795,28.99415795,1,NA,NA,Terrestrial Insects,71,Order,Hemiptera,Hemiptera,Adults,2,0.069,0.069,NA,NA,NA,NA,NA,NA,NA,NA,NA,NA,NA   NA   NA   NA,NA   NA   NA   NA
SHR_2015-02-03 09:30:00,2/3/2015 9:30,SHR,2015,D,FALSE,CLR,NA,NA,11.9,1.5,158,NA,9.15,11.4,6.8,10,Low,522593,527000,4407,4407,28.99415795,28.99415795,1,NA,NA,Terrestrial Insects,63,Order,Coleoptera,Coleoptera,Adults,5,0.172,0.172,NA,NA,NA,NA,NA,NA,NA,NA,NA,NA,NA   NA   NA   NA,NA   NA   NA   NA
SHR_2015-02-03 09:30:00,2/3/2015 9:30,SHR,2015,D,FALSE,CLR,NA,NA,11.9,1.5,158,NA,9.15,11.4,6.8,10,Low,522593,527000,4407,4407,28.99415795,28.99415795,1,NA,NA,Terrestrial Insects,64,Order,Diptera,Diptera,Adults,8,0.276,0.276,NA,NA,NA,NA,NA,NA,NA,NA,NA,NA,NA   NA   NA   NA,NA   NA   NA   NA
SHR_2015-02-03 09:30:00,2/3/2015 9:30,SHR,2015,D,FALSE,CLR,NA,NA,11.9,1.5,158,NA,9.15,11.4,6.8,10,Low,522593,527000,4407,4407,28.99415795,28.99415795,1,NA,NA,Terrestrial Insects,66,Order,Hymenoptera,Hymenoptera,Adults,6,0.207,0.207,NA,NA,NA,NA,NA,NA,NA,NA,NA,NA,NA   NA   NA   NA,NA   NA   NA   NA
SHR_2015-02-03 09:30:00,2/3/2015 9:30,SHR,2015,D,FALSE,CLR,NA,NA,11.9,1.5,158,NA,9.15,11.4,6.8,10,Low,522593,527000,4407,4407,28.99415795,28.99415795,1,NA,NA,Terrestrial Insects,67,Order,Psocoptera,Psocoptera,Adults,1,0.034,0.034,NA,NA,NA,NA,NA,NA,NA,NA,NA,NA,NA   NA   NA   NA,NA   NA   NA   NA
STTD_2015-02-04 09:25:00,2/4/2015 9:25,STTD,2015,D,FALSE,CLD,NA,NA,12.6,0.24,639,NA,8.78,8.07,44.4,10,Low,518680,522500,3820,3820,25.13221769,25.13221769,1,NA,NA,Aquatic Insects,46,Family,Coenagrionidae,Coenagrionidae,Larvae,1,0.04,0.04,NA,NA,NA,NA,NA,NA,NA,NA,NA,NA,NA   NA   NA   NA,NA   NA   NA   NA
STTD_2015-02-04 09:25:00,2/4/2015 9:25,STTD,2015,D,FALSE,CLD,NA,NA,12.6,0.24,639,NA,8.78,8.07,44.4,10,Low,518680,522500,3820,3820,25.13221769,25.13221769,1,NA,NA,Aquatic Insects,44,Family,Corixidae,Corixidae,Larvae,10,0.398,0.398,NA,NA,NA,NA,NA,NA,NA,NA,NA,NA,NA   NA   NA   NA,NA   NA   NA   NA
STTD_2015-02-04 09:25:00,2/4/2015 9:25,STTD,2015,D,FALSE,CLD,NA,NA,12.6,0.24,639,NA,8.78,8.07,44.4,10,Low,518680,522500,3820,3820,25.13221769,25.13221769,1,NA,NA,Aquatic Insects,52,Family,Hydraenidae,Hydraenidae,Adults,1,0.04,0.04,NA,NA,NA,NA,NA,NA,NA,NA,NA,NA,NA   NA   NA   NA,NA   NA   NA   NA
STTD_2015-02-04 09:25:00,2/4/2015 9:25,STTD,2015,D,FALSE,CLD,NA,NA,12.6,0.24,639,NA,8.78,8.07,44.4,10,Low,518680,522500,3820,3820,25.13221769,25.13221769,1,NA,NA,Aquatic Insects,34,Family,Chironomidae,Chironomidae,Larvae,5,0.199,0.199,NA,NA,NA,NA,NA,NA,NA,NA,NA,NA,NA   NA   NA   NA,NA   NA   NA   NA
STTD_2015-02-04 09:25:00,2/4/2015 9:25,STTD,2015,D,FALSE,CLD,NA,NA,12.6,0.24,639,NA,8.78,8.07,44.4,10,Low,518680,522500,3820,3820,25.13221769,25.13221769,1,NA,NA,Aquatic Insects,34,Family,Chironomidae,Chironomidae,Pupae,1,0.04,0.04,NA,NA,NA,NA,NA,NA,NA,NA,NA,NA,NA   NA   NA   NA,NA   NA   NA   NA
STTD_2015-02-04 09:25:00,2/4/2015 9:25,STTD,2015,D,FALSE,CLD,NA,NA,12.6,0.24,639,NA,8.78,8.07,44.4,10,Low,518680,522500,3820,3820,25.13221769,25.13221769,1,NA,NA,Aquatic Insects,34,Family,Chironomidae,Chironomidae,Adults,73,2.905,2.905,NA,NA,NA,NA,NA,NA,NA,NA,NA,NA,NA   NA   NA   NA,NA   NA   NA   NA
STTD_2015-02-04 09:25:00,2/4/2015 9:25,STTD,2015,D,FALSE,CLD,NA,NA,12.6,0.24,639,NA,8.78,8.07,44.4,10,Low,518680,522500,3820,3820,25.13221769,25.13221769,1,NA,NA,Aquatic Insects,32,Family,Ceratopogonidae,Ceratopogonidae,Pupae,1,0.04,0.04,NA,NA,NA,NA,NA,NA,NA,NA,NA,NA,NA   NA   NA   NA,NA   NA   NA   NA
STTD_2015-02-04 09:25:00,2/4/2015 9:25,STTD,2015,D,FALSE,CLD,NA,NA,12.6,0.24,639,NA,8.78,8.07,44.4,10,Low,518680,522500,3820,3820,25.13221769,25.13221769,1,NA,NA,Aquatic Insects,37,Family,Psychodidae,Psychodidae,Adults,3,0.119,0.119,NA,NA,NA,NA,NA,NA,NA,NA,NA,NA,NA   NA   NA   NA,NA   NA   NA   NA
STTD_2015-02-04 09:25:00,2/4/2015 9:25,STTD,2015,D,FALSE,CLD,NA,NA,12.6,0.24,639,NA,8.78,8.07,44.4,10,Low,518680,522500,3820,3820,25.13221769,25.13221769,1,NA,NA,Aquatic Non-Insects,20,Family,Physidae,Physidae,NotDetermined,2,0.08,0.08,NA,NA,NA,NA,NA,NA,NA,NA,NA,NA,NA   NA   NA   NA,NA   NA   NA   NA
STTD_2015-02-04 09:25:00,2/4/2015 9:25,STTD,2015,D,FALSE,CLD,NA,NA,12.6,0.24,639,NA,8.78,8.07,44.4,10,Low,518680,522500,3820,3820,25.13221769,25.13221769,1,NA,NA,Aquatic Non-Insects,15,Family,Hyalellidae,Hyalellidae,NotDetermined,35,1.393,1.393,NA,NA,NA,NA,NA,NA,NA,NA,NA,NA,NA   NA   NA   NA,NA   NA   NA   NA
STTD_2015-02-04 09:25:00,2/4/2015 9:25,STTD,2015,D,FALSE,CLD,NA,NA,12.6,0.24,639,NA,8.78,8.07,44.4,10,Low,518680,522500,3820,3820,25.13221769,25.13221769,1,NA,NA,Terrestrial Insects,71,Order,Hemiptera,Hemiptera,Adults,12,0.477,0.477,NA,NA,NA,NA,NA,NA,NA,NA,NA,NA,NA   NA   NA   NA,NA   NA   NA   NA
STTD_2015-02-04 09:25:00,2/4/2015 9:25,STTD,2015,D,FALSE,CLD,NA,NA,12.6,0.24,639,NA,8.78,8.07,44.4,10,Low,518680,522500,3820,3820,25.13221769,25.13221769,1,NA,NA,Terrestrial Insects,63,Order,Coleoptera,Coleoptera,Adults,6,0.239,0.239,NA,NA,NA,NA,NA,NA,NA,NA,NA,NA,NA   NA   NA   NA,NA   NA   NA   NA
STTD_2015-02-04 09:25:00,2/4/2015 9:25,STTD,2015,D,FALSE,CLD,NA,NA,12.6,0.24,639,NA,8.78,8.07,44.4,10,Low,518680,522500,3820,3820,25.13221769,25.13221769,1,NA,NA,Terrestrial Insects,64,Order,Diptera,Diptera,Adults,2,0.08,0.08,NA,NA,NA,NA,NA,NA,NA,NA,NA,NA,NA   NA   NA   NA,NA   NA   NA   NA
STTD_2015-02-04 09:25:00,2/4/2015 9:25,STTD,2015,D,FALSE,CLD,NA,NA,12.6,0.24,639,NA,8.78,8.07,44.4,10,Low,518680,522500,3820,3820,25.13221769,25.13221769,1,NA,NA,Terrestrial Non-Insects,68,Order,Collembola,Collembola,NotDetermined,22,0.875,0.875,NA,NA,NA,NA,NA,NA,NA,NA,NA,NA,NA   NA   NA   NA,NA   NA   NA   NA
STTD_2015-02-04 09:25:00,2/4/2015 9:25,STTD,2015,D,FALSE,CLD,NA,NA,12.6,0.24,639,NA,8.78,8.07,44.4,10,Low,518680,522500,3820,3820,25.13221769,25.13221769,1,NA,NA,Terrestrial Insects,66,Order,Hymenoptera,Hymenoptera,Adults,6,0.239,0.239,NA,NA,NA,NA,NA,NA,NA,NA,NA,NA,NA   NA   NA   NA,NA   NA   NA   NA
STTD_2015-02-04 09:25:00,2/4/2015 9:25,STTD,2015,D,FALSE,CLD,NA,NA,12.6,0.24,639,NA,8.78,8.07,44.4,10,Low,518680,522500,3820,3820,25.13221769,25.13221769,1,NA,NA,Terrestrial Insects,67,Order,Psocoptera,Psocoptera,Adults,1,0.04,0.04,NA,NA,NA,NA,NA,NA,NA,NA,NA,NA,NA   NA   NA   NA,NA   NA   NA   NA
STTD_2015-02-04 09:25:00,2/4/2015 9:25,STTD,2015,D,FALSE,CLD,NA,NA,12.6,0.24,639,NA,8.78,8.07,44.4,10,Low,518680,522500,3820,3820,25.13221769,25.13221769,1,NA,NA,Terrestrial Non-Insects,57,Subclass,Acari,Acari,NotDetermined,5,0.199,0.199,NA,NA,NA,NA,NA,NA,NA,NA,NA,NA,NA   NA   NA   NA,NA   NA   NA   NA
STTD_2015-02-04 09:25:00,2/4/2015 9:25,STTD,2015,D,FALSE,CLD,NA,NA,12.6,0.24,639,NA,8.78,8.07,44.4,10,Low,518680,522500,3820,3820,25.13221769,25.13221769,1,NA,NA,Terrestrial Non-Insects,157,Order,Araneae,Araneae,NotDetermined,2,0.08,0.08,NA,NA,NA,NA,NA,NA,NA,NA,NA,NA,NA   NA   NA   NA,NA   NA   NA   NA
STTD_2015-02-17 09:30:00,2/17/2015 9:30,STTD,2015,D,FALSE,CLR,NA,NA,15.6,0.17,465,NA,7.91,7.16,46.8,10,Low,512466,519000,6534,6534,42.98793466,42.98793466,1,"ebb tide, off trap",NA,Aquatic Insects,46,Family,Coenagrionidae,Coenagrionidae,Larvae,1,0.023,0.023,NA,NA,NA,NA,NA,NA,NA,NA,NA,NA,NA   NA   NA   NA,NA   NA   NA   NA
STTD_2015-02-17 09:30:00,2/17/2015 9:30,STTD,2015,D,FALSE,CLR,NA,NA,15.6,0.17,465,NA,7.91,7.16,46.8,10,Low,512466,519000,6534,6534,42.98793466,42.98793466,1,"ebb tide, off trap",NA,Aquatic Insects,44,Family,Corixidae,Corixidae,Larvae,28,0.651,0.651,NA,NA,NA,NA,NA,NA,NA,NA,NA,NA,NA   NA   NA   NA,NA   NA   NA   NA
STTD_2015-02-17 09:30:00,2/17/2015 9:30,STTD,2015,D,FALSE,CLR,NA,NA,15.6,0.17,465,NA,7.91,7.16,46.8,10,Low,512466,519000,6534,6534,42.98793466,42.98793466,1,"ebb tide, off trap",NA,Aquatic Insects,44,Family,Corixidae,Corixidae,Adults,1,0.023,0.023,NA,NA,NA,NA,NA,NA,NA,NA,NA,NA,NA   NA   NA   NA,NA   NA   NA   NA
STTD_2015-02-17 09:30:00,2/17/2015 9:30,STTD,2015,D,FALSE,CLR,NA,NA,15.6,0.17,465,NA,7.91,7.16,46.8,10,Low,512466,519000,6534,6534,42.98793466,42.98793466,1,"ebb tide, off trap",NA,Aquatic Insects,34,Family,Chironomidae,Chironomidae,Larvae,4,0.093,0.093,NA,NA,NA,NA,NA,NA,NA,NA,NA,NA,NA   NA   NA   NA,NA   NA   NA   NA
STTD_2015-02-17 09:30:00,2/17/2015 9:30,STTD,2015,D,FALSE,CLR,NA,NA,15.6,0.17,465,NA,7.91,7.16,46.8,10,Low,512466,519000,6534,6534,42.98793466,42.98793466,1,"ebb tide, off trap",NA,Aquatic Insects,34,Family,Chironomidae,Chironomidae,Pupae,1,0.023,0.023,NA,NA,NA,NA,NA,NA,NA,NA,NA,NA,NA   NA   NA   NA,NA   NA   NA   NA
STTD_2015-02-17 09:30:00,2/17/2015 9:30,STTD,2015,D,FALSE,CLR,NA,NA,15.6,0.17,465,NA,7.91,7.16,46.8,10,Low,512466,519000,6534,6534,42.98793466,42.98793466,1,"ebb tide, off trap",NA,Aquatic Insects,34,Family,Chironomidae,Chironomidae,Adults,1,0.023,0.023,NA,NA,NA,NA,NA,NA,NA,NA,NA,NA,NA   NA   NA   NA,NA   NA   NA   NA
STTD_2015-02-17 09:30:00,2/17/2015 9:30,STTD,2015,D,FALSE,CLR,NA,NA,15.6,0.17,465,NA,7.91,7.16,46.8,10,Low,512466,519000,6534,6534,42.98793466,42.98793466,1,"ebb tide, off trap",NA,Aquatic Insects,32,Family,Ceratopogonidae,Ceratopogonidae,Larvae,1,0.023,0.023,NA,NA,NA,NA,NA,NA,NA,NA,NA,NA,NA   NA   NA   NA,NA   NA   NA   NA
STTD_2015-02-17 09:30:00,2/17/2015 9:30,STTD,2015,D,FALSE,CLR,NA,NA,15.6,0.17,465,NA,7.91,7.16,46.8,10,Low,512466,519000,6534,6534,42.98793466,42.98793466,1,"ebb tide, off trap",NA,Aquatic Non-Insects,15,Family,Hyalellidae,Hyalellidae,NotDetermined,20,0.465,0.465,NA,NA,NA,NA,NA,NA,NA,NA,NA,NA,NA   NA   NA   NA,NA   NA   NA   NA
STTD_2015-02-17 09:30:00,2/17/2015 9:30,STTD,2015,D,FALSE,CLR,NA,NA,15.6,0.17,465,NA,7.91,7.16,46.8,10,Low,512466,519000,6534,6534,42.98793466,42.98793466,1,"ebb tide, off trap",NA,Aquatic Non-Insects,29,Family,Sperchontidae,Sperchontidae,NotDetermined,1,0.023,0.023,NA,NA,NA,NA,NA,NA,NA,NA,NA,NA,NA   NA   NA   NA,NA   NA   NA   NA
STTD_2015-02-17 09:30:00,2/17/2015 9:30,STTD,2015,D,FALSE,CLR,NA,NA,15.6,0.17,465,NA,7.91,7.16,46.8,10,Low,512466,519000,6534,6534,42.98793466,42.98793466,1,"ebb tide, off trap",NA,Aquatic Non-Insects,146,Family,Sperchontidae,Sperchontidae,NotDetermined,1,0.023,0.023,NA,NA,NA,NA,NA,NA,NA,NA,NA,NA,NA   NA   NA   NA,NA   NA   NA   NA
STTD_2015-02-17 09:30:00,2/17/2015 9:30,STTD,2015,D,FALSE,CLR,NA,NA,15.6,0.17,465,NA,7.91,7.16,46.8,10,Low,512466,519000,6534,6534,42.98793466,42.98793466,1,"ebb tide, off trap",NA,Terrestrial Non-Insects,68,Order,Collembola,Collembola,NotDetermined,1,0.023,0.023,NA,NA,NA,NA,NA,NA,NA,NA,NA,NA,NA   NA   NA   NA,NA   NA   NA   NA
STTD_2015-02-17 09:30:00,2/17/2015 9:30,STTD,2015,D,FALSE,CLR,NA,NA,15.6,0.17,465,NA,7.91,7.16,46.8,10,Low,512466,519000,6534,6534,42.98793466,42.98793466,1,"ebb tide, off trap",NA,Terrestrial Insects,66,Order,Hymenoptera,Hymenoptera,Adults,2,0.047,0.047,NA,NA,NA,NA,NA,NA,NA,NA,NA,NA,NA   NA   NA   NA,NA   NA   NA   NA
SHR_2015-02-18 09:27:00,2/18/2015 9:27,SHR,2015,D,FALSE,FOG,NA,NA,13.8,0.4,174,NA,7.96,9.76,42.4,10,Low,505286,512000,6714,6714,44.17217528,44.17217528,1,NA,NA,Aquatic Insects,40,Family,Caenidae,Caenidae,Larvae,1,0.023,0.023,NA,NA,NA,NA,NA,NA,NA,NA,NA,NA,NA   NA   NA   NA,NA   NA   NA   NA
SHR_2015-02-18 09:27:00,2/18/2015 9:27,SHR,2015,D,FALSE,FOG,NA,NA,13.8,0.4,174,NA,7.96,9.76,42.4,10,Low,505286,512000,6714,6714,44.17217528,44.17217528,1,NA,NA,Aquatic Insects,46,Family,Coenagrionidae,Coenagrionidae,Larvae,2,0.045,0.045,NA,NA,NA,NA,NA,NA,NA,NA,NA,NA,NA   NA   NA   NA,NA   NA   NA   NA
SHR_2015-02-18 09:27:00,2/18/2015 9:27,SHR,2015,D,FALSE,FOG,NA,NA,13.8,0.4,174,NA,7.96,9.76,42.4,10,Low,505286,512000,6714,6714,44.17217528,44.17217528,1,NA,NA,Aquatic Insects,44,Family,Corixidae,Corixidae,Larvae,25,0.566,0.566,NA,NA,NA,NA,NA,NA,NA,NA,NA,NA,NA   NA   NA   NA,NA   NA   NA   NA
SHR_2015-02-18 09:27:00,2/18/2015 9:27,SHR,2015,D,FALSE,FOG,NA,NA,13.8,0.4,174,NA,7.96,9.76,42.4,10,Low,505286,512000,6714,6714,44.17217528,44.17217528,1,NA,NA,Aquatic Insects,44,Family,Corixidae,Corixidae,Adults,8,0.181,0.181,NA,NA,NA,NA,NA,NA,NA,NA,NA,NA,NA   NA   NA   NA,NA   NA   NA   NA
SHR_2015-02-18 09:27:00,2/18/2015 9:27,SHR,2015,D,FALSE,FOG,NA,NA,13.8,0.4,174,NA,7.96,9.76,42.4,10,Low,505286,512000,6714,6714,44.17217528,44.17217528,1,NA,NA,Aquatic Insects,30,Family,Dytiscidae,Dytiscidae,Adults,3,0.068,0.068,NA,NA,NA,NA,NA,NA,NA,NA,NA,NA,NA   NA   NA   NA,NA   NA   NA   NA
SHR_2015-02-18 09:27:00,2/18/2015 9:27,SHR,2015,D,FALSE,FOG,NA,NA,13.8,0.4,174,NA,7.96,9.76,42.4,10,Low,505286,512000,6714,6714,44.17217528,44.17217528,1,NA,NA,Aquatic Insects,34,Family,Chironomidae,Chironomidae,Larvae,17,0.385,0.385,NA,NA,NA,NA,NA,NA,NA,NA,NA,NA,NA   NA   NA   NA,NA   NA   NA   NA
SHR_2015-02-18 09:27:00,2/18/2015 9:27,SHR,2015,D,FALSE,FOG,NA,NA,13.8,0.4,174,NA,7.96,9.76,42.4,10,Low,505286,512000,6714,6714,44.17217528,44.17217528,1,NA,NA,Aquatic Insects,34,Family,Chironomidae,Chironomidae,Pupae,3,0.068,0.068,NA,NA,NA,NA,NA,NA,NA,NA,NA,NA,NA   NA   NA   NA,NA   NA   NA   NA
SHR_2015-02-18 09:27:00,2/18/2015 9:27,SHR,2015,D,FALSE,FOG,NA,NA,13.8,0.4,174,NA,7.96,9.76,42.4,10,Low,505286,512000,6714,6714,44.17217528,44.17217528,1,NA,NA,Aquatic Insects,34,Family,Chironomidae,Chironomidae,Adults,27,0.611,0.611,NA,NA,NA,NA,NA,NA,NA,NA,NA,NA,NA   NA   NA   NA,NA   NA   NA   NA
SHR_2015-02-18 09:27:00,2/18/2015 9:27,SHR,2015,D,FALSE,FOG,NA,NA,13.8,0.4,174,NA,7.96,9.76,42.4,10,Low,505286,512000,6714,6714,44.17217528,44.17217528,1,NA,NA,Aquatic Insects,37,Family,Psychodidae,Psychodidae,Adults,1,0.023,0.023,NA,NA,NA,NA,NA,NA,NA,NA,NA,NA,NA   NA   NA   NA,NA   NA   NA   NA
SHR_2015-02-18 09:27:00,2/18/2015 9:27,SHR,2015,D,FALSE,FOG,NA,NA,13.8,0.4,174,NA,7.96,9.76,42.4,10,Low,505286,512000,6714,6714,44.17217528,44.17217528,1,NA,NA,Aquatic Non-Insects,20,Family,Physidae,Physidae,NotDetermined,2,0.045,0.045,NA,NA,NA,NA,NA,NA,NA,NA,NA,NA,NA   NA   NA   NA,NA   NA   NA   NA
SHR_2015-02-18 09:27:00,2/18/2015 9:27,SHR,2015,D,FALSE,FOG,NA,NA,13.8,0.4,174,NA,7.96,9.76,42.4,10,Low,505286,512000,6714,6714,44.17217528,44.17217528,1,NA,NA,Aquatic Non-Insects,15,Family,Hyalellidae,Hyalellidae,NotDetermined,20,0.453,0.453,NA,NA,NA,NA,NA,NA,NA,NA,NA,NA,NA   NA   NA   NA,NA   NA   NA   NA
SHR_2015-02-18 09:27:00,2/18/2015 9:27,SHR,2015,D,FALSE,FOG,NA,NA,13.8,0.4,174,NA,7.96,9.76,42.4,10,Low,505286,512000,6714,6714,44.17217528,44.17217528,1,NA,NA,Aquatic Non-Insects,77,Family,Hygrobatidae,Hygrobatidae,NotDetermined,1,0.023,0.023,NA,NA,NA,NA,NA,NA,NA,NA,NA,NA,NA   NA   NA   NA,NA   NA   NA   NA
SHR_2015-02-18 09:27:00,2/18/2015 9:27,SHR,2015,D,FALSE,FOG,NA,NA,13.8,0.4,174,NA,7.96,9.76,42.4,10,Low,505286,512000,6714,6714,44.17217528,44.17217528,1,NA,NA,Aquatic Non-Insects,28,Family,Lebertiidae,Lebertiidae,NotDetermined,8,0.181,0.181,NA,NA,NA,NA,NA,NA,NA,NA,NA,NA,NA   NA   NA   NA,NA   NA   NA   NA
SHR_2015-02-18 09:27:00,2/18/2015 9:27,SHR,2015,D,FALSE,FOG,NA,NA,13.8,0.4,174,NA,7.96,9.76,42.4,10,Low,505286,512000,6714,6714,44.17217528,44.17217528,1,NA,NA,Aquatic Non-Insects,120,Family,Lebertiidae,Lebertiidae,NotDetermined,8,0.181,0.181,NA,NA,NA,NA,NA,NA,NA,NA,NA,NA,NA   NA   NA   NA,NA   NA   NA   NA
SHR_2015-02-18 09:27:00,2/18/2015 9:27,SHR,2015,D,FALSE,FOG,NA,NA,13.8,0.4,174,NA,7.96,9.76,42.4,10,Low,505286,512000,6714,6714,44.17217528,44.17217528,1,NA,NA,Aquatic Non-Insects,123,Family,Pionidae,Pionidae,NotDetermined,1,0.023,0.023,NA,NA,NA,NA,NA,NA,NA,NA,NA,NA,NA   NA   NA   NA,NA   NA   NA   NA
SHR_2015-02-18 09:27:00,2/18/2015 9:27,SHR,2015,D,FALSE,FOG,NA,NA,13.8,0.4,174,NA,7.96,9.76,42.4,10,Low,505286,512000,6714,6714,44.17217528,44.17217528,1,NA,NA,Terrestrial Insects,71,Order,Hemiptera,Hemiptera,Larvae,1,0.023,0.023,NA,NA,NA,NA,NA,NA,NA,NA,NA,NA,NA   NA   NA   NA,NA   NA   NA   NA
SHR_2015-02-18 09:27:00,2/18/2015 9:27,SHR,2015,D,FALSE,FOG,NA,NA,13.8,0.4,174,NA,7.96,9.76,42.4,10,Low,505286,512000,6714,6714,44.17217528,44.17217528,1,NA,NA,Terrestrial Insects,71,Order,Hemiptera,Hemiptera,Adults,17,0.385,0.385,NA,NA,NA,NA,NA,NA,NA,NA,NA,NA,NA   NA   NA   NA,NA   NA   NA   NA
SHR_2015-02-18 09:27:00,2/18/2015 9:27,SHR,2015,D,FALSE,FOG,NA,NA,13.8,0.4,174,NA,7.96,9.76,42.4,10,Low,505286,512000,6714,6714,44.17217528,44.17217528,1,NA,NA,Terrestrial Insects,63,Order,Coleoptera,Coleoptera,Adults,3,0.068,0.068,NA,NA,NA,NA,NA,NA,NA,NA,NA,NA,NA   NA   NA   NA,NA   NA   NA   NA
SHR_2015-02-18 09:27:00,2/18/2015 9:27,SHR,2015,D,FALSE,FOG,NA,NA,13.8,0.4,174,NA,7.96,9.76,42.4,10,Low,505286,512000,6714,6714,44.17217528,44.17217528,1,NA,NA,Terrestrial Insects,64,Order,Diptera,Diptera,Adults,4,0.091,0.091,NA,NA,NA,NA,NA,NA,NA,NA,NA,NA,NA   NA   NA   NA,NA   NA   NA   NA
SHR_2015-02-18 09:27:00,2/18/2015 9:27,SHR,2015,D,FALSE,FOG,NA,NA,13.8,0.4,174,NA,7.96,9.76,42.4,10,Low,505286,512000,6714,6714,44.17217528,44.17217528,1,NA,NA,Terrestrial Non-Insects,68,Order,Collembola,Collembola,NotDetermined,1,0.023,0.023,NA,NA,NA,NA,NA,NA,NA,NA,NA,NA,NA   NA   NA   NA,NA   NA   NA   NA
SHR_2015-02-18 09:27:00,2/18/2015 9:27,SHR,2015,D,FALSE,FOG,NA,NA,13.8,0.4,174,NA,7.96,9.76,42.4,10,Low,505286,512000,6714,6714,44.17217528,44.17217528,1,NA,NA,Terrestrial Insects,66,Order,Hymenoptera,Hymenoptera,Adults,11,0.249,0.249,NA,NA,NA,NA,NA,NA,NA,NA,NA,NA,NA   NA   NA   NA,NA   NA   NA   NA
SHR_2015-03-03 09:26:00,3/3/2015 9:26,SHR,2015,D,FALSE,CLR,NA,NA,12.9,0.9,156,NA,7.66,9.77,8.3,10,Low,500081,505000,4919,4919,32.36266461,32.36266461,1,NA,NA,Aquatic Insects,44,Family,Corixidae,Corixidae,Larvae,1,0.031,0.031,NA,NA,NA,NA,NA,NA,NA,NA,NA,NA,NA   NA   NA   NA,NA   NA   NA   NA
SHR_2015-03-03 09:26:00,3/3/2015 9:26,SHR,2015,D,FALSE,CLR,NA,NA,12.9,0.9,156,NA,7.66,9.77,8.3,10,Low,500081,505000,4919,4919,32.36266461,32.36266461,1,NA,NA,Aquatic Insects,34,Family,Chironomidae,Chironomidae,Adults,7,0.216,0.216,NA,NA,NA,NA,NA,NA,NA,NA,NA,NA,NA   NA   NA   NA,NA   NA   NA   NA
SHR_2015-03-03 09:26:00,3/3/2015 9:26,SHR,2015,D,FALSE,CLR,NA,NA,12.9,0.9,156,NA,7.66,9.77,8.3,10,Low,500081,505000,4919,4919,32.36266461,32.36266461,1,NA,NA,Aquatic Insects,32,Family,Ceratopogonidae,Ceratopogonidae,Larvae,1,0.031,0.031,NA,NA,NA,NA,NA,NA,NA,NA,NA,NA,NA   NA   NA   NA,NA   NA   NA   NA
SHR_2015-03-03 09:26:00,3/3/2015 9:26,SHR,2015,D,FALSE,CLR,NA,NA,12.9,0.9,156,NA,7.66,9.77,8.3,10,Low,500081,505000,4919,4919,32.36266461,32.36266461,1,NA,NA,Aquatic Non-Insects,77,Family,Hygrobatidae,Hygrobatidae,NotDetermined,1,0.031,0.031,NA,NA,NA,NA,NA,NA,NA,NA,NA,NA,NA   NA   NA   NA,NA   NA   NA   NA
SHR_2015-03-03 09:26:00,3/3/2015 9:26,SHR,2015,D,FALSE,CLR,NA,NA,12.9,0.9,156,NA,7.66,9.77,8.3,10,Low,500081,505000,4919,4919,32.36266461,32.36266461,1,NA,NA,Aquatic Non-Insects,28,Family,Lebertiidae,Lebertiidae,NotDetermined,1,0.031,0.031,NA,NA,NA,NA,NA,NA,NA,NA,NA,NA,NA   NA   NA   NA,NA   NA   NA   NA
SHR_2015-03-03 09:26:00,3/3/2015 9:26,SHR,2015,D,FALSE,CLR,NA,NA,12.9,0.9,156,NA,7.66,9.77,8.3,10,Low,500081,505000,4919,4919,32.36266461,32.36266461,1,NA,NA,Aquatic Non-Insects,120,Family,Lebertiidae,Lebertiidae,NotDetermined,1,0.031,0.031,NA,NA,NA,NA,NA,NA,NA,NA,NA,NA,NA   NA   NA   NA,NA   NA   NA   NA
SHR_2015-03-03 09:26:00,3/3/2015 9:26,SHR,2015,D,FALSE,CLR,NA,NA,12.9,0.9,156,NA,7.66,9.77,8.3,10,Low,500081,505000,4919,4919,32.36266461,32.36266461,1,NA,NA,Aquatic Non-Insects,18,Family,Hydridae,Hydridae,NotDetermined,7,0.216,0.216,NA,NA,NA,NA,NA,NA,NA,NA,NA,NA,NA   NA   NA   NA,NA   NA   NA   NA
SHR_2015-03-03 09:26:00,3/3/2015 9:26,SHR,2015,D,FALSE,CLR,NA,NA,12.9,0.9,156,NA,7.66,9.77,8.3,10,Low,500081,505000,4919,4919,32.36266461,32.36266461,1,NA,NA,Terrestrial Insects,71,Order,Hemiptera,Hemiptera,Larvae,2,0.062,0.062,NA,NA,NA,NA,NA,NA,NA,NA,NA,NA,NA   NA   NA   NA,NA   NA   NA   NA
SHR_2015-03-03 09:26:00,3/3/2015 9:26,SHR,2015,D,FALSE,CLR,NA,NA,12.9,0.9,156,NA,7.66,9.77,8.3,10,Low,500081,505000,4919,4919,32.36266461,32.36266461,1,NA,NA,Terrestrial Insects,71,Order,Hemiptera,Hemiptera,Adults,7,0.216,0.216,NA,NA,NA,NA,NA,NA,NA,NA,NA,NA,NA   NA   NA   NA,NA   NA   NA   NA
SHR_2015-03-03 09:26:00,3/3/2015 9:26,SHR,2015,D,FALSE,CLR,NA,NA,12.9,0.9,156,NA,7.66,9.77,8.3,10,Low,500081,505000,4919,4919,32.36266461,32.36266461,1,NA,NA,Terrestrial Insects,64,Order,Diptera,Diptera,Adults,4,0.124,0.124,NA,NA,NA,NA,NA,NA,NA,NA,NA,NA,NA   NA   NA   NA,NA   NA   NA   NA
SHR_2015-03-03 09:26:00,3/3/2015 9:26,SHR,2015,D,FALSE,CLR,NA,NA,12.9,0.9,156,NA,7.66,9.77,8.3,10,Low,500081,505000,4919,4919,32.36266461,32.36266461,1,NA,NA,Terrestrial Insects,66,Order,Hymenoptera,Hymenoptera,Adults,2,0.062,0.062,NA,NA,NA,NA,NA,NA,NA,NA,NA,NA,NA   NA   NA   NA,NA   NA   NA   NA
STTD_2015-03-04 09:38:00,3/4/2015 9:38,STTD,2015,D,FALSE,CLR,NA,NA,14,0.29,707,NA,8.14,8.64,45.8,10,Low,496087,500000,3913,3913,25.74407535,25.74407535,1,NA,NA,Aquatic Insects,46,Family,Coenagrionidae,Coenagrionidae,Larvae,3,0.117,0.117,NA,NA,NA,NA,NA,NA,NA,NA,NA,NA,NA   NA   NA   NA,NA   NA   NA   NA
STTD_2015-03-04 09:38:00,3/4/2015 9:38,STTD,2015,D,FALSE,CLR,NA,NA,14,0.29,707,NA,8.14,8.64,45.8,10,Low,496087,500000,3913,3913,25.74407535,25.74407535,1,NA,NA,Aquatic Insects,44,Family,Corixidae,Corixidae,Larvae,3,0.117,0.117,NA,NA,NA,NA,NA,NA,NA,NA,NA,NA,NA   NA   NA   NA,NA   NA   NA   NA
STTD_2015-03-04 09:38:00,3/4/2015 9:38,STTD,2015,D,FALSE,CLR,NA,NA,14,0.29,707,NA,8.14,8.64,45.8,10,Low,496087,500000,3913,3913,25.74407535,25.74407535,1,NA,NA,Aquatic Insects,30,Family,Dytiscidae,Dytiscidae,Adults,1,0.039,0.039,NA,NA,NA,NA,NA,NA,NA,NA,NA,NA,NA   NA   NA   NA,NA   NA   NA   NA
STTD_2015-03-04 09:38:00,3/4/2015 9:38,STTD,2015,D,FALSE,CLR,NA,NA,14,0.29,707,NA,8.14,8.64,45.8,10,Low,496087,500000,3913,3913,25.74407535,25.74407535,1,NA,NA,Aquatic Insects,34,Family,Chironomidae,Chironomidae,Larvae,3,0.117,0.117,NA,NA,NA,NA,NA,NA,NA,NA,NA,NA,NA   NA   NA   NA,NA   NA   NA   NA
STTD_2015-03-04 09:38:00,3/4/2015 9:38,STTD,2015,D,FALSE,CLR,NA,NA,14,0.29,707,NA,8.14,8.64,45.8,10,Low,496087,500000,3913,3913,25.74407535,25.74407535,1,NA,NA,Aquatic Insects,34,Family,Chironomidae,Chironomidae,Pupae,4,0.155,0.155,NA,NA,NA,NA,NA,NA,NA,NA,NA,NA,NA   NA   NA   NA,NA   NA   NA   NA
STTD_2015-03-04 09:38:00,3/4/2015 9:38,STTD,2015,D,FALSE,CLR,NA,NA,14,0.29,707,NA,8.14,8.64,45.8,10,Low,496087,500000,3913,3913,25.74407535,25.74407535,1,NA,NA,Aquatic Insects,34,Family,Chironomidae,Chironomidae,Adults,308,11.964,11.964,NA,NA,NA,NA,NA,NA,NA,NA,NA,NA,NA   NA   NA   NA,NA   NA   NA   NA
STTD_2015-03-04 09:38:00,3/4/2015 9:38,STTD,2015,D,FALSE,CLR,NA,NA,14,0.29,707,NA,8.14,8.64,45.8,10,Low,496087,500000,3913,3913,25.74407535,25.74407535,1,NA,NA,Aquatic Insects,32,Family,Ceratopogonidae,Ceratopogonidae,Adults,1,0.039,0.039,NA,NA,NA,NA,NA,NA,NA,NA,NA,NA,NA   NA   NA   NA,NA   NA   NA   NA
STTD_2015-03-04 09:38:00,3/4/2015 9:38,STTD,2015,D,FALSE,CLR,NA,NA,14,0.29,707,NA,8.14,8.64,45.8,10,Low,496087,500000,3913,3913,25.74407535,25.74407535,1,NA,NA,Aquatic Insects,37,Family,Psychodidae,Psychodidae,Adults,12,0.466,0.466,NA,NA,NA,NA,NA,NA,NA,NA,NA,NA,NA   NA   NA   NA,NA   NA   NA   NA
STTD_2015-03-04 09:38:00,3/4/2015 9:38,STTD,2015,D,FALSE,CLR,NA,NA,14,0.29,707,NA,8.14,8.64,45.8,10,Low,496087,500000,3913,3913,25.74407535,25.74407535,1,NA,NA,Aquatic Non-Insects,2,Family,Enchytraeidae,Enchytraeidae,NotDetermined,1,0.039,0.039,NA,NA,NA,NA,NA,NA,NA,NA,NA,NA,NA   NA   NA   NA,NA   NA   NA   NA
STTD_2015-03-04 09:38:00,3/4/2015 9:38,STTD,2015,D,FALSE,CLR,NA,NA,14,0.29,707,NA,8.14,8.64,45.8,10,Low,496087,500000,3913,3913,25.74407535,25.74407535,1,NA,NA,Aquatic Non-Insects,19,Family,Corbiculidae,Corbiculidae,NotDetermined,2,0.078,0.078,NA,NA,NA,NA,NA,NA,NA,NA,NA,NA,NA   NA   NA   NA,NA   NA   NA   NA
STTD_2015-03-04 09:38:00,3/4/2015 9:38,STTD,2015,D,FALSE,CLR,NA,NA,14,0.29,707,NA,8.14,8.64,45.8,10,Low,496087,500000,3913,3913,25.74407535,25.74407535,1,NA,NA,Aquatic Non-Insects,20,Family,Physidae,Physidae,NotDetermined,2,0.078,0.078,NA,NA,NA,NA,NA,NA,NA,NA,NA,NA,NA   NA   NA   NA,NA   NA   NA   NA
STTD_2015-03-04 09:38:00,3/4/2015 9:38,STTD,2015,D,FALSE,CLR,NA,NA,14,0.29,707,NA,8.14,8.64,45.8,10,Low,496087,500000,3913,3913,25.74407535,25.74407535,1,NA,NA,Aquatic Non-Insects,15,Family,Hyalellidae,Hyalellidae,NotDetermined,103,4.001,4.001,NA,NA,NA,NA,NA,NA,NA,NA,NA,NA,NA   NA   NA   NA,NA   NA   NA   NA
STTD_2015-03-04 09:38:00,3/4/2015 9:38,STTD,2015,D,FALSE,CLR,NA,NA,14,0.29,707,NA,8.14,8.64,45.8,10,Low,496087,500000,3913,3913,25.74407535,25.74407535,1,NA,NA,Terrestrial Insects,71,Order,Hemiptera,Hemiptera,Adults,34,1.321,1.321,NA,NA,NA,NA,NA,NA,NA,NA,NA,NA,NA   NA   NA   NA,NA   NA   NA   NA
STTD_2015-03-04 09:38:00,3/4/2015 9:38,STTD,2015,D,FALSE,CLR,NA,NA,14,0.29,707,NA,8.14,8.64,45.8,10,Low,496087,500000,3913,3913,25.74407535,25.74407535,1,NA,NA,Terrestrial Insects,63,Order,Coleoptera,Coleoptera,Adults,5,0.194,0.194,NA,NA,NA,NA,NA,NA,NA,NA,NA,NA,NA   NA   NA   NA,NA   NA   NA   NA
STTD_2015-03-04 09:38:00,3/4/2015 9:38,STTD,2015,D,FALSE,CLR,NA,NA,14,0.29,707,NA,8.14,8.64,45.8,10,Low,496087,500000,3913,3913,25.74407535,25.74407535,1,NA,NA,Terrestrial Insects,64,Order,Diptera,Diptera,Adults,4,0.155,0.155,NA,NA,NA,NA,NA,NA,NA,NA,NA,NA,NA   NA   NA   NA,NA   NA   NA   NA
STTD_2015-03-04 09:38:00,3/4/2015 9:38,STTD,2015,D,FALSE,CLR,NA,NA,14,0.29,707,NA,8.14,8.64,45.8,10,Low,496087,500000,3913,3913,25.74407535,25.74407535,1,NA,NA,Terrestrial Non-Insects,68,Order,Collembola,Collembola,NotDetermined,31,1.204,1.204,NA,NA,NA,NA,NA,NA,NA,NA,NA,NA,NA   NA   NA   NA,NA   NA   NA   NA
STTD_2015-03-04 09:38:00,3/4/2015 9:38,STTD,2015,D,FALSE,CLR,NA,NA,14,0.29,707,NA,8.14,8.64,45.8,10,Low,496087,500000,3913,3913,25.74407535,25.74407535,1,NA,NA,Terrestrial Insects,66,Order,Hymenoptera,Hymenoptera,Adults,4,0.155,0.155,NA,NA,NA,NA,NA,NA,NA,NA,NA,NA,NA   NA   NA   NA,NA   NA   NA   NA
STTD_2015-03-04 09:38:00,3/4/2015 9:38,STTD,2015,D,FALSE,CLR,NA,NA,14,0.29,707,NA,8.14,8.64,45.8,10,Low,496087,500000,3913,3913,25.74407535,25.74407535,1,NA,NA,Terrestrial Insects,67,Order,Psocoptera,Psocoptera,Larvae,1,0.039,0.039,NA,NA,NA,NA,NA,NA,NA,NA,NA,NA,NA   NA   NA   NA,NA   NA   NA   NA
STTD_2015-03-04 09:38:00,3/4/2015 9:38,STTD,2015,D,FALSE,CLR,NA,NA,14,0.29,707,NA,8.14,8.64,45.8,10,Low,496087,500000,3913,3913,25.74407535,25.74407535,1,NA,NA,Terrestrial Non-Insects,126,Class,Gastropoda,Gastropoda,NotDetermined,5,0.194,0.194,NA,NA,NA,NA,NA,NA,NA,NA,NA,NA,NA   NA   NA   NA,NA   NA   NA   NA
STTD_2015-03-04 09:38:00,3/4/2015 9:38,STTD,2015,D,FALSE,CLR,NA,NA,14,0.29,707,NA,8.14,8.64,45.8,10,Low,496087,500000,3913,3913,25.74407535,25.74407535,1,NA,NA,Terrestrial Non-Insects,57,Subclass,Acari,Acari,NotDetermined,4,0.155,0.155,NA,NA,NA,NA,NA,NA,NA,NA,NA,NA,NA   NA   NA   NA,NA   NA   NA   NA
STTD_2015-03-04 09:38:00,3/4/2015 9:38,STTD,2015,D,FALSE,CLR,NA,NA,14,0.29,707,NA,8.14,8.64,45.8,10,Low,496087,500000,3913,3913,25.74407535,25.74407535,1,NA,NA,Terrestrial Non-Insects,157,Order,Araneae,Araneae,NotDetermined,3,0.117,0.117,NA,NA,NA,NA,NA,NA,NA,NA,NA,NA,NA   NA   NA   NA,NA   NA   NA   NA
STTD_2015-03-16 09:28:00,3/16/2015 9:28,STTD,2015,D,FALSE,CLD,NA,NA,18.5,0.35,870,NA,7.71,7.21,31.1,10,Low,488211,492300,4089,4089,26.90199951,26.90199951,2,Condition code 2- All samples on flood tide,NA,Aquatic Insects,46,Family,Coenagrionidae,Coenagrionidae,Larvae,2,0.074,0.074,NA,NA,NA,NA,NA,NA,NA,NA,NA,NA,NA   NA   NA   NA,NA   NA   NA   NA
STTD_2015-03-16 09:28:00,3/16/2015 9:28,STTD,2015,D,FALSE,CLD,NA,NA,18.5,0.35,870,NA,7.71,7.21,31.1,10,Low,488211,492300,4089,4089,26.90199951,26.90199951,2,Condition code 2- All samples on flood tide,NA,Aquatic Insects,44,Family,Corixidae,Corixidae,Larvae,2,0.074,0.074,NA,NA,NA,NA,NA,NA,NA,NA,NA,NA,NA   NA   NA   NA,NA   NA   NA   NA
STTD_2015-03-16 09:28:00,3/16/2015 9:28,STTD,2015,D,FALSE,CLD,NA,NA,18.5,0.35,870,NA,7.71,7.21,31.1,10,Low,488211,492300,4089,4089,26.90199951,26.90199951,2,Condition code 2- All samples on flood tide,NA,Aquatic Insects,45,Family,Notonectidae,Notonectidae,Larvae,1,0.037,0.037,NA,NA,NA,NA,NA,NA,NA,NA,NA,NA,NA   NA   NA   NA,NA   NA   NA   NA
STTD_2015-03-16 09:28:00,3/16/2015 9:28,STTD,2015,D,FALSE,CLD,NA,NA,18.5,0.35,870,NA,7.71,7.21,31.1,10,Low,488211,492300,4089,4089,26.90199951,26.90199951,2,Condition code 2- All samples on flood tide,NA,Aquatic Insects,34,Family,Chironomidae,Chironomidae,Larvae,5,0.186,0.186,NA,NA,NA,NA,NA,NA,NA,NA,NA,NA,NA   NA   NA   NA,NA   NA   NA   NA
STTD_2015-03-16 09:28:00,3/16/2015 9:28,STTD,2015,D,FALSE,CLD,NA,NA,18.5,0.35,870,NA,7.71,7.21,31.1,10,Low,488211,492300,4089,4089,26.90199951,26.90199951,2,Condition code 2- All samples on flood tide,NA,Aquatic Insects,34,Family,Chironomidae,Chironomidae,Pupae,3,0.112,0.112,NA,NA,NA,NA,NA,NA,NA,NA,NA,NA,NA   NA   NA   NA,NA   NA   NA   NA
STTD_2015-03-16 09:28:00,3/16/2015 9:28,STTD,2015,D,FALSE,CLD,NA,NA,18.5,0.35,870,NA,7.71,7.21,31.1,10,Low,488211,492300,4089,4089,26.90199951,26.90199951,2,Condition code 2- All samples on flood tide,NA,Aquatic Insects,34,Family,Chironomidae,Chironomidae,Adults,44,1.636,1.636,NA,NA,NA,NA,NA,NA,NA,NA,NA,NA,NA   NA   NA   NA,NA   NA   NA   NA
STTD_2015-03-16 09:28:00,3/16/2015 9:28,STTD,2015,D,FALSE,CLD,NA,NA,18.5,0.35,870,NA,7.71,7.21,31.1,10,Low,488211,492300,4089,4089,26.90199951,26.90199951,2,Condition code 2- All samples on flood tide,NA,Aquatic Insects,37,Family,Psychodidae,Psychodidae,Adults,1,0.037,0.037,NA,NA,NA,NA,NA,NA,NA,NA,NA,NA,NA   NA   NA   NA,NA   NA   NA   NA
STTD_2015-03-16 09:28:00,3/16/2015 9:28,STTD,2015,D,FALSE,CLD,NA,NA,18.5,0.35,870,NA,7.71,7.21,31.1,10,Low,488211,492300,4089,4089,26.90199951,26.90199951,2,Condition code 2- All samples on flood tide,NA,Aquatic Non-Insects,4,Family,Naididae,Naididae,NotDetermined,1,0.037,0.037,NA,NA,NA,NA,NA,NA,NA,NA,NA,NA,NA   NA   NA   NA,NA   NA   NA   NA
STTD_2015-03-16 09:28:00,3/16/2015 9:28,STTD,2015,D,FALSE,CLD,NA,NA,18.5,0.35,870,NA,7.71,7.21,31.1,10,Low,488211,492300,4089,4089,26.90199951,26.90199951,2,Condition code 2- All samples on flood tide,NA,Aquatic Non-Insects,19,Family,Corbiculidae,Corbiculidae,NotDetermined,1,0.037,0.037,NA,NA,NA,NA,NA,NA,NA,NA,NA,NA,NA   NA   NA   NA,NA   NA   NA   NA
STTD_2015-03-16 09:28:00,3/16/2015 9:28,STTD,2015,D,FALSE,CLD,NA,NA,18.5,0.35,870,NA,7.71,7.21,31.1,10,Low,488211,492300,4089,4089,26.90199951,26.90199951,2,Condition code 2- All samples on flood tide,NA,Aquatic Non-Insects,106,Family,Lymnaeidae,Lymnaeidae,NotDetermined,1,0.037,0.037,NA,NA,NA,NA,NA,NA,NA,NA,NA,NA,NA   NA   NA   NA,NA   NA   NA   NA
STTD_2015-03-16 09:28:00,3/16/2015 9:28,STTD,2015,D,FALSE,CLD,NA,NA,18.5,0.35,870,NA,7.71,7.21,31.1,10,Low,488211,492300,4089,4089,26.90199951,26.90199951,2,Condition code 2- All samples on flood tide,NA,Aquatic Non-Insects,20,Family,Physidae,Physidae,NotDetermined,1,0.037,0.037,NA,NA,NA,NA,NA,NA,NA,NA,NA,NA,NA   NA   NA   NA,NA   NA   NA   NA
STTD_2015-03-16 09:28:00,3/16/2015 9:28,STTD,2015,D,FALSE,CLD,NA,NA,18.5,0.35,870,NA,7.71,7.21,31.1,10,Low,488211,492300,4089,4089,26.90199951,26.90199951,2,Condition code 2- All samples on flood tide,NA,Aquatic Non-Insects,9,Family,Corophiidae,Corophiidae,NotDetermined,1,0.037,0.037,NA,NA,NA,NA,NA,NA,NA,NA,NA,NA,NA   NA   NA   NA,NA   NA   NA   NA
STTD_2015-03-16 09:28:00,3/16/2015 9:28,STTD,2015,D,FALSE,CLD,NA,NA,18.5,0.35,870,NA,7.71,7.21,31.1,10,Low,488211,492300,4089,4089,26.90199951,26.90199951,2,Condition code 2- All samples on flood tide,NA,Aquatic Non-Insects,15,Family,Hyalellidae,Hyalellidae,NotDetermined,31,1.152,1.152,NA,NA,NA,NA,NA,NA,NA,NA,NA,NA,NA   NA   NA   NA,NA   NA   NA   NA
STTD_2015-03-16 09:28:00,3/16/2015 9:28,STTD,2015,D,FALSE,CLD,NA,NA,18.5,0.35,870,NA,7.71,7.21,31.1,10,Low,488211,492300,4089,4089,26.90199951,26.90199951,2,Condition code 2- All samples on flood tide,NA,Aquatic Non-Insects,119,Family,Limnesiidae,Limnesiidae,NotDetermined,2,0.074,0.074,NA,NA,NA,NA,NA,NA,NA,NA,NA,NA,NA   NA   NA   NA,NA   NA   NA   NA
STTD_2015-03-16 09:28:00,3/16/2015 9:28,STTD,2015,D,FALSE,CLD,NA,NA,18.5,0.35,870,NA,7.71,7.21,31.1,10,Low,488211,492300,4089,4089,26.90199951,26.90199951,2,Condition code 2- All samples on flood tide,NA,Terrestrial Insects,71,Order,Hemiptera,Hemiptera,Larvae,2,0.074,0.074,NA,NA,NA,NA,NA,NA,NA,NA,NA,NA,NA   NA   NA   NA,NA   NA   NA   NA
STTD_2015-03-16 09:28:00,3/16/2015 9:28,STTD,2015,D,FALSE,CLD,NA,NA,18.5,0.35,870,NA,7.71,7.21,31.1,10,Low,488211,492300,4089,4089,26.90199951,26.90199951,2,Condition code 2- All samples on flood tide,NA,Terrestrial Insects,71,Order,Hemiptera,Hemiptera,Adults,41,1.524,1.524,NA,NA,NA,NA,NA,NA,NA,NA,NA,NA,NA   NA   NA   NA,NA   NA   NA   NA
STTD_2015-03-16 09:28:00,3/16/2015 9:28,STTD,2015,D,FALSE,CLD,NA,NA,18.5,0.35,870,NA,7.71,7.21,31.1,10,Low,488211,492300,4089,4089,26.90199951,26.90199951,2,Condition code 2- All samples on flood tide,NA,Terrestrial Insects,63,Order,Coleoptera,Coleoptera,Adults,2,0.074,0.074,NA,NA,NA,NA,NA,NA,NA,NA,NA,NA,NA   NA   NA   NA,NA   NA   NA   NA
STTD_2015-03-16 09:28:00,3/16/2015 9:28,STTD,2015,D,FALSE,CLD,NA,NA,18.5,0.35,870,NA,7.71,7.21,31.1,10,Low,488211,492300,4089,4089,26.90199951,26.90199951,2,Condition code 2- All samples on flood tide,NA,Terrestrial Insects,64,Order,Diptera,Diptera,Adults,1,0.037,0.037,NA,NA,NA,NA,NA,NA,NA,NA,NA,NA,NA   NA   NA   NA,NA   NA   NA   NA
STTD_2015-03-16 09:28:00,3/16/2015 9:28,STTD,2015,D,FALSE,CLD,NA,NA,18.5,0.35,870,NA,7.71,7.21,31.1,10,Low,488211,492300,4089,4089,26.90199951,26.90199951,2,Condition code 2- All samples on flood tide,NA,Terrestrial Insects,73,Order,Lepidoptera,Lepidoptera,Larvae,2,0.074,0.074,NA,NA,NA,NA,NA,NA,NA,NA,NA,NA,NA   NA   NA   NA,NA   NA   NA   NA
STTD_2015-03-16 09:28:00,3/16/2015 9:28,STTD,2015,D,FALSE,CLD,NA,NA,18.5,0.35,870,NA,7.71,7.21,31.1,10,Low,488211,492300,4089,4089,26.90199951,26.90199951,2,Condition code 2- All samples on flood tide,NA,Terrestrial Non-Insects,68,Order,Collembola,Collembola,NotDetermined,31,1.152,1.152,NA,NA,NA,NA,NA,NA,NA,NA,NA,NA,NA   NA   NA   NA,NA   NA   NA   NA
STTD_2015-03-16 09:28:00,3/16/2015 9:28,STTD,2015,D,FALSE,CLD,NA,NA,18.5,0.35,870,NA,7.71,7.21,31.1,10,Low,488211,492300,4089,4089,26.90199951,26.90199951,2,Condition code 2- All samples on flood tide,NA,Terrestrial Insects,66,Order,Hymenoptera,Hymenoptera,Larvae,1,0.037,0.037,NA,NA,NA,NA,NA,NA,NA,NA,NA,NA,NA   NA   NA   NA,NA   NA   NA   NA
STTD_2015-03-16 09:28:00,3/16/2015 9:28,STTD,2015,D,FALSE,CLD,NA,NA,18.5,0.35,870,NA,7.71,7.21,31.1,10,Low,488211,492300,4089,4089,26.90199951,26.90199951,2,Condition code 2- All samples on flood tide,NA,Terrestrial Insects,66,Order,Hymenoptera,Hymenoptera,Adults,7,0.26,0.26,NA,NA,NA,NA,NA,NA,NA,NA,NA,NA,NA   NA   NA   NA,NA   NA   NA   NA
STTD_2015-03-16 09:28:00,3/16/2015 9:28,STTD,2015,D,FALSE,CLD,NA,NA,18.5,0.35,870,NA,7.71,7.21,31.1,10,Low,488211,492300,4089,4089,26.90199951,26.90199951,2,Condition code 2- All samples on flood tide,NA,Terrestrial Insects,72,Order,Isoptera,Isoptera,Larvae,1,0.037,0.037,NA,NA,NA,NA,NA,NA,NA,NA,NA,NA,NA   NA   NA   NA,NA   NA   NA   NA
STTD_2015-03-16 09:28:00,3/16/2015 9:28,STTD,2015,D,FALSE,CLD,NA,NA,18.5,0.35,870,NA,7.71,7.21,31.1,10,Low,488211,492300,4089,4089,26.90199951,26.90199951,2,Condition code 2- All samples on flood tide,NA,Terrestrial Insects,67,Order,Psocoptera,Psocoptera,Adults,5,0.186,0.186,NA,NA,NA,NA,NA,NA,NA,NA,NA,NA,NA   NA   NA   NA,NA   NA   NA   NA
STTD_2015-03-16 09:28:00,3/16/2015 9:28,STTD,2015,D,FALSE,CLD,NA,NA,18.5,0.35,870,NA,7.71,7.21,31.1,10,Low,488211,492300,4089,4089,26.90199951,26.90199951,2,Condition code 2- All samples on flood tide,NA,Terrestrial Insects,85,Order,Thysanoptera,Thysanoptera,Larvae,1,0.037,0.037,NA,NA,NA,NA,NA,NA,NA,NA,NA,NA,NA   NA   NA   NA,NA   NA   NA   NA
STTD_2015-03-16 09:28:00,3/16/2015 9:28,STTD,2015,D,FALSE,CLD,NA,NA,18.5,0.35,870,NA,7.71,7.21,31.1,10,Low,488211,492300,4089,4089,26.90199951,26.90199951,2,Condition code 2- All samples on flood tide,NA,Terrestrial Insects,85,Order,Thysanoptera,Thysanoptera,Adults,1,0.037,0.037,NA,NA,NA,NA,NA,NA,NA,NA,NA,NA,NA   NA   NA   NA,NA   NA   NA   NA
STTD_2015-03-16 09:28:00,3/16/2015 9:28,STTD,2015,D,FALSE,CLD,NA,NA,18.5,0.35,870,NA,7.71,7.21,31.1,10,Low,488211,492300,4089,4089,26.90199951,26.90199951,2,Condition code 2- All samples on flood tide,NA,Terrestrial Non-Insects,57,Subclass,Acari,Acari,NotDetermined,4,0.149,0.149,NA,NA,NA,NA,NA,NA,NA,NA,NA,NA,NA   NA   NA   NA,NA   NA   NA   NA
STTD_2015-03-16 09:28:00,3/16/2015 9:28,STTD,2015,D,FALSE,CLD,NA,NA,18.5,0.35,870,NA,7.71,7.21,31.1,10,Low,488211,492300,4089,4089,26.90199951,26.90199951,2,Condition code 2- All samples on flood tide,NA,Terrestrial Non-Insects,157,Order,Araneae,Araneae,NotDetermined,5,0.186,0.186,NA,NA,NA,NA,NA,NA,NA,NA,NA,NA,NA   NA   NA   NA,NA   NA   NA   NA
STTD_2015-03-16 09:28:00,3/16/2015 9:28,STTD,2015,D,FALSE,CLD,NA,NA,18.5,0.35,870,NA,7.71,7.21,31.1,10,Low,488211,492300,4089,4089,26.90199951,26.90199951,2,Condition code 2- All samples on flood tide,NA,Terrestrial Non-Insects,171,Class,Diplopoda,Diplopoda,NotDetermined,3,0.112,0.112,NA,NA,NA,NA,NA,NA,NA,NA,NA,NA,NA   NA   NA   NA,NA   NA   NA   NA
STTD_2015-03-16 09:28:00,3/16/2015 9:28,STTD,2015,D,FALSE,CLD,NA,NA,18.5,0.35,870,NA,7.71,7.21,31.1,10,Low,488211,492300,4089,4089,26.90199951,26.90199951,2,Condition code 2- All samples on flood tide,NA,Aquatic Non-Insects,174,Subclass,Heterobranchia,Other Heterobranchia,NotDetermined,1,0.037,0.037,NA,NA,NA,NA,NA,NA,NA,NA,NA,NA,NA   NA   NA   NA,NA   NA   NA   NA
SHR_2015-03-17 09:00:00,3/17/2015 9:00,SHR,2015,D,FALSE,CLD,NA,NA,16.8,1.2,172,NA,7.62,9.33,5,10,Low,479301,484000,4699,4699,30.91525941,30.91525941,1,"Ebb tide, low current, motor used",NA,Aquatic Insects,43,Family,Heptageniidae,Heptageniidae,Larvae,1,0.032,0.032,NA,NA,NA,NA,NA,NA,NA,NA,NA,NA,NA   NA   NA   NA,NA   NA   NA   NA
SHR_2015-03-17 09:00:00,3/17/2015 9:00,SHR,2015,D,FALSE,CLD,NA,NA,16.8,1.2,172,NA,7.62,9.33,5,10,Low,479301,484000,4699,4699,30.91525941,30.91525941,1,"Ebb tide, low current, motor used",NA,Aquatic Insects,34,Family,Chironomidae,Chironomidae,Pupae,2,0.065,0.065,NA,NA,NA,NA,NA,NA,NA,NA,NA,NA,NA   NA   NA   NA,NA   NA   NA   NA
SHR_2015-03-17 09:00:00,3/17/2015 9:00,SHR,2015,D,FALSE,CLD,NA,NA,16.8,1.2,172,NA,7.62,9.33,5,10,Low,479301,484000,4699,4699,30.91525941,30.91525941,1,"Ebb tide, low current, motor used",NA,Aquatic Insects,34,Family,Chironomidae,Chironomidae,Adults,15,0.485,0.485,NA,NA,NA,NA,NA,NA,NA,NA,NA,NA,NA   NA   NA   NA,NA   NA   NA   NA
SHR_2015-03-17 09:00:00,3/17/2015 9:00,SHR,2015,D,FALSE,CLD,NA,NA,16.8,1.2,172,NA,7.62,9.33,5,10,Low,479301,484000,4699,4699,30.91525941,30.91525941,1,"Ebb tide, low current, motor used",NA,Aquatic Insects,32,Family,Ceratopogonidae,Ceratopogonidae,Pupae,1,0.032,0.032,NA,NA,NA,NA,NA,NA,NA,NA,NA,NA,NA   NA   NA   NA,NA   NA   NA   NA
SHR_2015-03-17 09:00:00,3/17/2015 9:00,SHR,2015,D,FALSE,CLD,NA,NA,16.8,1.2,172,NA,7.62,9.33,5,10,Low,479301,484000,4699,4699,30.91525941,30.91525941,1,"Ebb tide, low current, motor used",NA,Aquatic Insects,32,Family,Ceratopogonidae,Ceratopogonidae,Adults,1,0.032,0.032,NA,NA,NA,NA,NA,NA,NA,NA,NA,NA,NA   NA   NA   NA,NA   NA   NA   NA
SHR_2015-03-17 09:00:00,3/17/2015 9:00,SHR,2015,D,FALSE,CLD,NA,NA,16.8,1.2,172,NA,7.62,9.33,5,10,Low,479301,484000,4699,4699,30.91525941,30.91525941,1,"Ebb tide, low current, motor used",NA,Aquatic Non-Insects,123,Family,Pionidae,Pionidae,NotDetermined,1,0.032,0.032,NA,NA,NA,NA,NA,NA,NA,NA,NA,NA,NA   NA   NA   NA,NA   NA   NA   NA
SHR_2015-03-17 09:00:00,3/17/2015 9:00,SHR,2015,D,FALSE,CLD,NA,NA,16.8,1.2,172,NA,7.62,9.33,5,10,Low,479301,484000,4699,4699,30.91525941,30.91525941,1,"Ebb tide, low current, motor used",NA,Terrestrial Insects,71,Order,Hemiptera,Hemiptera,Adults,5,0.162,0.162,NA,NA,NA,NA,NA,NA,NA,NA,NA,NA,NA   NA   NA   NA,NA   NA   NA   NA
SHR_2015-03-17 09:00:00,3/17/2015 9:00,SHR,2015,D,FALSE,CLD,NA,NA,16.8,1.2,172,NA,7.62,9.33,5,10,Low,479301,484000,4699,4699,30.91525941,30.91525941,1,"Ebb tide, low current, motor used",NA,Terrestrial Insects,66,Order,Hymenoptera,Hymenoptera,Adults,3,0.097,0.097,NA,NA,NA,NA,NA,NA,NA,NA,NA,NA,NA   NA   NA   NA,NA   NA   NA   NA
SHR_2015-03-17 09:00:00,3/17/2015 9:00,SHR,2015,D,FALSE,CLD,NA,NA,16.8,1.2,172,NA,7.62,9.33,5,10,Low,479301,484000,4699,4699,30.91525941,30.91525941,1,"Ebb tide, low current, motor used",NA,Terrestrial Non-Insects,157,Order,Araneae,Araneae,NotDetermined,1,0.032,0.032,NA,NA,NA,NA,NA,NA,NA,NA,NA,NA,NA   NA   NA   NA,NA   NA   NA   NA
STTD_2015-03-24 11:56:00,3/24/2015 11:56,STTD,2015,D,FALSE,CLD,NA,NA,18.1,0.23,830,NA,7.92,8.04,51.1,10,Low,475008,480000,4992,4992,32.84293998,32.84293998,1,NA,NA,Aquatic Insects,40,Family,Caenidae,Caenidae,Larvae,2,0.061,0.061,NA,NA,NA,NA,NA,NA,NA,NA,NA,NA,NA   NA   NA   NA,NA   NA   NA   NA
STTD_2015-03-24 11:56:00,3/24/2015 11:56,STTD,2015,D,FALSE,CLD,NA,NA,18.1,0.23,830,NA,7.92,8.04,51.1,10,Low,475008,480000,4992,4992,32.84293998,32.84293998,1,NA,NA,Aquatic Insects,44,Family,Corixidae,Corixidae,Larvae,1,0.03,0.03,NA,NA,NA,NA,NA,NA,NA,NA,NA,NA,NA   NA   NA   NA,NA   NA   NA   NA
STTD_2015-03-24 11:56:00,3/24/2015 11:56,STTD,2015,D,FALSE,CLD,NA,NA,18.1,0.23,830,NA,7.92,8.04,51.1,10,Low,475008,480000,4992,4992,32.84293998,32.84293998,1,NA,NA,Aquatic Insects,34,Family,Chironomidae,Chironomidae,Adults,35,1.066,1.066,NA,NA,NA,NA,NA,NA,NA,NA,NA,NA,NA   NA   NA   NA,NA   NA   NA   NA
STTD_2015-03-24 11:56:00,3/24/2015 11:56,STTD,2015,D,FALSE,CLD,NA,NA,18.1,0.23,830,NA,7.92,8.04,51.1,10,Low,475008,480000,4992,4992,32.84293998,32.84293998,1,NA,NA,Aquatic Insects,32,Family,Ceratopogonidae,Ceratopogonidae,Adults,1,0.03,0.03,NA,NA,NA,NA,NA,NA,NA,NA,NA,NA,NA   NA   NA   NA,NA   NA   NA   NA
STTD_2015-03-24 11:56:00,3/24/2015 11:56,STTD,2015,D,FALSE,CLD,NA,NA,18.1,0.23,830,NA,7.92,8.04,51.1,10,Low,475008,480000,4992,4992,32.84293998,32.84293998,1,NA,NA,Aquatic Insects,37,Family,Psychodidae,Psychodidae,Adults,3,0.091,0.091,NA,NA,NA,NA,NA,NA,NA,NA,NA,NA,NA   NA   NA   NA,NA   NA   NA   NA
STTD_2015-03-24 11:56:00,3/24/2015 11:56,STTD,2015,D,FALSE,CLD,NA,NA,18.1,0.23,830,NA,7.92,8.04,51.1,10,Low,475008,480000,4992,4992,32.84293998,32.84293998,1,NA,NA,Aquatic Non-Insects,4,Family,Naididae,Naididae,NotDetermined,1,0.03,0.03,NA,NA,NA,NA,NA,NA,NA,NA,NA,NA,NA   NA   NA   NA,NA   NA   NA   NA
STTD_2015-03-24 11:56:00,3/24/2015 11:56,STTD,2015,D,FALSE,CLD,NA,NA,18.1,0.23,830,NA,7.92,8.04,51.1,10,Low,475008,480000,4992,4992,32.84293998,32.84293998,1,NA,NA,Aquatic Non-Insects,15,Family,Hyalellidae,Hyalellidae,NotDetermined,3,0.091,0.091,NA,NA,NA,NA,NA,NA,NA,NA,NA,NA,NA   NA   NA   NA,NA   NA   NA   NA
STTD_2015-03-24 11:56:00,3/24/2015 11:56,STTD,2015,D,FALSE,CLD,NA,NA,18.1,0.23,830,NA,7.92,8.04,51.1,10,Low,475008,480000,4992,4992,32.84293998,32.84293998,1,NA,NA,Terrestrial Insects,71,Order,Hemiptera,Hemiptera,Adults,68,2.07,2.07,NA,NA,NA,NA,NA,NA,NA,NA,NA,NA,NA   NA   NA   NA,NA   NA   NA   NA
STTD_2015-03-24 11:56:00,3/24/2015 11:56,STTD,2015,D,FALSE,CLD,NA,NA,18.1,0.23,830,NA,7.92,8.04,51.1,10,Low,475008,480000,4992,4992,32.84293998,32.84293998,1,NA,NA,Terrestrial Insects,63,Order,Coleoptera,Coleoptera,Adults,3,0.091,0.091,NA,NA,NA,NA,NA,NA,NA,NA,NA,NA,NA   NA   NA   NA,NA   NA   NA   NA
STTD_2015-03-24 11:56:00,3/24/2015 11:56,STTD,2015,D,FALSE,CLD,NA,NA,18.1,0.23,830,NA,7.92,8.04,51.1,10,Low,475008,480000,4992,4992,32.84293998,32.84293998,1,NA,NA,Terrestrial Insects,64,Order,Diptera,Diptera,Larvae,6,0.183,0.183,NA,NA,NA,NA,NA,NA,NA,NA,NA,NA,NA   NA   NA   NA,NA   NA   NA   NA
STTD_2015-03-24 11:56:00,3/24/2015 11:56,STTD,2015,D,FALSE,CLD,NA,NA,18.1,0.23,830,NA,7.92,8.04,51.1,10,Low,475008,480000,4992,4992,32.84293998,32.84293998,1,NA,NA,Terrestrial Insects,64,Order,Diptera,Diptera,Adults,9,0.274,0.274,NA,NA,NA,NA,NA,NA,NA,NA,NA,NA,NA   NA   NA   NA,NA   NA   NA   NA
STTD_2015-03-24 11:56:00,3/24/2015 11:56,STTD,2015,D,FALSE,CLD,NA,NA,18.1,0.23,830,NA,7.92,8.04,51.1,10,Low,475008,480000,4992,4992,32.84293998,32.84293998,1,NA,NA,Terrestrial Non-Insects,68,Order,Collembola,Collembola,NotDetermined,2,0.061,0.061,NA,NA,NA,NA,NA,NA,NA,NA,NA,NA,NA   NA   NA   NA,NA   NA   NA   NA
STTD_2015-03-24 11:56:00,3/24/2015 11:56,STTD,2015,D,FALSE,CLD,NA,NA,18.1,0.23,830,NA,7.92,8.04,51.1,10,Low,475008,480000,4992,4992,32.84293998,32.84293998,1,NA,NA,Terrestrial Insects,66,Order,Hymenoptera,Hymenoptera,Adults,13,0.396,0.396,NA,NA,NA,NA,NA,NA,NA,NA,NA,NA,NA   NA   NA   NA,NA   NA   NA   NA
STTD_2015-03-24 11:56:00,3/24/2015 11:56,STTD,2015,D,FALSE,CLD,NA,NA,18.1,0.23,830,NA,7.92,8.04,51.1,10,Low,475008,480000,4992,4992,32.84293998,32.84293998,1,NA,NA,Terrestrial Non-Insects,157,Order,Araneae,Araneae,NotDetermined,2,0.061,0.061,NA,NA,NA,NA,NA,NA,NA,NA,NA,NA,NA   NA   NA   NA,NA   NA   NA   NA
STTD_2015-04-02 09:28:00,4/2/2015 9:28,STTD,2015,D,FALSE,CLR,NA,NA,17.8,0.13,669,NA,7.99,7.16,NA,10,Low,377249,381600,4351,4351,28.62572753,28.62572753,1,"Windy, ebb tide",NA,Aquatic Insects,44,Family,Corixidae,Corixidae,Larvae,3,0.105,0.105,NA,NA,NA,NA,NA,NA,NA,NA,NA,NA,NA   NA   NA   NA,NA   NA   NA   NA
STTD_2015-04-02 09:28:00,4/2/2015 9:28,STTD,2015,D,FALSE,CLR,NA,NA,17.8,0.13,669,NA,7.99,7.16,NA,10,Low,377249,381600,4351,4351,28.62572753,28.62572753,1,"Windy, ebb tide",NA,Aquatic Insects,34,Family,Chironomidae,Chironomidae,Larvae,5,0.175,0.175,NA,NA,NA,NA,NA,NA,NA,NA,NA,NA,NA   NA   NA   NA,NA   NA   NA   NA
STTD_2015-04-02 09:28:00,4/2/2015 9:28,STTD,2015,D,FALSE,CLR,NA,NA,17.8,0.13,669,NA,7.99,7.16,NA,10,Low,377249,381600,4351,4351,28.62572753,28.62572753,1,"Windy, ebb tide",NA,Aquatic Insects,34,Family,Chironomidae,Chironomidae,Pupae,3,0.105,0.105,NA,NA,NA,NA,NA,NA,NA,NA,NA,NA,NA   NA   NA   NA,NA   NA   NA   NA
STTD_2015-04-02 09:28:00,4/2/2015 9:28,STTD,2015,D,FALSE,CLR,NA,NA,17.8,0.13,669,NA,7.99,7.16,NA,10,Low,377249,381600,4351,4351,28.62572753,28.62572753,1,"Windy, ebb tide",NA,Aquatic Insects,34,Family,Chironomidae,Chironomidae,Adults,6,0.21,0.21,NA,NA,NA,NA,NA,NA,NA,NA,NA,NA,NA   NA   NA   NA,NA   NA   NA   NA
STTD_2015-04-02 09:28:00,4/2/2015 9:28,STTD,2015,D,FALSE,CLR,NA,NA,17.8,0.13,669,NA,7.99,7.16,NA,10,Low,377249,381600,4351,4351,28.62572753,28.62572753,1,"Windy, ebb tide",NA,Aquatic Non-Insects,4,Family,Naididae,Naididae,NotDetermined,6,0.21,0.21,NA,NA,NA,NA,NA,NA,NA,NA,NA,NA,NA   NA   NA   NA,NA   NA   NA   NA
STTD_2015-04-02 09:28:00,4/2/2015 9:28,STTD,2015,D,FALSE,CLR,NA,NA,17.8,0.13,669,NA,7.99,7.16,NA,10,Low,377249,381600,4351,4351,28.62572753,28.62572753,1,"Windy, ebb tide",NA,Aquatic Non-Insects,15,Family,Hyalellidae,Hyalellidae,NotDetermined,2,0.07,0.07,NA,NA,NA,NA,NA,NA,NA,NA,NA,NA,NA   NA   NA   NA,NA   NA   NA   NA
STTD_2015-04-02 09:28:00,4/2/2015 9:28,STTD,2015,D,FALSE,CLR,NA,NA,17.8,0.13,669,NA,7.99,7.16,NA,10,Low,377249,381600,4351,4351,28.62572753,28.62572753,1,"Windy, ebb tide",NA,Aquatic Non-Insects,123,Family,Pionidae,Pionidae,NotDetermined,1,0.035,0.035,NA,NA,NA,NA,NA,NA,NA,NA,NA,NA,NA   NA   NA   NA,NA   NA   NA   NA
STTD_2015-04-02 09:28:00,4/2/2015 9:28,STTD,2015,D,FALSE,CLR,NA,NA,17.8,0.13,669,NA,7.99,7.16,NA,10,Low,377249,381600,4351,4351,28.62572753,28.62572753,1,"Windy, ebb tide",NA,Terrestrial Insects,71,Order,Hemiptera,Hemiptera,Larvae,8,0.279,0.279,NA,NA,NA,NA,NA,NA,NA,NA,NA,NA,NA   NA   NA   NA,NA   NA   NA   NA
STTD_2015-04-02 09:28:00,4/2/2015 9:28,STTD,2015,D,FALSE,CLR,NA,NA,17.8,0.13,669,NA,7.99,7.16,NA,10,Low,377249,381600,4351,4351,28.62572753,28.62572753,1,"Windy, ebb tide",NA,Terrestrial Insects,64,Order,Diptera,Diptera,Adults,2,0.07,0.07,NA,NA,NA,NA,NA,NA,NA,NA,NA,NA,NA   NA   NA   NA,NA   NA   NA   NA
STTD_2015-04-02 09:28:00,4/2/2015 9:28,STTD,2015,D,FALSE,CLR,NA,NA,17.8,0.13,669,NA,7.99,7.16,NA,10,Low,377249,381600,4351,4351,28.62572753,28.62572753,1,"Windy, ebb tide",NA,Terrestrial Insects,66,Order,Hymenoptera,Hymenoptera,Adults,1,0.035,0.035,NA,NA,NA,NA,NA,NA,NA,NA,NA,NA,NA   NA   NA   NA,NA   NA   NA   NA
SHR_2015-04-03 09:37:00,4/3/2015 9:37,SHR,2015,D,FALSE,CLR,NA,NA,17.02,1,160,NA,8,9.53,9.3,10,Low,461561,466000,4439,4439,29.20468962,29.20468962,1,jet boat used,NA,Aquatic Insects,41,Family,Baetidae,Baetidae,Larvae,1,0.034,0.034,NA,NA,NA,NA,NA,NA,NA,NA,NA,NA,NA   NA   NA   NA,NA   NA   NA   NA
SHR_2015-04-03 09:37:00,4/3/2015 9:37,SHR,2015,D,FALSE,CLR,NA,NA,17.02,1,160,NA,8,9.53,9.3,10,Low,461561,466000,4439,4439,29.20468962,29.20468962,1,jet boat used,NA,Aquatic Insects,144,Order,Ephemeroptera,Ephemerpotera,Adults,1,0.034,0.034,NA,NA,NA,NA,NA,NA,NA,NA,NA,NA,NA   NA   NA   NA,NA   NA   NA   NA
SHR_2015-04-03 09:37:00,4/3/2015 9:37,SHR,2015,D,FALSE,CLR,NA,NA,17.02,1,160,NA,8,9.53,9.3,10,Low,461561,466000,4439,4439,29.20468962,29.20468962,1,jet boat used,NA,Aquatic Insects,44,Family,Corixidae,Corixidae,Larvae,2,0.068,0.068,NA,NA,NA,NA,NA,NA,NA,NA,NA,NA,NA   NA   NA   NA,NA   NA   NA   NA
SHR_2015-04-03 09:37:00,4/3/2015 9:37,SHR,2015,D,FALSE,CLR,NA,NA,17.02,1,160,NA,8,9.53,9.3,10,Low,461561,466000,4439,4439,29.20468962,29.20468962,1,jet boat used,NA,Aquatic Insects,95,Family,Veliidae,Veliidae,Larvae,1,0.034,0.034,NA,NA,NA,NA,NA,NA,NA,NA,NA,NA,NA   NA   NA   NA,NA   NA   NA   NA
SHR_2015-04-03 09:37:00,4/3/2015 9:37,SHR,2015,D,FALSE,CLR,NA,NA,17.02,1,160,NA,8,9.53,9.3,10,Low,461561,466000,4439,4439,29.20468962,29.20468962,1,jet boat used,NA,Aquatic Insects,52,Family,Hydraenidae,Hydraenidae,Adults,2,0.068,0.068,NA,NA,NA,NA,NA,NA,NA,NA,NA,NA,NA   NA   NA   NA,NA   NA   NA   NA
SHR_2015-04-03 09:37:00,4/3/2015 9:37,SHR,2015,D,FALSE,CLR,NA,NA,17.02,1,160,NA,8,9.53,9.3,10,Low,461561,466000,4439,4439,29.20468962,29.20468962,1,jet boat used,NA,Aquatic Insects,34,Family,Chironomidae,Chironomidae,Larvae,112,3.835,3.835,NA,NA,NA,NA,NA,NA,NA,NA,NA,NA,NA   NA   NA   NA,NA   NA   NA   NA
SHR_2015-04-03 09:37:00,4/3/2015 9:37,SHR,2015,D,FALSE,CLR,NA,NA,17.02,1,160,NA,8,9.53,9.3,10,Low,461561,466000,4439,4439,29.20468962,29.20468962,1,jet boat used,NA,Aquatic Insects,34,Family,Chironomidae,Chironomidae,Pupae,12,0.411,0.411,NA,NA,NA,NA,NA,NA,NA,NA,NA,NA,NA   NA   NA   NA,NA   NA   NA   NA
SHR_2015-04-03 09:37:00,4/3/2015 9:37,SHR,2015,D,FALSE,CLR,NA,NA,17.02,1,160,NA,8,9.53,9.3,10,Low,461561,466000,4439,4439,29.20468962,29.20468962,1,jet boat used,NA,Aquatic Insects,34,Family,Chironomidae,Chironomidae,Adults,411,14.073,14.073,NA,NA,NA,NA,NA,NA,NA,NA,NA,NA,NA   NA   NA   NA,NA   NA   NA   NA
SHR_2015-04-03 09:37:00,4/3/2015 9:37,SHR,2015,D,FALSE,CLR,NA,NA,17.02,1,160,NA,8,9.53,9.3,10,Low,461561,466000,4439,4439,29.20468962,29.20468962,1,jet boat used,NA,Aquatic Insects,32,Family,Ceratopogonidae,Ceratopogonidae,Pupae,37,1.267,1.267,NA,NA,NA,NA,NA,NA,NA,NA,NA,NA,NA   NA   NA   NA,NA   NA   NA   NA
SHR_2015-04-03 09:37:00,4/3/2015 9:37,SHR,2015,D,FALSE,CLR,NA,NA,17.02,1,160,NA,8,9.53,9.3,10,Low,461561,466000,4439,4439,29.20468962,29.20468962,1,jet boat used,NA,Aquatic Insects,37,Family,Psychodidae,Psychodidae,Adults,6,0.205,0.205,NA,NA,NA,NA,NA,NA,NA,NA,NA,NA,NA   NA   NA   NA,NA   NA   NA   NA
SHR_2015-04-03 09:37:00,4/3/2015 9:37,SHR,2015,D,FALSE,CLR,NA,NA,17.02,1,160,NA,8,9.53,9.3,10,Low,461561,466000,4439,4439,29.20468962,29.20468962,1,jet boat used,NA,Aquatic Insects,39,Family,Tipulidae,Tipulidae,Adults,1,0.034,0.034,NA,NA,NA,NA,NA,NA,NA,NA,NA,NA,NA   NA   NA   NA,NA   NA   NA   NA
SHR_2015-04-03 09:37:00,4/3/2015 9:37,SHR,2015,D,FALSE,CLR,NA,NA,17.02,1,160,NA,8,9.53,9.3,10,Low,461561,466000,4439,4439,29.20468962,29.20468962,1,jet boat used,NA,Aquatic Non-Insects,9,Family,Corophiidae,Corophiidae,NotDetermined,7,0.24,0.24,NA,NA,NA,NA,NA,NA,NA,NA,NA,NA,NA   NA   NA   NA,NA   NA   NA   NA
SHR_2015-04-03 09:37:00,4/3/2015 9:37,SHR,2015,D,FALSE,CLR,NA,NA,17.02,1,160,NA,8,9.53,9.3,10,Low,461561,466000,4439,4439,29.20468962,29.20468962,1,jet boat used,NA,Aquatic Non-Insects,10,Family,Crangonyctidae,Crangonyctidae,NotDetermined,5,0.171,0.171,NA,NA,NA,NA,NA,NA,NA,NA,NA,NA,NA   NA   NA   NA,NA   NA   NA   NA
SHR_2015-04-03 09:37:00,4/3/2015 9:37,SHR,2015,D,FALSE,CLR,NA,NA,17.02,1,160,NA,8,9.53,9.3,10,Low,461561,466000,4439,4439,29.20468962,29.20468962,1,jet boat used,NA,Aquatic Non-Insects,15,Family,Hyalellidae,Hyalellidae,NotDetermined,1,0.034,0.034,NA,NA,NA,NA,NA,NA,NA,NA,NA,NA,NA   NA   NA   NA,NA   NA   NA   NA
SHR_2015-04-03 09:37:00,4/3/2015 9:37,SHR,2015,D,FALSE,CLR,NA,NA,17.02,1,160,NA,8,9.53,9.3,10,Low,461561,466000,4439,4439,29.20468962,29.20468962,1,jet boat used,NA,Terrestrial Insects,71,Order,Hemiptera,Hemiptera,Larvae,8,0.274,0.274,NA,NA,NA,NA,NA,NA,NA,NA,NA,NA,NA   NA   NA   NA,NA   NA   NA   NA
SHR_2015-04-03 09:37:00,4/3/2015 9:37,SHR,2015,D,FALSE,CLR,NA,NA,17.02,1,160,NA,8,9.53,9.3,10,Low,461561,466000,4439,4439,29.20468962,29.20468962,1,jet boat used,NA,Terrestrial Insects,71,Order,Hemiptera,Hemiptera,Adults,13,0.445,0.445,NA,NA,NA,NA,NA,NA,NA,NA,NA,NA,NA   NA   NA   NA,NA   NA   NA   NA
SHR_2015-04-03 09:37:00,4/3/2015 9:37,SHR,2015,D,FALSE,CLR,NA,NA,17.02,1,160,NA,8,9.53,9.3,10,Low,461561,466000,4439,4439,29.20468962,29.20468962,1,jet boat used,NA,Terrestrial Insects,63,Order,Coleoptera,Coleoptera,Adults,4,0.137,0.137,NA,NA,NA,NA,NA,NA,NA,NA,NA,NA,NA   NA   NA   NA,NA   NA   NA   NA
SHR_2015-04-03 09:37:00,4/3/2015 9:37,SHR,2015,D,FALSE,CLR,NA,NA,17.02,1,160,NA,8,9.53,9.3,10,Low,461561,466000,4439,4439,29.20468962,29.20468962,1,jet boat used,NA,Terrestrial Insects,64,Order,Diptera,Diptera,Adults,62,2.123,2.123,NA,NA,NA,NA,NA,NA,NA,NA,NA,NA,NA   NA   NA   NA,NA   NA   NA   NA
SHR_2015-04-03 09:37:00,4/3/2015 9:37,SHR,2015,D,FALSE,CLR,NA,NA,17.02,1,160,NA,8,9.53,9.3,10,Low,461561,466000,4439,4439,29.20468962,29.20468962,1,jet boat used,NA,Terrestrial Insects,73,Order,Lepidoptera,Lepidoptera,Larvae,1,0.034,0.034,NA,NA,NA,NA,NA,NA,NA,NA,NA,NA,NA   NA   NA   NA,NA   NA   NA   NA
SHR_2015-04-03 09:37:00,4/3/2015 9:37,SHR,2015,D,FALSE,CLR,NA,NA,17.02,1,160,NA,8,9.53,9.3,10,Low,461561,466000,4439,4439,29.20468962,29.20468962,1,jet boat used,NA,Terrestrial Insects,73,Order,Lepidoptera,Lepidoptera,Adults,3,0.103,0.103,NA,NA,NA,NA,NA,NA,NA,NA,NA,NA,NA   NA   NA   NA,NA   NA   NA   NA
SHR_2015-04-03 09:37:00,4/3/2015 9:37,SHR,2015,D,FALSE,CLR,NA,NA,17.02,1,160,NA,8,9.53,9.3,10,Low,461561,466000,4439,4439,29.20468962,29.20468962,1,jet boat used,NA,Terrestrial Non-Insects,68,Order,Collembola,Collembola,NotDetermined,28,0.959,0.959,NA,NA,NA,NA,NA,NA,NA,NA,NA,NA,NA   NA   NA   NA,NA   NA   NA   NA
SHR_2015-04-03 09:37:00,4/3/2015 9:37,SHR,2015,D,FALSE,CLR,NA,NA,17.02,1,160,NA,8,9.53,9.3,10,Low,461561,466000,4439,4439,29.20468962,29.20468962,1,jet boat used,NA,Terrestrial Insects,66,Order,Hymenoptera,Hymenoptera,Adults,66,2.26,2.26,NA,NA,NA,NA,NA,NA,NA,NA,NA,NA,NA   NA   NA   NA,NA   NA   NA   NA
SHR_2015-04-03 09:37:00,4/3/2015 9:37,SHR,2015,D,FALSE,CLR,NA,NA,17.02,1,160,NA,8,9.53,9.3,10,Low,461561,466000,4439,4439,29.20468962,29.20468962,1,jet boat used,NA,Terrestrial Insects,67,Order,Psocoptera,Psocoptera,Adults,8,0.274,0.274,NA,NA,NA,NA,NA,NA,NA,NA,NA,NA,NA   NA   NA   NA,NA   NA   NA   NA
SHR_2015-04-03 09:37:00,4/3/2015 9:37,SHR,2015,D,FALSE,CLR,NA,NA,17.02,1,160,NA,8,9.53,9.3,10,Low,461561,466000,4439,4439,29.20468962,29.20468962,1,jet boat used,NA,Terrestrial Insects,85,Order,Thysanoptera,Thysanoptera,Adults,4,0.137,0.137,NA,NA,NA,NA,NA,NA,NA,NA,NA,NA,NA   NA   NA   NA,NA   NA   NA   NA
SHR_2015-04-03 09:37:00,4/3/2015 9:37,SHR,2015,D,FALSE,CLR,NA,NA,17.02,1,160,NA,8,9.53,9.3,10,Low,461561,466000,4439,4439,29.20468962,29.20468962,1,jet boat used,NA,Terrestrial Non-Insects,57,Subclass,Acari,Acari,NotDetermined,3,0.103,0.103,NA,NA,NA,NA,NA,NA,NA,NA,NA,NA,NA   NA   NA   NA,NA   NA   NA   NA
SHR_2015-04-03 09:37:00,4/3/2015 9:37,SHR,2015,D,FALSE,CLR,NA,NA,17.02,1,160,NA,8,9.53,9.3,10,Low,461561,466000,4439,4439,29.20468962,29.20468962,1,jet boat used,NA,Terrestrial Non-Insects,157,Order,Araneae,Araneae,NotDetermined,7,0.24,0.24,NA,NA,NA,NA,NA,NA,NA,NA,NA,NA,NA   NA   NA   NA,NA   NA   NA   NA
STTD_2015-04-16 08:40:00,4/16/2015 8:40,STTD,2015,D,FALSE,CLR,NA,NA,16.53,0.2,696,NA,8.41,8.32,73.8,10,Low,450401,454000,3599,3599,23.67823337,23.67823337,1,NA,NA,Aquatic Insects,44,Family,Corixidae,Corixidae,Larvae,4,0.169,0.169,NA,NA,NA,NA,NA,NA,NA,NA,NA,NA,NA   NA   NA   NA,NA   NA   NA   NA
STTD_2015-04-16 08:40:00,4/16/2015 8:40,STTD,2015,D,FALSE,CLR,NA,NA,16.53,0.2,696,NA,8.41,8.32,73.8,10,Low,450401,454000,3599,3599,23.67823337,23.67823337,1,NA,NA,Aquatic Insects,34,Family,Chironomidae,Chironomidae,Pupae,1,0.042,0.042,NA,NA,NA,NA,NA,NA,NA,NA,NA,NA,NA   NA   NA   NA,NA   NA   NA   NA
STTD_2015-04-16 08:40:00,4/16/2015 8:40,STTD,2015,D,FALSE,CLR,NA,NA,16.53,0.2,696,NA,8.41,8.32,73.8,10,Low,450401,454000,3599,3599,23.67823337,23.67823337,1,NA,NA,Aquatic Insects,34,Family,Chironomidae,Chironomidae,Adults,9,0.38,0.38,NA,NA,NA,NA,NA,NA,NA,NA,NA,NA,NA   NA   NA   NA,NA   NA   NA   NA
STTD_2015-04-16 08:40:00,4/16/2015 8:40,STTD,2015,D,FALSE,CLR,NA,NA,16.53,0.2,696,NA,8.41,8.32,73.8,10,Low,450401,454000,3599,3599,23.67823337,23.67823337,1,NA,NA,Aquatic Non-Insects,9,Family,Corophiidae,Corophiidae,NotDetermined,1,0.042,0.042,NA,NA,NA,NA,NA,NA,NA,NA,NA,NA,NA   NA   NA   NA,NA   NA   NA   NA
STTD_2015-04-16 08:40:00,4/16/2015 8:40,STTD,2015,D,FALSE,CLR,NA,NA,16.53,0.2,696,NA,8.41,8.32,73.8,10,Low,450401,454000,3599,3599,23.67823337,23.67823337,1,NA,NA,Aquatic Non-Insects,11,Family,Gammaridae,Gammaridae,NotDetermined,5,0.211,0.211,NA,NA,NA,NA,NA,NA,NA,NA,NA,NA,NA   NA   NA   NA,NA   NA   NA   NA
STTD_2015-04-16 08:40:00,4/16/2015 8:40,STTD,2015,D,FALSE,CLR,NA,NA,16.53,0.2,696,NA,8.41,8.32,73.8,10,Low,450401,454000,3599,3599,23.67823337,23.67823337,1,NA,NA,Aquatic Non-Insects,15,Family,Hyalellidae,Hyalellidae,NotDetermined,2,0.084,0.084,NA,NA,NA,NA,NA,NA,NA,NA,NA,NA,NA   NA   NA   NA,NA   NA   NA   NA
STTD_2015-04-16 08:40:00,4/16/2015 8:40,STTD,2015,D,FALSE,CLR,NA,NA,16.53,0.2,696,NA,8.41,8.32,73.8,10,Low,450401,454000,3599,3599,23.67823337,23.67823337,1,NA,NA,Aquatic Non-Insects,123,Family,Pionidae,Pionidae,NotDetermined,1,0.042,0.042,NA,NA,NA,NA,NA,NA,NA,NA,NA,NA,NA   NA   NA   NA,NA   NA   NA   NA
STTD_2015-04-16 08:40:00,4/16/2015 8:40,STTD,2015,D,FALSE,CLR,NA,NA,16.53,0.2,696,NA,8.41,8.32,73.8,10,Low,450401,454000,3599,3599,23.67823337,23.67823337,1,NA,NA,Aquatic Non-Insects,130,Phylum,Nematoda,Nematoda,NotDetermined,1,0.042,0.042,NA,NA,NA,NA,NA,NA,NA,NA,NA,NA,NA   NA   NA   NA,NA   NA   NA   NA
STTD_2015-04-16 08:40:00,4/16/2015 8:40,STTD,2015,D,FALSE,CLR,NA,NA,16.53,0.2,696,NA,8.41,8.32,73.8,10,Low,450401,454000,3599,3599,23.67823337,23.67823337,1,NA,NA,Terrestrial Insects,71,Order,Hemiptera,Hemiptera,Larvae,2,0.084,0.084,NA,NA,NA,NA,NA,NA,NA,NA,NA,NA,NA   NA   NA   NA,NA   NA   NA   NA
STTD_2015-04-16 08:40:00,4/16/2015 8:40,STTD,2015,D,FALSE,CLR,NA,NA,16.53,0.2,696,NA,8.41,8.32,73.8,10,Low,450401,454000,3599,3599,23.67823337,23.67823337,1,NA,NA,Terrestrial Insects,71,Order,Hemiptera,Hemiptera,Adults,2,0.084,0.084,NA,NA,NA,NA,NA,NA,NA,NA,NA,NA,NA   NA   NA   NA,NA   NA   NA   NA
STTD_2015-04-16 08:40:00,4/16/2015 8:40,STTD,2015,D,FALSE,CLR,NA,NA,16.53,0.2,696,NA,8.41,8.32,73.8,10,Low,450401,454000,3599,3599,23.67823337,23.67823337,1,NA,NA,Terrestrial Insects,63,Order,Coleoptera,Coleoptera,Adults,1,0.042,0.042,NA,NA,NA,NA,NA,NA,NA,NA,NA,NA,NA   NA   NA   NA,NA   NA   NA   NA
STTD_2015-04-16 08:40:00,4/16/2015 8:40,STTD,2015,D,FALSE,CLR,NA,NA,16.53,0.2,696,NA,8.41,8.32,73.8,10,Low,450401,454000,3599,3599,23.67823337,23.67823337,1,NA,NA,Terrestrial Insects,64,Order,Diptera,Diptera,Adults,6,0.253,0.253,NA,NA,NA,NA,NA,NA,NA,NA,NA,NA,NA   NA   NA   NA,NA   NA   NA   NA
STTD_2015-04-16 08:40:00,4/16/2015 8:40,STTD,2015,D,FALSE,CLR,NA,NA,16.53,0.2,696,NA,8.41,8.32,73.8,10,Low,450401,454000,3599,3599,23.67823337,23.67823337,1,NA,NA,Terrestrial Insects,66,Order,Hymenoptera,Hymenoptera,Adults,1,0.042,0.042,NA,NA,NA,NA,NA,NA,NA,NA,NA,NA,NA   NA   NA   NA,NA   NA   NA   NA
STTD_2015-04-16 08:40:00,4/16/2015 8:40,STTD,2015,D,FALSE,CLR,NA,NA,16.53,0.2,696,NA,8.41,8.32,73.8,10,Low,450401,454000,3599,3599,23.67823337,23.67823337,1,NA,NA,Terrestrial Insects,67,Order,Psocoptera,Psocoptera,Adults,1,0.042,0.042,NA,NA,NA,NA,NA,NA,NA,NA,NA,NA,NA   NA   NA   NA,NA   NA   NA   NA
STTD_2015-04-16 08:40:00,4/16/2015 8:40,STTD,2015,D,FALSE,CLR,NA,NA,16.53,0.2,696,NA,8.41,8.32,73.8,10,Low,450401,454000,3599,3599,23.67823337,23.67823337,1,NA,NA,Terrestrial Insects,85,Order,Thysanoptera,Thysanoptera,Adults,1,0.042,0.042,NA,NA,NA,NA,NA,NA,NA,NA,NA,NA,NA   NA   NA   NA,NA   NA   NA   NA
STTD_2015-04-16 08:40:00,4/16/2015 8:40,STTD,2015,D,FALSE,CLR,NA,NA,16.53,0.2,696,NA,8.41,8.32,73.8,10,Low,450401,454000,3599,3599,23.67823337,23.67823337,1,NA,NA,Terrestrial Non-Insects,157,Order,Araneae,Araneae,NotDetermined,13,0.549,0.549,NA,NA,NA,NA,NA,NA,NA,NA,NA,NA,NA   NA   NA   NA,NA   NA   NA   NA
STTD_2015-04-16 08:40:00,4/16/2015 8:40,STTD,2015,D,FALSE,CLR,NA,NA,16.53,0.2,696,NA,8.41,8.32,73.8,10,Low,450401,454000,3599,3599,23.67823337,23.67823337,1,NA,NA,Aquatic Non-Insects,175,Family,Atherinopsidae,Atherinopsidae,NotDetermined,1,0.042,0.042,NA,NA,NA,NA,NA,NA,NA,NA,NA,NA,NA   NA   NA   NA,NA   NA   NA   NA
SHR_2015-04-17 09:15:00,4/17/2015 9:15,SHR,2015,D,FALSE,CLR,NA,NA,17.52,2.19,165,NA,8.17,9.51,5.7,10,Low,445773,450000,4227,4227,27.80991733,27.80991733,1,NA,NA,Aquatic Insects,41,Family,Baetidae,Baetidae,Adults,1,0.036,0.036,NA,NA,NA,NA,NA,NA,NA,NA,NA,NA,NA   NA   NA   NA,NA   NA   NA   NA
SHR_2015-04-17 09:15:00,4/17/2015 9:15,SHR,2015,D,FALSE,CLR,NA,NA,17.52,2.19,165,NA,8.17,9.51,5.7,10,Low,445773,450000,4227,4227,27.80991733,27.80991733,1,NA,NA,Aquatic Insects,88,Family,Hydroptilidae,Hydroptilidae,Adults,1,0.036,0.036,NA,NA,NA,NA,NA,NA,NA,NA,NA,NA,NA   NA   NA   NA,NA   NA   NA   NA
SHR_2015-04-17 09:15:00,4/17/2015 9:15,SHR,2015,D,FALSE,CLR,NA,NA,17.52,2.19,165,NA,8.17,9.51,5.7,10,Low,445773,450000,4227,4227,27.80991733,27.80991733,1,NA,NA,Aquatic Insects,44,Family,Corixidae,Corixidae,Larvae,2,0.072,0.072,NA,NA,NA,NA,NA,NA,NA,NA,NA,NA,NA   NA   NA   NA,NA   NA   NA   NA
SHR_2015-04-17 09:15:00,4/17/2015 9:15,SHR,2015,D,FALSE,CLR,NA,NA,17.52,2.19,165,NA,8.17,9.51,5.7,10,Low,445773,450000,4227,4227,27.80991733,27.80991733,1,NA,NA,Aquatic Insects,44,Family,Corixidae,Corixidae,Adults,1,0.036,0.036,NA,NA,NA,NA,NA,NA,NA,NA,NA,NA,NA   NA   NA   NA,NA   NA   NA   NA
SHR_2015-04-17 09:15:00,4/17/2015 9:15,SHR,2015,D,FALSE,CLR,NA,NA,17.52,2.19,165,NA,8.17,9.51,5.7,10,Low,445773,450000,4227,4227,27.80991733,27.80991733,1,NA,NA,Aquatic Insects,95,Family,Veliidae,Veliidae,Larvae,1,0.036,0.036,NA,NA,NA,NA,NA,NA,NA,NA,NA,NA,NA   NA   NA   NA,NA   NA   NA   NA
SHR_2015-04-17 09:15:00,4/17/2015 9:15,SHR,2015,D,FALSE,CLR,NA,NA,17.52,2.19,165,NA,8.17,9.51,5.7,10,Low,445773,450000,4227,4227,27.80991733,27.80991733,1,NA,NA,Aquatic Insects,30,Family,Dytiscidae,Dytiscidae,Adults,1,0.036,0.036,NA,NA,NA,NA,NA,NA,NA,NA,NA,NA,NA   NA   NA   NA,NA   NA   NA   NA
SHR_2015-04-17 09:15:00,4/17/2015 9:15,SHR,2015,D,FALSE,CLR,NA,NA,17.52,2.19,165,NA,8.17,9.51,5.7,10,Low,445773,450000,4227,4227,27.80991733,27.80991733,1,NA,NA,Aquatic Insects,34,Family,Chironomidae,Chironomidae,Larvae,19,0.683,0.683,NA,NA,NA,NA,NA,NA,NA,NA,NA,NA,NA   NA   NA   NA,NA   NA   NA   NA
SHR_2015-04-17 09:15:00,4/17/2015 9:15,SHR,2015,D,FALSE,CLR,NA,NA,17.52,2.19,165,NA,8.17,9.51,5.7,10,Low,445773,450000,4227,4227,27.80991733,27.80991733,1,NA,NA,Aquatic Insects,34,Family,Chironomidae,Chironomidae,Pupae,8,0.288,0.288,NA,NA,NA,NA,NA,NA,NA,NA,NA,NA,NA   NA   NA   NA,NA   NA   NA   NA
SHR_2015-04-17 09:15:00,4/17/2015 9:15,SHR,2015,D,FALSE,CLR,NA,NA,17.52,2.19,165,NA,8.17,9.51,5.7,10,Low,445773,450000,4227,4227,27.80991733,27.80991733,1,NA,NA,Aquatic Insects,34,Family,Chironomidae,Chironomidae,Adults,67,2.409,2.409,NA,NA,NA,NA,NA,NA,NA,NA,NA,NA,NA   NA   NA   NA,NA   NA   NA   NA
SHR_2015-04-17 09:15:00,4/17/2015 9:15,SHR,2015,D,FALSE,CLR,NA,NA,17.52,2.19,165,NA,8.17,9.51,5.7,10,Low,445773,450000,4227,4227,27.80991733,27.80991733,1,NA,NA,Aquatic Insects,32,Family,Ceratopogonidae,Ceratopogonidae,Pupae,13,0.467,0.467,NA,NA,NA,NA,NA,NA,NA,NA,NA,NA,NA   NA   NA   NA,NA   NA   NA   NA
SHR_2015-04-17 09:15:00,4/17/2015 9:15,SHR,2015,D,FALSE,CLR,NA,NA,17.52,2.19,165,NA,8.17,9.51,5.7,10,Low,445773,450000,4227,4227,27.80991733,27.80991733,1,NA,NA,Aquatic Insects,32,Family,Ceratopogonidae,Ceratopogonidae,Adults,1,0.036,0.036,NA,NA,NA,NA,NA,NA,NA,NA,NA,NA,NA   NA   NA   NA,NA   NA   NA   NA
SHR_2015-04-17 09:15:00,4/17/2015 9:15,SHR,2015,D,FALSE,CLR,NA,NA,17.52,2.19,165,NA,8.17,9.51,5.7,10,Low,445773,450000,4227,4227,27.80991733,27.80991733,1,NA,NA,Aquatic Non-Insects,4,Family,Naididae,Naididae,NotDetermined,1,0.036,0.036,NA,NA,NA,NA,NA,NA,NA,NA,NA,NA,NA   NA   NA   NA,NA   NA   NA   NA
SHR_2015-04-17 09:15:00,4/17/2015 9:15,SHR,2015,D,FALSE,CLR,NA,NA,17.52,2.19,165,NA,8.17,9.51,5.7,10,Low,445773,450000,4227,4227,27.80991733,27.80991733,1,NA,NA,Aquatic Non-Insects,77,Family,Hygrobatidae,Hygrobatidae,NotDetermined,1,0.036,0.036,NA,NA,NA,NA,NA,NA,NA,NA,NA,NA,NA   NA   NA   NA,NA   NA   NA   NA
SHR_2015-04-17 09:15:00,4/17/2015 9:15,SHR,2015,D,FALSE,CLR,NA,NA,17.52,2.19,165,NA,8.17,9.51,5.7,10,Low,445773,450000,4227,4227,27.80991733,27.80991733,1,NA,NA,Aquatic Non-Insects,28,Family,Lebertiidae,Lebertiidae,NotDetermined,2,0.072,0.072,NA,NA,NA,NA,NA,NA,NA,NA,NA,NA,NA   NA   NA   NA,NA   NA   NA   NA
SHR_2015-04-17 09:15:00,4/17/2015 9:15,SHR,2015,D,FALSE,CLR,NA,NA,17.52,2.19,165,NA,8.17,9.51,5.7,10,Low,445773,450000,4227,4227,27.80991733,27.80991733,1,NA,NA,Aquatic Non-Insects,120,Family,Lebertiidae,Lebertiidae,NotDetermined,2,0.072,0.072,NA,NA,NA,NA,NA,NA,NA,NA,NA,NA,NA   NA   NA   NA,NA   NA   NA   NA
SHR_2015-04-17 09:15:00,4/17/2015 9:15,SHR,2015,D,FALSE,CLR,NA,NA,17.52,2.19,165,NA,8.17,9.51,5.7,10,Low,445773,450000,4227,4227,27.80991733,27.80991733,1,NA,NA,Aquatic Non-Insects,128,Family,Mideopsidae,Mideopsidae,NotDetermined,1,0.036,0.036,NA,NA,NA,NA,NA,NA,NA,NA,NA,NA,NA   NA   NA   NA,NA   NA   NA   NA
SHR_2015-04-17 09:15:00,4/17/2015 9:15,SHR,2015,D,FALSE,CLR,NA,NA,17.52,2.19,165,NA,8.17,9.51,5.7,10,Low,445773,450000,4227,4227,27.80991733,27.80991733,1,NA,NA,Terrestrial Insects,71,Order,Hemiptera,Hemiptera,Adults,11,0.396,0.396,NA,NA,NA,NA,NA,NA,NA,NA,NA,NA,NA   NA   NA   NA,NA   NA   NA   NA
SHR_2015-04-17 09:15:00,4/17/2015 9:15,SHR,2015,D,FALSE,CLR,NA,NA,17.52,2.19,165,NA,8.17,9.51,5.7,10,Low,445773,450000,4227,4227,27.80991733,27.80991733,1,NA,NA,Terrestrial Insects,63,Order,Coleoptera,Coleoptera,Adults,6,0.216,0.216,NA,NA,NA,NA,NA,NA,NA,NA,NA,NA,NA   NA   NA   NA,NA   NA   NA   NA
SHR_2015-04-17 09:15:00,4/17/2015 9:15,SHR,2015,D,FALSE,CLR,NA,NA,17.52,2.19,165,NA,8.17,9.51,5.7,10,Low,445773,450000,4227,4227,27.80991733,27.80991733,1,NA,NA,Terrestrial Insects,64,Order,Diptera,Diptera,Adults,14,0.503,0.503,NA,NA,NA,NA,NA,NA,NA,NA,NA,NA,NA   NA   NA   NA,NA   NA   NA   NA
SHR_2015-04-17 09:15:00,4/17/2015 9:15,SHR,2015,D,FALSE,CLR,NA,NA,17.52,2.19,165,NA,8.17,9.51,5.7,10,Low,445773,450000,4227,4227,27.80991733,27.80991733,1,NA,NA,Terrestrial Non-Insects,68,Order,Collembola,Collembola,NotDetermined,1,0.036,0.036,NA,NA,NA,NA,NA,NA,NA,NA,NA,NA,NA   NA   NA   NA,NA   NA   NA   NA
SHR_2015-04-17 09:15:00,4/17/2015 9:15,SHR,2015,D,FALSE,CLR,NA,NA,17.52,2.19,165,NA,8.17,9.51,5.7,10,Low,445773,450000,4227,4227,27.80991733,27.80991733,1,NA,NA,Terrestrial Insects,66,Order,Hymenoptera,Hymenoptera,Adults,6,0.216,0.216,NA,NA,NA,NA,NA,NA,NA,NA,NA,NA,NA   NA   NA   NA,NA   NA   NA   NA
SHR_2015-04-17 09:15:00,4/17/2015 9:15,SHR,2015,D,FALSE,CLR,NA,NA,17.52,2.19,165,NA,8.17,9.51,5.7,10,Low,445773,450000,4227,4227,27.80991733,27.80991733,1,NA,NA,Terrestrial Insects,67,Order,Psocoptera,Psocoptera,Adults,2,0.072,0.072,NA,NA,NA,NA,NA,NA,NA,NA,NA,NA,NA   NA   NA   NA,NA   NA   NA   NA
SHR_2015-04-17 09:15:00,4/17/2015 9:15,SHR,2015,D,FALSE,CLR,NA,NA,17.52,2.19,165,NA,8.17,9.51,5.7,10,Low,445773,450000,4227,4227,27.80991733,27.80991733,1,NA,NA,Terrestrial Insects,85,Order,Thysanoptera,Thysanoptera,Adults,1,0.036,0.036,NA,NA,NA,NA,NA,NA,NA,NA,NA,NA,NA   NA   NA   NA,NA   NA   NA   NA
SHR_2015-04-17 09:15:00,4/17/2015 9:15,SHR,2015,D,FALSE,CLR,NA,NA,17.52,2.19,165,NA,8.17,9.51,5.7,10,Low,445773,450000,4227,4227,27.80991733,27.80991733,1,NA,NA,Terrestrial Non-Insects,57,Subclass,Acari,Acari,NotDetermined,1,0.036,0.036,NA,NA,NA,NA,NA,NA,NA,NA,NA,NA,NA   NA   NA   NA,NA   NA   NA   NA
SHR_2015-04-17 09:15:00,4/17/2015 9:15,SHR,2015,D,FALSE,CLR,NA,NA,17.52,2.19,165,NA,8.17,9.51,5.7,10,Low,445773,450000,4227,4227,27.80991733,27.80991733,1,NA,NA,Terrestrial Non-Insects,157,Order,Araneae,Araneae,NotDetermined,2,0.072,0.072,NA,NA,NA,NA,NA,NA,NA,NA,NA,NA,NA   NA   NA   NA,NA   NA   NA   NA
SHR_2015-04-29 08:24:00,4/29/2015 8:24,SHR,2015,D,FALSE,CLR,NA,NA,20.95,1.2,130,NA,7.93,8.35,7.8,10,Low,441424,446000,4576,4576,30.10602831,30.10602831,1,NA,NA,Aquatic Insects,144,Order,Ephemeroptera,Ephemerpotera,Adults,4,0.133,0.133,NA,NA,NA,NA,NA,NA,NA,NA,NA,NA,NA   NA   NA   NA,NA   NA   NA   NA
SHR_2015-04-29 08:24:00,4/29/2015 8:24,SHR,2015,D,FALSE,CLR,NA,NA,20.95,1.2,130,NA,7.93,8.35,7.8,10,Low,441424,446000,4576,4576,30.10602831,30.10602831,1,NA,NA,Aquatic Insects,88,Family,Hydroptilidae,Hydroptilidae,Larvae,1,0.033,0.033,NA,NA,NA,NA,NA,NA,NA,NA,NA,NA,NA   NA   NA   NA,NA   NA   NA   NA
SHR_2015-04-29 08:24:00,4/29/2015 8:24,SHR,2015,D,FALSE,CLR,NA,NA,20.95,1.2,130,NA,7.93,8.35,7.8,10,Low,441424,446000,4576,4576,30.10602831,30.10602831,1,NA,NA,Aquatic Insects,88,Family,Hydroptilidae,Hydroptilidae,Adults,1,0.033,0.033,NA,NA,NA,NA,NA,NA,NA,NA,NA,NA,NA   NA   NA   NA,NA   NA   NA   NA
SHR_2015-04-29 08:24:00,4/29/2015 8:24,SHR,2015,D,FALSE,CLR,NA,NA,20.95,1.2,130,NA,7.93,8.35,7.8,10,Low,441424,446000,4576,4576,30.10602831,30.10602831,1,NA,NA,Aquatic Insects,44,Family,Corixidae,Corixidae,Larvae,5,0.166,0.166,NA,NA,NA,NA,NA,NA,NA,NA,NA,NA,NA   NA   NA   NA,NA   NA   NA   NA
SHR_2015-04-29 08:24:00,4/29/2015 8:24,SHR,2015,D,FALSE,CLR,NA,NA,20.95,1.2,130,NA,7.93,8.35,7.8,10,Low,441424,446000,4576,4576,30.10602831,30.10602831,1,NA,NA,Aquatic Insects,30,Family,Dytiscidae,Dytiscidae,Adults,2,0.066,0.066,NA,NA,NA,NA,NA,NA,NA,NA,NA,NA,NA   NA   NA   NA,NA   NA   NA   NA
SHR_2015-04-29 08:24:00,4/29/2015 8:24,SHR,2015,D,FALSE,CLR,NA,NA,20.95,1.2,130,NA,7.93,8.35,7.8,10,Low,441424,446000,4576,4576,30.10602831,30.10602831,1,NA,NA,Aquatic Insects,52,Family,Hydraenidae,Hydraenidae,Adults,4,0.133,0.133,NA,NA,NA,NA,NA,NA,NA,NA,NA,NA,NA   NA   NA   NA,NA   NA   NA   NA
SHR_2015-04-29 08:24:00,4/29/2015 8:24,SHR,2015,D,FALSE,CLR,NA,NA,20.95,1.2,130,NA,7.93,8.35,7.8,10,Low,441424,446000,4576,4576,30.10602831,30.10602831,1,NA,NA,Aquatic Insects,34,Family,Chironomidae,Chironomidae,Larvae,90,2.989,2.989,NA,NA,NA,NA,NA,NA,NA,NA,NA,NA,NA   NA   NA   NA,NA   NA   NA   NA
SHR_2015-04-29 08:24:00,4/29/2015 8:24,SHR,2015,D,FALSE,CLR,NA,NA,20.95,1.2,130,NA,7.93,8.35,7.8,10,Low,441424,446000,4576,4576,30.10602831,30.10602831,1,NA,NA,Aquatic Insects,34,Family,Chironomidae,Chironomidae,Pupae,31,1.03,1.03,NA,NA,NA,NA,NA,NA,NA,NA,NA,NA,NA   NA   NA   NA,NA   NA   NA   NA
SHR_2015-04-29 08:24:00,4/29/2015 8:24,SHR,2015,D,FALSE,CLR,NA,NA,20.95,1.2,130,NA,7.93,8.35,7.8,10,Low,441424,446000,4576,4576,30.10602831,30.10602831,1,NA,NA,Aquatic Insects,34,Family,Chironomidae,Chironomidae,Adults,289,9.599,9.599,NA,NA,NA,NA,NA,NA,NA,NA,NA,NA,NA   NA   NA   NA,NA   NA   NA   NA
SHR_2015-04-29 08:24:00,4/29/2015 8:24,SHR,2015,D,FALSE,CLR,NA,NA,20.95,1.2,130,NA,7.93,8.35,7.8,10,Low,441424,446000,4576,4576,30.10602831,30.10602831,1,NA,NA,Aquatic Insects,32,Family,Ceratopogonidae,Ceratopogonidae,Larvae,1,0.033,0.033,NA,NA,NA,NA,NA,NA,NA,NA,NA,NA,NA   NA   NA   NA,NA   NA   NA   NA
SHR_2015-04-29 08:24:00,4/29/2015 8:24,SHR,2015,D,FALSE,CLR,NA,NA,20.95,1.2,130,NA,7.93,8.35,7.8,10,Low,441424,446000,4576,4576,30.10602831,30.10602831,1,NA,NA,Aquatic Insects,32,Family,Ceratopogonidae,Ceratopogonidae,Pupae,384,12.755,12.755,NA,NA,NA,NA,NA,NA,NA,NA,NA,NA,NA   NA   NA   NA,NA   NA   NA   NA
SHR_2015-04-29 08:24:00,4/29/2015 8:24,SHR,2015,D,FALSE,CLR,NA,NA,20.95,1.2,130,NA,7.93,8.35,7.8,10,Low,441424,446000,4576,4576,30.10602831,30.10602831,1,NA,NA,Aquatic Insects,32,Family,Ceratopogonidae,Ceratopogonidae,Adults,85,2.823,2.823,NA,NA,NA,NA,NA,NA,NA,NA,NA,NA,NA   NA   NA   NA,NA   NA   NA   NA
SHR_2015-04-29 08:24:00,4/29/2015 8:24,SHR,2015,D,FALSE,CLR,NA,NA,20.95,1.2,130,NA,7.93,8.35,7.8,10,Low,441424,446000,4576,4576,30.10602831,30.10602831,1,NA,NA,Aquatic Non-Insects,10,Family,Crangonyctidae,Crangonyctidae,NotDetermined,2,0.066,0.066,NA,NA,NA,NA,NA,NA,NA,NA,NA,NA,NA   NA   NA   NA,NA   NA   NA   NA
SHR_2015-04-29 08:24:00,4/29/2015 8:24,SHR,2015,D,FALSE,CLR,NA,NA,20.95,1.2,130,NA,7.93,8.35,7.8,10,Low,441424,446000,4576,4576,30.10602831,30.10602831,1,NA,NA,Aquatic Non-Insects,15,Family,Hyalellidae,Hyalellidae,NotDetermined,1,0.033,0.033,NA,NA,NA,NA,NA,NA,NA,NA,NA,NA,NA   NA   NA   NA,NA   NA   NA   NA
SHR_2015-04-29 08:24:00,4/29/2015 8:24,SHR,2015,D,FALSE,CLR,NA,NA,20.95,1.2,130,NA,7.93,8.35,7.8,10,Low,441424,446000,4576,4576,30.10602831,30.10602831,1,NA,NA,Terrestrial Insects,71,Order,Hemiptera,Hemiptera,Larvae,1,0.033,0.033,NA,NA,NA,NA,NA,NA,NA,NA,NA,NA,NA   NA   NA   NA,NA   NA   NA   NA
SHR_2015-04-29 08:24:00,4/29/2015 8:24,SHR,2015,D,FALSE,CLR,NA,NA,20.95,1.2,130,NA,7.93,8.35,7.8,10,Low,441424,446000,4576,4576,30.10602831,30.10602831,1,NA,NA,Terrestrial Insects,71,Order,Hemiptera,Hemiptera,Adults,14,0.465,0.465,NA,NA,NA,NA,NA,NA,NA,NA,NA,NA,NA   NA   NA   NA,NA   NA   NA   NA
SHR_2015-04-29 08:24:00,4/29/2015 8:24,SHR,2015,D,FALSE,CLR,NA,NA,20.95,1.2,130,NA,7.93,8.35,7.8,10,Low,441424,446000,4576,4576,30.10602831,30.10602831,1,NA,NA,Terrestrial Insects,63,Order,Coleoptera,Coleoptera,Larvae,1,0.033,0.033,NA,NA,NA,NA,NA,NA,NA,NA,NA,NA,NA   NA   NA   NA,NA   NA   NA   NA
SHR_2015-04-29 08:24:00,4/29/2015 8:24,SHR,2015,D,FALSE,CLR,NA,NA,20.95,1.2,130,NA,7.93,8.35,7.8,10,Low,441424,446000,4576,4576,30.10602831,30.10602831,1,NA,NA,Terrestrial Insects,63,Order,Coleoptera,Coleoptera,Adults,17,0.565,0.565,NA,NA,NA,NA,NA,NA,NA,NA,NA,NA,NA   NA   NA   NA,NA   NA   NA   NA
SHR_2015-04-29 08:24:00,4/29/2015 8:24,SHR,2015,D,FALSE,CLR,NA,NA,20.95,1.2,130,NA,7.93,8.35,7.8,10,Low,441424,446000,4576,4576,30.10602831,30.10602831,1,NA,NA,Terrestrial Insects,64,Order,Diptera,Diptera,Adults,19,0.631,0.631,NA,NA,NA,NA,NA,NA,NA,NA,NA,NA,NA   NA   NA   NA,NA   NA   NA   NA
SHR_2015-04-29 08:24:00,4/29/2015 8:24,SHR,2015,D,FALSE,CLR,NA,NA,20.95,1.2,130,NA,7.93,8.35,7.8,10,Low,441424,446000,4576,4576,30.10602831,30.10602831,1,NA,NA,Terrestrial Insects,73,Order,Lepidoptera,Lepidoptera,Adults,1,0.033,0.033,NA,NA,NA,NA,NA,NA,NA,NA,NA,NA,NA   NA   NA   NA,NA   NA   NA   NA
SHR_2015-04-29 08:24:00,4/29/2015 8:24,SHR,2015,D,FALSE,CLR,NA,NA,20.95,1.2,130,NA,7.93,8.35,7.8,10,Low,441424,446000,4576,4576,30.10602831,30.10602831,1,NA,NA,Terrestrial Non-Insects,68,Order,Collembola,Collembola,NotDetermined,8,0.266,0.266,NA,NA,NA,NA,NA,NA,NA,NA,NA,NA,NA   NA   NA   NA,NA   NA   NA   NA
SHR_2015-04-29 08:24:00,4/29/2015 8:24,SHR,2015,D,FALSE,CLR,NA,NA,20.95,1.2,130,NA,7.93,8.35,7.8,10,Low,441424,446000,4576,4576,30.10602831,30.10602831,1,NA,NA,Terrestrial Insects,66,Order,Hymenoptera,Hymenoptera,Adults,19,0.631,0.631,NA,NA,NA,NA,NA,NA,NA,NA,NA,NA,NA   NA   NA   NA,NA   NA   NA   NA
SHR_2015-04-29 08:24:00,4/29/2015 8:24,SHR,2015,D,FALSE,CLR,NA,NA,20.95,1.2,130,NA,7.93,8.35,7.8,10,Low,441424,446000,4576,4576,30.10602831,30.10602831,1,NA,NA,Terrestrial Insects,67,Order,Psocoptera,Psocoptera,Adults,5,0.166,0.166,NA,NA,NA,NA,NA,NA,NA,NA,NA,NA,NA   NA   NA   NA,NA   NA   NA   NA
SHR_2015-04-29 08:24:00,4/29/2015 8:24,SHR,2015,D,FALSE,CLR,NA,NA,20.95,1.2,130,NA,7.93,8.35,7.8,10,Low,441424,446000,4576,4576,30.10602831,30.10602831,1,NA,NA,Terrestrial Insects,85,Order,Thysanoptera,Thysanoptera,Adults,4,0.133,0.133,NA,NA,NA,NA,NA,NA,NA,NA,NA,NA,NA   NA   NA   NA,NA   NA   NA   NA
STTD_2015-04-30 08:16:00,4/30/2015 8:16,STTD,2015,D,FALSE,CLR,NA,NA,20.3,0.19,663,NA,8.25,6.08,64.5,10,Low,439998,441000,1002,1002,6.592272808,6.592272808,1,NA,NA,Aquatic Insects,44,Family,Corixidae,Corixidae,Larvae,3,0.455,0.455,NA,NA,NA,NA,NA,NA,NA,NA,NA,NA,NA   NA   NA   NA,NA   NA   NA   NA
STTD_2015-04-30 08:16:00,4/30/2015 8:16,STTD,2015,D,FALSE,CLR,NA,NA,20.3,0.19,663,NA,8.25,6.08,64.5,10,Low,439998,441000,1002,1002,6.592272808,6.592272808,1,NA,NA,Aquatic Insects,34,Family,Chironomidae,Chironomidae,Pupae,2,0.303,0.303,NA,NA,NA,NA,NA,NA,NA,NA,NA,NA,NA   NA   NA   NA,NA   NA   NA   NA
STTD_2015-04-30 08:16:00,4/30/2015 8:16,STTD,2015,D,FALSE,CLR,NA,NA,20.3,0.19,663,NA,8.25,6.08,64.5,10,Low,439998,441000,1002,1002,6.592272808,6.592272808,1,NA,NA,Aquatic Insects,34,Family,Chironomidae,Chironomidae,Adults,4,0.607,0.607,NA,NA,NA,NA,NA,NA,NA,NA,NA,NA,NA   NA   NA   NA,NA   NA   NA   NA
STTD_2015-04-30 08:16:00,4/30/2015 8:16,STTD,2015,D,FALSE,CLR,NA,NA,20.3,0.19,663,NA,8.25,6.08,64.5,10,Low,439998,441000,1002,1002,6.592272808,6.592272808,1,NA,NA,Aquatic Non-Insects,4,Family,Naididae,Naididae,NotDetermined,1,0.152,0.152,NA,NA,NA,NA,NA,NA,NA,NA,NA,NA,NA   NA   NA   NA,NA   NA   NA   NA
STTD_2015-04-30 08:16:00,4/30/2015 8:16,STTD,2015,D,FALSE,CLR,NA,NA,20.3,0.19,663,NA,8.25,6.08,64.5,10,Low,439998,441000,1002,1002,6.592272808,6.592272808,1,NA,NA,Aquatic Non-Insects,9,Family,Corophiidae,Corophiidae,NotDetermined,1,0.152,0.152,NA,NA,NA,NA,NA,NA,NA,NA,NA,NA,NA   NA   NA   NA,NA   NA   NA   NA
STTD_2015-04-30 08:16:00,4/30/2015 8:16,STTD,2015,D,FALSE,CLR,NA,NA,20.3,0.19,663,NA,8.25,6.08,64.5,10,Low,439998,441000,1002,1002,6.592272808,6.592272808,1,NA,NA,Aquatic Non-Insects,123,Family,Pionidae,Pionidae,NotDetermined,2,0.303,0.303,NA,NA,NA,NA,NA,NA,NA,NA,NA,NA,NA   NA   NA   NA,NA   NA   NA   NA
STTD_2015-04-30 08:16:00,4/30/2015 8:16,STTD,2015,D,FALSE,CLR,NA,NA,20.3,0.19,663,NA,8.25,6.08,64.5,10,Low,439998,441000,1002,1002,6.592272808,6.592272808,1,NA,NA,Terrestrial Insects,71,Order,Hemiptera,Hemiptera,Larvae,5,0.758,0.758,NA,NA,NA,NA,NA,NA,NA,NA,NA,NA,NA   NA   NA   NA,NA   NA   NA   NA
STTD_2015-04-30 08:16:00,4/30/2015 8:16,STTD,2015,D,FALSE,CLR,NA,NA,20.3,0.19,663,NA,8.25,6.08,64.5,10,Low,439998,441000,1002,1002,6.592272808,6.592272808,1,NA,NA,Terrestrial Insects,71,Order,Hemiptera,Hemiptera,Adults,5,0.758,0.758,NA,NA,NA,NA,NA,NA,NA,NA,NA,NA,NA   NA   NA   NA,NA   NA   NA   NA
STTD_2015-04-30 08:16:00,4/30/2015 8:16,STTD,2015,D,FALSE,CLR,NA,NA,20.3,0.19,663,NA,8.25,6.08,64.5,10,Low,439998,441000,1002,1002,6.592272808,6.592272808,1,NA,NA,Terrestrial Insects,63,Order,Coleoptera,Coleoptera,Larvae,2,0.303,0.303,NA,NA,NA,NA,NA,NA,NA,NA,NA,NA,NA   NA   NA   NA,NA   NA   NA   NA
STTD_2015-04-30 08:16:00,4/30/2015 8:16,STTD,2015,D,FALSE,CLR,NA,NA,20.3,0.19,663,NA,8.25,6.08,64.5,10,Low,439998,441000,1002,1002,6.592272808,6.592272808,1,NA,NA,Terrestrial Insects,63,Order,Coleoptera,Coleoptera,Adults,3,0.455,0.455,NA,NA,NA,NA,NA,NA,NA,NA,NA,NA,NA   NA   NA   NA,NA   NA   NA   NA
STTD_2015-04-30 08:16:00,4/30/2015 8:16,STTD,2015,D,FALSE,CLR,NA,NA,20.3,0.19,663,NA,8.25,6.08,64.5,10,Low,439998,441000,1002,1002,6.592272808,6.592272808,1,NA,NA,Terrestrial Insects,64,Order,Diptera,Diptera,Larvae,1,0.152,0.152,NA,NA,NA,NA,NA,NA,NA,NA,NA,NA,NA   NA   NA   NA,NA   NA   NA   NA
STTD_2015-04-30 08:16:00,4/30/2015 8:16,STTD,2015,D,FALSE,CLR,NA,NA,20.3,0.19,663,NA,8.25,6.08,64.5,10,Low,439998,441000,1002,1002,6.592272808,6.592272808,1,NA,NA,Terrestrial Insects,64,Order,Diptera,Diptera,Adults,3,0.455,0.455,NA,NA,NA,NA,NA,NA,NA,NA,NA,NA,NA   NA   NA   NA,NA   NA   NA   NA
STTD_2015-04-30 08:16:00,4/30/2015 8:16,STTD,2015,D,FALSE,CLR,NA,NA,20.3,0.19,663,NA,8.25,6.08,64.5,10,Low,439998,441000,1002,1002,6.592272808,6.592272808,1,NA,NA,Terrestrial Insects,66,Order,Hymenoptera,Hymenoptera,Adults,1,0.152,0.152,NA,NA,NA,NA,NA,NA,NA,NA,NA,NA,NA   NA   NA   NA,NA   NA   NA   NA
STTD_2015-04-30 08:16:00,4/30/2015 8:16,STTD,2015,D,FALSE,CLR,NA,NA,20.3,0.19,663,NA,8.25,6.08,64.5,10,Low,439998,441000,1002,1002,6.592272808,6.592272808,1,NA,NA,Terrestrial Non-Insects,157,Order,Araneae,Araneae,NotDetermined,7,1.062,1.062,NA,NA,NA,NA,NA,NA,NA,NA,NA,NA,NA   NA   NA   NA,NA   NA   NA   NA
STTD_2015-05-18 09:26:00,5/18/2015 9:26,STTD,2015,D,FALSE,CLD,NA,NA,17.6,0.15,255,297,8.22,8.24,90.1,10,Low,988236,992000,3764,3764,24.76378728,24.76378728,1,NA,NA,Aquatic Insects,44,Family,Corixidae,Corixidae,Larvae,6,0.242,0.242,NA,NA,NA,NA,NA,NA,NA,NA,NA,NA,NA   NA   NA   NA,NA   NA   NA   NA
STTD_2015-05-18 09:26:00,5/18/2015 9:26,STTD,2015,D,FALSE,CLD,NA,NA,17.6,0.15,255,297,8.22,8.24,90.1,10,Low,988236,992000,3764,3764,24.76378728,24.76378728,1,NA,NA,Aquatic Insects,34,Family,Chironomidae,Chironomidae,Pupae,2,0.081,0.081,NA,NA,NA,NA,NA,NA,NA,NA,NA,NA,NA   NA   NA   NA,NA   NA   NA   NA
STTD_2015-05-18 09:26:00,5/18/2015 9:26,STTD,2015,D,FALSE,CLD,NA,NA,17.6,0.15,255,297,8.22,8.24,90.1,10,Low,988236,992000,3764,3764,24.76378728,24.76378728,1,NA,NA,Aquatic Insects,34,Family,Chironomidae,Chironomidae,Adults,7,0.283,0.283,NA,NA,NA,NA,NA,NA,NA,NA,NA,NA,NA   NA   NA   NA,NA   NA   NA   NA
STTD_2015-05-18 09:26:00,5/18/2015 9:26,STTD,2015,D,FALSE,CLD,NA,NA,17.6,0.15,255,297,8.22,8.24,90.1,10,Low,988236,992000,3764,3764,24.76378728,24.76378728,1,NA,NA,Aquatic Insects,37,Family,Psychodidae,Psychodidae,Adults,1,0.04,0.04,NA,NA,NA,NA,NA,NA,NA,NA,NA,NA,NA   NA   NA   NA,NA   NA   NA   NA
STTD_2015-05-18 09:26:00,5/18/2015 9:26,STTD,2015,D,FALSE,CLD,NA,NA,17.6,0.15,255,297,8.22,8.24,90.1,10,Low,988236,992000,3764,3764,24.76378728,24.76378728,1,NA,NA,Aquatic Non-Insects,4,Family,Naididae,Naididae,NotDetermined,5,0.202,0.202,NA,NA,NA,NA,NA,NA,NA,NA,NA,NA,NA   NA   NA   NA,NA   NA   NA   NA
STTD_2015-05-18 09:26:00,5/18/2015 9:26,STTD,2015,D,FALSE,CLD,NA,NA,17.6,0.15,255,297,8.22,8.24,90.1,10,Low,988236,992000,3764,3764,24.76378728,24.76378728,1,NA,NA,Aquatic Non-Insects,9,Family,Corophiidae,Corophiidae,NotDetermined,1,0.04,0.04,NA,NA,NA,NA,NA,NA,NA,NA,NA,NA,NA   NA   NA   NA,NA   NA   NA   NA
STTD_2015-05-18 09:26:00,5/18/2015 9:26,STTD,2015,D,FALSE,CLD,NA,NA,17.6,0.15,255,297,8.22,8.24,90.1,10,Low,988236,992000,3764,3764,24.76378728,24.76378728,1,NA,NA,Aquatic Non-Insects,13,Family,Mysidae,Mysidae,NotDetermined,1,0.04,0.04,NA,NA,NA,NA,NA,NA,NA,NA,NA,NA,NA   NA   NA   NA,NA   NA   NA   NA
STTD_2015-05-18 09:26:00,5/18/2015 9:26,STTD,2015,D,FALSE,CLD,NA,NA,17.6,0.15,255,297,8.22,8.24,90.1,10,Low,988236,992000,3764,3764,24.76378728,24.76378728,1,NA,NA,Aquatic Non-Insects,123,Family,Pionidae,Pionidae,NotDetermined,1,0.04,0.04,NA,NA,NA,NA,NA,NA,NA,NA,NA,NA,NA   NA   NA   NA,NA   NA   NA   NA
STTD_2015-05-18 09:26:00,5/18/2015 9:26,STTD,2015,D,FALSE,CLD,NA,NA,17.6,0.15,255,297,8.22,8.24,90.1,10,Low,988236,992000,3764,3764,24.76378728,24.76378728,1,NA,NA,Terrestrial Insects,71,Order,Hemiptera,Hemiptera,Adults,2,0.081,0.081,NA,NA,NA,NA,NA,NA,NA,NA,NA,NA,NA   NA   NA   NA,NA   NA   NA   NA
STTD_2015-05-18 09:26:00,5/18/2015 9:26,STTD,2015,D,FALSE,CLD,NA,NA,17.6,0.15,255,297,8.22,8.24,90.1,10,Low,988236,992000,3764,3764,24.76378728,24.76378728,1,NA,NA,Terrestrial Insects,63,Order,Coleoptera,Coleoptera,Adults,1,0.04,0.04,NA,NA,NA,NA,NA,NA,NA,NA,NA,NA,NA   NA   NA   NA,NA   NA   NA   NA
STTD_2015-05-18 09:26:00,5/18/2015 9:26,STTD,2015,D,FALSE,CLD,NA,NA,17.6,0.15,255,297,8.22,8.24,90.1,10,Low,988236,992000,3764,3764,24.76378728,24.76378728,1,NA,NA,Terrestrial Insects,73,Order,Lepidoptera,Lepidoptera,Larvae,1,0.04,0.04,NA,NA,NA,NA,NA,NA,NA,NA,NA,NA,NA   NA   NA   NA,NA   NA   NA   NA
STTD_2015-05-18 09:26:00,5/18/2015 9:26,STTD,2015,D,FALSE,CLD,NA,NA,17.6,0.15,255,297,8.22,8.24,90.1,10,Low,988236,992000,3764,3764,24.76378728,24.76378728,1,NA,NA,Terrestrial Insects,67,Order,Psocoptera,Psocoptera,Adults,1,0.04,0.04,NA,NA,NA,NA,NA,NA,NA,NA,NA,NA,NA   NA   NA   NA,NA   NA   NA   NA
STTD_2015-05-18 09:26:00,5/18/2015 9:26,STTD,2015,D,FALSE,CLD,NA,NA,17.6,0.15,255,297,8.22,8.24,90.1,10,Low,988236,992000,3764,3764,24.76378728,24.76378728,1,NA,NA,Terrestrial Non-Insects,157,Order,Araneae,Araneae,NotDetermined,1,0.04,0.04,NA,NA,NA,NA,NA,NA,NA,NA,NA,NA,NA   NA   NA   NA,NA   NA   NA   NA
SHR_2015-05-19 08:55:00,5/19/2015 8:55,SHR,2015,D,FALSE,CLD,NA,NA,18.64,0.2,114,130,8,8.81,7.7,10,Low,991109,996000,4891,4891,32.17844941,32.17844941,1,NA,NA,Aquatic Insects,44,Family,Corixidae,Corixidae,Larvae,1,0.031,0.031,NA,NA,NA,NA,NA,NA,NA,NA,NA,NA,NA   NA   NA   NA,NA   NA   NA   NA
SHR_2015-05-19 08:55:00,5/19/2015 8:55,SHR,2015,D,FALSE,CLD,NA,NA,18.64,0.2,114,130,8,8.81,7.7,10,Low,991109,996000,4891,4891,32.17844941,32.17844941,1,NA,NA,Aquatic Insects,34,Family,Chironomidae,Chironomidae,Pupae,1,0.031,0.031,NA,NA,NA,NA,NA,NA,NA,NA,NA,NA,NA   NA   NA   NA,NA   NA   NA   NA
SHR_2015-05-19 08:55:00,5/19/2015 8:55,SHR,2015,D,FALSE,CLD,NA,NA,18.64,0.2,114,130,8,8.81,7.7,10,Low,991109,996000,4891,4891,32.17844941,32.17844941,1,NA,NA,Aquatic Insects,34,Family,Chironomidae,Chironomidae,Adults,11,0.342,0.342,NA,NA,NA,NA,NA,NA,NA,NA,NA,NA,NA   NA   NA   NA,NA   NA   NA   NA
SHR_2015-05-19 08:55:00,5/19/2015 8:55,SHR,2015,D,FALSE,CLD,NA,NA,18.64,0.2,114,130,8,8.81,7.7,10,Low,991109,996000,4891,4891,32.17844941,32.17844941,1,NA,NA,Aquatic Insects,32,Family,Ceratopogonidae,Ceratopogonidae,Larvae,1,0.031,0.031,NA,NA,NA,NA,NA,NA,NA,NA,NA,NA,NA   NA   NA   NA,NA   NA   NA   NA
SHR_2015-05-19 08:55:00,5/19/2015 8:55,SHR,2015,D,FALSE,CLD,NA,NA,18.64,0.2,114,130,8,8.81,7.7,10,Low,991109,996000,4891,4891,32.17844941,32.17844941,1,NA,NA,Aquatic Insects,32,Family,Ceratopogonidae,Ceratopogonidae,Adults,1,0.031,0.031,NA,NA,NA,NA,NA,NA,NA,NA,NA,NA,NA   NA   NA   NA,NA   NA   NA   NA
SHR_2015-05-19 08:55:00,5/19/2015 8:55,SHR,2015,D,FALSE,CLD,NA,NA,18.64,0.2,114,130,8,8.81,7.7,10,Low,991109,996000,4891,4891,32.17844941,32.17844941,1,NA,NA,Terrestrial Non-Insects,157,Order,Araneae,Araneae,NotDetermined,1,0.031,0.031,NA,NA,NA,NA,NA,NA,NA,NA,NA,NA,NA   NA   NA   NA,NA   NA   NA   NA
SHR_2015-06-02 10:18:00,6/2/2015 10:18,SHR,2015,D,FALSE,CLR,NA,NA,21.37,1.2,126,135,8.14,8.35,7.5,10,Low,986806,991100,4294,4294,28.250718,28.250718,1,NA,NA,Aquatic Insects,107,Family,Leptohyphidae,Leptohyphidae,Adults,1,0.035,0.035,NA,NA,NA,NA,NA,NA,NA,NA,NA,NA,NA   NA   NA   NA,NA   NA   NA   NA
SHR_2015-06-02 10:18:00,6/2/2015 10:18,SHR,2015,D,FALSE,CLR,NA,NA,21.37,1.2,126,135,8.14,8.35,7.5,10,Low,986806,991100,4294,4294,28.250718,28.250718,1,NA,NA,Aquatic Insects,56,Family,Leptoceridae,Leptoceridae,Larvae,5,0.177,0.177,NA,NA,NA,NA,NA,NA,NA,NA,NA,NA,NA   NA   NA   NA,NA   NA   NA   NA
SHR_2015-06-02 10:18:00,6/2/2015 10:18,SHR,2015,D,FALSE,CLR,NA,NA,21.37,1.2,126,135,8.14,8.35,7.5,10,Low,986806,991100,4294,4294,28.250718,28.250718,1,NA,NA,Aquatic Insects,52,Family,Hydraenidae,Hydraenidae,Adults,1,0.035,0.035,NA,NA,NA,NA,NA,NA,NA,NA,NA,NA,NA   NA   NA   NA,NA   NA   NA   NA
SHR_2015-06-02 10:18:00,6/2/2015 10:18,SHR,2015,D,FALSE,CLR,NA,NA,21.37,1.2,126,135,8.14,8.35,7.5,10,Low,986806,991100,4294,4294,28.250718,28.250718,1,NA,NA,Aquatic Insects,34,Family,Chironomidae,Chironomidae,Larvae,6,0.212,0.212,NA,NA,NA,NA,NA,NA,NA,NA,NA,NA,NA   NA   NA   NA,NA   NA   NA   NA
SHR_2015-06-02 10:18:00,6/2/2015 10:18,SHR,2015,D,FALSE,CLR,NA,NA,21.37,1.2,126,135,8.14,8.35,7.5,10,Low,986806,991100,4294,4294,28.250718,28.250718,1,NA,NA,Aquatic Insects,34,Family,Chironomidae,Chironomidae,Pupae,5,0.177,0.177,NA,NA,NA,NA,NA,NA,NA,NA,NA,NA,NA   NA   NA   NA,NA   NA   NA   NA
SHR_2015-06-02 10:18:00,6/2/2015 10:18,SHR,2015,D,FALSE,CLR,NA,NA,21.37,1.2,126,135,8.14,8.35,7.5,10,Low,986806,991100,4294,4294,28.250718,28.250718,1,NA,NA,Aquatic Insects,34,Family,Chironomidae,Chironomidae,Adults,43,1.522,1.522,NA,NA,NA,NA,NA,NA,NA,NA,NA,NA,NA   NA   NA   NA,NA   NA   NA   NA
SHR_2015-06-02 10:18:00,6/2/2015 10:18,SHR,2015,D,FALSE,CLR,NA,NA,21.37,1.2,126,135,8.14,8.35,7.5,10,Low,986806,991100,4294,4294,28.250718,28.250718,1,NA,NA,Aquatic Insects,32,Family,Ceratopogonidae,Ceratopogonidae,Pupae,1,0.035,0.035,NA,NA,NA,NA,NA,NA,NA,NA,NA,NA,NA   NA   NA   NA,NA   NA   NA   NA
SHR_2015-06-02 10:18:00,6/2/2015 10:18,SHR,2015,D,FALSE,CLR,NA,NA,21.37,1.2,126,135,8.14,8.35,7.5,10,Low,986806,991100,4294,4294,28.250718,28.250718,1,NA,NA,Aquatic Non-Insects,15,Family,Hyalellidae,Hyalellidae,NotDetermined,2,0.071,0.071,NA,NA,NA,NA,NA,NA,NA,NA,NA,NA,NA   NA   NA   NA,NA   NA   NA   NA
SHR_2015-06-02 10:18:00,6/2/2015 10:18,SHR,2015,D,FALSE,CLR,NA,NA,21.37,1.2,126,135,8.14,8.35,7.5,10,Low,986806,991100,4294,4294,28.250718,28.250718,1,NA,NA,Aquatic Non-Insects,77,Family,Hygrobatidae,Hygrobatidae,NotDetermined,1,0.035,0.035,NA,NA,NA,NA,NA,NA,NA,NA,NA,NA,NA   NA   NA   NA,NA   NA   NA   NA
SHR_2015-06-02 10:18:00,6/2/2015 10:18,SHR,2015,D,FALSE,CLR,NA,NA,21.37,1.2,126,135,8.14,8.35,7.5,10,Low,986806,991100,4294,4294,28.250718,28.250718,1,NA,NA,Aquatic Non-Insects,28,Family,Lebertiidae,Lebertiidae,NotDetermined,3,0.106,0.106,NA,NA,NA,NA,NA,NA,NA,NA,NA,NA,NA   NA   NA   NA,NA   NA   NA   NA
SHR_2015-06-02 10:18:00,6/2/2015 10:18,SHR,2015,D,FALSE,CLR,NA,NA,21.37,1.2,126,135,8.14,8.35,7.5,10,Low,986806,991100,4294,4294,28.250718,28.250718,1,NA,NA,Aquatic Non-Insects,120,Family,Lebertiidae,Lebertiidae,NotDetermined,3,0.106,0.106,NA,NA,NA,NA,NA,NA,NA,NA,NA,NA,NA   NA   NA   NA,NA   NA   NA   NA
SHR_2015-06-02 10:18:00,6/2/2015 10:18,SHR,2015,D,FALSE,CLR,NA,NA,21.37,1.2,126,135,8.14,8.35,7.5,10,Low,986806,991100,4294,4294,28.250718,28.250718,1,NA,NA,Terrestrial Insects,71,Order,Hemiptera,Hemiptera,Adults,3,0.106,0.106,NA,NA,NA,NA,NA,NA,NA,NA,NA,NA,NA   NA   NA   NA,NA   NA   NA   NA
SHR_2015-06-02 10:18:00,6/2/2015 10:18,SHR,2015,D,FALSE,CLR,NA,NA,21.37,1.2,126,135,8.14,8.35,7.5,10,Low,986806,991100,4294,4294,28.250718,28.250718,1,NA,NA,Terrestrial Insects,64,Order,Diptera,Diptera,Adults,1,0.035,0.035,NA,NA,NA,NA,NA,NA,NA,NA,NA,NA,NA   NA   NA   NA,NA   NA   NA   NA
SHR_2015-06-02 10:18:00,6/2/2015 10:18,SHR,2015,D,FALSE,CLR,NA,NA,21.37,1.2,126,135,8.14,8.35,7.5,10,Low,986806,991100,4294,4294,28.250718,28.250718,1,NA,NA,Terrestrial Insects,66,Order,Hymenoptera,Hymenoptera,Adults,16,0.566,0.566,NA,NA,NA,NA,NA,NA,NA,NA,NA,NA,NA   NA   NA   NA,NA   NA   NA   NA
SHR_2015-06-02 10:18:00,6/2/2015 10:18,SHR,2015,D,FALSE,CLR,NA,NA,21.37,1.2,126,135,8.14,8.35,7.5,10,Low,986806,991100,4294,4294,28.250718,28.250718,1,NA,NA,Terrestrial Insects,67,Order,Psocoptera,Psocoptera,Adults,2,0.071,0.071,NA,NA,NA,NA,NA,NA,NA,NA,NA,NA,NA   NA   NA   NA,NA   NA   NA   NA
SHR_2015-06-02 10:18:00,6/2/2015 10:18,SHR,2015,D,FALSE,CLR,NA,NA,21.37,1.2,126,135,8.14,8.35,7.5,10,Low,986806,991100,4294,4294,28.250718,28.250718,1,NA,NA,Terrestrial Non-Insects,157,Order,Araneae,Araneae,NotDetermined,2,0.071,0.071,NA,NA,NA,NA,NA,NA,NA,NA,NA,NA,NA   NA   NA   NA,NA   NA   NA   NA
STTD_2015-06-03 08:30:00,6/3/2015 8:30,STTD,2015,D,FALSE,CLR,NA,NA,20.84,0.18,231,251,8.15,7.65,72.2,10,Low,983789,987000,3211,3211,21.12553691,21.12553691,1,"Ebb tide, sample collected from the trap",NA,Aquatic Insects,46,Family,Coenagrionidae,Coenagrionidae,Larvae,1,0.047,0.047,NA,NA,NA,NA,NA,NA,NA,NA,NA,NA,NA   NA   NA   NA,NA   NA   NA   NA
STTD_2015-06-03 08:30:00,6/3/2015 8:30,STTD,2015,D,FALSE,CLR,NA,NA,20.84,0.18,231,251,8.15,7.65,72.2,10,Low,983789,987000,3211,3211,21.12553691,21.12553691,1,"Ebb tide, sample collected from the trap",NA,Aquatic Insects,44,Family,Corixidae,Corixidae,Larvae,6,0.284,0.284,NA,NA,NA,NA,NA,NA,NA,NA,NA,NA,NA   NA   NA   NA,NA   NA   NA   NA
STTD_2015-06-03 08:30:00,6/3/2015 8:30,STTD,2015,D,FALSE,CLR,NA,NA,20.84,0.18,231,251,8.15,7.65,72.2,10,Low,983789,987000,3211,3211,21.12553691,21.12553691,1,"Ebb tide, sample collected from the trap",NA,Aquatic Insects,34,Family,Chironomidae,Chironomidae,Pupae,1,0.047,0.047,NA,NA,NA,NA,NA,NA,NA,NA,NA,NA,NA   NA   NA   NA,NA   NA   NA   NA
STTD_2015-06-03 08:30:00,6/3/2015 8:30,STTD,2015,D,FALSE,CLR,NA,NA,20.84,0.18,231,251,8.15,7.65,72.2,10,Low,983789,987000,3211,3211,21.12553691,21.12553691,1,"Ebb tide, sample collected from the trap",NA,Aquatic Insects,34,Family,Chironomidae,Chironomidae,Adults,1,0.047,0.047,NA,NA,NA,NA,NA,NA,NA,NA,NA,NA,NA   NA   NA   NA,NA   NA   NA   NA
STTD_2015-06-03 08:30:00,6/3/2015 8:30,STTD,2015,D,FALSE,CLR,NA,NA,20.84,0.18,231,251,8.15,7.65,72.2,10,Low,983789,987000,3211,3211,21.12553691,21.12553691,1,"Ebb tide, sample collected from the trap",NA,Aquatic Insects,37,Family,Psychodidae,Psychodidae,Adults,1,0.047,0.047,NA,NA,NA,NA,NA,NA,NA,NA,NA,NA,NA   NA   NA   NA,NA   NA   NA   NA
STTD_2015-06-03 08:30:00,6/3/2015 8:30,STTD,2015,D,FALSE,CLR,NA,NA,20.84,0.18,231,251,8.15,7.65,72.2,10,Low,983789,987000,3211,3211,21.12553691,21.12553691,1,"Ebb tide, sample collected from the trap",NA,Aquatic Non-Insects,19,Family,Corbiculidae,Corbiculidae,NotDetermined,3,0.142,0.142,NA,NA,NA,NA,NA,NA,NA,NA,NA,NA,NA   NA   NA   NA,NA   NA   NA   NA
STTD_2015-06-03 08:30:00,6/3/2015 8:30,STTD,2015,D,FALSE,CLR,NA,NA,20.84,0.18,231,251,8.15,7.65,72.2,10,Low,983789,987000,3211,3211,21.12553691,21.12553691,1,"Ebb tide, sample collected from the trap",NA,Aquatic Non-Insects,127,Family,Hydrobiidae,Hydrobiidae,NotDetermined,1,0.047,0.047,NA,NA,NA,NA,NA,NA,NA,NA,NA,NA,NA   NA   NA   NA,NA   NA   NA   NA
STTD_2015-06-03 08:30:00,6/3/2015 8:30,STTD,2015,D,FALSE,CLR,NA,NA,20.84,0.18,231,251,8.15,7.65,72.2,10,Low,983789,987000,3211,3211,21.12553691,21.12553691,1,"Ebb tide, sample collected from the trap",NA,Aquatic Non-Insects,9,Family,Corophiidae,Corophiidae,NotDetermined,1,0.047,0.047,NA,NA,NA,NA,NA,NA,NA,NA,NA,NA,NA   NA   NA   NA,NA   NA   NA   NA
STTD_2015-06-03 08:30:00,6/3/2015 8:30,STTD,2015,D,FALSE,CLR,NA,NA,20.84,0.18,231,251,8.15,7.65,72.2,10,Low,983789,987000,3211,3211,21.12553691,21.12553691,1,"Ebb tide, sample collected from the trap",NA,Aquatic Non-Insects,15,Family,Hyalellidae,Hyalellidae,NotDetermined,1,0.047,0.047,NA,NA,NA,NA,NA,NA,NA,NA,NA,NA,NA   NA   NA   NA,NA   NA   NA   NA
STTD_2015-06-03 08:30:00,6/3/2015 8:30,STTD,2015,D,FALSE,CLR,NA,NA,20.84,0.18,231,251,8.15,7.65,72.2,10,Low,983789,987000,3211,3211,21.12553691,21.12553691,1,"Ebb tide, sample collected from the trap",NA,Aquatic Non-Insects,118,Class,Ostracoda,Ostracod,NotDetermined,1,0.047,0.047,NA,NA,NA,NA,NA,NA,NA,NA,NA,NA,NA   NA   NA   NA,NA   NA   NA   NA
STTD_2015-06-03 08:30:00,6/3/2015 8:30,STTD,2015,D,FALSE,CLR,NA,NA,20.84,0.18,231,251,8.15,7.65,72.2,10,Low,983789,987000,3211,3211,21.12553691,21.12553691,1,"Ebb tide, sample collected from the trap",NA,Terrestrial Insects,71,Order,Hemiptera,Hemiptera,Adults,1,0.047,0.047,NA,NA,NA,NA,NA,NA,NA,NA,NA,NA,NA   NA   NA   NA,NA   NA   NA   NA
STTD_2015-06-03 08:30:00,6/3/2015 8:30,STTD,2015,D,FALSE,CLR,NA,NA,20.84,0.18,231,251,8.15,7.65,72.2,10,Low,983789,987000,3211,3211,21.12553691,21.12553691,1,"Ebb tide, sample collected from the trap",NA,Terrestrial Insects,63,Order,Coleoptera,Coleoptera,Adults,1,0.047,0.047,NA,NA,NA,NA,NA,NA,NA,NA,NA,NA,NA   NA   NA   NA,NA   NA   NA   NA
STTD_2015-06-03 08:30:00,6/3/2015 8:30,STTD,2015,D,FALSE,CLR,NA,NA,20.84,0.18,231,251,8.15,7.65,72.2,10,Low,983789,987000,3211,3211,21.12553691,21.12553691,1,"Ebb tide, sample collected from the trap",NA,Terrestrial Insects,66,Order,Hymenoptera,Hymenoptera,Adults,3,0.142,0.142,NA,NA,NA,NA,NA,NA,NA,NA,NA,NA,NA   NA   NA   NA,NA   NA   NA   NA
SHR_2015-06-16 08:06:00,6/16/2015 8:06,SHR,2015,D,FALSE,CLR,NA,NA,23.65,2,129,133,8.07,8.02,3.9,10,Low,976263,981000,4737,4737,31.16526576,31.16526576,1,NA,NA,Aquatic Insects,56,Family,Leptoceridae,Leptoceridae,Larvae,3,0.096,0.096,NA,NA,NA,NA,NA,NA,NA,NA,NA,NA,NA   NA   NA   NA,NA   NA   NA   NA
SHR_2015-06-16 08:06:00,6/16/2015 8:06,SHR,2015,D,FALSE,CLR,NA,NA,23.65,2,129,133,8.07,8.02,3.9,10,Low,976263,981000,4737,4737,31.16526576,31.16526576,1,NA,NA,Aquatic Insects,95,Family,Veliidae,Veliidae,Larvae,1,0.032,0.032,NA,NA,NA,NA,NA,NA,NA,NA,NA,NA,NA   NA   NA   NA,NA   NA   NA   NA
SHR_2015-06-16 08:06:00,6/16/2015 8:06,SHR,2015,D,FALSE,CLR,NA,NA,23.65,2,129,133,8.07,8.02,3.9,10,Low,976263,981000,4737,4737,31.16526576,31.16526576,1,NA,NA,Aquatic Insects,52,Family,Hydraenidae,Hydraenidae,Adults,1,0.032,0.032,NA,NA,NA,NA,NA,NA,NA,NA,NA,NA,NA   NA   NA   NA,NA   NA   NA   NA
SHR_2015-06-16 08:06:00,6/16/2015 8:06,SHR,2015,D,FALSE,CLR,NA,NA,23.65,2,129,133,8.07,8.02,3.9,10,Low,976263,981000,4737,4737,31.16526576,31.16526576,1,NA,NA,Aquatic Insects,34,Family,Chironomidae,Chironomidae,Larvae,19,0.61,0.61,NA,NA,NA,NA,NA,NA,NA,NA,NA,NA,NA   NA   NA   NA,NA   NA   NA   NA
SHR_2015-06-16 08:06:00,6/16/2015 8:06,SHR,2015,D,FALSE,CLR,NA,NA,23.65,2,129,133,8.07,8.02,3.9,10,Low,976263,981000,4737,4737,31.16526576,31.16526576,1,NA,NA,Aquatic Insects,34,Family,Chironomidae,Chironomidae,Pupae,2,0.064,0.064,NA,NA,NA,NA,NA,NA,NA,NA,NA,NA,NA   NA   NA   NA,NA   NA   NA   NA
SHR_2015-06-16 08:06:00,6/16/2015 8:06,SHR,2015,D,FALSE,CLR,NA,NA,23.65,2,129,133,8.07,8.02,3.9,10,Low,976263,981000,4737,4737,31.16526576,31.16526576,1,NA,NA,Aquatic Insects,34,Family,Chironomidae,Chironomidae,Adults,42,1.348,1.348,NA,NA,NA,NA,NA,NA,NA,NA,NA,NA,NA   NA   NA   NA,NA   NA   NA   NA
SHR_2015-06-16 08:06:00,6/16/2015 8:06,SHR,2015,D,FALSE,CLR,NA,NA,23.65,2,129,133,8.07,8.02,3.9,10,Low,976263,981000,4737,4737,31.16526576,31.16526576,1,NA,NA,Aquatic Insects,32,Family,Ceratopogonidae,Ceratopogonidae,Pupae,2,0.064,0.064,NA,NA,NA,NA,NA,NA,NA,NA,NA,NA,NA   NA   NA   NA,NA   NA   NA   NA
SHR_2015-06-16 08:06:00,6/16/2015 8:06,SHR,2015,D,FALSE,CLR,NA,NA,23.65,2,129,133,8.07,8.02,3.9,10,Low,976263,981000,4737,4737,31.16526576,31.16526576,1,NA,NA,Aquatic Insects,32,Family,Ceratopogonidae,Ceratopogonidae,Adults,2,0.064,0.064,NA,NA,NA,NA,NA,NA,NA,NA,NA,NA,NA   NA   NA   NA,NA   NA   NA   NA
SHR_2015-06-16 08:06:00,6/16/2015 8:06,SHR,2015,D,FALSE,CLR,NA,NA,23.65,2,129,133,8.07,8.02,3.9,10,Low,976263,981000,4737,4737,31.16526576,31.16526576,1,NA,NA,Aquatic Non-Insects,20,Family,Physidae,Physidae,NotDetermined,1,0.032,0.032,NA,NA,NA,NA,NA,NA,NA,NA,NA,NA,NA   NA   NA   NA,NA   NA   NA   NA
SHR_2015-06-16 08:06:00,6/16/2015 8:06,SHR,2015,D,FALSE,CLR,NA,NA,23.65,2,129,133,8.07,8.02,3.9,10,Low,976263,981000,4737,4737,31.16526576,31.16526576,1,NA,NA,Aquatic Non-Insects,28,Family,Lebertiidae,Lebertiidae,NotDetermined,1,0.032,0.032,NA,NA,NA,NA,NA,NA,NA,NA,NA,NA,NA   NA   NA   NA,NA   NA   NA   NA
SHR_2015-06-16 08:06:00,6/16/2015 8:06,SHR,2015,D,FALSE,CLR,NA,NA,23.65,2,129,133,8.07,8.02,3.9,10,Low,976263,981000,4737,4737,31.16526576,31.16526576,1,NA,NA,Aquatic Non-Insects,120,Family,Lebertiidae,Lebertiidae,NotDetermined,1,0.032,0.032,NA,NA,NA,NA,NA,NA,NA,NA,NA,NA,NA   NA   NA   NA,NA   NA   NA   NA
SHR_2015-06-16 08:06:00,6/16/2015 8:06,SHR,2015,D,FALSE,CLR,NA,NA,23.65,2,129,133,8.07,8.02,3.9,10,Low,976263,981000,4737,4737,31.16526576,31.16526576,1,NA,NA,Terrestrial Insects,71,Order,Hemiptera,Hemiptera,Larvae,2,0.064,0.064,NA,NA,NA,NA,NA,NA,NA,NA,NA,NA,NA   NA   NA   NA,NA   NA   NA   NA
SHR_2015-06-16 08:06:00,6/16/2015 8:06,SHR,2015,D,FALSE,CLR,NA,NA,23.65,2,129,133,8.07,8.02,3.9,10,Low,976263,981000,4737,4737,31.16526576,31.16526576,1,NA,NA,Terrestrial Insects,71,Order,Hemiptera,Hemiptera,Adults,1,0.032,0.032,NA,NA,NA,NA,NA,NA,NA,NA,NA,NA,NA   NA   NA   NA,NA   NA   NA   NA
SHR_2015-06-16 08:06:00,6/16/2015 8:06,SHR,2015,D,FALSE,CLR,NA,NA,23.65,2,129,133,8.07,8.02,3.9,10,Low,976263,981000,4737,4737,31.16526576,31.16526576,1,NA,NA,Terrestrial Insects,63,Order,Coleoptera,Coleoptera,Adults,5,0.16,0.16,NA,NA,NA,NA,NA,NA,NA,NA,NA,NA,NA   NA   NA   NA,NA   NA   NA   NA
SHR_2015-06-16 08:06:00,6/16/2015 8:06,SHR,2015,D,FALSE,CLR,NA,NA,23.65,2,129,133,8.07,8.02,3.9,10,Low,976263,981000,4737,4737,31.16526576,31.16526576,1,NA,NA,Terrestrial Insects,64,Order,Diptera,Diptera,Adults,1,0.032,0.032,NA,NA,NA,NA,NA,NA,NA,NA,NA,NA,NA   NA   NA   NA,NA   NA   NA   NA
SHR_2015-06-16 08:06:00,6/16/2015 8:06,SHR,2015,D,FALSE,CLR,NA,NA,23.65,2,129,133,8.07,8.02,3.9,10,Low,976263,981000,4737,4737,31.16526576,31.16526576,1,NA,NA,Terrestrial Insects,67,Order,Psocoptera,Psocoptera,Larvae,1,0.032,0.032,NA,NA,NA,NA,NA,NA,NA,NA,NA,NA,NA   NA   NA   NA,NA   NA   NA   NA
SHR_2015-06-16 08:06:00,6/16/2015 8:06,SHR,2015,D,FALSE,CLR,NA,NA,23.65,2,129,133,8.07,8.02,3.9,10,Low,976263,981000,4737,4737,31.16526576,31.16526576,1,NA,NA,Terrestrial Non-Insects,157,Order,Araneae,Araneae,NotDetermined,9,0.289,0.289,NA,NA,NA,NA,NA,NA,NA,NA,NA,NA,NA   NA   NA   NA,NA   NA   NA   NA
STTD_2015-06-30 08:20:00,6/30/2015 8:20,STTD,2015,D,FALSE,CLR,NA,NA,23.45,0.21,237,230,8.01,7.33,45.8,10,Low,969781,973000,3219,3219,21.17816983,21.17816983,1,NA,NA,Aquatic Insects,44,Family,Corixidae,Corixidae,Larvae,5,0.236,0.236,NA,NA,NA,NA,NA,NA,NA,NA,NA,NA,NA   NA   NA   NA,NA   NA   NA   NA
STTD_2015-06-30 08:20:00,6/30/2015 8:20,STTD,2015,D,FALSE,CLR,NA,NA,23.45,0.21,237,230,8.01,7.33,45.8,10,Low,969781,973000,3219,3219,21.17816983,21.17816983,1,NA,NA,Aquatic Insects,45,Family,Notonectidae,Notonectidae,Adults,1,0.047,0.047,NA,NA,NA,NA,NA,NA,NA,NA,NA,NA,NA   NA   NA   NA,NA   NA   NA   NA
STTD_2015-06-30 08:20:00,6/30/2015 8:20,STTD,2015,D,FALSE,CLR,NA,NA,23.45,0.21,237,230,8.01,7.33,45.8,10,Low,969781,973000,3219,3219,21.17816983,21.17816983,1,NA,NA,Aquatic Insects,52,Family,Hydraenidae,Hydraenidae,Adults,2,0.094,0.094,NA,NA,NA,NA,NA,NA,NA,NA,NA,NA,NA   NA   NA   NA,NA   NA   NA   NA
STTD_2015-06-30 08:20:00,6/30/2015 8:20,STTD,2015,D,FALSE,CLR,NA,NA,23.45,0.21,237,230,8.01,7.33,45.8,10,Low,969781,973000,3219,3219,21.17816983,21.17816983,1,NA,NA,Aquatic Non-Insects,119,Family,Limnesiidae,Limnesiidae,NotDetermined,1,0.047,0.047,NA,NA,NA,NA,NA,NA,NA,NA,NA,NA,NA   NA   NA   NA,NA   NA   NA   NA
STTD_2015-06-30 08:20:00,6/30/2015 8:20,STTD,2015,D,FALSE,CLR,NA,NA,23.45,0.21,237,230,8.01,7.33,45.8,10,Low,969781,973000,3219,3219,21.17816983,21.17816983,1,NA,NA,Aquatic Non-Insects,163,Family,Atherinidae,Atherinidae,NotDetermined,1,0.047,0.047,NA,NA,NA,NA,NA,NA,NA,NA,NA,NA,NA   NA   NA   NA,NA   NA   NA   NA
STTD_2015-06-30 08:20:00,6/30/2015 8:20,STTD,2015,D,FALSE,CLR,NA,NA,23.45,0.21,237,230,8.01,7.33,45.8,10,Low,969781,973000,3219,3219,21.17816983,21.17816983,1,NA,NA,Terrestrial Insects,71,Order,Hemiptera,Hemiptera,Larvae,3,0.142,0.142,NA,NA,NA,NA,NA,NA,NA,NA,NA,NA,NA   NA   NA   NA,NA   NA   NA   NA
STTD_2015-06-30 08:20:00,6/30/2015 8:20,STTD,2015,D,FALSE,CLR,NA,NA,23.45,0.21,237,230,8.01,7.33,45.8,10,Low,969781,973000,3219,3219,21.17816983,21.17816983,1,NA,NA,Terrestrial Insects,63,Order,Coleoptera,Coleoptera,Adults,12,0.567,0.567,NA,NA,NA,NA,NA,NA,NA,NA,NA,NA,NA   NA   NA   NA,NA   NA   NA   NA
STTD_2015-06-30 08:20:00,6/30/2015 8:20,STTD,2015,D,FALSE,CLR,NA,NA,23.45,0.21,237,230,8.01,7.33,45.8,10,Low,969781,973000,3219,3219,21.17816983,21.17816983,1,NA,NA,Terrestrial Insects,66,Order,Hymenoptera,Hymenoptera,Adults,7,0.331,0.331,NA,NA,NA,NA,NA,NA,NA,NA,NA,NA,NA   NA   NA   NA,NA   NA   NA   NA
STTD_2015-06-30 08:20:00,6/30/2015 8:20,STTD,2015,D,FALSE,CLR,NA,NA,23.45,0.21,237,230,8.01,7.33,45.8,10,Low,969781,973000,3219,3219,21.17816983,21.17816983,1,NA,NA,Terrestrial Non-Insects,157,Order,Araneae,Araneae,NotDetermined,31,1.464,1.464,NA,NA,NA,NA,NA,NA,NA,NA,NA,NA,NA   NA   NA   NA,NA   NA   NA   NA
STTD_2015-06-30 08:20:00,6/30/2015 8:20,STTD,2015,D,FALSE,CLR,NA,NA,23.45,0.21,237,230,8.01,7.33,45.8,10,Low,969781,973000,3219,3219,21.17816983,21.17816983,1,NA,NA,Aquatic Non-Insects,172,Family,Murchisonellidae,Murchisonellidae,NotDetermined,17,0.803,0.803,NA,NA,NA,NA,NA,NA,NA,NA,NA,NA,NA   NA   NA   NA,NA   NA   NA   NA
SHR_2015-07-01 09:00:00,7/1/2015 9:00,SHR,2015,D,FALSE,CLD,NA,NA,25.29,1.7,121,121,7.73,7.57,3.7,10,Low,965522,970000,4478,4478,29.46127509,29.46127509,1,NA,NA,Aquatic Insects,56,Family,Leptoceridae,Leptoceridae,Larvae,1,0.034,0.034,NA,NA,NA,NA,NA,NA,NA,NA,NA,NA,NA   NA   NA   NA,NA   NA   NA   NA
SHR_2015-07-01 09:00:00,7/1/2015 9:00,SHR,2015,D,FALSE,CLD,NA,NA,25.29,1.7,121,121,7.73,7.57,3.7,10,Low,965522,970000,4478,4478,29.46127509,29.46127509,1,NA,NA,Aquatic Insects,34,Family,Chironomidae,Chironomidae,Larvae,1,0.034,0.034,NA,NA,NA,NA,NA,NA,NA,NA,NA,NA,NA   NA   NA   NA,NA   NA   NA   NA
SHR_2015-07-01 09:00:00,7/1/2015 9:00,SHR,2015,D,FALSE,CLD,NA,NA,25.29,1.7,121,121,7.73,7.57,3.7,10,Low,965522,970000,4478,4478,29.46127509,29.46127509,1,NA,NA,Aquatic Insects,32,Family,Ceratopogonidae,Ceratopogonidae,Pupae,1,0.034,0.034,NA,NA,NA,NA,NA,NA,NA,NA,NA,NA,NA   NA   NA   NA,NA   NA   NA   NA
SHR_2015-07-01 09:00:00,7/1/2015 9:00,SHR,2015,D,FALSE,CLD,NA,NA,25.29,1.7,121,121,7.73,7.57,3.7,10,Low,965522,970000,4478,4478,29.46127509,29.46127509,1,NA,NA,Aquatic Non-Insects,152,Class,Turbellaria,Other Turbellaria,NotDetermined,1,0.034,0.034,NA,NA,NA,NA,NA,NA,NA,NA,NA,NA,NA   NA   NA   NA,NA   NA   NA   NA
SHR_2015-07-14 08:50:00,7/14/2015 8:50,SHR,2015,D,FALSE,CLR,NA,NA,23.41,1.3,118,122,7.31,8,6,10,Low,967785,971000,3215,3215,21.15185337,21.15185337,1,NA,NA,Aquatic Insects,56,Family,Leptoceridae,Leptoceridae,Larvae,5,0.236,0.236,NA,NA,NA,NA,NA,NA,NA,NA,NA,NA,NA   NA   NA   NA,NA   NA   NA   NA
SHR_2015-07-14 08:50:00,7/14/2015 8:50,SHR,2015,D,FALSE,CLR,NA,NA,23.41,1.3,118,122,7.31,8,6,10,Low,967785,971000,3215,3215,21.15185337,21.15185337,1,NA,NA,Aquatic Insects,34,Family,Chironomidae,Chironomidae,Larvae,2,0.095,0.095,NA,NA,NA,NA,NA,NA,NA,NA,NA,NA,NA   NA   NA   NA,NA   NA   NA   NA
SHR_2015-07-14 08:50:00,7/14/2015 8:50,SHR,2015,D,FALSE,CLR,NA,NA,23.41,1.3,118,122,7.31,8,6,10,Low,967785,971000,3215,3215,21.15185337,21.15185337,1,NA,NA,Aquatic Non-Insects,4,Family,Naididae,Naididae,NotDetermined,7,0.331,0.331,NA,NA,NA,NA,NA,NA,NA,NA,NA,NA,NA   NA   NA   NA,NA   NA   NA   NA
SHR_2015-07-14 08:50:00,7/14/2015 8:50,SHR,2015,D,FALSE,CLR,NA,NA,23.41,1.3,118,122,7.31,8,6,10,Low,967785,971000,3215,3215,21.15185337,21.15185337,1,NA,NA,Aquatic Non-Insects,13,Family,Mysidae,Mysidae,NotDetermined,1,0.047,0.047,NA,NA,NA,NA,NA,NA,NA,NA,NA,NA,NA   NA   NA   NA,NA   NA   NA   NA
SHR_2015-07-14 08:50:00,7/14/2015 8:50,SHR,2015,D,FALSE,CLR,NA,NA,23.41,1.3,118,122,7.31,8,6,10,Low,967785,971000,3215,3215,21.15185337,21.15185337,1,NA,NA,Aquatic Non-Insects,77,Family,Hygrobatidae,Hygrobatidae,NotDetermined,1,0.047,0.047,NA,NA,NA,NA,NA,NA,NA,NA,NA,NA,NA   NA   NA   NA,NA   NA   NA   NA
SHR_2015-07-14 08:50:00,7/14/2015 8:50,SHR,2015,D,FALSE,CLR,NA,NA,23.41,1.3,118,122,7.31,8,6,10,Low,967785,971000,3215,3215,21.15185337,21.15185337,1,NA,NA,Aquatic Non-Insects,28,Family,Lebertiidae,Lebertiidae,NotDetermined,3,0.142,0.142,NA,NA,NA,NA,NA,NA,NA,NA,NA,NA,NA   NA   NA   NA,NA   NA   NA   NA
SHR_2015-07-14 08:50:00,7/14/2015 8:50,SHR,2015,D,FALSE,CLR,NA,NA,23.41,1.3,118,122,7.31,8,6,10,Low,967785,971000,3215,3215,21.15185337,21.15185337,1,NA,NA,Aquatic Non-Insects,120,Family,Lebertiidae,Lebertiidae,NotDetermined,3,0.142,0.142,NA,NA,NA,NA,NA,NA,NA,NA,NA,NA,NA   NA   NA   NA,NA   NA   NA   NA
SHR_2015-07-14 08:50:00,7/14/2015 8:50,SHR,2015,D,FALSE,CLR,NA,NA,23.41,1.3,118,122,7.31,8,6,10,Low,967785,971000,3215,3215,21.15185337,21.15185337,1,NA,NA,Terrestrial Insects,64,Order,Diptera,Diptera,Adults,10,0.473,0.473,NA,NA,NA,NA,NA,NA,NA,NA,NA,NA,NA   NA   NA   NA,NA   NA   NA   NA
SHR_2015-07-14 08:50:00,7/14/2015 8:50,SHR,2015,D,FALSE,CLR,NA,NA,23.41,1.3,118,122,7.31,8,6,10,Low,967785,971000,3215,3215,21.15185337,21.15185337,1,NA,NA,Terrestrial Non-Insects,157,Order,Araneae,Araneae,NotDetermined,1,0.047,0.047,NA,NA,NA,NA,NA,NA,NA,NA,NA,NA,NA   NA   NA   NA,NA   NA   NA   NA
STTD_2015-07-15 08:30:00,7/15/2015 8:30,STTD,2015,D,FALSE,CLR,NA,NA,22.47,0.25,232,244,7.91,7.74,41.1,10,Low,964615,968000,3385,3385,22.27030285,22.27030285,1,Ebb tide from the trap (no motor used),NA,Aquatic Insects,44,Family,Corixidae,Corixidae,Larvae,1,0.045,0.045,NA,NA,NA,NA,NA,NA,NA,NA,NA,NA,NA   NA   NA   NA,NA   NA   NA   NA
STTD_2015-07-15 08:30:00,7/15/2015 8:30,STTD,2015,D,FALSE,CLR,NA,NA,22.47,0.25,232,244,7.91,7.74,41.1,10,Low,964615,968000,3385,3385,22.27030285,22.27030285,1,Ebb tide from the trap (no motor used),NA,Aquatic Non-Insects,123,Family,Pionidae,Pionidae,NotDetermined,1,0.045,0.045,NA,NA,NA,NA,NA,NA,NA,NA,NA,NA,NA   NA   NA   NA,NA   NA   NA   NA
STTD_2015-07-15 08:30:00,7/15/2015 8:30,STTD,2015,D,FALSE,CLR,NA,NA,22.47,0.25,232,244,7.91,7.74,41.1,10,Low,964615,968000,3385,3385,22.27030285,22.27030285,1,Ebb tide from the trap (no motor used),NA,Aquatic Non-Insects,163,Family,Atherinidae,Atherinidae,NotDetermined,2,0.09,0.09,NA,NA,NA,NA,NA,NA,NA,NA,NA,NA,NA   NA   NA   NA,NA   NA   NA   NA
STTD_2015-07-15 08:30:00,7/15/2015 8:30,STTD,2015,D,FALSE,CLR,NA,NA,22.47,0.25,232,244,7.91,7.74,41.1,10,Low,964615,968000,3385,3385,22.27030285,22.27030285,1,Ebb tide from the trap (no motor used),NA,Terrestrial Insects,71,Order,Hemiptera,Hemiptera,Larvae,5,0.225,0.225,NA,NA,NA,NA,NA,NA,NA,NA,NA,NA,NA   NA   NA   NA,NA   NA   NA   NA
STTD_2015-07-15 08:30:00,7/15/2015 8:30,STTD,2015,D,FALSE,CLR,NA,NA,22.47,0.25,232,244,7.91,7.74,41.1,10,Low,964615,968000,3385,3385,22.27030285,22.27030285,1,Ebb tide from the trap (no motor used),NA,Terrestrial Insects,64,Order,Diptera,Diptera,Adults,1,0.045,0.045,NA,NA,NA,NA,NA,NA,NA,NA,NA,NA,NA   NA   NA   NA,NA   NA   NA   NA
STTD_2015-07-15 08:30:00,7/15/2015 8:30,STTD,2015,D,FALSE,CLR,NA,NA,22.47,0.25,232,244,7.91,7.74,41.1,10,Low,964615,968000,3385,3385,22.27030285,22.27030285,1,Ebb tide from the trap (no motor used),NA,Terrestrial Insects,66,Order,Hymenoptera,Hymenoptera,Adults,1,0.045,0.045,NA,NA,NA,NA,NA,NA,NA,NA,NA,NA,NA   NA   NA   NA,NA   NA   NA   NA
STTD_2015-07-15 08:30:00,7/15/2015 8:30,STTD,2015,D,FALSE,CLR,NA,NA,22.47,0.25,232,244,7.91,7.74,41.1,10,Low,964615,968000,3385,3385,22.27030285,22.27030285,1,Ebb tide from the trap (no motor used),NA,Terrestrial Non-Insects,157,Order,Araneae,Araneae,NotDetermined,5,0.225,0.225,NA,NA,NA,NA,NA,NA,NA,NA,NA,NA,NA   NA   NA   NA,NA   NA   NA   NA
STTD_2015-07-15 08:30:00,7/15/2015 8:30,STTD,2015,D,FALSE,CLR,NA,NA,22.47,0.25,232,244,7.91,7.74,41.1,10,Low,964615,968000,3385,3385,22.27030285,22.27030285,1,Ebb tide from the trap (no motor used),NA,Aquatic Non-Insects,172,Family,Murchisonellidae,Murchisonellidae,NotDetermined,5,0.225,0.225,NA,NA,NA,NA,NA,NA,NA,NA,NA,NA,NA   NA   NA   NA,NA   NA   NA   NA
STTD_2015-07-15 08:30:00,7/15/2015 8:30,STTD,2015,D,FALSE,CLR,NA,NA,22.47,0.25,232,244,7.91,7.74,41.1,10,Low,964615,968000,3385,3385,22.27030285,22.27030285,1,Ebb tide from the trap (no motor used),NA,Terrestrial Non-Insects,173,Order,Hygrophila,Hygrophila,NotDetermined,1,0.045,0.045,NA,NA,NA,NA,NA,NA,NA,NA,NA,NA,NA   NA   NA   NA,NA   NA   NA   NA
STTD_2015-07-28 08:45:00,7/28/2015 8:45,STTD,2015,D,FALSE,CLR,NA,2,23.05,0.25,227,236,7.24,7.24,38.2,10,Low,960809,964000,3191,3191,20.99395462,20.99395462,1,Ebb tide from RSTR and anchored to shore,NA,Aquatic Non-Insects,9,Family,Corophiidae,Corophiidae,NotDetermined,1,0.048,0.048,NA,NA,NA,NA,NA,NA,NA,NA,NA,NA,NA   NA   NA   NA,NA   NA   NA   NA
STTD_2015-07-28 08:45:00,7/28/2015 8:45,STTD,2015,D,FALSE,CLR,NA,2,23.05,0.25,227,236,7.24,7.24,38.2,10,Low,960809,964000,3191,3191,20.99395462,20.99395462,1,Ebb tide from RSTR and anchored to shore,NA,Terrestrial Insects,71,Order,Hemiptera,Hemiptera,Larvae,15,0.714,0.714,NA,NA,NA,NA,NA,NA,NA,NA,NA,NA,NA   NA   NA   NA,NA   NA   NA   NA
STTD_2015-07-28 08:45:00,7/28/2015 8:45,STTD,2015,D,FALSE,CLR,NA,2,23.05,0.25,227,236,7.24,7.24,38.2,10,Low,960809,964000,3191,3191,20.99395462,20.99395462,1,Ebb tide from RSTR and anchored to shore,NA,Terrestrial Insects,63,Order,Coleoptera,Coleoptera,Adults,13,0.619,0.619,NA,NA,NA,NA,NA,NA,NA,NA,NA,NA,NA   NA   NA   NA,NA   NA   NA   NA
STTD_2015-07-28 08:45:00,7/28/2015 8:45,STTD,2015,D,FALSE,CLR,NA,2,23.05,0.25,227,236,7.24,7.24,38.2,10,Low,960809,964000,3191,3191,20.99395462,20.99395462,1,Ebb tide from RSTR and anchored to shore,NA,Terrestrial Insects,64,Order,Diptera,Diptera,Adults,2,0.095,0.095,NA,NA,NA,NA,NA,NA,NA,NA,NA,NA,NA   NA   NA   NA,NA   NA   NA   NA
STTD_2015-07-28 08:45:00,7/28/2015 8:45,STTD,2015,D,FALSE,CLR,NA,2,23.05,0.25,227,236,7.24,7.24,38.2,10,Low,960809,964000,3191,3191,20.99395462,20.99395462,1,Ebb tide from RSTR and anchored to shore,NA,Terrestrial Insects,66,Order,Hymenoptera,Hymenoptera,Adults,4,0.191,0.191,NA,NA,NA,NA,NA,NA,NA,NA,NA,NA,NA   NA   NA   NA,NA   NA   NA   NA
STTD_2015-07-28 08:45:00,7/28/2015 8:45,STTD,2015,D,FALSE,CLR,NA,2,23.05,0.25,227,236,7.24,7.24,38.2,10,Low,960809,964000,3191,3191,20.99395462,20.99395462,1,Ebb tide from RSTR and anchored to shore,NA,Terrestrial Non-Insects,157,Order,Araneae,Araneae,NotDetermined,11,0.524,0.524,NA,NA,NA,NA,NA,NA,NA,NA,NA,NA,NA   NA   NA   NA,NA   NA   NA   NA
SHR_2015-07-29 09:00:00,7/29/2015 9:00,SHR,2015,D,FALSE,CLR,NA,NA,24.55,2.8,120,122,7.58,7.87,4.1,10,Low,956380,960000,3620,3620,23.81639478,23.81639478,1,NA,NA,Aquatic Insects,40,Family,Caenidae,Caenidae,Larvae,1,0.042,0.042,NA,NA,NA,NA,NA,NA,NA,NA,NA,NA,NA   NA   NA   NA,NA   NA   NA   NA
SHR_2015-07-29 09:00:00,7/29/2015 9:00,SHR,2015,D,FALSE,CLR,NA,NA,24.55,2.8,120,122,7.58,7.87,4.1,10,Low,956380,960000,3620,3620,23.81639478,23.81639478,1,NA,NA,Aquatic Insects,107,Family,Leptohyphidae,Leptohyphidae,Larvae,1,0.042,0.042,NA,NA,NA,NA,NA,NA,NA,NA,NA,NA,NA   NA   NA   NA,NA   NA   NA   NA
SHR_2015-07-29 09:00:00,7/29/2015 9:00,SHR,2015,D,FALSE,CLR,NA,NA,24.55,2.8,120,122,7.58,7.87,4.1,10,Low,956380,960000,3620,3620,23.81639478,23.81639478,1,NA,NA,Aquatic Insects,56,Family,Leptoceridae,Leptoceridae,Larvae,40,1.68,1.68,NA,NA,NA,NA,NA,NA,NA,NA,NA,NA,NA   NA   NA   NA,NA   NA   NA   NA
SHR_2015-07-29 09:00:00,7/29/2015 9:00,SHR,2015,D,FALSE,CLR,NA,NA,24.55,2.8,120,122,7.58,7.87,4.1,10,Low,956380,960000,3620,3620,23.81639478,23.81639478,1,NA,NA,Aquatic Insects,46,Family,Coenagrionidae,Coenagrionidae,Larvae,2,0.084,0.084,NA,NA,NA,NA,NA,NA,NA,NA,NA,NA,NA   NA   NA   NA,NA   NA   NA   NA
SHR_2015-07-29 09:00:00,7/29/2015 9:00,SHR,2015,D,FALSE,CLR,NA,NA,24.55,2.8,120,122,7.58,7.87,4.1,10,Low,956380,960000,3620,3620,23.81639478,23.81639478,1,NA,NA,Aquatic Insects,45,Family,Notonectidae,Notonectidae,Adults,1,0.042,0.042,NA,NA,NA,NA,NA,NA,NA,NA,NA,NA,NA   NA   NA   NA,NA   NA   NA   NA
SHR_2015-07-29 09:00:00,7/29/2015 9:00,SHR,2015,D,FALSE,CLR,NA,NA,24.55,2.8,120,122,7.58,7.87,4.1,10,Low,956380,960000,3620,3620,23.81639478,23.81639478,1,NA,NA,Aquatic Insects,30,Family,Dytiscidae,Dytiscidae,Adults,1,0.042,0.042,NA,NA,NA,NA,NA,NA,NA,NA,NA,NA,NA   NA   NA   NA,NA   NA   NA   NA
SHR_2015-07-29 09:00:00,7/29/2015 9:00,SHR,2015,D,FALSE,CLR,NA,NA,24.55,2.8,120,122,7.58,7.87,4.1,10,Low,956380,960000,3620,3620,23.81639478,23.81639478,1,NA,NA,Aquatic Insects,52,Family,Hydraenidae,Hydraenidae,Adults,1,0.042,0.042,NA,NA,NA,NA,NA,NA,NA,NA,NA,NA,NA   NA   NA   NA,NA   NA   NA   NA
SHR_2015-07-29 09:00:00,7/29/2015 9:00,SHR,2015,D,FALSE,CLR,NA,NA,24.55,2.8,120,122,7.58,7.87,4.1,10,Low,956380,960000,3620,3620,23.81639478,23.81639478,1,NA,NA,Aquatic Insects,34,Family,Chironomidae,Chironomidae,Larvae,156,6.55,6.55,NA,NA,NA,NA,NA,NA,NA,NA,NA,NA,NA   NA   NA   NA,NA   NA   NA   NA
SHR_2015-07-29 09:00:00,7/29/2015 9:00,SHR,2015,D,FALSE,CLR,NA,NA,24.55,2.8,120,122,7.58,7.87,4.1,10,Low,956380,960000,3620,3620,23.81639478,23.81639478,1,NA,NA,Aquatic Insects,34,Family,Chironomidae,Chironomidae,Pupae,1,0.042,0.042,NA,NA,NA,NA,NA,NA,NA,NA,NA,NA,NA   NA   NA   NA,NA   NA   NA   NA
SHR_2015-07-29 09:00:00,7/29/2015 9:00,SHR,2015,D,FALSE,CLR,NA,NA,24.55,2.8,120,122,7.58,7.87,4.1,10,Low,956380,960000,3620,3620,23.81639478,23.81639478,1,NA,NA,Aquatic Insects,32,Family,Ceratopogonidae,Ceratopogonidae,Pupae,2,0.084,0.084,NA,NA,NA,NA,NA,NA,NA,NA,NA,NA,NA   NA   NA   NA,NA   NA   NA   NA
SHR_2015-07-29 09:00:00,7/29/2015 9:00,SHR,2015,D,FALSE,CLR,NA,NA,24.55,2.8,120,122,7.58,7.87,4.1,10,Low,956380,960000,3620,3620,23.81639478,23.81639478,1,NA,NA,Aquatic Non-Insects,4,Family,Naididae,Naididae,NotDetermined,1,0.042,0.042,NA,NA,NA,NA,NA,NA,NA,NA,NA,NA,NA   NA   NA   NA,NA   NA   NA   NA
SHR_2015-07-29 09:00:00,7/29/2015 9:00,SHR,2015,D,FALSE,CLR,NA,NA,24.55,2.8,120,122,7.58,7.87,4.1,10,Low,956380,960000,3620,3620,23.81639478,23.81639478,1,NA,NA,Aquatic Non-Insects,21,Family,Planorbidae,Planorbidae,NotDetermined,2,0.084,0.084,NA,NA,NA,NA,NA,NA,NA,NA,NA,NA,NA   NA   NA   NA,NA   NA   NA   NA
SHR_2015-07-29 09:00:00,7/29/2015 9:00,SHR,2015,D,FALSE,CLR,NA,NA,24.55,2.8,120,122,7.58,7.87,4.1,10,Low,956380,960000,3620,3620,23.81639478,23.81639478,1,NA,NA,Aquatic Non-Insects,10,Family,Crangonyctidae,Crangonyctidae,NotDetermined,1,0.042,0.042,NA,NA,NA,NA,NA,NA,NA,NA,NA,NA,NA   NA   NA   NA,NA   NA   NA   NA
SHR_2015-07-29 09:00:00,7/29/2015 9:00,SHR,2015,D,FALSE,CLR,NA,NA,24.55,2.8,120,122,7.58,7.87,4.1,10,Low,956380,960000,3620,3620,23.81639478,23.81639478,1,NA,NA,Aquatic Non-Insects,15,Family,Hyalellidae,Hyalellidae,NotDetermined,4,0.168,0.168,NA,NA,NA,NA,NA,NA,NA,NA,NA,NA,NA   NA   NA   NA,NA   NA   NA   NA
SHR_2015-07-29 09:00:00,7/29/2015 9:00,SHR,2015,D,FALSE,CLR,NA,NA,24.55,2.8,120,122,7.58,7.87,4.1,10,Low,956380,960000,3620,3620,23.81639478,23.81639478,1,NA,NA,Aquatic Non-Insects,152,Class,Turbellaria,Other Turbellaria,NotDetermined,5,0.21,0.21,NA,NA,NA,NA,NA,NA,NA,NA,NA,NA,NA   NA   NA   NA,NA   NA   NA   NA
SHR_2015-07-29 09:00:00,7/29/2015 9:00,SHR,2015,D,FALSE,CLR,NA,NA,24.55,2.8,120,122,7.58,7.87,4.1,10,Low,956380,960000,3620,3620,23.81639478,23.81639478,1,NA,NA,Terrestrial Insects,71,Order,Hemiptera,Hemiptera,Larvae,7,0.294,0.294,NA,NA,NA,NA,NA,NA,NA,NA,NA,NA,NA   NA   NA   NA,NA   NA   NA   NA
SHR_2015-07-29 09:00:00,7/29/2015 9:00,SHR,2015,D,FALSE,CLR,NA,NA,24.55,2.8,120,122,7.58,7.87,4.1,10,Low,956380,960000,3620,3620,23.81639478,23.81639478,1,NA,NA,Terrestrial Insects,63,Order,Coleoptera,Coleoptera,Adults,5,0.21,0.21,NA,NA,NA,NA,NA,NA,NA,NA,NA,NA,NA   NA   NA   NA,NA   NA   NA   NA
SHR_2015-07-29 09:00:00,7/29/2015 9:00,SHR,2015,D,FALSE,CLR,NA,NA,24.55,2.8,120,122,7.58,7.87,4.1,10,Low,956380,960000,3620,3620,23.81639478,23.81639478,1,NA,NA,Terrestrial Insects,64,Order,Diptera,Diptera,Larvae,1,0.042,0.042,NA,NA,NA,NA,NA,NA,NA,NA,NA,NA,NA   NA   NA   NA,NA   NA   NA   NA
SHR_2015-07-29 09:00:00,7/29/2015 9:00,SHR,2015,D,FALSE,CLR,NA,NA,24.55,2.8,120,122,7.58,7.87,4.1,10,Low,956380,960000,3620,3620,23.81639478,23.81639478,1,NA,NA,Terrestrial Non-Insects,68,Order,Collembola,Collembola,NotDetermined,1,0.042,0.042,NA,NA,NA,NA,NA,NA,NA,NA,NA,NA,NA   NA   NA   NA,NA   NA   NA   NA
SHR_2015-07-29 09:00:00,7/29/2015 9:00,SHR,2015,D,FALSE,CLR,NA,NA,24.55,2.8,120,122,7.58,7.87,4.1,10,Low,956380,960000,3620,3620,23.81639478,23.81639478,1,NA,NA,Terrestrial Insects,66,Order,Hymenoptera,Hymenoptera,Adults,3,0.126,0.126,NA,NA,NA,NA,NA,NA,NA,NA,NA,NA,NA   NA   NA   NA,NA   NA   NA   NA
SHR_2015-07-29 09:00:00,7/29/2015 9:00,SHR,2015,D,FALSE,CLR,NA,NA,24.55,2.8,120,122,7.58,7.87,4.1,10,Low,956380,960000,3620,3620,23.81639478,23.81639478,1,NA,NA,Terrestrial Non-Insects,157,Order,Araneae,Araneae,NotDetermined,5,0.21,0.21,NA,NA,NA,NA,NA,NA,NA,NA,NA,NA,NA   NA   NA   NA,NA   NA   NA   NA
STTD_2015-08-03 10:10:00,8/3/2015 10:10,STTD,2015,D,FALSE,CLR,NA,1,21.71,0.22,204,218,7.34,7.79,45.6,10,Low,953764,957000,3236,3236,21.29001478,21.29001478,1,NA,NA,Aquatic Non-Insects,118,Class,Ostracoda,Ostracod,NotDetermined,1,0.047,0.047,NA,NA,NA,NA,NA,NA,NA,NA,NA,NA,NA   NA   NA   NA,NA   NA   NA   NA
STTD_2015-08-03 10:10:00,8/3/2015 10:10,STTD,2015,D,FALSE,CLR,NA,1,21.71,0.22,204,218,7.34,7.79,45.6,10,Low,953764,957000,3236,3236,21.29001478,21.29001478,1,NA,NA,Aquatic Non-Insects,163,Family,Atherinidae,Atherinidae,NotDetermined,1,0.047,0.047,NA,NA,NA,NA,NA,NA,NA,NA,NA,NA,NA   NA   NA   NA,NA   NA   NA   NA
STTD_2015-08-03 10:10:00,8/3/2015 10:10,STTD,2015,D,FALSE,CLR,NA,1,21.71,0.22,204,218,7.34,7.79,45.6,10,Low,953764,957000,3236,3236,21.29001478,21.29001478,1,NA,NA,Terrestrial Insects,71,Order,Hemiptera,Hemiptera,Larvae,4,0.188,0.188,NA,NA,NA,NA,NA,NA,NA,NA,NA,NA,NA   NA   NA   NA,NA   NA   NA   NA
STTD_2015-08-03 10:10:00,8/3/2015 10:10,STTD,2015,D,FALSE,CLR,NA,1,21.71,0.22,204,218,7.34,7.79,45.6,10,Low,953764,957000,3236,3236,21.29001478,21.29001478,1,NA,NA,Terrestrial Insects,63,Order,Coleoptera,Coleoptera,Larvae,1,0.047,0.047,NA,NA,NA,NA,NA,NA,NA,NA,NA,NA,NA   NA   NA   NA,NA   NA   NA   NA
STTD_2015-08-03 10:10:00,8/3/2015 10:10,STTD,2015,D,FALSE,CLR,NA,1,21.71,0.22,204,218,7.34,7.79,45.6,10,Low,953764,957000,3236,3236,21.29001478,21.29001478,1,NA,NA,Terrestrial Insects,63,Order,Coleoptera,Coleoptera,Adults,1,0.047,0.047,NA,NA,NA,NA,NA,NA,NA,NA,NA,NA,NA   NA   NA   NA,NA   NA   NA   NA
STTD_2015-08-03 10:10:00,8/3/2015 10:10,STTD,2015,D,FALSE,CLR,NA,1,21.71,0.22,204,218,7.34,7.79,45.6,10,Low,953764,957000,3236,3236,21.29001478,21.29001478,1,NA,NA,Terrestrial Insects,64,Order,Diptera,Diptera,Adults,1,0.047,0.047,NA,NA,NA,NA,NA,NA,NA,NA,NA,NA,NA   NA   NA   NA,NA   NA   NA   NA
STTD_2015-08-03 10:10:00,8/3/2015 10:10,STTD,2015,D,FALSE,CLR,NA,1,21.71,0.22,204,218,7.34,7.79,45.6,10,Low,953764,957000,3236,3236,21.29001478,21.29001478,1,NA,NA,Terrestrial Insects,67,Order,Psocoptera,Psocoptera,Adults,1,0.047,0.047,NA,NA,NA,NA,NA,NA,NA,NA,NA,NA,NA   NA   NA   NA,NA   NA   NA   NA
SHR_2015-08-05 11:13:00,8/5/2015 11:13,SHR,2015,D,FALSE,CLR,NA,NA,22.85,5.33,121,126,7.62,7.84,3.3,10,Low,952049,956500,4451,4451,29.28363899,29.28363899,1,NA,NA,Aquatic Insects,56,Family,Leptoceridae,Leptoceridae,Larvae,2,0.068,0.068,2,SECCHI,NA,NA,NA,NA,NA,NA,NA,NA,NA   NA   NA   NA,NA   NA   NA   NA
SHR_2015-08-05 11:13:00,8/5/2015 11:13,SHR,2015,D,FALSE,CLR,NA,NA,22.85,5.33,121,126,7.62,7.84,3.3,10,Low,952049,956500,4451,4451,29.28363899,29.28363899,1,NA,NA,Aquatic Insects,52,Family,Hydraenidae,Hydraenidae,Adults,1,0.034,0.034,2,SECCHI,NA,NA,NA,NA,NA,NA,NA,NA,NA   NA   NA   NA,NA   NA   NA   NA
SHR_2015-08-05 11:13:00,8/5/2015 11:13,SHR,2015,D,FALSE,CLR,NA,NA,22.85,5.33,121,126,7.62,7.84,3.3,10,Low,952049,956500,4451,4451,29.28363899,29.28363899,1,NA,NA,Aquatic Insects,34,Family,Chironomidae,Chironomidae,Larvae,10,0.341,0.341,2,SECCHI,NA,NA,NA,NA,NA,NA,NA,NA,NA   NA   NA   NA,NA   NA   NA   NA
SHR_2015-08-05 11:13:00,8/5/2015 11:13,SHR,2015,D,FALSE,CLR,NA,NA,22.85,5.33,121,126,7.62,7.84,3.3,10,Low,952049,956500,4451,4451,29.28363899,29.28363899,1,NA,NA,Aquatic Insects,34,Family,Chironomidae,Chironomidae,Pupae,1,0.034,0.034,2,SECCHI,NA,NA,NA,NA,NA,NA,NA,NA,NA   NA   NA   NA,NA   NA   NA   NA
SHR_2015-08-05 11:13:00,8/5/2015 11:13,SHR,2015,D,FALSE,CLR,NA,NA,22.85,5.33,121,126,7.62,7.84,3.3,10,Low,952049,956500,4451,4451,29.28363899,29.28363899,1,NA,NA,Aquatic Insects,32,Family,Ceratopogonidae,Ceratopogonidae,Pupae,1,0.034,0.034,2,SECCHI,NA,NA,NA,NA,NA,NA,NA,NA,NA   NA   NA   NA,NA   NA   NA   NA
SHR_2015-08-05 11:13:00,8/5/2015 11:13,SHR,2015,D,FALSE,CLR,NA,NA,22.85,5.33,121,126,7.62,7.84,3.3,10,Low,952049,956500,4451,4451,29.28363899,29.28363899,1,NA,NA,Aquatic Non-Insects,21,Family,Planorbidae,Planorbidae,NotDetermined,1,0.034,0.034,2,SECCHI,NA,NA,NA,NA,NA,NA,NA,NA,NA   NA   NA   NA,NA   NA   NA   NA
SHR_2015-08-05 11:13:00,8/5/2015 11:13,SHR,2015,D,FALSE,CLR,NA,NA,22.85,5.33,121,126,7.62,7.84,3.3,10,Low,952049,956500,4451,4451,29.28363899,29.28363899,1,NA,NA,Terrestrial Insects,71,Order,Hemiptera,Hemiptera,Larvae,2,0.068,0.068,2,SECCHI,NA,NA,NA,NA,NA,NA,NA,NA,NA   NA   NA   NA,NA   NA   NA   NA
SHR_2015-08-05 11:13:00,8/5/2015 11:13,SHR,2015,D,FALSE,CLR,NA,NA,22.85,5.33,121,126,7.62,7.84,3.3,10,Low,952049,956500,4451,4451,29.28363899,29.28363899,1,NA,NA,Terrestrial Insects,63,Order,Coleoptera,Coleoptera,Adults,2,0.068,0.068,2,SECCHI,NA,NA,NA,NA,NA,NA,NA,NA,NA   NA   NA   NA,NA   NA   NA   NA
SHR_2015-08-05 11:13:00,8/5/2015 11:13,SHR,2015,D,FALSE,CLR,NA,NA,22.85,5.33,121,126,7.62,7.84,3.3,10,Low,952049,956500,4451,4451,29.28363899,29.28363899,1,NA,NA,Terrestrial Insects,64,Order,Diptera,Diptera,Adults,16,0.546,0.546,2,SECCHI,NA,NA,NA,NA,NA,NA,NA,NA,NA   NA   NA   NA,NA   NA   NA   NA
SHR_2015-08-05 11:13:00,8/5/2015 11:13,SHR,2015,D,FALSE,CLR,NA,NA,22.85,5.33,121,126,7.62,7.84,3.3,10,Low,952049,956500,4451,4451,29.28363899,29.28363899,1,NA,NA,Terrestrial Insects,66,Order,Hymenoptera,Hymenoptera,Adults,5,0.171,0.171,2,SECCHI,NA,NA,NA,NA,NA,NA,NA,NA,NA   NA   NA   NA,NA   NA   NA   NA
SHR_2015-08-05 11:13:00,8/5/2015 11:13,SHR,2015,D,FALSE,CLR,NA,NA,22.85,5.33,121,126,7.62,7.84,3.3,10,Low,952049,956500,4451,4451,29.28363899,29.28363899,1,NA,NA,Terrestrial Non-Insects,157,Order,Araneae,Araneae,NotDetermined,1,0.034,0.034,2,SECCHI,NA,NA,NA,NA,NA,NA,NA,NA,NA   NA   NA   NA,NA   NA   NA   NA
SHR_2015-08-17 08:59:00,8/17/2015 8:59,SHR,2015,D,FALSE,CLR,NA,NA,24.51,2.6,147,149,7.5,7.76,2.4,10,Low,949676,954000,4324,4324,28.44809144,28.44809144,1,NA,NA,Aquatic Insects,34,Family,Chironomidae,Chironomidae,Larvae,1,0.035,0.035,NA,NA,NA,NA,NA,NA,NA,NA,NA,NA,NA   NA   NA   NA,NA   NA   NA   NA
STTD_2015-08-18 09:30:00,8/18/2015 9:30,STTD,2015,D,FALSE,CLR,NA,NA,24.69,0.35,225,229,7.78,7.1,34.1,10,Low,945480,950000,4520,4520,29.7375979,29.7375979,1,"High tide, jet boat motor used",NA,Aquatic Non-Insects,9,Family,Corophiidae,Corophiidae,NotDetermined,1,0.034,0.034,NA,NA,NA,NA,NA,NA,NA,NA,NA,NA,NA   NA   NA   NA,NA   NA   NA   NA
STTD_2015-08-18 09:30:00,8/18/2015 9:30,STTD,2015,D,FALSE,CLR,NA,NA,24.69,0.35,225,229,7.78,7.1,34.1,10,Low,945480,950000,4520,4520,29.7375979,29.7375979,1,"High tide, jet boat motor used",NA,Aquatic Non-Insects,11,Family,Gammaridae,Gammaridae,NotDetermined,3,0.101,0.101,NA,NA,NA,NA,NA,NA,NA,NA,NA,NA,NA   NA   NA   NA,NA   NA   NA   NA
STTD_2015-08-18 09:30:00,8/18/2015 9:30,STTD,2015,D,FALSE,CLR,NA,NA,24.69,0.35,225,229,7.78,7.1,34.1,10,Low,945480,950000,4520,4520,29.7375979,29.7375979,1,"High tide, jet boat motor used",NA,Aquatic Non-Insects,163,Family,Atherinidae,Atherinidae,NotDetermined,2,0.067,0.067,NA,NA,NA,NA,NA,NA,NA,NA,NA,NA,NA   NA   NA   NA,NA   NA   NA   NA
STTD_2015-08-18 09:30:00,8/18/2015 9:30,STTD,2015,D,FALSE,CLR,NA,NA,24.69,0.35,225,229,7.78,7.1,34.1,10,Low,945480,950000,4520,4520,29.7375979,29.7375979,1,"High tide, jet boat motor used",NA,Terrestrial Insects,71,Order,Hemiptera,Hemiptera,Larvae,9,0.303,0.303,NA,NA,NA,NA,NA,NA,NA,NA,NA,NA,NA   NA   NA   NA,NA   NA   NA   NA
STTD_2015-08-18 09:30:00,8/18/2015 9:30,STTD,2015,D,FALSE,CLR,NA,NA,24.69,0.35,225,229,7.78,7.1,34.1,10,Low,945480,950000,4520,4520,29.7375979,29.7375979,1,"High tide, jet boat motor used",NA,Terrestrial Non-Insects,173,Order,Hygrophila,Hygrophila,NotDetermined,1,0.034,0.034,NA,NA,NA,NA,NA,NA,NA,NA,NA,NA,NA   NA   NA   NA,NA   NA   NA   NA
SHR_2015-08-31 09:21:00,8/31/2015 9:21,SHR,2015,D,FALSE,CLR,NA,NA,23.4,NA,176,181,6.59,7.57,4.9,10,Low,947651,952000,4349,4349,28.6125693,28.6125693,1,jet motor used,NA,Aquatic Insects,107,Family,Leptohyphidae,Leptohyphidae,Larvae,1,0.035,0.035,NA,NA,NA,NA,NA,NA,NA,NA,NA,NA,NA   NA   NA   NA,NA   NA   NA   NA
SHR_2015-08-31 09:21:00,8/31/2015 9:21,SHR,2015,D,FALSE,CLR,NA,NA,23.4,NA,176,181,6.59,7.57,4.9,10,Low,947651,952000,4349,4349,28.6125693,28.6125693,1,jet motor used,NA,Aquatic Insects,56,Family,Leptoceridae,Leptoceridae,Larvae,14,0.489,0.489,NA,NA,NA,NA,NA,NA,NA,NA,NA,NA,NA   NA   NA   NA,NA   NA   NA   NA
SHR_2015-08-31 09:21:00,8/31/2015 9:21,SHR,2015,D,FALSE,CLR,NA,NA,23.4,NA,176,181,6.59,7.57,4.9,10,Low,947651,952000,4349,4349,28.6125693,28.6125693,1,jet motor used,NA,Aquatic Insects,34,Family,Chironomidae,Chironomidae,Larvae,33,1.153,1.153,NA,NA,NA,NA,NA,NA,NA,NA,NA,NA,NA   NA   NA   NA,NA   NA   NA   NA
SHR_2015-08-31 09:21:00,8/31/2015 9:21,SHR,2015,D,FALSE,CLR,NA,NA,23.4,NA,176,181,6.59,7.57,4.9,10,Low,947651,952000,4349,4349,28.6125693,28.6125693,1,jet motor used,NA,Aquatic Insects,34,Family,Chironomidae,Chironomidae,Pupae,2,0.07,0.07,NA,NA,NA,NA,NA,NA,NA,NA,NA,NA,NA   NA   NA   NA,NA   NA   NA   NA
SHR_2015-08-31 09:21:00,8/31/2015 9:21,SHR,2015,D,FALSE,CLR,NA,NA,23.4,NA,176,181,6.59,7.57,4.9,10,Low,947651,952000,4349,4349,28.6125693,28.6125693,1,jet motor used,NA,Aquatic Non-Insects,4,Family,Naididae,Naididae,NotDetermined,3,0.105,0.105,NA,NA,NA,NA,NA,NA,NA,NA,NA,NA,NA   NA   NA   NA,NA   NA   NA   NA
SHR_2015-08-31 09:21:00,8/31/2015 9:21,SHR,2015,D,FALSE,CLR,NA,NA,23.4,NA,176,181,6.59,7.57,4.9,10,Low,947651,952000,4349,4349,28.6125693,28.6125693,1,jet motor used,NA,Aquatic Non-Insects,106,Family,Lymnaeidae,Lymnaeidae,NotDetermined,1,0.035,0.035,NA,NA,NA,NA,NA,NA,NA,NA,NA,NA,NA   NA   NA   NA,NA   NA   NA   NA
SHR_2015-08-31 09:21:00,8/31/2015 9:21,SHR,2015,D,FALSE,CLR,NA,NA,23.4,NA,176,181,6.59,7.57,4.9,10,Low,947651,952000,4349,4349,28.6125693,28.6125693,1,jet motor used,NA,Aquatic Non-Insects,15,Family,Hyalellidae,Hyalellidae,NotDetermined,6,0.21,0.21,NA,NA,NA,NA,NA,NA,NA,NA,NA,NA,NA   NA   NA   NA,NA   NA   NA   NA
SHR_2015-08-31 09:21:00,8/31/2015 9:21,SHR,2015,D,FALSE,CLR,NA,NA,23.4,NA,176,181,6.59,7.57,4.9,10,Low,947651,952000,4349,4349,28.6125693,28.6125693,1,jet motor used,NA,Terrestrial Insects,71,Order,Hemiptera,Hemiptera,Larvae,4,0.14,0.14,NA,NA,NA,NA,NA,NA,NA,NA,NA,NA,NA   NA   NA   NA,NA   NA   NA   NA
SHR_2015-08-31 09:21:00,8/31/2015 9:21,SHR,2015,D,FALSE,CLR,NA,NA,23.4,NA,176,181,6.59,7.57,4.9,10,Low,947651,952000,4349,4349,28.6125693,28.6125693,1,jet motor used,NA,Terrestrial Insects,63,Order,Coleoptera,Coleoptera,Adults,1,0.035,0.035,NA,NA,NA,NA,NA,NA,NA,NA,NA,NA,NA   NA   NA   NA,NA   NA   NA   NA
SHR_2015-08-31 09:21:00,8/31/2015 9:21,SHR,2015,D,FALSE,CLR,NA,NA,23.4,NA,176,181,6.59,7.57,4.9,10,Low,947651,952000,4349,4349,28.6125693,28.6125693,1,jet motor used,NA,Terrestrial Insects,64,Order,Diptera,Diptera,Adults,3,0.105,0.105,NA,NA,NA,NA,NA,NA,NA,NA,NA,NA,NA   NA   NA   NA,NA   NA   NA   NA
SHR_2015-08-31 09:21:00,8/31/2015 9:21,SHR,2015,D,FALSE,CLR,NA,NA,23.4,NA,176,181,6.59,7.57,4.9,10,Low,947651,952000,4349,4349,28.6125693,28.6125693,1,jet motor used,NA,Terrestrial Non-Insects,157,Order,Araneae,Araneae,NotDetermined,2,0.07,0.07,NA,NA,NA,NA,NA,NA,NA,NA,NA,NA,NA   NA   NA   NA,NA   NA   NA   NA
STTD_2015-09-01 10:38:00,9/1/2015 10:38,STTD,2015,D,FALSE,CLR,NA,NA,23.88,0.25,723,739,7.89,6.03,49.5,10,Low,943686,948000,4314,4314,28.38230029,28.38230029,1,ebb- Anchored,NA,Aquatic Insects,34,Family,Chironomidae,Chironomidae,Larvae,1,0.035,0.035,NA,NA,NA,NA,NA,NA,NA,NA,NA,NA,NA   NA   NA   NA,NA   NA   NA   NA
STTD_2015-09-01 10:38:00,9/1/2015 10:38,STTD,2015,D,FALSE,CLR,NA,NA,23.88,0.25,723,739,7.89,6.03,49.5,10,Low,943686,948000,4314,4314,28.38230029,28.38230029,1,ebb- Anchored,NA,Aquatic Insects,34,Family,Chironomidae,Chironomidae,Pupae,1,0.035,0.035,NA,NA,NA,NA,NA,NA,NA,NA,NA,NA,NA   NA   NA   NA,NA   NA   NA   NA
STTD_2015-09-01 10:38:00,9/1/2015 10:38,STTD,2015,D,FALSE,CLR,NA,NA,23.88,0.25,723,739,7.89,6.03,49.5,10,Low,943686,948000,4314,4314,28.38230029,28.38230029,1,ebb- Anchored,NA,Aquatic Non-Insects,163,Family,Atherinidae,Atherinidae,NotDetermined,1,0.035,0.035,NA,NA,NA,NA,NA,NA,NA,NA,NA,NA,NA   NA   NA   NA,NA   NA   NA   NA
STTD_2015-09-01 10:38:00,9/1/2015 10:38,STTD,2015,D,FALSE,CLR,NA,NA,23.88,0.25,723,739,7.89,6.03,49.5,10,Low,943686,948000,4314,4314,28.38230029,28.38230029,1,ebb- Anchored,NA,Aquatic Non-Insects,152,Class,Turbellaria,Other Turbellaria,NotDetermined,1,0.035,0.035,NA,NA,NA,NA,NA,NA,NA,NA,NA,NA,NA   NA   NA   NA,NA   NA   NA   NA
STTD_2015-09-01 10:38:00,9/1/2015 10:38,STTD,2015,D,FALSE,CLR,NA,NA,23.88,0.25,723,739,7.89,6.03,49.5,10,Low,943686,948000,4314,4314,28.38230029,28.38230029,1,ebb- Anchored,NA,Terrestrial Insects,71,Order,Hemiptera,Hemiptera,Larvae,53,1.867,1.867,NA,NA,NA,NA,NA,NA,NA,NA,NA,NA,NA   NA   NA   NA,NA   NA   NA   NA
STTD_2015-09-01 10:38:00,9/1/2015 10:38,STTD,2015,D,FALSE,CLR,NA,NA,23.88,0.25,723,739,7.89,6.03,49.5,10,Low,943686,948000,4314,4314,28.38230029,28.38230029,1,ebb- Anchored,NA,Terrestrial Insects,64,Order,Diptera,Diptera,Adults,5,0.176,0.176,NA,NA,NA,NA,NA,NA,NA,NA,NA,NA,NA   NA   NA   NA,NA   NA   NA   NA
STTD_2015-09-01 10:38:00,9/1/2015 10:38,STTD,2015,D,FALSE,CLR,NA,NA,23.88,0.25,723,739,7.89,6.03,49.5,10,Low,943686,948000,4314,4314,28.38230029,28.38230029,1,ebb- Anchored,NA,Terrestrial Insects,73,Order,Lepidoptera,Lepidoptera,Larvae,1,0.035,0.035,NA,NA,NA,NA,NA,NA,NA,NA,NA,NA,NA   NA   NA   NA,NA   NA   NA   NA
STTD_2015-09-01 10:38:00,9/1/2015 10:38,STTD,2015,D,FALSE,CLR,NA,NA,23.88,0.25,723,739,7.89,6.03,49.5,10,Low,943686,948000,4314,4314,28.38230029,28.38230029,1,ebb- Anchored,NA,Terrestrial Insects,66,Order,Hymenoptera,Hymenoptera,Adults,5,0.176,0.176,NA,NA,NA,NA,NA,NA,NA,NA,NA,NA,NA   NA   NA   NA,NA   NA   NA   NA
STTD_2015-09-01 10:38:00,9/1/2015 10:38,STTD,2015,D,FALSE,CLR,NA,NA,23.88,0.25,723,739,7.89,6.03,49.5,10,Low,943686,948000,4314,4314,28.38230029,28.38230029,1,ebb- Anchored,NA,Terrestrial Insects,85,Order,Thysanoptera,Thysanoptera,Adults,1,0.035,0.035,NA,NA,NA,NA,NA,NA,NA,NA,NA,NA,NA   NA   NA   NA,NA   NA   NA   NA
SHR_2015-09-14 10:15:00,9/14/2015 10:15,SHR,2015,D,FALSE,CLD,NA,NA,21.95,NA,150,159,7.64,7.89,4.1,10,Low,940729,945000,4271,4271,28.09939837,28.09939837,1,NA,NA,Aquatic Insects,34,Family,Chironomidae,Chironomidae,Larvae,2,0.071,0.071,NA,NA,NA,NA,NA,NA,NA,NA,NA,NA,NA   NA   NA   NA,NA   NA   NA   NA
SHR_2015-09-14 10:15:00,9/14/2015 10:15,SHR,2015,D,FALSE,CLD,NA,NA,21.95,NA,150,159,7.64,7.89,4.1,10,Low,940729,945000,4271,4271,28.09939837,28.09939837,1,NA,NA,Aquatic Insects,34,Family,Chironomidae,Chironomidae,Pupae,1,0.036,0.036,NA,NA,NA,NA,NA,NA,NA,NA,NA,NA,NA   NA   NA   NA,NA   NA   NA   NA
SHR_2015-09-14 10:15:00,9/14/2015 10:15,SHR,2015,D,FALSE,CLD,NA,NA,21.95,NA,150,159,7.64,7.89,4.1,10,Low,940729,945000,4271,4271,28.09939837,28.09939837,1,NA,NA,Aquatic Insects,32,Family,Ceratopogonidae,Ceratopogonidae,Pupae,2,0.071,0.071,NA,NA,NA,NA,NA,NA,NA,NA,NA,NA,NA   NA   NA   NA,NA   NA   NA   NA
SHR_2015-09-14 10:15:00,9/14/2015 10:15,SHR,2015,D,FALSE,CLD,NA,NA,21.95,NA,150,159,7.64,7.89,4.1,10,Low,940729,945000,4271,4271,28.09939837,28.09939837,1,NA,NA,Aquatic Non-Insects,106,Family,Lymnaeidae,Lymnaeidae,NotDetermined,1,0.036,0.036,NA,NA,NA,NA,NA,NA,NA,NA,NA,NA,NA   NA   NA   NA,NA   NA   NA   NA
SHR_2015-09-14 10:15:00,9/14/2015 10:15,SHR,2015,D,FALSE,CLD,NA,NA,21.95,NA,150,159,7.64,7.89,4.1,10,Low,940729,945000,4271,4271,28.09939837,28.09939837,1,NA,NA,Aquatic Non-Insects,21,Family,Planorbidae,Planorbidae,NotDetermined,1,0.036,0.036,NA,NA,NA,NA,NA,NA,NA,NA,NA,NA,NA   NA   NA   NA,NA   NA   NA   NA
SHR_2015-09-14 10:15:00,9/14/2015 10:15,SHR,2015,D,FALSE,CLD,NA,NA,21.95,NA,150,159,7.64,7.89,4.1,10,Low,940729,945000,4271,4271,28.09939837,28.09939837,1,NA,NA,Aquatic Non-Insects,15,Family,Hyalellidae,Hyalellidae,NotDetermined,1,0.036,0.036,NA,NA,NA,NA,NA,NA,NA,NA,NA,NA,NA   NA   NA   NA,NA   NA   NA   NA
SHR_2015-09-14 10:15:00,9/14/2015 10:15,SHR,2015,D,FALSE,CLD,NA,NA,21.95,NA,150,159,7.64,7.89,4.1,10,Low,940729,945000,4271,4271,28.09939837,28.09939837,1,NA,NA,Terrestrial Insects,71,Order,Hemiptera,Hemiptera,Larvae,3,0.107,0.107,NA,NA,NA,NA,NA,NA,NA,NA,NA,NA,NA   NA   NA   NA,NA   NA   NA   NA
SHR_2015-09-14 10:15:00,9/14/2015 10:15,SHR,2015,D,FALSE,CLD,NA,NA,21.95,NA,150,159,7.64,7.89,4.1,10,Low,940729,945000,4271,4271,28.09939837,28.09939837,1,NA,NA,Terrestrial Insects,66,Order,Hymenoptera,Hymenoptera,Adults,2,0.071,0.071,NA,NA,NA,NA,NA,NA,NA,NA,NA,NA,NA   NA   NA   NA,NA   NA   NA   NA
STTD_2015-09-15 10:02:00,9/15/2015 10:02,STTD,2015,D,FALSE,CLR,NA,NA,21.59,0.3,605,646,7.68,6.15,27.9,10,Low,937154,941000,3846,3846,25.30327467,25.30327467,1,NA,NA,Terrestrial Insects,71,Order,Hemiptera,Hemiptera,Larvae,6,0.237,0.237,NA,NA,NA,NA,NA,NA,NA,NA,NA,NA,NA   NA   NA   NA,NA   NA   NA   NA
STTD_2015-09-15 10:02:00,9/15/2015 10:02,STTD,2015,D,FALSE,CLR,NA,NA,21.59,0.3,605,646,7.68,6.15,27.9,10,Low,937154,941000,3846,3846,25.30327467,25.30327467,1,NA,NA,Terrestrial Insects,63,Order,Coleoptera,Coleoptera,Adults,1,0.04,0.04,NA,NA,NA,NA,NA,NA,NA,NA,NA,NA,NA   NA   NA   NA,NA   NA   NA   NA
STTD_2015-09-15 10:02:00,9/15/2015 10:02,STTD,2015,D,FALSE,CLR,NA,NA,21.59,0.3,605,646,7.68,6.15,27.9,10,Low,937154,941000,3846,3846,25.30327467,25.30327467,1,NA,NA,Terrestrial Insects,64,Order,Diptera,Diptera,Adults,3,0.119,0.119,NA,NA,NA,NA,NA,NA,NA,NA,NA,NA,NA   NA   NA   NA,NA   NA   NA   NA
STTD_2015-09-15 10:02:00,9/15/2015 10:02,STTD,2015,D,FALSE,CLR,NA,NA,21.59,0.3,605,646,7.68,6.15,27.9,10,Low,937154,941000,3846,3846,25.30327467,25.30327467,1,NA,NA,Terrestrial Insects,66,Order,Hymenoptera,Hymenoptera,Adults,3,0.119,0.119,NA,NA,NA,NA,NA,NA,NA,NA,NA,NA,NA   NA   NA   NA,NA   NA   NA   NA
STTD_2015-09-15 10:02:00,9/15/2015 10:02,STTD,2015,D,FALSE,CLR,NA,NA,21.59,0.3,605,646,7.68,6.15,27.9,10,Low,937154,941000,3846,3846,25.30327467,25.30327467,1,NA,NA,Terrestrial Non-Insects,157,Order,Araneae,Araneae,NotDetermined,2,0.079,0.079,NA,NA,NA,NA,NA,NA,NA,NA,NA,NA,NA   NA   NA   NA,NA   NA   NA   NA
STTD_2015-09-15 10:02:00,9/15/2015 10:02,STTD,2015,D,FALSE,CLR,NA,NA,21.59,0.3,605,646,7.68,6.15,27.9,10,Low,937154,941000,3846,3846,25.30327467,25.30327467,1,NA,NA,Aquatic Non-Insects,172,Family,Murchisonellidae,Murchisonellidae,NotDetermined,3,0.119,0.119,NA,NA,NA,NA,NA,NA,NA,NA,NA,NA,NA   NA   NA   NA,NA   NA   NA   NA
SHR_2015-09-28 09:10:00,9/28/2015 9:10,SHR,2015,D,FALSE,CLD,NA,NA,21.09,2.1,127,137,7.84,8.28,2.4,10,Low,932554,937000,4446,4446,29.25074342,29.25074342,1,NA,NA,Aquatic Insects,56,Family,Leptoceridae,Leptoceridae,Larvae,44,1.504,1.504,NA,NA,NA,NA,NA,NA,NA,NA,NA,NA,NA   NA   NA   NA,NA   NA   NA   NA
SHR_2015-09-28 09:10:00,9/28/2015 9:10,SHR,2015,D,FALSE,CLD,NA,NA,21.09,2.1,127,137,7.84,8.28,2.4,10,Low,932554,937000,4446,4446,29.25074342,29.25074342,1,NA,NA,Aquatic Insects,46,Family,Coenagrionidae,Coenagrionidae,Larvae,1,0.034,0.034,NA,NA,NA,NA,NA,NA,NA,NA,NA,NA,NA   NA   NA   NA,NA   NA   NA   NA
SHR_2015-09-28 09:10:00,9/28/2015 9:10,SHR,2015,D,FALSE,CLD,NA,NA,21.09,2.1,127,137,7.84,8.28,2.4,10,Low,932554,937000,4446,4446,29.25074342,29.25074342,1,NA,NA,Aquatic Insects,44,Family,Corixidae,Corixidae,Larvae,1,0.034,0.034,NA,NA,NA,NA,NA,NA,NA,NA,NA,NA,NA   NA   NA   NA,NA   NA   NA   NA
SHR_2015-09-28 09:10:00,9/28/2015 9:10,SHR,2015,D,FALSE,CLD,NA,NA,21.09,2.1,127,137,7.84,8.28,2.4,10,Low,932554,937000,4446,4446,29.25074342,29.25074342,1,NA,NA,Aquatic Insects,30,Family,Dytiscidae,Dytiscidae,Adults,7,0.239,0.239,NA,NA,NA,NA,NA,NA,NA,NA,NA,NA,NA   NA   NA   NA,NA   NA   NA   NA
SHR_2015-09-28 09:10:00,9/28/2015 9:10,SHR,2015,D,FALSE,CLD,NA,NA,21.09,2.1,127,137,7.84,8.28,2.4,10,Low,932554,937000,4446,4446,29.25074342,29.25074342,1,NA,NA,Aquatic Insects,34,Family,Chironomidae,Chironomidae,Larvae,125,4.273,4.273,NA,NA,NA,NA,NA,NA,NA,NA,NA,NA,NA   NA   NA   NA,NA   NA   NA   NA
SHR_2015-09-28 09:10:00,9/28/2015 9:10,SHR,2015,D,FALSE,CLD,NA,NA,21.09,2.1,127,137,7.84,8.28,2.4,10,Low,932554,937000,4446,4446,29.25074342,29.25074342,1,NA,NA,Aquatic Insects,34,Family,Chironomidae,Chironomidae,Pupae,14,0.479,0.479,NA,NA,NA,NA,NA,NA,NA,NA,NA,NA,NA   NA   NA   NA,NA   NA   NA   NA
SHR_2015-09-28 09:10:00,9/28/2015 9:10,SHR,2015,D,FALSE,CLD,NA,NA,21.09,2.1,127,137,7.84,8.28,2.4,10,Low,932554,937000,4446,4446,29.25074342,29.25074342,1,NA,NA,Aquatic Insects,32,Family,Ceratopogonidae,Ceratopogonidae,Larvae,3,0.103,0.103,NA,NA,NA,NA,NA,NA,NA,NA,NA,NA,NA   NA   NA   NA,NA   NA   NA   NA
SHR_2015-09-28 09:10:00,9/28/2015 9:10,SHR,2015,D,FALSE,CLD,NA,NA,21.09,2.1,127,137,7.84,8.28,2.4,10,Low,932554,937000,4446,4446,29.25074342,29.25074342,1,NA,NA,Aquatic Insects,32,Family,Ceratopogonidae,Ceratopogonidae,Pupae,4,0.137,0.137,NA,NA,NA,NA,NA,NA,NA,NA,NA,NA,NA   NA   NA   NA,NA   NA   NA   NA
SHR_2015-09-28 09:10:00,9/28/2015 9:10,SHR,2015,D,FALSE,CLD,NA,NA,21.09,2.1,127,137,7.84,8.28,2.4,10,Low,932554,937000,4446,4446,29.25074342,29.25074342,1,NA,NA,Aquatic Non-Insects,4,Family,Naididae,Naididae,NotDetermined,6,0.205,0.205,NA,NA,NA,NA,NA,NA,NA,NA,NA,NA,NA   NA   NA   NA,NA   NA   NA   NA
SHR_2015-09-28 09:10:00,9/28/2015 9:10,SHR,2015,D,FALSE,CLD,NA,NA,21.09,2.1,127,137,7.84,8.28,2.4,10,Low,932554,937000,4446,4446,29.25074342,29.25074342,1,NA,NA,Aquatic Non-Insects,106,Family,Lymnaeidae,Lymnaeidae,NotDetermined,2,0.068,0.068,NA,NA,NA,NA,NA,NA,NA,NA,NA,NA,NA   NA   NA   NA,NA   NA   NA   NA
SHR_2015-09-28 09:10:00,9/28/2015 9:10,SHR,2015,D,FALSE,CLD,NA,NA,21.09,2.1,127,137,7.84,8.28,2.4,10,Low,932554,937000,4446,4446,29.25074342,29.25074342,1,NA,NA,Aquatic Non-Insects,20,Family,Physidae,Physidae,NotDetermined,1,0.034,0.034,NA,NA,NA,NA,NA,NA,NA,NA,NA,NA,NA   NA   NA   NA,NA   NA   NA   NA
SHR_2015-09-28 09:10:00,9/28/2015 9:10,SHR,2015,D,FALSE,CLD,NA,NA,21.09,2.1,127,137,7.84,8.28,2.4,10,Low,932554,937000,4446,4446,29.25074342,29.25074342,1,NA,NA,Aquatic Non-Insects,21,Family,Planorbidae,Planorbidae,NotDetermined,3,0.103,0.103,NA,NA,NA,NA,NA,NA,NA,NA,NA,NA,NA   NA   NA   NA,NA   NA   NA   NA
SHR_2015-09-28 09:10:00,9/28/2015 9:10,SHR,2015,D,FALSE,CLD,NA,NA,21.09,2.1,127,137,7.84,8.28,2.4,10,Low,932554,937000,4446,4446,29.25074342,29.25074342,1,NA,NA,Aquatic Non-Insects,10,Family,Crangonyctidae,Crangonyctidae,NotDetermined,1,0.034,0.034,NA,NA,NA,NA,NA,NA,NA,NA,NA,NA,NA   NA   NA   NA,NA   NA   NA   NA
SHR_2015-09-28 09:10:00,9/28/2015 9:10,SHR,2015,D,FALSE,CLD,NA,NA,21.09,2.1,127,137,7.84,8.28,2.4,10,Low,932554,937000,4446,4446,29.25074342,29.25074342,1,NA,NA,Aquatic Non-Insects,15,Family,Hyalellidae,Hyalellidae,NotDetermined,19,0.65,0.65,NA,NA,NA,NA,NA,NA,NA,NA,NA,NA,NA   NA   NA   NA,NA   NA   NA   NA
SHR_2015-09-28 09:10:00,9/28/2015 9:10,SHR,2015,D,FALSE,CLD,NA,NA,21.09,2.1,127,137,7.84,8.28,2.4,10,Low,932554,937000,4446,4446,29.25074342,29.25074342,1,NA,NA,Aquatic Non-Insects,152,Class,Turbellaria,Other Turbellaria,NotDetermined,10,0.342,0.342,NA,NA,NA,NA,NA,NA,NA,NA,NA,NA,NA   NA   NA   NA,NA   NA   NA   NA
SHR_2015-09-28 09:10:00,9/28/2015 9:10,SHR,2015,D,FALSE,CLD,NA,NA,21.09,2.1,127,137,7.84,8.28,2.4,10,Low,932554,937000,4446,4446,29.25074342,29.25074342,1,NA,NA,Aquatic Non-Insects,169,Suborder,Cladocera,Cladoceran,NotDetermined,1,0.034,0.034,NA,NA,NA,NA,NA,NA,NA,NA,NA,NA,NA   NA   NA   NA,NA   NA   NA   NA
SHR_2015-09-28 09:10:00,9/28/2015 9:10,SHR,2015,D,FALSE,CLD,NA,NA,21.09,2.1,127,137,7.84,8.28,2.4,10,Low,932554,937000,4446,4446,29.25074342,29.25074342,1,NA,NA,Terrestrial Insects,71,Order,Hemiptera,Hemiptera,Larvae,15,0.513,0.513,NA,NA,NA,NA,NA,NA,NA,NA,NA,NA,NA   NA   NA   NA,NA   NA   NA   NA
SHR_2015-09-28 09:10:00,9/28/2015 9:10,SHR,2015,D,FALSE,CLD,NA,NA,21.09,2.1,127,137,7.84,8.28,2.4,10,Low,932554,937000,4446,4446,29.25074342,29.25074342,1,NA,NA,Terrestrial Insects,63,Order,Coleoptera,Coleoptera,Adults,1,0.034,0.034,NA,NA,NA,NA,NA,NA,NA,NA,NA,NA,NA   NA   NA   NA,NA   NA   NA   NA
SHR_2015-09-28 09:10:00,9/28/2015 9:10,SHR,2015,D,FALSE,CLD,NA,NA,21.09,2.1,127,137,7.84,8.28,2.4,10,Low,932554,937000,4446,4446,29.25074342,29.25074342,1,NA,NA,Terrestrial Insects,64,Order,Diptera,Diptera,Adults,32,1.094,1.094,NA,NA,NA,NA,NA,NA,NA,NA,NA,NA,NA   NA   NA   NA,NA   NA   NA   NA
SHR_2015-09-28 09:10:00,9/28/2015 9:10,SHR,2015,D,FALSE,CLD,NA,NA,21.09,2.1,127,137,7.84,8.28,2.4,10,Low,932554,937000,4446,4446,29.25074342,29.25074342,1,NA,NA,Terrestrial Insects,66,Order,Hymenoptera,Hymenoptera,Adults,11,0.376,0.376,NA,NA,NA,NA,NA,NA,NA,NA,NA,NA,NA   NA   NA   NA,NA   NA   NA   NA
SHR_2015-09-28 09:10:00,9/28/2015 9:10,SHR,2015,D,FALSE,CLD,NA,NA,21.09,2.1,127,137,7.84,8.28,2.4,10,Low,932554,937000,4446,4446,29.25074342,29.25074342,1,NA,NA,Terrestrial Non-Insects,157,Order,Araneae,Araneae,NotDetermined,2,0.068,0.068,NA,NA,NA,NA,NA,NA,NA,NA,NA,NA,NA   NA   NA   NA,NA   NA   NA   NA
STTD_2015-10-01 09:46:00,10/1/2015 9:46,STTD,2016,A,FALSE,CLD,NA,NA,18.52,0.3,352,402,8.12,7.65,35.9,10,Low,928320,932600,4280,4280,28.1586104,28.1586104,1,High (Not ebbing yet) Used the motor (Stryker),NA,Aquatic Insects,44,Family,Corixidae,Corixidae,Larvae,1,0.036,0.036,NA,NA,NA,NA,NA,NA,NA,NA,NA,NA,NA   NA   NA   NA,NA   NA   NA   NA
STTD_2015-10-01 09:46:00,10/1/2015 9:46,STTD,2016,A,FALSE,CLD,NA,NA,18.52,0.3,352,402,8.12,7.65,35.9,10,Low,928320,932600,4280,4280,28.1586104,28.1586104,1,High (Not ebbing yet) Used the motor (Stryker),NA,Aquatic Insects,34,Family,Chironomidae,Chironomidae,Pupae,1,0.036,0.036,NA,NA,NA,NA,NA,NA,NA,NA,NA,NA,NA   NA   NA   NA,NA   NA   NA   NA
STTD_2015-10-01 09:46:00,10/1/2015 9:46,STTD,2016,A,FALSE,CLD,NA,NA,18.52,0.3,352,402,8.12,7.65,35.9,10,Low,928320,932600,4280,4280,28.1586104,28.1586104,1,High (Not ebbing yet) Used the motor (Stryker),NA,Aquatic Non-Insects,106,Family,Lymnaeidae,Lymnaeidae,NotDetermined,1,0.036,0.036,NA,NA,NA,NA,NA,NA,NA,NA,NA,NA,NA   NA   NA   NA,NA   NA   NA   NA
STTD_2015-10-01 09:46:00,10/1/2015 9:46,STTD,2016,A,FALSE,CLD,NA,NA,18.52,0.3,352,402,8.12,7.65,35.9,10,Low,928320,932600,4280,4280,28.1586104,28.1586104,1,High (Not ebbing yet) Used the motor (Stryker),NA,Aquatic Non-Insects,11,Family,Gammaridae,Gammaridae,NotDetermined,1,0.036,0.036,NA,NA,NA,NA,NA,NA,NA,NA,NA,NA,NA   NA   NA   NA,NA   NA   NA   NA
STTD_2015-10-01 09:46:00,10/1/2015 9:46,STTD,2016,A,FALSE,CLD,NA,NA,18.52,0.3,352,402,8.12,7.65,35.9,10,Low,928320,932600,4280,4280,28.1586104,28.1586104,1,High (Not ebbing yet) Used the motor (Stryker),NA,Aquatic Non-Insects,15,Family,Hyalellidae,Hyalellidae,NotDetermined,1,0.036,0.036,NA,NA,NA,NA,NA,NA,NA,NA,NA,NA,NA   NA   NA   NA,NA   NA   NA   NA
STTD_2015-10-01 09:46:00,10/1/2015 9:46,STTD,2016,A,FALSE,CLD,NA,NA,18.52,0.3,352,402,8.12,7.65,35.9,10,Low,928320,932600,4280,4280,28.1586104,28.1586104,1,High (Not ebbing yet) Used the motor (Stryker),NA,Aquatic Non-Insects,104,Family,Palaemonidae,Palaemonidae,NotDetermined,1,0.036,0.036,NA,NA,NA,NA,NA,NA,NA,NA,NA,NA,NA   NA   NA   NA,NA   NA   NA   NA
STTD_2015-10-01 09:46:00,10/1/2015 9:46,STTD,2016,A,FALSE,CLD,NA,NA,18.52,0.3,352,402,8.12,7.65,35.9,10,Low,928320,932600,4280,4280,28.1586104,28.1586104,1,High (Not ebbing yet) Used the motor (Stryker),NA,Aquatic Non-Insects,119,Family,Limnesiidae,Limnesiidae,NotDetermined,1,0.036,0.036,NA,NA,NA,NA,NA,NA,NA,NA,NA,NA,NA   NA   NA   NA,NA   NA   NA   NA
STTD_2015-10-01 09:46:00,10/1/2015 9:46,STTD,2016,A,FALSE,CLD,NA,NA,18.52,0.3,352,402,8.12,7.65,35.9,10,Low,928320,932600,4280,4280,28.1586104,28.1586104,1,High (Not ebbing yet) Used the motor (Stryker),NA,Aquatic Non-Insects,123,Family,Pionidae,Pionidae,NotDetermined,4,0.142,0.142,NA,NA,NA,NA,NA,NA,NA,NA,NA,NA,NA   NA   NA   NA,NA   NA   NA   NA
STTD_2015-10-01 09:46:00,10/1/2015 9:46,STTD,2016,A,FALSE,CLD,NA,NA,18.52,0.3,352,402,8.12,7.65,35.9,10,Low,928320,932600,4280,4280,28.1586104,28.1586104,1,High (Not ebbing yet) Used the motor (Stryker),NA,Terrestrial Insects,71,Order,Hemiptera,Hemiptera,Larvae,6,0.213,0.213,NA,NA,NA,NA,NA,NA,NA,NA,NA,NA,NA   NA   NA   NA,NA   NA   NA   NA
STTD_2015-10-01 09:46:00,10/1/2015 9:46,STTD,2016,A,FALSE,CLD,NA,NA,18.52,0.3,352,402,8.12,7.65,35.9,10,Low,928320,932600,4280,4280,28.1586104,28.1586104,1,High (Not ebbing yet) Used the motor (Stryker),NA,Terrestrial Insects,63,Order,Coleoptera,Coleoptera,Adults,1,0.036,0.036,NA,NA,NA,NA,NA,NA,NA,NA,NA,NA,NA   NA   NA   NA,NA   NA   NA   NA
STTD_2015-10-01 09:46:00,10/1/2015 9:46,STTD,2016,A,FALSE,CLD,NA,NA,18.52,0.3,352,402,8.12,7.65,35.9,10,Low,928320,932600,4280,4280,28.1586104,28.1586104,1,High (Not ebbing yet) Used the motor (Stryker),NA,Terrestrial Insects,66,Order,Hymenoptera,Hymenoptera,Adults,2,0.071,0.071,NA,NA,NA,NA,NA,NA,NA,NA,NA,NA,NA   NA   NA   NA,NA   NA   NA   NA
STTD_2015-10-01 09:46:00,10/1/2015 9:46,STTD,2016,A,FALSE,CLD,NA,NA,18.52,0.3,352,402,8.12,7.65,35.9,10,Low,928320,932600,4280,4280,28.1586104,28.1586104,1,High (Not ebbing yet) Used the motor (Stryker),NA,Terrestrial Non-Insects,157,Order,Araneae,Araneae,NotDetermined,3,0.107,0.107,NA,NA,NA,NA,NA,NA,NA,NA,NA,NA,NA   NA   NA   NA,NA   NA   NA   NA
SHR_2015-10-12 09:18:00,10/12/2015 9:18,SHR,2016,A,FALSE,CLR,NA,NA,20.04,3,122,135,7.46,8.57,2.4,10,Low,921539,928000,6461,6461,42.5076593,42.5076593,1,NA,NA,Aquatic Insects,56,Family,Leptoceridae,Leptoceridae,Larvae,20,0.471,0.471,NA,NA,NA,NA,NA,NA,NA,NA,NA,NA,NA   NA   NA   NA,NA   NA   NA   NA
SHR_2015-10-12 09:18:00,10/12/2015 9:18,SHR,2016,A,FALSE,CLR,NA,NA,20.04,3,122,135,7.46,8.57,2.4,10,Low,921539,928000,6461,6461,42.5076593,42.5076593,1,NA,NA,Aquatic Insects,46,Family,Coenagrionidae,Coenagrionidae,Larvae,2,0.047,0.047,NA,NA,NA,NA,NA,NA,NA,NA,NA,NA,NA   NA   NA   NA,NA   NA   NA   NA
SHR_2015-10-12 09:18:00,10/12/2015 9:18,SHR,2016,A,FALSE,CLR,NA,NA,20.04,3,122,135,7.46,8.57,2.4,10,Low,921539,928000,6461,6461,42.5076593,42.5076593,1,NA,NA,Aquatic Insects,44,Family,Corixidae,Corixidae,Larvae,1,0.024,0.024,NA,NA,NA,NA,NA,NA,NA,NA,NA,NA,NA   NA   NA   NA,NA   NA   NA   NA
SHR_2015-10-12 09:18:00,10/12/2015 9:18,SHR,2016,A,FALSE,CLR,NA,NA,20.04,3,122,135,7.46,8.57,2.4,10,Low,921539,928000,6461,6461,42.5076593,42.5076593,1,NA,NA,Aquatic Insects,30,Family,Dytiscidae,Dytiscidae,Adults,1,0.024,0.024,NA,NA,NA,NA,NA,NA,NA,NA,NA,NA,NA   NA   NA   NA,NA   NA   NA   NA
SHR_2015-10-12 09:18:00,10/12/2015 9:18,SHR,2016,A,FALSE,CLR,NA,NA,20.04,3,122,135,7.46,8.57,2.4,10,Low,921539,928000,6461,6461,42.5076593,42.5076593,1,NA,NA,Aquatic Insects,34,Family,Chironomidae,Chironomidae,Larvae,19,0.447,0.447,NA,NA,NA,NA,NA,NA,NA,NA,NA,NA,NA   NA   NA   NA,NA   NA   NA   NA
SHR_2015-10-12 09:18:00,10/12/2015 9:18,SHR,2016,A,FALSE,CLR,NA,NA,20.04,3,122,135,7.46,8.57,2.4,10,Low,921539,928000,6461,6461,42.5076593,42.5076593,1,NA,NA,Aquatic Insects,34,Family,Chironomidae,Chironomidae,Pupae,5,0.118,0.118,NA,NA,NA,NA,NA,NA,NA,NA,NA,NA,NA   NA   NA   NA,NA   NA   NA   NA
SHR_2015-10-12 09:18:00,10/12/2015 9:18,SHR,2016,A,FALSE,CLR,NA,NA,20.04,3,122,135,7.46,8.57,2.4,10,Low,921539,928000,6461,6461,42.5076593,42.5076593,1,NA,NA,Aquatic Non-Insects,4,Family,Naididae,Naididae,NotDetermined,3,0.071,0.071,NA,NA,NA,NA,NA,NA,NA,NA,NA,NA,NA   NA   NA   NA,NA   NA   NA   NA
SHR_2015-10-12 09:18:00,10/12/2015 9:18,SHR,2016,A,FALSE,CLR,NA,NA,20.04,3,122,135,7.46,8.57,2.4,10,Low,921539,928000,6461,6461,42.5076593,42.5076593,1,NA,NA,Aquatic Non-Insects,21,Family,Planorbidae,Planorbidae,NotDetermined,1,0.024,0.024,NA,NA,NA,NA,NA,NA,NA,NA,NA,NA,NA   NA   NA   NA,NA   NA   NA   NA
SHR_2015-10-12 09:18:00,10/12/2015 9:18,SHR,2016,A,FALSE,CLR,NA,NA,20.04,3,122,135,7.46,8.57,2.4,10,Low,921539,928000,6461,6461,42.5076593,42.5076593,1,NA,NA,Aquatic Non-Insects,15,Family,Hyalellidae,Hyalellidae,NotDetermined,5,0.118,0.118,NA,NA,NA,NA,NA,NA,NA,NA,NA,NA,NA   NA   NA   NA,NA   NA   NA   NA
SHR_2015-10-12 09:18:00,10/12/2015 9:18,SHR,2016,A,FALSE,CLR,NA,NA,20.04,3,122,135,7.46,8.57,2.4,10,Low,921539,928000,6461,6461,42.5076593,42.5076593,1,NA,NA,Aquatic Non-Insects,123,Family,Pionidae,Pionidae,NotDetermined,1,0.024,0.024,NA,NA,NA,NA,NA,NA,NA,NA,NA,NA,NA   NA   NA   NA,NA   NA   NA   NA
SHR_2015-10-12 09:18:00,10/12/2015 9:18,SHR,2016,A,FALSE,CLR,NA,NA,20.04,3,122,135,7.46,8.57,2.4,10,Low,921539,928000,6461,6461,42.5076593,42.5076593,1,NA,NA,Aquatic Non-Insects,152,Class,Turbellaria,Other Turbellaria,NotDetermined,2,0.047,0.047,NA,NA,NA,NA,NA,NA,NA,NA,NA,NA,NA   NA   NA   NA,NA   NA   NA   NA
SHR_2015-10-12 09:18:00,10/12/2015 9:18,SHR,2016,A,FALSE,CLR,NA,NA,20.04,3,122,135,7.46,8.57,2.4,10,Low,921539,928000,6461,6461,42.5076593,42.5076593,1,NA,NA,Terrestrial Insects,71,Order,Hemiptera,Hemiptera,Larvae,19,0.447,0.447,NA,NA,NA,NA,NA,NA,NA,NA,NA,NA,NA   NA   NA   NA,NA   NA   NA   NA
SHR_2015-10-12 09:18:00,10/12/2015 9:18,SHR,2016,A,FALSE,CLR,NA,NA,20.04,3,122,135,7.46,8.57,2.4,10,Low,921539,928000,6461,6461,42.5076593,42.5076593,1,NA,NA,Terrestrial Insects,63,Order,Coleoptera,Coleoptera,Adults,1,0.024,0.024,NA,NA,NA,NA,NA,NA,NA,NA,NA,NA,NA   NA   NA   NA,NA   NA   NA   NA
SHR_2015-10-12 09:18:00,10/12/2015 9:18,SHR,2016,A,FALSE,CLR,NA,NA,20.04,3,122,135,7.46,8.57,2.4,10,Low,921539,928000,6461,6461,42.5076593,42.5076593,1,NA,NA,Terrestrial Insects,64,Order,Diptera,Diptera,Adults,38,0.894,0.894,NA,NA,NA,NA,NA,NA,NA,NA,NA,NA,NA   NA   NA   NA,NA   NA   NA   NA
SHR_2015-10-12 09:18:00,10/12/2015 9:18,SHR,2016,A,FALSE,CLR,NA,NA,20.04,3,122,135,7.46,8.57,2.4,10,Low,921539,928000,6461,6461,42.5076593,42.5076593,1,NA,NA,Terrestrial Insects,66,Order,Hymenoptera,Hymenoptera,Adults,10,0.235,0.235,NA,NA,NA,NA,NA,NA,NA,NA,NA,NA,NA   NA   NA   NA,NA   NA   NA   NA
SHR_2015-10-12 09:18:00,10/12/2015 9:18,SHR,2016,A,FALSE,CLR,NA,NA,20.04,3,122,135,7.46,8.57,2.4,10,Low,921539,928000,6461,6461,42.5076593,42.5076593,1,NA,NA,Terrestrial Insects,67,Order,Psocoptera,Psocoptera,Adults,1,0.024,0.024,NA,NA,NA,NA,NA,NA,NA,NA,NA,NA,NA   NA   NA   NA,NA   NA   NA   NA
SHR_2015-10-12 09:18:00,10/12/2015 9:18,SHR,2016,A,FALSE,CLR,NA,NA,20.04,3,122,135,7.46,8.57,2.4,10,Low,921539,928000,6461,6461,42.5076593,42.5076593,1,NA,NA,Terrestrial Non-Insects,157,Order,Araneae,Araneae,NotDetermined,3,0.071,0.071,NA,NA,NA,NA,NA,NA,NA,NA,NA,NA,NA   NA   NA   NA,NA   NA   NA   NA
SHR_2015-10-12 09:18:00,10/12/2015 9:18,SHR,2016,A,FALSE,CLR,NA,NA,20.04,3,122,135,7.46,8.57,2.4,10,Low,921539,928000,6461,6461,42.5076593,42.5076593,1,NA,NA,Terrestrial Non-Insects,173,Order,Hygrophila,Hygrophila,NotDetermined,1,0.024,0.024,NA,NA,NA,NA,NA,NA,NA,NA,NA,NA,NA   NA   NA   NA,NA   NA   NA   NA
STTD_2015-10-13 09:41:00,10/13/2015 9:41,STTD,2016,A,FALSE,CLR,NA,NA,18.53,0.3,273,312,7.8,9.65,23.6,10,Low,918049,921000,2951,2951,19.41496712,19.41496712,1,NA,NA,Aquatic Insects,56,Family,Leptoceridae,Leptoceridae,Larvae,1,0.052,0.052,NA,NA,NA,NA,NA,NA,NA,NA,NA,NA,NA   NA   NA   NA,NA   NA   NA   NA
STTD_2015-10-13 09:41:00,10/13/2015 9:41,STTD,2016,A,FALSE,CLR,NA,NA,18.53,0.3,273,312,7.8,9.65,23.6,10,Low,918049,921000,2951,2951,19.41496712,19.41496712,1,NA,NA,Aquatic Insects,44,Family,Corixidae,Corixidae,Larvae,1,0.052,0.052,NA,NA,NA,NA,NA,NA,NA,NA,NA,NA,NA   NA   NA   NA,NA   NA   NA   NA
STTD_2015-10-13 09:41:00,10/13/2015 9:41,STTD,2016,A,FALSE,CLR,NA,NA,18.53,0.3,273,312,7.8,9.65,23.6,10,Low,918049,921000,2951,2951,19.41496712,19.41496712,1,NA,NA,Aquatic Insects,34,Family,Chironomidae,Chironomidae,Pupae,1,0.052,0.052,NA,NA,NA,NA,NA,NA,NA,NA,NA,NA,NA   NA   NA   NA,NA   NA   NA   NA
STTD_2015-10-13 09:41:00,10/13/2015 9:41,STTD,2016,A,FALSE,CLR,NA,NA,18.53,0.3,273,312,7.8,9.65,23.6,10,Low,918049,921000,2951,2951,19.41496712,19.41496712,1,NA,NA,Aquatic Non-Insects,130,Phylum,Nematoda,Nematoda,NotDetermined,1,0.052,0.052,NA,NA,NA,NA,NA,NA,NA,NA,NA,NA,NA   NA   NA   NA,NA   NA   NA   NA
STTD_2015-10-13 09:41:00,10/13/2015 9:41,STTD,2016,A,FALSE,CLR,NA,NA,18.53,0.3,273,312,7.8,9.65,23.6,10,Low,918049,921000,2951,2951,19.41496712,19.41496712,1,NA,NA,Terrestrial Insects,71,Order,Hemiptera,Hemiptera,Larvae,1,0.052,0.052,NA,NA,NA,NA,NA,NA,NA,NA,NA,NA,NA   NA   NA   NA,NA   NA   NA   NA
STTD_2015-10-13 09:41:00,10/13/2015 9:41,STTD,2016,A,FALSE,CLR,NA,NA,18.53,0.3,273,312,7.8,9.65,23.6,10,Low,918049,921000,2951,2951,19.41496712,19.41496712,1,NA,NA,Aquatic Non-Insects,172,Family,Murchisonellidae,Murchisonellidae,NotDetermined,1,0.052,0.052,NA,NA,NA,NA,NA,NA,NA,NA,NA,NA,NA   NA   NA   NA,NA   NA   NA   NA
SHR_2015-10-26 09:04:00,10/26/2015 9:04,SHR,2016,A,FALSE,CLR,NA,NA,17.26,3,120,140,7.71,9.24,2.6,10,Low,914128,918000,3872,3872,25.47433165,25.47433165,1,NA,NA,Aquatic Insects,43,Family,Heptageniidae,Heptageniidae,Larvae,1,0.039,0.039,NA,NA,NA,NA,NA,NA,NA,NA,NA,NA,NA   NA   NA   NA,NA   NA   NA   NA
SHR_2015-10-26 09:04:00,10/26/2015 9:04,SHR,2016,A,FALSE,CLR,NA,NA,17.26,3,120,140,7.71,9.24,2.6,10,Low,914128,918000,3872,3872,25.47433165,25.47433165,1,NA,NA,Aquatic Insects,88,Family,Hydroptilidae,Hydroptilidae,Adults,1,0.039,0.039,NA,NA,NA,NA,NA,NA,NA,NA,NA,NA,NA   NA   NA   NA,NA   NA   NA   NA
SHR_2015-10-26 09:04:00,10/26/2015 9:04,SHR,2016,A,FALSE,CLR,NA,NA,17.26,3,120,140,7.71,9.24,2.6,10,Low,914128,918000,3872,3872,25.47433165,25.47433165,1,NA,NA,Aquatic Insects,56,Family,Leptoceridae,Leptoceridae,Larvae,14,0.55,0.55,NA,NA,NA,NA,NA,NA,NA,NA,NA,NA,NA   NA   NA   NA,NA   NA   NA   NA
SHR_2015-10-26 09:04:00,10/26/2015 9:04,SHR,2016,A,FALSE,CLR,NA,NA,17.26,3,120,140,7.71,9.24,2.6,10,Low,914128,918000,3872,3872,25.47433165,25.47433165,1,NA,NA,Aquatic Insects,46,Family,Coenagrionidae,Coenagrionidae,Larvae,1,0.039,0.039,NA,NA,NA,NA,NA,NA,NA,NA,NA,NA,NA   NA   NA   NA,NA   NA   NA   NA
SHR_2015-10-26 09:04:00,10/26/2015 9:04,SHR,2016,A,FALSE,CLR,NA,NA,17.26,3,120,140,7.71,9.24,2.6,10,Low,914128,918000,3872,3872,25.47433165,25.47433165,1,NA,NA,Aquatic Insects,30,Family,Dytiscidae,Dytiscidae,Adults,4,0.157,0.157,NA,NA,NA,NA,NA,NA,NA,NA,NA,NA,NA   NA   NA   NA,NA   NA   NA   NA
SHR_2015-10-26 09:04:00,10/26/2015 9:04,SHR,2016,A,FALSE,CLR,NA,NA,17.26,3,120,140,7.71,9.24,2.6,10,Low,914128,918000,3872,3872,25.47433165,25.47433165,1,NA,NA,Aquatic Insects,34,Family,Chironomidae,Chironomidae,Larvae,53,2.081,2.081,NA,NA,NA,NA,NA,NA,NA,NA,NA,NA,NA   NA   NA   NA,NA   NA   NA   NA
SHR_2015-10-26 09:04:00,10/26/2015 9:04,SHR,2016,A,FALSE,CLR,NA,NA,17.26,3,120,140,7.71,9.24,2.6,10,Low,914128,918000,3872,3872,25.47433165,25.47433165,1,NA,NA,Aquatic Insects,34,Family,Chironomidae,Chironomidae,Pupae,2,0.079,0.079,NA,NA,NA,NA,NA,NA,NA,NA,NA,NA,NA   NA   NA   NA,NA   NA   NA   NA
SHR_2015-10-26 09:04:00,10/26/2015 9:04,SHR,2016,A,FALSE,CLR,NA,NA,17.26,3,120,140,7.71,9.24,2.6,10,Low,914128,918000,3872,3872,25.47433165,25.47433165,1,NA,NA,Aquatic Insects,34,Family,Chironomidae,Chironomidae,Adults,14,0.55,0.55,NA,NA,NA,NA,NA,NA,NA,NA,NA,NA,NA   NA   NA   NA,NA   NA   NA   NA
SHR_2015-10-26 09:04:00,10/26/2015 9:04,SHR,2016,A,FALSE,CLR,NA,NA,17.26,3,120,140,7.71,9.24,2.6,10,Low,914128,918000,3872,3872,25.47433165,25.47433165,1,NA,NA,Aquatic Insects,32,Family,Ceratopogonidae,Ceratopogonidae,Pupae,1,0.039,0.039,NA,NA,NA,NA,NA,NA,NA,NA,NA,NA,NA   NA   NA   NA,NA   NA   NA   NA
SHR_2015-10-26 09:04:00,10/26/2015 9:04,SHR,2016,A,FALSE,CLR,NA,NA,17.26,3,120,140,7.71,9.24,2.6,10,Low,914128,918000,3872,3872,25.47433165,25.47433165,1,NA,NA,Aquatic Non-Insects,4,Family,Naididae,Naididae,NotDetermined,6,0.236,0.236,NA,NA,NA,NA,NA,NA,NA,NA,NA,NA,NA   NA   NA   NA,NA   NA   NA   NA
SHR_2015-10-26 09:04:00,10/26/2015 9:04,SHR,2016,A,FALSE,CLR,NA,NA,17.26,3,120,140,7.71,9.24,2.6,10,Low,914128,918000,3872,3872,25.47433165,25.47433165,1,NA,NA,Aquatic Non-Insects,106,Family,Lymnaeidae,Lymnaeidae,NotDetermined,2,0.079,0.079,NA,NA,NA,NA,NA,NA,NA,NA,NA,NA,NA   NA   NA   NA,NA   NA   NA   NA
SHR_2015-10-26 09:04:00,10/26/2015 9:04,SHR,2016,A,FALSE,CLR,NA,NA,17.26,3,120,140,7.71,9.24,2.6,10,Low,914128,918000,3872,3872,25.47433165,25.47433165,1,NA,NA,Aquatic Non-Insects,21,Family,Planorbidae,Planorbidae,NotDetermined,1,0.039,0.039,NA,NA,NA,NA,NA,NA,NA,NA,NA,NA,NA   NA   NA   NA,NA   NA   NA   NA
SHR_2015-10-26 09:04:00,10/26/2015 9:04,SHR,2016,A,FALSE,CLR,NA,NA,17.26,3,120,140,7.71,9.24,2.6,10,Low,914128,918000,3872,3872,25.47433165,25.47433165,1,NA,NA,Aquatic Non-Insects,10,Family,Crangonyctidae,Crangonyctidae,NotDetermined,1,0.039,0.039,NA,NA,NA,NA,NA,NA,NA,NA,NA,NA,NA   NA   NA   NA,NA   NA   NA   NA
SHR_2015-10-26 09:04:00,10/26/2015 9:04,SHR,2016,A,FALSE,CLR,NA,NA,17.26,3,120,140,7.71,9.24,2.6,10,Low,914128,918000,3872,3872,25.47433165,25.47433165,1,NA,NA,Aquatic Non-Insects,15,Family,Hyalellidae,Hyalellidae,NotDetermined,9,0.353,0.353,NA,NA,NA,NA,NA,NA,NA,NA,NA,NA,NA   NA   NA   NA,NA   NA   NA   NA
SHR_2015-10-26 09:04:00,10/26/2015 9:04,SHR,2016,A,FALSE,CLR,NA,NA,17.26,3,120,140,7.71,9.24,2.6,10,Low,914128,918000,3872,3872,25.47433165,25.47433165,1,NA,NA,Aquatic Non-Insects,152,Class,Turbellaria,Other Turbellaria,NotDetermined,4,0.157,0.157,NA,NA,NA,NA,NA,NA,NA,NA,NA,NA,NA   NA   NA   NA,NA   NA   NA   NA
SHR_2015-10-26 09:04:00,10/26/2015 9:04,SHR,2016,A,FALSE,CLR,NA,NA,17.26,3,120,140,7.71,9.24,2.6,10,Low,914128,918000,3872,3872,25.47433165,25.47433165,1,NA,NA,Terrestrial Insects,71,Order,Hemiptera,Hemiptera,Larvae,8,0.314,0.314,NA,NA,NA,NA,NA,NA,NA,NA,NA,NA,NA   NA   NA   NA,NA   NA   NA   NA
SHR_2015-10-26 09:04:00,10/26/2015 9:04,SHR,2016,A,FALSE,CLR,NA,NA,17.26,3,120,140,7.71,9.24,2.6,10,Low,914128,918000,3872,3872,25.47433165,25.47433165,1,NA,NA,Terrestrial Insects,63,Order,Coleoptera,Coleoptera,Adults,1,0.039,0.039,NA,NA,NA,NA,NA,NA,NA,NA,NA,NA,NA   NA   NA   NA,NA   NA   NA   NA
SHR_2015-10-26 09:04:00,10/26/2015 9:04,SHR,2016,A,FALSE,CLR,NA,NA,17.26,3,120,140,7.71,9.24,2.6,10,Low,914128,918000,3872,3872,25.47433165,25.47433165,1,NA,NA,Terrestrial Insects,73,Order,Lepidoptera,Lepidoptera,Larvae,1,0.039,0.039,NA,NA,NA,NA,NA,NA,NA,NA,NA,NA,NA   NA   NA   NA,NA   NA   NA   NA
SHR_2015-10-26 09:04:00,10/26/2015 9:04,SHR,2016,A,FALSE,CLR,NA,NA,17.26,3,120,140,7.71,9.24,2.6,10,Low,914128,918000,3872,3872,25.47433165,25.47433165,1,NA,NA,Terrestrial Non-Insects,68,Order,Collembola,Collembola,NotDetermined,1,0.039,0.039,NA,NA,NA,NA,NA,NA,NA,NA,NA,NA,NA   NA   NA   NA,NA   NA   NA   NA
SHR_2015-10-26 09:04:00,10/26/2015 9:04,SHR,2016,A,FALSE,CLR,NA,NA,17.26,3,120,140,7.71,9.24,2.6,10,Low,914128,918000,3872,3872,25.47433165,25.47433165,1,NA,NA,Terrestrial Insects,66,Order,Hymenoptera,Hymenoptera,Adults,2,0.079,0.079,NA,NA,NA,NA,NA,NA,NA,NA,NA,NA,NA   NA   NA   NA,NA   NA   NA   NA
SHR_2015-10-26 09:04:00,10/26/2015 9:04,SHR,2016,A,FALSE,CLR,NA,NA,17.26,3,120,140,7.71,9.24,2.6,10,Low,914128,918000,3872,3872,25.47433165,25.47433165,1,NA,NA,Terrestrial Insects,85,Order,Thysanoptera,Thysanoptera,Adults,1,0.039,0.039,NA,NA,NA,NA,NA,NA,NA,NA,NA,NA,NA   NA   NA   NA,NA   NA   NA   NA
SHR_2015-10-26 09:04:00,10/26/2015 9:04,SHR,2016,A,FALSE,CLR,NA,NA,17.26,3,120,140,7.71,9.24,2.6,10,Low,914128,918000,3872,3872,25.47433165,25.47433165,1,NA,NA,Terrestrial Non-Insects,157,Order,Araneae,Araneae,NotDetermined,5,0.196,0.196,NA,NA,NA,NA,NA,NA,NA,NA,NA,NA,NA   NA   NA   NA,NA   NA   NA   NA
STTD_2015-10-27 10:00:00,10/27/2015 10:00,STTD,2016,A,FALSE,CLD,NA,NA,18.76,0.39,241,274,7.84,7.62,38.7,10,Low,910633,914000,3367,3367,22.15187879,22.15187879,1,NA,NA,Aquatic Insects,46,Family,Coenagrionidae,Coenagrionidae,Larvae,1,0.045,0.045,NA,NA,NA,NA,NA,NA,NA,NA,NA,NA,NA   NA   NA   NA,NA   NA   NA   NA
STTD_2015-10-27 10:00:00,10/27/2015 10:00,STTD,2016,A,FALSE,CLD,NA,NA,18.76,0.39,241,274,7.84,7.62,38.7,10,Low,910633,914000,3367,3367,22.15187879,22.15187879,1,NA,NA,Aquatic Insects,34,Family,Chironomidae,Chironomidae,Larvae,1,0.045,0.045,NA,NA,NA,NA,NA,NA,NA,NA,NA,NA,NA   NA   NA   NA,NA   NA   NA   NA
STTD_2015-10-27 10:00:00,10/27/2015 10:00,STTD,2016,A,FALSE,CLD,NA,NA,18.76,0.39,241,274,7.84,7.62,38.7,10,Low,910633,914000,3367,3367,22.15187879,22.15187879,1,NA,NA,Aquatic Insects,34,Family,Chironomidae,Chironomidae,Pupae,1,0.045,0.045,NA,NA,NA,NA,NA,NA,NA,NA,NA,NA,NA   NA   NA   NA,NA   NA   NA   NA
STTD_2015-10-27 10:00:00,10/27/2015 10:00,STTD,2016,A,FALSE,CLD,NA,NA,18.76,0.39,241,274,7.84,7.62,38.7,10,Low,910633,914000,3367,3367,22.15187879,22.15187879,1,NA,NA,Aquatic Insects,34,Family,Chironomidae,Chironomidae,Adults,4,0.181,0.181,NA,NA,NA,NA,NA,NA,NA,NA,NA,NA,NA   NA   NA   NA,NA   NA   NA   NA
STTD_2015-10-27 10:00:00,10/27/2015 10:00,STTD,2016,A,FALSE,CLD,NA,NA,18.76,0.39,241,274,7.84,7.62,38.7,10,Low,910633,914000,3367,3367,22.15187879,22.15187879,1,NA,NA,Aquatic Insects,36,Family,Ephydridae,Ephydridae,Adults,1,0.045,0.045,NA,NA,NA,NA,NA,NA,NA,NA,NA,NA,NA   NA   NA   NA,NA   NA   NA   NA
STTD_2015-10-27 10:00:00,10/27/2015 10:00,STTD,2016,A,FALSE,CLD,NA,NA,18.76,0.39,241,274,7.84,7.62,38.7,10,Low,910633,914000,3367,3367,22.15187879,22.15187879,1,NA,NA,Aquatic Non-Insects,172,Family,Murchisonellidae,Murchisonellidae,NotDetermined,2,0.09,0.09,NA,NA,NA,NA,NA,NA,NA,NA,NA,NA,NA   NA   NA   NA,NA   NA   NA   NA
STTD_2015-10-27 10:00:00,10/27/2015 10:00,STTD,2016,A,FALSE,CLD,NA,NA,18.76,0.39,241,274,7.84,7.62,38.7,10,Low,910633,914000,3367,3367,22.15187879,22.15187879,1,NA,NA,Aquatic Non-Insects,11,Family,Gammaridae,Gammaridae,NotDetermined,2,0.09,0.09,NA,NA,NA,NA,NA,NA,NA,NA,NA,NA,NA   NA   NA   NA,NA   NA   NA   NA
STTD_2015-10-27 10:00:00,10/27/2015 10:00,STTD,2016,A,FALSE,CLD,NA,NA,18.76,0.39,241,274,7.84,7.62,38.7,10,Low,910633,914000,3367,3367,22.15187879,22.15187879,1,NA,NA,Aquatic Non-Insects,123,Family,Pionidae,Pionidae,NotDetermined,1,0.045,0.045,NA,NA,NA,NA,NA,NA,NA,NA,NA,NA,NA   NA   NA   NA,NA   NA   NA   NA
STTD_2015-10-27 10:00:00,10/27/2015 10:00,STTD,2016,A,FALSE,CLD,NA,NA,18.76,0.39,241,274,7.84,7.62,38.7,10,Low,910633,914000,3367,3367,22.15187879,22.15187879,1,NA,NA,Aquatic Non-Insects,18,Family,Hydridae,Hydridae,NotDetermined,1,0.045,0.045,NA,NA,NA,NA,NA,NA,NA,NA,NA,NA,NA   NA   NA   NA,NA   NA   NA   NA
STTD_2015-10-27 10:00:00,10/27/2015 10:00,STTD,2016,A,FALSE,CLD,NA,NA,18.76,0.39,241,274,7.84,7.62,38.7,10,Low,910633,914000,3367,3367,22.15187879,22.15187879,1,NA,NA,Terrestrial Insects,71,Order,Hemiptera,Hemiptera,Larvae,10,0.451,0.451,NA,NA,NA,NA,NA,NA,NA,NA,NA,NA,NA   NA   NA   NA,NA   NA   NA   NA
STTD_2015-10-27 10:00:00,10/27/2015 10:00,STTD,2016,A,FALSE,CLD,NA,NA,18.76,0.39,241,274,7.84,7.62,38.7,10,Low,910633,914000,3367,3367,22.15187879,22.15187879,1,NA,NA,Terrestrial Insects,63,Order,Coleoptera,Coleoptera,Larvae,1,0.045,0.045,NA,NA,NA,NA,NA,NA,NA,NA,NA,NA,NA   NA   NA   NA,NA   NA   NA   NA
STTD_2015-10-27 10:00:00,10/27/2015 10:00,STTD,2016,A,FALSE,CLD,NA,NA,18.76,0.39,241,274,7.84,7.62,38.7,10,Low,910633,914000,3367,3367,22.15187879,22.15187879,1,NA,NA,Terrestrial Insects,63,Order,Coleoptera,Coleoptera,Adults,2,0.09,0.09,NA,NA,NA,NA,NA,NA,NA,NA,NA,NA,NA   NA   NA   NA,NA   NA   NA   NA
STTD_2015-10-27 10:00:00,10/27/2015 10:00,STTD,2016,A,FALSE,CLD,NA,NA,18.76,0.39,241,274,7.84,7.62,38.7,10,Low,910633,914000,3367,3367,22.15187879,22.15187879,1,NA,NA,Terrestrial Non-Insects,68,Order,Collembola,Collembola,NotDetermined,1,0.045,0.045,NA,NA,NA,NA,NA,NA,NA,NA,NA,NA,NA   NA   NA   NA,NA   NA   NA   NA
SHR_2015-11-09 08:27:00,11/9/2015 8:27,SHR,2016,A,FALSE,CLD,NA,NA,13.02,3,111,144,7.54,10.02,1.4,10,Low,903327,910000,6673,6673,43.90243159,43.90243159,1,NA,NA,Aquatic Insects,56,Family,Leptoceridae,Leptoceridae,Larvae,1,0.023,0.023,NA,NA,NA,NA,NA,NA,NA,NA,NA,NA,NA   NA   NA   NA,NA   NA   NA   NA
SHR_2015-11-09 08:27:00,11/9/2015 8:27,SHR,2016,A,FALSE,CLD,NA,NA,13.02,3,111,144,7.54,10.02,1.4,10,Low,903327,910000,6673,6673,43.90243159,43.90243159,1,NA,NA,Aquatic Insects,34,Family,Chironomidae,Chironomidae,Larvae,3,0.068,0.068,NA,NA,NA,NA,NA,NA,NA,NA,NA,NA,NA   NA   NA   NA,NA   NA   NA   NA
SHR_2015-11-09 08:27:00,11/9/2015 8:27,SHR,2016,A,FALSE,CLD,NA,NA,13.02,3,111,144,7.54,10.02,1.4,10,Low,903327,910000,6673,6673,43.90243159,43.90243159,1,NA,NA,Aquatic Insects,34,Family,Chironomidae,Chironomidae,Pupae,2,0.046,0.046,NA,NA,NA,NA,NA,NA,NA,NA,NA,NA,NA   NA   NA   NA,NA   NA   NA   NA
SHR_2015-11-09 08:27:00,11/9/2015 8:27,SHR,2016,A,FALSE,CLD,NA,NA,13.02,3,111,144,7.54,10.02,1.4,10,Low,903327,910000,6673,6673,43.90243159,43.90243159,1,NA,NA,Aquatic Insects,34,Family,Chironomidae,Chironomidae,Adults,26,0.592,0.592,NA,NA,NA,NA,NA,NA,NA,NA,NA,NA,NA   NA   NA   NA,NA   NA   NA   NA
SHR_2015-11-09 08:27:00,11/9/2015 8:27,SHR,2016,A,FALSE,CLD,NA,NA,13.02,3,111,144,7.54,10.02,1.4,10,Low,903327,910000,6673,6673,43.90243159,43.90243159,1,NA,NA,Aquatic Insects,36,Family,Ephydridae,Ephydridae,Larvae,1,0.023,0.023,NA,NA,NA,NA,NA,NA,NA,NA,NA,NA,NA   NA   NA   NA,NA   NA   NA   NA
SHR_2015-11-09 08:27:00,11/9/2015 8:27,SHR,2016,A,FALSE,CLD,NA,NA,13.02,3,111,144,7.54,10.02,1.4,10,Low,903327,910000,6673,6673,43.90243159,43.90243159,1,NA,NA,Aquatic Insects,36,Family,Ephydridae,Ephydridae,Adults,1,0.023,0.023,NA,NA,NA,NA,NA,NA,NA,NA,NA,NA,NA   NA   NA   NA,NA   NA   NA   NA
SHR_2015-11-09 08:27:00,11/9/2015 8:27,SHR,2016,A,FALSE,CLD,NA,NA,13.02,3,111,144,7.54,10.02,1.4,10,Low,903327,910000,6673,6673,43.90243159,43.90243159,1,NA,NA,Aquatic Insects,37,Family,Psychodidae,Psychodidae,Adults,1,0.023,0.023,NA,NA,NA,NA,NA,NA,NA,NA,NA,NA,NA   NA   NA   NA,NA   NA   NA   NA
SHR_2015-11-09 08:27:00,11/9/2015 8:27,SHR,2016,A,FALSE,CLD,NA,NA,13.02,3,111,144,7.54,10.02,1.4,10,Low,903327,910000,6673,6673,43.90243159,43.90243159,1,NA,NA,Aquatic Non-Insects,4,Family,Naididae,Naididae,NotDetermined,1,0.023,0.023,NA,NA,NA,NA,NA,NA,NA,NA,NA,NA,NA   NA   NA   NA,NA   NA   NA   NA
SHR_2015-11-09 08:27:00,11/9/2015 8:27,SHR,2016,A,FALSE,CLD,NA,NA,13.02,3,111,144,7.54,10.02,1.4,10,Low,903327,910000,6673,6673,43.90243159,43.90243159,1,NA,NA,Aquatic Non-Insects,22,Family,Ancylidae,Ancylidae,NotDetermined,2,0.046,0.046,NA,NA,NA,NA,NA,NA,NA,NA,NA,NA,NA   NA   NA   NA,NA   NA   NA   NA
SHR_2015-11-09 08:27:00,11/9/2015 8:27,SHR,2016,A,FALSE,CLD,NA,NA,13.02,3,111,144,7.54,10.02,1.4,10,Low,903327,910000,6673,6673,43.90243159,43.90243159,1,NA,NA,Aquatic Non-Insects,127,Family,Hydrobiidae,Hydrobiidae,NotDetermined,1,0.023,0.023,NA,NA,NA,NA,NA,NA,NA,NA,NA,NA,NA   NA   NA   NA,NA   NA   NA   NA
SHR_2015-11-09 08:27:00,11/9/2015 8:27,SHR,2016,A,FALSE,CLD,NA,NA,13.02,3,111,144,7.54,10.02,1.4,10,Low,903327,910000,6673,6673,43.90243159,43.90243159,1,NA,NA,Aquatic Non-Insects,20,Family,Physidae,Physidae,NotDetermined,2,0.046,0.046,NA,NA,NA,NA,NA,NA,NA,NA,NA,NA,NA   NA   NA   NA,NA   NA   NA   NA
SHR_2015-11-09 08:27:00,11/9/2015 8:27,SHR,2016,A,FALSE,CLD,NA,NA,13.02,3,111,144,7.54,10.02,1.4,10,Low,903327,910000,6673,6673,43.90243159,43.90243159,1,NA,NA,Aquatic Non-Insects,21,Family,Planorbidae,Planorbidae,NotDetermined,4,0.091,0.091,NA,NA,NA,NA,NA,NA,NA,NA,NA,NA,NA   NA   NA   NA,NA   NA   NA   NA
SHR_2015-11-09 08:27:00,11/9/2015 8:27,SHR,2016,A,FALSE,CLD,NA,NA,13.02,3,111,144,7.54,10.02,1.4,10,Low,903327,910000,6673,6673,43.90243159,43.90243159,1,NA,NA,Aquatic Non-Insects,15,Family,Hyalellidae,Hyalellidae,NotDetermined,1,0.023,0.023,NA,NA,NA,NA,NA,NA,NA,NA,NA,NA,NA   NA   NA   NA,NA   NA   NA   NA
SHR_2015-11-09 08:27:00,11/9/2015 8:27,SHR,2016,A,FALSE,CLD,NA,NA,13.02,3,111,144,7.54,10.02,1.4,10,Low,903327,910000,6673,6673,43.90243159,43.90243159,1,NA,NA,Aquatic Non-Insects,28,Family,Lebertiidae,Lebertiidae,NotDetermined,1,0.023,0.023,NA,NA,NA,NA,NA,NA,NA,NA,NA,NA,NA   NA   NA   NA,NA   NA   NA   NA
SHR_2015-11-09 08:27:00,11/9/2015 8:27,SHR,2016,A,FALSE,CLD,NA,NA,13.02,3,111,144,7.54,10.02,1.4,10,Low,903327,910000,6673,6673,43.90243159,43.90243159,1,NA,NA,Aquatic Non-Insects,120,Family,Lebertiidae,Lebertiidae,NotDetermined,1,0.023,0.023,NA,NA,NA,NA,NA,NA,NA,NA,NA,NA,NA   NA   NA   NA,NA   NA   NA   NA
SHR_2015-11-09 08:27:00,11/9/2015 8:27,SHR,2016,A,FALSE,CLD,NA,NA,13.02,3,111,144,7.54,10.02,1.4,10,Low,903327,910000,6673,6673,43.90243159,43.90243159,1,NA,NA,Terrestrial Insects,71,Order,Hemiptera,Hemiptera,Larvae,8,0.182,0.182,NA,NA,NA,NA,NA,NA,NA,NA,NA,NA,NA   NA   NA   NA,NA   NA   NA   NA
SHR_2015-11-09 08:27:00,11/9/2015 8:27,SHR,2016,A,FALSE,CLD,NA,NA,13.02,3,111,144,7.54,10.02,1.4,10,Low,903327,910000,6673,6673,43.90243159,43.90243159,1,NA,NA,Terrestrial Insects,63,Order,Coleoptera,Coleoptera,Larvae,1,0.023,0.023,NA,NA,NA,NA,NA,NA,NA,NA,NA,NA,NA   NA   NA   NA,NA   NA   NA   NA
SHR_2015-11-09 08:27:00,11/9/2015 8:27,SHR,2016,A,FALSE,CLD,NA,NA,13.02,3,111,144,7.54,10.02,1.4,10,Low,903327,910000,6673,6673,43.90243159,43.90243159,1,NA,NA,Terrestrial Insects,63,Order,Coleoptera,Coleoptera,Adults,1,0.023,0.023,NA,NA,NA,NA,NA,NA,NA,NA,NA,NA,NA   NA   NA   NA,NA   NA   NA   NA
SHR_2015-11-09 08:27:00,11/9/2015 8:27,SHR,2016,A,FALSE,CLD,NA,NA,13.02,3,111,144,7.54,10.02,1.4,10,Low,903327,910000,6673,6673,43.90243159,43.90243159,1,NA,NA,Terrestrial Insects,64,Order,Diptera,Diptera,Adults,1,0.023,0.023,NA,NA,NA,NA,NA,NA,NA,NA,NA,NA,NA   NA   NA   NA,NA   NA   NA   NA
SHR_2015-11-09 08:27:00,11/9/2015 8:27,SHR,2016,A,FALSE,CLD,NA,NA,13.02,3,111,144,7.54,10.02,1.4,10,Low,903327,910000,6673,6673,43.90243159,43.90243159,1,NA,NA,Terrestrial Non-Insects,68,Order,Collembola,Collembola,NotDetermined,1,0.023,0.023,NA,NA,NA,NA,NA,NA,NA,NA,NA,NA,NA   NA   NA   NA,NA   NA   NA   NA
SHR_2015-11-09 08:27:00,11/9/2015 8:27,SHR,2016,A,FALSE,CLD,NA,NA,13.02,3,111,144,7.54,10.02,1.4,10,Low,903327,910000,6673,6673,43.90243159,43.90243159,1,NA,NA,Terrestrial Non-Insects,57,Subclass,Acari,Acari,NotDetermined,1,0.023,0.023,NA,NA,NA,NA,NA,NA,NA,NA,NA,NA,NA   NA   NA   NA,NA   NA   NA   NA
STTD_2015-11-10 08:41:00,11/10/2015 8:41,STTD,2016,A,FALSE,CLR,NA,NA,12.68,0.55,193,258,7.78,9.67,19.5,10,Low,899843,903000,3157,3157,20.77026473,20.77026473,1,NA,NA,Aquatic Insects,34,Family,Chironomidae,Chironomidae,Adults,1,0.048,0.048,NA,NA,NA,NA,NA,NA,NA,NA,NA,NA,NA   NA   NA   NA,NA   NA   NA   NA
STTD_2015-11-10 08:41:00,11/10/2015 8:41,STTD,2016,A,FALSE,CLR,NA,NA,12.68,0.55,193,258,7.78,9.67,19.5,10,Low,899843,903000,3157,3157,20.77026473,20.77026473,1,NA,NA,Terrestrial Insects,71,Order,Hemiptera,Hemiptera,Larvae,3,0.144,0.144,NA,NA,NA,NA,NA,NA,NA,NA,NA,NA,NA   NA   NA   NA,NA   NA   NA   NA
STTD_2015-11-10 08:41:00,11/10/2015 8:41,STTD,2016,A,FALSE,CLR,NA,NA,12.68,0.55,193,258,7.78,9.67,19.5,10,Low,899843,903000,3157,3157,20.77026473,20.77026473,1,NA,NA,Terrestrial Insects,63,Order,Coleoptera,Coleoptera,Adults,1,0.048,0.048,NA,NA,NA,NA,NA,NA,NA,NA,NA,NA,NA   NA   NA   NA,NA   NA   NA   NA
SHR_2015-11-23 08:44:00,11/23/2015 8:44,SHR,2016,A,FALSE,CLD,NA,NA,12.54,3,118,155,7.28,10.14,2.7,10,Low,895285,900000,4715,4715,31.02052524,31.02052524,1,NA,NA,Aquatic Insects,34,Family,Chironomidae,Chironomidae,Pupae,1,0.032,0.032,NA,NA,NA,NA,NA,NA,NA,NA,NA,NA,NA   NA   NA   NA,NA   NA   NA   NA
SHR_2015-11-23 08:44:00,11/23/2015 8:44,SHR,2016,A,FALSE,CLD,NA,NA,12.54,3,118,155,7.28,10.14,2.7,10,Low,895285,900000,4715,4715,31.02052524,31.02052524,1,NA,NA,Aquatic Non-Insects,28,Family,Lebertiidae,Lebertiidae,NotDetermined,7,0.226,0.226,NA,NA,NA,NA,NA,NA,NA,NA,NA,NA,NA   NA   NA   NA,NA   NA   NA   NA
SHR_2015-11-23 08:44:00,11/23/2015 8:44,SHR,2016,A,FALSE,CLD,NA,NA,12.54,3,118,155,7.28,10.14,2.7,10,Low,895285,900000,4715,4715,31.02052524,31.02052524,1,NA,NA,Aquatic Non-Insects,120,Family,Lebertiidae,Lebertiidae,NotDetermined,7,0.226,0.226,NA,NA,NA,NA,NA,NA,NA,NA,NA,NA,NA   NA   NA   NA,NA   NA   NA   NA
SHR_2015-11-23 08:44:00,11/23/2015 8:44,SHR,2016,A,FALSE,CLD,NA,NA,12.54,3,118,155,7.28,10.14,2.7,10,Low,895285,900000,4715,4715,31.02052524,31.02052524,1,NA,NA,Terrestrial Insects,71,Order,Hemiptera,Hemiptera,Larvae,1,0.032,0.032,NA,NA,NA,NA,NA,NA,NA,NA,NA,NA,NA   NA   NA   NA,NA   NA   NA   NA
SHR_2015-11-23 08:44:00,11/23/2015 8:44,SHR,2016,A,FALSE,CLD,NA,NA,12.54,3,118,155,7.28,10.14,2.7,10,Low,895285,900000,4715,4715,31.02052524,31.02052524,1,NA,NA,Terrestrial Insects,63,Order,Coleoptera,Coleoptera,Larvae,1,0.032,0.032,NA,NA,NA,NA,NA,NA,NA,NA,NA,NA,NA   NA   NA   NA,NA   NA   NA   NA
SHR_2015-11-23 08:44:00,11/23/2015 8:44,SHR,2016,A,FALSE,CLD,NA,NA,12.54,3,118,155,7.28,10.14,2.7,10,Low,895285,900000,4715,4715,31.02052524,31.02052524,1,NA,NA,Terrestrial Insects,64,Order,Diptera,Diptera,Adults,5,0.161,0.161,NA,NA,NA,NA,NA,NA,NA,NA,NA,NA,NA   NA   NA   NA,NA   NA   NA   NA
SHR_2015-11-23 08:44:00,11/23/2015 8:44,SHR,2016,A,FALSE,CLD,NA,NA,12.54,3,118,155,7.28,10.14,2.7,10,Low,895285,900000,4715,4715,31.02052524,31.02052524,1,NA,NA,Terrestrial Insects,66,Order,Hymenoptera,Hymenoptera,Adults,1,0.032,0.032,NA,NA,NA,NA,NA,NA,NA,NA,NA,NA,NA   NA   NA   NA,NA   NA   NA   NA
STTD_2015-11-24 08:44:00,11/24/2015 8:44,STTD,2016,A,FALSE,RAN,NA,NA,12.17,0.47,194,256,7.77,10.2,15.9,10,Low,892000,895000,3000,3000,19.73734374,19.73734374,1,"ebb tide, anchored",NA,Aquatic Non-Insects,21,Family,Planorbidae,Planorbidae,NotDetermined,2,0.101,0.101,NA,NA,NA,NA,NA,NA,NA,NA,NA,NA,NA   NA   NA   NA,NA   NA   NA   NA
STTD_2015-11-24 08:44:00,11/24/2015 8:44,STTD,2016,A,FALSE,RAN,NA,NA,12.17,0.47,194,256,7.77,10.2,15.9,10,Low,892000,895000,3000,3000,19.73734374,19.73734374,1,"ebb tide, anchored",NA,Aquatic Non-Insects,104,Family,Palaemonidae,Palaemonidae,NotDetermined,1,0.051,0.051,NA,NA,NA,NA,NA,NA,NA,NA,NA,NA,NA   NA   NA   NA,NA   NA   NA   NA
STTD_2015-11-24 08:44:00,11/24/2015 8:44,STTD,2016,A,FALSE,RAN,NA,NA,12.17,0.47,194,256,7.77,10.2,15.9,10,Low,892000,895000,3000,3000,19.73734374,19.73734374,1,"ebb tide, anchored",NA,Aquatic Non-Insects,94,Family,Unionicolidae,Unionicolidae,NotDetermined,1,0.051,0.051,NA,NA,NA,NA,NA,NA,NA,NA,NA,NA,NA   NA   NA   NA,NA   NA   NA   NA
STTD_2015-11-24 08:44:00,11/24/2015 8:44,STTD,2016,A,FALSE,RAN,NA,NA,12.17,0.47,194,256,7.77,10.2,15.9,10,Low,892000,895000,3000,3000,19.73734374,19.73734374,1,"ebb tide, anchored",NA,Terrestrial Insects,71,Order,Hemiptera,Hemiptera,Adults,12,0.608,0.608,NA,NA,NA,NA,NA,NA,NA,NA,NA,NA,NA   NA   NA   NA,NA   NA   NA   NA
STTD_2015-11-24 08:44:00,11/24/2015 8:44,STTD,2016,A,FALSE,RAN,NA,NA,12.17,0.47,194,256,7.77,10.2,15.9,10,Low,892000,895000,3000,3000,19.73734374,19.73734374,1,"ebb tide, anchored",NA,Terrestrial Insects,63,Order,Coleoptera,Coleoptera,Larvae,1,0.051,0.051,NA,NA,NA,NA,NA,NA,NA,NA,NA,NA,NA   NA   NA   NA,NA   NA   NA   NA
STTD_2015-11-24 08:44:00,11/24/2015 8:44,STTD,2016,A,FALSE,RAN,NA,NA,12.17,0.47,194,256,7.77,10.2,15.9,10,Low,892000,895000,3000,3000,19.73734374,19.73734374,1,"ebb tide, anchored",NA,Terrestrial Insects,63,Order,Coleoptera,Coleoptera,Adults,4,0.203,0.203,NA,NA,NA,NA,NA,NA,NA,NA,NA,NA,NA   NA   NA   NA,NA   NA   NA   NA
STTD_2015-11-24 08:44:00,11/24/2015 8:44,STTD,2016,A,FALSE,RAN,NA,NA,12.17,0.47,194,256,7.77,10.2,15.9,10,Low,892000,895000,3000,3000,19.73734374,19.73734374,1,"ebb tide, anchored",NA,Terrestrial Insects,64,Order,Diptera,Diptera,Adults,12,0.608,0.608,NA,NA,NA,NA,NA,NA,NA,NA,NA,NA,NA   NA   NA   NA,NA   NA   NA   NA
STTD_2015-11-24 08:44:00,11/24/2015 8:44,STTD,2016,A,FALSE,RAN,NA,NA,12.17,0.47,194,256,7.77,10.2,15.9,10,Low,892000,895000,3000,3000,19.73734374,19.73734374,1,"ebb tide, anchored",NA,Terrestrial Non-Insects,68,Order,Collembola,Collembola,NotDetermined,14,0.709,0.709,NA,NA,NA,NA,NA,NA,NA,NA,NA,NA,NA   NA   NA   NA,NA   NA   NA   NA
STTD_2015-11-24 08:44:00,11/24/2015 8:44,STTD,2016,A,FALSE,RAN,NA,NA,12.17,0.47,194,256,7.77,10.2,15.9,10,Low,892000,895000,3000,3000,19.73734374,19.73734374,1,"ebb tide, anchored",NA,Terrestrial Insects,66,Order,Hymenoptera,Hymenoptera,Adults,10,0.507,0.507,NA,NA,NA,NA,NA,NA,NA,NA,NA,NA,NA   NA   NA   NA,NA   NA   NA   NA
STTD_2015-11-24 08:44:00,11/24/2015 8:44,STTD,2016,A,FALSE,RAN,NA,NA,12.17,0.47,194,256,7.77,10.2,15.9,10,Low,892000,895000,3000,3000,19.73734374,19.73734374,1,"ebb tide, anchored",NA,Terrestrial Insects,74,Order,Neuroptera,Neuroptera,Larvae,1,0.051,0.051,NA,NA,NA,NA,NA,NA,NA,NA,NA,NA,NA   NA   NA   NA,NA   NA   NA   NA
STTD_2015-11-24 08:44:00,11/24/2015 8:44,STTD,2016,A,FALSE,RAN,NA,NA,12.17,0.47,194,256,7.77,10.2,15.9,10,Low,892000,895000,3000,3000,19.73734374,19.73734374,1,"ebb tide, anchored",NA,Terrestrial Insects,67,Order,Psocoptera,Psocoptera,Adults,1,0.051,0.051,NA,NA,NA,NA,NA,NA,NA,NA,NA,NA,NA   NA   NA   NA,NA   NA   NA   NA
STTD_2015-11-24 08:44:00,11/24/2015 8:44,STTD,2016,A,FALSE,RAN,NA,NA,12.17,0.47,194,256,7.77,10.2,15.9,10,Low,892000,895000,3000,3000,19.73734374,19.73734374,1,"ebb tide, anchored",NA,Terrestrial Insects,85,Order,Thysanoptera,Thysanoptera,Adults,1,0.051,0.051,NA,NA,NA,NA,NA,NA,NA,NA,NA,NA,NA   NA   NA   NA,NA   NA   NA   NA
STTD_2015-11-24 08:44:00,11/24/2015 8:44,STTD,2016,A,FALSE,RAN,NA,NA,12.17,0.47,194,256,7.77,10.2,15.9,10,Low,892000,895000,3000,3000,19.73734374,19.73734374,1,"ebb tide, anchored",NA,Terrestrial Non-Insects,157,Order,Araneae,Araneae,NotDetermined,1,0.051,0.051,NA,NA,NA,NA,NA,NA,NA,NA,NA,NA,NA   NA   NA   NA,NA   NA   NA   NA
STTD_2015-12-09 09:18:00,12/9/2015 9:18,STTD,2016,A,FALSE,FOG,NA,NA,9.93,0.63,241,338,7.47,9.88,8.5,10,Low,889446,892000,2554,2554,16.80305864,16.80305864,1,NA,NA,Aquatic Insects,44,Family,Corixidae,Corixidae,Larvae,1,0.06,0.06,NA,NA,NA,NA,NA,NA,NA,NA,NA,NA,NA   NA   NA   NA,NA   NA   NA   NA
STTD_2015-12-09 09:18:00,12/9/2015 9:18,STTD,2016,A,FALSE,FOG,NA,NA,9.93,0.63,241,338,7.47,9.88,8.5,10,Low,889446,892000,2554,2554,16.80305864,16.80305864,1,NA,NA,Aquatic Insects,34,Family,Chironomidae,Chironomidae,Larvae,3,0.179,0.179,NA,NA,NA,NA,NA,NA,NA,NA,NA,NA,NA   NA   NA   NA,NA   NA   NA   NA
STTD_2015-12-09 09:18:00,12/9/2015 9:18,STTD,2016,A,FALSE,FOG,NA,NA,9.93,0.63,241,338,7.47,9.88,8.5,10,Low,889446,892000,2554,2554,16.80305864,16.80305864,1,NA,NA,Aquatic Non-Insects,4,Family,Naididae,Naididae,NotDetermined,3,0.179,0.179,NA,NA,NA,NA,NA,NA,NA,NA,NA,NA,NA   NA   NA   NA,NA   NA   NA   NA
STTD_2015-12-09 09:18:00,12/9/2015 9:18,STTD,2016,A,FALSE,FOG,NA,NA,9.93,0.63,241,338,7.47,9.88,8.5,10,Low,889446,892000,2554,2554,16.80305864,16.80305864,1,NA,NA,Aquatic Non-Insects,9,Family,Corophiidae,Corophiidae,NotDetermined,2,0.119,0.119,NA,NA,NA,NA,NA,NA,NA,NA,NA,NA,NA   NA   NA   NA,NA   NA   NA   NA
STTD_2015-12-09 09:18:00,12/9/2015 9:18,STTD,2016,A,FALSE,FOG,NA,NA,9.93,0.63,241,338,7.47,9.88,8.5,10,Low,889446,892000,2554,2554,16.80305864,16.80305864,1,NA,NA,Aquatic Non-Insects,15,Family,Hyalellidae,Hyalellidae,NotDetermined,2,0.119,0.119,NA,NA,NA,NA,NA,NA,NA,NA,NA,NA,NA   NA   NA   NA,NA   NA   NA   NA
STTD_2015-12-09 09:18:00,12/9/2015 9:18,STTD,2016,A,FALSE,FOG,NA,NA,9.93,0.63,241,338,7.47,9.88,8.5,10,Low,889446,892000,2554,2554,16.80305864,16.80305864,1,NA,NA,Aquatic Non-Insects,152,Class,Turbellaria,Other Turbellaria,NotDetermined,1,0.06,0.06,NA,NA,NA,NA,NA,NA,NA,NA,NA,NA,NA   NA   NA   NA,NA   NA   NA   NA
STTD_2015-12-09 09:18:00,12/9/2015 9:18,STTD,2016,A,FALSE,FOG,NA,NA,9.93,0.63,241,338,7.47,9.88,8.5,10,Low,889446,892000,2554,2554,16.80305864,16.80305864,1,NA,NA,Terrestrial Insects,71,Order,Hemiptera,Hemiptera,Adults,3,0.179,0.179,NA,NA,NA,NA,NA,NA,NA,NA,NA,NA,NA   NA   NA   NA,NA   NA   NA   NA
STTD_2015-12-09 09:18:00,12/9/2015 9:18,STTD,2016,A,FALSE,FOG,NA,NA,9.93,0.63,241,338,7.47,9.88,8.5,10,Low,889446,892000,2554,2554,16.80305864,16.80305864,1,NA,NA,Terrestrial Insects,63,Order,Coleoptera,Coleoptera,Adults,4,0.238,0.238,NA,NA,NA,NA,NA,NA,NA,NA,NA,NA,NA   NA   NA   NA,NA   NA   NA   NA
STTD_2015-12-09 09:18:00,12/9/2015 9:18,STTD,2016,A,FALSE,FOG,NA,NA,9.93,0.63,241,338,7.47,9.88,8.5,10,Low,889446,892000,2554,2554,16.80305864,16.80305864,1,NA,NA,Terrestrial Insects,64,Order,Diptera,Diptera,Adults,8,0.476,0.476,NA,NA,NA,NA,NA,NA,NA,NA,NA,NA,NA   NA   NA   NA,NA   NA   NA   NA
STTD_2015-12-09 09:18:00,12/9/2015 9:18,STTD,2016,A,FALSE,FOG,NA,NA,9.93,0.63,241,338,7.47,9.88,8.5,10,Low,889446,892000,2554,2554,16.80305864,16.80305864,1,NA,NA,Terrestrial Non-Insects,68,Order,Collembola,Collembola,NotDetermined,12,0.714,0.714,NA,NA,NA,NA,NA,NA,NA,NA,NA,NA,NA   NA   NA   NA,NA   NA   NA   NA
STTD_2015-12-09 09:18:00,12/9/2015 9:18,STTD,2016,A,FALSE,FOG,NA,NA,9.93,0.63,241,338,7.47,9.88,8.5,10,Low,889446,892000,2554,2554,16.80305864,16.80305864,1,NA,NA,Terrestrial Insects,66,Order,Hymenoptera,Hymenoptera,Adults,1,0.06,0.06,NA,NA,NA,NA,NA,NA,NA,NA,NA,NA,NA   NA   NA   NA,NA   NA   NA   NA
STTD_2015-12-09 09:18:00,12/9/2015 9:18,STTD,2016,A,FALSE,FOG,NA,NA,9.93,0.63,241,338,7.47,9.88,8.5,10,Low,889446,892000,2554,2554,16.80305864,16.80305864,1,NA,NA,Terrestrial Insects,85,Order,Thysanoptera,Thysanoptera,Adults,1,0.06,0.06,NA,NA,NA,NA,NA,NA,NA,NA,NA,NA,NA   NA   NA   NA,NA   NA   NA   NA
STTD_2015-12-09 09:18:00,12/9/2015 9:18,STTD,2016,A,FALSE,FOG,NA,NA,9.93,0.63,241,338,7.47,9.88,8.5,10,Low,889446,892000,2554,2554,16.80305864,16.80305864,1,NA,NA,Terrestrial Non-Insects,157,Order,Araneae,Araneae,NotDetermined,1,0.06,0.06,NA,NA,NA,NA,NA,NA,NA,NA,NA,NA,NA   NA   NA   NA,NA   NA   NA   NA
SHR_2015-12-10 10:36:00,12/10/2015 10:36,SHR,2016,A,FALSE,CLR,NA,NA,11.67,1.9,121,163,6.98,10.17,4.5,10,Low,883496,890000,6504,6504,42.79056122,42.79056122,1,NA,NA,Aquatic Insects,81,Family,Hydrophilidae,Hydrophilidae,Adults,1,0.023,0.023,NA,NA,NA,NA,NA,NA,NA,NA,NA,NA,NA   NA   NA   NA,NA   NA   NA   NA
SHR_2015-12-10 10:36:00,12/10/2015 10:36,SHR,2016,A,FALSE,CLR,NA,NA,11.67,1.9,121,163,6.98,10.17,4.5,10,Low,883496,890000,6504,6504,42.79056122,42.79056122,1,NA,NA,Aquatic Insects,115,Family,Pyralidae,Pyralidae,Larvae,1,0.023,0.023,NA,NA,NA,NA,NA,NA,NA,NA,NA,NA,NA   NA   NA   NA,NA   NA   NA   NA
SHR_2015-12-10 10:36:00,12/10/2015 10:36,SHR,2016,A,FALSE,CLR,NA,NA,11.67,1.9,121,163,6.98,10.17,4.5,10,Low,883496,890000,6504,6504,42.79056122,42.79056122,1,NA,NA,Aquatic Non-Insects,106,Family,Lymnaeidae,Lymnaeidae,NotDetermined,1,0.023,0.023,NA,NA,NA,NA,NA,NA,NA,NA,NA,NA,NA   NA   NA   NA,NA   NA   NA   NA
SHR_2015-12-10 10:36:00,12/10/2015 10:36,SHR,2016,A,FALSE,CLR,NA,NA,11.67,1.9,121,163,6.98,10.17,4.5,10,Low,883496,890000,6504,6504,42.79056122,42.79056122,1,NA,NA,Aquatic Non-Insects,10,Family,Crangonyctidae,Crangonyctidae,NotDetermined,2,0.047,0.047,NA,NA,NA,NA,NA,NA,NA,NA,NA,NA,NA   NA   NA   NA,NA   NA   NA   NA
SHR_2015-12-10 10:36:00,12/10/2015 10:36,SHR,2016,A,FALSE,CLR,NA,NA,11.67,1.9,121,163,6.98,10.17,4.5,10,Low,883496,890000,6504,6504,42.79056122,42.79056122,1,NA,NA,Aquatic Non-Insects,15,Family,Hyalellidae,Hyalellidae,NotDetermined,2,0.047,0.047,NA,NA,NA,NA,NA,NA,NA,NA,NA,NA,NA   NA   NA   NA,NA   NA   NA   NA
SHR_2015-12-10 10:36:00,12/10/2015 10:36,SHR,2016,A,FALSE,CLR,NA,NA,11.67,1.9,121,163,6.98,10.17,4.5,10,Low,883496,890000,6504,6504,42.79056122,42.79056122,1,NA,NA,Aquatic Non-Insects,77,Family,Hygrobatidae,Hygrobatidae,NotDetermined,2,0.047,0.047,NA,NA,NA,NA,NA,NA,NA,NA,NA,NA,NA   NA   NA   NA,NA   NA   NA   NA
SHR_2015-12-10 10:36:00,12/10/2015 10:36,SHR,2016,A,FALSE,CLR,NA,NA,11.67,1.9,121,163,6.98,10.17,4.5,10,Low,883496,890000,6504,6504,42.79056122,42.79056122,1,NA,NA,Aquatic Non-Insects,28,Family,Lebertiidae,Lebertiidae,NotDetermined,42,0.982,0.982,NA,NA,NA,NA,NA,NA,NA,NA,NA,NA,NA   NA   NA   NA,NA   NA   NA   NA
SHR_2015-12-10 10:36:00,12/10/2015 10:36,SHR,2016,A,FALSE,CLR,NA,NA,11.67,1.9,121,163,6.98,10.17,4.5,10,Low,883496,890000,6504,6504,42.79056122,42.79056122,1,NA,NA,Aquatic Non-Insects,120,Family,Lebertiidae,Lebertiidae,NotDetermined,42,0.982,0.982,NA,NA,NA,NA,NA,NA,NA,NA,NA,NA,NA   NA   NA   NA,NA   NA   NA   NA
SHR_2015-12-10 10:36:00,12/10/2015 10:36,SHR,2016,A,FALSE,CLR,NA,NA,11.67,1.9,121,163,6.98,10.17,4.5,10,Low,883496,890000,6504,6504,42.79056122,42.79056122,1,NA,NA,Terrestrial Insects,71,Order,Hemiptera,Hemiptera,Adults,2,0.047,0.047,NA,NA,NA,NA,NA,NA,NA,NA,NA,NA,NA   NA   NA   NA,NA   NA   NA   NA
SHR_2015-12-10 10:36:00,12/10/2015 10:36,SHR,2016,A,FALSE,CLR,NA,NA,11.67,1.9,121,163,6.98,10.17,4.5,10,Low,883496,890000,6504,6504,42.79056122,42.79056122,1,NA,NA,Terrestrial Non-Insects,68,Order,Collembola,Collembola,NotDetermined,3,0.07,0.07,NA,NA,NA,NA,NA,NA,NA,NA,NA,NA,NA   NA   NA   NA,NA   NA   NA   NA
SHR_2015-12-10 10:36:00,12/10/2015 10:36,SHR,2016,A,FALSE,CLR,NA,NA,11.67,1.9,121,163,6.98,10.17,4.5,10,Low,883496,890000,6504,6504,42.79056122,42.79056122,1,NA,NA,Terrestrial Insects,64,Order,Diptera,Diptera,Adults,3,0.07,0.07,NA,NA,NA,NA,NA,NA,NA,NA,NA,NA,NA   NA   NA   NA,NA   NA   NA   NA
SHR_2015-12-22 09:10:00,12/22/2015 9:10,SHR,2016,A,FALSE,CLD,NA,NA,9.15,0.4,112,161,7.3,10.33,30.4,10,Low,876862,883000,6138,6138,40.38260529,40.38260529,1,NA,NA,Aquatic Insects,46,Family,Coenagrionidae,Coenagrionidae,Larvae,1,0.025,0.025,NA,NA,NA,NA,NA,NA,NA,NA,NA,NA,NA   NA   NA   NA,NA   NA   NA   NA
SHR_2015-12-22 09:10:00,12/22/2015 9:10,SHR,2016,A,FALSE,CLD,NA,NA,9.15,0.4,112,161,7.3,10.33,30.4,10,Low,876862,883000,6138,6138,40.38260529,40.38260529,1,NA,NA,Aquatic Insects,44,Family,Corixidae,Corixidae,Larvae,1,0.025,0.025,NA,NA,NA,NA,NA,NA,NA,NA,NA,NA,NA   NA   NA   NA,NA   NA   NA   NA
SHR_2015-12-22 09:10:00,12/22/2015 9:10,SHR,2016,A,FALSE,CLD,NA,NA,9.15,0.4,112,161,7.3,10.33,30.4,10,Low,876862,883000,6138,6138,40.38260529,40.38260529,1,NA,NA,Aquatic Non-Insects,4,Family,Naididae,Naididae,NotDetermined,1,0.025,0.025,NA,NA,NA,NA,NA,NA,NA,NA,NA,NA,NA   NA   NA   NA,NA   NA   NA   NA
SHR_2015-12-22 09:10:00,12/22/2015 9:10,SHR,2016,A,FALSE,CLD,NA,NA,9.15,0.4,112,161,7.3,10.33,30.4,10,Low,876862,883000,6138,6138,40.38260529,40.38260529,1,NA,NA,Aquatic Non-Insects,15,Family,Hyalellidae,Hyalellidae,NotDetermined,3,0.074,0.074,NA,NA,NA,NA,NA,NA,NA,NA,NA,NA,NA   NA   NA   NA,NA   NA   NA   NA
SHR_2015-12-22 09:10:00,12/22/2015 9:10,SHR,2016,A,FALSE,CLD,NA,NA,9.15,0.4,112,161,7.3,10.33,30.4,10,Low,876862,883000,6138,6138,40.38260529,40.38260529,1,NA,NA,Aquatic Non-Insects,77,Family,Hygrobatidae,Hygrobatidae,NotDetermined,2,0.05,0.05,NA,NA,NA,NA,NA,NA,NA,NA,NA,NA,NA   NA   NA   NA,NA   NA   NA   NA
SHR_2015-12-22 09:10:00,12/22/2015 9:10,SHR,2016,A,FALSE,CLD,NA,NA,9.15,0.4,112,161,7.3,10.33,30.4,10,Low,876862,883000,6138,6138,40.38260529,40.38260529,1,NA,NA,Aquatic Non-Insects,28,Family,Lebertiidae,Lebertiidae,NotDetermined,51,1.263,1.263,NA,NA,NA,NA,NA,NA,NA,NA,NA,NA,NA   NA   NA   NA,NA   NA   NA   NA
SHR_2015-12-22 09:10:00,12/22/2015 9:10,SHR,2016,A,FALSE,CLD,NA,NA,9.15,0.4,112,161,7.3,10.33,30.4,10,Low,876862,883000,6138,6138,40.38260529,40.38260529,1,NA,NA,Aquatic Non-Insects,120,Family,Lebertiidae,Lebertiidae,NotDetermined,51,1.263,1.263,NA,NA,NA,NA,NA,NA,NA,NA,NA,NA,NA   NA   NA   NA,NA   NA   NA   NA
SHR_2015-12-22 09:10:00,12/22/2015 9:10,SHR,2016,A,FALSE,CLD,NA,NA,9.15,0.4,112,161,7.3,10.33,30.4,10,Low,876862,883000,6138,6138,40.38260529,40.38260529,1,NA,NA,Aquatic Non-Insects,94,Family,Unionicolidae,Unionicolidae,NotDetermined,3,0.074,0.074,NA,NA,NA,NA,NA,NA,NA,NA,NA,NA,NA   NA   NA   NA,NA   NA   NA   NA
SHR_2015-12-22 09:10:00,12/22/2015 9:10,SHR,2016,A,FALSE,CLD,NA,NA,9.15,0.4,112,161,7.3,10.33,30.4,10,Low,876862,883000,6138,6138,40.38260529,40.38260529,1,NA,NA,Terrestrial Insects,71,Order,Hemiptera,Hemiptera,Adults,5,0.124,0.124,NA,NA,NA,NA,NA,NA,NA,NA,NA,NA,NA   NA   NA   NA,NA   NA   NA   NA
SHR_2015-12-22 09:10:00,12/22/2015 9:10,SHR,2016,A,FALSE,CLD,NA,NA,9.15,0.4,112,161,7.3,10.33,30.4,10,Low,876862,883000,6138,6138,40.38260529,40.38260529,1,NA,NA,Terrestrial Insects,64,Order,Diptera,Diptera,Adults,1,0.025,0.025,NA,NA,NA,NA,NA,NA,NA,NA,NA,NA,NA   NA   NA   NA,NA   NA   NA   NA
SHR_2015-12-22 09:10:00,12/22/2015 9:10,SHR,2016,A,FALSE,CLD,NA,NA,9.15,0.4,112,161,7.3,10.33,30.4,10,Low,876862,883000,6138,6138,40.38260529,40.38260529,1,NA,NA,Terrestrial Non-Insects,68,Order,Collembola,Collembola,NotDetermined,3,0.074,0.074,NA,NA,NA,NA,NA,NA,NA,NA,NA,NA,NA   NA   NA   NA,NA   NA   NA   NA
STTD_2015-12-23 08:38:00,12/23/2015 8:38,STTD,2016,A,FALSE,CLR,NA,NA,9.4,0.4,401,571,7.86,9.88,25.1,10,Low,873453,877000,3547,3547,23.33611941,23.33611941,1,NA,NA,Aquatic Insects,41,Family,Baetidae,Baetidae,Larvae,1,0.043,0.043,NA,NA,NA,NA,NA,NA,NA,NA,NA,NA,NA   NA   NA   NA,NA   NA   NA   NA
STTD_2015-12-23 08:38:00,12/23/2015 8:38,STTD,2016,A,FALSE,CLR,NA,NA,9.4,0.4,401,571,7.86,9.88,25.1,10,Low,873453,877000,3547,3547,23.33611941,23.33611941,1,NA,NA,Aquatic Insects,44,Family,Corixidae,Corixidae,Larvae,1,0.043,0.043,NA,NA,NA,NA,NA,NA,NA,NA,NA,NA,NA   NA   NA   NA,NA   NA   NA   NA
STTD_2015-12-23 08:38:00,12/23/2015 8:38,STTD,2016,A,FALSE,CLR,NA,NA,9.4,0.4,401,571,7.86,9.88,25.1,10,Low,873453,877000,3547,3547,23.33611941,23.33611941,1,NA,NA,Aquatic Insects,34,Family,Chironomidae,Chironomidae,Larvae,1,0.043,0.043,NA,NA,NA,NA,NA,NA,NA,NA,NA,NA,NA   NA   NA   NA,NA   NA   NA   NA
STTD_2015-12-23 08:38:00,12/23/2015 8:38,STTD,2016,A,FALSE,CLR,NA,NA,9.4,0.4,401,571,7.86,9.88,25.1,10,Low,873453,877000,3547,3547,23.33611941,23.33611941,1,NA,NA,Aquatic Non-Insects,28,Family,Lebertiidae,Lebertiidae,NotDetermined,1,0.043,0.043,NA,NA,NA,NA,NA,NA,NA,NA,NA,NA,NA   NA   NA   NA,NA   NA   NA   NA
STTD_2015-12-23 08:38:00,12/23/2015 8:38,STTD,2016,A,FALSE,CLR,NA,NA,9.4,0.4,401,571,7.86,9.88,25.1,10,Low,873453,877000,3547,3547,23.33611941,23.33611941,1,NA,NA,Aquatic Non-Insects,120,Family,Lebertiidae,Lebertiidae,NotDetermined,1,0.043,0.043,NA,NA,NA,NA,NA,NA,NA,NA,NA,NA,NA   NA   NA   NA,NA   NA   NA   NA
STTD_2015-12-23 08:38:00,12/23/2015 8:38,STTD,2016,A,FALSE,CLR,NA,NA,9.4,0.4,401,571,7.86,9.88,25.1,10,Low,873453,877000,3547,3547,23.33611941,23.33611941,1,NA,NA,Terrestrial Insects,64,Order,Diptera,Diptera,Larvae,1,0.043,0.043,NA,NA,NA,NA,NA,NA,NA,NA,NA,NA,NA   NA   NA   NA,NA   NA   NA   NA
STTD_2015-12-23 08:38:00,12/23/2015 8:38,STTD,2016,A,FALSE,CLR,NA,NA,9.4,0.4,401,571,7.86,9.88,25.1,10,Low,873453,877000,3547,3547,23.33611941,23.33611941,1,NA,NA,Terrestrial Insects,64,Order,Diptera,Diptera,Adults,1,0.043,0.043,NA,NA,NA,NA,NA,NA,NA,NA,NA,NA,NA   NA   NA   NA,NA   NA   NA   NA
STTD_2015-12-23 08:38:00,12/23/2015 8:38,STTD,2016,A,FALSE,CLR,NA,NA,9.4,0.4,401,571,7.86,9.88,25.1,10,Low,873453,877000,3547,3547,23.33611941,23.33611941,1,NA,NA,Terrestrial Non-Insects,68,Order,Collembola,Collembola,NotDetermined,3,0.129,0.129,NA,NA,NA,NA,NA,NA,NA,NA,NA,NA,NA   NA   NA   NA,NA   NA   NA   NA
STTD_2016-01-12 09:40:00,1/12/2016 9:40,STTD,2016,A,TRUE,CLD,NA,NA,9.07,0.33,437,629,7.71,8.63,25.1,10,Low,870419,874000,3581,3581,23.55980931,23.55980931,1,NA,NA,Aquatic Insects,41,Family,Baetidae,Baetidae,Larvae,1,0.042,0.042,NA,NA,NA,NA,NA,NA,NA,NA,NA,NA,NA   NA   NA   NA,NA   NA   NA   NA
STTD_2016-01-12 09:40:00,1/12/2016 9:40,STTD,2016,A,TRUE,CLD,NA,NA,9.07,0.33,437,629,7.71,8.63,25.1,10,Low,870419,874000,3581,3581,23.55980931,23.55980931,1,NA,NA,Aquatic Insects,46,Family,Coenagrionidae,Coenagrionidae,Larvae,2,0.085,0.085,NA,NA,NA,NA,NA,NA,NA,NA,NA,NA,NA   NA   NA   NA,NA   NA   NA   NA
STTD_2016-01-12 09:40:00,1/12/2016 9:40,STTD,2016,A,TRUE,CLD,NA,NA,9.07,0.33,437,629,7.71,8.63,25.1,10,Low,870419,874000,3581,3581,23.55980931,23.55980931,1,NA,NA,Aquatic Insects,44,Family,Corixidae,Corixidae,Larvae,2,0.085,0.085,NA,NA,NA,NA,NA,NA,NA,NA,NA,NA,NA   NA   NA   NA,NA   NA   NA   NA
STTD_2016-01-12 09:40:00,1/12/2016 9:40,STTD,2016,A,TRUE,CLD,NA,NA,9.07,0.33,437,629,7.71,8.63,25.1,10,Low,870419,874000,3581,3581,23.55980931,23.55980931,1,NA,NA,Aquatic Insects,34,Family,Chironomidae,Chironomidae,Larvae,21,0.891,0.891,NA,NA,NA,NA,NA,NA,NA,NA,NA,NA,NA   NA   NA   NA,NA   NA   NA   NA
STTD_2016-01-12 09:40:00,1/12/2016 9:40,STTD,2016,A,TRUE,CLD,NA,NA,9.07,0.33,437,629,7.71,8.63,25.1,10,Low,870419,874000,3581,3581,23.55980931,23.55980931,1,NA,NA,Aquatic Insects,34,Family,Chironomidae,Chironomidae,Pupae,1,0.042,0.042,NA,NA,NA,NA,NA,NA,NA,NA,NA,NA,NA   NA   NA   NA,NA   NA   NA   NA
STTD_2016-01-12 09:40:00,1/12/2016 9:40,STTD,2016,A,TRUE,CLD,NA,NA,9.07,0.33,437,629,7.71,8.63,25.1,10,Low,870419,874000,3581,3581,23.55980931,23.55980931,1,NA,NA,Aquatic Non-Insects,4,Family,Naididae,Naididae,NotDetermined,3,0.127,0.127,NA,NA,NA,NA,NA,NA,NA,NA,NA,NA,NA   NA   NA   NA,NA   NA   NA   NA
STTD_2016-01-12 09:40:00,1/12/2016 9:40,STTD,2016,A,TRUE,CLD,NA,NA,9.07,0.33,437,629,7.71,8.63,25.1,10,Low,870419,874000,3581,3581,23.55980931,23.55980931,1,NA,NA,Aquatic Non-Insects,21,Family,Planorbidae,Planorbidae,NotDetermined,1,0.042,0.042,NA,NA,NA,NA,NA,NA,NA,NA,NA,NA,NA   NA   NA   NA,NA   NA   NA   NA
STTD_2016-01-12 09:40:00,1/12/2016 9:40,STTD,2016,A,TRUE,CLD,NA,NA,9.07,0.33,437,629,7.71,8.63,25.1,10,Low,870419,874000,3581,3581,23.55980931,23.55980931,1,NA,NA,Aquatic Non-Insects,10,Family,Crangonyctidae,Crangonyctidae,NotDetermined,1,0.042,0.042,NA,NA,NA,NA,NA,NA,NA,NA,NA,NA,NA   NA   NA   NA,NA   NA   NA   NA
STTD_2016-01-12 09:40:00,1/12/2016 9:40,STTD,2016,A,TRUE,CLD,NA,NA,9.07,0.33,437,629,7.71,8.63,25.1,10,Low,870419,874000,3581,3581,23.55980931,23.55980931,1,NA,NA,Aquatic Non-Insects,153,Family,Daphniidae,Daphniidae,NotDetermined,3,0.127,0.127,NA,NA,NA,NA,NA,NA,NA,NA,NA,NA,NA   NA   NA   NA,NA   NA   NA   NA
STTD_2016-01-12 09:40:00,1/12/2016 9:40,STTD,2016,A,TRUE,CLD,NA,NA,9.07,0.33,437,629,7.71,8.63,25.1,10,Low,870419,874000,3581,3581,23.55980931,23.55980931,1,NA,NA,Aquatic Non-Insects,15,Family,Hyalellidae,Hyalellidae,NotDetermined,1,0.042,0.042,NA,NA,NA,NA,NA,NA,NA,NA,NA,NA,NA   NA   NA   NA,NA   NA   NA   NA
STTD_2016-01-12 09:40:00,1/12/2016 9:40,STTD,2016,A,TRUE,CLD,NA,NA,9.07,0.33,437,629,7.71,8.63,25.1,10,Low,870419,874000,3581,3581,23.55980931,23.55980931,1,NA,NA,Aquatic Non-Insects,18,Family,Hydridae,Hydridae,NotDetermined,1,0.042,0.042,NA,NA,NA,NA,NA,NA,NA,NA,NA,NA,NA   NA   NA   NA,NA   NA   NA   NA
STTD_2016-01-12 09:40:00,1/12/2016 9:40,STTD,2016,A,TRUE,CLD,NA,NA,9.07,0.33,437,629,7.71,8.63,25.1,10,Low,870419,874000,3581,3581,23.55980931,23.55980931,1,NA,NA,Terrestrial Insects,71,Order,Hemiptera,Hemiptera,Adults,5,0.212,0.212,NA,NA,NA,NA,NA,NA,NA,NA,NA,NA,NA   NA   NA   NA,NA   NA   NA   NA
STTD_2016-01-12 09:40:00,1/12/2016 9:40,STTD,2016,A,TRUE,CLD,NA,NA,9.07,0.33,437,629,7.71,8.63,25.1,10,Low,870419,874000,3581,3581,23.55980931,23.55980931,1,NA,NA,Terrestrial Insects,63,Order,Coleoptera,Coleoptera,Adults,2,0.085,0.085,NA,NA,NA,NA,NA,NA,NA,NA,NA,NA,NA   NA   NA   NA,NA   NA   NA   NA
STTD_2016-01-12 09:40:00,1/12/2016 9:40,STTD,2016,A,TRUE,CLD,NA,NA,9.07,0.33,437,629,7.71,8.63,25.1,10,Low,870419,874000,3581,3581,23.55980931,23.55980931,1,NA,NA,Terrestrial Insects,64,Order,Diptera,Diptera,Adults,35,1.486,1.486,NA,NA,NA,NA,NA,NA,NA,NA,NA,NA,NA   NA   NA   NA,NA   NA   NA   NA
STTD_2016-01-12 09:40:00,1/12/2016 9:40,STTD,2016,A,TRUE,CLD,NA,NA,9.07,0.33,437,629,7.71,8.63,25.1,10,Low,870419,874000,3581,3581,23.55980931,23.55980931,1,NA,NA,Terrestrial Non-Insects,68,Order,Collembola,Collembola,NotDetermined,97,4.117,4.117,NA,NA,NA,NA,NA,NA,NA,NA,NA,NA,NA   NA   NA   NA,NA   NA   NA   NA
STTD_2016-01-12 09:40:00,1/12/2016 9:40,STTD,2016,A,TRUE,CLD,NA,NA,9.07,0.33,437,629,7.71,8.63,25.1,10,Low,870419,874000,3581,3581,23.55980931,23.55980931,1,NA,NA,Terrestrial Insects,66,Order,Hymenoptera,Hymenoptera,Adults,23,0.976,0.976,NA,NA,NA,NA,NA,NA,NA,NA,NA,NA,NA   NA   NA   NA,NA   NA   NA   NA
STTD_2016-01-12 09:40:00,1/12/2016 9:40,STTD,2016,A,TRUE,CLD,NA,NA,9.07,0.33,437,629,7.71,8.63,25.1,10,Low,870419,874000,3581,3581,23.55980931,23.55980931,1,NA,NA,Terrestrial Insects,85,Order,Thysanoptera,Thysanoptera,Adults,1,0.042,0.042,NA,NA,NA,NA,NA,NA,NA,NA,NA,NA,NA   NA   NA   NA,NA   NA   NA   NA
STTD_2016-01-12 09:40:00,1/12/2016 9:40,STTD,2016,A,TRUE,CLD,NA,NA,9.07,0.33,437,629,7.71,8.63,25.1,10,Low,870419,874000,3581,3581,23.55980931,23.55980931,1,NA,NA,Terrestrial Non-Insects,157,Order,Araneae,Araneae,NotDetermined,1,0.042,0.042,NA,NA,NA,NA,NA,NA,NA,NA,NA,NA,NA   NA   NA   NA,NA   NA   NA   NA
SHR_2016-01-13 09:14:00,1/13/2016 9:14,SHR,2016,A,FALSE,CLD,NA,NA,9.55,0.5,132,188,7.46,11.19,21.3,10,Low,864471,870000,5529,5529,36.37592451,36.37592451,1,NA,NA,Aquatic Insects,40,Family,Caenidae,Caenidae,Larvae,1,0.027,0.027,NA,NA,NA,NA,NA,NA,NA,NA,NA,NA,NA   NA   NA   NA,NA   NA   NA   NA
SHR_2016-01-13 09:14:00,1/13/2016 9:14,SHR,2016,A,FALSE,CLD,NA,NA,9.55,0.5,132,188,7.46,11.19,21.3,10,Low,864471,870000,5529,5529,36.37592451,36.37592451,1,NA,NA,Aquatic Insects,43,Family,Heptageniidae,Heptageniidae,Larvae,1,0.027,0.027,NA,NA,NA,NA,NA,NA,NA,NA,NA,NA,NA   NA   NA   NA,NA   NA   NA   NA
SHR_2016-01-13 09:14:00,1/13/2016 9:14,SHR,2016,A,FALSE,CLD,NA,NA,9.55,0.5,132,188,7.46,11.19,21.3,10,Low,864471,870000,5529,5529,36.37592451,36.37592451,1,NA,NA,Aquatic Insects,46,Family,Coenagrionidae,Coenagrionidae,Larvae,1,0.027,0.027,NA,NA,NA,NA,NA,NA,NA,NA,NA,NA,NA   NA   NA   NA,NA   NA   NA   NA
SHR_2016-01-13 09:14:00,1/13/2016 9:14,SHR,2016,A,FALSE,CLD,NA,NA,9.55,0.5,132,188,7.46,11.19,21.3,10,Low,864471,870000,5529,5529,36.37592451,36.37592451,1,NA,NA,Aquatic Non-Insects,9,Family,Corophiidae,Corophiidae,NotDetermined,1,0.027,0.027,NA,NA,NA,NA,NA,NA,NA,NA,NA,NA,NA   NA   NA   NA,NA   NA   NA   NA
SHR_2016-01-13 09:14:00,1/13/2016 9:14,SHR,2016,A,FALSE,CLD,NA,NA,9.55,0.5,132,188,7.46,11.19,21.3,10,Low,864471,870000,5529,5529,36.37592451,36.37592451,1,NA,NA,Aquatic Non-Insects,10,Family,Crangonyctidae,Crangonyctidae,NotDetermined,1,0.027,0.027,NA,NA,NA,NA,NA,NA,NA,NA,NA,NA,NA   NA   NA   NA,NA   NA   NA   NA
SHR_2016-01-13 09:14:00,1/13/2016 9:14,SHR,2016,A,FALSE,CLD,NA,NA,9.55,0.5,132,188,7.46,11.19,21.3,10,Low,864471,870000,5529,5529,36.37592451,36.37592451,1,NA,NA,Aquatic Non-Insects,15,Family,Hyalellidae,Hyalellidae,NotDetermined,17,0.467,0.467,NA,NA,NA,NA,NA,NA,NA,NA,NA,NA,NA   NA   NA   NA,NA   NA   NA   NA
SHR_2016-01-13 09:14:00,1/13/2016 9:14,SHR,2016,A,FALSE,CLD,NA,NA,9.55,0.5,132,188,7.46,11.19,21.3,10,Low,864471,870000,5529,5529,36.37592451,36.37592451,1,NA,NA,Aquatic Non-Insects,28,Family,Lebertiidae,Lebertiidae,Larvae,16,0.44,0.44,NA,NA,NA,NA,NA,NA,NA,NA,NA,NA,NA   NA   NA   NA,NA   NA   NA   NA
SHR_2016-01-13 09:14:00,1/13/2016 9:14,SHR,2016,A,FALSE,CLD,NA,NA,9.55,0.5,132,188,7.46,11.19,21.3,10,Low,864471,870000,5529,5529,36.37592451,36.37592451,1,NA,NA,Aquatic Non-Insects,120,Family,Lebertiidae,Lebertiidae,Larvae,16,0.44,0.44,NA,NA,NA,NA,NA,NA,NA,NA,NA,NA,NA   NA   NA   NA,NA   NA   NA   NA
SHR_2016-01-13 09:14:00,1/13/2016 9:14,SHR,2016,A,FALSE,CLD,NA,NA,9.55,0.5,132,188,7.46,11.19,21.3,10,Low,864471,870000,5529,5529,36.37592451,36.37592451,1,NA,NA,Aquatic Non-Insects,119,Family,Limnesiidae,Limnesiidae,NotDetermined,1,0.027,0.027,NA,NA,NA,NA,NA,NA,NA,NA,NA,NA,NA   NA   NA   NA,NA   NA   NA   NA
SHR_2016-01-13 09:14:00,1/13/2016 9:14,SHR,2016,A,FALSE,CLD,NA,NA,9.55,0.5,132,188,7.46,11.19,21.3,10,Low,864471,870000,5529,5529,36.37592451,36.37592451,1,NA,NA,Terrestrial Insects,64,Order,Diptera,Diptera,Adults,1,0.027,0.027,NA,NA,NA,NA,NA,NA,NA,NA,NA,NA,NA   NA   NA   NA,NA   NA   NA   NA
SHR_2016-01-13 09:14:00,1/13/2016 9:14,SHR,2016,A,FALSE,CLD,NA,NA,9.55,0.5,132,188,7.46,11.19,21.3,10,Low,864471,870000,5529,5529,36.37592451,36.37592451,1,NA,NA,Terrestrial Non-Insects,68,Order,Collembola,Collembola,NotDetermined,1,0.027,0.027,NA,NA,NA,NA,NA,NA,NA,NA,NA,NA,NA   NA   NA   NA,NA   NA   NA   NA
SHR_2016-01-13 09:14:00,1/13/2016 9:14,SHR,2016,A,FALSE,CLD,NA,NA,9.55,0.5,132,188,7.46,11.19,21.3,10,Low,864471,870000,5529,5529,36.37592451,36.37592451,1,NA,NA,Terrestrial Insects,66,Order,Hymenoptera,Hymenoptera,Adults,2,0.055,0.055,NA,NA,NA,NA,NA,NA,NA,NA,NA,NA,NA   NA   NA   NA,NA   NA   NA   NA
STTD_2016-01-27 09:15:00,1/27/2016 9:15,STTD,2016,A,FALSE,CLR,NA,NA,11.96,0.18,462,615,7.65,8.27,68.4,10,Low,859749,864000,4251,4251,27.96781608,27.96781608,1,higher flow & Ebb tide. Samples collect from the screw trap,NA,Aquatic Insects,46,Family,Coenagrionidae,Coenagrionidae,Larvae,1,0.036,0.036,NA,NA,NA,NA,NA,NA,NA,NA,NA,NA,NA   NA   NA   NA,NA   NA   NA   NA
STTD_2016-01-27 09:15:00,1/27/2016 9:15,STTD,2016,A,FALSE,CLR,NA,NA,11.96,0.18,462,615,7.65,8.27,68.4,10,Low,859749,864000,4251,4251,27.96781608,27.96781608,1,higher flow & Ebb tide. Samples collect from the screw trap,NA,Aquatic Insects,44,Family,Corixidae,Corixidae,Larvae,17,0.608,0.608,NA,NA,NA,NA,NA,NA,NA,NA,NA,NA,NA   NA   NA   NA,NA   NA   NA   NA
STTD_2016-01-27 09:15:00,1/27/2016 9:15,STTD,2016,A,FALSE,CLR,NA,NA,11.96,0.18,462,615,7.65,8.27,68.4,10,Low,859749,864000,4251,4251,27.96781608,27.96781608,1,higher flow & Ebb tide. Samples collect from the screw trap,NA,Aquatic Insects,34,Family,Chironomidae,Chironomidae,Larvae,4,0.143,0.143,NA,NA,NA,NA,NA,NA,NA,NA,NA,NA,NA   NA   NA   NA,NA   NA   NA   NA
STTD_2016-01-27 09:15:00,1/27/2016 9:15,STTD,2016,A,FALSE,CLR,NA,NA,11.96,0.18,462,615,7.65,8.27,68.4,10,Low,859749,864000,4251,4251,27.96781608,27.96781608,1,higher flow & Ebb tide. Samples collect from the screw trap,NA,Aquatic Insects,34,Family,Chironomidae,Chironomidae,Adults,6,0.215,0.215,NA,NA,NA,NA,NA,NA,NA,NA,NA,NA,NA   NA   NA   NA,NA   NA   NA   NA
STTD_2016-01-27 09:15:00,1/27/2016 9:15,STTD,2016,A,FALSE,CLR,NA,NA,11.96,0.18,462,615,7.65,8.27,68.4,10,Low,859749,864000,4251,4251,27.96781608,27.96781608,1,higher flow & Ebb tide. Samples collect from the screw trap,NA,Aquatic Insects,32,Family,Ceratopogonidae,Ceratopogonidae,Adults,1,0.036,0.036,NA,NA,NA,NA,NA,NA,NA,NA,NA,NA,NA   NA   NA   NA,NA   NA   NA   NA
STTD_2016-01-27 09:15:00,1/27/2016 9:15,STTD,2016,A,FALSE,CLR,NA,NA,11.96,0.18,462,615,7.65,8.27,68.4,10,Low,859749,864000,4251,4251,27.96781608,27.96781608,1,higher flow & Ebb tide. Samples collect from the screw trap,NA,Aquatic Insects,39,Family,Tipulidae,Tipulidae,Larvae,2,0.072,0.072,NA,NA,NA,NA,NA,NA,NA,NA,NA,NA,NA   NA   NA   NA,NA   NA   NA   NA
STTD_2016-01-27 09:15:00,1/27/2016 9:15,STTD,2016,A,FALSE,CLR,NA,NA,11.96,0.18,462,615,7.65,8.27,68.4,10,Low,859749,864000,4251,4251,27.96781608,27.96781608,1,higher flow & Ebb tide. Samples collect from the screw trap,NA,Aquatic Non-Insects,4,Family,Naididae,Naididae,NotDetermined,1,0.036,0.036,NA,NA,NA,NA,NA,NA,NA,NA,NA,NA,NA   NA   NA   NA,NA   NA   NA   NA
STTD_2016-01-27 09:15:00,1/27/2016 9:15,STTD,2016,A,FALSE,CLR,NA,NA,11.96,0.18,462,615,7.65,8.27,68.4,10,Low,859749,864000,4251,4251,27.96781608,27.96781608,1,higher flow & Ebb tide. Samples collect from the screw trap,NA,Aquatic Non-Insects,142,Family,Sphaeriidae,Sphaeriidae,NotDetermined,2,0.072,0.072,NA,NA,NA,NA,NA,NA,NA,NA,NA,NA,NA   NA   NA   NA,NA   NA   NA   NA
STTD_2016-01-27 09:15:00,1/27/2016 9:15,STTD,2016,A,FALSE,CLR,NA,NA,11.96,0.18,462,615,7.65,8.27,68.4,10,Low,859749,864000,4251,4251,27.96781608,27.96781608,1,higher flow & Ebb tide. Samples collect from the screw trap,NA,Aquatic Non-Insects,172,Family,Murchisonellidae,Murchisonellidae,NotDetermined,2,0.072,0.072,NA,NA,NA,NA,NA,NA,NA,NA,NA,NA,NA   NA   NA   NA,NA   NA   NA   NA
STTD_2016-01-27 09:15:00,1/27/2016 9:15,STTD,2016,A,FALSE,CLR,NA,NA,11.96,0.18,462,615,7.65,8.27,68.4,10,Low,859749,864000,4251,4251,27.96781608,27.96781608,1,higher flow & Ebb tide. Samples collect from the screw trap,NA,Aquatic Non-Insects,153,Family,Daphniidae,Daphniidae,NotDetermined,1,0.036,0.036,NA,NA,NA,NA,NA,NA,NA,NA,NA,NA,NA   NA   NA   NA,NA   NA   NA   NA
STTD_2016-01-27 09:15:00,1/27/2016 9:15,STTD,2016,A,FALSE,CLR,NA,NA,11.96,0.18,462,615,7.65,8.27,68.4,10,Low,859749,864000,4251,4251,27.96781608,27.96781608,1,higher flow & Ebb tide. Samples collect from the screw trap,NA,Aquatic Non-Insects,15,Family,Hyalellidae,Hyalellidae,NotDetermined,21,0.751,0.751,NA,NA,NA,NA,NA,NA,NA,NA,NA,NA,NA   NA   NA   NA,NA   NA   NA   NA
STTD_2016-01-27 09:15:00,1/27/2016 9:15,STTD,2016,A,FALSE,CLR,NA,NA,11.96,0.18,462,615,7.65,8.27,68.4,10,Low,859749,864000,4251,4251,27.96781608,27.96781608,1,higher flow & Ebb tide. Samples collect from the screw trap,NA,Aquatic Non-Insects,118,Class,Ostracoda,Ostracod,NotDetermined,1,0.036,0.036,NA,NA,NA,NA,NA,NA,NA,NA,NA,NA,NA   NA   NA   NA,NA   NA   NA   NA
STTD_2016-01-27 09:15:00,1/27/2016 9:15,STTD,2016,A,FALSE,CLR,NA,NA,11.96,0.18,462,615,7.65,8.27,68.4,10,Low,859749,864000,4251,4251,27.96781608,27.96781608,1,higher flow & Ebb tide. Samples collect from the screw trap,NA,Aquatic Non-Insects,119,Family,Limnesiidae,Limnesiidae,NotDetermined,1,0.036,0.036,NA,NA,NA,NA,NA,NA,NA,NA,NA,NA,NA   NA   NA   NA,NA   NA   NA   NA
STTD_2016-01-27 09:15:00,1/27/2016 9:15,STTD,2016,A,FALSE,CLR,NA,NA,11.96,0.18,462,615,7.65,8.27,68.4,10,Low,859749,864000,4251,4251,27.96781608,27.96781608,1,higher flow & Ebb tide. Samples collect from the screw trap,NA,Aquatic Non-Insects,18,Family,Hydridae,Hydridae,NotDetermined,4,0.143,0.143,NA,NA,NA,NA,NA,NA,NA,NA,NA,NA,NA   NA   NA   NA,NA   NA   NA   NA
STTD_2016-01-27 09:15:00,1/27/2016 9:15,STTD,2016,A,FALSE,CLR,NA,NA,11.96,0.18,462,615,7.65,8.27,68.4,10,Low,859749,864000,4251,4251,27.96781608,27.96781608,1,higher flow & Ebb tide. Samples collect from the screw trap,NA,Terrestrial Insects,71,Order,Hemiptera,Hemiptera,Larvae,1,0.036,0.036,NA,NA,NA,NA,NA,NA,NA,NA,NA,NA,NA   NA   NA   NA,NA   NA   NA   NA
STTD_2016-01-27 09:15:00,1/27/2016 9:15,STTD,2016,A,FALSE,CLR,NA,NA,11.96,0.18,462,615,7.65,8.27,68.4,10,Low,859749,864000,4251,4251,27.96781608,27.96781608,1,higher flow & Ebb tide. Samples collect from the screw trap,NA,Terrestrial Non-Insects,68,Order,Collembola,Collembola,NotDetermined,9,0.322,0.322,NA,NA,NA,NA,NA,NA,NA,NA,NA,NA,NA   NA   NA   NA,NA   NA   NA   NA
STTD_2016-01-27 09:15:00,1/27/2016 9:15,STTD,2016,A,FALSE,CLR,NA,NA,11.96,0.18,462,615,7.65,8.27,68.4,10,Low,859749,864000,4251,4251,27.96781608,27.96781608,1,higher flow & Ebb tide. Samples collect from the screw trap,NA,Terrestrial Non-Insects,57,Subclass,Acari,Acari,NotDetermined,1,0.036,0.036,NA,NA,NA,NA,NA,NA,NA,NA,NA,NA,NA   NA   NA   NA,NA   NA   NA   NA
SHR_2016-01-28 12:55:00,1/28/2016 12:55,SHR,2016,A,FALSE,CLD,NA,NA,10.7,0.22,112,154,7.52,10.64,58.2,10,Low,856833,860000,3167,3167,20.83605587,20.83605587,1,"sampled at boat dock, ebb tide",NA,Aquatic Insects,93,Family,Capniidae,Capniidae,Larvae,1,0.048,0.048,NA,NA,NA,NA,NA,NA,NA,NA,NA,NA,NA   NA   NA   NA,NA   NA   NA   NA
SHR_2016-01-28 12:55:00,1/28/2016 12:55,SHR,2016,A,FALSE,CLD,NA,NA,10.7,0.22,112,154,7.52,10.64,58.2,10,Low,856833,860000,3167,3167,20.83605587,20.83605587,1,"sampled at boat dock, ebb tide",NA,Aquatic Insects,44,Family,Corixidae,Corixidae,Larvae,1,0.048,0.048,NA,NA,NA,NA,NA,NA,NA,NA,NA,NA,NA   NA   NA   NA,NA   NA   NA   NA
SHR_2016-01-28 12:55:00,1/28/2016 12:55,SHR,2016,A,FALSE,CLD,NA,NA,10.7,0.22,112,154,7.52,10.64,58.2,10,Low,856833,860000,3167,3167,20.83605587,20.83605587,1,"sampled at boat dock, ebb tide",NA,Aquatic Insects,30,Family,Dytiscidae,Dytiscidae,Adults,2,0.096,0.096,NA,NA,NA,NA,NA,NA,NA,NA,NA,NA,NA   NA   NA   NA,NA   NA   NA   NA
SHR_2016-01-28 12:55:00,1/28/2016 12:55,SHR,2016,A,FALSE,CLD,NA,NA,10.7,0.22,112,154,7.52,10.64,58.2,10,Low,856833,860000,3167,3167,20.83605587,20.83605587,1,"sampled at boat dock, ebb tide",NA,Aquatic Insects,34,Family,Chironomidae,Chironomidae,Larvae,2,0.096,0.096,NA,NA,NA,NA,NA,NA,NA,NA,NA,NA,NA   NA   NA   NA,NA   NA   NA   NA
SHR_2016-01-28 12:55:00,1/28/2016 12:55,SHR,2016,A,FALSE,CLD,NA,NA,10.7,0.22,112,154,7.52,10.64,58.2,10,Low,856833,860000,3167,3167,20.83605587,20.83605587,1,"sampled at boat dock, ebb tide",NA,Aquatic Insects,34,Family,Chironomidae,Chironomidae,Adults,11,0.528,0.528,NA,NA,NA,NA,NA,NA,NA,NA,NA,NA,NA   NA   NA   NA,NA   NA   NA   NA
SHR_2016-01-28 12:55:00,1/28/2016 12:55,SHR,2016,A,FALSE,CLD,NA,NA,10.7,0.22,112,154,7.52,10.64,58.2,10,Low,856833,860000,3167,3167,20.83605587,20.83605587,1,"sampled at boat dock, ebb tide",NA,Aquatic Insects,38,Family,Simuliidae,Simuliidae,Larvae,1,0.048,0.048,NA,NA,NA,NA,NA,NA,NA,NA,NA,NA,NA   NA   NA   NA,NA   NA   NA   NA
SHR_2016-01-28 12:55:00,1/28/2016 12:55,SHR,2016,A,FALSE,CLD,NA,NA,10.7,0.22,112,154,7.52,10.64,58.2,10,Low,856833,860000,3167,3167,20.83605587,20.83605587,1,"sampled at boat dock, ebb tide",NA,Aquatic Non-Insects,2,Family,Enchytraeidae,Enchytraeidae,NotDetermined,1,0.048,0.048,NA,NA,NA,NA,NA,NA,NA,NA,NA,NA,NA   NA   NA   NA,NA   NA   NA   NA
SHR_2016-01-28 12:55:00,1/28/2016 12:55,SHR,2016,A,FALSE,CLD,NA,NA,10.7,0.22,112,154,7.52,10.64,58.2,10,Low,856833,860000,3167,3167,20.83605587,20.83605587,1,"sampled at boat dock, ebb tide",NA,Aquatic Non-Insects,4,Family,Naididae,Naididae,NotDetermined,1,0.048,0.048,NA,NA,NA,NA,NA,NA,NA,NA,NA,NA,NA   NA   NA   NA,NA   NA   NA   NA
SHR_2016-01-28 12:55:00,1/28/2016 12:55,SHR,2016,A,FALSE,CLD,NA,NA,10.7,0.22,112,154,7.52,10.64,58.2,10,Low,856833,860000,3167,3167,20.83605587,20.83605587,1,"sampled at boat dock, ebb tide",NA,Aquatic Non-Insects,15,Family,Hyalellidae,Hyalellidae,NotDetermined,2,0.096,0.096,NA,NA,NA,NA,NA,NA,NA,NA,NA,NA,NA   NA   NA   NA,NA   NA   NA   NA
SHR_2016-01-28 12:55:00,1/28/2016 12:55,SHR,2016,A,FALSE,CLD,NA,NA,10.7,0.22,112,154,7.52,10.64,58.2,10,Low,856833,860000,3167,3167,20.83605587,20.83605587,1,"sampled at boat dock, ebb tide",NA,Aquatic Non-Insects,28,Family,Lebertiidae,Lebertiidae,NotDetermined,1,0.048,0.048,NA,NA,NA,NA,NA,NA,NA,NA,NA,NA,NA   NA   NA   NA,NA   NA   NA   NA
SHR_2016-01-28 12:55:00,1/28/2016 12:55,SHR,2016,A,FALSE,CLD,NA,NA,10.7,0.22,112,154,7.52,10.64,58.2,10,Low,856833,860000,3167,3167,20.83605587,20.83605587,1,"sampled at boat dock, ebb tide",NA,Aquatic Non-Insects,120,Family,Lebertiidae,Lebertiidae,NotDetermined,1,0.048,0.048,NA,NA,NA,NA,NA,NA,NA,NA,NA,NA,NA   NA   NA   NA,NA   NA   NA   NA
SHR_2016-01-28 12:55:00,1/28/2016 12:55,SHR,2016,A,FALSE,CLD,NA,NA,10.7,0.22,112,154,7.52,10.64,58.2,10,Low,856833,860000,3167,3167,20.83605587,20.83605587,1,"sampled at boat dock, ebb tide",NA,Aquatic Non-Insects,18,Family,Hydridae,Hydridae,NotDetermined,1,0.048,0.048,NA,NA,NA,NA,NA,NA,NA,NA,NA,NA,NA   NA   NA   NA,NA   NA   NA   NA
SHR_2016-01-28 12:55:00,1/28/2016 12:55,SHR,2016,A,FALSE,CLD,NA,NA,10.7,0.22,112,154,7.52,10.64,58.2,10,Low,856833,860000,3167,3167,20.83605587,20.83605587,1,"sampled at boat dock, ebb tide",NA,Terrestrial Insects,63,Order,Coleoptera,Coleoptera,Adults,3,0.144,0.144,NA,NA,NA,NA,NA,NA,NA,NA,NA,NA,NA   NA   NA   NA,NA   NA   NA   NA
SHR_2016-01-28 12:55:00,1/28/2016 12:55,SHR,2016,A,FALSE,CLD,NA,NA,10.7,0.22,112,154,7.52,10.64,58.2,10,Low,856833,860000,3167,3167,20.83605587,20.83605587,1,"sampled at boat dock, ebb tide",NA,Terrestrial Insects,64,Order,Diptera,Diptera,Larvae,1,0.048,0.048,NA,NA,NA,NA,NA,NA,NA,NA,NA,NA,NA   NA   NA   NA,NA   NA   NA   NA
SHR_2016-01-28 12:55:00,1/28/2016 12:55,SHR,2016,A,FALSE,CLD,NA,NA,10.7,0.22,112,154,7.52,10.64,58.2,10,Low,856833,860000,3167,3167,20.83605587,20.83605587,1,"sampled at boat dock, ebb tide",NA,Terrestrial Insects,64,Order,Diptera,Diptera,Adults,1,0.048,0.048,NA,NA,NA,NA,NA,NA,NA,NA,NA,NA,NA   NA   NA   NA,NA   NA   NA   NA
SHR_2016-01-28 12:55:00,1/28/2016 12:55,SHR,2016,A,FALSE,CLD,NA,NA,10.7,0.22,112,154,7.52,10.64,58.2,10,Low,856833,860000,3167,3167,20.83605587,20.83605587,1,"sampled at boat dock, ebb tide",NA,Terrestrial Insects,66,Order,Hymenoptera,Hymenoptera,Adults,4,0.192,0.192,NA,NA,NA,NA,NA,NA,NA,NA,NA,NA,NA   NA   NA   NA,NA   NA   NA   NA
SHR_2016-02-08 10:07:00,2/8/2016 10:07,SHR,2016,A,FALSE,CLR,NA,NA,10.16,0.4,125,175,7.18,11.16,26.8,10,Low,852096,857000,4904,4904,32.2639779,32.2639779,1,NA,NA,Aquatic Insects,88,Family,Hydroptilidae,Hydroptilidae,Adults,1,0.031,0.031,NA,NA,NA,NA,NA,NA,NA,NA,NA,NA,NA   NA   NA   NA,NA   NA   NA   NA
SHR_2016-02-08 10:07:00,2/8/2016 10:07,SHR,2016,A,FALSE,CLR,NA,NA,10.16,0.4,125,175,7.18,11.16,26.8,10,Low,852096,857000,4904,4904,32.2639779,32.2639779,1,NA,NA,Aquatic Insects,93,Family,Capniidae,Capniidae,Larvae,1,0.031,0.031,NA,NA,NA,NA,NA,NA,NA,NA,NA,NA,NA   NA   NA   NA,NA   NA   NA   NA
SHR_2016-02-08 10:07:00,2/8/2016 10:07,SHR,2016,A,FALSE,CLR,NA,NA,10.16,0.4,125,175,7.18,11.16,26.8,10,Low,852096,857000,4904,4904,32.2639779,32.2639779,1,NA,NA,Aquatic Insects,44,Family,Corixidae,Corixidae,Larvae,4,0.124,0.124,NA,NA,NA,NA,NA,NA,NA,NA,NA,NA,NA   NA   NA   NA,NA   NA   NA   NA
SHR_2016-02-08 10:07:00,2/8/2016 10:07,SHR,2016,A,FALSE,CLR,NA,NA,10.16,0.4,125,175,7.18,11.16,26.8,10,Low,852096,857000,4904,4904,32.2639779,32.2639779,1,NA,NA,Aquatic Insects,30,Family,Dytiscidae,Dytiscidae,Adults,3,0.093,0.093,NA,NA,NA,NA,NA,NA,NA,NA,NA,NA,NA   NA   NA   NA,NA   NA   NA   NA
SHR_2016-02-08 10:07:00,2/8/2016 10:07,SHR,2016,A,FALSE,CLR,NA,NA,10.16,0.4,125,175,7.18,11.16,26.8,10,Low,852096,857000,4904,4904,32.2639779,32.2639779,1,NA,NA,Aquatic Insects,34,Family,Chironomidae,Chironomidae,Larvae,4,0.124,0.124,NA,NA,NA,NA,NA,NA,NA,NA,NA,NA,NA   NA   NA   NA,NA   NA   NA   NA
SHR_2016-02-08 10:07:00,2/8/2016 10:07,SHR,2016,A,FALSE,CLR,NA,NA,10.16,0.4,125,175,7.18,11.16,26.8,10,Low,852096,857000,4904,4904,32.2639779,32.2639779,1,NA,NA,Aquatic Insects,34,Family,Chironomidae,Chironomidae,Pupae,1,0.031,0.031,NA,NA,NA,NA,NA,NA,NA,NA,NA,NA,NA   NA   NA   NA,NA   NA   NA   NA
SHR_2016-02-08 10:07:00,2/8/2016 10:07,SHR,2016,A,FALSE,CLR,NA,NA,10.16,0.4,125,175,7.18,11.16,26.8,10,Low,852096,857000,4904,4904,32.2639779,32.2639779,1,NA,NA,Aquatic Insects,34,Family,Chironomidae,Chironomidae,Adults,20,0.62,0.62,NA,NA,NA,NA,NA,NA,NA,NA,NA,NA,NA   NA   NA   NA,NA   NA   NA   NA
SHR_2016-02-08 10:07:00,2/8/2016 10:07,SHR,2016,A,FALSE,CLR,NA,NA,10.16,0.4,125,175,7.18,11.16,26.8,10,Low,852096,857000,4904,4904,32.2639779,32.2639779,1,NA,NA,Aquatic Non-Insects,2,Family,Enchytraeidae,Enchytraeidae,NotDetermined,1,0.031,0.031,NA,NA,NA,NA,NA,NA,NA,NA,NA,NA,NA   NA   NA   NA,NA   NA   NA   NA
SHR_2016-02-08 10:07:00,2/8/2016 10:07,SHR,2016,A,FALSE,CLR,NA,NA,10.16,0.4,125,175,7.18,11.16,26.8,10,Low,852096,857000,4904,4904,32.2639779,32.2639779,1,NA,NA,Aquatic Non-Insects,4,Family,Naididae,Naididae,NotDetermined,4,0.124,0.124,NA,NA,NA,NA,NA,NA,NA,NA,NA,NA,NA   NA   NA   NA,NA   NA   NA   NA
SHR_2016-02-08 10:07:00,2/8/2016 10:07,SHR,2016,A,FALSE,CLR,NA,NA,10.16,0.4,125,175,7.18,11.16,26.8,10,Low,852096,857000,4904,4904,32.2639779,32.2639779,1,NA,NA,Aquatic Non-Insects,21,Family,Planorbidae,Planorbidae,NotDetermined,1,0.031,0.031,NA,NA,NA,NA,NA,NA,NA,NA,NA,NA,NA   NA   NA   NA,NA   NA   NA   NA
SHR_2016-02-08 10:07:00,2/8/2016 10:07,SHR,2016,A,FALSE,CLR,NA,NA,10.16,0.4,125,175,7.18,11.16,26.8,10,Low,852096,857000,4904,4904,32.2639779,32.2639779,1,NA,NA,Aquatic Non-Insects,9,Family,Corophiidae,Corophiidae,NotDetermined,1,0.031,0.031,NA,NA,NA,NA,NA,NA,NA,NA,NA,NA,NA   NA   NA   NA,NA   NA   NA   NA
SHR_2016-02-08 10:07:00,2/8/2016 10:07,SHR,2016,A,FALSE,CLR,NA,NA,10.16,0.4,125,175,7.18,11.16,26.8,10,Low,852096,857000,4904,4904,32.2639779,32.2639779,1,NA,NA,Aquatic Non-Insects,15,Family,Hyalellidae,Hyalellidae,NotDetermined,7,0.217,0.217,NA,NA,NA,NA,NA,NA,NA,NA,NA,NA,NA   NA   NA   NA,NA   NA   NA   NA
SHR_2016-02-08 10:07:00,2/8/2016 10:07,SHR,2016,A,FALSE,CLR,NA,NA,10.16,0.4,125,175,7.18,11.16,26.8,10,Low,852096,857000,4904,4904,32.2639779,32.2639779,1,NA,NA,Aquatic Non-Insects,28,Family,Lebertiidae,Lebertiidae,NotDetermined,10,0.31,0.31,NA,NA,NA,NA,NA,NA,NA,NA,NA,NA,NA   NA   NA   NA,NA   NA   NA   NA
SHR_2016-02-08 10:07:00,2/8/2016 10:07,SHR,2016,A,FALSE,CLR,NA,NA,10.16,0.4,125,175,7.18,11.16,26.8,10,Low,852096,857000,4904,4904,32.2639779,32.2639779,1,NA,NA,Aquatic Non-Insects,120,Family,Lebertiidae,Lebertiidae,NotDetermined,10,0.31,0.31,NA,NA,NA,NA,NA,NA,NA,NA,NA,NA,NA   NA   NA   NA,NA   NA   NA   NA
SHR_2016-02-08 10:07:00,2/8/2016 10:07,SHR,2016,A,FALSE,CLR,NA,NA,10.16,0.4,125,175,7.18,11.16,26.8,10,Low,852096,857000,4904,4904,32.2639779,32.2639779,1,NA,NA,Aquatic Non-Insects,18,Family,Hydridae,Hydridae,NotDetermined,1,0.031,0.031,NA,NA,NA,NA,NA,NA,NA,NA,NA,NA,NA   NA   NA   NA,NA   NA   NA   NA
SHR_2016-02-08 10:07:00,2/8/2016 10:07,SHR,2016,A,FALSE,CLR,NA,NA,10.16,0.4,125,175,7.18,11.16,26.8,10,Low,852096,857000,4904,4904,32.2639779,32.2639779,1,NA,NA,Terrestrial Insects,71,Order,Hemiptera,Hemiptera,Adults,3,0.093,0.093,NA,NA,NA,NA,NA,NA,NA,NA,NA,NA,NA   NA   NA   NA,NA   NA   NA   NA
SHR_2016-02-08 10:07:00,2/8/2016 10:07,SHR,2016,A,FALSE,CLR,NA,NA,10.16,0.4,125,175,7.18,11.16,26.8,10,Low,852096,857000,4904,4904,32.2639779,32.2639779,1,NA,NA,Terrestrial Insects,63,Order,Coleoptera,Coleoptera,Larvae,1,0.031,0.031,NA,NA,NA,NA,NA,NA,NA,NA,NA,NA,NA   NA   NA   NA,NA   NA   NA   NA
SHR_2016-02-08 10:07:00,2/8/2016 10:07,SHR,2016,A,FALSE,CLR,NA,NA,10.16,0.4,125,175,7.18,11.16,26.8,10,Low,852096,857000,4904,4904,32.2639779,32.2639779,1,NA,NA,Terrestrial Insects,63,Order,Coleoptera,Coleoptera,Adults,14,0.434,0.434,NA,NA,NA,NA,NA,NA,NA,NA,NA,NA,NA   NA   NA   NA,NA   NA   NA   NA
SHR_2016-02-08 10:07:00,2/8/2016 10:07,SHR,2016,A,FALSE,CLR,NA,NA,10.16,0.4,125,175,7.18,11.16,26.8,10,Low,852096,857000,4904,4904,32.2639779,32.2639779,1,NA,NA,Terrestrial Insects,64,Order,Diptera,Diptera,Adults,7,0.217,0.217,NA,NA,NA,NA,NA,NA,NA,NA,NA,NA,NA   NA   NA   NA,NA   NA   NA   NA
SHR_2016-02-08 10:07:00,2/8/2016 10:07,SHR,2016,A,FALSE,CLR,NA,NA,10.16,0.4,125,175,7.18,11.16,26.8,10,Low,852096,857000,4904,4904,32.2639779,32.2639779,1,NA,NA,Terrestrial Non-Insects,68,Order,Collembola,Collembola,NotDetermined,7,0.217,0.217,NA,NA,NA,NA,NA,NA,NA,NA,NA,NA,NA   NA   NA   NA,NA   NA   NA   NA
SHR_2016-02-08 10:07:00,2/8/2016 10:07,SHR,2016,A,FALSE,CLR,NA,NA,10.16,0.4,125,175,7.18,11.16,26.8,10,Low,852096,857000,4904,4904,32.2639779,32.2639779,1,NA,NA,Terrestrial Insects,66,Order,Hymenoptera,Hymenoptera,Adults,12,0.372,0.372,NA,NA,NA,NA,NA,NA,NA,NA,NA,NA,NA   NA   NA   NA,NA   NA   NA   NA
SHR_2016-02-08 10:07:00,2/8/2016 10:07,SHR,2016,A,FALSE,CLR,NA,NA,10.16,0.4,125,175,7.18,11.16,26.8,10,Low,852096,857000,4904,4904,32.2639779,32.2639779,1,NA,NA,Terrestrial Insects,72,Order,Isoptera,Isoptera,Adults,1,0.031,0.031,NA,NA,NA,NA,NA,NA,NA,NA,NA,NA,NA   NA   NA   NA,NA   NA   NA   NA
SHR_2016-02-08 10:07:00,2/8/2016 10:07,SHR,2016,A,FALSE,CLR,NA,NA,10.16,0.4,125,175,7.18,11.16,26.8,10,Low,852096,857000,4904,4904,32.2639779,32.2639779,1,NA,NA,Terrestrial Insects,67,Order,Psocoptera,Psocoptera,Adults,1,0.031,0.031,NA,NA,NA,NA,NA,NA,NA,NA,NA,NA,NA   NA   NA   NA,NA   NA   NA   NA
SHR_2016-02-08 10:07:00,2/8/2016 10:07,SHR,2016,A,FALSE,CLR,NA,NA,10.16,0.4,125,175,7.18,11.16,26.8,10,Low,852096,857000,4904,4904,32.2639779,32.2639779,1,NA,NA,Terrestrial Insects,85,Order,Thysanoptera,Thysanoptera,Adults,3,0.093,0.093,NA,NA,NA,NA,NA,NA,NA,NA,NA,NA,NA   NA   NA   NA,NA   NA   NA   NA
SHR_2016-02-08 10:07:00,2/8/2016 10:07,SHR,2016,A,FALSE,CLR,NA,NA,10.16,0.4,125,175,7.18,11.16,26.8,10,Low,852096,857000,4904,4904,32.2639779,32.2639779,1,NA,NA,Terrestrial Non-Insects,157,Order,Araneae,Araneae,NotDetermined,1,0.031,0.031,NA,NA,NA,NA,NA,NA,NA,NA,NA,NA,NA   NA   NA   NA,NA   NA   NA   NA
SHR_2016-02-08 10:07:00,2/8/2016 10:07,SHR,2016,A,FALSE,CLR,NA,NA,10.16,0.4,125,175,7.18,11.16,26.8,10,Low,852096,857000,4904,4904,32.2639779,32.2639779,1,NA,NA,Terrestrial Non-Insects,57,Subclass,Acari,Acari,NotDetermined,1,0.031,0.031,NA,NA,NA,NA,NA,NA,NA,NA,NA,NA,NA   NA   NA   NA,NA   NA   NA   NA
SHR_2016-02-08 10:07:00,2/8/2016 10:07,SHR,2016,A,FALSE,CLR,NA,NA,10.16,0.4,125,175,7.18,11.16,26.8,10,Low,852096,857000,4904,4904,32.2639779,32.2639779,1,NA,NA,Aquatic Insects,81,Family,Hydrophilidae,Hydrophilidae,Adults,1,0.031,0.031,NA,NA,NA,NA,NA,NA,NA,NA,NA,NA,NA   NA   NA   NA,NA   NA   NA   NA
SHR_2016-02-08 10:07:00,2/8/2016 10:07,SHR,2016,A,FALSE,CLR,NA,NA,10.16,0.4,125,175,7.18,11.16,26.8,10,Low,852096,857000,4904,4904,32.2639779,32.2639779,1,NA,NA,Aquatic Insects,41,Family,Baetidae,Baetidae,Larvae,1,0.031,0.031,NA,NA,NA,NA,NA,NA,NA,NA,NA,NA,NA   NA   NA   NA,NA   NA   NA   NA
STTD_2016-02-09 10:14:00,2/9/2016 10:14,STTD,2016,A,FALSE,CLR,NA,NA,11.61,0.13,581,781,7.8,8.57,61,10,Low,848192,852000,3808,3808,25.05326832,25.05326832,1,NA,NA,Aquatic Insects,44,Family,Corixidae,Corixidae,Larvae,5,0.2,0.2,NA,NA,NA,NA,NA,NA,NA,NA,NA,NA,NA   NA   NA   NA,NA   NA   NA   NA
STTD_2016-02-09 10:14:00,2/9/2016 10:14,STTD,2016,A,FALSE,CLR,NA,NA,11.61,0.13,581,781,7.8,8.57,61,10,Low,848192,852000,3808,3808,25.05326832,25.05326832,1,NA,NA,Aquatic Insects,34,Family,Chironomidae,Chironomidae,Adults,7,0.279,0.279,NA,NA,NA,NA,NA,NA,NA,NA,NA,NA,NA   NA   NA   NA,NA   NA   NA   NA
STTD_2016-02-09 10:14:00,2/9/2016 10:14,STTD,2016,A,FALSE,CLR,NA,NA,11.61,0.13,581,781,7.8,8.57,61,10,Low,848192,852000,3808,3808,25.05326832,25.05326832,1,NA,NA,Aquatic Non-Insects,172,Family,Murchisonellidae,Murchisonellidae,NotDetermined,1,0.04,0.04,NA,NA,NA,NA,NA,NA,NA,NA,NA,NA,NA   NA   NA   NA,NA   NA   NA   NA
STTD_2016-02-09 10:14:00,2/9/2016 10:14,STTD,2016,A,FALSE,CLR,NA,NA,11.61,0.13,581,781,7.8,8.57,61,10,Low,848192,852000,3808,3808,25.05326832,25.05326832,1,NA,NA,Aquatic Non-Insects,15,Family,Hyalellidae,Hyalellidae,NotDetermined,27,1.078,1.078,NA,NA,NA,NA,NA,NA,NA,NA,NA,NA,NA   NA   NA   NA,NA   NA   NA   NA
STTD_2016-02-09 10:14:00,2/9/2016 10:14,STTD,2016,A,FALSE,CLR,NA,NA,11.61,0.13,581,781,7.8,8.57,61,10,Low,848192,852000,3808,3808,25.05326832,25.05326832,1,NA,NA,Aquatic Non-Insects,119,Family,Limnesiidae,Limnesiidae,NotDetermined,1,0.04,0.04,NA,NA,NA,NA,NA,NA,NA,NA,NA,NA,NA   NA   NA   NA,NA   NA   NA   NA
STTD_2016-02-09 10:14:00,2/9/2016 10:14,STTD,2016,A,FALSE,CLR,NA,NA,11.61,0.13,581,781,7.8,8.57,61,10,Low,848192,852000,3808,3808,25.05326832,25.05326832,1,NA,NA,Aquatic Non-Insects,123,Family,Pionidae,Pionidae,NotDetermined,2,0.08,0.08,NA,NA,NA,NA,NA,NA,NA,NA,NA,NA,NA   NA   NA   NA,NA   NA   NA   NA
STTD_2016-02-09 10:14:00,2/9/2016 10:14,STTD,2016,A,FALSE,CLR,NA,NA,11.61,0.13,581,781,7.8,8.57,61,10,Low,848192,852000,3808,3808,25.05326832,25.05326832,1,NA,NA,Aquatic Non-Insects,18,Family,Hydridae,Hydridae,NotDetermined,13,0.519,0.519,NA,NA,NA,NA,NA,NA,NA,NA,NA,NA,NA   NA   NA   NA,NA   NA   NA   NA
STTD_2016-02-09 10:14:00,2/9/2016 10:14,STTD,2016,A,FALSE,CLR,NA,NA,11.61,0.13,581,781,7.8,8.57,61,10,Low,848192,852000,3808,3808,25.05326832,25.05326832,1,NA,NA,Terrestrial Insects,71,Order,Hemiptera,Hemiptera,Larvae,1,0.04,0.04,NA,NA,NA,NA,NA,NA,NA,NA,NA,NA,NA   NA   NA   NA,NA   NA   NA   NA
STTD_2016-02-09 10:14:00,2/9/2016 10:14,STTD,2016,A,FALSE,CLR,NA,NA,11.61,0.13,581,781,7.8,8.57,61,10,Low,848192,852000,3808,3808,25.05326832,25.05326832,1,NA,NA,Terrestrial Insects,63,Order,Coleoptera,Coleoptera,Adults,1,0.04,0.04,NA,NA,NA,NA,NA,NA,NA,NA,NA,NA,NA   NA   NA   NA,NA   NA   NA   NA
STTD_2016-02-09 10:14:00,2/9/2016 10:14,STTD,2016,A,FALSE,CLR,NA,NA,11.61,0.13,581,781,7.8,8.57,61,10,Low,848192,852000,3808,3808,25.05326832,25.05326832,1,NA,NA,Terrestrial Non-Insects,68,Order,Collembola,Collembola,NotDetermined,5,0.2,0.2,NA,NA,NA,NA,NA,NA,NA,NA,NA,NA,NA   NA   NA   NA,NA   NA   NA   NA
STTD_2016-02-09 10:14:00,2/9/2016 10:14,STTD,2016,A,FALSE,CLR,NA,NA,11.61,0.13,581,781,7.8,8.57,61,10,Low,848192,852000,3808,3808,25.05326832,25.05326832,1,NA,NA,Terrestrial Insects,67,Order,Psocoptera,Psocoptera,Larvae,1,0.04,0.04,NA,NA,NA,NA,NA,NA,NA,NA,NA,NA,NA   NA   NA   NA,NA   NA   NA   NA
STTD_2016-02-22 09:17:00,2/22/2016 9:17,STTD,2016,A,FALSE,CLR,NA,NA,14.11,0.19,712,899,7.65,7.49,47.7,10,Low,844097,848000,3903,3903,25.6782842,25.6782842,1,NA,NA,Aquatic Insects,44,Family,Corixidae,Corixidae,Larvae,2,0.078,0.078,NA,NA,NA,NA,NA,NA,NA,NA,NA,NA,NA   NA   NA   NA,NA   NA   NA   NA
STTD_2016-02-22 09:17:00,2/22/2016 9:17,STTD,2016,A,FALSE,CLR,NA,NA,14.11,0.19,712,899,7.65,7.49,47.7,10,Low,844097,848000,3903,3903,25.6782842,25.6782842,1,NA,NA,Aquatic Insects,34,Family,Chironomidae,Chironomidae,Pupae,1,0.039,0.039,NA,NA,NA,NA,NA,NA,NA,NA,NA,NA,NA   NA   NA   NA,NA   NA   NA   NA
STTD_2016-02-22 09:17:00,2/22/2016 9:17,STTD,2016,A,FALSE,CLR,NA,NA,14.11,0.19,712,899,7.65,7.49,47.7,10,Low,844097,848000,3903,3903,25.6782842,25.6782842,1,NA,NA,Aquatic Insects,34,Family,Chironomidae,Chironomidae,Adults,15,0.584,0.584,NA,NA,NA,NA,NA,NA,NA,NA,NA,NA,NA   NA   NA   NA,NA   NA   NA   NA
STTD_2016-02-22 09:17:00,2/22/2016 9:17,STTD,2016,A,FALSE,CLR,NA,NA,14.11,0.19,712,899,7.65,7.49,47.7,10,Low,844097,848000,3903,3903,25.6782842,25.6782842,1,NA,NA,Aquatic Non-Insects,4,Family,Naididae,Naididae,NotDetermined,1,0.039,0.039,NA,NA,NA,NA,NA,NA,NA,NA,NA,NA,NA   NA   NA   NA,NA   NA   NA   NA
STTD_2016-02-22 09:17:00,2/22/2016 9:17,STTD,2016,A,FALSE,CLR,NA,NA,14.11,0.19,712,899,7.65,7.49,47.7,10,Low,844097,848000,3903,3903,25.6782842,25.6782842,1,NA,NA,Aquatic Non-Insects,19,Family,Corbiculidae,Corbiculidae,NotDetermined,4,0.156,0.156,NA,NA,NA,NA,NA,NA,NA,NA,NA,NA,NA   NA   NA   NA,NA   NA   NA   NA
STTD_2016-02-22 09:17:00,2/22/2016 9:17,STTD,2016,A,FALSE,CLR,NA,NA,14.11,0.19,712,899,7.65,7.49,47.7,10,Low,844097,848000,3903,3903,25.6782842,25.6782842,1,NA,NA,Aquatic Non-Insects,172,Family,Murchisonellidae,Murchisonellidae,NotDetermined,2,0.078,0.078,NA,NA,NA,NA,NA,NA,NA,NA,NA,NA,NA   NA   NA   NA,NA   NA   NA   NA
STTD_2016-02-22 09:17:00,2/22/2016 9:17,STTD,2016,A,FALSE,CLR,NA,NA,14.11,0.19,712,899,7.65,7.49,47.7,10,Low,844097,848000,3903,3903,25.6782842,25.6782842,1,NA,NA,Aquatic Non-Insects,15,Family,Hyalellidae,Hyalellidae,NotDetermined,5,0.195,0.195,NA,NA,NA,NA,NA,NA,NA,NA,NA,NA,NA   NA   NA   NA,NA   NA   NA   NA
STTD_2016-02-22 09:17:00,2/22/2016 9:17,STTD,2016,A,FALSE,CLR,NA,NA,14.11,0.19,712,899,7.65,7.49,47.7,10,Low,844097,848000,3903,3903,25.6782842,25.6782842,1,NA,NA,Terrestrial Non-Insects,68,Order,Collembola,Collembola,NotDetermined,1,0.039,0.039,NA,NA,NA,NA,NA,NA,NA,NA,NA,NA,NA   NA   NA   NA,NA   NA   NA   NA
STTD_2016-02-22 09:17:00,2/22/2016 9:17,STTD,2016,A,FALSE,CLR,NA,NA,14.11,0.19,712,899,7.65,7.49,47.7,10,Low,844097,848000,3903,3903,25.6782842,25.6782842,1,NA,NA,Terrestrial Insects,67,Order,Psocoptera,Psocoptera,Larvae,1,0.039,0.039,NA,NA,NA,NA,NA,NA,NA,NA,NA,NA,NA   NA   NA   NA,NA   NA   NA   NA
STTD_2016-02-22 09:17:00,2/22/2016 9:17,STTD,2016,A,FALSE,CLR,NA,NA,14.11,0.19,712,899,7.65,7.49,47.7,10,Low,844097,848000,3903,3903,25.6782842,25.6782842,1,NA,NA,Terrestrial Non-Insects,157,Order,Araneae,Araneae,NotDetermined,1,0.039,0.039,NA,NA,NA,NA,NA,NA,NA,NA,NA,NA,NA   NA   NA   NA,NA   NA   NA   NA
SHR_2016-02-23 09:53:00,2/23/2016 9:53,SHR,2016,A,FALSE,CLR,NA,NA,11.47,0.8,112,151,7.37,10.85,16,10,Low,838230,844000,5770,5770,37.96149112,37.96149112,1,NA,NA,Aquatic Insects,41,Family,Baetidae,Baetidae,Larvae,1,0.026,0.026,NA,NA,NA,NA,NA,NA,NA,NA,NA,NA,NA   NA   NA   NA,NA   NA   NA   NA
SHR_2016-02-23 09:53:00,2/23/2016 9:53,SHR,2016,A,FALSE,CLR,NA,NA,11.47,0.8,112,151,7.37,10.85,16,10,Low,838230,844000,5770,5770,37.96149112,37.96149112,1,NA,NA,Aquatic Insects,40,Family,Caenidae,Caenidae,Larvae,10,0.263,0.263,NA,NA,NA,NA,NA,NA,NA,NA,NA,NA,NA   NA   NA   NA,NA   NA   NA   NA
SHR_2016-02-23 09:53:00,2/23/2016 9:53,SHR,2016,A,FALSE,CLR,NA,NA,11.47,0.8,112,151,7.37,10.85,16,10,Low,838230,844000,5770,5770,37.96149112,37.96149112,1,NA,NA,Aquatic Insects,93,Family,Capniidae,Capniidae,Larvae,1,0.026,0.026,NA,NA,NA,NA,NA,NA,NA,NA,NA,NA,NA   NA   NA   NA,NA   NA   NA   NA
SHR_2016-02-23 09:53:00,2/23/2016 9:53,SHR,2016,A,FALSE,CLR,NA,NA,11.47,0.8,112,151,7.37,10.85,16,10,Low,838230,844000,5770,5770,37.96149112,37.96149112,1,NA,NA,Aquatic Insects,46,Family,Coenagrionidae,Coenagrionidae,Larvae,44,1.159,1.159,NA,NA,NA,NA,NA,NA,NA,NA,NA,NA,NA   NA   NA   NA,NA   NA   NA   NA
SHR_2016-02-23 09:53:00,2/23/2016 9:53,SHR,2016,A,FALSE,CLR,NA,NA,11.47,0.8,112,151,7.37,10.85,16,10,Low,838230,844000,5770,5770,37.96149112,37.96149112,1,NA,NA,Aquatic Insects,30,Family,Dytiscidae,Dytiscidae,Adults,1,0.026,0.026,NA,NA,NA,NA,NA,NA,NA,NA,NA,NA,NA   NA   NA   NA,NA   NA   NA   NA
SHR_2016-02-23 09:53:00,2/23/2016 9:53,SHR,2016,A,FALSE,CLR,NA,NA,11.47,0.8,112,151,7.37,10.85,16,10,Low,838230,844000,5770,5770,37.96149112,37.96149112,1,NA,NA,Aquatic Insects,34,Family,Chironomidae,Chironomidae,Larvae,13,0.342,0.342,NA,NA,NA,NA,NA,NA,NA,NA,NA,NA,NA   NA   NA   NA,NA   NA   NA   NA
SHR_2016-02-23 09:53:00,2/23/2016 9:53,SHR,2016,A,FALSE,CLR,NA,NA,11.47,0.8,112,151,7.37,10.85,16,10,Low,838230,844000,5770,5770,37.96149112,37.96149112,1,NA,NA,Aquatic Insects,34,Family,Chironomidae,Chironomidae,Pupae,1,0.026,0.026,NA,NA,NA,NA,NA,NA,NA,NA,NA,NA,NA   NA   NA   NA,NA   NA   NA   NA
SHR_2016-02-23 09:53:00,2/23/2016 9:53,SHR,2016,A,FALSE,CLR,NA,NA,11.47,0.8,112,151,7.37,10.85,16,10,Low,838230,844000,5770,5770,37.96149112,37.96149112,1,NA,NA,Aquatic Insects,34,Family,Chironomidae,Chironomidae,Adults,15,0.395,0.395,NA,NA,NA,NA,NA,NA,NA,NA,NA,NA,NA   NA   NA   NA,NA   NA   NA   NA
SHR_2016-02-23 09:53:00,2/23/2016 9:53,SHR,2016,A,FALSE,CLR,NA,NA,11.47,0.8,112,151,7.37,10.85,16,10,Low,838230,844000,5770,5770,37.96149112,37.96149112,1,NA,NA,Aquatic Insects,32,Family,Ceratopogonidae,Ceratopogonidae,Pupae,1,0.026,0.026,NA,NA,NA,NA,NA,NA,NA,NA,NA,NA,NA   NA   NA   NA,NA   NA   NA   NA
SHR_2016-02-23 09:53:00,2/23/2016 9:53,SHR,2016,A,FALSE,CLR,NA,NA,11.47,0.8,112,151,7.37,10.85,16,10,Low,838230,844000,5770,5770,37.96149112,37.96149112,1,NA,NA,Aquatic Insects,37,Family,Psychodidae,Psychodidae,Pupae,1,0.026,0.026,NA,NA,NA,NA,NA,NA,NA,NA,NA,NA,NA   NA   NA   NA,NA   NA   NA   NA
SHR_2016-02-23 09:53:00,2/23/2016 9:53,SHR,2016,A,FALSE,CLR,NA,NA,11.47,0.8,112,151,7.37,10.85,16,10,Low,838230,844000,5770,5770,37.96149112,37.96149112,1,NA,NA,Aquatic Insects,39,Family,Tipulidae,Tipulidae,Larvae,1,0.026,0.026,NA,NA,NA,NA,NA,NA,NA,NA,NA,NA,NA   NA   NA   NA,NA   NA   NA   NA
SHR_2016-02-23 09:53:00,2/23/2016 9:53,SHR,2016,A,FALSE,CLR,NA,NA,11.47,0.8,112,151,7.37,10.85,16,10,Low,838230,844000,5770,5770,37.96149112,37.96149112,1,NA,NA,Aquatic Insects,39,Family,Tipulidae,Tipulidae,Pupae,1,0.026,0.026,NA,NA,NA,NA,NA,NA,NA,NA,NA,NA,NA   NA   NA   NA,NA   NA   NA   NA
SHR_2016-02-23 09:53:00,2/23/2016 9:53,SHR,2016,A,FALSE,CLR,NA,NA,11.47,0.8,112,151,7.37,10.85,16,10,Low,838230,844000,5770,5770,37.96149112,37.96149112,1,NA,NA,Aquatic Non-Insects,2,Family,Enchytraeidae,Enchytraeidae,NotDetermined,3,0.079,0.079,NA,NA,NA,NA,NA,NA,NA,NA,NA,NA,NA   NA   NA   NA,NA   NA   NA   NA
SHR_2016-02-23 09:53:00,2/23/2016 9:53,SHR,2016,A,FALSE,CLR,NA,NA,11.47,0.8,112,151,7.37,10.85,16,10,Low,838230,844000,5770,5770,37.96149112,37.96149112,1,NA,NA,Aquatic Non-Insects,4,Family,Naididae,Naididae,NotDetermined,9,0.237,0.237,NA,NA,NA,NA,NA,NA,NA,NA,NA,NA,NA   NA   NA   NA,NA   NA   NA   NA
SHR_2016-02-23 09:53:00,2/23/2016 9:53,SHR,2016,A,FALSE,CLR,NA,NA,11.47,0.8,112,151,7.37,10.85,16,10,Low,838230,844000,5770,5770,37.96149112,37.96149112,1,NA,NA,Aquatic Non-Insects,106,Family,Lymnaeidae,Lymnaeidae,NotDetermined,1,0.026,0.026,NA,NA,NA,NA,NA,NA,NA,NA,NA,NA,NA   NA   NA   NA,NA   NA   NA   NA
SHR_2016-02-23 09:53:00,2/23/2016 9:53,SHR,2016,A,FALSE,CLR,NA,NA,11.47,0.8,112,151,7.37,10.85,16,10,Low,838230,844000,5770,5770,37.96149112,37.96149112,1,NA,NA,Aquatic Non-Insects,21,Family,Planorbidae,Planorbidae,NotDetermined,3,0.079,0.079,NA,NA,NA,NA,NA,NA,NA,NA,NA,NA,NA   NA   NA   NA,NA   NA   NA   NA
SHR_2016-02-23 09:53:00,2/23/2016 9:53,SHR,2016,A,FALSE,CLR,NA,NA,11.47,0.8,112,151,7.37,10.85,16,10,Low,838230,844000,5770,5770,37.96149112,37.96149112,1,NA,NA,Aquatic Non-Insects,10,Family,Crangonyctidae,Crangonyctidae,NotDetermined,6,0.158,0.158,NA,NA,NA,NA,NA,NA,NA,NA,NA,NA,NA   NA   NA   NA,NA   NA   NA   NA
SHR_2016-02-23 09:53:00,2/23/2016 9:53,SHR,2016,A,FALSE,CLR,NA,NA,11.47,0.8,112,151,7.37,10.85,16,10,Low,838230,844000,5770,5770,37.96149112,37.96149112,1,NA,NA,Aquatic Non-Insects,15,Family,Hyalellidae,Hyalellidae,NotDetermined,17,0.448,0.448,NA,NA,NA,NA,NA,NA,NA,NA,NA,NA,NA   NA   NA   NA,NA   NA   NA   NA
SHR_2016-02-23 09:53:00,2/23/2016 9:53,SHR,2016,A,FALSE,CLR,NA,NA,11.47,0.8,112,151,7.37,10.85,16,10,Low,838230,844000,5770,5770,37.96149112,37.96149112,1,NA,NA,Aquatic Non-Insects,77,Family,Hygrobatidae,Hygrobatidae,NotDetermined,1,0.026,0.026,NA,NA,NA,NA,NA,NA,NA,NA,NA,NA,NA   NA   NA   NA,NA   NA   NA   NA
SHR_2016-02-23 09:53:00,2/23/2016 9:53,SHR,2016,A,FALSE,CLR,NA,NA,11.47,0.8,112,151,7.37,10.85,16,10,Low,838230,844000,5770,5770,37.96149112,37.96149112,1,NA,NA,Aquatic Non-Insects,28,Family,Lebertiidae,Lebertiidae,NotDetermined,1,0.026,0.026,NA,NA,NA,NA,NA,NA,NA,NA,NA,NA,NA   NA   NA   NA,NA   NA   NA   NA
SHR_2016-02-23 09:53:00,2/23/2016 9:53,SHR,2016,A,FALSE,CLR,NA,NA,11.47,0.8,112,151,7.37,10.85,16,10,Low,838230,844000,5770,5770,37.96149112,37.96149112,1,NA,NA,Aquatic Non-Insects,120,Family,Lebertiidae,Lebertiidae,NotDetermined,1,0.026,0.026,NA,NA,NA,NA,NA,NA,NA,NA,NA,NA,NA   NA   NA   NA,NA   NA   NA   NA
SHR_2016-02-23 09:53:00,2/23/2016 9:53,SHR,2016,A,FALSE,CLR,NA,NA,11.47,0.8,112,151,7.37,10.85,16,10,Low,838230,844000,5770,5770,37.96149112,37.96149112,1,NA,NA,Aquatic Non-Insects,18,Family,Hydridae,Hydridae,NotDetermined,2,0.053,0.053,NA,NA,NA,NA,NA,NA,NA,NA,NA,NA,NA   NA   NA   NA,NA   NA   NA   NA
SHR_2016-02-23 09:53:00,2/23/2016 9:53,SHR,2016,A,FALSE,CLR,NA,NA,11.47,0.8,112,151,7.37,10.85,16,10,Low,838230,844000,5770,5770,37.96149112,37.96149112,1,NA,NA,Terrestrial Insects,71,Order,Hemiptera,Hemiptera,Adults,3,0.079,0.079,NA,NA,NA,NA,NA,NA,NA,NA,NA,NA,NA   NA   NA   NA,NA   NA   NA   NA
SHR_2016-02-23 09:53:00,2/23/2016 9:53,SHR,2016,A,FALSE,CLR,NA,NA,11.47,0.8,112,151,7.37,10.85,16,10,Low,838230,844000,5770,5770,37.96149112,37.96149112,1,NA,NA,Terrestrial Insects,63,Order,Coleoptera,Coleoptera,Larvae,1,0.026,0.026,NA,NA,NA,NA,NA,NA,NA,NA,NA,NA,NA   NA   NA   NA,NA   NA   NA   NA
SHR_2016-02-23 09:53:00,2/23/2016 9:53,SHR,2016,A,FALSE,CLR,NA,NA,11.47,0.8,112,151,7.37,10.85,16,10,Low,838230,844000,5770,5770,37.96149112,37.96149112,1,NA,NA,Terrestrial Insects,63,Order,Coleoptera,Coleoptera,Adults,13,0.342,0.342,NA,NA,NA,NA,NA,NA,NA,NA,NA,NA,NA   NA   NA   NA,NA   NA   NA   NA
SHR_2016-02-23 09:53:00,2/23/2016 9:53,SHR,2016,A,FALSE,CLR,NA,NA,11.47,0.8,112,151,7.37,10.85,16,10,Low,838230,844000,5770,5770,37.96149112,37.96149112,1,NA,NA,Terrestrial Insects,64,Order,Diptera,Diptera,Pupae,2,0.053,0.053,NA,NA,NA,NA,NA,NA,NA,NA,NA,NA,NA   NA   NA   NA,NA   NA   NA   NA
SHR_2016-02-23 09:53:00,2/23/2016 9:53,SHR,2016,A,FALSE,CLR,NA,NA,11.47,0.8,112,151,7.37,10.85,16,10,Low,838230,844000,5770,5770,37.96149112,37.96149112,1,NA,NA,Terrestrial Insects,64,Order,Diptera,Diptera,Adults,4,0.105,0.105,NA,NA,NA,NA,NA,NA,NA,NA,NA,NA,NA   NA   NA   NA,NA   NA   NA   NA
SHR_2016-02-23 09:53:00,2/23/2016 9:53,SHR,2016,A,FALSE,CLR,NA,NA,11.47,0.8,112,151,7.37,10.85,16,10,Low,838230,844000,5770,5770,37.96149112,37.96149112,1,NA,NA,Terrestrial Non-Insects,68,Order,Collembola,Collembola,NotDetermined,26,0.685,0.685,NA,NA,NA,NA,NA,NA,NA,NA,NA,NA,NA   NA   NA   NA,NA   NA   NA   NA
SHR_2016-02-23 09:53:00,2/23/2016 9:53,SHR,2016,A,FALSE,CLR,NA,NA,11.47,0.8,112,151,7.37,10.85,16,10,Low,838230,844000,5770,5770,37.96149112,37.96149112,1,NA,NA,Terrestrial Insects,66,Order,Hymenoptera,Hymenoptera,Adults,7,0.184,0.184,NA,NA,NA,NA,NA,NA,NA,NA,NA,NA,NA   NA   NA   NA,NA   NA   NA   NA
SHR_2016-02-23 09:53:00,2/23/2016 9:53,SHR,2016,A,FALSE,CLR,NA,NA,11.47,0.8,112,151,7.37,10.85,16,10,Low,838230,844000,5770,5770,37.96149112,37.96149112,1,NA,NA,Terrestrial Insects,85,Order,Thysanoptera,Thysanoptera,Adults,1,0.026,0.026,NA,NA,NA,NA,NA,NA,NA,NA,NA,NA,NA   NA   NA   NA,NA   NA   NA   NA
SHR_2016-02-23 09:53:00,2/23/2016 9:53,SHR,2016,A,FALSE,CLR,NA,NA,11.47,0.8,112,151,7.37,10.85,16,10,Low,838230,844000,5770,5770,37.96149112,37.96149112,1,NA,NA,Terrestrial Non-Insects,57,Subclass,Acari,Acari,NotDetermined,2,0.053,0.053,NA,NA,NA,NA,NA,NA,NA,NA,NA,NA,NA   NA   NA   NA,NA   NA   NA   NA
SHR_2016-02-23 09:53:00,2/23/2016 9:53,SHR,2016,A,FALSE,CLR,NA,NA,11.47,0.8,112,151,7.37,10.85,16,10,Low,838230,844000,5770,5770,37.96149112,37.96149112,1,NA,NA,Terrestrial Non-Insects,157,Order,Araneae,Araneae,NotDetermined,1,0.026,0.026,NA,NA,NA,NA,NA,NA,NA,NA,NA,NA,NA   NA   NA   NA,NA   NA   NA   NA
STTD_2016-03-07 09:24:00,3/7/2016 9:24,STTD,2016,A,TRUE,RAN,NA,NA,14.2,0.09,383,483,7.56,7.77,404,10,Low,936043,944000,7957,7957,52.35001471,52.35001471,1,NA,NA,Aquatic Insects,40,Family,Caenidae,Caenidae,Larvae,3,0.057,0.057,2,TURB,NA,NA,NA,NA,2,FM,NA,NA,NA   NA   2   NA,NA   NA   FM   NA
STTD_2016-03-07 09:24:00,3/7/2016 9:24,STTD,2016,A,TRUE,RAN,NA,NA,14.2,0.09,383,483,7.56,7.77,404,10,Low,936043,944000,7957,7957,52.35001471,52.35001471,1,NA,NA,Aquatic Insects,46,Family,Coenagrionidae,Coenagrionidae,Larvae,15,0.287,0.287,2,TURB,NA,NA,NA,NA,2,FM,NA,NA,NA   NA   2   NA,NA   NA   FM   NA
STTD_2016-03-07 09:24:00,3/7/2016 9:24,STTD,2016,A,TRUE,RAN,NA,NA,14.2,0.09,383,483,7.56,7.77,404,10,Low,936043,944000,7957,7957,52.35001471,52.35001471,1,NA,NA,Aquatic Insects,44,Family,Corixidae,Corixidae,Larvae,142,2.713,2.713,2,TURB,NA,NA,NA,NA,2,FM,NA,NA,NA   NA   2   NA,NA   NA   FM   NA
STTD_2016-03-07 09:24:00,3/7/2016 9:24,STTD,2016,A,TRUE,RAN,NA,NA,14.2,0.09,383,483,7.56,7.77,404,10,Low,936043,944000,7957,7957,52.35001471,52.35001471,1,NA,NA,Aquatic Insects,34,Family,Chironomidae,Chironomidae,Larvae,24,0.458,0.458,2,TURB,NA,NA,NA,NA,2,FM,NA,NA,NA   NA   2   NA,NA   NA   FM   NA
STTD_2016-03-07 09:24:00,3/7/2016 9:24,STTD,2016,A,TRUE,RAN,NA,NA,14.2,0.09,383,483,7.56,7.77,404,10,Low,936043,944000,7957,7957,52.35001471,52.35001471,1,NA,NA,Aquatic Insects,34,Family,Chironomidae,Chironomidae,Pupae,9,0.172,0.172,2,TURB,NA,NA,NA,NA,2,FM,NA,NA,NA   NA   2   NA,NA   NA   FM   NA
STTD_2016-03-07 09:24:00,3/7/2016 9:24,STTD,2016,A,TRUE,RAN,NA,NA,14.2,0.09,383,483,7.56,7.77,404,10,Low,936043,944000,7957,7957,52.35001471,52.35001471,1,NA,NA,Aquatic Insects,34,Family,Chironomidae,Chironomidae,Adults,6,0.115,0.115,2,TURB,NA,NA,NA,NA,2,FM,NA,NA,NA   NA   2   NA,NA   NA   FM   NA
STTD_2016-03-07 09:24:00,3/7/2016 9:24,STTD,2016,A,TRUE,RAN,NA,NA,14.2,0.09,383,483,7.56,7.77,404,10,Low,936043,944000,7957,7957,52.35001471,52.35001471,1,NA,NA,Aquatic Insects,32,Family,Ceratopogonidae,Ceratopogonidae,Larvae,1,0.019,0.019,2,TURB,NA,NA,NA,NA,2,FM,NA,NA,NA   NA   2   NA,NA   NA   FM   NA
STTD_2016-03-07 09:24:00,3/7/2016 9:24,STTD,2016,A,TRUE,RAN,NA,NA,14.2,0.09,383,483,7.56,7.77,404,10,Low,936043,944000,7957,7957,52.35001471,52.35001471,1,NA,NA,Aquatic Insects,32,Family,Ceratopogonidae,Ceratopogonidae,Pupae,1,0.019,0.019,2,TURB,NA,NA,NA,NA,2,FM,NA,NA,NA   NA   2   NA,NA   NA   FM   NA
STTD_2016-03-07 09:24:00,3/7/2016 9:24,STTD,2016,A,TRUE,RAN,NA,NA,14.2,0.09,383,483,7.56,7.77,404,10,Low,936043,944000,7957,7957,52.35001471,52.35001471,1,NA,NA,Aquatic Non-Insects,4,Family,Naididae,Naididae,NotDetermined,9,0.172,0.172,2,TURB,NA,NA,NA,NA,2,FM,NA,NA,NA   NA   2   NA,NA   NA   FM   NA
STTD_2016-03-07 09:24:00,3/7/2016 9:24,STTD,2016,A,TRUE,RAN,NA,NA,14.2,0.09,383,483,7.56,7.77,404,10,Low,936043,944000,7957,7957,52.35001471,52.35001471,1,NA,NA,Aquatic Non-Insects,20,Family,Physidae,Physidae,NotDetermined,4,0.076,0.076,2,TURB,NA,NA,NA,NA,2,FM,NA,NA,NA   NA   2   NA,NA   NA   FM   NA
STTD_2016-03-07 09:24:00,3/7/2016 9:24,STTD,2016,A,TRUE,RAN,NA,NA,14.2,0.09,383,483,7.56,7.77,404,10,Low,936043,944000,7957,7957,52.35001471,52.35001471,1,NA,NA,Aquatic Non-Insects,9,Family,Corophiidae,Corophiidae,NotDetermined,62,1.184,1.184,2,TURB,NA,NA,NA,NA,2,FM,NA,NA,NA   NA   2   NA,NA   NA   FM   NA
STTD_2016-03-07 09:24:00,3/7/2016 9:24,STTD,2016,A,TRUE,RAN,NA,NA,14.2,0.09,383,483,7.56,7.77,404,10,Low,936043,944000,7957,7957,52.35001471,52.35001471,1,NA,NA,Aquatic Non-Insects,153,Family,Daphniidae,Daphniidae,NotDetermined,9,0.172,0.172,2,TURB,NA,NA,NA,NA,2,FM,NA,NA,NA   NA   2   NA,NA   NA   FM   NA
STTD_2016-03-07 09:24:00,3/7/2016 9:24,STTD,2016,A,TRUE,RAN,NA,NA,14.2,0.09,383,483,7.56,7.77,404,10,Low,936043,944000,7957,7957,52.35001471,52.35001471,1,NA,NA,Aquatic Non-Insects,11,Family,Gammaridae,Gammaridae,NotDetermined,32,0.611,0.611,2,TURB,NA,NA,NA,NA,2,FM,NA,NA,NA   NA   2   NA,NA   NA   FM   NA
STTD_2016-03-07 09:24:00,3/7/2016 9:24,STTD,2016,A,TRUE,RAN,NA,NA,14.2,0.09,383,483,7.56,7.77,404,10,Low,936043,944000,7957,7957,52.35001471,52.35001471,1,NA,NA,Aquatic Non-Insects,15,Family,Hyalellidae,Hyalellidae,NotDetermined,19,0.363,0.363,2,TURB,NA,NA,NA,NA,2,FM,NA,NA,NA   NA   2   NA,NA   NA   FM   NA
STTD_2016-03-07 09:24:00,3/7/2016 9:24,STTD,2016,A,TRUE,RAN,NA,NA,14.2,0.09,383,483,7.56,7.77,404,10,Low,936043,944000,7957,7957,52.35001471,52.35001471,1,NA,NA,Aquatic Non-Insects,13,Family,Mysidae,Mysidae,NotDetermined,2,0.038,0.038,2,TURB,NA,NA,NA,NA,2,FM,NA,NA,NA   NA   2   NA,NA   NA   FM   NA
STTD_2016-03-07 09:24:00,3/7/2016 9:24,STTD,2016,A,TRUE,RAN,NA,NA,14.2,0.09,383,483,7.56,7.77,404,10,Low,936043,944000,7957,7957,52.35001471,52.35001471,1,NA,NA,Aquatic Non-Insects,104,Family,Palaemonidae,Palaemonidae,NotDetermined,1,0.019,0.019,2,TURB,NA,NA,NA,NA,2,FM,NA,NA,NA   NA   2   NA,NA   NA   FM   NA
STTD_2016-03-07 09:24:00,3/7/2016 9:24,STTD,2016,A,TRUE,RAN,NA,NA,14.2,0.09,383,483,7.56,7.77,404,10,Low,936043,944000,7957,7957,52.35001471,52.35001471,1,NA,NA,Aquatic Non-Insects,103,Family,Arrenuridae,Arrenuridae,NotDetermined,1,0.019,0.019,2,TURB,NA,NA,NA,NA,2,FM,NA,NA,NA   NA   2   NA,NA   NA   FM   NA
STTD_2016-03-07 09:24:00,3/7/2016 9:24,STTD,2016,A,TRUE,RAN,NA,NA,14.2,0.09,383,483,7.56,7.77,404,10,Low,936043,944000,7957,7957,52.35001471,52.35001471,1,NA,NA,Aquatic Non-Insects,128,Family,Mideopsidae,Mideopsidae,NotDetermined,3,0.057,0.057,2,TURB,NA,NA,NA,NA,2,FM,NA,NA,NA   NA   2   NA,NA   NA   FM   NA
STTD_2016-03-07 09:24:00,3/7/2016 9:24,STTD,2016,A,TRUE,RAN,NA,NA,14.2,0.09,383,483,7.56,7.77,404,10,Low,936043,944000,7957,7957,52.35001471,52.35001471,1,NA,NA,Aquatic Non-Insects,123,Family,Pionidae,Pionidae,NotDetermined,1,0.019,0.019,2,TURB,NA,NA,NA,NA,2,FM,NA,NA,NA   NA   2   NA,NA   NA   FM   NA
STTD_2016-03-07 09:24:00,3/7/2016 9:24,STTD,2016,A,TRUE,RAN,NA,NA,14.2,0.09,383,483,7.56,7.77,404,10,Low,936043,944000,7957,7957,52.35001471,52.35001471,1,NA,NA,Aquatic Non-Insects,18,Family,Hydridae,Hydridae,NotDetermined,55,1.051,1.051,2,TURB,NA,NA,NA,NA,2,FM,NA,NA,NA   NA   2   NA,NA   NA   FM   NA
STTD_2016-03-07 09:24:00,3/7/2016 9:24,STTD,2016,A,TRUE,RAN,NA,NA,14.2,0.09,383,483,7.56,7.77,404,10,Low,936043,944000,7957,7957,52.35001471,52.35001471,1,NA,NA,Terrestrial Insects,71,Order,Hemiptera,Hemiptera,Larvae,5,0.096,0.096,2,TURB,NA,NA,NA,NA,2,FM,NA,NA,NA   NA   2   NA,NA   NA   FM   NA
STTD_2016-03-07 09:24:00,3/7/2016 9:24,STTD,2016,A,TRUE,RAN,NA,NA,14.2,0.09,383,483,7.56,7.77,404,10,Low,936043,944000,7957,7957,52.35001471,52.35001471,1,NA,NA,Terrestrial Non-Insects,68,Order,Collembola,Collembola,NotDetermined,13,0.248,0.248,2,TURB,NA,NA,NA,NA,2,FM,NA,NA,NA   NA   2   NA,NA   NA   FM   NA
STTD_2016-03-07 09:24:00,3/7/2016 9:24,STTD,2016,A,TRUE,RAN,NA,NA,14.2,0.09,383,483,7.56,7.77,404,10,Low,936043,944000,7957,7957,52.35001471,52.35001471,1,NA,NA,Terrestrial Insects,66,Order,Hymenoptera,Hymenoptera,Adults,3,0.057,0.057,2,TURB,NA,NA,NA,NA,2,FM,NA,NA,NA   NA   2   NA,NA   NA   FM   NA
STTD_2016-03-07 09:24:00,3/7/2016 9:24,STTD,2016,A,TRUE,RAN,NA,NA,14.2,0.09,383,483,7.56,7.77,404,10,Low,936043,944000,7957,7957,52.35001471,52.35001471,1,NA,NA,Terrestrial Insects,67,Order,Psocoptera,Psocoptera,Larvae,2,0.038,0.038,2,TURB,NA,NA,NA,NA,2,FM,NA,NA,NA   NA   2   NA,NA   NA   FM   NA
STTD_2016-03-07 09:24:00,3/7/2016 9:24,STTD,2016,A,TRUE,RAN,NA,NA,14.2,0.09,383,483,7.56,7.77,404,10,Low,936043,944000,7957,7957,52.35001471,52.35001471,1,NA,NA,Terrestrial Insects,85,Order,Thysanoptera,Thysanoptera,Larvae,1,0.019,0.019,2,TURB,NA,NA,NA,NA,2,FM,NA,NA,NA   NA   2   NA,NA   NA   FM   NA
STTD_2016-03-07 09:24:00,3/7/2016 9:24,STTD,2016,A,TRUE,RAN,NA,NA,14.2,0.09,383,483,7.56,7.77,404,10,Low,936043,944000,7957,7957,52.35001471,52.35001471,1,NA,NA,Terrestrial Non-Insects,57,Subclass,Acari,Acari,NotDetermined,1,0.019,0.019,2,TURB,NA,NA,NA,NA,2,FM,NA,NA,NA   NA   2   NA,NA   NA   FM   NA
STTD_2016-03-07 09:24:00,3/7/2016 9:24,STTD,2016,A,TRUE,RAN,NA,NA,14.2,0.09,383,483,7.56,7.77,404,10,Low,936043,944000,7957,7957,52.35001471,52.35001471,1,NA,NA,Terrestrial Non-Insects,143,Order,Opiliones,Opiliones,NotDetermined,1,0.019,0.019,2,TURB,NA,NA,NA,NA,2,FM,NA,NA,NA   NA   2   NA,NA   NA   FM   NA
SHR_2016-03-08 07:47:00,3/8/2016 7:47,SHR,2016,A,TRUE,CLR,NA,NA,12.13,0.5,82,109,6.66,10.18,57.5,10,Low,922674,928000,5326,5326,35.04036425,35.04036425,1,NA,NA,Aquatic Insects,41,Family,Baetidae,Baetidae,Larvae,1,0.029,0.029,NA,NA,NA,NA,NA,NA,NA,NA,NA,NA,NA   NA   NA   NA,NA   NA   NA   NA
SHR_2016-03-08 07:47:00,3/8/2016 7:47,SHR,2016,A,TRUE,CLR,NA,NA,12.13,0.5,82,109,6.66,10.18,57.5,10,Low,922674,928000,5326,5326,35.04036425,35.04036425,1,NA,NA,Aquatic Insects,102,Family,Gomphidae,Gomphidae,Larvae,1,0.029,0.029,NA,NA,NA,NA,NA,NA,NA,NA,NA,NA,NA   NA   NA   NA,NA   NA   NA   NA
SHR_2016-03-08 07:47:00,3/8/2016 7:47,SHR,2016,A,TRUE,CLR,NA,NA,12.13,0.5,82,109,6.66,10.18,57.5,10,Low,922674,928000,5326,5326,35.04036425,35.04036425,1,NA,NA,Aquatic Insects,44,Family,Corixidae,Corixidae,Larvae,3,0.086,0.086,NA,NA,NA,NA,NA,NA,NA,NA,NA,NA,NA   NA   NA   NA,NA   NA   NA   NA
SHR_2016-03-08 07:47:00,3/8/2016 7:47,SHR,2016,A,TRUE,CLR,NA,NA,12.13,0.5,82,109,6.66,10.18,57.5,10,Low,922674,928000,5326,5326,35.04036425,35.04036425,1,NA,NA,Aquatic Insects,34,Family,Chironomidae,Chironomidae,Larvae,8,0.228,0.228,NA,NA,NA,NA,NA,NA,NA,NA,NA,NA,NA   NA   NA   NA,NA   NA   NA   NA
SHR_2016-03-08 07:47:00,3/8/2016 7:47,SHR,2016,A,TRUE,CLR,NA,NA,12.13,0.5,82,109,6.66,10.18,57.5,10,Low,922674,928000,5326,5326,35.04036425,35.04036425,1,NA,NA,Aquatic Insects,34,Family,Chironomidae,Chironomidae,Pupae,1,0.029,0.029,NA,NA,NA,NA,NA,NA,NA,NA,NA,NA,NA   NA   NA   NA,NA   NA   NA   NA
SHR_2016-03-08 07:47:00,3/8/2016 7:47,SHR,2016,A,TRUE,CLR,NA,NA,12.13,0.5,82,109,6.66,10.18,57.5,10,Low,922674,928000,5326,5326,35.04036425,35.04036425,1,NA,NA,Aquatic Insects,34,Family,Chironomidae,Chironomidae,Adults,3,0.086,0.086,NA,NA,NA,NA,NA,NA,NA,NA,NA,NA,NA   NA   NA   NA,NA   NA   NA   NA
SHR_2016-03-08 07:47:00,3/8/2016 7:47,SHR,2016,A,TRUE,CLR,NA,NA,12.13,0.5,82,109,6.66,10.18,57.5,10,Low,922674,928000,5326,5326,35.04036425,35.04036425,1,NA,NA,Aquatic Insects,32,Family,Ceratopogonidae,Ceratopogonidae,Pupae,1,0.029,0.029,NA,NA,NA,NA,NA,NA,NA,NA,NA,NA,NA   NA   NA   NA,NA   NA   NA   NA
SHR_2016-03-08 07:47:00,3/8/2016 7:47,SHR,2016,A,TRUE,CLR,NA,NA,12.13,0.5,82,109,6.66,10.18,57.5,10,Low,922674,928000,5326,5326,35.04036425,35.04036425,1,NA,NA,Aquatic Non-Insects,4,Family,Naididae,Naididae,NotDetermined,8,0.228,0.228,NA,NA,NA,NA,NA,NA,NA,NA,NA,NA,NA   NA   NA   NA,NA   NA   NA   NA
SHR_2016-03-08 07:47:00,3/8/2016 7:47,SHR,2016,A,TRUE,CLR,NA,NA,12.13,0.5,82,109,6.66,10.18,57.5,10,Low,922674,928000,5326,5326,35.04036425,35.04036425,1,NA,NA,Aquatic Non-Insects,9,Family,Corophiidae,Corophiidae,NotDetermined,1,0.029,0.029,NA,NA,NA,NA,NA,NA,NA,NA,NA,NA,NA   NA   NA   NA,NA   NA   NA   NA
SHR_2016-03-08 07:47:00,3/8/2016 7:47,SHR,2016,A,TRUE,CLR,NA,NA,12.13,0.5,82,109,6.66,10.18,57.5,10,Low,922674,928000,5326,5326,35.04036425,35.04036425,1,NA,NA,Aquatic Non-Insects,10,Family,Crangonyctidae,Crangonyctidae,NotDetermined,1,0.029,0.029,NA,NA,NA,NA,NA,NA,NA,NA,NA,NA,NA   NA   NA   NA,NA   NA   NA   NA
SHR_2016-03-08 07:47:00,3/8/2016 7:47,SHR,2016,A,TRUE,CLR,NA,NA,12.13,0.5,82,109,6.66,10.18,57.5,10,Low,922674,928000,5326,5326,35.04036425,35.04036425,1,NA,NA,Aquatic Non-Insects,11,Family,Gammaridae,Gammaridae,NotDetermined,1,0.029,0.029,NA,NA,NA,NA,NA,NA,NA,NA,NA,NA,NA   NA   NA   NA,NA   NA   NA   NA
SHR_2016-03-08 07:47:00,3/8/2016 7:47,SHR,2016,A,TRUE,CLR,NA,NA,12.13,0.5,82,109,6.66,10.18,57.5,10,Low,922674,928000,5326,5326,35.04036425,35.04036425,1,NA,NA,Aquatic Non-Insects,28,Family,Lebertiidae,Lebertiidae,NotDetermined,7,0.2,0.2,NA,NA,NA,NA,NA,NA,NA,NA,NA,NA,NA   NA   NA   NA,NA   NA   NA   NA
SHR_2016-03-08 07:47:00,3/8/2016 7:47,SHR,2016,A,TRUE,CLR,NA,NA,12.13,0.5,82,109,6.66,10.18,57.5,10,Low,922674,928000,5326,5326,35.04036425,35.04036425,1,NA,NA,Aquatic Non-Insects,120,Family,Lebertiidae,Lebertiidae,NotDetermined,7,0.2,0.2,NA,NA,NA,NA,NA,NA,NA,NA,NA,NA,NA   NA   NA   NA,NA   NA   NA   NA
SHR_2016-03-08 07:47:00,3/8/2016 7:47,SHR,2016,A,TRUE,CLR,NA,NA,12.13,0.5,82,109,6.66,10.18,57.5,10,Low,922674,928000,5326,5326,35.04036425,35.04036425,1,NA,NA,Aquatic Non-Insects,18,Family,Hydridae,Hydridae,NotDetermined,1,0.029,0.029,NA,NA,NA,NA,NA,NA,NA,NA,NA,NA,NA   NA   NA   NA,NA   NA   NA   NA
SHR_2016-03-08 07:47:00,3/8/2016 7:47,SHR,2016,A,TRUE,CLR,NA,NA,12.13,0.5,82,109,6.66,10.18,57.5,10,Low,922674,928000,5326,5326,35.04036425,35.04036425,1,NA,NA,Aquatic Non-Insects,152,Class,Turbellaria,Other Turbellaria,NotDetermined,1,0.029,0.029,NA,NA,NA,NA,NA,NA,NA,NA,NA,NA,NA   NA   NA   NA,NA   NA   NA   NA
SHR_2016-03-08 07:47:00,3/8/2016 7:47,SHR,2016,A,TRUE,CLR,NA,NA,12.13,0.5,82,109,6.66,10.18,57.5,10,Low,922674,928000,5326,5326,35.04036425,35.04036425,1,NA,NA,Terrestrial Insects,71,Order,Hemiptera,Hemiptera,Larvae,1,0.029,0.029,NA,NA,NA,NA,NA,NA,NA,NA,NA,NA,NA   NA   NA   NA,NA   NA   NA   NA
SHR_2016-03-08 07:47:00,3/8/2016 7:47,SHR,2016,A,TRUE,CLR,NA,NA,12.13,0.5,82,109,6.66,10.18,57.5,10,Low,922674,928000,5326,5326,35.04036425,35.04036425,1,NA,NA,Terrestrial Insects,64,Order,Diptera,Diptera,Adults,1,0.029,0.029,NA,NA,NA,NA,NA,NA,NA,NA,NA,NA,NA   NA   NA   NA,NA   NA   NA   NA
SHR_2016-03-08 07:47:00,3/8/2016 7:47,SHR,2016,A,TRUE,CLR,NA,NA,12.13,0.5,82,109,6.66,10.18,57.5,10,Low,922674,928000,5326,5326,35.04036425,35.04036425,1,NA,NA,Terrestrial Non-Insects,68,Order,Collembola,Collembola,NotDetermined,2,0.057,0.057,NA,NA,NA,NA,NA,NA,NA,NA,NA,NA,NA   NA   NA   NA,NA   NA   NA   NA
SHR_2016-03-08 07:47:00,3/8/2016 7:47,SHR,2016,A,TRUE,CLR,NA,NA,12.13,0.5,82,109,6.66,10.18,57.5,10,Low,922674,928000,5326,5326,35.04036425,35.04036425,1,NA,NA,Terrestrial Insects,66,Order,Hymenoptera,Hymenoptera,Adults,1,0.029,0.029,NA,NA,NA,NA,NA,NA,NA,NA,NA,NA,NA   NA   NA   NA,NA   NA   NA   NA
SHR_2016-03-08 07:47:00,3/8/2016 7:47,SHR,2016,A,TRUE,CLR,NA,NA,12.13,0.5,82,109,6.66,10.18,57.5,10,Low,922674,928000,5326,5326,35.04036425,35.04036425,1,NA,NA,Terrestrial Non-Insects,57,Subclass,Acari,Acari,NotDetermined,2,0.057,0.057,NA,NA,NA,NA,NA,NA,NA,NA,NA,NA,NA   NA   NA   NA,NA   NA   NA   NA
SHR_2016-03-08 07:47:00,3/8/2016 7:47,SHR,2016,A,TRUE,CLR,NA,NA,12.13,0.5,82,109,6.66,10.18,57.5,10,Low,922674,928000,5326,5326,35.04036425,35.04036425,1,NA,NA,Terrestrial Non-Insects,157,Order,Araneae,Araneae,NotDetermined,1,0.029,0.029,NA,NA,NA,NA,NA,NA,NA,NA,NA,NA,NA   NA   NA   NA,NA   NA   NA   NA
SHR_2016-03-17 08:25:00,3/17/2016 8:25,SHR,2016,A,TRUE,CLR,NA,NA,12.18,0.18,73,97,7.65,10.17,60.8,10,Regular,941900,954818,12918,12918,39.6787605,39.6787605,1,Off dock,NA,Aquatic Insects,44,Family,Corixidae,Corixidae,Larvae,5,0.126,0.126,NA,NA,NA,NA,NA,NA,NA,NA,NA,NA,NA   NA   NA   NA,NA   NA   NA   NA
SHR_2016-03-17 08:25:00,3/17/2016 8:25,SHR,2016,A,TRUE,CLR,NA,NA,12.18,0.18,73,97,7.65,10.17,60.8,10,Regular,941900,954818,12918,12918,39.6787605,39.6787605,1,Off dock,NA,Aquatic Insects,34,Family,Chironomidae,Chironomidae,Larvae,1,0.025,0.025,NA,NA,NA,NA,NA,NA,NA,NA,NA,NA,NA   NA   NA   NA,NA   NA   NA   NA
SHR_2016-03-17 08:25:00,3/17/2016 8:25,SHR,2016,A,TRUE,CLR,NA,NA,12.18,0.18,73,97,7.65,10.17,60.8,10,Regular,941900,954818,12918,12918,39.6787605,39.6787605,1,Off dock,NA,Aquatic Insects,34,Family,Chironomidae,Chironomidae,Pupae,1,0.025,0.025,NA,NA,NA,NA,NA,NA,NA,NA,NA,NA,NA   NA   NA   NA,NA   NA   NA   NA
SHR_2016-03-17 08:25:00,3/17/2016 8:25,SHR,2016,A,TRUE,CLR,NA,NA,12.18,0.18,73,97,7.65,10.17,60.8,10,Regular,941900,954818,12918,12918,39.6787605,39.6787605,1,Off dock,NA,Aquatic Insects,34,Family,Chironomidae,Chironomidae,Adults,1,0.025,0.025,NA,NA,NA,NA,NA,NA,NA,NA,NA,NA,NA   NA   NA   NA,NA   NA   NA   NA
SHR_2016-03-17 08:25:00,3/17/2016 8:25,SHR,2016,A,TRUE,CLR,NA,NA,12.18,0.18,73,97,7.65,10.17,60.8,10,Regular,941900,954818,12918,12918,39.6787605,39.6787605,1,Off dock,NA,Aquatic Non-Insects,2,Family,Enchytraeidae,Enchytraeidae,NotDetermined,3,0.076,0.076,NA,NA,NA,NA,NA,NA,NA,NA,NA,NA,NA   NA   NA   NA,NA   NA   NA   NA
SHR_2016-03-17 08:25:00,3/17/2016 8:25,SHR,2016,A,TRUE,CLR,NA,NA,12.18,0.18,73,97,7.65,10.17,60.8,10,Regular,941900,954818,12918,12918,39.6787605,39.6787605,1,Off dock,NA,Aquatic Non-Insects,4,Family,Naididae,Naididae,NotDetermined,3,0.076,0.076,NA,NA,NA,NA,NA,NA,NA,NA,NA,NA,NA   NA   NA   NA,NA   NA   NA   NA
SHR_2016-03-17 08:25:00,3/17/2016 8:25,SHR,2016,A,TRUE,CLR,NA,NA,12.18,0.18,73,97,7.65,10.17,60.8,10,Regular,941900,954818,12918,12918,39.6787605,39.6787605,1,Off dock,NA,Aquatic Non-Insects,10,Family,Crangonyctidae,Crangonyctidae,NotDetermined,1,0.025,0.025,NA,NA,NA,NA,NA,NA,NA,NA,NA,NA,NA   NA   NA   NA,NA   NA   NA   NA
SHR_2016-03-17 08:25:00,3/17/2016 8:25,SHR,2016,A,TRUE,CLR,NA,NA,12.18,0.18,73,97,7.65,10.17,60.8,10,Regular,941900,954818,12918,12918,39.6787605,39.6787605,1,Off dock,NA,Aquatic Non-Insects,28,Family,Lebertiidae,Lebertiidae,NotDetermined,1,0.025,0.025,NA,NA,NA,NA,NA,NA,NA,NA,NA,NA,NA   NA   NA   NA,NA   NA   NA   NA
SHR_2016-03-17 08:25:00,3/17/2016 8:25,SHR,2016,A,TRUE,CLR,NA,NA,12.18,0.18,73,97,7.65,10.17,60.8,10,Regular,941900,954818,12918,12918,39.6787605,39.6787605,1,Off dock,NA,Aquatic Non-Insects,120,Family,Lebertiidae,Lebertiidae,NotDetermined,1,0.025,0.025,NA,NA,NA,NA,NA,NA,NA,NA,NA,NA,NA   NA   NA   NA,NA   NA   NA   NA
SHR_2016-03-17 08:25:00,3/17/2016 8:25,SHR,2016,A,TRUE,CLR,NA,NA,12.18,0.18,73,97,7.65,10.17,60.8,10,Regular,941900,954818,12918,12918,39.6787605,39.6787605,1,Off dock,NA,Aquatic Non-Insects,18,Family,Hydridae,Hydridae,NotDetermined,1,0.025,0.025,NA,NA,NA,NA,NA,NA,NA,NA,NA,NA,NA   NA   NA   NA,NA   NA   NA   NA
SHR_2016-03-17 08:25:00,3/17/2016 8:25,SHR,2016,A,TRUE,CLR,NA,NA,12.18,0.18,73,97,7.65,10.17,60.8,10,Regular,941900,954818,12918,12918,39.6787605,39.6787605,1,Off dock,NA,Terrestrial Insects,71,Order,Hemiptera,Hemiptera,Larvae,1,0.025,0.025,NA,NA,NA,NA,NA,NA,NA,NA,NA,NA,NA   NA   NA   NA,NA   NA   NA   NA
SHR_2016-03-17 08:25:00,3/17/2016 8:25,SHR,2016,A,TRUE,CLR,NA,NA,12.18,0.18,73,97,7.65,10.17,60.8,10,Regular,941900,954818,12918,12918,39.6787605,39.6787605,1,Off dock,NA,Terrestrial Insects,64,Order,Diptera,Diptera,Larvae,1,0.025,0.025,NA,NA,NA,NA,NA,NA,NA,NA,NA,NA,NA   NA   NA   NA,NA   NA   NA   NA
SHR_2016-03-17 08:25:00,3/17/2016 8:25,SHR,2016,A,TRUE,CLR,NA,NA,12.18,0.18,73,97,7.65,10.17,60.8,10,Regular,941900,954818,12918,12918,39.6787605,39.6787605,1,Off dock,NA,Terrestrial Insects,66,Order,Hymenoptera,Hymenoptera,Adults,2,0.05,0.05,NA,NA,NA,NA,NA,NA,NA,NA,NA,NA,NA   NA   NA   NA,NA   NA   NA   NA
SHR_2016-03-17 08:25:00,3/17/2016 8:25,SHR,2016,A,TRUE,CLR,NA,NA,12.18,0.18,73,97,7.65,10.17,60.8,10,Regular,941900,954818,12918,12918,39.6787605,39.6787605,1,Off dock,NA,Terrestrial Non-Insects,57,Subclass,Acari,Acari,NotDetermined,1,0.025,0.025,NA,NA,NA,NA,NA,NA,NA,NA,NA,NA,NA   NA   NA   NA,NA   NA   NA   NA
SHR_2016-03-17 08:25:00,3/17/2016 8:25,SHR,2016,A,TRUE,CLR,NA,NA,12.18,0.18,73,97,7.65,10.17,60.8,10,Regular,941900,954818,12918,12918,39.6787605,39.6787605,1,Off dock,NA,Terrestrial Non-Insects,157,Order,Araneae,Araneae,NotDetermined,3,0.076,0.076,NA,NA,NA,NA,NA,NA,NA,NA,NA,NA,NA   NA   NA   NA,NA   NA   NA   NA
STTD_2016-03-18 09:30:00,3/18/2016 9:30,STTD,2016,A,TRUE,CLR,NA,NA,13.6,0.15,95,121,7.63,8.56,NA,5,Regular,0,15494,15494,15494,47.59116854,47.59116854,1,NA,NA,Aquatic Insects,44,Family,Corixidae,Corixidae,Larvae,122,2.564,2.564,NA,NA,NA,NA,NA,NA,NA,NA,NA,NA,NA   NA   NA   NA,NA   NA   NA   NA
STTD_2016-03-18 09:30:00,3/18/2016 9:30,STTD,2016,A,TRUE,CLR,NA,NA,13.6,0.15,95,121,7.63,8.56,NA,5,Regular,0,15494,15494,15494,47.59116854,47.59116854,1,NA,NA,Aquatic Insects,30,Family,Dytiscidae,Dytiscidae,Adults,25,0.525,0.525,NA,NA,NA,NA,NA,NA,NA,NA,NA,NA,NA   NA   NA   NA,NA   NA   NA   NA
STTD_2016-03-18 09:30:00,3/18/2016 9:30,STTD,2016,A,TRUE,CLR,NA,NA,13.6,0.15,95,121,7.63,8.56,NA,5,Regular,0,15494,15494,15494,47.59116854,47.59116854,1,NA,NA,Aquatic Insects,81,Family,Hydrophilidae,Hydrophilidae,Adults,1,0.021,0.021,NA,NA,NA,NA,NA,NA,NA,NA,NA,NA,NA   NA   NA   NA,NA   NA   NA   NA
STTD_2016-03-18 09:30:00,3/18/2016 9:30,STTD,2016,A,TRUE,CLR,NA,NA,13.6,0.15,95,121,7.63,8.56,NA,5,Regular,0,15494,15494,15494,47.59116854,47.59116854,1,NA,NA,Aquatic Insects,34,Family,Chironomidae,Chironomidae,Larvae,31,0.651,0.651,NA,NA,NA,NA,NA,NA,NA,NA,NA,NA,NA   NA   NA   NA,NA   NA   NA   NA
STTD_2016-03-18 09:30:00,3/18/2016 9:30,STTD,2016,A,TRUE,CLR,NA,NA,13.6,0.15,95,121,7.63,8.56,NA,5,Regular,0,15494,15494,15494,47.59116854,47.59116854,1,NA,NA,Aquatic Insects,34,Family,Chironomidae,Chironomidae,Pupae,10,0.21,0.21,NA,NA,NA,NA,NA,NA,NA,NA,NA,NA,NA   NA   NA   NA,NA   NA   NA   NA
STTD_2016-03-18 09:30:00,3/18/2016 9:30,STTD,2016,A,TRUE,CLR,NA,NA,13.6,0.15,95,121,7.63,8.56,NA,5,Regular,0,15494,15494,15494,47.59116854,47.59116854,1,NA,NA,Aquatic Insects,34,Family,Chironomidae,Chironomidae,Adults,90,1.891,1.891,NA,NA,NA,NA,NA,NA,NA,NA,NA,NA,NA   NA   NA   NA,NA   NA   NA   NA
STTD_2016-03-18 09:30:00,3/18/2016 9:30,STTD,2016,A,TRUE,CLR,NA,NA,13.6,0.15,95,121,7.63,8.56,NA,5,Regular,0,15494,15494,15494,47.59116854,47.59116854,1,NA,NA,Aquatic Insects,32,Family,Ceratopogonidae,Ceratopogonidae,Pupae,6,0.126,0.126,NA,NA,NA,NA,NA,NA,NA,NA,NA,NA,NA   NA   NA   NA,NA   NA   NA   NA
STTD_2016-03-18 09:30:00,3/18/2016 9:30,STTD,2016,A,TRUE,CLR,NA,NA,13.6,0.15,95,121,7.63,8.56,NA,5,Regular,0,15494,15494,15494,47.59116854,47.59116854,1,NA,NA,Aquatic Insects,32,Family,Ceratopogonidae,Ceratopogonidae,Adults,2,0.042,0.042,NA,NA,NA,NA,NA,NA,NA,NA,NA,NA,NA   NA   NA   NA,NA   NA   NA   NA
STTD_2016-03-18 09:30:00,3/18/2016 9:30,STTD,2016,A,TRUE,CLR,NA,NA,13.6,0.15,95,121,7.63,8.56,NA,5,Regular,0,15494,15494,15494,47.59116854,47.59116854,1,NA,NA,Aquatic Insects,49,Family,Culicidae,Culicidae,Pupae,1,0.021,0.021,NA,NA,NA,NA,NA,NA,NA,NA,NA,NA,NA   NA   NA   NA,NA   NA   NA   NA
STTD_2016-03-18 09:30:00,3/18/2016 9:30,STTD,2016,A,TRUE,CLR,NA,NA,13.6,0.15,95,121,7.63,8.56,NA,5,Regular,0,15494,15494,15494,47.59116854,47.59116854,1,NA,NA,Aquatic Insects,36,Family,Ephydridae,Ephydridae,Adults,1,0.021,0.021,NA,NA,NA,NA,NA,NA,NA,NA,NA,NA,NA   NA   NA   NA,NA   NA   NA   NA
STTD_2016-03-18 09:30:00,3/18/2016 9:30,STTD,2016,A,TRUE,CLR,NA,NA,13.6,0.15,95,121,7.63,8.56,NA,5,Regular,0,15494,15494,15494,47.59116854,47.59116854,1,NA,NA,Aquatic Insects,37,Family,Psychodidae,Psychodidae,Pupae,7,0.147,0.147,NA,NA,NA,NA,NA,NA,NA,NA,NA,NA,NA   NA   NA   NA,NA   NA   NA   NA
STTD_2016-03-18 09:30:00,3/18/2016 9:30,STTD,2016,A,TRUE,CLR,NA,NA,13.6,0.15,95,121,7.63,8.56,NA,5,Regular,0,15494,15494,15494,47.59116854,47.59116854,1,NA,NA,Aquatic Insects,37,Family,Psychodidae,Psychodidae,Adults,1,0.021,0.021,NA,NA,NA,NA,NA,NA,NA,NA,NA,NA,NA   NA   NA   NA,NA   NA   NA   NA
STTD_2016-03-18 09:30:00,3/18/2016 9:30,STTD,2016,A,TRUE,CLR,NA,NA,13.6,0.15,95,121,7.63,8.56,NA,5,Regular,0,15494,15494,15494,47.59116854,47.59116854,1,NA,NA,Aquatic Insects,39,Family,Tipulidae,Tipulidae,Larvae,2,0.042,0.042,NA,NA,NA,NA,NA,NA,NA,NA,NA,NA,NA   NA   NA   NA,NA   NA   NA   NA
STTD_2016-03-18 09:30:00,3/18/2016 9:30,STTD,2016,A,TRUE,CLR,NA,NA,13.6,0.15,95,121,7.63,8.56,NA,5,Regular,0,15494,15494,15494,47.59116854,47.59116854,1,NA,NA,Aquatic Non-Insects,2,Family,Enchytraeidae,Enchytraeidae,NotDetermined,39,0.819,0.819,NA,NA,NA,NA,NA,NA,NA,NA,NA,NA,NA   NA   NA   NA,NA   NA   NA   NA
STTD_2016-03-18 09:30:00,3/18/2016 9:30,STTD,2016,A,TRUE,CLR,NA,NA,13.6,0.15,95,121,7.63,8.56,NA,5,Regular,0,15494,15494,15494,47.59116854,47.59116854,1,NA,NA,Aquatic Non-Insects,4,Family,Naididae,Naididae,NotDetermined,13,0.273,0.273,NA,NA,NA,NA,NA,NA,NA,NA,NA,NA,NA   NA   NA   NA,NA   NA   NA   NA
STTD_2016-03-18 09:30:00,3/18/2016 9:30,STTD,2016,A,TRUE,CLR,NA,NA,13.6,0.15,95,121,7.63,8.56,NA,5,Regular,0,15494,15494,15494,47.59116854,47.59116854,1,NA,NA,Aquatic Non-Insects,106,Family,Lymnaeidae,Lymnaeidae,NotDetermined,1,0.021,0.021,NA,NA,NA,NA,NA,NA,NA,NA,NA,NA,NA   NA   NA   NA,NA   NA   NA   NA
STTD_2016-03-18 09:30:00,3/18/2016 9:30,STTD,2016,A,TRUE,CLR,NA,NA,13.6,0.15,95,121,7.63,8.56,NA,5,Regular,0,15494,15494,15494,47.59116854,47.59116854,1,NA,NA,Aquatic Non-Insects,20,Family,Physidae,Physidae,NotDetermined,101,2.122,2.122,NA,NA,NA,NA,NA,NA,NA,NA,NA,NA,NA   NA   NA   NA,NA   NA   NA   NA
STTD_2016-03-18 09:30:00,3/18/2016 9:30,STTD,2016,A,TRUE,CLR,NA,NA,13.6,0.15,95,121,7.63,8.56,NA,5,Regular,0,15494,15494,15494,47.59116854,47.59116854,1,NA,NA,Aquatic Non-Insects,10,Family,Crangonyctidae,Crangonyctidae,NotDetermined,1,0.021,0.021,NA,NA,NA,NA,NA,NA,NA,NA,NA,NA,NA   NA   NA   NA,NA   NA   NA   NA
STTD_2016-03-18 09:30:00,3/18/2016 9:30,STTD,2016,A,TRUE,CLR,NA,NA,13.6,0.15,95,121,7.63,8.56,NA,5,Regular,0,15494,15494,15494,47.59116854,47.59116854,1,NA,NA,Aquatic Non-Insects,15,Family,Hyalellidae,Hyalellidae,NotDetermined,5,0.105,0.105,NA,NA,NA,NA,NA,NA,NA,NA,NA,NA,NA   NA   NA   NA,NA   NA   NA   NA
STTD_2016-03-18 09:30:00,3/18/2016 9:30,STTD,2016,A,TRUE,CLR,NA,NA,13.6,0.15,95,121,7.63,8.56,NA,5,Regular,0,15494,15494,15494,47.59116854,47.59116854,1,NA,NA,Aquatic Non-Insects,130,Phylum,Nematoda,Nematoda,NotDetermined,1,0.021,0.021,NA,NA,NA,NA,NA,NA,NA,NA,NA,NA,NA   NA   NA   NA,NA   NA   NA   NA
STTD_2016-03-18 09:30:00,3/18/2016 9:30,STTD,2016,A,TRUE,CLR,NA,NA,13.6,0.15,95,121,7.63,8.56,NA,5,Regular,0,15494,15494,15494,47.59116854,47.59116854,1,NA,NA,Terrestrial Insects,71,Order,Hemiptera,Hemiptera,Larvae,4,0.084,0.084,NA,NA,NA,NA,NA,NA,NA,NA,NA,NA,NA   NA   NA   NA,NA   NA   NA   NA
STTD_2016-03-18 09:30:00,3/18/2016 9:30,STTD,2016,A,TRUE,CLR,NA,NA,13.6,0.15,95,121,7.63,8.56,NA,5,Regular,0,15494,15494,15494,47.59116854,47.59116854,1,NA,NA,Terrestrial Insects,63,Order,Coleoptera,Coleoptera,Larvae,1,0.021,0.021,NA,NA,NA,NA,NA,NA,NA,NA,NA,NA,NA   NA   NA   NA,NA   NA   NA   NA
STTD_2016-03-18 09:30:00,3/18/2016 9:30,STTD,2016,A,TRUE,CLR,NA,NA,13.6,0.15,95,121,7.63,8.56,NA,5,Regular,0,15494,15494,15494,47.59116854,47.59116854,1,NA,NA,Terrestrial Insects,63,Order,Coleoptera,Coleoptera,Adults,35,0.735,0.735,NA,NA,NA,NA,NA,NA,NA,NA,NA,NA,NA   NA   NA   NA,NA   NA   NA   NA
STTD_2016-03-18 09:30:00,3/18/2016 9:30,STTD,2016,A,TRUE,CLR,NA,NA,13.6,0.15,95,121,7.63,8.56,NA,5,Regular,0,15494,15494,15494,47.59116854,47.59116854,1,NA,NA,Terrestrial Insects,64,Order,Diptera,Diptera,Larvae,2,0.042,0.042,NA,NA,NA,NA,NA,NA,NA,NA,NA,NA,NA   NA   NA   NA,NA   NA   NA   NA
STTD_2016-03-18 09:30:00,3/18/2016 9:30,STTD,2016,A,TRUE,CLR,NA,NA,13.6,0.15,95,121,7.63,8.56,NA,5,Regular,0,15494,15494,15494,47.59116854,47.59116854,1,NA,NA,Terrestrial Insects,64,Order,Diptera,Diptera,Pupae,4,0.084,0.084,NA,NA,NA,NA,NA,NA,NA,NA,NA,NA,NA   NA   NA   NA,NA   NA   NA   NA
STTD_2016-03-18 09:30:00,3/18/2016 9:30,STTD,2016,A,TRUE,CLR,NA,NA,13.6,0.15,95,121,7.63,8.56,NA,5,Regular,0,15494,15494,15494,47.59116854,47.59116854,1,NA,NA,Terrestrial Non-Insects,68,Order,Collembola,Collembola,NotDetermined,8,0.168,0.168,NA,NA,NA,NA,NA,NA,NA,NA,NA,NA,NA   NA   NA   NA,NA   NA   NA   NA
STTD_2016-03-18 09:30:00,3/18/2016 9:30,STTD,2016,A,TRUE,CLR,NA,NA,13.6,0.15,95,121,7.63,8.56,NA,5,Regular,0,15494,15494,15494,47.59116854,47.59116854,1,NA,NA,Terrestrial Insects,66,Order,Hymenoptera,Hymenoptera,Adults,2,0.042,0.042,NA,NA,NA,NA,NA,NA,NA,NA,NA,NA,NA   NA   NA   NA,NA   NA   NA   NA
STTD_2016-03-18 09:30:00,3/18/2016 9:30,STTD,2016,A,TRUE,CLR,NA,NA,13.6,0.15,95,121,7.63,8.56,NA,5,Regular,0,15494,15494,15494,47.59116854,47.59116854,1,NA,NA,Terrestrial Non-Insects,126,Class,Gastropoda,Gastropoda,NotDetermined,1,0.021,0.021,NA,NA,NA,NA,NA,NA,NA,NA,NA,NA,NA   NA   NA   NA,NA   NA   NA   NA
STTD_2016-03-18 09:30:00,3/18/2016 9:30,STTD,2016,A,TRUE,CLR,NA,NA,13.6,0.15,95,121,7.63,8.56,NA,5,Regular,0,15494,15494,15494,47.59116854,47.59116854,1,NA,NA,Terrestrial Non-Insects,57,Subclass,Acari,Acari,NotDetermined,2,0.042,0.042,NA,NA,NA,NA,NA,NA,NA,NA,NA,NA,NA   NA   NA   NA,NA   NA   NA   NA
STTD_2016-03-18 09:30:00,3/18/2016 9:30,STTD,2016,A,TRUE,CLR,NA,NA,13.6,0.15,95,121,7.63,8.56,NA,5,Regular,0,15494,15494,15494,47.59116854,47.59116854,1,NA,NA,Terrestrial Non-Insects,157,Order,Araneae,Araneae,NotDetermined,3,0.063,0.063,NA,NA,NA,NA,NA,NA,NA,NA,NA,NA,NA   NA   NA   NA,NA   NA   NA   NA
STTD_2016-03-24 08:26:00,3/24/2016 8:26,STTD,2016,A,TRUE,CLR,NA,NA,15.8,0.34,375,454,7.71,7.28,35.4,5,Regular,15500,27924,12424,12424,38.16139653,38.16139653,1,NA,NA,Aquatic Insects,44,Family,Corixidae,Corixidae,Larvae,518,13.574,13.574,NA,NA,NA,NA,NA,NA,NA,NA,NA,NA,NA   NA   NA   NA,NA   NA   NA   NA
STTD_2016-03-24 08:26:00,3/24/2016 8:26,STTD,2016,A,TRUE,CLR,NA,NA,15.8,0.34,375,454,7.71,7.28,35.4,5,Regular,15500,27924,12424,12424,38.16139653,38.16139653,1,NA,NA,Aquatic Insects,45,Family,Notonectidae,Notonectidae,Larvae,4,0.105,0.105,NA,NA,NA,NA,NA,NA,NA,NA,NA,NA,NA   NA   NA   NA,NA   NA   NA   NA
STTD_2016-03-24 08:26:00,3/24/2016 8:26,STTD,2016,A,TRUE,CLR,NA,NA,15.8,0.34,375,454,7.71,7.28,35.4,5,Regular,15500,27924,12424,12424,38.16139653,38.16139653,1,NA,NA,Aquatic Insects,30,Family,Dytiscidae,Dytiscidae,Adults,5,0.131,0.131,NA,NA,NA,NA,NA,NA,NA,NA,NA,NA,NA   NA   NA   NA,NA   NA   NA   NA
STTD_2016-03-24 08:26:00,3/24/2016 8:26,STTD,2016,A,TRUE,CLR,NA,NA,15.8,0.34,375,454,7.71,7.28,35.4,5,Regular,15500,27924,12424,12424,38.16139653,38.16139653,1,NA,NA,Aquatic Insects,34,Family,Chironomidae,Chironomidae,Larvae,4,0.105,0.105,NA,NA,NA,NA,NA,NA,NA,NA,NA,NA,NA   NA   NA   NA,NA   NA   NA   NA
STTD_2016-03-24 08:26:00,3/24/2016 8:26,STTD,2016,A,TRUE,CLR,NA,NA,15.8,0.34,375,454,7.71,7.28,35.4,5,Regular,15500,27924,12424,12424,38.16139653,38.16139653,1,NA,NA,Aquatic Insects,34,Family,Chironomidae,Chironomidae,Pupae,3,0.079,0.079,NA,NA,NA,NA,NA,NA,NA,NA,NA,NA,NA   NA   NA   NA,NA   NA   NA   NA
STTD_2016-03-24 08:26:00,3/24/2016 8:26,STTD,2016,A,TRUE,CLR,NA,NA,15.8,0.34,375,454,7.71,7.28,35.4,5,Regular,15500,27924,12424,12424,38.16139653,38.16139653,1,NA,NA,Aquatic Insects,34,Family,Chironomidae,Chironomidae,Adults,741,19.418,19.418,NA,NA,NA,NA,NA,NA,NA,NA,NA,NA,NA   NA   NA   NA,NA   NA   NA   NA
STTD_2016-03-24 08:26:00,3/24/2016 8:26,STTD,2016,A,TRUE,CLR,NA,NA,15.8,0.34,375,454,7.71,7.28,35.4,5,Regular,15500,27924,12424,12424,38.16139653,38.16139653,1,NA,NA,Aquatic Insects,32,Family,Ceratopogonidae,Ceratopogonidae,Pupae,2,0.052,0.052,NA,NA,NA,NA,NA,NA,NA,NA,NA,NA,NA   NA   NA   NA,NA   NA   NA   NA
STTD_2016-03-24 08:26:00,3/24/2016 8:26,STTD,2016,A,TRUE,CLR,NA,NA,15.8,0.34,375,454,7.71,7.28,35.4,5,Regular,15500,27924,12424,12424,38.16139653,38.16139653,1,NA,NA,Aquatic Insects,33,Family,Chaoboridae,Chaoboridae,Larvae,1,0.026,0.026,NA,NA,NA,NA,NA,NA,NA,NA,NA,NA,NA   NA   NA   NA,NA   NA   NA   NA
STTD_2016-03-24 08:26:00,3/24/2016 8:26,STTD,2016,A,TRUE,CLR,NA,NA,15.8,0.34,375,454,7.71,7.28,35.4,5,Regular,15500,27924,12424,12424,38.16139653,38.16139653,1,NA,NA,Aquatic Insects,37,Family,Psychodidae,Psychodidae,Adults,1,0.026,0.026,NA,NA,NA,NA,NA,NA,NA,NA,NA,NA,NA   NA   NA   NA,NA   NA   NA   NA
STTD_2016-03-24 08:26:00,3/24/2016 8:26,STTD,2016,A,TRUE,CLR,NA,NA,15.8,0.34,375,454,7.71,7.28,35.4,5,Regular,15500,27924,12424,12424,38.16139653,38.16139653,1,NA,NA,Aquatic Insects,39,Family,Tipulidae,Tipulidae,Larvae,1,0.026,0.026,NA,NA,NA,NA,NA,NA,NA,NA,NA,NA,NA   NA   NA   NA,NA   NA   NA   NA
STTD_2016-03-24 08:26:00,3/24/2016 8:26,STTD,2016,A,TRUE,CLR,NA,NA,15.8,0.34,375,454,7.71,7.28,35.4,5,Regular,15500,27924,12424,12424,38.16139653,38.16139653,1,NA,NA,Aquatic Non-Insects,2,Family,Enchytraeidae,Enchytraeidae,NotDetermined,58,1.52,1.52,NA,NA,NA,NA,NA,NA,NA,NA,NA,NA,NA   NA   NA   NA,NA   NA   NA   NA
STTD_2016-03-24 08:26:00,3/24/2016 8:26,STTD,2016,A,TRUE,CLR,NA,NA,15.8,0.34,375,454,7.71,7.28,35.4,5,Regular,15500,27924,12424,12424,38.16139653,38.16139653,1,NA,NA,Aquatic Non-Insects,4,Family,Naididae,Naididae,NotDetermined,11,0.288,0.288,NA,NA,NA,NA,NA,NA,NA,NA,NA,NA,NA   NA   NA   NA,NA   NA   NA   NA
STTD_2016-03-24 08:26:00,3/24/2016 8:26,STTD,2016,A,TRUE,CLR,NA,NA,15.8,0.34,375,454,7.71,7.28,35.4,5,Regular,15500,27924,12424,12424,38.16139653,38.16139653,1,NA,NA,Aquatic Non-Insects,8,Family,Sabellidae,Sabellidae,NotDetermined,1,0.026,0.026,NA,NA,NA,NA,NA,NA,NA,NA,NA,NA,NA   NA   NA   NA,NA   NA   NA   NA
STTD_2016-03-24 08:26:00,3/24/2016 8:26,STTD,2016,A,TRUE,CLR,NA,NA,15.8,0.34,375,454,7.71,7.28,35.4,5,Regular,15500,27924,12424,12424,38.16139653,38.16139653,1,NA,NA,Aquatic Non-Insects,172,Family,Murchisonellidae,Murchisonellidae,NotDetermined,1,0.026,0.026,NA,NA,NA,NA,NA,NA,NA,NA,NA,NA,NA   NA   NA   NA,NA   NA   NA   NA
STTD_2016-03-24 08:26:00,3/24/2016 8:26,STTD,2016,A,TRUE,CLR,NA,NA,15.8,0.34,375,454,7.71,7.28,35.4,5,Regular,15500,27924,12424,12424,38.16139653,38.16139653,1,NA,NA,Aquatic Non-Insects,20,Family,Physidae,Physidae,NotDetermined,296,7.757,7.757,NA,NA,NA,NA,NA,NA,NA,NA,NA,NA,NA   NA   NA   NA,NA   NA   NA   NA
STTD_2016-03-24 08:26:00,3/24/2016 8:26,STTD,2016,A,TRUE,CLR,NA,NA,15.8,0.34,375,454,7.71,7.28,35.4,5,Regular,15500,27924,12424,12424,38.16139653,38.16139653,1,NA,NA,Aquatic Non-Insects,9,Family,Corophiidae,Corophiidae,NotDetermined,1,0.026,0.026,NA,NA,NA,NA,NA,NA,NA,NA,NA,NA,NA   NA   NA   NA,NA   NA   NA   NA
STTD_2016-03-24 08:26:00,3/24/2016 8:26,STTD,2016,A,TRUE,CLR,NA,NA,15.8,0.34,375,454,7.71,7.28,35.4,5,Regular,15500,27924,12424,12424,38.16139653,38.16139653,1,NA,NA,Aquatic Non-Insects,10,Family,Crangonyctidae,Crangonyctidae,NotDetermined,2,0.052,0.052,NA,NA,NA,NA,NA,NA,NA,NA,NA,NA,NA   NA   NA   NA,NA   NA   NA   NA
STTD_2016-03-24 08:26:00,3/24/2016 8:26,STTD,2016,A,TRUE,CLR,NA,NA,15.8,0.34,375,454,7.71,7.28,35.4,5,Regular,15500,27924,12424,12424,38.16139653,38.16139653,1,NA,NA,Aquatic Non-Insects,153,Family,Daphniidae,Daphniidae,NotDetermined,22,0.576,0.576,NA,NA,NA,NA,NA,NA,NA,NA,NA,NA,NA   NA   NA   NA,NA   NA   NA   NA
STTD_2016-03-24 08:26:00,3/24/2016 8:26,STTD,2016,A,TRUE,CLR,NA,NA,15.8,0.34,375,454,7.71,7.28,35.4,5,Regular,15500,27924,12424,12424,38.16139653,38.16139653,1,NA,NA,Aquatic Non-Insects,15,Family,Hyalellidae,Hyalellidae,NotDetermined,22,0.576,0.576,NA,NA,NA,NA,NA,NA,NA,NA,NA,NA,NA   NA   NA   NA,NA   NA   NA   NA
STTD_2016-03-24 08:26:00,3/24/2016 8:26,STTD,2016,A,TRUE,CLR,NA,NA,15.8,0.34,375,454,7.71,7.28,35.4,5,Regular,15500,27924,12424,12424,38.16139653,38.16139653,1,NA,NA,Aquatic Non-Insects,152,Class,Turbellaria,Other Turbellaria,NotDetermined,1,0.026,0.026,NA,NA,NA,NA,NA,NA,NA,NA,NA,NA,NA   NA   NA   NA,NA   NA   NA   NA
STTD_2016-03-24 08:26:00,3/24/2016 8:26,STTD,2016,A,TRUE,CLR,NA,NA,15.8,0.34,375,454,7.71,7.28,35.4,5,Regular,15500,27924,12424,12424,38.16139653,38.16139653,1,NA,NA,Terrestrial Insects,71,Order,Hemiptera,Hemiptera,Larvae,9,0.236,0.236,NA,NA,NA,NA,NA,NA,NA,NA,NA,NA,NA   NA   NA   NA,NA   NA   NA   NA
STTD_2016-03-24 08:26:00,3/24/2016 8:26,STTD,2016,A,TRUE,CLR,NA,NA,15.8,0.34,375,454,7.71,7.28,35.4,5,Regular,15500,27924,12424,12424,38.16139653,38.16139653,1,NA,NA,Terrestrial Insects,63,Order,Coleoptera,Coleoptera,Adults,7,0.183,0.183,NA,NA,NA,NA,NA,NA,NA,NA,NA,NA,NA   NA   NA   NA,NA   NA   NA   NA
STTD_2016-03-24 08:26:00,3/24/2016 8:26,STTD,2016,A,TRUE,CLR,NA,NA,15.8,0.34,375,454,7.71,7.28,35.4,5,Regular,15500,27924,12424,12424,38.16139653,38.16139653,1,NA,NA,Terrestrial Insects,64,Order,Diptera,Diptera,Larvae,1,0.026,0.026,NA,NA,NA,NA,NA,NA,NA,NA,NA,NA,NA   NA   NA   NA,NA   NA   NA   NA
STTD_2016-03-24 08:26:00,3/24/2016 8:26,STTD,2016,A,TRUE,CLR,NA,NA,15.8,0.34,375,454,7.71,7.28,35.4,5,Regular,15500,27924,12424,12424,38.16139653,38.16139653,1,NA,NA,Terrestrial Insects,64,Order,Diptera,Diptera,Adults,2,0.052,0.052,NA,NA,NA,NA,NA,NA,NA,NA,NA,NA,NA   NA   NA   NA,NA   NA   NA   NA
STTD_2016-03-24 08:26:00,3/24/2016 8:26,STTD,2016,A,TRUE,CLR,NA,NA,15.8,0.34,375,454,7.71,7.28,35.4,5,Regular,15500,27924,12424,12424,38.16139653,38.16139653,1,NA,NA,Terrestrial Non-Insects,68,Order,Collembola,Collembola,NotDetermined,2,0.052,0.052,NA,NA,NA,NA,NA,NA,NA,NA,NA,NA,NA   NA   NA   NA,NA   NA   NA   NA
STTD_2016-03-24 08:26:00,3/24/2016 8:26,STTD,2016,A,TRUE,CLR,NA,NA,15.8,0.34,375,454,7.71,7.28,35.4,5,Regular,15500,27924,12424,12424,38.16139653,38.16139653,1,NA,NA,Terrestrial Insects,66,Order,Hymenoptera,Hymenoptera,Adults,11,0.288,0.288,NA,NA,NA,NA,NA,NA,NA,NA,NA,NA,NA   NA   NA   NA,NA   NA   NA   NA
STTD_2016-03-24 08:26:00,3/24/2016 8:26,STTD,2016,A,TRUE,CLR,NA,NA,15.8,0.34,375,454,7.71,7.28,35.4,5,Regular,15500,27924,12424,12424,38.16139653,38.16139653,1,NA,NA,Terrestrial Non-Insects,161,Order,Stylommatophora,Stylommatophora,NotDetermined,11,0.288,0.288,NA,NA,NA,NA,NA,NA,NA,NA,NA,NA,NA   NA   NA   NA,NA   NA   NA   NA
STTD_2016-03-24 08:26:00,3/24/2016 8:26,STTD,2016,A,TRUE,CLR,NA,NA,15.8,0.34,375,454,7.71,7.28,35.4,5,Regular,15500,27924,12424,12424,38.16139653,38.16139653,1,NA,NA,Terrestrial Non-Insects,157,Order,Araneae,Araneae,NotDetermined,5,0.131,0.131,NA,NA,NA,NA,NA,NA,NA,NA,NA,NA,NA   NA   NA   NA,NA   NA   NA   NA
STTD_2016-03-24 08:26:00,3/24/2016 8:26,STTD,2016,A,TRUE,CLR,NA,NA,15.8,0.34,375,454,7.71,7.28,35.4,5,Regular,15500,27924,12424,12424,38.16139653,38.16139653,1,NA,NA,Terrestrial Non-Insects,60,Order,Lithobiomorpha,Lithobiomorpha,NotDetermined,1,0.026,0.026,NA,NA,NA,NA,NA,NA,NA,NA,NA,NA,NA   NA   NA   NA,NA   NA   NA   NA
SHR_2016-03-25 08:09:00,3/25/2016 8:09,SHR,2016,A,TRUE,CLR,NA,NA,13.26,0.3,97,125,6.96,10.83,30.3,5,Regular,59000,65127,6127,6127,18.81961337,18.81961337,1,NA,NA,Aquatic Insects,41,Family,Baetidae,Baetidae,Larvae,1,0.053,0.053,NA,NA,NA,NA,NA,NA,NA,NA,NA,NA,NA   NA   NA   NA,NA   NA   NA   NA
SHR_2016-03-25 08:09:00,3/25/2016 8:09,SHR,2016,A,TRUE,CLR,NA,NA,13.26,0.3,97,125,6.96,10.83,30.3,5,Regular,59000,65127,6127,6127,18.81961337,18.81961337,1,NA,NA,Aquatic Insects,107,Family,Leptohyphidae,Leptohyphidae,Larvae,1,0.053,0.053,NA,NA,NA,NA,NA,NA,NA,NA,NA,NA,NA   NA   NA   NA,NA   NA   NA   NA
SHR_2016-03-25 08:09:00,3/25/2016 8:09,SHR,2016,A,TRUE,CLR,NA,NA,13.26,0.3,97,125,6.96,10.83,30.3,5,Regular,59000,65127,6127,6127,18.81961337,18.81961337,1,NA,NA,Aquatic Insects,44,Family,Corixidae,Corixidae,Larvae,3,0.159,0.159,NA,NA,NA,NA,NA,NA,NA,NA,NA,NA,NA   NA   NA   NA,NA   NA   NA   NA
SHR_2016-03-25 08:09:00,3/25/2016 8:09,SHR,2016,A,TRUE,CLR,NA,NA,13.26,0.3,97,125,6.96,10.83,30.3,5,Regular,59000,65127,6127,6127,18.81961337,18.81961337,1,NA,NA,Aquatic Insects,34,Family,Chironomidae,Chironomidae,Larvae,2,0.106,0.106,NA,NA,NA,NA,NA,NA,NA,NA,NA,NA,NA   NA   NA   NA,NA   NA   NA   NA
SHR_2016-03-25 08:09:00,3/25/2016 8:09,SHR,2016,A,TRUE,CLR,NA,NA,13.26,0.3,97,125,6.96,10.83,30.3,5,Regular,59000,65127,6127,6127,18.81961337,18.81961337,1,NA,NA,Aquatic Insects,34,Family,Chironomidae,Chironomidae,Adults,7,0.372,0.372,NA,NA,NA,NA,NA,NA,NA,NA,NA,NA,NA   NA   NA   NA,NA   NA   NA   NA
SHR_2016-03-25 08:09:00,3/25/2016 8:09,SHR,2016,A,TRUE,CLR,NA,NA,13.26,0.3,97,125,6.96,10.83,30.3,5,Regular,59000,65127,6127,6127,18.81961337,18.81961337,1,NA,NA,Aquatic Non-Insects,4,Family,Naididae,Naididae,NotDetermined,5,0.266,0.266,NA,NA,NA,NA,NA,NA,NA,NA,NA,NA,NA   NA   NA   NA,NA   NA   NA   NA
SHR_2016-03-25 08:09:00,3/25/2016 8:09,SHR,2016,A,TRUE,CLR,NA,NA,13.26,0.3,97,125,6.96,10.83,30.3,5,Regular,59000,65127,6127,6127,18.81961337,18.81961337,1,NA,NA,Aquatic Non-Insects,10,Family,Crangonyctidae,Crangonyctidae,NotDetermined,1,0.053,0.053,NA,NA,NA,NA,NA,NA,NA,NA,NA,NA,NA   NA   NA   NA,NA   NA   NA   NA
SHR_2016-03-25 08:09:00,3/25/2016 8:09,SHR,2016,A,TRUE,CLR,NA,NA,13.26,0.3,97,125,6.96,10.83,30.3,5,Regular,59000,65127,6127,6127,18.81961337,18.81961337,1,NA,NA,Aquatic Non-Insects,77,Family,Hygrobatidae,Hygrobatidae,NotDetermined,1,0.053,0.053,NA,NA,NA,NA,NA,NA,NA,NA,NA,NA,NA   NA   NA   NA,NA   NA   NA   NA
SHR_2016-03-25 08:09:00,3/25/2016 8:09,SHR,2016,A,TRUE,CLR,NA,NA,13.26,0.3,97,125,6.96,10.83,30.3,5,Regular,59000,65127,6127,6127,18.81961337,18.81961337,1,NA,NA,Aquatic Non-Insects,18,Family,Hydridae,Hydridae,NotDetermined,2,0.106,0.106,NA,NA,NA,NA,NA,NA,NA,NA,NA,NA,NA   NA   NA   NA,NA   NA   NA   NA
SHR_2016-03-30 08:10:00,3/30/2016 8:10,SHR,2016,A,FALSE,CLR,NA,NA,13.4,0.27,101,130,7,10.42,25.6,5,Regular,65000,69048,4048,4048,12.43378406,12.43378406,1,NA,NA,Aquatic Insects,41,Family,Baetidae,Baetidae,Larvae,2,0.161,0.161,NA,NA,NA,NA,NA,NA,NA,NA,NA,NA,NA   NA   NA   NA,NA   NA   NA   NA
SHR_2016-03-30 08:10:00,3/30/2016 8:10,SHR,2016,A,FALSE,CLR,NA,NA,13.4,0.27,101,130,7,10.42,25.6,5,Regular,65000,69048,4048,4048,12.43378406,12.43378406,1,NA,NA,Aquatic Insects,88,Family,Hydroptilidae,Hydroptilidae,Larvae,1,0.08,0.08,NA,NA,NA,NA,NA,NA,NA,NA,NA,NA,NA   NA   NA   NA,NA   NA   NA   NA
SHR_2016-03-30 08:10:00,3/30/2016 8:10,SHR,2016,A,FALSE,CLR,NA,NA,13.4,0.27,101,130,7,10.42,25.6,5,Regular,65000,69048,4048,4048,12.43378406,12.43378406,1,NA,NA,Aquatic Insects,34,Family,Chironomidae,Chironomidae,Adults,1,0.08,0.08,NA,NA,NA,NA,NA,NA,NA,NA,NA,NA,NA   NA   NA   NA,NA   NA   NA   NA
SHR_2016-03-30 08:10:00,3/30/2016 8:10,SHR,2016,A,FALSE,CLR,NA,NA,13.4,0.27,101,130,7,10.42,25.6,5,Regular,65000,69048,4048,4048,12.43378406,12.43378406,1,NA,NA,Aquatic Non-Insects,15,Family,Hyalellidae,Hyalellidae,NotDetermined,1,0.08,0.08,NA,NA,NA,NA,NA,NA,NA,NA,NA,NA,NA   NA   NA   NA,NA   NA   NA   NA
SHR_2016-03-30 08:10:00,3/30/2016 8:10,SHR,2016,A,FALSE,CLR,NA,NA,13.4,0.27,101,130,7,10.42,25.6,5,Regular,65000,69048,4048,4048,12.43378406,12.43378406,1,NA,NA,Aquatic Non-Insects,28,Family,Lebertiidae,Lebertiidae,NotDetermined,1,0.08,0.08,NA,NA,NA,NA,NA,NA,NA,NA,NA,NA,NA   NA   NA   NA,NA   NA   NA   NA
SHR_2016-03-30 08:10:00,3/30/2016 8:10,SHR,2016,A,FALSE,CLR,NA,NA,13.4,0.27,101,130,7,10.42,25.6,5,Regular,65000,69048,4048,4048,12.43378406,12.43378406,1,NA,NA,Aquatic Non-Insects,120,Family,Lebertiidae,Lebertiidae,NotDetermined,1,0.08,0.08,NA,NA,NA,NA,NA,NA,NA,NA,NA,NA,NA   NA   NA   NA,NA   NA   NA   NA
SHR_2016-03-30 08:10:00,3/30/2016 8:10,SHR,2016,A,FALSE,CLR,NA,NA,13.4,0.27,101,130,7,10.42,25.6,5,Regular,65000,69048,4048,4048,12.43378406,12.43378406,1,NA,NA,Terrestrial Insects,71,Order,Hemiptera,Hemiptera,Adults,1,0.08,0.08,NA,NA,NA,NA,NA,NA,NA,NA,NA,NA,NA   NA   NA   NA,NA   NA   NA   NA
SHR_2016-03-30 08:10:00,3/30/2016 8:10,SHR,2016,A,FALSE,CLR,NA,NA,13.4,0.27,101,130,7,10.42,25.6,5,Regular,65000,69048,4048,4048,12.43378406,12.43378406,1,NA,NA,Terrestrial Non-Insects,157,Order,Araneae,Araneae,NotDetermined,1,0.08,0.08,NA,NA,NA,NA,NA,NA,NA,NA,NA,NA,NA   NA   NA   NA,NA   NA   NA   NA
STTD_2016-03-30 10:22:00,3/30/2016 10:22,STTD,2016,A,FALSE,CLR,NA,NA,15.24,0.25,440,540,7.79,7.61,40.1,5,Regular,69000,74672,5672,5672,17.4220413,17.4220413,1,NA,NA,Aquatic Insects,46,Family,Coenagrionidae,Coenagrionidae,Larvae,1,0.057,0.057,NA,NA,NA,NA,NA,NA,NA,NA,NA,NA,NA   NA   NA   NA,NA   NA   NA   NA
STTD_2016-03-30 10:22:00,3/30/2016 10:22,STTD,2016,A,FALSE,CLR,NA,NA,15.24,0.25,440,540,7.79,7.61,40.1,5,Regular,69000,74672,5672,5672,17.4220413,17.4220413,1,NA,NA,Aquatic Insects,46,Family,Coenagrionidae,Coenagrionidae,Pupae,0,0,0,NA,NA,NA,NA,NA,NA,NA,NA,NA,NA,NA   NA   NA   NA,NA   NA   NA   NA
STTD_2016-03-30 10:22:00,3/30/2016 10:22,STTD,2016,A,FALSE,CLR,NA,NA,15.24,0.25,440,540,7.79,7.61,40.1,5,Regular,69000,74672,5672,5672,17.4220413,17.4220413,1,NA,NA,Aquatic Insects,46,Family,Coenagrionidae,Coenagrionidae,Nymphs,0,0,0,NA,NA,NA,NA,NA,NA,NA,NA,NA,NA,NA   NA   NA   NA,NA   NA   NA   NA
STTD_2016-03-30 10:22:00,3/30/2016 10:22,STTD,2016,A,FALSE,CLR,NA,NA,15.24,0.25,440,540,7.79,7.61,40.1,5,Regular,69000,74672,5672,5672,17.4220413,17.4220413,1,NA,NA,Aquatic Insects,46,Family,Coenagrionidae,Coenagrionidae,Emergents,0,0,0,NA,NA,NA,NA,NA,NA,NA,NA,NA,NA,NA   NA   NA   NA,NA   NA   NA   NA
STTD_2016-03-30 10:22:00,3/30/2016 10:22,STTD,2016,A,FALSE,CLR,NA,NA,15.24,0.25,440,540,7.79,7.61,40.1,5,Regular,69000,74672,5672,5672,17.4220413,17.4220413,1,NA,NA,Aquatic Insects,46,Family,Coenagrionidae,Coenagrionidae,Adults,0,0,0,NA,NA,NA,NA,NA,NA,NA,NA,NA,NA,NA   NA   NA   NA,NA   NA   NA   NA
STTD_2016-03-30 10:22:00,3/30/2016 10:22,STTD,2016,A,FALSE,CLR,NA,NA,15.24,0.25,440,540,7.79,7.61,40.1,5,Regular,69000,74672,5672,5672,17.4220413,17.4220413,1,NA,NA,Aquatic Insects,46,Family,Coenagrionidae,Coenagrionidae,NotDetermined,0,0,0,NA,NA,NA,NA,NA,NA,NA,NA,NA,NA,NA   NA   NA   NA,NA   NA   NA   NA
STTD_2016-03-30 10:22:00,3/30/2016 10:22,STTD,2016,A,FALSE,CLR,NA,NA,15.24,0.25,440,540,7.79,7.61,40.1,5,Regular,69000,74672,5672,5672,17.4220413,17.4220413,1,NA,NA,Aquatic Insects,44,Family,Corixidae,Corixidae,Larvae,815,46.78,46.78,NA,NA,NA,NA,NA,NA,NA,NA,NA,NA,NA   NA   NA   NA,NA   NA   NA   NA
STTD_2016-03-30 10:22:00,3/30/2016 10:22,STTD,2016,A,FALSE,CLR,NA,NA,15.24,0.25,440,540,7.79,7.61,40.1,5,Regular,69000,74672,5672,5672,17.4220413,17.4220413,1,NA,NA,Aquatic Insects,44,Family,Corixidae,Corixidae,Pupae,0,0,0,NA,NA,NA,NA,NA,NA,NA,NA,NA,NA,NA   NA   NA   NA,NA   NA   NA   NA
STTD_2016-03-30 10:22:00,3/30/2016 10:22,STTD,2016,A,FALSE,CLR,NA,NA,15.24,0.25,440,540,7.79,7.61,40.1,5,Regular,69000,74672,5672,5672,17.4220413,17.4220413,1,NA,NA,Aquatic Insects,44,Family,Corixidae,Corixidae,Nymphs,0,0,0,NA,NA,NA,NA,NA,NA,NA,NA,NA,NA,NA   NA   NA   NA,NA   NA   NA   NA
STTD_2016-03-30 10:22:00,3/30/2016 10:22,STTD,2016,A,FALSE,CLR,NA,NA,15.24,0.25,440,540,7.79,7.61,40.1,5,Regular,69000,74672,5672,5672,17.4220413,17.4220413,1,NA,NA,Aquatic Insects,44,Family,Corixidae,Corixidae,Emergents,0,0,0,NA,NA,NA,NA,NA,NA,NA,NA,NA,NA,NA   NA   NA   NA,NA   NA   NA   NA
STTD_2016-03-30 10:22:00,3/30/2016 10:22,STTD,2016,A,FALSE,CLR,NA,NA,15.24,0.25,440,540,7.79,7.61,40.1,5,Regular,69000,74672,5672,5672,17.4220413,17.4220413,1,NA,NA,Aquatic Insects,44,Family,Corixidae,Corixidae,Adults,12,0.689,0.689,NA,NA,NA,NA,NA,NA,NA,NA,NA,NA,NA   NA   NA   NA,NA   NA   NA   NA
STTD_2016-03-30 10:22:00,3/30/2016 10:22,STTD,2016,A,FALSE,CLR,NA,NA,15.24,0.25,440,540,7.79,7.61,40.1,5,Regular,69000,74672,5672,5672,17.4220413,17.4220413,1,NA,NA,Aquatic Insects,44,Family,Corixidae,Corixidae,NotDetermined,0,0,0,NA,NA,NA,NA,NA,NA,NA,NA,NA,NA,NA   NA   NA   NA,NA   NA   NA   NA
STTD_2016-03-30 10:22:00,3/30/2016 10:22,STTD,2016,A,FALSE,CLR,NA,NA,15.24,0.25,440,540,7.79,7.61,40.1,5,Regular,69000,74672,5672,5672,17.4220413,17.4220413,1,NA,NA,Aquatic Insects,34,Family,Chironomidae,Chironomidae,Larvae,1,0.057,0.057,NA,NA,NA,NA,NA,NA,NA,NA,NA,NA,NA   NA   NA   NA,NA   NA   NA   NA
STTD_2016-03-30 10:22:00,3/30/2016 10:22,STTD,2016,A,FALSE,CLR,NA,NA,15.24,0.25,440,540,7.79,7.61,40.1,5,Regular,69000,74672,5672,5672,17.4220413,17.4220413,1,NA,NA,Aquatic Insects,34,Family,Chironomidae,Chironomidae,Pupae,2,0.115,0.115,NA,NA,NA,NA,NA,NA,NA,NA,NA,NA,NA   NA   NA   NA,NA   NA   NA   NA
STTD_2016-03-30 10:22:00,3/30/2016 10:22,STTD,2016,A,FALSE,CLR,NA,NA,15.24,0.25,440,540,7.79,7.61,40.1,5,Regular,69000,74672,5672,5672,17.4220413,17.4220413,1,NA,NA,Aquatic Insects,34,Family,Chironomidae,Chironomidae,Nymphs,0,0,0,NA,NA,NA,NA,NA,NA,NA,NA,NA,NA,NA   NA   NA   NA,NA   NA   NA   NA
STTD_2016-03-30 10:22:00,3/30/2016 10:22,STTD,2016,A,FALSE,CLR,NA,NA,15.24,0.25,440,540,7.79,7.61,40.1,5,Regular,69000,74672,5672,5672,17.4220413,17.4220413,1,NA,NA,Aquatic Insects,34,Family,Chironomidae,Chironomidae,Emergents,0,0,0,NA,NA,NA,NA,NA,NA,NA,NA,NA,NA,NA   NA   NA   NA,NA   NA   NA   NA
STTD_2016-03-30 10:22:00,3/30/2016 10:22,STTD,2016,A,FALSE,CLR,NA,NA,15.24,0.25,440,540,7.79,7.61,40.1,5,Regular,69000,74672,5672,5672,17.4220413,17.4220413,1,NA,NA,Aquatic Insects,34,Family,Chironomidae,Chironomidae,Adults,0,0,0,NA,NA,NA,NA,NA,NA,NA,NA,NA,NA,NA   NA   NA   NA,NA   NA   NA   NA
STTD_2016-03-30 10:22:00,3/30/2016 10:22,STTD,2016,A,FALSE,CLR,NA,NA,15.24,0.25,440,540,7.79,7.61,40.1,5,Regular,69000,74672,5672,5672,17.4220413,17.4220413,1,NA,NA,Aquatic Insects,34,Family,Chironomidae,Chironomidae,NotDetermined,0,0,0,NA,NA,NA,NA,NA,NA,NA,NA,NA,NA,NA   NA   NA   NA,NA   NA   NA   NA
STTD_2016-03-30 10:22:00,3/30/2016 10:22,STTD,2016,A,FALSE,CLR,NA,NA,15.24,0.25,440,540,7.79,7.61,40.1,5,Regular,69000,74672,5672,5672,17.4220413,17.4220413,1,NA,NA,Aquatic Insects,32,Family,Ceratopogonidae,Ceratopogonidae,Larvae,1,0.057,0.057,NA,NA,NA,NA,NA,NA,NA,NA,NA,NA,NA   NA   NA   NA,NA   NA   NA   NA
STTD_2016-03-30 10:22:00,3/30/2016 10:22,STTD,2016,A,FALSE,CLR,NA,NA,15.24,0.25,440,540,7.79,7.61,40.1,5,Regular,69000,74672,5672,5672,17.4220413,17.4220413,1,NA,NA,Aquatic Insects,32,Family,Ceratopogonidae,Ceratopogonidae,Pupae,0,0,0,NA,NA,NA,NA,NA,NA,NA,NA,NA,NA,NA   NA   NA   NA,NA   NA   NA   NA
STTD_2016-03-30 10:22:00,3/30/2016 10:22,STTD,2016,A,FALSE,CLR,NA,NA,15.24,0.25,440,540,7.79,7.61,40.1,5,Regular,69000,74672,5672,5672,17.4220413,17.4220413,1,NA,NA,Aquatic Insects,32,Family,Ceratopogonidae,Ceratopogonidae,Nymphs,0,0,0,NA,NA,NA,NA,NA,NA,NA,NA,NA,NA,NA   NA   NA   NA,NA   NA   NA   NA
STTD_2016-03-30 10:22:00,3/30/2016 10:22,STTD,2016,A,FALSE,CLR,NA,NA,15.24,0.25,440,540,7.79,7.61,40.1,5,Regular,69000,74672,5672,5672,17.4220413,17.4220413,1,NA,NA,Aquatic Insects,32,Family,Ceratopogonidae,Ceratopogonidae,Emergents,0,0,0,NA,NA,NA,NA,NA,NA,NA,NA,NA,NA,NA   NA   NA   NA,NA   NA   NA   NA
STTD_2016-03-30 10:22:00,3/30/2016 10:22,STTD,2016,A,FALSE,CLR,NA,NA,15.24,0.25,440,540,7.79,7.61,40.1,5,Regular,69000,74672,5672,5672,17.4220413,17.4220413,1,NA,NA,Aquatic Insects,32,Family,Ceratopogonidae,Ceratopogonidae,Adults,0,0,0,NA,NA,NA,NA,NA,NA,NA,NA,NA,NA,NA   NA   NA   NA,NA   NA   NA   NA
STTD_2016-03-30 10:22:00,3/30/2016 10:22,STTD,2016,A,FALSE,CLR,NA,NA,15.24,0.25,440,540,7.79,7.61,40.1,5,Regular,69000,74672,5672,5672,17.4220413,17.4220413,1,NA,NA,Aquatic Insects,32,Family,Ceratopogonidae,Ceratopogonidae,NotDetermined,0,0,0,NA,NA,NA,NA,NA,NA,NA,NA,NA,NA,NA   NA   NA   NA,NA   NA   NA   NA
STTD_2016-03-30 10:22:00,3/30/2016 10:22,STTD,2016,A,FALSE,CLR,NA,NA,15.24,0.25,440,540,7.79,7.61,40.1,5,Regular,69000,74672,5672,5672,17.4220413,17.4220413,1,NA,NA,Aquatic Non-Insects,2,Family,Enchytraeidae,Enchytraeidae,Larvae,0,0,0,NA,NA,NA,NA,NA,NA,NA,NA,NA,NA,NA   NA   NA   NA,NA   NA   NA   NA
STTD_2016-03-30 10:22:00,3/30/2016 10:22,STTD,2016,A,FALSE,CLR,NA,NA,15.24,0.25,440,540,7.79,7.61,40.1,5,Regular,69000,74672,5672,5672,17.4220413,17.4220413,1,NA,NA,Aquatic Non-Insects,2,Family,Enchytraeidae,Enchytraeidae,Pupae,0,0,0,NA,NA,NA,NA,NA,NA,NA,NA,NA,NA,NA   NA   NA   NA,NA   NA   NA   NA
STTD_2016-03-30 10:22:00,3/30/2016 10:22,STTD,2016,A,FALSE,CLR,NA,NA,15.24,0.25,440,540,7.79,7.61,40.1,5,Regular,69000,74672,5672,5672,17.4220413,17.4220413,1,NA,NA,Aquatic Non-Insects,2,Family,Enchytraeidae,Enchytraeidae,Nymphs,0,0,0,NA,NA,NA,NA,NA,NA,NA,NA,NA,NA,NA   NA   NA   NA,NA   NA   NA   NA
STTD_2016-03-30 10:22:00,3/30/2016 10:22,STTD,2016,A,FALSE,CLR,NA,NA,15.24,0.25,440,540,7.79,7.61,40.1,5,Regular,69000,74672,5672,5672,17.4220413,17.4220413,1,NA,NA,Aquatic Non-Insects,2,Family,Enchytraeidae,Enchytraeidae,Emergents,0,0,0,NA,NA,NA,NA,NA,NA,NA,NA,NA,NA,NA   NA   NA   NA,NA   NA   NA   NA
STTD_2016-03-30 10:22:00,3/30/2016 10:22,STTD,2016,A,FALSE,CLR,NA,NA,15.24,0.25,440,540,7.79,7.61,40.1,5,Regular,69000,74672,5672,5672,17.4220413,17.4220413,1,NA,NA,Aquatic Non-Insects,2,Family,Enchytraeidae,Enchytraeidae,Adults,0,0,0,NA,NA,NA,NA,NA,NA,NA,NA,NA,NA,NA   NA   NA   NA,NA   NA   NA   NA
STTD_2016-03-30 10:22:00,3/30/2016 10:22,STTD,2016,A,FALSE,CLR,NA,NA,15.24,0.25,440,540,7.79,7.61,40.1,5,Regular,69000,74672,5672,5672,17.4220413,17.4220413,1,NA,NA,Aquatic Non-Insects,2,Family,Enchytraeidae,Enchytraeidae,NotDetermined,1,0.057,0.057,NA,NA,NA,NA,NA,NA,NA,NA,NA,NA,NA   NA   NA   NA,NA   NA   NA   NA
STTD_2016-03-30 10:22:00,3/30/2016 10:22,STTD,2016,A,FALSE,CLR,NA,NA,15.24,0.25,440,540,7.79,7.61,40.1,5,Regular,69000,74672,5672,5672,17.4220413,17.4220413,1,NA,NA,Aquatic Non-Insects,4,Family,Naididae,Naididae,Larvae,0,0,0,NA,NA,NA,NA,NA,NA,NA,NA,NA,NA,NA   NA   NA   NA,NA   NA   NA   NA
STTD_2016-03-30 10:22:00,3/30/2016 10:22,STTD,2016,A,FALSE,CLR,NA,NA,15.24,0.25,440,540,7.79,7.61,40.1,5,Regular,69000,74672,5672,5672,17.4220413,17.4220413,1,NA,NA,Aquatic Non-Insects,4,Family,Naididae,Naididae,Pupae,0,0,0,NA,NA,NA,NA,NA,NA,NA,NA,NA,NA,NA   NA   NA   NA,NA   NA   NA   NA
STTD_2016-03-30 10:22:00,3/30/2016 10:22,STTD,2016,A,FALSE,CLR,NA,NA,15.24,0.25,440,540,7.79,7.61,40.1,5,Regular,69000,74672,5672,5672,17.4220413,17.4220413,1,NA,NA,Aquatic Non-Insects,4,Family,Naididae,Naididae,Nymphs,0,0,0,NA,NA,NA,NA,NA,NA,NA,NA,NA,NA,NA   NA   NA   NA,NA   NA   NA   NA
STTD_2016-03-30 10:22:00,3/30/2016 10:22,STTD,2016,A,FALSE,CLR,NA,NA,15.24,0.25,440,540,7.79,7.61,40.1,5,Regular,69000,74672,5672,5672,17.4220413,17.4220413,1,NA,NA,Aquatic Non-Insects,4,Family,Naididae,Naididae,Emergents,0,0,0,NA,NA,NA,NA,NA,NA,NA,NA,NA,NA,NA   NA   NA   NA,NA   NA   NA   NA
STTD_2016-03-30 10:22:00,3/30/2016 10:22,STTD,2016,A,FALSE,CLR,NA,NA,15.24,0.25,440,540,7.79,7.61,40.1,5,Regular,69000,74672,5672,5672,17.4220413,17.4220413,1,NA,NA,Aquatic Non-Insects,4,Family,Naididae,Naididae,Adults,0,0,0,NA,NA,NA,NA,NA,NA,NA,NA,NA,NA,NA   NA   NA   NA,NA   NA   NA   NA
STTD_2016-03-30 10:22:00,3/30/2016 10:22,STTD,2016,A,FALSE,CLR,NA,NA,15.24,0.25,440,540,7.79,7.61,40.1,5,Regular,69000,74672,5672,5672,17.4220413,17.4220413,1,NA,NA,Aquatic Non-Insects,4,Family,Naididae,Naididae,NotDetermined,1,0.057,0.057,NA,NA,NA,NA,NA,NA,NA,NA,NA,NA,NA   NA   NA   NA,NA   NA   NA   NA
STTD_2016-03-30 10:22:00,3/30/2016 10:22,STTD,2016,A,FALSE,CLR,NA,NA,15.24,0.25,440,540,7.79,7.61,40.1,5,Regular,69000,74672,5672,5672,17.4220413,17.4220413,1,NA,NA,Aquatic Non-Insects,20,Family,Physidae,Physidae,Larvae,0,0,0,NA,NA,NA,NA,NA,NA,NA,NA,NA,NA,NA   NA   NA   NA,NA   NA   NA   NA
STTD_2016-03-30 10:22:00,3/30/2016 10:22,STTD,2016,A,FALSE,CLR,NA,NA,15.24,0.25,440,540,7.79,7.61,40.1,5,Regular,69000,74672,5672,5672,17.4220413,17.4220413,1,NA,NA,Aquatic Non-Insects,20,Family,Physidae,Physidae,Pupae,0,0,0,NA,NA,NA,NA,NA,NA,NA,NA,NA,NA,NA   NA   NA   NA,NA   NA   NA   NA
STTD_2016-03-30 10:22:00,3/30/2016 10:22,STTD,2016,A,FALSE,CLR,NA,NA,15.24,0.25,440,540,7.79,7.61,40.1,5,Regular,69000,74672,5672,5672,17.4220413,17.4220413,1,NA,NA,Aquatic Non-Insects,20,Family,Physidae,Physidae,Nymphs,0,0,0,NA,NA,NA,NA,NA,NA,NA,NA,NA,NA,NA   NA   NA   NA,NA   NA   NA   NA
STTD_2016-03-30 10:22:00,3/30/2016 10:22,STTD,2016,A,FALSE,CLR,NA,NA,15.24,0.25,440,540,7.79,7.61,40.1,5,Regular,69000,74672,5672,5672,17.4220413,17.4220413,1,NA,NA,Aquatic Non-Insects,20,Family,Physidae,Physidae,Emergents,0,0,0,NA,NA,NA,NA,NA,NA,NA,NA,NA,NA,NA   NA   NA   NA,NA   NA   NA   NA
STTD_2016-03-30 10:22:00,3/30/2016 10:22,STTD,2016,A,FALSE,CLR,NA,NA,15.24,0.25,440,540,7.79,7.61,40.1,5,Regular,69000,74672,5672,5672,17.4220413,17.4220413,1,NA,NA,Aquatic Non-Insects,20,Family,Physidae,Physidae,Adults,0,0,0,NA,NA,NA,NA,NA,NA,NA,NA,NA,NA,NA   NA   NA   NA,NA   NA   NA   NA
STTD_2016-03-30 10:22:00,3/30/2016 10:22,STTD,2016,A,FALSE,CLR,NA,NA,15.24,0.25,440,540,7.79,7.61,40.1,5,Regular,69000,74672,5672,5672,17.4220413,17.4220413,1,NA,NA,Aquatic Non-Insects,20,Family,Physidae,Physidae,NotDetermined,1,0.057,0.057,NA,NA,NA,NA,NA,NA,NA,NA,NA,NA,NA   NA   NA   NA,NA   NA   NA   NA
STTD_2016-03-30 10:22:00,3/30/2016 10:22,STTD,2016,A,FALSE,CLR,NA,NA,15.24,0.25,440,540,7.79,7.61,40.1,5,Regular,69000,74672,5672,5672,17.4220413,17.4220413,1,NA,NA,Aquatic Non-Insects,7,Order,Cyclopoida,Cyclopoid,Larvae,0,0,0,NA,NA,NA,NA,NA,NA,NA,NA,NA,NA,NA   NA   NA   NA,NA   NA   NA   NA
STTD_2016-03-30 10:22:00,3/30/2016 10:22,STTD,2016,A,FALSE,CLR,NA,NA,15.24,0.25,440,540,7.79,7.61,40.1,5,Regular,69000,74672,5672,5672,17.4220413,17.4220413,1,NA,NA,Aquatic Non-Insects,154,Order,Cyclopoida,Cyclopoid,Larvae,0,0,0,NA,NA,NA,NA,NA,NA,NA,NA,NA,NA,NA   NA   NA   NA,NA   NA   NA   NA
STTD_2016-03-30 10:22:00,3/30/2016 10:22,STTD,2016,A,FALSE,CLR,NA,NA,15.24,0.25,440,540,7.79,7.61,40.1,5,Regular,69000,74672,5672,5672,17.4220413,17.4220413,1,NA,NA,Aquatic Non-Insects,7,Order,Cyclopoida,Cyclopoid,Pupae,0,0,0,NA,NA,NA,NA,NA,NA,NA,NA,NA,NA,NA   NA   NA   NA,NA   NA   NA   NA
STTD_2016-03-30 10:22:00,3/30/2016 10:22,STTD,2016,A,FALSE,CLR,NA,NA,15.24,0.25,440,540,7.79,7.61,40.1,5,Regular,69000,74672,5672,5672,17.4220413,17.4220413,1,NA,NA,Aquatic Non-Insects,154,Order,Cyclopoida,Cyclopoid,Pupae,0,0,0,NA,NA,NA,NA,NA,NA,NA,NA,NA,NA,NA   NA   NA   NA,NA   NA   NA   NA
STTD_2016-03-30 10:22:00,3/30/2016 10:22,STTD,2016,A,FALSE,CLR,NA,NA,15.24,0.25,440,540,7.79,7.61,40.1,5,Regular,69000,74672,5672,5672,17.4220413,17.4220413,1,NA,NA,Aquatic Non-Insects,7,Order,Cyclopoida,Cyclopoid,Nymphs,0,0,0,NA,NA,NA,NA,NA,NA,NA,NA,NA,NA,NA   NA   NA   NA,NA   NA   NA   NA
STTD_2016-03-30 10:22:00,3/30/2016 10:22,STTD,2016,A,FALSE,CLR,NA,NA,15.24,0.25,440,540,7.79,7.61,40.1,5,Regular,69000,74672,5672,5672,17.4220413,17.4220413,1,NA,NA,Aquatic Non-Insects,154,Order,Cyclopoida,Cyclopoid,Nymphs,0,0,0,NA,NA,NA,NA,NA,NA,NA,NA,NA,NA,NA   NA   NA   NA,NA   NA   NA   NA
STTD_2016-03-30 10:22:00,3/30/2016 10:22,STTD,2016,A,FALSE,CLR,NA,NA,15.24,0.25,440,540,7.79,7.61,40.1,5,Regular,69000,74672,5672,5672,17.4220413,17.4220413,1,NA,NA,Aquatic Non-Insects,7,Order,Cyclopoida,Cyclopoid,Emergents,0,0,0,NA,NA,NA,NA,NA,NA,NA,NA,NA,NA,NA   NA   NA   NA,NA   NA   NA   NA
STTD_2016-03-30 10:22:00,3/30/2016 10:22,STTD,2016,A,FALSE,CLR,NA,NA,15.24,0.25,440,540,7.79,7.61,40.1,5,Regular,69000,74672,5672,5672,17.4220413,17.4220413,1,NA,NA,Aquatic Non-Insects,154,Order,Cyclopoida,Cyclopoid,Emergents,0,0,0,NA,NA,NA,NA,NA,NA,NA,NA,NA,NA,NA   NA   NA   NA,NA   NA   NA   NA
STTD_2016-03-30 10:22:00,3/30/2016 10:22,STTD,2016,A,FALSE,CLR,NA,NA,15.24,0.25,440,540,7.79,7.61,40.1,5,Regular,69000,74672,5672,5672,17.4220413,17.4220413,1,NA,NA,Aquatic Non-Insects,7,Order,Cyclopoida,Cyclopoid,Adults,0,0,0,NA,NA,NA,NA,NA,NA,NA,NA,NA,NA,NA   NA   NA   NA,NA   NA   NA   NA
STTD_2016-03-30 10:22:00,3/30/2016 10:22,STTD,2016,A,FALSE,CLR,NA,NA,15.24,0.25,440,540,7.79,7.61,40.1,5,Regular,69000,74672,5672,5672,17.4220413,17.4220413,1,NA,NA,Aquatic Non-Insects,154,Order,Cyclopoida,Cyclopoid,Adults,0,0,0,NA,NA,NA,NA,NA,NA,NA,NA,NA,NA,NA   NA   NA   NA,NA   NA   NA   NA
STTD_2016-03-30 10:22:00,3/30/2016 10:22,STTD,2016,A,FALSE,CLR,NA,NA,15.24,0.25,440,540,7.79,7.61,40.1,5,Regular,69000,74672,5672,5672,17.4220413,17.4220413,1,NA,NA,Aquatic Non-Insects,7,Order,Cyclopoida,Cyclopoid,NotDetermined,5,0.287,0.287,NA,NA,NA,NA,NA,NA,NA,NA,NA,NA,NA   NA   NA   NA,NA   NA   NA   NA
STTD_2016-03-30 10:22:00,3/30/2016 10:22,STTD,2016,A,FALSE,CLR,NA,NA,15.24,0.25,440,540,7.79,7.61,40.1,5,Regular,69000,74672,5672,5672,17.4220413,17.4220413,1,NA,NA,Aquatic Non-Insects,154,Order,Cyclopoida,Cyclopoid,NotDetermined,5,0.287,0.287,NA,NA,NA,NA,NA,NA,NA,NA,NA,NA,NA   NA   NA   NA,NA   NA   NA   NA
STTD_2016-03-30 10:22:00,3/30/2016 10:22,STTD,2016,A,FALSE,CLR,NA,NA,15.24,0.25,440,540,7.79,7.61,40.1,5,Regular,69000,74672,5672,5672,17.4220413,17.4220413,1,NA,NA,Aquatic Non-Insects,168,Order,Calanoida,Calanoid,Larvae,0,0,0,NA,NA,NA,NA,NA,NA,NA,NA,NA,NA,NA   NA   NA   NA,NA   NA   NA   NA
STTD_2016-03-30 10:22:00,3/30/2016 10:22,STTD,2016,A,FALSE,CLR,NA,NA,15.24,0.25,440,540,7.79,7.61,40.1,5,Regular,69000,74672,5672,5672,17.4220413,17.4220413,1,NA,NA,Aquatic Non-Insects,168,Order,Calanoida,Calanoid,Pupae,0,0,0,NA,NA,NA,NA,NA,NA,NA,NA,NA,NA,NA   NA   NA   NA,NA   NA   NA   NA
STTD_2016-03-30 10:22:00,3/30/2016 10:22,STTD,2016,A,FALSE,CLR,NA,NA,15.24,0.25,440,540,7.79,7.61,40.1,5,Regular,69000,74672,5672,5672,17.4220413,17.4220413,1,NA,NA,Aquatic Non-Insects,168,Order,Calanoida,Calanoid,Nymphs,0,0,0,NA,NA,NA,NA,NA,NA,NA,NA,NA,NA,NA   NA   NA   NA,NA   NA   NA   NA
STTD_2016-03-30 10:22:00,3/30/2016 10:22,STTD,2016,A,FALSE,CLR,NA,NA,15.24,0.25,440,540,7.79,7.61,40.1,5,Regular,69000,74672,5672,5672,17.4220413,17.4220413,1,NA,NA,Aquatic Non-Insects,168,Order,Calanoida,Calanoid,Emergents,0,0,0,NA,NA,NA,NA,NA,NA,NA,NA,NA,NA,NA   NA   NA   NA,NA   NA   NA   NA
STTD_2016-03-30 10:22:00,3/30/2016 10:22,STTD,2016,A,FALSE,CLR,NA,NA,15.24,0.25,440,540,7.79,7.61,40.1,5,Regular,69000,74672,5672,5672,17.4220413,17.4220413,1,NA,NA,Aquatic Non-Insects,168,Order,Calanoida,Calanoid,Adults,0,0,0,NA,NA,NA,NA,NA,NA,NA,NA,NA,NA,NA   NA   NA   NA,NA   NA   NA   NA
STTD_2016-03-30 10:22:00,3/30/2016 10:22,STTD,2016,A,FALSE,CLR,NA,NA,15.24,0.25,440,540,7.79,7.61,40.1,5,Regular,69000,74672,5672,5672,17.4220413,17.4220413,1,NA,NA,Aquatic Non-Insects,168,Order,Calanoida,Calanoid,NotDetermined,0,0,0,NA,NA,NA,NA,NA,NA,NA,NA,NA,NA,NA   NA   NA   NA,NA   NA   NA   NA
STTD_2016-03-30 10:22:00,3/30/2016 10:22,STTD,2016,A,FALSE,CLR,NA,NA,15.24,0.25,440,540,7.79,7.61,40.1,5,Regular,69000,74672,5672,5672,17.4220413,17.4220413,1,NA,NA,Aquatic Non-Insects,169,Suborder,Cladocera,Cladoceran,Larvae,0,0,0,NA,NA,NA,NA,NA,NA,NA,NA,NA,NA,NA   NA   NA   NA,NA   NA   NA   NA
STTD_2016-03-30 10:22:00,3/30/2016 10:22,STTD,2016,A,FALSE,CLR,NA,NA,15.24,0.25,440,540,7.79,7.61,40.1,5,Regular,69000,74672,5672,5672,17.4220413,17.4220413,1,NA,NA,Aquatic Non-Insects,169,Suborder,Cladocera,Cladoceran,Pupae,0,0,0,NA,NA,NA,NA,NA,NA,NA,NA,NA,NA,NA   NA   NA   NA,NA   NA   NA   NA
STTD_2016-03-30 10:22:00,3/30/2016 10:22,STTD,2016,A,FALSE,CLR,NA,NA,15.24,0.25,440,540,7.79,7.61,40.1,5,Regular,69000,74672,5672,5672,17.4220413,17.4220413,1,NA,NA,Aquatic Non-Insects,169,Suborder,Cladocera,Cladoceran,Nymphs,0,0,0,NA,NA,NA,NA,NA,NA,NA,NA,NA,NA,NA   NA   NA   NA,NA   NA   NA   NA
STTD_2016-03-30 10:22:00,3/30/2016 10:22,STTD,2016,A,FALSE,CLR,NA,NA,15.24,0.25,440,540,7.79,7.61,40.1,5,Regular,69000,74672,5672,5672,17.4220413,17.4220413,1,NA,NA,Aquatic Non-Insects,169,Suborder,Cladocera,Cladoceran,Emergents,0,0,0,NA,NA,NA,NA,NA,NA,NA,NA,NA,NA,NA   NA   NA   NA,NA   NA   NA   NA
STTD_2016-03-30 10:22:00,3/30/2016 10:22,STTD,2016,A,FALSE,CLR,NA,NA,15.24,0.25,440,540,7.79,7.61,40.1,5,Regular,69000,74672,5672,5672,17.4220413,17.4220413,1,NA,NA,Aquatic Non-Insects,169,Suborder,Cladocera,Cladoceran,Adults,0,0,0,NA,NA,NA,NA,NA,NA,NA,NA,NA,NA,NA   NA   NA   NA,NA   NA   NA   NA
STTD_2016-03-30 10:22:00,3/30/2016 10:22,STTD,2016,A,FALSE,CLR,NA,NA,15.24,0.25,440,540,7.79,7.61,40.1,5,Regular,69000,74672,5672,5672,17.4220413,17.4220413,1,NA,NA,Aquatic Non-Insects,169,Suborder,Cladocera,Cladoceran,NotDetermined,75,4.305,4.305,NA,NA,NA,NA,NA,NA,NA,NA,NA,NA,NA   NA   NA   NA,NA   NA   NA   NA
STTD_2016-03-30 10:22:00,3/30/2016 10:22,STTD,2016,A,FALSE,CLR,NA,NA,15.24,0.25,440,540,7.79,7.61,40.1,5,Regular,69000,74672,5672,5672,17.4220413,17.4220413,1,NA,NA,Aquatic Non-Insects,123,Family,Pionidae,Pionidae,Larvae,0,0,0,NA,NA,NA,NA,NA,NA,NA,NA,NA,NA,NA   NA   NA   NA,NA   NA   NA   NA
STTD_2016-03-30 10:22:00,3/30/2016 10:22,STTD,2016,A,FALSE,CLR,NA,NA,15.24,0.25,440,540,7.79,7.61,40.1,5,Regular,69000,74672,5672,5672,17.4220413,17.4220413,1,NA,NA,Aquatic Non-Insects,123,Family,Pionidae,Pionidae,Pupae,0,0,0,NA,NA,NA,NA,NA,NA,NA,NA,NA,NA,NA   NA   NA   NA,NA   NA   NA   NA
STTD_2016-03-30 10:22:00,3/30/2016 10:22,STTD,2016,A,FALSE,CLR,NA,NA,15.24,0.25,440,540,7.79,7.61,40.1,5,Regular,69000,74672,5672,5672,17.4220413,17.4220413,1,NA,NA,Aquatic Non-Insects,123,Family,Pionidae,Pionidae,Nymphs,0,0,0,NA,NA,NA,NA,NA,NA,NA,NA,NA,NA,NA   NA   NA   NA,NA   NA   NA   NA
STTD_2016-03-30 10:22:00,3/30/2016 10:22,STTD,2016,A,FALSE,CLR,NA,NA,15.24,0.25,440,540,7.79,7.61,40.1,5,Regular,69000,74672,5672,5672,17.4220413,17.4220413,1,NA,NA,Aquatic Non-Insects,123,Family,Pionidae,Pionidae,Emergents,0,0,0,NA,NA,NA,NA,NA,NA,NA,NA,NA,NA,NA   NA   NA   NA,NA   NA   NA   NA
STTD_2016-03-30 10:22:00,3/30/2016 10:22,STTD,2016,A,FALSE,CLR,NA,NA,15.24,0.25,440,540,7.79,7.61,40.1,5,Regular,69000,74672,5672,5672,17.4220413,17.4220413,1,NA,NA,Aquatic Non-Insects,123,Family,Pionidae,Pionidae,Adults,0,0,0,NA,NA,NA,NA,NA,NA,NA,NA,NA,NA,NA   NA   NA   NA,NA   NA   NA   NA
STTD_2016-03-30 10:22:00,3/30/2016 10:22,STTD,2016,A,FALSE,CLR,NA,NA,15.24,0.25,440,540,7.79,7.61,40.1,5,Regular,69000,74672,5672,5672,17.4220413,17.4220413,1,NA,NA,Aquatic Non-Insects,123,Family,Pionidae,Pionidae,NotDetermined,2,0.115,0.115,NA,NA,NA,NA,NA,NA,NA,NA,NA,NA,NA   NA   NA   NA,NA   NA   NA   NA
STTD_2016-03-30 10:22:00,3/30/2016 10:22,STTD,2016,A,FALSE,CLR,NA,NA,15.24,0.25,440,540,7.79,7.61,40.1,5,Regular,69000,74672,5672,5672,17.4220413,17.4220413,1,NA,NA,Terrestrial Insects,64,Order,Diptera,Diptera,Larvae,0,0,0,NA,NA,NA,NA,NA,NA,NA,NA,NA,NA,NA   NA   NA   NA,NA   NA   NA   NA
STTD_2016-03-30 10:22:00,3/30/2016 10:22,STTD,2016,A,FALSE,CLR,NA,NA,15.24,0.25,440,540,7.79,7.61,40.1,5,Regular,69000,74672,5672,5672,17.4220413,17.4220413,1,NA,NA,Terrestrial Insects,64,Order,Diptera,Diptera,Pupae,0,0,0,NA,NA,NA,NA,NA,NA,NA,NA,NA,NA,NA   NA   NA   NA,NA   NA   NA   NA
STTD_2016-03-30 10:22:00,3/30/2016 10:22,STTD,2016,A,FALSE,CLR,NA,NA,15.24,0.25,440,540,7.79,7.61,40.1,5,Regular,69000,74672,5672,5672,17.4220413,17.4220413,1,NA,NA,Terrestrial Insects,64,Order,Diptera,Diptera,Nymphs,0,0,0,NA,NA,NA,NA,NA,NA,NA,NA,NA,NA,NA   NA   NA   NA,NA   NA   NA   NA
STTD_2016-03-30 10:22:00,3/30/2016 10:22,STTD,2016,A,FALSE,CLR,NA,NA,15.24,0.25,440,540,7.79,7.61,40.1,5,Regular,69000,74672,5672,5672,17.4220413,17.4220413,1,NA,NA,Terrestrial Insects,64,Order,Diptera,Diptera,Emergents,0,0,0,NA,NA,NA,NA,NA,NA,NA,NA,NA,NA,NA   NA   NA   NA,NA   NA   NA   NA
STTD_2016-03-30 10:22:00,3/30/2016 10:22,STTD,2016,A,FALSE,CLR,NA,NA,15.24,0.25,440,540,7.79,7.61,40.1,5,Regular,69000,74672,5672,5672,17.4220413,17.4220413,1,NA,NA,Terrestrial Insects,64,Order,Diptera,Diptera,Adults,69,3.961,3.961,NA,NA,NA,NA,NA,NA,NA,NA,NA,NA,NA   NA   NA   NA,NA   NA   NA   NA
STTD_2016-03-30 10:22:00,3/30/2016 10:22,STTD,2016,A,FALSE,CLR,NA,NA,15.24,0.25,440,540,7.79,7.61,40.1,5,Regular,69000,74672,5672,5672,17.4220413,17.4220413,1,NA,NA,Terrestrial Insects,64,Order,Diptera,Diptera,NotDetermined,0,0,0,NA,NA,NA,NA,NA,NA,NA,NA,NA,NA,NA   NA   NA   NA,NA   NA   NA   NA
SHR_2016-04-07 09:45:00,4/7/2016 9:45,SHR,2016,A,FALSE,CLD,NA,NA,16.92,0.59,118,138,7.78,10.01,10.9,10,Regular,74800,78536,3736,3736,11.47544893,11.47544893,1,NA,NA,Aquatic Non-Insects,4,Family,Naididae,Naididae,Larvae,0,0,0,NA,NA,NA,NA,NA,NA,NA,NA,NA,NA,NA   NA   NA   NA,NA   NA   NA   NA
SHR_2016-04-07 09:45:00,4/7/2016 9:45,SHR,2016,A,FALSE,CLD,NA,NA,16.92,0.59,118,138,7.78,10.01,10.9,10,Regular,74800,78536,3736,3736,11.47544893,11.47544893,1,NA,NA,Aquatic Non-Insects,4,Family,Naididae,Naididae,Pupae,0,0,0,NA,NA,NA,NA,NA,NA,NA,NA,NA,NA,NA   NA   NA   NA,NA   NA   NA   NA
SHR_2016-04-07 09:45:00,4/7/2016 9:45,SHR,2016,A,FALSE,CLD,NA,NA,16.92,0.59,118,138,7.78,10.01,10.9,10,Regular,74800,78536,3736,3736,11.47544893,11.47544893,1,NA,NA,Aquatic Non-Insects,4,Family,Naididae,Naididae,Nymphs,0,0,0,NA,NA,NA,NA,NA,NA,NA,NA,NA,NA,NA   NA   NA   NA,NA   NA   NA   NA
SHR_2016-04-07 09:45:00,4/7/2016 9:45,SHR,2016,A,FALSE,CLD,NA,NA,16.92,0.59,118,138,7.78,10.01,10.9,10,Regular,74800,78536,3736,3736,11.47544893,11.47544893,1,NA,NA,Aquatic Non-Insects,4,Family,Naididae,Naididae,Emergents,0,0,0,NA,NA,NA,NA,NA,NA,NA,NA,NA,NA,NA   NA   NA   NA,NA   NA   NA   NA
SHR_2016-04-07 09:45:00,4/7/2016 9:45,SHR,2016,A,FALSE,CLD,NA,NA,16.92,0.59,118,138,7.78,10.01,10.9,10,Regular,74800,78536,3736,3736,11.47544893,11.47544893,1,NA,NA,Aquatic Non-Insects,4,Family,Naididae,Naididae,Adults,0,0,0,NA,NA,NA,NA,NA,NA,NA,NA,NA,NA,NA   NA   NA   NA,NA   NA   NA   NA
SHR_2016-04-07 09:45:00,4/7/2016 9:45,SHR,2016,A,FALSE,CLD,NA,NA,16.92,0.59,118,138,7.78,10.01,10.9,10,Regular,74800,78536,3736,3736,11.47544893,11.47544893,1,NA,NA,Aquatic Non-Insects,4,Family,Naididae,Naididae,NotDetermined,2,0.174,0.174,NA,NA,NA,NA,NA,NA,NA,NA,NA,NA,NA   NA   NA   NA,NA   NA   NA   NA
SHR_2016-04-07 09:45:00,4/7/2016 9:45,SHR,2016,A,FALSE,CLD,NA,NA,16.92,0.59,118,138,7.78,10.01,10.9,10,Regular,74800,78536,3736,3736,11.47544893,11.47544893,1,NA,NA,Aquatic Insects,44,Family,Corixidae,Corixidae,Larvae,1,0.087,0.087,NA,NA,NA,NA,NA,NA,NA,NA,NA,NA,NA   NA   NA   NA,NA   NA   NA   NA
SHR_2016-04-07 09:45:00,4/7/2016 9:45,SHR,2016,A,FALSE,CLD,NA,NA,16.92,0.59,118,138,7.78,10.01,10.9,10,Regular,74800,78536,3736,3736,11.47544893,11.47544893,1,NA,NA,Aquatic Insects,44,Family,Corixidae,Corixidae,Pupae,0,0,0,NA,NA,NA,NA,NA,NA,NA,NA,NA,NA,NA   NA   NA   NA,NA   NA   NA   NA
SHR_2016-04-07 09:45:00,4/7/2016 9:45,SHR,2016,A,FALSE,CLD,NA,NA,16.92,0.59,118,138,7.78,10.01,10.9,10,Regular,74800,78536,3736,3736,11.47544893,11.47544893,1,NA,NA,Aquatic Insects,44,Family,Corixidae,Corixidae,Nymphs,0,0,0,NA,NA,NA,NA,NA,NA,NA,NA,NA,NA,NA   NA   NA   NA,NA   NA   NA   NA
SHR_2016-04-07 09:45:00,4/7/2016 9:45,SHR,2016,A,FALSE,CLD,NA,NA,16.92,0.59,118,138,7.78,10.01,10.9,10,Regular,74800,78536,3736,3736,11.47544893,11.47544893,1,NA,NA,Aquatic Insects,44,Family,Corixidae,Corixidae,Emergents,0,0,0,NA,NA,NA,NA,NA,NA,NA,NA,NA,NA,NA   NA   NA   NA,NA   NA   NA   NA
SHR_2016-04-07 09:45:00,4/7/2016 9:45,SHR,2016,A,FALSE,CLD,NA,NA,16.92,0.59,118,138,7.78,10.01,10.9,10,Regular,74800,78536,3736,3736,11.47544893,11.47544893,1,NA,NA,Aquatic Insects,44,Family,Corixidae,Corixidae,Adults,1,0.087,0.087,NA,NA,NA,NA,NA,NA,NA,NA,NA,NA,NA   NA   NA   NA,NA   NA   NA   NA
SHR_2016-04-07 09:45:00,4/7/2016 9:45,SHR,2016,A,FALSE,CLD,NA,NA,16.92,0.59,118,138,7.78,10.01,10.9,10,Regular,74800,78536,3736,3736,11.47544893,11.47544893,1,NA,NA,Aquatic Insects,44,Family,Corixidae,Corixidae,NotDetermined,0,0,0,NA,NA,NA,NA,NA,NA,NA,NA,NA,NA,NA   NA   NA   NA,NA   NA   NA   NA
SHR_2016-04-07 09:45:00,4/7/2016 9:45,SHR,2016,A,FALSE,CLD,NA,NA,16.92,0.59,118,138,7.78,10.01,10.9,10,Regular,74800,78536,3736,3736,11.47544893,11.47544893,1,NA,NA,Aquatic Insects,34,Family,Chironomidae,Chironomidae,Larvae,2,0.174,0.174,NA,NA,NA,NA,NA,NA,NA,NA,NA,NA,NA   NA   NA   NA,NA   NA   NA   NA
SHR_2016-04-07 09:45:00,4/7/2016 9:45,SHR,2016,A,FALSE,CLD,NA,NA,16.92,0.59,118,138,7.78,10.01,10.9,10,Regular,74800,78536,3736,3736,11.47544893,11.47544893,1,NA,NA,Aquatic Insects,34,Family,Chironomidae,Chironomidae,Pupae,2,0.174,0.174,NA,NA,NA,NA,NA,NA,NA,NA,NA,NA,NA   NA   NA   NA,NA   NA   NA   NA
SHR_2016-04-07 09:45:00,4/7/2016 9:45,SHR,2016,A,FALSE,CLD,NA,NA,16.92,0.59,118,138,7.78,10.01,10.9,10,Regular,74800,78536,3736,3736,11.47544893,11.47544893,1,NA,NA,Aquatic Insects,34,Family,Chironomidae,Chironomidae,Nymphs,0,0,0,NA,NA,NA,NA,NA,NA,NA,NA,NA,NA,NA   NA   NA   NA,NA   NA   NA   NA
SHR_2016-04-07 09:45:00,4/7/2016 9:45,SHR,2016,A,FALSE,CLD,NA,NA,16.92,0.59,118,138,7.78,10.01,10.9,10,Regular,74800,78536,3736,3736,11.47544893,11.47544893,1,NA,NA,Aquatic Insects,34,Family,Chironomidae,Chironomidae,Emergents,0,0,0,NA,NA,NA,NA,NA,NA,NA,NA,NA,NA,NA   NA   NA   NA,NA   NA   NA   NA
SHR_2016-04-07 09:45:00,4/7/2016 9:45,SHR,2016,A,FALSE,CLD,NA,NA,16.92,0.59,118,138,7.78,10.01,10.9,10,Regular,74800,78536,3736,3736,11.47544893,11.47544893,1,NA,NA,Aquatic Insects,34,Family,Chironomidae,Chironomidae,Adults,0,0,0,NA,NA,NA,NA,NA,NA,NA,NA,NA,NA,NA   NA   NA   NA,NA   NA   NA   NA
SHR_2016-04-07 09:45:00,4/7/2016 9:45,SHR,2016,A,FALSE,CLD,NA,NA,16.92,0.59,118,138,7.78,10.01,10.9,10,Regular,74800,78536,3736,3736,11.47544893,11.47544893,1,NA,NA,Aquatic Insects,34,Family,Chironomidae,Chironomidae,NotDetermined,0,0,0,NA,NA,NA,NA,NA,NA,NA,NA,NA,NA,NA   NA   NA   NA,NA   NA   NA   NA
SHR_2016-04-07 09:45:00,4/7/2016 9:45,SHR,2016,A,FALSE,CLD,NA,NA,16.92,0.59,118,138,7.78,10.01,10.9,10,Regular,74800,78536,3736,3736,11.47544893,11.47544893,1,NA,NA,Aquatic Non-Insects,10,Family,Crangonyctidae,Crangonyctidae,Larvae,0,0,0,NA,NA,NA,NA,NA,NA,NA,NA,NA,NA,NA   NA   NA   NA,NA   NA   NA   NA
SHR_2016-04-07 09:45:00,4/7/2016 9:45,SHR,2016,A,FALSE,CLD,NA,NA,16.92,0.59,118,138,7.78,10.01,10.9,10,Regular,74800,78536,3736,3736,11.47544893,11.47544893,1,NA,NA,Aquatic Non-Insects,10,Family,Crangonyctidae,Crangonyctidae,Pupae,0,0,0,NA,NA,NA,NA,NA,NA,NA,NA,NA,NA,NA   NA   NA   NA,NA   NA   NA   NA
SHR_2016-04-07 09:45:00,4/7/2016 9:45,SHR,2016,A,FALSE,CLD,NA,NA,16.92,0.59,118,138,7.78,10.01,10.9,10,Regular,74800,78536,3736,3736,11.47544893,11.47544893,1,NA,NA,Aquatic Non-Insects,10,Family,Crangonyctidae,Crangonyctidae,Nymphs,0,0,0,NA,NA,NA,NA,NA,NA,NA,NA,NA,NA,NA   NA   NA   NA,NA   NA   NA   NA
SHR_2016-04-07 09:45:00,4/7/2016 9:45,SHR,2016,A,FALSE,CLD,NA,NA,16.92,0.59,118,138,7.78,10.01,10.9,10,Regular,74800,78536,3736,3736,11.47544893,11.47544893,1,NA,NA,Aquatic Non-Insects,10,Family,Crangonyctidae,Crangonyctidae,Emergents,0,0,0,NA,NA,NA,NA,NA,NA,NA,NA,NA,NA,NA   NA   NA   NA,NA   NA   NA   NA
SHR_2016-04-07 09:45:00,4/7/2016 9:45,SHR,2016,A,FALSE,CLD,NA,NA,16.92,0.59,118,138,7.78,10.01,10.9,10,Regular,74800,78536,3736,3736,11.47544893,11.47544893,1,NA,NA,Aquatic Non-Insects,10,Family,Crangonyctidae,Crangonyctidae,Adults,0,0,0,NA,NA,NA,NA,NA,NA,NA,NA,NA,NA,NA   NA   NA   NA,NA   NA   NA   NA
SHR_2016-04-07 09:45:00,4/7/2016 9:45,SHR,2016,A,FALSE,CLD,NA,NA,16.92,0.59,118,138,7.78,10.01,10.9,10,Regular,74800,78536,3736,3736,11.47544893,11.47544893,1,NA,NA,Aquatic Non-Insects,10,Family,Crangonyctidae,Crangonyctidae,NotDetermined,2,0.174,0.174,NA,NA,NA,NA,NA,NA,NA,NA,NA,NA,NA   NA   NA   NA,NA   NA   NA   NA
SHR_2016-04-07 09:45:00,4/7/2016 9:45,SHR,2016,A,FALSE,CLD,NA,NA,16.92,0.59,118,138,7.78,10.01,10.9,10,Regular,74800,78536,3736,3736,11.47544893,11.47544893,1,NA,NA,Terrestrial Insects,64,Order,Diptera,Diptera,Larvae,0,0,0,NA,NA,NA,NA,NA,NA,NA,NA,NA,NA,NA   NA   NA   NA,NA   NA   NA   NA
SHR_2016-04-07 09:45:00,4/7/2016 9:45,SHR,2016,A,FALSE,CLD,NA,NA,16.92,0.59,118,138,7.78,10.01,10.9,10,Regular,74800,78536,3736,3736,11.47544893,11.47544893,1,NA,NA,Terrestrial Insects,64,Order,Diptera,Diptera,Pupae,0,0,0,NA,NA,NA,NA,NA,NA,NA,NA,NA,NA,NA   NA   NA   NA,NA   NA   NA   NA
SHR_2016-04-07 09:45:00,4/7/2016 9:45,SHR,2016,A,FALSE,CLD,NA,NA,16.92,0.59,118,138,7.78,10.01,10.9,10,Regular,74800,78536,3736,3736,11.47544893,11.47544893,1,NA,NA,Terrestrial Insects,64,Order,Diptera,Diptera,Nymphs,0,0,0,NA,NA,NA,NA,NA,NA,NA,NA,NA,NA,NA   NA   NA   NA,NA   NA   NA   NA
SHR_2016-04-07 09:45:00,4/7/2016 9:45,SHR,2016,A,FALSE,CLD,NA,NA,16.92,0.59,118,138,7.78,10.01,10.9,10,Regular,74800,78536,3736,3736,11.47544893,11.47544893,1,NA,NA,Terrestrial Insects,64,Order,Diptera,Diptera,Emergents,0,0,0,NA,NA,NA,NA,NA,NA,NA,NA,NA,NA,NA   NA   NA   NA,NA   NA   NA   NA
SHR_2016-04-07 09:45:00,4/7/2016 9:45,SHR,2016,A,FALSE,CLD,NA,NA,16.92,0.59,118,138,7.78,10.01,10.9,10,Regular,74800,78536,3736,3736,11.47544893,11.47544893,1,NA,NA,Terrestrial Insects,64,Order,Diptera,Diptera,Adults,5,0.436,0.436,NA,NA,NA,NA,NA,NA,NA,NA,NA,NA,NA   NA   NA   NA,NA   NA   NA   NA
SHR_2016-04-07 09:45:00,4/7/2016 9:45,SHR,2016,A,FALSE,CLD,NA,NA,16.92,0.59,118,138,7.78,10.01,10.9,10,Regular,74800,78536,3736,3736,11.47544893,11.47544893,1,NA,NA,Terrestrial Insects,64,Order,Diptera,Diptera,NotDetermined,0,0,0,NA,NA,NA,NA,NA,NA,NA,NA,NA,NA,NA   NA   NA   NA,NA   NA   NA   NA
SHR_2016-04-07 09:45:00,4/7/2016 9:45,SHR,2016,A,FALSE,CLD,NA,NA,16.92,0.59,118,138,7.78,10.01,10.9,10,Regular,74800,78536,3736,3736,11.47544893,11.47544893,1,NA,NA,Aquatic Non-Insects,19,Family,Corbiculidae,Corbiculidae,Larvae,0,0,0,NA,NA,NA,NA,NA,NA,NA,NA,NA,NA,NA   NA   NA   NA,NA   NA   NA   NA
SHR_2016-04-07 09:45:00,4/7/2016 9:45,SHR,2016,A,FALSE,CLD,NA,NA,16.92,0.59,118,138,7.78,10.01,10.9,10,Regular,74800,78536,3736,3736,11.47544893,11.47544893,1,NA,NA,Aquatic Non-Insects,19,Family,Corbiculidae,Corbiculidae,Pupae,0,0,0,NA,NA,NA,NA,NA,NA,NA,NA,NA,NA,NA   NA   NA   NA,NA   NA   NA   NA
SHR_2016-04-07 09:45:00,4/7/2016 9:45,SHR,2016,A,FALSE,CLD,NA,NA,16.92,0.59,118,138,7.78,10.01,10.9,10,Regular,74800,78536,3736,3736,11.47544893,11.47544893,1,NA,NA,Aquatic Non-Insects,19,Family,Corbiculidae,Corbiculidae,Nymphs,0,0,0,NA,NA,NA,NA,NA,NA,NA,NA,NA,NA,NA   NA   NA   NA,NA   NA   NA   NA
SHR_2016-04-07 09:45:00,4/7/2016 9:45,SHR,2016,A,FALSE,CLD,NA,NA,16.92,0.59,118,138,7.78,10.01,10.9,10,Regular,74800,78536,3736,3736,11.47544893,11.47544893,1,NA,NA,Aquatic Non-Insects,19,Family,Corbiculidae,Corbiculidae,Emergents,0,0,0,NA,NA,NA,NA,NA,NA,NA,NA,NA,NA,NA   NA   NA   NA,NA   NA   NA   NA
SHR_2016-04-07 09:45:00,4/7/2016 9:45,SHR,2016,A,FALSE,CLD,NA,NA,16.92,0.59,118,138,7.78,10.01,10.9,10,Regular,74800,78536,3736,3736,11.47544893,11.47544893,1,NA,NA,Aquatic Non-Insects,19,Family,Corbiculidae,Corbiculidae,Adults,0,0,0,NA,NA,NA,NA,NA,NA,NA,NA,NA,NA,NA   NA   NA   NA,NA   NA   NA   NA
SHR_2016-04-07 09:45:00,4/7/2016 9:45,SHR,2016,A,FALSE,CLD,NA,NA,16.92,0.59,118,138,7.78,10.01,10.9,10,Regular,74800,78536,3736,3736,11.47544893,11.47544893,1,NA,NA,Aquatic Non-Insects,19,Family,Corbiculidae,Corbiculidae,NotDetermined,3,0.261,0.261,NA,NA,NA,NA,NA,NA,NA,NA,NA,NA,NA   NA   NA   NA,NA   NA   NA   NA
SHR_2016-04-07 09:45:00,4/7/2016 9:45,SHR,2016,A,FALSE,CLD,NA,NA,16.92,0.59,118,138,7.78,10.01,10.9,10,Regular,74800,78536,3736,3736,11.47544893,11.47544893,1,NA,NA,Aquatic Non-Insects,28,Family,Lebertiidae,Lebertiidae,Larvae,0,0,0,NA,NA,NA,NA,NA,NA,NA,NA,NA,NA,NA   NA   NA   NA,NA   NA   NA   NA
SHR_2016-04-07 09:45:00,4/7/2016 9:45,SHR,2016,A,FALSE,CLD,NA,NA,16.92,0.59,118,138,7.78,10.01,10.9,10,Regular,74800,78536,3736,3736,11.47544893,11.47544893,1,NA,NA,Aquatic Non-Insects,120,Family,Lebertiidae,Lebertiidae,Larvae,0,0,0,NA,NA,NA,NA,NA,NA,NA,NA,NA,NA,NA   NA   NA   NA,NA   NA   NA   NA
SHR_2016-04-07 09:45:00,4/7/2016 9:45,SHR,2016,A,FALSE,CLD,NA,NA,16.92,0.59,118,138,7.78,10.01,10.9,10,Regular,74800,78536,3736,3736,11.47544893,11.47544893,1,NA,NA,Aquatic Non-Insects,28,Family,Lebertiidae,Lebertiidae,Pupae,0,0,0,NA,NA,NA,NA,NA,NA,NA,NA,NA,NA,NA   NA   NA   NA,NA   NA   NA   NA
SHR_2016-04-07 09:45:00,4/7/2016 9:45,SHR,2016,A,FALSE,CLD,NA,NA,16.92,0.59,118,138,7.78,10.01,10.9,10,Regular,74800,78536,3736,3736,11.47544893,11.47544893,1,NA,NA,Aquatic Non-Insects,120,Family,Lebertiidae,Lebertiidae,Pupae,0,0,0,NA,NA,NA,NA,NA,NA,NA,NA,NA,NA,NA   NA   NA   NA,NA   NA   NA   NA
SHR_2016-04-07 09:45:00,4/7/2016 9:45,SHR,2016,A,FALSE,CLD,NA,NA,16.92,0.59,118,138,7.78,10.01,10.9,10,Regular,74800,78536,3736,3736,11.47544893,11.47544893,1,NA,NA,Aquatic Non-Insects,28,Family,Lebertiidae,Lebertiidae,Nymphs,0,0,0,NA,NA,NA,NA,NA,NA,NA,NA,NA,NA,NA   NA   NA   NA,NA   NA   NA   NA
SHR_2016-04-07 09:45:00,4/7/2016 9:45,SHR,2016,A,FALSE,CLD,NA,NA,16.92,0.59,118,138,7.78,10.01,10.9,10,Regular,74800,78536,3736,3736,11.47544893,11.47544893,1,NA,NA,Aquatic Non-Insects,120,Family,Lebertiidae,Lebertiidae,Nymphs,0,0,0,NA,NA,NA,NA,NA,NA,NA,NA,NA,NA,NA   NA   NA   NA,NA   NA   NA   NA
SHR_2016-04-07 09:45:00,4/7/2016 9:45,SHR,2016,A,FALSE,CLD,NA,NA,16.92,0.59,118,138,7.78,10.01,10.9,10,Regular,74800,78536,3736,3736,11.47544893,11.47544893,1,NA,NA,Aquatic Non-Insects,28,Family,Lebertiidae,Lebertiidae,Emergents,0,0,0,NA,NA,NA,NA,NA,NA,NA,NA,NA,NA,NA   NA   NA   NA,NA   NA   NA   NA
SHR_2016-04-07 09:45:00,4/7/2016 9:45,SHR,2016,A,FALSE,CLD,NA,NA,16.92,0.59,118,138,7.78,10.01,10.9,10,Regular,74800,78536,3736,3736,11.47544893,11.47544893,1,NA,NA,Aquatic Non-Insects,120,Family,Lebertiidae,Lebertiidae,Emergents,0,0,0,NA,NA,NA,NA,NA,NA,NA,NA,NA,NA,NA   NA   NA   NA,NA   NA   NA   NA
SHR_2016-04-07 09:45:00,4/7/2016 9:45,SHR,2016,A,FALSE,CLD,NA,NA,16.92,0.59,118,138,7.78,10.01,10.9,10,Regular,74800,78536,3736,3736,11.47544893,11.47544893,1,NA,NA,Aquatic Non-Insects,28,Family,Lebertiidae,Lebertiidae,Adults,0,0,0,NA,NA,NA,NA,NA,NA,NA,NA,NA,NA,NA   NA   NA   NA,NA   NA   NA   NA
SHR_2016-04-07 09:45:00,4/7/2016 9:45,SHR,2016,A,FALSE,CLD,NA,NA,16.92,0.59,118,138,7.78,10.01,10.9,10,Regular,74800,78536,3736,3736,11.47544893,11.47544893,1,NA,NA,Aquatic Non-Insects,120,Family,Lebertiidae,Lebertiidae,Adults,0,0,0,NA,NA,NA,NA,NA,NA,NA,NA,NA,NA,NA   NA   NA   NA,NA   NA   NA   NA
SHR_2016-04-07 09:45:00,4/7/2016 9:45,SHR,2016,A,FALSE,CLD,NA,NA,16.92,0.59,118,138,7.78,10.01,10.9,10,Regular,74800,78536,3736,3736,11.47544893,11.47544893,1,NA,NA,Aquatic Non-Insects,28,Family,Lebertiidae,Lebertiidae,NotDetermined,2,0.174,0.174,NA,NA,NA,NA,NA,NA,NA,NA,NA,NA,NA   NA   NA   NA,NA   NA   NA   NA
SHR_2016-04-07 09:45:00,4/7/2016 9:45,SHR,2016,A,FALSE,CLD,NA,NA,16.92,0.59,118,138,7.78,10.01,10.9,10,Regular,74800,78536,3736,3736,11.47544893,11.47544893,1,NA,NA,Aquatic Non-Insects,120,Family,Lebertiidae,Lebertiidae,NotDetermined,2,0.174,0.174,NA,NA,NA,NA,NA,NA,NA,NA,NA,NA,NA   NA   NA   NA,NA   NA   NA   NA
STTD_2016-04-08 08:52:00,4/8/2016 8:52,STTD,2016,A,FALSE,CLD,NA,NA,19.7,0.24,567,631,8.04,7.17,33.9,10,Regular,79000,90667,11667,11667,35.8362052,35.8362052,1,NA,NA,Aquatic Insects,44,Family,Corixidae,Corixidae,Larvae,47,1.312,1.312,NA,NA,NA,NA,NA,NA,NA,NA,NA,NA,NA   NA   NA   NA,NA   NA   NA   NA
STTD_2016-04-08 08:52:00,4/8/2016 8:52,STTD,2016,A,FALSE,CLD,NA,NA,19.7,0.24,567,631,8.04,7.17,33.9,10,Regular,79000,90667,11667,11667,35.8362052,35.8362052,1,NA,NA,Aquatic Insects,44,Family,Corixidae,Corixidae,Pupae,0,0,0,NA,NA,NA,NA,NA,NA,NA,NA,NA,NA,NA   NA   NA   NA,NA   NA   NA   NA
STTD_2016-04-08 08:52:00,4/8/2016 8:52,STTD,2016,A,FALSE,CLD,NA,NA,19.7,0.24,567,631,8.04,7.17,33.9,10,Regular,79000,90667,11667,11667,35.8362052,35.8362052,1,NA,NA,Aquatic Insects,44,Family,Corixidae,Corixidae,Nymphs,0,0,0,NA,NA,NA,NA,NA,NA,NA,NA,NA,NA,NA   NA   NA   NA,NA   NA   NA   NA
STTD_2016-04-08 08:52:00,4/8/2016 8:52,STTD,2016,A,FALSE,CLD,NA,NA,19.7,0.24,567,631,8.04,7.17,33.9,10,Regular,79000,90667,11667,11667,35.8362052,35.8362052,1,NA,NA,Aquatic Insects,44,Family,Corixidae,Corixidae,Emergents,0,0,0,NA,NA,NA,NA,NA,NA,NA,NA,NA,NA,NA   NA   NA   NA,NA   NA   NA   NA
STTD_2016-04-08 08:52:00,4/8/2016 8:52,STTD,2016,A,FALSE,CLD,NA,NA,19.7,0.24,567,631,8.04,7.17,33.9,10,Regular,79000,90667,11667,11667,35.8362052,35.8362052,1,NA,NA,Aquatic Insects,44,Family,Corixidae,Corixidae,Adults,3,0.084,0.084,NA,NA,NA,NA,NA,NA,NA,NA,NA,NA,NA   NA   NA   NA,NA   NA   NA   NA
STTD_2016-04-08 08:52:00,4/8/2016 8:52,STTD,2016,A,FALSE,CLD,NA,NA,19.7,0.24,567,631,8.04,7.17,33.9,10,Regular,79000,90667,11667,11667,35.8362052,35.8362052,1,NA,NA,Aquatic Insects,44,Family,Corixidae,Corixidae,NotDetermined,0,0,0,NA,NA,NA,NA,NA,NA,NA,NA,NA,NA,NA   NA   NA   NA,NA   NA   NA   NA
STTD_2016-04-08 08:52:00,4/8/2016 8:52,STTD,2016,A,FALSE,CLD,NA,NA,19.7,0.24,567,631,8.04,7.17,33.9,10,Regular,79000,90667,11667,11667,35.8362052,35.8362052,1,NA,NA,Aquatic Insects,95,Family,Veliidae,Veliidae,Larvae,1,0.028,0.028,NA,NA,NA,NA,NA,NA,NA,NA,NA,NA,NA   NA   NA   NA,NA   NA   NA   NA
STTD_2016-04-08 08:52:00,4/8/2016 8:52,STTD,2016,A,FALSE,CLD,NA,NA,19.7,0.24,567,631,8.04,7.17,33.9,10,Regular,79000,90667,11667,11667,35.8362052,35.8362052,1,NA,NA,Aquatic Insects,95,Family,Veliidae,Veliidae,Pupae,0,0,0,NA,NA,NA,NA,NA,NA,NA,NA,NA,NA,NA   NA   NA   NA,NA   NA   NA   NA
STTD_2016-04-08 08:52:00,4/8/2016 8:52,STTD,2016,A,FALSE,CLD,NA,NA,19.7,0.24,567,631,8.04,7.17,33.9,10,Regular,79000,90667,11667,11667,35.8362052,35.8362052,1,NA,NA,Aquatic Insects,95,Family,Veliidae,Veliidae,Nymphs,0,0,0,NA,NA,NA,NA,NA,NA,NA,NA,NA,NA,NA   NA   NA   NA,NA   NA   NA   NA
STTD_2016-04-08 08:52:00,4/8/2016 8:52,STTD,2016,A,FALSE,CLD,NA,NA,19.7,0.24,567,631,8.04,7.17,33.9,10,Regular,79000,90667,11667,11667,35.8362052,35.8362052,1,NA,NA,Aquatic Insects,95,Family,Veliidae,Veliidae,Emergents,0,0,0,NA,NA,NA,NA,NA,NA,NA,NA,NA,NA,NA   NA   NA   NA,NA   NA   NA   NA
STTD_2016-04-08 08:52:00,4/8/2016 8:52,STTD,2016,A,FALSE,CLD,NA,NA,19.7,0.24,567,631,8.04,7.17,33.9,10,Regular,79000,90667,11667,11667,35.8362052,35.8362052,1,NA,NA,Aquatic Insects,95,Family,Veliidae,Veliidae,Adults,0,0,0,NA,NA,NA,NA,NA,NA,NA,NA,NA,NA,NA   NA   NA   NA,NA   NA   NA   NA
STTD_2016-04-08 08:52:00,4/8/2016 8:52,STTD,2016,A,FALSE,CLD,NA,NA,19.7,0.24,567,631,8.04,7.17,33.9,10,Regular,79000,90667,11667,11667,35.8362052,35.8362052,1,NA,NA,Aquatic Insects,95,Family,Veliidae,Veliidae,NotDetermined,0,0,0,NA,NA,NA,NA,NA,NA,NA,NA,NA,NA,NA   NA   NA   NA,NA   NA   NA   NA
STTD_2016-04-08 08:52:00,4/8/2016 8:52,STTD,2016,A,FALSE,CLD,NA,NA,19.7,0.24,567,631,8.04,7.17,33.9,10,Regular,79000,90667,11667,11667,35.8362052,35.8362052,1,NA,NA,Aquatic Insects,34,Family,Chironomidae,Chironomidae,Larvae,3,0.084,0.084,NA,NA,NA,NA,NA,NA,NA,NA,NA,NA,NA   NA   NA   NA,NA   NA   NA   NA
STTD_2016-04-08 08:52:00,4/8/2016 8:52,STTD,2016,A,FALSE,CLD,NA,NA,19.7,0.24,567,631,8.04,7.17,33.9,10,Regular,79000,90667,11667,11667,35.8362052,35.8362052,1,NA,NA,Aquatic Insects,34,Family,Chironomidae,Chironomidae,Pupae,3,0.084,0.084,NA,NA,NA,NA,NA,NA,NA,NA,NA,NA,NA   NA   NA   NA,NA   NA   NA   NA
STTD_2016-04-08 08:52:00,4/8/2016 8:52,STTD,2016,A,FALSE,CLD,NA,NA,19.7,0.24,567,631,8.04,7.17,33.9,10,Regular,79000,90667,11667,11667,35.8362052,35.8362052,1,NA,NA,Aquatic Insects,34,Family,Chironomidae,Chironomidae,Nymphs,0,0,0,NA,NA,NA,NA,NA,NA,NA,NA,NA,NA,NA   NA   NA   NA,NA   NA   NA   NA
STTD_2016-04-08 08:52:00,4/8/2016 8:52,STTD,2016,A,FALSE,CLD,NA,NA,19.7,0.24,567,631,8.04,7.17,33.9,10,Regular,79000,90667,11667,11667,35.8362052,35.8362052,1,NA,NA,Aquatic Insects,34,Family,Chironomidae,Chironomidae,Emergents,0,0,0,NA,NA,NA,NA,NA,NA,NA,NA,NA,NA,NA   NA   NA   NA,NA   NA   NA   NA
STTD_2016-04-08 08:52:00,4/8/2016 8:52,STTD,2016,A,FALSE,CLD,NA,NA,19.7,0.24,567,631,8.04,7.17,33.9,10,Regular,79000,90667,11667,11667,35.8362052,35.8362052,1,NA,NA,Aquatic Insects,34,Family,Chironomidae,Chironomidae,Adults,0,0,0,NA,NA,NA,NA,NA,NA,NA,NA,NA,NA,NA   NA   NA   NA,NA   NA   NA   NA
STTD_2016-04-08 08:52:00,4/8/2016 8:52,STTD,2016,A,FALSE,CLD,NA,NA,19.7,0.24,567,631,8.04,7.17,33.9,10,Regular,79000,90667,11667,11667,35.8362052,35.8362052,1,NA,NA,Aquatic Insects,34,Family,Chironomidae,Chironomidae,NotDetermined,0,0,0,NA,NA,NA,NA,NA,NA,NA,NA,NA,NA,NA   NA   NA   NA,NA   NA   NA   NA
STTD_2016-04-08 08:52:00,4/8/2016 8:52,STTD,2016,A,FALSE,CLD,NA,NA,19.7,0.24,567,631,8.04,7.17,33.9,10,Regular,79000,90667,11667,11667,35.8362052,35.8362052,1,NA,NA,Aquatic Non-Insects,9,Family,Corophiidae,Corophiidae,Larvae,0,0,0,NA,NA,NA,NA,NA,NA,NA,NA,NA,NA,NA   NA   NA   NA,NA   NA   NA   NA
STTD_2016-04-08 08:52:00,4/8/2016 8:52,STTD,2016,A,FALSE,CLD,NA,NA,19.7,0.24,567,631,8.04,7.17,33.9,10,Regular,79000,90667,11667,11667,35.8362052,35.8362052,1,NA,NA,Aquatic Non-Insects,9,Family,Corophiidae,Corophiidae,Pupae,0,0,0,NA,NA,NA,NA,NA,NA,NA,NA,NA,NA,NA   NA   NA   NA,NA   NA   NA   NA
STTD_2016-04-08 08:52:00,4/8/2016 8:52,STTD,2016,A,FALSE,CLD,NA,NA,19.7,0.24,567,631,8.04,7.17,33.9,10,Regular,79000,90667,11667,11667,35.8362052,35.8362052,1,NA,NA,Aquatic Non-Insects,9,Family,Corophiidae,Corophiidae,Nymphs,0,0,0,NA,NA,NA,NA,NA,NA,NA,NA,NA,NA,NA   NA   NA   NA,NA   NA   NA   NA
STTD_2016-04-08 08:52:00,4/8/2016 8:52,STTD,2016,A,FALSE,CLD,NA,NA,19.7,0.24,567,631,8.04,7.17,33.9,10,Regular,79000,90667,11667,11667,35.8362052,35.8362052,1,NA,NA,Aquatic Non-Insects,9,Family,Corophiidae,Corophiidae,Emergents,0,0,0,NA,NA,NA,NA,NA,NA,NA,NA,NA,NA,NA   NA   NA   NA,NA   NA   NA   NA
STTD_2016-04-08 08:52:00,4/8/2016 8:52,STTD,2016,A,FALSE,CLD,NA,NA,19.7,0.24,567,631,8.04,7.17,33.9,10,Regular,79000,90667,11667,11667,35.8362052,35.8362052,1,NA,NA,Aquatic Non-Insects,9,Family,Corophiidae,Corophiidae,Adults,0,0,0,NA,NA,NA,NA,NA,NA,NA,NA,NA,NA,NA   NA   NA   NA,NA   NA   NA   NA
STTD_2016-04-08 08:52:00,4/8/2016 8:52,STTD,2016,A,FALSE,CLD,NA,NA,19.7,0.24,567,631,8.04,7.17,33.9,10,Regular,79000,90667,11667,11667,35.8362052,35.8362052,1,NA,NA,Aquatic Non-Insects,9,Family,Corophiidae,Corophiidae,NotDetermined,1,0.028,0.028,NA,NA,NA,NA,NA,NA,NA,NA,NA,NA,NA   NA   NA   NA,NA   NA   NA   NA
STTD_2016-04-08 08:52:00,4/8/2016 8:52,STTD,2016,A,FALSE,CLD,NA,NA,19.7,0.24,567,631,8.04,7.17,33.9,10,Regular,79000,90667,11667,11667,35.8362052,35.8362052,1,NA,NA,Aquatic Non-Insects,15,Family,Hyalellidae,Hyalellidae,Larvae,0,0,0,NA,NA,NA,NA,NA,NA,NA,NA,NA,NA,NA   NA   NA   NA,NA   NA   NA   NA
STTD_2016-04-08 08:52:00,4/8/2016 8:52,STTD,2016,A,FALSE,CLD,NA,NA,19.7,0.24,567,631,8.04,7.17,33.9,10,Regular,79000,90667,11667,11667,35.8362052,35.8362052,1,NA,NA,Aquatic Non-Insects,15,Family,Hyalellidae,Hyalellidae,Pupae,0,0,0,NA,NA,NA,NA,NA,NA,NA,NA,NA,NA,NA   NA   NA   NA,NA   NA   NA   NA
STTD_2016-04-08 08:52:00,4/8/2016 8:52,STTD,2016,A,FALSE,CLD,NA,NA,19.7,0.24,567,631,8.04,7.17,33.9,10,Regular,79000,90667,11667,11667,35.8362052,35.8362052,1,NA,NA,Aquatic Non-Insects,15,Family,Hyalellidae,Hyalellidae,Nymphs,0,0,0,NA,NA,NA,NA,NA,NA,NA,NA,NA,NA,NA   NA   NA   NA,NA   NA   NA   NA
STTD_2016-04-08 08:52:00,4/8/2016 8:52,STTD,2016,A,FALSE,CLD,NA,NA,19.7,0.24,567,631,8.04,7.17,33.9,10,Regular,79000,90667,11667,11667,35.8362052,35.8362052,1,NA,NA,Aquatic Non-Insects,15,Family,Hyalellidae,Hyalellidae,Emergents,0,0,0,NA,NA,NA,NA,NA,NA,NA,NA,NA,NA,NA   NA   NA   NA,NA   NA   NA   NA
STTD_2016-04-08 08:52:00,4/8/2016 8:52,STTD,2016,A,FALSE,CLD,NA,NA,19.7,0.24,567,631,8.04,7.17,33.9,10,Regular,79000,90667,11667,11667,35.8362052,35.8362052,1,NA,NA,Aquatic Non-Insects,15,Family,Hyalellidae,Hyalellidae,Adults,0,0,0,NA,NA,NA,NA,NA,NA,NA,NA,NA,NA,NA   NA   NA   NA,NA   NA   NA   NA
STTD_2016-04-08 08:52:00,4/8/2016 8:52,STTD,2016,A,FALSE,CLD,NA,NA,19.7,0.24,567,631,8.04,7.17,33.9,10,Regular,79000,90667,11667,11667,35.8362052,35.8362052,1,NA,NA,Aquatic Non-Insects,15,Family,Hyalellidae,Hyalellidae,NotDetermined,7,0.195,0.195,NA,NA,NA,NA,NA,NA,NA,NA,NA,NA,NA   NA   NA   NA,NA   NA   NA   NA
STTD_2016-04-08 08:52:00,4/8/2016 8:52,STTD,2016,A,FALSE,CLD,NA,NA,19.7,0.24,567,631,8.04,7.17,33.9,10,Regular,79000,90667,11667,11667,35.8362052,35.8362052,1,NA,NA,Aquatic Non-Insects,18,Family,Hydridae,Hydridae,Larvae,0,0,0,NA,NA,NA,NA,NA,NA,NA,NA,NA,NA,NA   NA   NA   NA,NA   NA   NA   NA
STTD_2016-04-08 08:52:00,4/8/2016 8:52,STTD,2016,A,FALSE,CLD,NA,NA,19.7,0.24,567,631,8.04,7.17,33.9,10,Regular,79000,90667,11667,11667,35.8362052,35.8362052,1,NA,NA,Aquatic Non-Insects,18,Family,Hydridae,Hydridae,Pupae,0,0,0,NA,NA,NA,NA,NA,NA,NA,NA,NA,NA,NA   NA   NA   NA,NA   NA   NA   NA
STTD_2016-04-08 08:52:00,4/8/2016 8:52,STTD,2016,A,FALSE,CLD,NA,NA,19.7,0.24,567,631,8.04,7.17,33.9,10,Regular,79000,90667,11667,11667,35.8362052,35.8362052,1,NA,NA,Aquatic Non-Insects,18,Family,Hydridae,Hydridae,Nymphs,0,0,0,NA,NA,NA,NA,NA,NA,NA,NA,NA,NA,NA   NA   NA   NA,NA   NA   NA   NA
STTD_2016-04-08 08:52:00,4/8/2016 8:52,STTD,2016,A,FALSE,CLD,NA,NA,19.7,0.24,567,631,8.04,7.17,33.9,10,Regular,79000,90667,11667,11667,35.8362052,35.8362052,1,NA,NA,Aquatic Non-Insects,18,Family,Hydridae,Hydridae,Emergents,0,0,0,NA,NA,NA,NA,NA,NA,NA,NA,NA,NA,NA   NA   NA   NA,NA   NA   NA   NA
STTD_2016-04-08 08:52:00,4/8/2016 8:52,STTD,2016,A,FALSE,CLD,NA,NA,19.7,0.24,567,631,8.04,7.17,33.9,10,Regular,79000,90667,11667,11667,35.8362052,35.8362052,1,NA,NA,Aquatic Non-Insects,18,Family,Hydridae,Hydridae,Adults,0,0,0,NA,NA,NA,NA,NA,NA,NA,NA,NA,NA,NA   NA   NA   NA,NA   NA   NA   NA
STTD_2016-04-08 08:52:00,4/8/2016 8:52,STTD,2016,A,FALSE,CLD,NA,NA,19.7,0.24,567,631,8.04,7.17,33.9,10,Regular,79000,90667,11667,11667,35.8362052,35.8362052,1,NA,NA,Aquatic Non-Insects,18,Family,Hydridae,Hydridae,NotDetermined,1,0.028,0.028,NA,NA,NA,NA,NA,NA,NA,NA,NA,NA,NA   NA   NA   NA,NA   NA   NA   NA
STTD_2016-04-08 08:52:00,4/8/2016 8:52,STTD,2016,A,FALSE,CLD,NA,NA,19.7,0.24,567,631,8.04,7.17,33.9,10,Regular,79000,90667,11667,11667,35.8362052,35.8362052,1,NA,NA,Aquatic Non-Insects,20,Family,Physidae,Physidae,Larvae,0,0,0,NA,NA,NA,NA,NA,NA,NA,NA,NA,NA,NA   NA   NA   NA,NA   NA   NA   NA
STTD_2016-04-08 08:52:00,4/8/2016 8:52,STTD,2016,A,FALSE,CLD,NA,NA,19.7,0.24,567,631,8.04,7.17,33.9,10,Regular,79000,90667,11667,11667,35.8362052,35.8362052,1,NA,NA,Aquatic Non-Insects,20,Family,Physidae,Physidae,Pupae,0,0,0,NA,NA,NA,NA,NA,NA,NA,NA,NA,NA,NA   NA   NA   NA,NA   NA   NA   NA
STTD_2016-04-08 08:52:00,4/8/2016 8:52,STTD,2016,A,FALSE,CLD,NA,NA,19.7,0.24,567,631,8.04,7.17,33.9,10,Regular,79000,90667,11667,11667,35.8362052,35.8362052,1,NA,NA,Aquatic Non-Insects,20,Family,Physidae,Physidae,Nymphs,0,0,0,NA,NA,NA,NA,NA,NA,NA,NA,NA,NA,NA   NA   NA   NA,NA   NA   NA   NA
STTD_2016-04-08 08:52:00,4/8/2016 8:52,STTD,2016,A,FALSE,CLD,NA,NA,19.7,0.24,567,631,8.04,7.17,33.9,10,Regular,79000,90667,11667,11667,35.8362052,35.8362052,1,NA,NA,Aquatic Non-Insects,20,Family,Physidae,Physidae,Emergents,0,0,0,NA,NA,NA,NA,NA,NA,NA,NA,NA,NA,NA   NA   NA   NA,NA   NA   NA   NA
STTD_2016-04-08 08:52:00,4/8/2016 8:52,STTD,2016,A,FALSE,CLD,NA,NA,19.7,0.24,567,631,8.04,7.17,33.9,10,Regular,79000,90667,11667,11667,35.8362052,35.8362052,1,NA,NA,Aquatic Non-Insects,20,Family,Physidae,Physidae,Adults,0,0,0,NA,NA,NA,NA,NA,NA,NA,NA,NA,NA,NA   NA   NA   NA,NA   NA   NA   NA
STTD_2016-04-08 08:52:00,4/8/2016 8:52,STTD,2016,A,FALSE,CLD,NA,NA,19.7,0.24,567,631,8.04,7.17,33.9,10,Regular,79000,90667,11667,11667,35.8362052,35.8362052,1,NA,NA,Aquatic Non-Insects,20,Family,Physidae,Physidae,NotDetermined,1,0.028,0.028,NA,NA,NA,NA,NA,NA,NA,NA,NA,NA,NA   NA   NA   NA,NA   NA   NA   NA
STTD_2016-04-08 08:52:00,4/8/2016 8:52,STTD,2016,A,FALSE,CLD,NA,NA,19.7,0.24,567,631,8.04,7.17,33.9,10,Regular,79000,90667,11667,11667,35.8362052,35.8362052,1,NA,NA,Aquatic Non-Insects,172,Family,Murchisonellidae,Murchisonellidae,Larvae,0,0,0,NA,NA,NA,NA,NA,NA,NA,NA,NA,NA,NA   NA   NA   NA,NA   NA   NA   NA
STTD_2016-04-08 08:52:00,4/8/2016 8:52,STTD,2016,A,FALSE,CLD,NA,NA,19.7,0.24,567,631,8.04,7.17,33.9,10,Regular,79000,90667,11667,11667,35.8362052,35.8362052,1,NA,NA,Aquatic Non-Insects,172,Family,Murchisonellidae,Murchisonellidae,Pupae,0,0,0,NA,NA,NA,NA,NA,NA,NA,NA,NA,NA,NA   NA   NA   NA,NA   NA   NA   NA
STTD_2016-04-08 08:52:00,4/8/2016 8:52,STTD,2016,A,FALSE,CLD,NA,NA,19.7,0.24,567,631,8.04,7.17,33.9,10,Regular,79000,90667,11667,11667,35.8362052,35.8362052,1,NA,NA,Aquatic Non-Insects,172,Family,Murchisonellidae,Murchisonellidae,Nymphs,0,0,0,NA,NA,NA,NA,NA,NA,NA,NA,NA,NA,NA   NA   NA   NA,NA   NA   NA   NA
STTD_2016-04-08 08:52:00,4/8/2016 8:52,STTD,2016,A,FALSE,CLD,NA,NA,19.7,0.24,567,631,8.04,7.17,33.9,10,Regular,79000,90667,11667,11667,35.8362052,35.8362052,1,NA,NA,Aquatic Non-Insects,172,Family,Murchisonellidae,Murchisonellidae,Emergents,0,0,0,NA,NA,NA,NA,NA,NA,NA,NA,NA,NA,NA   NA   NA   NA,NA   NA   NA   NA
STTD_2016-04-08 08:52:00,4/8/2016 8:52,STTD,2016,A,FALSE,CLD,NA,NA,19.7,0.24,567,631,8.04,7.17,33.9,10,Regular,79000,90667,11667,11667,35.8362052,35.8362052,1,NA,NA,Aquatic Non-Insects,172,Family,Murchisonellidae,Murchisonellidae,Adults,0,0,0,NA,NA,NA,NA,NA,NA,NA,NA,NA,NA,NA   NA   NA   NA,NA   NA   NA   NA
STTD_2016-04-08 08:52:00,4/8/2016 8:52,STTD,2016,A,FALSE,CLD,NA,NA,19.7,0.24,567,631,8.04,7.17,33.9,10,Regular,79000,90667,11667,11667,35.8362052,35.8362052,1,NA,NA,Aquatic Non-Insects,172,Family,Murchisonellidae,Murchisonellidae,NotDetermined,3,0.084,0.084,NA,NA,NA,NA,NA,NA,NA,NA,NA,NA,NA   NA   NA   NA,NA   NA   NA   NA
STTD_2016-04-08 08:52:00,4/8/2016 8:52,STTD,2016,A,FALSE,CLD,NA,NA,19.7,0.24,567,631,8.04,7.17,33.9,10,Regular,79000,90667,11667,11667,35.8362052,35.8362052,1,NA,NA,Terrestrial Insects,64,Order,Diptera,Diptera,Larvae,0,0,0,NA,NA,NA,NA,NA,NA,NA,NA,NA,NA,NA   NA   NA   NA,NA   NA   NA   NA
STTD_2016-04-08 08:52:00,4/8/2016 8:52,STTD,2016,A,FALSE,CLD,NA,NA,19.7,0.24,567,631,8.04,7.17,33.9,10,Regular,79000,90667,11667,11667,35.8362052,35.8362052,1,NA,NA,Terrestrial Insects,64,Order,Diptera,Diptera,Pupae,0,0,0,NA,NA,NA,NA,NA,NA,NA,NA,NA,NA,NA   NA   NA   NA,NA   NA   NA   NA
STTD_2016-04-08 08:52:00,4/8/2016 8:52,STTD,2016,A,FALSE,CLD,NA,NA,19.7,0.24,567,631,8.04,7.17,33.9,10,Regular,79000,90667,11667,11667,35.8362052,35.8362052,1,NA,NA,Terrestrial Insects,64,Order,Diptera,Diptera,Nymphs,0,0,0,NA,NA,NA,NA,NA,NA,NA,NA,NA,NA,NA   NA   NA   NA,NA   NA   NA   NA
STTD_2016-04-08 08:52:00,4/8/2016 8:52,STTD,2016,A,FALSE,CLD,NA,NA,19.7,0.24,567,631,8.04,7.17,33.9,10,Regular,79000,90667,11667,11667,35.8362052,35.8362052,1,NA,NA,Terrestrial Insects,64,Order,Diptera,Diptera,Emergents,0,0,0,NA,NA,NA,NA,NA,NA,NA,NA,NA,NA,NA   NA   NA   NA,NA   NA   NA   NA
STTD_2016-04-08 08:52:00,4/8/2016 8:52,STTD,2016,A,FALSE,CLD,NA,NA,19.7,0.24,567,631,8.04,7.17,33.9,10,Regular,79000,90667,11667,11667,35.8362052,35.8362052,1,NA,NA,Terrestrial Insects,64,Order,Diptera,Diptera,Adults,176,4.911,4.911,NA,NA,NA,NA,NA,NA,NA,NA,NA,NA,NA   NA   NA   NA,NA   NA   NA   NA
STTD_2016-04-08 08:52:00,4/8/2016 8:52,STTD,2016,A,FALSE,CLD,NA,NA,19.7,0.24,567,631,8.04,7.17,33.9,10,Regular,79000,90667,11667,11667,35.8362052,35.8362052,1,NA,NA,Terrestrial Insects,64,Order,Diptera,Diptera,NotDetermined,0,0,0,NA,NA,NA,NA,NA,NA,NA,NA,NA,NA,NA   NA   NA   NA,NA   NA   NA   NA
STTD_2016-04-08 08:52:00,4/8/2016 8:52,STTD,2016,A,FALSE,CLD,NA,NA,19.7,0.24,567,631,8.04,7.17,33.9,10,Regular,79000,90667,11667,11667,35.8362052,35.8362052,1,NA,NA,Terrestrial Insects,71,Order,Hemiptera,Hemiptera,Larvae,0,0,0,NA,NA,NA,NA,NA,NA,NA,NA,NA,NA,NA   NA   NA   NA,NA   NA   NA   NA
STTD_2016-04-08 08:52:00,4/8/2016 8:52,STTD,2016,A,FALSE,CLD,NA,NA,19.7,0.24,567,631,8.04,7.17,33.9,10,Regular,79000,90667,11667,11667,35.8362052,35.8362052,1,NA,NA,Terrestrial Insects,71,Order,Hemiptera,Hemiptera,Pupae,0,0,0,NA,NA,NA,NA,NA,NA,NA,NA,NA,NA,NA   NA   NA   NA,NA   NA   NA   NA
STTD_2016-04-08 08:52:00,4/8/2016 8:52,STTD,2016,A,FALSE,CLD,NA,NA,19.7,0.24,567,631,8.04,7.17,33.9,10,Regular,79000,90667,11667,11667,35.8362052,35.8362052,1,NA,NA,Terrestrial Insects,71,Order,Hemiptera,Hemiptera,Nymphs,0,0,0,NA,NA,NA,NA,NA,NA,NA,NA,NA,NA,NA   NA   NA   NA,NA   NA   NA   NA
STTD_2016-04-08 08:52:00,4/8/2016 8:52,STTD,2016,A,FALSE,CLD,NA,NA,19.7,0.24,567,631,8.04,7.17,33.9,10,Regular,79000,90667,11667,11667,35.8362052,35.8362052,1,NA,NA,Terrestrial Insects,71,Order,Hemiptera,Hemiptera,Emergents,0,0,0,NA,NA,NA,NA,NA,NA,NA,NA,NA,NA,NA   NA   NA   NA,NA   NA   NA   NA
STTD_2016-04-08 08:52:00,4/8/2016 8:52,STTD,2016,A,FALSE,CLD,NA,NA,19.7,0.24,567,631,8.04,7.17,33.9,10,Regular,79000,90667,11667,11667,35.8362052,35.8362052,1,NA,NA,Terrestrial Insects,71,Order,Hemiptera,Hemiptera,Adults,29,0.809,0.809,NA,NA,NA,NA,NA,NA,NA,NA,NA,NA,NA   NA   NA   NA,NA   NA   NA   NA
STTD_2016-04-08 08:52:00,4/8/2016 8:52,STTD,2016,A,FALSE,CLD,NA,NA,19.7,0.24,567,631,8.04,7.17,33.9,10,Regular,79000,90667,11667,11667,35.8362052,35.8362052,1,NA,NA,Terrestrial Insects,71,Order,Hemiptera,Hemiptera,NotDetermined,0,0,0,NA,NA,NA,NA,NA,NA,NA,NA,NA,NA,NA   NA   NA   NA,NA   NA   NA   NA
STTD_2016-04-08 08:52:00,4/8/2016 8:52,STTD,2016,A,FALSE,CLD,NA,NA,19.7,0.24,567,631,8.04,7.17,33.9,10,Regular,79000,90667,11667,11667,35.8362052,35.8362052,1,NA,NA,Terrestrial Insects,66,Order,Hymenoptera,Hymenoptera,Larvae,0,0,0,NA,NA,NA,NA,NA,NA,NA,NA,NA,NA,NA   NA   NA   NA,NA   NA   NA   NA
STTD_2016-04-08 08:52:00,4/8/2016 8:52,STTD,2016,A,FALSE,CLD,NA,NA,19.7,0.24,567,631,8.04,7.17,33.9,10,Regular,79000,90667,11667,11667,35.8362052,35.8362052,1,NA,NA,Terrestrial Insects,66,Order,Hymenoptera,Hymenoptera,Pupae,0,0,0,NA,NA,NA,NA,NA,NA,NA,NA,NA,NA,NA   NA   NA   NA,NA   NA   NA   NA
STTD_2016-04-08 08:52:00,4/8/2016 8:52,STTD,2016,A,FALSE,CLD,NA,NA,19.7,0.24,567,631,8.04,7.17,33.9,10,Regular,79000,90667,11667,11667,35.8362052,35.8362052,1,NA,NA,Terrestrial Insects,66,Order,Hymenoptera,Hymenoptera,Nymphs,0,0,0,NA,NA,NA,NA,NA,NA,NA,NA,NA,NA,NA   NA   NA   NA,NA   NA   NA   NA
STTD_2016-04-08 08:52:00,4/8/2016 8:52,STTD,2016,A,FALSE,CLD,NA,NA,19.7,0.24,567,631,8.04,7.17,33.9,10,Regular,79000,90667,11667,11667,35.8362052,35.8362052,1,NA,NA,Terrestrial Insects,66,Order,Hymenoptera,Hymenoptera,Emergents,0,0,0,NA,NA,NA,NA,NA,NA,NA,NA,NA,NA,NA   NA   NA   NA,NA   NA   NA   NA
STTD_2016-04-08 08:52:00,4/8/2016 8:52,STTD,2016,A,FALSE,CLD,NA,NA,19.7,0.24,567,631,8.04,7.17,33.9,10,Regular,79000,90667,11667,11667,35.8362052,35.8362052,1,NA,NA,Terrestrial Insects,66,Order,Hymenoptera,Hymenoptera,Adults,4,0.112,0.112,NA,NA,NA,NA,NA,NA,NA,NA,NA,NA,NA   NA   NA   NA,NA   NA   NA   NA
STTD_2016-04-08 08:52:00,4/8/2016 8:52,STTD,2016,A,FALSE,CLD,NA,NA,19.7,0.24,567,631,8.04,7.17,33.9,10,Regular,79000,90667,11667,11667,35.8362052,35.8362052,1,NA,NA,Terrestrial Insects,66,Order,Hymenoptera,Hymenoptera,NotDetermined,0,0,0,NA,NA,NA,NA,NA,NA,NA,NA,NA,NA,NA   NA   NA   NA,NA   NA   NA   NA
STTD_2016-04-08 08:52:00,4/8/2016 8:52,STTD,2016,A,FALSE,CLD,NA,NA,19.7,0.24,567,631,8.04,7.17,33.9,10,Regular,79000,90667,11667,11667,35.8362052,35.8362052,1,NA,NA,Terrestrial Insects,73,Order,Lepidoptera,Lepidoptera,Larvae,0,0,0,NA,NA,NA,NA,NA,NA,NA,NA,NA,NA,NA   NA   NA   NA,NA   NA   NA   NA
STTD_2016-04-08 08:52:00,4/8/2016 8:52,STTD,2016,A,FALSE,CLD,NA,NA,19.7,0.24,567,631,8.04,7.17,33.9,10,Regular,79000,90667,11667,11667,35.8362052,35.8362052,1,NA,NA,Terrestrial Insects,73,Order,Lepidoptera,Lepidoptera,Pupae,0,0,0,NA,NA,NA,NA,NA,NA,NA,NA,NA,NA,NA   NA   NA   NA,NA   NA   NA   NA
STTD_2016-04-08 08:52:00,4/8/2016 8:52,STTD,2016,A,FALSE,CLD,NA,NA,19.7,0.24,567,631,8.04,7.17,33.9,10,Regular,79000,90667,11667,11667,35.8362052,35.8362052,1,NA,NA,Terrestrial Insects,73,Order,Lepidoptera,Lepidoptera,Nymphs,0,0,0,NA,NA,NA,NA,NA,NA,NA,NA,NA,NA,NA   NA   NA   NA,NA   NA   NA   NA
STTD_2016-04-08 08:52:00,4/8/2016 8:52,STTD,2016,A,FALSE,CLD,NA,NA,19.7,0.24,567,631,8.04,7.17,33.9,10,Regular,79000,90667,11667,11667,35.8362052,35.8362052,1,NA,NA,Terrestrial Insects,73,Order,Lepidoptera,Lepidoptera,Emergents,0,0,0,NA,NA,NA,NA,NA,NA,NA,NA,NA,NA,NA   NA   NA   NA,NA   NA   NA   NA
STTD_2016-04-08 08:52:00,4/8/2016 8:52,STTD,2016,A,FALSE,CLD,NA,NA,19.7,0.24,567,631,8.04,7.17,33.9,10,Regular,79000,90667,11667,11667,35.8362052,35.8362052,1,NA,NA,Terrestrial Insects,73,Order,Lepidoptera,Lepidoptera,Adults,1,0.028,0.028,NA,NA,NA,NA,NA,NA,NA,NA,NA,NA,NA   NA   NA   NA,NA   NA   NA   NA
STTD_2016-04-08 08:52:00,4/8/2016 8:52,STTD,2016,A,FALSE,CLD,NA,NA,19.7,0.24,567,631,8.04,7.17,33.9,10,Regular,79000,90667,11667,11667,35.8362052,35.8362052,1,NA,NA,Terrestrial Insects,73,Order,Lepidoptera,Lepidoptera,NotDetermined,0,0,0,NA,NA,NA,NA,NA,NA,NA,NA,NA,NA,NA   NA   NA   NA,NA   NA   NA   NA
STTD_2016-04-08 08:52:00,4/8/2016 8:52,STTD,2016,A,FALSE,CLD,NA,NA,19.7,0.24,567,631,8.04,7.17,33.9,10,Regular,79000,90667,11667,11667,35.8362052,35.8362052,1,NA,NA,Terrestrial Non-Insects,57,Subclass,Acari,Acari,Larvae,0,0,0,NA,NA,NA,NA,NA,NA,NA,NA,NA,NA,NA   NA   NA   NA,NA   NA   NA   NA
STTD_2016-04-08 08:52:00,4/8/2016 8:52,STTD,2016,A,FALSE,CLD,NA,NA,19.7,0.24,567,631,8.04,7.17,33.9,10,Regular,79000,90667,11667,11667,35.8362052,35.8362052,1,NA,NA,Terrestrial Non-Insects,57,Subclass,Acari,Acari,Pupae,0,0,0,NA,NA,NA,NA,NA,NA,NA,NA,NA,NA,NA   NA   NA   NA,NA   NA   NA   NA
STTD_2016-04-08 08:52:00,4/8/2016 8:52,STTD,2016,A,FALSE,CLD,NA,NA,19.7,0.24,567,631,8.04,7.17,33.9,10,Regular,79000,90667,11667,11667,35.8362052,35.8362052,1,NA,NA,Terrestrial Non-Insects,57,Subclass,Acari,Acari,Nymphs,0,0,0,NA,NA,NA,NA,NA,NA,NA,NA,NA,NA,NA   NA   NA   NA,NA   NA   NA   NA
STTD_2016-04-08 08:52:00,4/8/2016 8:52,STTD,2016,A,FALSE,CLD,NA,NA,19.7,0.24,567,631,8.04,7.17,33.9,10,Regular,79000,90667,11667,11667,35.8362052,35.8362052,1,NA,NA,Terrestrial Non-Insects,57,Subclass,Acari,Acari,Emergents,0,0,0,NA,NA,NA,NA,NA,NA,NA,NA,NA,NA,NA   NA   NA   NA,NA   NA   NA   NA
STTD_2016-04-08 08:52:00,4/8/2016 8:52,STTD,2016,A,FALSE,CLD,NA,NA,19.7,0.24,567,631,8.04,7.17,33.9,10,Regular,79000,90667,11667,11667,35.8362052,35.8362052,1,NA,NA,Terrestrial Non-Insects,57,Subclass,Acari,Acari,Adults,0,0,0,NA,NA,NA,NA,NA,NA,NA,NA,NA,NA,NA   NA   NA   NA,NA   NA   NA   NA
STTD_2016-04-08 08:52:00,4/8/2016 8:52,STTD,2016,A,FALSE,CLD,NA,NA,19.7,0.24,567,631,8.04,7.17,33.9,10,Regular,79000,90667,11667,11667,35.8362052,35.8362052,1,NA,NA,Terrestrial Non-Insects,57,Subclass,Acari,Acari,NotDetermined,2,0.056,0.056,NA,NA,NA,NA,NA,NA,NA,NA,NA,NA,NA   NA   NA   NA,NA   NA   NA   NA
STTD_2016-04-08 08:52:00,4/8/2016 8:52,STTD,2016,A,FALSE,CLD,NA,NA,19.7,0.24,567,631,8.04,7.17,33.9,10,Regular,79000,90667,11667,11667,35.8362052,35.8362052,1,NA,NA,Aquatic Non-Insects,7,Order,Cyclopoida,Cyclopoid,Larvae,0,0,0,NA,NA,NA,NA,NA,NA,NA,NA,NA,NA,NA   NA   NA   NA,NA   NA   NA   NA
STTD_2016-04-08 08:52:00,4/8/2016 8:52,STTD,2016,A,FALSE,CLD,NA,NA,19.7,0.24,567,631,8.04,7.17,33.9,10,Regular,79000,90667,11667,11667,35.8362052,35.8362052,1,NA,NA,Aquatic Non-Insects,154,Order,Cyclopoida,Cyclopoid,Larvae,0,0,0,NA,NA,NA,NA,NA,NA,NA,NA,NA,NA,NA   NA   NA   NA,NA   NA   NA   NA
STTD_2016-04-08 08:52:00,4/8/2016 8:52,STTD,2016,A,FALSE,CLD,NA,NA,19.7,0.24,567,631,8.04,7.17,33.9,10,Regular,79000,90667,11667,11667,35.8362052,35.8362052,1,NA,NA,Aquatic Non-Insects,7,Order,Cyclopoida,Cyclopoid,Pupae,0,0,0,NA,NA,NA,NA,NA,NA,NA,NA,NA,NA,NA   NA   NA   NA,NA   NA   NA   NA
STTD_2016-04-08 08:52:00,4/8/2016 8:52,STTD,2016,A,FALSE,CLD,NA,NA,19.7,0.24,567,631,8.04,7.17,33.9,10,Regular,79000,90667,11667,11667,35.8362052,35.8362052,1,NA,NA,Aquatic Non-Insects,154,Order,Cyclopoida,Cyclopoid,Pupae,0,0,0,NA,NA,NA,NA,NA,NA,NA,NA,NA,NA,NA   NA   NA   NA,NA   NA   NA   NA
STTD_2016-04-08 08:52:00,4/8/2016 8:52,STTD,2016,A,FALSE,CLD,NA,NA,19.7,0.24,567,631,8.04,7.17,33.9,10,Regular,79000,90667,11667,11667,35.8362052,35.8362052,1,NA,NA,Aquatic Non-Insects,7,Order,Cyclopoida,Cyclopoid,Nymphs,0,0,0,NA,NA,NA,NA,NA,NA,NA,NA,NA,NA,NA   NA   NA   NA,NA   NA   NA   NA
STTD_2016-04-08 08:52:00,4/8/2016 8:52,STTD,2016,A,FALSE,CLD,NA,NA,19.7,0.24,567,631,8.04,7.17,33.9,10,Regular,79000,90667,11667,11667,35.8362052,35.8362052,1,NA,NA,Aquatic Non-Insects,154,Order,Cyclopoida,Cyclopoid,Nymphs,0,0,0,NA,NA,NA,NA,NA,NA,NA,NA,NA,NA,NA   NA   NA   NA,NA   NA   NA   NA
STTD_2016-04-08 08:52:00,4/8/2016 8:52,STTD,2016,A,FALSE,CLD,NA,NA,19.7,0.24,567,631,8.04,7.17,33.9,10,Regular,79000,90667,11667,11667,35.8362052,35.8362052,1,NA,NA,Aquatic Non-Insects,7,Order,Cyclopoida,Cyclopoid,Emergents,0,0,0,NA,NA,NA,NA,NA,NA,NA,NA,NA,NA,NA   NA   NA   NA,NA   NA   NA   NA
STTD_2016-04-08 08:52:00,4/8/2016 8:52,STTD,2016,A,FALSE,CLD,NA,NA,19.7,0.24,567,631,8.04,7.17,33.9,10,Regular,79000,90667,11667,11667,35.8362052,35.8362052,1,NA,NA,Aquatic Non-Insects,154,Order,Cyclopoida,Cyclopoid,Emergents,0,0,0,NA,NA,NA,NA,NA,NA,NA,NA,NA,NA,NA   NA   NA   NA,NA   NA   NA   NA
STTD_2016-04-08 08:52:00,4/8/2016 8:52,STTD,2016,A,FALSE,CLD,NA,NA,19.7,0.24,567,631,8.04,7.17,33.9,10,Regular,79000,90667,11667,11667,35.8362052,35.8362052,1,NA,NA,Aquatic Non-Insects,7,Order,Cyclopoida,Cyclopoid,Adults,0,0,0,NA,NA,NA,NA,NA,NA,NA,NA,NA,NA,NA   NA   NA   NA,NA   NA   NA   NA
STTD_2016-04-08 08:52:00,4/8/2016 8:52,STTD,2016,A,FALSE,CLD,NA,NA,19.7,0.24,567,631,8.04,7.17,33.9,10,Regular,79000,90667,11667,11667,35.8362052,35.8362052,1,NA,NA,Aquatic Non-Insects,154,Order,Cyclopoida,Cyclopoid,Adults,0,0,0,NA,NA,NA,NA,NA,NA,NA,NA,NA,NA,NA   NA   NA   NA,NA   NA   NA   NA
STTD_2016-04-08 08:52:00,4/8/2016 8:52,STTD,2016,A,FALSE,CLD,NA,NA,19.7,0.24,567,631,8.04,7.17,33.9,10,Regular,79000,90667,11667,11667,35.8362052,35.8362052,1,NA,NA,Aquatic Non-Insects,7,Order,Cyclopoida,Cyclopoid,NotDetermined,1,0.028,0.028,NA,NA,NA,NA,NA,NA,NA,NA,NA,NA,NA   NA   NA   NA,NA   NA   NA   NA
STTD_2016-04-08 08:52:00,4/8/2016 8:52,STTD,2016,A,FALSE,CLD,NA,NA,19.7,0.24,567,631,8.04,7.17,33.9,10,Regular,79000,90667,11667,11667,35.8362052,35.8362052,1,NA,NA,Aquatic Non-Insects,154,Order,Cyclopoida,Cyclopoid,NotDetermined,1,0.028,0.028,NA,NA,NA,NA,NA,NA,NA,NA,NA,NA,NA   NA   NA   NA,NA   NA   NA   NA
SHR_2016-04-18 10:35:00,4/18/2016 10:35,SHR,2016,A,FALSE,CLR,NA,NA,16.81,0.7,106,126,7.74,10.13,7.4,10,Regular,107000,109491,2491,2491,7.651323146,7.651323146,1,NA,NA,Aquatic Insects,44,Family,Corixidae,Corixidae,Larvae,1,0.131,0.131,NA,NA,NA,NA,NA,NA,NA,NA,NA,NA,NA   NA   NA   NA,NA   NA   NA   NA
SHR_2016-04-18 10:35:00,4/18/2016 10:35,SHR,2016,A,FALSE,CLR,NA,NA,16.81,0.7,106,126,7.74,10.13,7.4,10,Regular,107000,109491,2491,2491,7.651323146,7.651323146,1,NA,NA,Aquatic Insects,44,Family,Corixidae,Corixidae,Pupae,0,0,0,NA,NA,NA,NA,NA,NA,NA,NA,NA,NA,NA   NA   NA   NA,NA   NA   NA   NA
SHR_2016-04-18 10:35:00,4/18/2016 10:35,SHR,2016,A,FALSE,CLR,NA,NA,16.81,0.7,106,126,7.74,10.13,7.4,10,Regular,107000,109491,2491,2491,7.651323146,7.651323146,1,NA,NA,Aquatic Insects,44,Family,Corixidae,Corixidae,Nymphs,0,0,0,NA,NA,NA,NA,NA,NA,NA,NA,NA,NA,NA   NA   NA   NA,NA   NA   NA   NA
SHR_2016-04-18 10:35:00,4/18/2016 10:35,SHR,2016,A,FALSE,CLR,NA,NA,16.81,0.7,106,126,7.74,10.13,7.4,10,Regular,107000,109491,2491,2491,7.651323146,7.651323146,1,NA,NA,Aquatic Insects,44,Family,Corixidae,Corixidae,Emergents,0,0,0,NA,NA,NA,NA,NA,NA,NA,NA,NA,NA,NA   NA   NA   NA,NA   NA   NA   NA
SHR_2016-04-18 10:35:00,4/18/2016 10:35,SHR,2016,A,FALSE,CLR,NA,NA,16.81,0.7,106,126,7.74,10.13,7.4,10,Regular,107000,109491,2491,2491,7.651323146,7.651323146,1,NA,NA,Aquatic Insects,44,Family,Corixidae,Corixidae,Adults,0,0,0,NA,NA,NA,NA,NA,NA,NA,NA,NA,NA,NA   NA   NA   NA,NA   NA   NA   NA
SHR_2016-04-18 10:35:00,4/18/2016 10:35,SHR,2016,A,FALSE,CLR,NA,NA,16.81,0.7,106,126,7.74,10.13,7.4,10,Regular,107000,109491,2491,2491,7.651323146,7.651323146,1,NA,NA,Aquatic Insects,44,Family,Corixidae,Corixidae,NotDetermined,0,0,0,NA,NA,NA,NA,NA,NA,NA,NA,NA,NA,NA   NA   NA   NA,NA   NA   NA   NA
SHR_2016-04-18 10:35:00,4/18/2016 10:35,SHR,2016,A,FALSE,CLR,NA,NA,16.81,0.7,106,126,7.74,10.13,7.4,10,Regular,107000,109491,2491,2491,7.651323146,7.651323146,1,NA,NA,Aquatic Insects,34,Family,Chironomidae,Chironomidae,Larvae,2,0.261,0.261,NA,NA,NA,NA,NA,NA,NA,NA,NA,NA,NA   NA   NA   NA,NA   NA   NA   NA
SHR_2016-04-18 10:35:00,4/18/2016 10:35,SHR,2016,A,FALSE,CLR,NA,NA,16.81,0.7,106,126,7.74,10.13,7.4,10,Regular,107000,109491,2491,2491,7.651323146,7.651323146,1,NA,NA,Aquatic Insects,34,Family,Chironomidae,Chironomidae,Pupae,0,0,0,NA,NA,NA,NA,NA,NA,NA,NA,NA,NA,NA   NA   NA   NA,NA   NA   NA   NA
SHR_2016-04-18 10:35:00,4/18/2016 10:35,SHR,2016,A,FALSE,CLR,NA,NA,16.81,0.7,106,126,7.74,10.13,7.4,10,Regular,107000,109491,2491,2491,7.651323146,7.651323146,1,NA,NA,Aquatic Insects,34,Family,Chironomidae,Chironomidae,Nymphs,0,0,0,NA,NA,NA,NA,NA,NA,NA,NA,NA,NA,NA   NA   NA   NA,NA   NA   NA   NA
SHR_2016-04-18 10:35:00,4/18/2016 10:35,SHR,2016,A,FALSE,CLR,NA,NA,16.81,0.7,106,126,7.74,10.13,7.4,10,Regular,107000,109491,2491,2491,7.651323146,7.651323146,1,NA,NA,Aquatic Insects,34,Family,Chironomidae,Chironomidae,Emergents,0,0,0,NA,NA,NA,NA,NA,NA,NA,NA,NA,NA,NA   NA   NA   NA,NA   NA   NA   NA
SHR_2016-04-18 10:35:00,4/18/2016 10:35,SHR,2016,A,FALSE,CLR,NA,NA,16.81,0.7,106,126,7.74,10.13,7.4,10,Regular,107000,109491,2491,2491,7.651323146,7.651323146,1,NA,NA,Aquatic Insects,34,Family,Chironomidae,Chironomidae,Adults,0,0,0,NA,NA,NA,NA,NA,NA,NA,NA,NA,NA,NA   NA   NA   NA,NA   NA   NA   NA
SHR_2016-04-18 10:35:00,4/18/2016 10:35,SHR,2016,A,FALSE,CLR,NA,NA,16.81,0.7,106,126,7.74,10.13,7.4,10,Regular,107000,109491,2491,2491,7.651323146,7.651323146,1,NA,NA,Aquatic Insects,34,Family,Chironomidae,Chironomidae,NotDetermined,0,0,0,NA,NA,NA,NA,NA,NA,NA,NA,NA,NA,NA   NA   NA   NA,NA   NA   NA   NA
SHR_2016-04-18 10:35:00,4/18/2016 10:35,SHR,2016,A,FALSE,CLR,NA,NA,16.81,0.7,106,126,7.74,10.13,7.4,10,Regular,107000,109491,2491,2491,7.651323146,7.651323146,1,NA,NA,Aquatic Non-Insects,19,Family,Corbiculidae,Corbiculidae,Larvae,0,0,0,NA,NA,NA,NA,NA,NA,NA,NA,NA,NA,NA   NA   NA   NA,NA   NA   NA   NA
SHR_2016-04-18 10:35:00,4/18/2016 10:35,SHR,2016,A,FALSE,CLR,NA,NA,16.81,0.7,106,126,7.74,10.13,7.4,10,Regular,107000,109491,2491,2491,7.651323146,7.651323146,1,NA,NA,Aquatic Non-Insects,19,Family,Corbiculidae,Corbiculidae,Pupae,0,0,0,NA,NA,NA,NA,NA,NA,NA,NA,NA,NA,NA   NA   NA   NA,NA   NA   NA   NA
SHR_2016-04-18 10:35:00,4/18/2016 10:35,SHR,2016,A,FALSE,CLR,NA,NA,16.81,0.7,106,126,7.74,10.13,7.4,10,Regular,107000,109491,2491,2491,7.651323146,7.651323146,1,NA,NA,Aquatic Non-Insects,19,Family,Corbiculidae,Corbiculidae,Nymphs,0,0,0,NA,NA,NA,NA,NA,NA,NA,NA,NA,NA,NA   NA   NA   NA,NA   NA   NA   NA
SHR_2016-04-18 10:35:00,4/18/2016 10:35,SHR,2016,A,FALSE,CLR,NA,NA,16.81,0.7,106,126,7.74,10.13,7.4,10,Regular,107000,109491,2491,2491,7.651323146,7.651323146,1,NA,NA,Aquatic Non-Insects,19,Family,Corbiculidae,Corbiculidae,Emergents,0,0,0,NA,NA,NA,NA,NA,NA,NA,NA,NA,NA,NA   NA   NA   NA,NA   NA   NA   NA
SHR_2016-04-18 10:35:00,4/18/2016 10:35,SHR,2016,A,FALSE,CLR,NA,NA,16.81,0.7,106,126,7.74,10.13,7.4,10,Regular,107000,109491,2491,2491,7.651323146,7.651323146,1,NA,NA,Aquatic Non-Insects,19,Family,Corbiculidae,Corbiculidae,Adults,0,0,0,NA,NA,NA,NA,NA,NA,NA,NA,NA,NA,NA   NA   NA   NA,NA   NA   NA   NA
SHR_2016-04-18 10:35:00,4/18/2016 10:35,SHR,2016,A,FALSE,CLR,NA,NA,16.81,0.7,106,126,7.74,10.13,7.4,10,Regular,107000,109491,2491,2491,7.651323146,7.651323146,1,NA,NA,Aquatic Non-Insects,19,Family,Corbiculidae,Corbiculidae,NotDetermined,2,0.261,0.261,NA,NA,NA,NA,NA,NA,NA,NA,NA,NA,NA   NA   NA   NA,NA   NA   NA   NA
SHR_2016-04-18 10:35:00,4/18/2016 10:35,SHR,2016,A,FALSE,CLR,NA,NA,16.81,0.7,106,126,7.74,10.13,7.4,10,Regular,107000,109491,2491,2491,7.651323146,7.651323146,1,NA,NA,Terrestrial Insects,71,Order,Hemiptera,Hemiptera,Larvae,2,0.261,0.261,NA,NA,NA,NA,NA,NA,NA,NA,NA,NA,NA   NA   NA   NA,NA   NA   NA   NA
SHR_2016-04-18 10:35:00,4/18/2016 10:35,SHR,2016,A,FALSE,CLR,NA,NA,16.81,0.7,106,126,7.74,10.13,7.4,10,Regular,107000,109491,2491,2491,7.651323146,7.651323146,1,NA,NA,Terrestrial Insects,71,Order,Hemiptera,Hemiptera,Pupae,0,0,0,NA,NA,NA,NA,NA,NA,NA,NA,NA,NA,NA   NA   NA   NA,NA   NA   NA   NA
SHR_2016-04-18 10:35:00,4/18/2016 10:35,SHR,2016,A,FALSE,CLR,NA,NA,16.81,0.7,106,126,7.74,10.13,7.4,10,Regular,107000,109491,2491,2491,7.651323146,7.651323146,1,NA,NA,Terrestrial Insects,71,Order,Hemiptera,Hemiptera,Nymphs,0,0,0,NA,NA,NA,NA,NA,NA,NA,NA,NA,NA,NA   NA   NA   NA,NA   NA   NA   NA
SHR_2016-04-18 10:35:00,4/18/2016 10:35,SHR,2016,A,FALSE,CLR,NA,NA,16.81,0.7,106,126,7.74,10.13,7.4,10,Regular,107000,109491,2491,2491,7.651323146,7.651323146,1,NA,NA,Terrestrial Insects,71,Order,Hemiptera,Hemiptera,Emergents,0,0,0,NA,NA,NA,NA,NA,NA,NA,NA,NA,NA,NA   NA   NA   NA,NA   NA   NA   NA
SHR_2016-04-18 10:35:00,4/18/2016 10:35,SHR,2016,A,FALSE,CLR,NA,NA,16.81,0.7,106,126,7.74,10.13,7.4,10,Regular,107000,109491,2491,2491,7.651323146,7.651323146,1,NA,NA,Terrestrial Insects,71,Order,Hemiptera,Hemiptera,Adults,2,0.261,0.261,NA,NA,NA,NA,NA,NA,NA,NA,NA,NA,NA   NA   NA   NA,NA   NA   NA   NA
SHR_2016-04-18 10:35:00,4/18/2016 10:35,SHR,2016,A,FALSE,CLR,NA,NA,16.81,0.7,106,126,7.74,10.13,7.4,10,Regular,107000,109491,2491,2491,7.651323146,7.651323146,1,NA,NA,Terrestrial Insects,71,Order,Hemiptera,Hemiptera,NotDetermined,0,0,0,NA,NA,NA,NA,NA,NA,NA,NA,NA,NA,NA   NA   NA   NA,NA   NA   NA   NA
SHR_2016-04-18 10:35:00,4/18/2016 10:35,SHR,2016,A,FALSE,CLR,NA,NA,16.81,0.7,106,126,7.74,10.13,7.4,10,Regular,107000,109491,2491,2491,7.651323146,7.651323146,1,NA,NA,Terrestrial Insects,64,Order,Diptera,Diptera,Larvae,0,0,0,NA,NA,NA,NA,NA,NA,NA,NA,NA,NA,NA   NA   NA   NA,NA   NA   NA   NA
SHR_2016-04-18 10:35:00,4/18/2016 10:35,SHR,2016,A,FALSE,CLR,NA,NA,16.81,0.7,106,126,7.74,10.13,7.4,10,Regular,107000,109491,2491,2491,7.651323146,7.651323146,1,NA,NA,Terrestrial Insects,64,Order,Diptera,Diptera,Pupae,0,0,0,NA,NA,NA,NA,NA,NA,NA,NA,NA,NA,NA   NA   NA   NA,NA   NA   NA   NA
SHR_2016-04-18 10:35:00,4/18/2016 10:35,SHR,2016,A,FALSE,CLR,NA,NA,16.81,0.7,106,126,7.74,10.13,7.4,10,Regular,107000,109491,2491,2491,7.651323146,7.651323146,1,NA,NA,Terrestrial Insects,64,Order,Diptera,Diptera,Nymphs,0,0,0,NA,NA,NA,NA,NA,NA,NA,NA,NA,NA,NA   NA   NA   NA,NA   NA   NA   NA
SHR_2016-04-18 10:35:00,4/18/2016 10:35,SHR,2016,A,FALSE,CLR,NA,NA,16.81,0.7,106,126,7.74,10.13,7.4,10,Regular,107000,109491,2491,2491,7.651323146,7.651323146,1,NA,NA,Terrestrial Insects,64,Order,Diptera,Diptera,Emergents,0,0,0,NA,NA,NA,NA,NA,NA,NA,NA,NA,NA,NA   NA   NA   NA,NA   NA   NA   NA
SHR_2016-04-18 10:35:00,4/18/2016 10:35,SHR,2016,A,FALSE,CLR,NA,NA,16.81,0.7,106,126,7.74,10.13,7.4,10,Regular,107000,109491,2491,2491,7.651323146,7.651323146,1,NA,NA,Terrestrial Insects,64,Order,Diptera,Diptera,Adults,6,0.784,0.784,NA,NA,NA,NA,NA,NA,NA,NA,NA,NA,NA   NA   NA   NA,NA   NA   NA   NA
SHR_2016-04-18 10:35:00,4/18/2016 10:35,SHR,2016,A,FALSE,CLR,NA,NA,16.81,0.7,106,126,7.74,10.13,7.4,10,Regular,107000,109491,2491,2491,7.651323146,7.651323146,1,NA,NA,Terrestrial Insects,64,Order,Diptera,Diptera,NotDetermined,0,0,0,NA,NA,NA,NA,NA,NA,NA,NA,NA,NA,NA   NA   NA   NA,NA   NA   NA   NA
SHR_2016-04-18 10:35:00,4/18/2016 10:35,SHR,2016,A,FALSE,CLR,NA,NA,16.81,0.7,106,126,7.74,10.13,7.4,10,Regular,107000,109491,2491,2491,7.651323146,7.651323146,1,NA,NA,Terrestrial Insects,85,Order,Thysanoptera,Thysanoptera,Larvae,0,0,0,NA,NA,NA,NA,NA,NA,NA,NA,NA,NA,NA   NA   NA   NA,NA   NA   NA   NA
SHR_2016-04-18 10:35:00,4/18/2016 10:35,SHR,2016,A,FALSE,CLR,NA,NA,16.81,0.7,106,126,7.74,10.13,7.4,10,Regular,107000,109491,2491,2491,7.651323146,7.651323146,1,NA,NA,Terrestrial Insects,85,Order,Thysanoptera,Thysanoptera,Pupae,0,0,0,NA,NA,NA,NA,NA,NA,NA,NA,NA,NA,NA   NA   NA   NA,NA   NA   NA   NA
SHR_2016-04-18 10:35:00,4/18/2016 10:35,SHR,2016,A,FALSE,CLR,NA,NA,16.81,0.7,106,126,7.74,10.13,7.4,10,Regular,107000,109491,2491,2491,7.651323146,7.651323146,1,NA,NA,Terrestrial Insects,85,Order,Thysanoptera,Thysanoptera,Nymphs,0,0,0,NA,NA,NA,NA,NA,NA,NA,NA,NA,NA,NA   NA   NA   NA,NA   NA   NA   NA
SHR_2016-04-18 10:35:00,4/18/2016 10:35,SHR,2016,A,FALSE,CLR,NA,NA,16.81,0.7,106,126,7.74,10.13,7.4,10,Regular,107000,109491,2491,2491,7.651323146,7.651323146,1,NA,NA,Terrestrial Insects,85,Order,Thysanoptera,Thysanoptera,Emergents,0,0,0,NA,NA,NA,NA,NA,NA,NA,NA,NA,NA,NA   NA   NA   NA,NA   NA   NA   NA
SHR_2016-04-18 10:35:00,4/18/2016 10:35,SHR,2016,A,FALSE,CLR,NA,NA,16.81,0.7,106,126,7.74,10.13,7.4,10,Regular,107000,109491,2491,2491,7.651323146,7.651323146,1,NA,NA,Terrestrial Insects,85,Order,Thysanoptera,Thysanoptera,Adults,0,0,0,NA,NA,NA,NA,NA,NA,NA,NA,NA,NA,NA   NA   NA   NA,NA   NA   NA   NA
SHR_2016-04-18 10:35:00,4/18/2016 10:35,SHR,2016,A,FALSE,CLR,NA,NA,16.81,0.7,106,126,7.74,10.13,7.4,10,Regular,107000,109491,2491,2491,7.651323146,7.651323146,1,NA,NA,Terrestrial Insects,85,Order,Thysanoptera,Thysanoptera,NotDetermined,1,0.131,0.131,NA,NA,NA,NA,NA,NA,NA,NA,NA,NA,NA   NA   NA   NA,NA   NA   NA   NA
STTD_2016-04-19 08:28:00,4/19/2016 8:28,STTD,2016,A,FALSE,CLD,NA,NA,20.56,0.28,707,772,7.97,6.64,38.6,10,Regular,110000,117965,7965,7965,24.46519023,24.46519023,1,NA,NA,Aquatic Insects,44,Family,Corixidae,Corixidae,Larvae,16,0.654,0.654,NA,NA,NA,NA,NA,NA,NA,NA,NA,NA,NA   NA   NA   NA,NA   NA   NA   NA
STTD_2016-04-19 08:28:00,4/19/2016 8:28,STTD,2016,A,FALSE,CLD,NA,NA,20.56,0.28,707,772,7.97,6.64,38.6,10,Regular,110000,117965,7965,7965,24.46519023,24.46519023,1,NA,NA,Aquatic Insects,44,Family,Corixidae,Corixidae,Pupae,0,0,0,NA,NA,NA,NA,NA,NA,NA,NA,NA,NA,NA   NA   NA   NA,NA   NA   NA   NA
STTD_2016-04-19 08:28:00,4/19/2016 8:28,STTD,2016,A,FALSE,CLD,NA,NA,20.56,0.28,707,772,7.97,6.64,38.6,10,Regular,110000,117965,7965,7965,24.46519023,24.46519023,1,NA,NA,Aquatic Insects,44,Family,Corixidae,Corixidae,Nymphs,0,0,0,NA,NA,NA,NA,NA,NA,NA,NA,NA,NA,NA   NA   NA   NA,NA   NA   NA   NA
STTD_2016-04-19 08:28:00,4/19/2016 8:28,STTD,2016,A,FALSE,CLD,NA,NA,20.56,0.28,707,772,7.97,6.64,38.6,10,Regular,110000,117965,7965,7965,24.46519023,24.46519023,1,NA,NA,Aquatic Insects,44,Family,Corixidae,Corixidae,Emergents,0,0,0,NA,NA,NA,NA,NA,NA,NA,NA,NA,NA,NA   NA   NA   NA,NA   NA   NA   NA
STTD_2016-04-19 08:28:00,4/19/2016 8:28,STTD,2016,A,FALSE,CLD,NA,NA,20.56,0.28,707,772,7.97,6.64,38.6,10,Regular,110000,117965,7965,7965,24.46519023,24.46519023,1,NA,NA,Aquatic Insects,44,Family,Corixidae,Corixidae,Adults,2,0.082,0.082,NA,NA,NA,NA,NA,NA,NA,NA,NA,NA,NA   NA   NA   NA,NA   NA   NA   NA
STTD_2016-04-19 08:28:00,4/19/2016 8:28,STTD,2016,A,FALSE,CLD,NA,NA,20.56,0.28,707,772,7.97,6.64,38.6,10,Regular,110000,117965,7965,7965,24.46519023,24.46519023,1,NA,NA,Aquatic Insects,44,Family,Corixidae,Corixidae,NotDetermined,0,0,0,NA,NA,NA,NA,NA,NA,NA,NA,NA,NA,NA   NA   NA   NA,NA   NA   NA   NA
STTD_2016-04-19 08:28:00,4/19/2016 8:28,STTD,2016,A,FALSE,CLD,NA,NA,20.56,0.28,707,772,7.97,6.64,38.6,10,Regular,110000,117965,7965,7965,24.46519023,24.46519023,1,NA,NA,Aquatic Insects,45,Family,Notonectidae,Notonectidae,Larvae,1,0.041,0.041,NA,NA,NA,NA,NA,NA,NA,NA,NA,NA,NA   NA   NA   NA,NA   NA   NA   NA
STTD_2016-04-19 08:28:00,4/19/2016 8:28,STTD,2016,A,FALSE,CLD,NA,NA,20.56,0.28,707,772,7.97,6.64,38.6,10,Regular,110000,117965,7965,7965,24.46519023,24.46519023,1,NA,NA,Aquatic Insects,45,Family,Notonectidae,Notonectidae,Pupae,0,0,0,NA,NA,NA,NA,NA,NA,NA,NA,NA,NA,NA   NA   NA   NA,NA   NA   NA   NA
STTD_2016-04-19 08:28:00,4/19/2016 8:28,STTD,2016,A,FALSE,CLD,NA,NA,20.56,0.28,707,772,7.97,6.64,38.6,10,Regular,110000,117965,7965,7965,24.46519023,24.46519023,1,NA,NA,Aquatic Insects,45,Family,Notonectidae,Notonectidae,Nymphs,0,0,0,NA,NA,NA,NA,NA,NA,NA,NA,NA,NA,NA   NA   NA   NA,NA   NA   NA   NA
STTD_2016-04-19 08:28:00,4/19/2016 8:28,STTD,2016,A,FALSE,CLD,NA,NA,20.56,0.28,707,772,7.97,6.64,38.6,10,Regular,110000,117965,7965,7965,24.46519023,24.46519023,1,NA,NA,Aquatic Insects,45,Family,Notonectidae,Notonectidae,Emergents,0,0,0,NA,NA,NA,NA,NA,NA,NA,NA,NA,NA,NA   NA   NA   NA,NA   NA   NA   NA
STTD_2016-04-19 08:28:00,4/19/2016 8:28,STTD,2016,A,FALSE,CLD,NA,NA,20.56,0.28,707,772,7.97,6.64,38.6,10,Regular,110000,117965,7965,7965,24.46519023,24.46519023,1,NA,NA,Aquatic Insects,45,Family,Notonectidae,Notonectidae,Adults,0,0,0,NA,NA,NA,NA,NA,NA,NA,NA,NA,NA,NA   NA   NA   NA,NA   NA   NA   NA
STTD_2016-04-19 08:28:00,4/19/2016 8:28,STTD,2016,A,FALSE,CLD,NA,NA,20.56,0.28,707,772,7.97,6.64,38.6,10,Regular,110000,117965,7965,7965,24.46519023,24.46519023,1,NA,NA,Aquatic Insects,45,Family,Notonectidae,Notonectidae,NotDetermined,0,0,0,NA,NA,NA,NA,NA,NA,NA,NA,NA,NA,NA   NA   NA   NA,NA   NA   NA   NA
STTD_2016-04-19 08:28:00,4/19/2016 8:28,STTD,2016,A,FALSE,CLD,NA,NA,20.56,0.28,707,772,7.97,6.64,38.6,10,Regular,110000,117965,7965,7965,24.46519023,24.46519023,1,NA,NA,Aquatic Insects,34,Family,Chironomidae,Chironomidae,Larvae,1,0.041,0.041,NA,NA,NA,NA,NA,NA,NA,NA,NA,NA,NA   NA   NA   NA,NA   NA   NA   NA
STTD_2016-04-19 08:28:00,4/19/2016 8:28,STTD,2016,A,FALSE,CLD,NA,NA,20.56,0.28,707,772,7.97,6.64,38.6,10,Regular,110000,117965,7965,7965,24.46519023,24.46519023,1,NA,NA,Aquatic Insects,34,Family,Chironomidae,Chironomidae,Pupae,4,0.163,0.163,NA,NA,NA,NA,NA,NA,NA,NA,NA,NA,NA   NA   NA   NA,NA   NA   NA   NA
STTD_2016-04-19 08:28:00,4/19/2016 8:28,STTD,2016,A,FALSE,CLD,NA,NA,20.56,0.28,707,772,7.97,6.64,38.6,10,Regular,110000,117965,7965,7965,24.46519023,24.46519023,1,NA,NA,Aquatic Insects,34,Family,Chironomidae,Chironomidae,Nymphs,0,0,0,NA,NA,NA,NA,NA,NA,NA,NA,NA,NA,NA   NA   NA   NA,NA   NA   NA   NA
STTD_2016-04-19 08:28:00,4/19/2016 8:28,STTD,2016,A,FALSE,CLD,NA,NA,20.56,0.28,707,772,7.97,6.64,38.6,10,Regular,110000,117965,7965,7965,24.46519023,24.46519023,1,NA,NA,Aquatic Insects,34,Family,Chironomidae,Chironomidae,Emergents,0,0,0,NA,NA,NA,NA,NA,NA,NA,NA,NA,NA,NA   NA   NA   NA,NA   NA   NA   NA
STTD_2016-04-19 08:28:00,4/19/2016 8:28,STTD,2016,A,FALSE,CLD,NA,NA,20.56,0.28,707,772,7.97,6.64,38.6,10,Regular,110000,117965,7965,7965,24.46519023,24.46519023,1,NA,NA,Aquatic Insects,34,Family,Chironomidae,Chironomidae,Adults,0,0,0,NA,NA,NA,NA,NA,NA,NA,NA,NA,NA,NA   NA   NA   NA,NA   NA   NA   NA
STTD_2016-04-19 08:28:00,4/19/2016 8:28,STTD,2016,A,FALSE,CLD,NA,NA,20.56,0.28,707,772,7.97,6.64,38.6,10,Regular,110000,117965,7965,7965,24.46519023,24.46519023,1,NA,NA,Aquatic Insects,34,Family,Chironomidae,Chironomidae,NotDetermined,0,0,0,NA,NA,NA,NA,NA,NA,NA,NA,NA,NA,NA   NA   NA   NA,NA   NA   NA   NA
STTD_2016-04-19 08:28:00,4/19/2016 8:28,STTD,2016,A,FALSE,CLD,NA,NA,20.56,0.28,707,772,7.97,6.64,38.6,10,Regular,110000,117965,7965,7965,24.46519023,24.46519023,1,NA,NA,Aquatic Non-Insects,169,Suborder,Cladocera,Cladoceran,Larvae,0,0,0,NA,NA,NA,NA,NA,NA,NA,NA,NA,NA,NA   NA   NA   NA,NA   NA   NA   NA
STTD_2016-04-19 08:28:00,4/19/2016 8:28,STTD,2016,A,FALSE,CLD,NA,NA,20.56,0.28,707,772,7.97,6.64,38.6,10,Regular,110000,117965,7965,7965,24.46519023,24.46519023,1,NA,NA,Aquatic Non-Insects,169,Suborder,Cladocera,Cladoceran,Pupae,0,0,0,NA,NA,NA,NA,NA,NA,NA,NA,NA,NA,NA   NA   NA   NA,NA   NA   NA   NA
STTD_2016-04-19 08:28:00,4/19/2016 8:28,STTD,2016,A,FALSE,CLD,NA,NA,20.56,0.28,707,772,7.97,6.64,38.6,10,Regular,110000,117965,7965,7965,24.46519023,24.46519023,1,NA,NA,Aquatic Non-Insects,169,Suborder,Cladocera,Cladoceran,Nymphs,0,0,0,NA,NA,NA,NA,NA,NA,NA,NA,NA,NA,NA   NA   NA   NA,NA   NA   NA   NA
STTD_2016-04-19 08:28:00,4/19/2016 8:28,STTD,2016,A,FALSE,CLD,NA,NA,20.56,0.28,707,772,7.97,6.64,38.6,10,Regular,110000,117965,7965,7965,24.46519023,24.46519023,1,NA,NA,Aquatic Non-Insects,169,Suborder,Cladocera,Cladoceran,Emergents,0,0,0,NA,NA,NA,NA,NA,NA,NA,NA,NA,NA,NA   NA   NA   NA,NA   NA   NA   NA
STTD_2016-04-19 08:28:00,4/19/2016 8:28,STTD,2016,A,FALSE,CLD,NA,NA,20.56,0.28,707,772,7.97,6.64,38.6,10,Regular,110000,117965,7965,7965,24.46519023,24.46519023,1,NA,NA,Aquatic Non-Insects,169,Suborder,Cladocera,Cladoceran,Adults,0,0,0,NA,NA,NA,NA,NA,NA,NA,NA,NA,NA,NA   NA   NA   NA,NA   NA   NA   NA
STTD_2016-04-19 08:28:00,4/19/2016 8:28,STTD,2016,A,FALSE,CLD,NA,NA,20.56,0.28,707,772,7.97,6.64,38.6,10,Regular,110000,117965,7965,7965,24.46519023,24.46519023,1,NA,NA,Aquatic Non-Insects,169,Suborder,Cladocera,Cladoceran,NotDetermined,8,0.327,0.327,NA,NA,NA,NA,NA,NA,NA,NA,NA,NA,NA   NA   NA   NA,NA   NA   NA   NA
STTD_2016-04-19 08:28:00,4/19/2016 8:28,STTD,2016,A,FALSE,CLD,NA,NA,20.56,0.28,707,772,7.97,6.64,38.6,10,Regular,110000,117965,7965,7965,24.46519023,24.46519023,1,NA,NA,Aquatic Non-Insects,15,Family,Hyalellidae,Hyalellidae,Larvae,0,0,0,NA,NA,NA,NA,NA,NA,NA,NA,NA,NA,NA   NA   NA   NA,NA   NA   NA   NA
STTD_2016-04-19 08:28:00,4/19/2016 8:28,STTD,2016,A,FALSE,CLD,NA,NA,20.56,0.28,707,772,7.97,6.64,38.6,10,Regular,110000,117965,7965,7965,24.46519023,24.46519023,1,NA,NA,Aquatic Non-Insects,15,Family,Hyalellidae,Hyalellidae,Pupae,0,0,0,NA,NA,NA,NA,NA,NA,NA,NA,NA,NA,NA   NA   NA   NA,NA   NA   NA   NA
STTD_2016-04-19 08:28:00,4/19/2016 8:28,STTD,2016,A,FALSE,CLD,NA,NA,20.56,0.28,707,772,7.97,6.64,38.6,10,Regular,110000,117965,7965,7965,24.46519023,24.46519023,1,NA,NA,Aquatic Non-Insects,15,Family,Hyalellidae,Hyalellidae,Nymphs,0,0,0,NA,NA,NA,NA,NA,NA,NA,NA,NA,NA,NA   NA   NA   NA,NA   NA   NA   NA
STTD_2016-04-19 08:28:00,4/19/2016 8:28,STTD,2016,A,FALSE,CLD,NA,NA,20.56,0.28,707,772,7.97,6.64,38.6,10,Regular,110000,117965,7965,7965,24.46519023,24.46519023,1,NA,NA,Aquatic Non-Insects,15,Family,Hyalellidae,Hyalellidae,Emergents,0,0,0,NA,NA,NA,NA,NA,NA,NA,NA,NA,NA,NA   NA   NA   NA,NA   NA   NA   NA
STTD_2016-04-19 08:28:00,4/19/2016 8:28,STTD,2016,A,FALSE,CLD,NA,NA,20.56,0.28,707,772,7.97,6.64,38.6,10,Regular,110000,117965,7965,7965,24.46519023,24.46519023,1,NA,NA,Aquatic Non-Insects,15,Family,Hyalellidae,Hyalellidae,Adults,0,0,0,NA,NA,NA,NA,NA,NA,NA,NA,NA,NA,NA   NA   NA   NA,NA   NA   NA   NA
STTD_2016-04-19 08:28:00,4/19/2016 8:28,STTD,2016,A,FALSE,CLD,NA,NA,20.56,0.28,707,772,7.97,6.64,38.6,10,Regular,110000,117965,7965,7965,24.46519023,24.46519023,1,NA,NA,Aquatic Non-Insects,15,Family,Hyalellidae,Hyalellidae,NotDetermined,19,0.777,0.777,NA,NA,NA,NA,NA,NA,NA,NA,NA,NA,NA   NA   NA   NA,NA   NA   NA   NA
STTD_2016-04-19 08:28:00,4/19/2016 8:28,STTD,2016,A,FALSE,CLD,NA,NA,20.56,0.28,707,772,7.97,6.64,38.6,10,Regular,110000,117965,7965,7965,24.46519023,24.46519023,1,NA,NA,Terrestrial Insects,71,Order,Hemiptera,Hemiptera,Larvae,4,0.163,0.163,NA,NA,NA,NA,NA,NA,NA,NA,NA,NA,NA   NA   NA   NA,NA   NA   NA   NA
STTD_2016-04-19 08:28:00,4/19/2016 8:28,STTD,2016,A,FALSE,CLD,NA,NA,20.56,0.28,707,772,7.97,6.64,38.6,10,Regular,110000,117965,7965,7965,24.46519023,24.46519023,1,NA,NA,Terrestrial Insects,71,Order,Hemiptera,Hemiptera,Pupae,0,0,0,NA,NA,NA,NA,NA,NA,NA,NA,NA,NA,NA   NA   NA   NA,NA   NA   NA   NA
STTD_2016-04-19 08:28:00,4/19/2016 8:28,STTD,2016,A,FALSE,CLD,NA,NA,20.56,0.28,707,772,7.97,6.64,38.6,10,Regular,110000,117965,7965,7965,24.46519023,24.46519023,1,NA,NA,Terrestrial Insects,71,Order,Hemiptera,Hemiptera,Nymphs,0,0,0,NA,NA,NA,NA,NA,NA,NA,NA,NA,NA,NA   NA   NA   NA,NA   NA   NA   NA
STTD_2016-04-19 08:28:00,4/19/2016 8:28,STTD,2016,A,FALSE,CLD,NA,NA,20.56,0.28,707,772,7.97,6.64,38.6,10,Regular,110000,117965,7965,7965,24.46519023,24.46519023,1,NA,NA,Terrestrial Insects,71,Order,Hemiptera,Hemiptera,Emergents,0,0,0,NA,NA,NA,NA,NA,NA,NA,NA,NA,NA,NA   NA   NA   NA,NA   NA   NA   NA
STTD_2016-04-19 08:28:00,4/19/2016 8:28,STTD,2016,A,FALSE,CLD,NA,NA,20.56,0.28,707,772,7.97,6.64,38.6,10,Regular,110000,117965,7965,7965,24.46519023,24.46519023,1,NA,NA,Terrestrial Insects,71,Order,Hemiptera,Hemiptera,Adults,5,0.204,0.204,NA,NA,NA,NA,NA,NA,NA,NA,NA,NA,NA   NA   NA   NA,NA   NA   NA   NA
STTD_2016-04-19 08:28:00,4/19/2016 8:28,STTD,2016,A,FALSE,CLD,NA,NA,20.56,0.28,707,772,7.97,6.64,38.6,10,Regular,110000,117965,7965,7965,24.46519023,24.46519023,1,NA,NA,Terrestrial Insects,71,Order,Hemiptera,Hemiptera,NotDetermined,0,0,0,NA,NA,NA,NA,NA,NA,NA,NA,NA,NA,NA   NA   NA   NA,NA   NA   NA   NA
STTD_2016-04-19 08:28:00,4/19/2016 8:28,STTD,2016,A,FALSE,CLD,NA,NA,20.56,0.28,707,772,7.97,6.64,38.6,10,Regular,110000,117965,7965,7965,24.46519023,24.46519023,1,NA,NA,Terrestrial Insects,66,Order,Hymenoptera,Hymenoptera,Larvae,0,0,0,NA,NA,NA,NA,NA,NA,NA,NA,NA,NA,NA   NA   NA   NA,NA   NA   NA   NA
STTD_2016-04-19 08:28:00,4/19/2016 8:28,STTD,2016,A,FALSE,CLD,NA,NA,20.56,0.28,707,772,7.97,6.64,38.6,10,Regular,110000,117965,7965,7965,24.46519023,24.46519023,1,NA,NA,Terrestrial Insects,66,Order,Hymenoptera,Hymenoptera,Pupae,0,0,0,NA,NA,NA,NA,NA,NA,NA,NA,NA,NA,NA   NA   NA   NA,NA   NA   NA   NA
STTD_2016-04-19 08:28:00,4/19/2016 8:28,STTD,2016,A,FALSE,CLD,NA,NA,20.56,0.28,707,772,7.97,6.64,38.6,10,Regular,110000,117965,7965,7965,24.46519023,24.46519023,1,NA,NA,Terrestrial Insects,66,Order,Hymenoptera,Hymenoptera,Nymphs,0,0,0,NA,NA,NA,NA,NA,NA,NA,NA,NA,NA,NA   NA   NA   NA,NA   NA   NA   NA
STTD_2016-04-19 08:28:00,4/19/2016 8:28,STTD,2016,A,FALSE,CLD,NA,NA,20.56,0.28,707,772,7.97,6.64,38.6,10,Regular,110000,117965,7965,7965,24.46519023,24.46519023,1,NA,NA,Terrestrial Insects,66,Order,Hymenoptera,Hymenoptera,Emergents,0,0,0,NA,NA,NA,NA,NA,NA,NA,NA,NA,NA,NA   NA   NA   NA,NA   NA   NA   NA
STTD_2016-04-19 08:28:00,4/19/2016 8:28,STTD,2016,A,FALSE,CLD,NA,NA,20.56,0.28,707,772,7.97,6.64,38.6,10,Regular,110000,117965,7965,7965,24.46519023,24.46519023,1,NA,NA,Terrestrial Insects,66,Order,Hymenoptera,Hymenoptera,Adults,5,0.204,0.204,NA,NA,NA,NA,NA,NA,NA,NA,NA,NA,NA   NA   NA   NA,NA   NA   NA   NA
STTD_2016-04-19 08:28:00,4/19/2016 8:28,STTD,2016,A,FALSE,CLD,NA,NA,20.56,0.28,707,772,7.97,6.64,38.6,10,Regular,110000,117965,7965,7965,24.46519023,24.46519023,1,NA,NA,Terrestrial Insects,66,Order,Hymenoptera,Hymenoptera,NotDetermined,0,0,0,NA,NA,NA,NA,NA,NA,NA,NA,NA,NA,NA   NA   NA   NA,NA   NA   NA   NA
STTD_2016-04-19 08:28:00,4/19/2016 8:28,STTD,2016,A,FALSE,CLD,NA,NA,20.56,0.28,707,772,7.97,6.64,38.6,10,Regular,110000,117965,7965,7965,24.46519023,24.46519023,1,NA,NA,Terrestrial Insects,64,Order,Diptera,Diptera,Larvae,0,0,0,NA,NA,NA,NA,NA,NA,NA,NA,NA,NA,NA   NA   NA   NA,NA   NA   NA   NA
STTD_2016-04-19 08:28:00,4/19/2016 8:28,STTD,2016,A,FALSE,CLD,NA,NA,20.56,0.28,707,772,7.97,6.64,38.6,10,Regular,110000,117965,7965,7965,24.46519023,24.46519023,1,NA,NA,Terrestrial Insects,64,Order,Diptera,Diptera,Pupae,0,0,0,NA,NA,NA,NA,NA,NA,NA,NA,NA,NA,NA   NA   NA   NA,NA   NA   NA   NA
STTD_2016-04-19 08:28:00,4/19/2016 8:28,STTD,2016,A,FALSE,CLD,NA,NA,20.56,0.28,707,772,7.97,6.64,38.6,10,Regular,110000,117965,7965,7965,24.46519023,24.46519023,1,NA,NA,Terrestrial Insects,64,Order,Diptera,Diptera,Nymphs,0,0,0,NA,NA,NA,NA,NA,NA,NA,NA,NA,NA,NA   NA   NA   NA,NA   NA   NA   NA
STTD_2016-04-19 08:28:00,4/19/2016 8:28,STTD,2016,A,FALSE,CLD,NA,NA,20.56,0.28,707,772,7.97,6.64,38.6,10,Regular,110000,117965,7965,7965,24.46519023,24.46519023,1,NA,NA,Terrestrial Insects,64,Order,Diptera,Diptera,Emergents,0,0,0,NA,NA,NA,NA,NA,NA,NA,NA,NA,NA,NA   NA   NA   NA,NA   NA   NA   NA
STTD_2016-04-19 08:28:00,4/19/2016 8:28,STTD,2016,A,FALSE,CLD,NA,NA,20.56,0.28,707,772,7.97,6.64,38.6,10,Regular,110000,117965,7965,7965,24.46519023,24.46519023,1,NA,NA,Terrestrial Insects,64,Order,Diptera,Diptera,Adults,1764,72.102,72.102,NA,NA,NA,NA,NA,NA,NA,NA,2,CPUE,NA   NA   NA   2,NA   NA   NA   CPUE
STTD_2016-04-19 08:28:00,4/19/2016 8:28,STTD,2016,A,FALSE,CLD,NA,NA,20.56,0.28,707,772,7.97,6.64,38.6,10,Regular,110000,117965,7965,7965,24.46519023,24.46519023,1,NA,NA,Terrestrial Insects,64,Order,Diptera,Diptera,NotDetermined,0,0,0,NA,NA,NA,NA,NA,NA,NA,NA,NA,NA,NA   NA   NA   NA,NA   NA   NA   NA
STTD_2016-04-19 08:28:00,4/19/2016 8:28,STTD,2016,A,FALSE,CLD,NA,NA,20.56,0.28,707,772,7.97,6.64,38.6,10,Regular,110000,117965,7965,7965,24.46519023,24.46519023,1,NA,NA,Terrestrial Non-Insects,57,Subclass,Acari,Acari,Larvae,0,0,0,NA,NA,NA,NA,NA,NA,NA,NA,NA,NA,NA   NA   NA   NA,NA   NA   NA   NA
STTD_2016-04-19 08:28:00,4/19/2016 8:28,STTD,2016,A,FALSE,CLD,NA,NA,20.56,0.28,707,772,7.97,6.64,38.6,10,Regular,110000,117965,7965,7965,24.46519023,24.46519023,1,NA,NA,Terrestrial Non-Insects,57,Subclass,Acari,Acari,Pupae,0,0,0,NA,NA,NA,NA,NA,NA,NA,NA,NA,NA,NA   NA   NA   NA,NA   NA   NA   NA
STTD_2016-04-19 08:28:00,4/19/2016 8:28,STTD,2016,A,FALSE,CLD,NA,NA,20.56,0.28,707,772,7.97,6.64,38.6,10,Regular,110000,117965,7965,7965,24.46519023,24.46519023,1,NA,NA,Terrestrial Non-Insects,57,Subclass,Acari,Acari,Nymphs,0,0,0,NA,NA,NA,NA,NA,NA,NA,NA,NA,NA,NA   NA   NA   NA,NA   NA   NA   NA
STTD_2016-04-19 08:28:00,4/19/2016 8:28,STTD,2016,A,FALSE,CLD,NA,NA,20.56,0.28,707,772,7.97,6.64,38.6,10,Regular,110000,117965,7965,7965,24.46519023,24.46519023,1,NA,NA,Terrestrial Non-Insects,57,Subclass,Acari,Acari,Emergents,0,0,0,NA,NA,NA,NA,NA,NA,NA,NA,NA,NA,NA   NA   NA   NA,NA   NA   NA   NA
STTD_2016-04-19 08:28:00,4/19/2016 8:28,STTD,2016,A,FALSE,CLD,NA,NA,20.56,0.28,707,772,7.97,6.64,38.6,10,Regular,110000,117965,7965,7965,24.46519023,24.46519023,1,NA,NA,Terrestrial Non-Insects,57,Subclass,Acari,Acari,Adults,0,0,0,NA,NA,NA,NA,NA,NA,NA,NA,NA,NA,NA   NA   NA   NA,NA   NA   NA   NA
STTD_2016-04-19 08:28:00,4/19/2016 8:28,STTD,2016,A,FALSE,CLD,NA,NA,20.56,0.28,707,772,7.97,6.64,38.6,10,Regular,110000,117965,7965,7965,24.46519023,24.46519023,1,NA,NA,Terrestrial Non-Insects,57,Subclass,Acari,Acari,NotDetermined,2,0.082,0.082,NA,NA,NA,NA,NA,NA,NA,NA,NA,NA,NA   NA   NA   NA,NA   NA   NA   NA
STTD_2016-04-19 08:28:00,4/19/2016 8:28,STTD,2016,A,FALSE,CLD,NA,NA,20.56,0.28,707,772,7.97,6.64,38.6,10,Regular,110000,117965,7965,7965,24.46519023,24.46519023,1,NA,NA,Terrestrial Non-Insects,68,Order,Collembola,Collembola,Larvae,0,0,0,NA,NA,NA,NA,NA,NA,NA,NA,NA,NA,NA   NA   NA   NA,NA   NA   NA   NA
STTD_2016-04-19 08:28:00,4/19/2016 8:28,STTD,2016,A,FALSE,CLD,NA,NA,20.56,0.28,707,772,7.97,6.64,38.6,10,Regular,110000,117965,7965,7965,24.46519023,24.46519023,1,NA,NA,Terrestrial Non-Insects,68,Order,Collembola,Collembola,Pupae,0,0,0,NA,NA,NA,NA,NA,NA,NA,NA,NA,NA,NA   NA   NA   NA,NA   NA   NA   NA
STTD_2016-04-19 08:28:00,4/19/2016 8:28,STTD,2016,A,FALSE,CLD,NA,NA,20.56,0.28,707,772,7.97,6.64,38.6,10,Regular,110000,117965,7965,7965,24.46519023,24.46519023,1,NA,NA,Terrestrial Non-Insects,68,Order,Collembola,Collembola,Nymphs,0,0,0,NA,NA,NA,NA,NA,NA,NA,NA,NA,NA,NA   NA   NA   NA,NA   NA   NA   NA
STTD_2016-04-19 08:28:00,4/19/2016 8:28,STTD,2016,A,FALSE,CLD,NA,NA,20.56,0.28,707,772,7.97,6.64,38.6,10,Regular,110000,117965,7965,7965,24.46519023,24.46519023,1,NA,NA,Terrestrial Non-Insects,68,Order,Collembola,Collembola,Emergents,0,0,0,NA,NA,NA,NA,NA,NA,NA,NA,NA,NA,NA   NA   NA   NA,NA   NA   NA   NA
STTD_2016-04-19 08:28:00,4/19/2016 8:28,STTD,2016,A,FALSE,CLD,NA,NA,20.56,0.28,707,772,7.97,6.64,38.6,10,Regular,110000,117965,7965,7965,24.46519023,24.46519023,1,NA,NA,Terrestrial Non-Insects,68,Order,Collembola,Collembola,Adults,0,0,0,NA,NA,NA,NA,NA,NA,NA,NA,NA,NA,NA   NA   NA   NA,NA   NA   NA   NA
STTD_2016-04-19 08:28:00,4/19/2016 8:28,STTD,2016,A,FALSE,CLD,NA,NA,20.56,0.28,707,772,7.97,6.64,38.6,10,Regular,110000,117965,7965,7965,24.46519023,24.46519023,1,NA,NA,Terrestrial Non-Insects,68,Order,Collembola,Collembola,NotDetermined,3,0.123,0.123,NA,NA,NA,NA,NA,NA,NA,NA,NA,NA,NA   NA   NA   NA,NA   NA   NA   NA
STTD_2016-05-04 10:42:00,5/4/2016 10:42,STTD,2016,A,FALSE,CLD,NA,NA,20.4,0.16,655,718,7.97,6.51,52.4,10,Regular,130000,137287,7287,7287,22.38265426,22.38265426,1,NA,NA,Aquatic Insects,44,Family,Corixidae,Corixidae,Larvae,19,0.849,0.849,NA,NA,NA,NA,NA,NA,NA,NA,NA,NA,NA   NA   NA   NA,NA   NA   NA   NA
STTD_2016-05-04 10:42:00,5/4/2016 10:42,STTD,2016,A,FALSE,CLD,NA,NA,20.4,0.16,655,718,7.97,6.51,52.4,10,Regular,130000,137287,7287,7287,22.38265426,22.38265426,1,NA,NA,Aquatic Insects,44,Family,Corixidae,Corixidae,Pupae,0,0,0,NA,NA,NA,NA,NA,NA,NA,NA,NA,NA,NA   NA   NA   NA,NA   NA   NA   NA
STTD_2016-05-04 10:42:00,5/4/2016 10:42,STTD,2016,A,FALSE,CLD,NA,NA,20.4,0.16,655,718,7.97,6.51,52.4,10,Regular,130000,137287,7287,7287,22.38265426,22.38265426,1,NA,NA,Aquatic Insects,44,Family,Corixidae,Corixidae,Nymphs,0,0,0,NA,NA,NA,NA,NA,NA,NA,NA,NA,NA,NA   NA   NA   NA,NA   NA   NA   NA
STTD_2016-05-04 10:42:00,5/4/2016 10:42,STTD,2016,A,FALSE,CLD,NA,NA,20.4,0.16,655,718,7.97,6.51,52.4,10,Regular,130000,137287,7287,7287,22.38265426,22.38265426,1,NA,NA,Aquatic Insects,44,Family,Corixidae,Corixidae,Emergents,0,0,0,NA,NA,NA,NA,NA,NA,NA,NA,NA,NA,NA   NA   NA   NA,NA   NA   NA   NA
STTD_2016-05-04 10:42:00,5/4/2016 10:42,STTD,2016,A,FALSE,CLD,NA,NA,20.4,0.16,655,718,7.97,6.51,52.4,10,Regular,130000,137287,7287,7287,22.38265426,22.38265426,1,NA,NA,Aquatic Insects,44,Family,Corixidae,Corixidae,Adults,2,0.089,0.089,NA,NA,NA,NA,NA,NA,NA,NA,NA,NA,NA   NA   NA   NA,NA   NA   NA   NA
STTD_2016-05-04 10:42:00,5/4/2016 10:42,STTD,2016,A,FALSE,CLD,NA,NA,20.4,0.16,655,718,7.97,6.51,52.4,10,Regular,130000,137287,7287,7287,22.38265426,22.38265426,1,NA,NA,Aquatic Insects,44,Family,Corixidae,Corixidae,NotDetermined,0,0,0,NA,NA,NA,NA,NA,NA,NA,NA,NA,NA,NA   NA   NA   NA,NA   NA   NA   NA
STTD_2016-05-04 10:42:00,5/4/2016 10:42,STTD,2016,A,FALSE,CLD,NA,NA,20.4,0.16,655,718,7.97,6.51,52.4,10,Regular,130000,137287,7287,7287,22.38265426,22.38265426,1,NA,NA,Aquatic Insects,34,Family,Chironomidae,Chironomidae,Larvae,5,0.223,0.223,NA,NA,NA,NA,NA,NA,NA,NA,NA,NA,NA   NA   NA   NA,NA   NA   NA   NA
STTD_2016-05-04 10:42:00,5/4/2016 10:42,STTD,2016,A,FALSE,CLD,NA,NA,20.4,0.16,655,718,7.97,6.51,52.4,10,Regular,130000,137287,7287,7287,22.38265426,22.38265426,1,NA,NA,Aquatic Insects,34,Family,Chironomidae,Chironomidae,Pupae,1,0.045,0.045,NA,NA,NA,NA,NA,NA,NA,NA,NA,NA,NA   NA   NA   NA,NA   NA   NA   NA
STTD_2016-05-04 10:42:00,5/4/2016 10:42,STTD,2016,A,FALSE,CLD,NA,NA,20.4,0.16,655,718,7.97,6.51,52.4,10,Regular,130000,137287,7287,7287,22.38265426,22.38265426,1,NA,NA,Aquatic Insects,34,Family,Chironomidae,Chironomidae,Nymphs,0,0,0,NA,NA,NA,NA,NA,NA,NA,NA,NA,NA,NA   NA   NA   NA,NA   NA   NA   NA
STTD_2016-05-04 10:42:00,5/4/2016 10:42,STTD,2016,A,FALSE,CLD,NA,NA,20.4,0.16,655,718,7.97,6.51,52.4,10,Regular,130000,137287,7287,7287,22.38265426,22.38265426,1,NA,NA,Aquatic Insects,34,Family,Chironomidae,Chironomidae,Emergents,0,0,0,NA,NA,NA,NA,NA,NA,NA,NA,NA,NA,NA   NA   NA   NA,NA   NA   NA   NA
STTD_2016-05-04 10:42:00,5/4/2016 10:42,STTD,2016,A,FALSE,CLD,NA,NA,20.4,0.16,655,718,7.97,6.51,52.4,10,Regular,130000,137287,7287,7287,22.38265426,22.38265426,1,NA,NA,Aquatic Insects,34,Family,Chironomidae,Chironomidae,Adults,0,0,0,NA,NA,NA,NA,NA,NA,NA,NA,NA,NA,NA   NA   NA   NA,NA   NA   NA   NA
STTD_2016-05-04 10:42:00,5/4/2016 10:42,STTD,2016,A,FALSE,CLD,NA,NA,20.4,0.16,655,718,7.97,6.51,52.4,10,Regular,130000,137287,7287,7287,22.38265426,22.38265426,1,NA,NA,Aquatic Insects,34,Family,Chironomidae,Chironomidae,NotDetermined,0,0,0,NA,NA,NA,NA,NA,NA,NA,NA,NA,NA,NA   NA   NA   NA,NA   NA   NA   NA
STTD_2016-05-04 10:42:00,5/4/2016 10:42,STTD,2016,A,FALSE,CLD,NA,NA,20.4,0.16,655,718,7.97,6.51,52.4,10,Regular,130000,137287,7287,7287,22.38265426,22.38265426,1,NA,NA,Aquatic Non-Insects,4,Family,Naididae,Naididae,Larvae,0,0,0,NA,NA,NA,NA,NA,NA,NA,NA,NA,NA,NA   NA   NA   NA,NA   NA   NA   NA
STTD_2016-05-04 10:42:00,5/4/2016 10:42,STTD,2016,A,FALSE,CLD,NA,NA,20.4,0.16,655,718,7.97,6.51,52.4,10,Regular,130000,137287,7287,7287,22.38265426,22.38265426,1,NA,NA,Aquatic Non-Insects,4,Family,Naididae,Naididae,Pupae,0,0,0,NA,NA,NA,NA,NA,NA,NA,NA,NA,NA,NA   NA   NA   NA,NA   NA   NA   NA
STTD_2016-05-04 10:42:00,5/4/2016 10:42,STTD,2016,A,FALSE,CLD,NA,NA,20.4,0.16,655,718,7.97,6.51,52.4,10,Regular,130000,137287,7287,7287,22.38265426,22.38265426,1,NA,NA,Aquatic Non-Insects,4,Family,Naididae,Naididae,Nymphs,0,0,0,NA,NA,NA,NA,NA,NA,NA,NA,NA,NA,NA   NA   NA   NA,NA   NA   NA   NA
STTD_2016-05-04 10:42:00,5/4/2016 10:42,STTD,2016,A,FALSE,CLD,NA,NA,20.4,0.16,655,718,7.97,6.51,52.4,10,Regular,130000,137287,7287,7287,22.38265426,22.38265426,1,NA,NA,Aquatic Non-Insects,4,Family,Naididae,Naididae,Emergents,0,0,0,NA,NA,NA,NA,NA,NA,NA,NA,NA,NA,NA   NA   NA   NA,NA   NA   NA   NA
STTD_2016-05-04 10:42:00,5/4/2016 10:42,STTD,2016,A,FALSE,CLD,NA,NA,20.4,0.16,655,718,7.97,6.51,52.4,10,Regular,130000,137287,7287,7287,22.38265426,22.38265426,1,NA,NA,Aquatic Non-Insects,4,Family,Naididae,Naididae,Adults,0,0,0,NA,NA,NA,NA,NA,NA,NA,NA,NA,NA,NA   NA   NA   NA,NA   NA   NA   NA
STTD_2016-05-04 10:42:00,5/4/2016 10:42,STTD,2016,A,FALSE,CLD,NA,NA,20.4,0.16,655,718,7.97,6.51,52.4,10,Regular,130000,137287,7287,7287,22.38265426,22.38265426,1,NA,NA,Aquatic Non-Insects,4,Family,Naididae,Naididae,NotDetermined,1,0.045,0.045,NA,NA,NA,NA,NA,NA,NA,NA,NA,NA,NA   NA   NA   NA,NA   NA   NA   NA
STTD_2016-05-04 10:42:00,5/4/2016 10:42,STTD,2016,A,FALSE,CLD,NA,NA,20.4,0.16,655,718,7.97,6.51,52.4,10,Regular,130000,137287,7287,7287,22.38265426,22.38265426,1,NA,NA,Aquatic Non-Insects,169,Suborder,Cladocera,Cladoceran,Larvae,0,0,0,NA,NA,NA,NA,NA,NA,NA,NA,NA,NA,NA   NA   NA   NA,NA   NA   NA   NA
STTD_2016-05-04 10:42:00,5/4/2016 10:42,STTD,2016,A,FALSE,CLD,NA,NA,20.4,0.16,655,718,7.97,6.51,52.4,10,Regular,130000,137287,7287,7287,22.38265426,22.38265426,1,NA,NA,Aquatic Non-Insects,169,Suborder,Cladocera,Cladoceran,Pupae,0,0,0,NA,NA,NA,NA,NA,NA,NA,NA,NA,NA,NA   NA   NA   NA,NA   NA   NA   NA
STTD_2016-05-04 10:42:00,5/4/2016 10:42,STTD,2016,A,FALSE,CLD,NA,NA,20.4,0.16,655,718,7.97,6.51,52.4,10,Regular,130000,137287,7287,7287,22.38265426,22.38265426,1,NA,NA,Aquatic Non-Insects,169,Suborder,Cladocera,Cladoceran,Nymphs,0,0,0,NA,NA,NA,NA,NA,NA,NA,NA,NA,NA,NA   NA   NA   NA,NA   NA   NA   NA
STTD_2016-05-04 10:42:00,5/4/2016 10:42,STTD,2016,A,FALSE,CLD,NA,NA,20.4,0.16,655,718,7.97,6.51,52.4,10,Regular,130000,137287,7287,7287,22.38265426,22.38265426,1,NA,NA,Aquatic Non-Insects,169,Suborder,Cladocera,Cladoceran,Emergents,0,0,0,NA,NA,NA,NA,NA,NA,NA,NA,NA,NA,NA   NA   NA   NA,NA   NA   NA   NA
STTD_2016-05-04 10:42:00,5/4/2016 10:42,STTD,2016,A,FALSE,CLD,NA,NA,20.4,0.16,655,718,7.97,6.51,52.4,10,Regular,130000,137287,7287,7287,22.38265426,22.38265426,1,NA,NA,Aquatic Non-Insects,169,Suborder,Cladocera,Cladoceran,Adults,0,0,0,NA,NA,NA,NA,NA,NA,NA,NA,NA,NA,NA   NA   NA   NA,NA   NA   NA   NA
STTD_2016-05-04 10:42:00,5/4/2016 10:42,STTD,2016,A,FALSE,CLD,NA,NA,20.4,0.16,655,718,7.97,6.51,52.4,10,Regular,130000,137287,7287,7287,22.38265426,22.38265426,1,NA,NA,Aquatic Non-Insects,169,Suborder,Cladocera,Cladoceran,NotDetermined,6,0.268,0.268,NA,NA,NA,NA,NA,NA,NA,NA,NA,NA,NA   NA   NA   NA,NA   NA   NA   NA
STTD_2016-05-04 10:42:00,5/4/2016 10:42,STTD,2016,A,FALSE,CLD,NA,NA,20.4,0.16,655,718,7.97,6.51,52.4,10,Regular,130000,137287,7287,7287,22.38265426,22.38265426,1,NA,NA,Aquatic Non-Insects,15,Family,Hyalellidae,Hyalellidae,Larvae,0,0,0,NA,NA,NA,NA,NA,NA,NA,NA,NA,NA,NA   NA   NA   NA,NA   NA   NA   NA
STTD_2016-05-04 10:42:00,5/4/2016 10:42,STTD,2016,A,FALSE,CLD,NA,NA,20.4,0.16,655,718,7.97,6.51,52.4,10,Regular,130000,137287,7287,7287,22.38265426,22.38265426,1,NA,NA,Aquatic Non-Insects,15,Family,Hyalellidae,Hyalellidae,Pupae,0,0,0,NA,NA,NA,NA,NA,NA,NA,NA,NA,NA,NA   NA   NA   NA,NA   NA   NA   NA
STTD_2016-05-04 10:42:00,5/4/2016 10:42,STTD,2016,A,FALSE,CLD,NA,NA,20.4,0.16,655,718,7.97,6.51,52.4,10,Regular,130000,137287,7287,7287,22.38265426,22.38265426,1,NA,NA,Aquatic Non-Insects,15,Family,Hyalellidae,Hyalellidae,Nymphs,0,0,0,NA,NA,NA,NA,NA,NA,NA,NA,NA,NA,NA   NA   NA   NA,NA   NA   NA   NA
STTD_2016-05-04 10:42:00,5/4/2016 10:42,STTD,2016,A,FALSE,CLD,NA,NA,20.4,0.16,655,718,7.97,6.51,52.4,10,Regular,130000,137287,7287,7287,22.38265426,22.38265426,1,NA,NA,Aquatic Non-Insects,15,Family,Hyalellidae,Hyalellidae,Emergents,0,0,0,NA,NA,NA,NA,NA,NA,NA,NA,NA,NA,NA   NA   NA   NA,NA   NA   NA   NA
STTD_2016-05-04 10:42:00,5/4/2016 10:42,STTD,2016,A,FALSE,CLD,NA,NA,20.4,0.16,655,718,7.97,6.51,52.4,10,Regular,130000,137287,7287,7287,22.38265426,22.38265426,1,NA,NA,Aquatic Non-Insects,15,Family,Hyalellidae,Hyalellidae,Adults,0,0,0,NA,NA,NA,NA,NA,NA,NA,NA,NA,NA,NA   NA   NA   NA,NA   NA   NA   NA
STTD_2016-05-04 10:42:00,5/4/2016 10:42,STTD,2016,A,FALSE,CLD,NA,NA,20.4,0.16,655,718,7.97,6.51,52.4,10,Regular,130000,137287,7287,7287,22.38265426,22.38265426,1,NA,NA,Aquatic Non-Insects,15,Family,Hyalellidae,Hyalellidae,NotDetermined,1,0.045,0.045,NA,NA,NA,NA,NA,NA,NA,NA,NA,NA,NA   NA   NA   NA,NA   NA   NA   NA
STTD_2016-05-04 10:42:00,5/4/2016 10:42,STTD,2016,A,FALSE,CLD,NA,NA,20.4,0.16,655,718,7.97,6.51,52.4,10,Regular,130000,137287,7287,7287,22.38265426,22.38265426,1,NA,NA,Terrestrial Insects,71,Order,Hemiptera,Hemiptera,Larvae,2,0.089,0.089,NA,NA,NA,NA,NA,NA,NA,NA,NA,NA,NA   NA   NA   NA,NA   NA   NA   NA
STTD_2016-05-04 10:42:00,5/4/2016 10:42,STTD,2016,A,FALSE,CLD,NA,NA,20.4,0.16,655,718,7.97,6.51,52.4,10,Regular,130000,137287,7287,7287,22.38265426,22.38265426,1,NA,NA,Terrestrial Insects,71,Order,Hemiptera,Hemiptera,Pupae,0,0,0,NA,NA,NA,NA,NA,NA,NA,NA,NA,NA,NA   NA   NA   NA,NA   NA   NA   NA
STTD_2016-05-04 10:42:00,5/4/2016 10:42,STTD,2016,A,FALSE,CLD,NA,NA,20.4,0.16,655,718,7.97,6.51,52.4,10,Regular,130000,137287,7287,7287,22.38265426,22.38265426,1,NA,NA,Terrestrial Insects,71,Order,Hemiptera,Hemiptera,Nymphs,0,0,0,NA,NA,NA,NA,NA,NA,NA,NA,NA,NA,NA   NA   NA   NA,NA   NA   NA   NA
STTD_2016-05-04 10:42:00,5/4/2016 10:42,STTD,2016,A,FALSE,CLD,NA,NA,20.4,0.16,655,718,7.97,6.51,52.4,10,Regular,130000,137287,7287,7287,22.38265426,22.38265426,1,NA,NA,Terrestrial Insects,71,Order,Hemiptera,Hemiptera,Emergents,0,0,0,NA,NA,NA,NA,NA,NA,NA,NA,NA,NA,NA   NA   NA   NA,NA   NA   NA   NA
STTD_2016-05-04 10:42:00,5/4/2016 10:42,STTD,2016,A,FALSE,CLD,NA,NA,20.4,0.16,655,718,7.97,6.51,52.4,10,Regular,130000,137287,7287,7287,22.38265426,22.38265426,1,NA,NA,Terrestrial Insects,71,Order,Hemiptera,Hemiptera,Adults,3,0.134,0.134,NA,NA,NA,NA,NA,NA,NA,NA,NA,NA,NA   NA   NA   NA,NA   NA   NA   NA
STTD_2016-05-04 10:42:00,5/4/2016 10:42,STTD,2016,A,FALSE,CLD,NA,NA,20.4,0.16,655,718,7.97,6.51,52.4,10,Regular,130000,137287,7287,7287,22.38265426,22.38265426,1,NA,NA,Terrestrial Insects,71,Order,Hemiptera,Hemiptera,NotDetermined,0,0,0,NA,NA,NA,NA,NA,NA,NA,NA,NA,NA,NA   NA   NA   NA,NA   NA   NA   NA
STTD_2016-05-04 10:42:00,5/4/2016 10:42,STTD,2016,A,FALSE,CLD,NA,NA,20.4,0.16,655,718,7.97,6.51,52.4,10,Regular,130000,137287,7287,7287,22.38265426,22.38265426,1,NA,NA,Terrestrial Insects,64,Order,Diptera,Diptera,Larvae,0,0,0,NA,NA,NA,NA,NA,NA,NA,NA,NA,NA,NA   NA   NA   NA,NA   NA   NA   NA
STTD_2016-05-04 10:42:00,5/4/2016 10:42,STTD,2016,A,FALSE,CLD,NA,NA,20.4,0.16,655,718,7.97,6.51,52.4,10,Regular,130000,137287,7287,7287,22.38265426,22.38265426,1,NA,NA,Terrestrial Insects,64,Order,Diptera,Diptera,Pupae,0,0,0,NA,NA,NA,NA,NA,NA,NA,NA,NA,NA,NA   NA   NA   NA,NA   NA   NA   NA
STTD_2016-05-04 10:42:00,5/4/2016 10:42,STTD,2016,A,FALSE,CLD,NA,NA,20.4,0.16,655,718,7.97,6.51,52.4,10,Regular,130000,137287,7287,7287,22.38265426,22.38265426,1,NA,NA,Terrestrial Insects,64,Order,Diptera,Diptera,Nymphs,0,0,0,NA,NA,NA,NA,NA,NA,NA,NA,NA,NA,NA   NA   NA   NA,NA   NA   NA   NA
STTD_2016-05-04 10:42:00,5/4/2016 10:42,STTD,2016,A,FALSE,CLD,NA,NA,20.4,0.16,655,718,7.97,6.51,52.4,10,Regular,130000,137287,7287,7287,22.38265426,22.38265426,1,NA,NA,Terrestrial Insects,64,Order,Diptera,Diptera,Emergents,0,0,0,NA,NA,NA,NA,NA,NA,NA,NA,NA,NA,NA   NA   NA   NA,NA   NA   NA   NA
STTD_2016-05-04 10:42:00,5/4/2016 10:42,STTD,2016,A,FALSE,CLD,NA,NA,20.4,0.16,655,718,7.97,6.51,52.4,10,Regular,130000,137287,7287,7287,22.38265426,22.38265426,1,NA,NA,Terrestrial Insects,64,Order,Diptera,Diptera,Adults,38,1.698,1.698,NA,NA,NA,NA,NA,NA,NA,NA,NA,NA,NA   NA   NA   NA,NA   NA   NA   NA
STTD_2016-05-04 10:42:00,5/4/2016 10:42,STTD,2016,A,FALSE,CLD,NA,NA,20.4,0.16,655,718,7.97,6.51,52.4,10,Regular,130000,137287,7287,7287,22.38265426,22.38265426,1,NA,NA,Terrestrial Insects,64,Order,Diptera,Diptera,NotDetermined,0,0,0,NA,NA,NA,NA,NA,NA,NA,NA,NA,NA,NA   NA   NA   NA,NA   NA   NA   NA
STTD_2016-05-04 10:42:00,5/4/2016 10:42,STTD,2016,A,FALSE,CLD,NA,NA,20.4,0.16,655,718,7.97,6.51,52.4,10,Regular,130000,137287,7287,7287,22.38265426,22.38265426,1,NA,NA,Terrestrial Insects,66,Order,Hymenoptera,Hymenoptera,Larvae,0,0,0,NA,NA,NA,NA,NA,NA,NA,NA,NA,NA,NA   NA   NA   NA,NA   NA   NA   NA
STTD_2016-05-04 10:42:00,5/4/2016 10:42,STTD,2016,A,FALSE,CLD,NA,NA,20.4,0.16,655,718,7.97,6.51,52.4,10,Regular,130000,137287,7287,7287,22.38265426,22.38265426,1,NA,NA,Terrestrial Insects,66,Order,Hymenoptera,Hymenoptera,Pupae,0,0,0,NA,NA,NA,NA,NA,NA,NA,NA,NA,NA,NA   NA   NA   NA,NA   NA   NA   NA
STTD_2016-05-04 10:42:00,5/4/2016 10:42,STTD,2016,A,FALSE,CLD,NA,NA,20.4,0.16,655,718,7.97,6.51,52.4,10,Regular,130000,137287,7287,7287,22.38265426,22.38265426,1,NA,NA,Terrestrial Insects,66,Order,Hymenoptera,Hymenoptera,Nymphs,0,0,0,NA,NA,NA,NA,NA,NA,NA,NA,NA,NA,NA   NA   NA   NA,NA   NA   NA   NA
STTD_2016-05-04 10:42:00,5/4/2016 10:42,STTD,2016,A,FALSE,CLD,NA,NA,20.4,0.16,655,718,7.97,6.51,52.4,10,Regular,130000,137287,7287,7287,22.38265426,22.38265426,1,NA,NA,Terrestrial Insects,66,Order,Hymenoptera,Hymenoptera,Emergents,0,0,0,NA,NA,NA,NA,NA,NA,NA,NA,NA,NA,NA   NA   NA   NA,NA   NA   NA   NA
STTD_2016-05-04 10:42:00,5/4/2016 10:42,STTD,2016,A,FALSE,CLD,NA,NA,20.4,0.16,655,718,7.97,6.51,52.4,10,Regular,130000,137287,7287,7287,22.38265426,22.38265426,1,NA,NA,Terrestrial Insects,66,Order,Hymenoptera,Hymenoptera,Adults,3,0.134,0.134,NA,NA,NA,NA,NA,NA,NA,NA,NA,NA,NA   NA   NA   NA,NA   NA   NA   NA
STTD_2016-05-04 10:42:00,5/4/2016 10:42,STTD,2016,A,FALSE,CLD,NA,NA,20.4,0.16,655,718,7.97,6.51,52.4,10,Regular,130000,137287,7287,7287,22.38265426,22.38265426,1,NA,NA,Terrestrial Insects,66,Order,Hymenoptera,Hymenoptera,NotDetermined,0,0,0,NA,NA,NA,NA,NA,NA,NA,NA,NA,NA,NA   NA   NA   NA,NA   NA   NA   NA
STTD_2016-05-04 10:42:00,5/4/2016 10:42,STTD,2016,A,FALSE,CLD,NA,NA,20.4,0.16,655,718,7.97,6.51,52.4,10,Regular,130000,137287,7287,7287,22.38265426,22.38265426,1,NA,NA,Terrestrial Insects,74,Order,Neuroptera,Neuroptera,Larvae,1,0.045,0.045,NA,NA,NA,NA,NA,NA,NA,NA,NA,NA,NA   NA   NA   NA,NA   NA   NA   NA
STTD_2016-05-04 10:42:00,5/4/2016 10:42,STTD,2016,A,FALSE,CLD,NA,NA,20.4,0.16,655,718,7.97,6.51,52.4,10,Regular,130000,137287,7287,7287,22.38265426,22.38265426,1,NA,NA,Terrestrial Insects,74,Order,Neuroptera,Neuroptera,Pupae,0,0,0,NA,NA,NA,NA,NA,NA,NA,NA,NA,NA,NA   NA   NA   NA,NA   NA   NA   NA
STTD_2016-05-04 10:42:00,5/4/2016 10:42,STTD,2016,A,FALSE,CLD,NA,NA,20.4,0.16,655,718,7.97,6.51,52.4,10,Regular,130000,137287,7287,7287,22.38265426,22.38265426,1,NA,NA,Terrestrial Insects,74,Order,Neuroptera,Neuroptera,Nymphs,0,0,0,NA,NA,NA,NA,NA,NA,NA,NA,NA,NA,NA   NA   NA   NA,NA   NA   NA   NA
STTD_2016-05-04 10:42:00,5/4/2016 10:42,STTD,2016,A,FALSE,CLD,NA,NA,20.4,0.16,655,718,7.97,6.51,52.4,10,Regular,130000,137287,7287,7287,22.38265426,22.38265426,1,NA,NA,Terrestrial Insects,74,Order,Neuroptera,Neuroptera,Emergents,0,0,0,NA,NA,NA,NA,NA,NA,NA,NA,NA,NA,NA   NA   NA   NA,NA   NA   NA   NA
STTD_2016-05-04 10:42:00,5/4/2016 10:42,STTD,2016,A,FALSE,CLD,NA,NA,20.4,0.16,655,718,7.97,6.51,52.4,10,Regular,130000,137287,7287,7287,22.38265426,22.38265426,1,NA,NA,Terrestrial Insects,74,Order,Neuroptera,Neuroptera,Adults,0,0,0,NA,NA,NA,NA,NA,NA,NA,NA,NA,NA,NA   NA   NA   NA,NA   NA   NA   NA
STTD_2016-05-04 10:42:00,5/4/2016 10:42,STTD,2016,A,FALSE,CLD,NA,NA,20.4,0.16,655,718,7.97,6.51,52.4,10,Regular,130000,137287,7287,7287,22.38265426,22.38265426,1,NA,NA,Terrestrial Insects,74,Order,Neuroptera,Neuroptera,NotDetermined,0,0,0,NA,NA,NA,NA,NA,NA,NA,NA,NA,NA,NA   NA   NA   NA,NA   NA   NA   NA
STTD_2016-05-04 10:42:00,5/4/2016 10:42,STTD,2016,A,FALSE,CLD,NA,NA,20.4,0.16,655,718,7.97,6.51,52.4,10,Regular,130000,137287,7287,7287,22.38265426,22.38265426,1,NA,NA,Terrestrial Insects,85,Order,Thysanoptera,Thysanoptera,Larvae,0,0,0,NA,NA,NA,NA,NA,NA,NA,NA,NA,NA,NA   NA   NA   NA,NA   NA   NA   NA
STTD_2016-05-04 10:42:00,5/4/2016 10:42,STTD,2016,A,FALSE,CLD,NA,NA,20.4,0.16,655,718,7.97,6.51,52.4,10,Regular,130000,137287,7287,7287,22.38265426,22.38265426,1,NA,NA,Terrestrial Insects,85,Order,Thysanoptera,Thysanoptera,Pupae,0,0,0,NA,NA,NA,NA,NA,NA,NA,NA,NA,NA,NA   NA   NA   NA,NA   NA   NA   NA
STTD_2016-05-04 10:42:00,5/4/2016 10:42,STTD,2016,A,FALSE,CLD,NA,NA,20.4,0.16,655,718,7.97,6.51,52.4,10,Regular,130000,137287,7287,7287,22.38265426,22.38265426,1,NA,NA,Terrestrial Insects,85,Order,Thysanoptera,Thysanoptera,Nymphs,0,0,0,NA,NA,NA,NA,NA,NA,NA,NA,NA,NA,NA   NA   NA   NA,NA   NA   NA   NA
STTD_2016-05-04 10:42:00,5/4/2016 10:42,STTD,2016,A,FALSE,CLD,NA,NA,20.4,0.16,655,718,7.97,6.51,52.4,10,Regular,130000,137287,7287,7287,22.38265426,22.38265426,1,NA,NA,Terrestrial Insects,85,Order,Thysanoptera,Thysanoptera,Emergents,0,0,0,NA,NA,NA,NA,NA,NA,NA,NA,NA,NA,NA   NA   NA   NA,NA   NA   NA   NA
STTD_2016-05-04 10:42:00,5/4/2016 10:42,STTD,2016,A,FALSE,CLD,NA,NA,20.4,0.16,655,718,7.97,6.51,52.4,10,Regular,130000,137287,7287,7287,22.38265426,22.38265426,1,NA,NA,Terrestrial Insects,85,Order,Thysanoptera,Thysanoptera,Adults,2,0.089,0.089,NA,NA,NA,NA,NA,NA,NA,NA,NA,NA,NA   NA   NA   NA,NA   NA   NA   NA
STTD_2016-05-04 10:42:00,5/4/2016 10:42,STTD,2016,A,FALSE,CLD,NA,NA,20.4,0.16,655,718,7.97,6.51,52.4,10,Regular,130000,137287,7287,7287,22.38265426,22.38265426,1,NA,NA,Terrestrial Insects,85,Order,Thysanoptera,Thysanoptera,NotDetermined,0,0,0,NA,NA,NA,NA,NA,NA,NA,NA,NA,NA,NA   NA   NA   NA,NA   NA   NA   NA
SHR_2016-05-05 08:53:00,5/5/2016 8:53,SHR,2016,A,FALSE,CLR,NA,NA,17.67,1.9,94,109,7.15,10.61,4.1,10,Regular,149000,149618,618,618,1.898240748,1.898240748,1,NA,NA,Aquatic Insects,32,Family,Ceratopogonidae,Ceratopogonidae,Larvae,0,0,0,NA,NA,NA,NA,NA,NA,2,FM,NA,NA,NA   NA   2   NA,NA   NA   FM   NA
SHR_2016-05-05 08:53:00,5/5/2016 8:53,SHR,2016,A,FALSE,CLR,NA,NA,17.67,1.9,94,109,7.15,10.61,4.1,10,Regular,149000,149618,618,618,1.898240748,1.898240748,1,NA,NA,Aquatic Insects,32,Family,Ceratopogonidae,Ceratopogonidae,Pupae,3,1.58,1.58,NA,NA,NA,NA,NA,NA,2,FM,NA,NA,NA   NA   2   NA,NA   NA   FM   NA
SHR_2016-05-05 08:53:00,5/5/2016 8:53,SHR,2016,A,FALSE,CLR,NA,NA,17.67,1.9,94,109,7.15,10.61,4.1,10,Regular,149000,149618,618,618,1.898240748,1.898240748,1,NA,NA,Aquatic Insects,32,Family,Ceratopogonidae,Ceratopogonidae,Nymphs,0,0,0,NA,NA,NA,NA,NA,NA,2,FM,NA,NA,NA   NA   2   NA,NA   NA   FM   NA
SHR_2016-05-05 08:53:00,5/5/2016 8:53,SHR,2016,A,FALSE,CLR,NA,NA,17.67,1.9,94,109,7.15,10.61,4.1,10,Regular,149000,149618,618,618,1.898240748,1.898240748,1,NA,NA,Aquatic Insects,32,Family,Ceratopogonidae,Ceratopogonidae,Emergents,0,0,0,NA,NA,NA,NA,NA,NA,2,FM,NA,NA,NA   NA   2   NA,NA   NA   FM   NA
SHR_2016-05-05 08:53:00,5/5/2016 8:53,SHR,2016,A,FALSE,CLR,NA,NA,17.67,1.9,94,109,7.15,10.61,4.1,10,Regular,149000,149618,618,618,1.898240748,1.898240748,1,NA,NA,Aquatic Insects,32,Family,Ceratopogonidae,Ceratopogonidae,Adults,0,0,0,NA,NA,NA,NA,NA,NA,2,FM,NA,NA,NA   NA   2   NA,NA   NA   FM   NA
SHR_2016-05-05 08:53:00,5/5/2016 8:53,SHR,2016,A,FALSE,CLR,NA,NA,17.67,1.9,94,109,7.15,10.61,4.1,10,Regular,149000,149618,618,618,1.898240748,1.898240748,1,NA,NA,Aquatic Insects,32,Family,Ceratopogonidae,Ceratopogonidae,NotDetermined,0,0,0,NA,NA,NA,NA,NA,NA,2,FM,NA,NA,NA   NA   2   NA,NA   NA   FM   NA
SHR_2016-05-05 08:53:00,5/5/2016 8:53,SHR,2016,A,FALSE,CLR,NA,NA,17.67,1.9,94,109,7.15,10.61,4.1,10,Regular,149000,149618,618,618,1.898240748,1.898240748,1,NA,NA,Aquatic Non-Insects,4,Family,Naididae,Naididae,Larvae,0,0,0,NA,NA,NA,NA,NA,NA,2,FM,NA,NA,NA   NA   2   NA,NA   NA   FM   NA
SHR_2016-05-05 08:53:00,5/5/2016 8:53,SHR,2016,A,FALSE,CLR,NA,NA,17.67,1.9,94,109,7.15,10.61,4.1,10,Regular,149000,149618,618,618,1.898240748,1.898240748,1,NA,NA,Aquatic Non-Insects,4,Family,Naididae,Naididae,Pupae,0,0,0,NA,NA,NA,NA,NA,NA,2,FM,NA,NA,NA   NA   2   NA,NA   NA   FM   NA
SHR_2016-05-05 08:53:00,5/5/2016 8:53,SHR,2016,A,FALSE,CLR,NA,NA,17.67,1.9,94,109,7.15,10.61,4.1,10,Regular,149000,149618,618,618,1.898240748,1.898240748,1,NA,NA,Aquatic Non-Insects,4,Family,Naididae,Naididae,Nymphs,0,0,0,NA,NA,NA,NA,NA,NA,2,FM,NA,NA,NA   NA   2   NA,NA   NA   FM   NA
SHR_2016-05-05 08:53:00,5/5/2016 8:53,SHR,2016,A,FALSE,CLR,NA,NA,17.67,1.9,94,109,7.15,10.61,4.1,10,Regular,149000,149618,618,618,1.898240748,1.898240748,1,NA,NA,Aquatic Non-Insects,4,Family,Naididae,Naididae,Emergents,0,0,0,NA,NA,NA,NA,NA,NA,2,FM,NA,NA,NA   NA   2   NA,NA   NA   FM   NA
SHR_2016-05-05 08:53:00,5/5/2016 8:53,SHR,2016,A,FALSE,CLR,NA,NA,17.67,1.9,94,109,7.15,10.61,4.1,10,Regular,149000,149618,618,618,1.898240748,1.898240748,1,NA,NA,Aquatic Non-Insects,4,Family,Naididae,Naididae,Adults,0,0,0,NA,NA,NA,NA,NA,NA,2,FM,NA,NA,NA   NA   2   NA,NA   NA   FM   NA
SHR_2016-05-05 08:53:00,5/5/2016 8:53,SHR,2016,A,FALSE,CLR,NA,NA,17.67,1.9,94,109,7.15,10.61,4.1,10,Regular,149000,149618,618,618,1.898240748,1.898240748,1,NA,NA,Aquatic Non-Insects,4,Family,Naididae,Naididae,NotDetermined,2,1.054,1.054,NA,NA,NA,NA,NA,NA,2,FM,NA,NA,NA   NA   2   NA,NA   NA   FM   NA
SHR_2016-05-05 08:53:00,5/5/2016 8:53,SHR,2016,A,FALSE,CLR,NA,NA,17.67,1.9,94,109,7.15,10.61,4.1,10,Regular,149000,149618,618,618,1.898240748,1.898240748,1,NA,NA,Terrestrial Insects,71,Order,Hemiptera,Hemiptera,Larvae,1,0.527,0.527,NA,NA,NA,NA,NA,NA,2,FM,NA,NA,NA   NA   2   NA,NA   NA   FM   NA
SHR_2016-05-05 08:53:00,5/5/2016 8:53,SHR,2016,A,FALSE,CLR,NA,NA,17.67,1.9,94,109,7.15,10.61,4.1,10,Regular,149000,149618,618,618,1.898240748,1.898240748,1,NA,NA,Terrestrial Insects,71,Order,Hemiptera,Hemiptera,Pupae,0,0,0,NA,NA,NA,NA,NA,NA,2,FM,NA,NA,NA   NA   2   NA,NA   NA   FM   NA
SHR_2016-05-05 08:53:00,5/5/2016 8:53,SHR,2016,A,FALSE,CLR,NA,NA,17.67,1.9,94,109,7.15,10.61,4.1,10,Regular,149000,149618,618,618,1.898240748,1.898240748,1,NA,NA,Terrestrial Insects,71,Order,Hemiptera,Hemiptera,Nymphs,0,0,0,NA,NA,NA,NA,NA,NA,2,FM,NA,NA,NA   NA   2   NA,NA   NA   FM   NA
SHR_2016-05-05 08:53:00,5/5/2016 8:53,SHR,2016,A,FALSE,CLR,NA,NA,17.67,1.9,94,109,7.15,10.61,4.1,10,Regular,149000,149618,618,618,1.898240748,1.898240748,1,NA,NA,Terrestrial Insects,71,Order,Hemiptera,Hemiptera,Emergents,0,0,0,NA,NA,NA,NA,NA,NA,2,FM,NA,NA,NA   NA   2   NA,NA   NA   FM   NA
SHR_2016-05-05 08:53:00,5/5/2016 8:53,SHR,2016,A,FALSE,CLR,NA,NA,17.67,1.9,94,109,7.15,10.61,4.1,10,Regular,149000,149618,618,618,1.898240748,1.898240748,1,NA,NA,Terrestrial Insects,71,Order,Hemiptera,Hemiptera,Adults,0,0,0,NA,NA,NA,NA,NA,NA,2,FM,NA,NA,NA   NA   2   NA,NA   NA   FM   NA
SHR_2016-05-05 08:53:00,5/5/2016 8:53,SHR,2016,A,FALSE,CLR,NA,NA,17.67,1.9,94,109,7.15,10.61,4.1,10,Regular,149000,149618,618,618,1.898240748,1.898240748,1,NA,NA,Terrestrial Insects,71,Order,Hemiptera,Hemiptera,NotDetermined,0,0,0,NA,NA,NA,NA,NA,NA,2,FM,NA,NA,NA   NA   2   NA,NA   NA   FM   NA
SHR_2016-05-05 08:53:00,5/5/2016 8:53,SHR,2016,A,FALSE,CLR,NA,NA,17.67,1.9,94,109,7.15,10.61,4.1,10,Regular,149000,149618,618,618,1.898240748,1.898240748,1,NA,NA,Terrestrial Insects,64,Order,Diptera,Diptera,Larvae,0,0,0,NA,NA,NA,NA,NA,NA,2,FM,NA,NA,NA   NA   2   NA,NA   NA   FM   NA
SHR_2016-05-05 08:53:00,5/5/2016 8:53,SHR,2016,A,FALSE,CLR,NA,NA,17.67,1.9,94,109,7.15,10.61,4.1,10,Regular,149000,149618,618,618,1.898240748,1.898240748,1,NA,NA,Terrestrial Insects,64,Order,Diptera,Diptera,Pupae,0,0,0,NA,NA,NA,NA,NA,NA,2,FM,NA,NA,NA   NA   2   NA,NA   NA   FM   NA
SHR_2016-05-05 08:53:00,5/5/2016 8:53,SHR,2016,A,FALSE,CLR,NA,NA,17.67,1.9,94,109,7.15,10.61,4.1,10,Regular,149000,149618,618,618,1.898240748,1.898240748,1,NA,NA,Terrestrial Insects,64,Order,Diptera,Diptera,Nymphs,0,0,0,NA,NA,NA,NA,NA,NA,2,FM,NA,NA,NA   NA   2   NA,NA   NA   FM   NA
SHR_2016-05-05 08:53:00,5/5/2016 8:53,SHR,2016,A,FALSE,CLR,NA,NA,17.67,1.9,94,109,7.15,10.61,4.1,10,Regular,149000,149618,618,618,1.898240748,1.898240748,1,NA,NA,Terrestrial Insects,64,Order,Diptera,Diptera,Emergents,0,0,0,NA,NA,NA,NA,NA,NA,2,FM,NA,NA,NA   NA   2   NA,NA   NA   FM   NA
SHR_2016-05-05 08:53:00,5/5/2016 8:53,SHR,2016,A,FALSE,CLR,NA,NA,17.67,1.9,94,109,7.15,10.61,4.1,10,Regular,149000,149618,618,618,1.898240748,1.898240748,1,NA,NA,Terrestrial Insects,64,Order,Diptera,Diptera,Adults,6,3.161,3.161,NA,NA,NA,NA,NA,NA,2,FM,NA,NA,NA   NA   2   NA,NA   NA   FM   NA
SHR_2016-05-05 08:53:00,5/5/2016 8:53,SHR,2016,A,FALSE,CLR,NA,NA,17.67,1.9,94,109,7.15,10.61,4.1,10,Regular,149000,149618,618,618,1.898240748,1.898240748,1,NA,NA,Terrestrial Insects,64,Order,Diptera,Diptera,NotDetermined,0,0,0,NA,NA,NA,NA,NA,NA,2,FM,NA,NA,NA   NA   2   NA,NA   NA   FM   NA
SHR_2016-05-05 08:53:00,5/5/2016 8:53,SHR,2016,A,FALSE,CLR,NA,NA,17.67,1.9,94,109,7.15,10.61,4.1,10,Regular,149000,149618,618,618,1.898240748,1.898240748,1,NA,NA,Terrestrial Insects,66,Order,Hymenoptera,Hymenoptera,Larvae,0,0,0,NA,NA,NA,NA,NA,NA,2,FM,NA,NA,NA   NA   2   NA,NA   NA   FM   NA
SHR_2016-05-05 08:53:00,5/5/2016 8:53,SHR,2016,A,FALSE,CLR,NA,NA,17.67,1.9,94,109,7.15,10.61,4.1,10,Regular,149000,149618,618,618,1.898240748,1.898240748,1,NA,NA,Terrestrial Insects,66,Order,Hymenoptera,Hymenoptera,Pupae,0,0,0,NA,NA,NA,NA,NA,NA,2,FM,NA,NA,NA   NA   2   NA,NA   NA   FM   NA
SHR_2016-05-05 08:53:00,5/5/2016 8:53,SHR,2016,A,FALSE,CLR,NA,NA,17.67,1.9,94,109,7.15,10.61,4.1,10,Regular,149000,149618,618,618,1.898240748,1.898240748,1,NA,NA,Terrestrial Insects,66,Order,Hymenoptera,Hymenoptera,Nymphs,0,0,0,NA,NA,NA,NA,NA,NA,2,FM,NA,NA,NA   NA   2   NA,NA   NA   FM   NA
SHR_2016-05-05 08:53:00,5/5/2016 8:53,SHR,2016,A,FALSE,CLR,NA,NA,17.67,1.9,94,109,7.15,10.61,4.1,10,Regular,149000,149618,618,618,1.898240748,1.898240748,1,NA,NA,Terrestrial Insects,66,Order,Hymenoptera,Hymenoptera,Emergents,0,0,0,NA,NA,NA,NA,NA,NA,2,FM,NA,NA,NA   NA   2   NA,NA   NA   FM   NA
SHR_2016-05-05 08:53:00,5/5/2016 8:53,SHR,2016,A,FALSE,CLR,NA,NA,17.67,1.9,94,109,7.15,10.61,4.1,10,Regular,149000,149618,618,618,1.898240748,1.898240748,1,NA,NA,Terrestrial Insects,66,Order,Hymenoptera,Hymenoptera,Adults,1,0.527,0.527,NA,NA,NA,NA,NA,NA,2,FM,NA,NA,NA   NA   2   NA,NA   NA   FM   NA
SHR_2016-05-05 08:53:00,5/5/2016 8:53,SHR,2016,A,FALSE,CLR,NA,NA,17.67,1.9,94,109,7.15,10.61,4.1,10,Regular,149000,149618,618,618,1.898240748,1.898240748,1,NA,NA,Terrestrial Insects,66,Order,Hymenoptera,Hymenoptera,NotDetermined,0,0,0,NA,NA,NA,NA,NA,NA,2,FM,NA,NA,NA   NA   2   NA,NA   NA   FM   NA
STTD_2016-05-19 08:50:00,5/19/2016 8:50,STTD,2016,A,FALSE,CLD,NA,NA,22.57,0.18,402,421,7.98,6.42,101.3,10,Regular,150000,156657,6657,6657,20.44755447,20.44755447,1,NA,NA,Aquatic Insects,46,Family,Coenagrionidae,Coenagrionidae,Larvae,1,0.049,0.049,NA,NA,NA,NA,NA,NA,NA,NA,NA,NA,NA   NA   NA   NA,NA   NA   NA   NA
STTD_2016-05-19 08:50:00,5/19/2016 8:50,STTD,2016,A,FALSE,CLD,NA,NA,22.57,0.18,402,421,7.98,6.42,101.3,10,Regular,150000,156657,6657,6657,20.44755447,20.44755447,1,NA,NA,Aquatic Insects,46,Family,Coenagrionidae,Coenagrionidae,Pupae,0,0,0,NA,NA,NA,NA,NA,NA,NA,NA,NA,NA,NA   NA   NA   NA,NA   NA   NA   NA
STTD_2016-05-19 08:50:00,5/19/2016 8:50,STTD,2016,A,FALSE,CLD,NA,NA,22.57,0.18,402,421,7.98,6.42,101.3,10,Regular,150000,156657,6657,6657,20.44755447,20.44755447,1,NA,NA,Aquatic Insects,46,Family,Coenagrionidae,Coenagrionidae,Nymphs,0,0,0,NA,NA,NA,NA,NA,NA,NA,NA,NA,NA,NA   NA   NA   NA,NA   NA   NA   NA
STTD_2016-05-19 08:50:00,5/19/2016 8:50,STTD,2016,A,FALSE,CLD,NA,NA,22.57,0.18,402,421,7.98,6.42,101.3,10,Regular,150000,156657,6657,6657,20.44755447,20.44755447,1,NA,NA,Aquatic Insects,46,Family,Coenagrionidae,Coenagrionidae,Emergents,0,0,0,NA,NA,NA,NA,NA,NA,NA,NA,NA,NA,NA   NA   NA   NA,NA   NA   NA   NA
STTD_2016-05-19 08:50:00,5/19/2016 8:50,STTD,2016,A,FALSE,CLD,NA,NA,22.57,0.18,402,421,7.98,6.42,101.3,10,Regular,150000,156657,6657,6657,20.44755447,20.44755447,1,NA,NA,Aquatic Insects,46,Family,Coenagrionidae,Coenagrionidae,Adults,0,0,0,NA,NA,NA,NA,NA,NA,NA,NA,NA,NA,NA   NA   NA   NA,NA   NA   NA   NA
STTD_2016-05-19 08:50:00,5/19/2016 8:50,STTD,2016,A,FALSE,CLD,NA,NA,22.57,0.18,402,421,7.98,6.42,101.3,10,Regular,150000,156657,6657,6657,20.44755447,20.44755447,1,NA,NA,Aquatic Insects,46,Family,Coenagrionidae,Coenagrionidae,NotDetermined,0,0,0,NA,NA,NA,NA,NA,NA,NA,NA,NA,NA,NA   NA   NA   NA,NA   NA   NA   NA
STTD_2016-05-19 08:50:00,5/19/2016 8:50,STTD,2016,A,FALSE,CLD,NA,NA,22.57,0.18,402,421,7.98,6.42,101.3,10,Regular,150000,156657,6657,6657,20.44755447,20.44755447,1,NA,NA,Aquatic Insects,44,Family,Corixidae,Corixidae,Larvae,42,2.054,2.054,NA,NA,NA,NA,NA,NA,NA,NA,NA,NA,NA   NA   NA   NA,NA   NA   NA   NA
STTD_2016-05-19 08:50:00,5/19/2016 8:50,STTD,2016,A,FALSE,CLD,NA,NA,22.57,0.18,402,421,7.98,6.42,101.3,10,Regular,150000,156657,6657,6657,20.44755447,20.44755447,1,NA,NA,Aquatic Insects,44,Family,Corixidae,Corixidae,Pupae,0,0,0,NA,NA,NA,NA,NA,NA,NA,NA,NA,NA,NA   NA   NA   NA,NA   NA   NA   NA
STTD_2016-05-19 08:50:00,5/19/2016 8:50,STTD,2016,A,FALSE,CLD,NA,NA,22.57,0.18,402,421,7.98,6.42,101.3,10,Regular,150000,156657,6657,6657,20.44755447,20.44755447,1,NA,NA,Aquatic Insects,44,Family,Corixidae,Corixidae,Nymphs,0,0,0,NA,NA,NA,NA,NA,NA,NA,NA,NA,NA,NA   NA   NA   NA,NA   NA   NA   NA
STTD_2016-05-19 08:50:00,5/19/2016 8:50,STTD,2016,A,FALSE,CLD,NA,NA,22.57,0.18,402,421,7.98,6.42,101.3,10,Regular,150000,156657,6657,6657,20.44755447,20.44755447,1,NA,NA,Aquatic Insects,44,Family,Corixidae,Corixidae,Emergents,0,0,0,NA,NA,NA,NA,NA,NA,NA,NA,NA,NA,NA   NA   NA   NA,NA   NA   NA   NA
STTD_2016-05-19 08:50:00,5/19/2016 8:50,STTD,2016,A,FALSE,CLD,NA,NA,22.57,0.18,402,421,7.98,6.42,101.3,10,Regular,150000,156657,6657,6657,20.44755447,20.44755447,1,NA,NA,Aquatic Insects,44,Family,Corixidae,Corixidae,Adults,0,0,0,NA,NA,NA,NA,NA,NA,NA,NA,NA,NA,NA   NA   NA   NA,NA   NA   NA   NA
STTD_2016-05-19 08:50:00,5/19/2016 8:50,STTD,2016,A,FALSE,CLD,NA,NA,22.57,0.18,402,421,7.98,6.42,101.3,10,Regular,150000,156657,6657,6657,20.44755447,20.44755447,1,NA,NA,Aquatic Insects,44,Family,Corixidae,Corixidae,NotDetermined,0,0,0,NA,NA,NA,NA,NA,NA,NA,NA,NA,NA,NA   NA   NA   NA,NA   NA   NA   NA
STTD_2016-05-19 08:50:00,5/19/2016 8:50,STTD,2016,A,FALSE,CLD,NA,NA,22.57,0.18,402,421,7.98,6.42,101.3,10,Regular,150000,156657,6657,6657,20.44755447,20.44755447,1,NA,NA,Aquatic Insects,30,Family,Dytiscidae,Dytiscidae,Larvae,0,0,0,NA,NA,NA,NA,NA,NA,NA,NA,NA,NA,NA   NA   NA   NA,NA   NA   NA   NA
STTD_2016-05-19 08:50:00,5/19/2016 8:50,STTD,2016,A,FALSE,CLD,NA,NA,22.57,0.18,402,421,7.98,6.42,101.3,10,Regular,150000,156657,6657,6657,20.44755447,20.44755447,1,NA,NA,Aquatic Insects,30,Family,Dytiscidae,Dytiscidae,Pupae,0,0,0,NA,NA,NA,NA,NA,NA,NA,NA,NA,NA,NA   NA   NA   NA,NA   NA   NA   NA
STTD_2016-05-19 08:50:00,5/19/2016 8:50,STTD,2016,A,FALSE,CLD,NA,NA,22.57,0.18,402,421,7.98,6.42,101.3,10,Regular,150000,156657,6657,6657,20.44755447,20.44755447,1,NA,NA,Aquatic Insects,30,Family,Dytiscidae,Dytiscidae,Nymphs,0,0,0,NA,NA,NA,NA,NA,NA,NA,NA,NA,NA,NA   NA   NA   NA,NA   NA   NA   NA
STTD_2016-05-19 08:50:00,5/19/2016 8:50,STTD,2016,A,FALSE,CLD,NA,NA,22.57,0.18,402,421,7.98,6.42,101.3,10,Regular,150000,156657,6657,6657,20.44755447,20.44755447,1,NA,NA,Aquatic Insects,30,Family,Dytiscidae,Dytiscidae,Emergents,0,0,0,NA,NA,NA,NA,NA,NA,NA,NA,NA,NA,NA   NA   NA   NA,NA   NA   NA   NA
STTD_2016-05-19 08:50:00,5/19/2016 8:50,STTD,2016,A,FALSE,CLD,NA,NA,22.57,0.18,402,421,7.98,6.42,101.3,10,Regular,150000,156657,6657,6657,20.44755447,20.44755447,1,NA,NA,Aquatic Insects,30,Family,Dytiscidae,Dytiscidae,Adults,1,0.049,0.049,NA,NA,NA,NA,NA,NA,NA,NA,NA,NA,NA   NA   NA   NA,NA   NA   NA   NA
STTD_2016-05-19 08:50:00,5/19/2016 8:50,STTD,2016,A,FALSE,CLD,NA,NA,22.57,0.18,402,421,7.98,6.42,101.3,10,Regular,150000,156657,6657,6657,20.44755447,20.44755447,1,NA,NA,Aquatic Insects,30,Family,Dytiscidae,Dytiscidae,NotDetermined,0,0,0,NA,NA,NA,NA,NA,NA,NA,NA,NA,NA,NA   NA   NA   NA,NA   NA   NA   NA
STTD_2016-05-19 08:50:00,5/19/2016 8:50,STTD,2016,A,FALSE,CLD,NA,NA,22.57,0.18,402,421,7.98,6.42,101.3,10,Regular,150000,156657,6657,6657,20.44755447,20.44755447,1,NA,NA,Aquatic Insects,52,Family,Hydraenidae,Hydraenidae,Larvae,0,0,0,NA,NA,NA,NA,NA,NA,NA,NA,NA,NA,NA   NA   NA   NA,NA   NA   NA   NA
STTD_2016-05-19 08:50:00,5/19/2016 8:50,STTD,2016,A,FALSE,CLD,NA,NA,22.57,0.18,402,421,7.98,6.42,101.3,10,Regular,150000,156657,6657,6657,20.44755447,20.44755447,1,NA,NA,Aquatic Insects,52,Family,Hydraenidae,Hydraenidae,Pupae,0,0,0,NA,NA,NA,NA,NA,NA,NA,NA,NA,NA,NA   NA   NA   NA,NA   NA   NA   NA
STTD_2016-05-19 08:50:00,5/19/2016 8:50,STTD,2016,A,FALSE,CLD,NA,NA,22.57,0.18,402,421,7.98,6.42,101.3,10,Regular,150000,156657,6657,6657,20.44755447,20.44755447,1,NA,NA,Aquatic Insects,52,Family,Hydraenidae,Hydraenidae,Nymphs,0,0,0,NA,NA,NA,NA,NA,NA,NA,NA,NA,NA,NA   NA   NA   NA,NA   NA   NA   NA
STTD_2016-05-19 08:50:00,5/19/2016 8:50,STTD,2016,A,FALSE,CLD,NA,NA,22.57,0.18,402,421,7.98,6.42,101.3,10,Regular,150000,156657,6657,6657,20.44755447,20.44755447,1,NA,NA,Aquatic Insects,52,Family,Hydraenidae,Hydraenidae,Emergents,0,0,0,NA,NA,NA,NA,NA,NA,NA,NA,NA,NA,NA   NA   NA   NA,NA   NA   NA   NA
STTD_2016-05-19 08:50:00,5/19/2016 8:50,STTD,2016,A,FALSE,CLD,NA,NA,22.57,0.18,402,421,7.98,6.42,101.3,10,Regular,150000,156657,6657,6657,20.44755447,20.44755447,1,NA,NA,Aquatic Insects,52,Family,Hydraenidae,Hydraenidae,Adults,4,0.196,0.196,NA,NA,NA,NA,NA,NA,NA,NA,NA,NA,NA   NA   NA   NA,NA   NA   NA   NA
STTD_2016-05-19 08:50:00,5/19/2016 8:50,STTD,2016,A,FALSE,CLD,NA,NA,22.57,0.18,402,421,7.98,6.42,101.3,10,Regular,150000,156657,6657,6657,20.44755447,20.44755447,1,NA,NA,Aquatic Insects,52,Family,Hydraenidae,Hydraenidae,NotDetermined,0,0,0,NA,NA,NA,NA,NA,NA,NA,NA,NA,NA,NA   NA   NA   NA,NA   NA   NA   NA
STTD_2016-05-19 08:50:00,5/19/2016 8:50,STTD,2016,A,FALSE,CLD,NA,NA,22.57,0.18,402,421,7.98,6.42,101.3,10,Regular,150000,156657,6657,6657,20.44755447,20.44755447,1,NA,NA,Aquatic Insects,34,Family,Chironomidae,Chironomidae,Larvae,4,0.196,0.196,NA,NA,NA,NA,NA,NA,NA,NA,NA,NA,NA   NA   NA   NA,NA   NA   NA   NA
STTD_2016-05-19 08:50:00,5/19/2016 8:50,STTD,2016,A,FALSE,CLD,NA,NA,22.57,0.18,402,421,7.98,6.42,101.3,10,Regular,150000,156657,6657,6657,20.44755447,20.44755447,1,NA,NA,Aquatic Insects,34,Family,Chironomidae,Chironomidae,Pupae,1,0.049,0.049,NA,NA,NA,NA,NA,NA,NA,NA,NA,NA,NA   NA   NA   NA,NA   NA   NA   NA
STTD_2016-05-19 08:50:00,5/19/2016 8:50,STTD,2016,A,FALSE,CLD,NA,NA,22.57,0.18,402,421,7.98,6.42,101.3,10,Regular,150000,156657,6657,6657,20.44755447,20.44755447,1,NA,NA,Aquatic Insects,34,Family,Chironomidae,Chironomidae,Nymphs,0,0,0,NA,NA,NA,NA,NA,NA,NA,NA,NA,NA,NA   NA   NA   NA,NA   NA   NA   NA
STTD_2016-05-19 08:50:00,5/19/2016 8:50,STTD,2016,A,FALSE,CLD,NA,NA,22.57,0.18,402,421,7.98,6.42,101.3,10,Regular,150000,156657,6657,6657,20.44755447,20.44755447,1,NA,NA,Aquatic Insects,34,Family,Chironomidae,Chironomidae,Emergents,0,0,0,NA,NA,NA,NA,NA,NA,NA,NA,NA,NA,NA   NA   NA   NA,NA   NA   NA   NA
STTD_2016-05-19 08:50:00,5/19/2016 8:50,STTD,2016,A,FALSE,CLD,NA,NA,22.57,0.18,402,421,7.98,6.42,101.3,10,Regular,150000,156657,6657,6657,20.44755447,20.44755447,1,NA,NA,Aquatic Insects,34,Family,Chironomidae,Chironomidae,Adults,0,0,0,NA,NA,NA,NA,NA,NA,NA,NA,NA,NA,NA   NA   NA   NA,NA   NA   NA   NA
STTD_2016-05-19 08:50:00,5/19/2016 8:50,STTD,2016,A,FALSE,CLD,NA,NA,22.57,0.18,402,421,7.98,6.42,101.3,10,Regular,150000,156657,6657,6657,20.44755447,20.44755447,1,NA,NA,Aquatic Insects,34,Family,Chironomidae,Chironomidae,NotDetermined,0,0,0,NA,NA,NA,NA,NA,NA,NA,NA,NA,NA,NA   NA   NA   NA,NA   NA   NA   NA
STTD_2016-05-19 08:50:00,5/19/2016 8:50,STTD,2016,A,FALSE,CLD,NA,NA,22.57,0.18,402,421,7.98,6.42,101.3,10,Regular,150000,156657,6657,6657,20.44755447,20.44755447,1,NA,NA,Aquatic Non-Insects,4,Family,Naididae,Naididae,Larvae,0,0,0,NA,NA,NA,NA,NA,NA,NA,NA,NA,NA,NA   NA   NA   NA,NA   NA   NA   NA
STTD_2016-05-19 08:50:00,5/19/2016 8:50,STTD,2016,A,FALSE,CLD,NA,NA,22.57,0.18,402,421,7.98,6.42,101.3,10,Regular,150000,156657,6657,6657,20.44755447,20.44755447,1,NA,NA,Aquatic Non-Insects,4,Family,Naididae,Naididae,Pupae,0,0,0,NA,NA,NA,NA,NA,NA,NA,NA,NA,NA,NA   NA   NA   NA,NA   NA   NA   NA
STTD_2016-05-19 08:50:00,5/19/2016 8:50,STTD,2016,A,FALSE,CLD,NA,NA,22.57,0.18,402,421,7.98,6.42,101.3,10,Regular,150000,156657,6657,6657,20.44755447,20.44755447,1,NA,NA,Aquatic Non-Insects,4,Family,Naididae,Naididae,Nymphs,0,0,0,NA,NA,NA,NA,NA,NA,NA,NA,NA,NA,NA   NA   NA   NA,NA   NA   NA   NA
STTD_2016-05-19 08:50:00,5/19/2016 8:50,STTD,2016,A,FALSE,CLD,NA,NA,22.57,0.18,402,421,7.98,6.42,101.3,10,Regular,150000,156657,6657,6657,20.44755447,20.44755447,1,NA,NA,Aquatic Non-Insects,4,Family,Naididae,Naididae,Emergents,0,0,0,NA,NA,NA,NA,NA,NA,NA,NA,NA,NA,NA   NA   NA   NA,NA   NA   NA   NA
STTD_2016-05-19 08:50:00,5/19/2016 8:50,STTD,2016,A,FALSE,CLD,NA,NA,22.57,0.18,402,421,7.98,6.42,101.3,10,Regular,150000,156657,6657,6657,20.44755447,20.44755447,1,NA,NA,Aquatic Non-Insects,4,Family,Naididae,Naididae,Adults,0,0,0,NA,NA,NA,NA,NA,NA,NA,NA,NA,NA,NA   NA   NA   NA,NA   NA   NA   NA
STTD_2016-05-19 08:50:00,5/19/2016 8:50,STTD,2016,A,FALSE,CLD,NA,NA,22.57,0.18,402,421,7.98,6.42,101.3,10,Regular,150000,156657,6657,6657,20.44755447,20.44755447,1,NA,NA,Aquatic Non-Insects,4,Family,Naididae,Naididae,NotDetermined,4,0.196,0.196,NA,NA,NA,NA,NA,NA,NA,NA,NA,NA,NA   NA   NA   NA,NA   NA   NA   NA
STTD_2016-05-19 08:50:00,5/19/2016 8:50,STTD,2016,A,FALSE,CLD,NA,NA,22.57,0.18,402,421,7.98,6.42,101.3,10,Regular,150000,156657,6657,6657,20.44755447,20.44755447,1,NA,NA,Aquatic Non-Insects,169,Suborder,Cladocera,Cladoceran,Larvae,0,0,0,NA,NA,NA,NA,NA,NA,NA,NA,NA,NA,NA   NA   NA   NA,NA   NA   NA   NA
STTD_2016-05-19 08:50:00,5/19/2016 8:50,STTD,2016,A,FALSE,CLD,NA,NA,22.57,0.18,402,421,7.98,6.42,101.3,10,Regular,150000,156657,6657,6657,20.44755447,20.44755447,1,NA,NA,Aquatic Non-Insects,169,Suborder,Cladocera,Cladoceran,Pupae,0,0,0,NA,NA,NA,NA,NA,NA,NA,NA,NA,NA,NA   NA   NA   NA,NA   NA   NA   NA
STTD_2016-05-19 08:50:00,5/19/2016 8:50,STTD,2016,A,FALSE,CLD,NA,NA,22.57,0.18,402,421,7.98,6.42,101.3,10,Regular,150000,156657,6657,6657,20.44755447,20.44755447,1,NA,NA,Aquatic Non-Insects,169,Suborder,Cladocera,Cladoceran,Nymphs,0,0,0,NA,NA,NA,NA,NA,NA,NA,NA,NA,NA,NA   NA   NA   NA,NA   NA   NA   NA
STTD_2016-05-19 08:50:00,5/19/2016 8:50,STTD,2016,A,FALSE,CLD,NA,NA,22.57,0.18,402,421,7.98,6.42,101.3,10,Regular,150000,156657,6657,6657,20.44755447,20.44755447,1,NA,NA,Aquatic Non-Insects,169,Suborder,Cladocera,Cladoceran,Emergents,0,0,0,NA,NA,NA,NA,NA,NA,NA,NA,NA,NA,NA   NA   NA   NA,NA   NA   NA   NA
STTD_2016-05-19 08:50:00,5/19/2016 8:50,STTD,2016,A,FALSE,CLD,NA,NA,22.57,0.18,402,421,7.98,6.42,101.3,10,Regular,150000,156657,6657,6657,20.44755447,20.44755447,1,NA,NA,Aquatic Non-Insects,169,Suborder,Cladocera,Cladoceran,Adults,0,0,0,NA,NA,NA,NA,NA,NA,NA,NA,NA,NA,NA   NA   NA   NA,NA   NA   NA   NA
STTD_2016-05-19 08:50:00,5/19/2016 8:50,STTD,2016,A,FALSE,CLD,NA,NA,22.57,0.18,402,421,7.98,6.42,101.3,10,Regular,150000,156657,6657,6657,20.44755447,20.44755447,1,NA,NA,Aquatic Non-Insects,169,Suborder,Cladocera,Cladoceran,NotDetermined,1,0.049,0.049,NA,NA,NA,NA,NA,NA,NA,NA,NA,NA,NA   NA   NA   NA,NA   NA   NA   NA
STTD_2016-05-19 08:50:00,5/19/2016 8:50,STTD,2016,A,FALSE,CLD,NA,NA,22.57,0.18,402,421,7.98,6.42,101.3,10,Regular,150000,156657,6657,6657,20.44755447,20.44755447,1,NA,NA,Aquatic Non-Insects,11,Family,Gammaridae,Gammaridae,Larvae,0,0,0,NA,NA,NA,NA,NA,NA,NA,NA,NA,NA,NA   NA   NA   NA,NA   NA   NA   NA
STTD_2016-05-19 08:50:00,5/19/2016 8:50,STTD,2016,A,FALSE,CLD,NA,NA,22.57,0.18,402,421,7.98,6.42,101.3,10,Regular,150000,156657,6657,6657,20.44755447,20.44755447,1,NA,NA,Aquatic Non-Insects,11,Family,Gammaridae,Gammaridae,Pupae,0,0,0,NA,NA,NA,NA,NA,NA,NA,NA,NA,NA,NA   NA   NA   NA,NA   NA   NA   NA
STTD_2016-05-19 08:50:00,5/19/2016 8:50,STTD,2016,A,FALSE,CLD,NA,NA,22.57,0.18,402,421,7.98,6.42,101.3,10,Regular,150000,156657,6657,6657,20.44755447,20.44755447,1,NA,NA,Aquatic Non-Insects,11,Family,Gammaridae,Gammaridae,Nymphs,0,0,0,NA,NA,NA,NA,NA,NA,NA,NA,NA,NA,NA   NA   NA   NA,NA   NA   NA   NA
STTD_2016-05-19 08:50:00,5/19/2016 8:50,STTD,2016,A,FALSE,CLD,NA,NA,22.57,0.18,402,421,7.98,6.42,101.3,10,Regular,150000,156657,6657,6657,20.44755447,20.44755447,1,NA,NA,Aquatic Non-Insects,11,Family,Gammaridae,Gammaridae,Emergents,0,0,0,NA,NA,NA,NA,NA,NA,NA,NA,NA,NA,NA   NA   NA   NA,NA   NA   NA   NA
STTD_2016-05-19 08:50:00,5/19/2016 8:50,STTD,2016,A,FALSE,CLD,NA,NA,22.57,0.18,402,421,7.98,6.42,101.3,10,Regular,150000,156657,6657,6657,20.44755447,20.44755447,1,NA,NA,Aquatic Non-Insects,11,Family,Gammaridae,Gammaridae,Adults,0,0,0,NA,NA,NA,NA,NA,NA,NA,NA,NA,NA,NA   NA   NA   NA,NA   NA   NA   NA
STTD_2016-05-19 08:50:00,5/19/2016 8:50,STTD,2016,A,FALSE,CLD,NA,NA,22.57,0.18,402,421,7.98,6.42,101.3,10,Regular,150000,156657,6657,6657,20.44755447,20.44755447,1,NA,NA,Aquatic Non-Insects,11,Family,Gammaridae,Gammaridae,NotDetermined,2,0.098,0.098,NA,NA,NA,NA,NA,NA,NA,NA,NA,NA,NA   NA   NA   NA,NA   NA   NA   NA
STTD_2016-05-19 08:50:00,5/19/2016 8:50,STTD,2016,A,FALSE,CLD,NA,NA,22.57,0.18,402,421,7.98,6.42,101.3,10,Regular,150000,156657,6657,6657,20.44755447,20.44755447,1,NA,NA,Aquatic Non-Insects,15,Family,Hyalellidae,Hyalellidae,Larvae,0,0,0,NA,NA,NA,NA,NA,NA,NA,NA,NA,NA,NA   NA   NA   NA,NA   NA   NA   NA
STTD_2016-05-19 08:50:00,5/19/2016 8:50,STTD,2016,A,FALSE,CLD,NA,NA,22.57,0.18,402,421,7.98,6.42,101.3,10,Regular,150000,156657,6657,6657,20.44755447,20.44755447,1,NA,NA,Aquatic Non-Insects,15,Family,Hyalellidae,Hyalellidae,Pupae,0,0,0,NA,NA,NA,NA,NA,NA,NA,NA,NA,NA,NA   NA   NA   NA,NA   NA   NA   NA
STTD_2016-05-19 08:50:00,5/19/2016 8:50,STTD,2016,A,FALSE,CLD,NA,NA,22.57,0.18,402,421,7.98,6.42,101.3,10,Regular,150000,156657,6657,6657,20.44755447,20.44755447,1,NA,NA,Aquatic Non-Insects,15,Family,Hyalellidae,Hyalellidae,Nymphs,0,0,0,NA,NA,NA,NA,NA,NA,NA,NA,NA,NA,NA   NA   NA   NA,NA   NA   NA   NA
STTD_2016-05-19 08:50:00,5/19/2016 8:50,STTD,2016,A,FALSE,CLD,NA,NA,22.57,0.18,402,421,7.98,6.42,101.3,10,Regular,150000,156657,6657,6657,20.44755447,20.44755447,1,NA,NA,Aquatic Non-Insects,15,Family,Hyalellidae,Hyalellidae,Emergents,0,0,0,NA,NA,NA,NA,NA,NA,NA,NA,NA,NA,NA   NA   NA   NA,NA   NA   NA   NA
STTD_2016-05-19 08:50:00,5/19/2016 8:50,STTD,2016,A,FALSE,CLD,NA,NA,22.57,0.18,402,421,7.98,6.42,101.3,10,Regular,150000,156657,6657,6657,20.44755447,20.44755447,1,NA,NA,Aquatic Non-Insects,15,Family,Hyalellidae,Hyalellidae,Adults,0,0,0,NA,NA,NA,NA,NA,NA,NA,NA,NA,NA,NA   NA   NA   NA,NA   NA   NA   NA
STTD_2016-05-19 08:50:00,5/19/2016 8:50,STTD,2016,A,FALSE,CLD,NA,NA,22.57,0.18,402,421,7.98,6.42,101.3,10,Regular,150000,156657,6657,6657,20.44755447,20.44755447,1,NA,NA,Aquatic Non-Insects,15,Family,Hyalellidae,Hyalellidae,NotDetermined,7,0.342,0.342,NA,NA,NA,NA,NA,NA,NA,NA,NA,NA,NA   NA   NA   NA,NA   NA   NA   NA
STTD_2016-05-19 08:50:00,5/19/2016 8:50,STTD,2016,A,FALSE,CLD,NA,NA,22.57,0.18,402,421,7.98,6.42,101.3,10,Regular,150000,156657,6657,6657,20.44755447,20.44755447,1,NA,NA,Aquatic Non-Insects,13,Family,Mysidae,Mysidae,Larvae,0,0,0,NA,NA,NA,NA,NA,NA,NA,NA,NA,NA,NA   NA   NA   NA,NA   NA   NA   NA
STTD_2016-05-19 08:50:00,5/19/2016 8:50,STTD,2016,A,FALSE,CLD,NA,NA,22.57,0.18,402,421,7.98,6.42,101.3,10,Regular,150000,156657,6657,6657,20.44755447,20.44755447,1,NA,NA,Aquatic Non-Insects,13,Family,Mysidae,Mysidae,Pupae,0,0,0,NA,NA,NA,NA,NA,NA,NA,NA,NA,NA,NA   NA   NA   NA,NA   NA   NA   NA
STTD_2016-05-19 08:50:00,5/19/2016 8:50,STTD,2016,A,FALSE,CLD,NA,NA,22.57,0.18,402,421,7.98,6.42,101.3,10,Regular,150000,156657,6657,6657,20.44755447,20.44755447,1,NA,NA,Aquatic Non-Insects,13,Family,Mysidae,Mysidae,Nymphs,0,0,0,NA,NA,NA,NA,NA,NA,NA,NA,NA,NA,NA   NA   NA   NA,NA   NA   NA   NA
STTD_2016-05-19 08:50:00,5/19/2016 8:50,STTD,2016,A,FALSE,CLD,NA,NA,22.57,0.18,402,421,7.98,6.42,101.3,10,Regular,150000,156657,6657,6657,20.44755447,20.44755447,1,NA,NA,Aquatic Non-Insects,13,Family,Mysidae,Mysidae,Emergents,0,0,0,NA,NA,NA,NA,NA,NA,NA,NA,NA,NA,NA   NA   NA   NA,NA   NA   NA   NA
STTD_2016-05-19 08:50:00,5/19/2016 8:50,STTD,2016,A,FALSE,CLD,NA,NA,22.57,0.18,402,421,7.98,6.42,101.3,10,Regular,150000,156657,6657,6657,20.44755447,20.44755447,1,NA,NA,Aquatic Non-Insects,13,Family,Mysidae,Mysidae,Adults,0,0,0,NA,NA,NA,NA,NA,NA,NA,NA,NA,NA,NA   NA   NA   NA,NA   NA   NA   NA
STTD_2016-05-19 08:50:00,5/19/2016 8:50,STTD,2016,A,FALSE,CLD,NA,NA,22.57,0.18,402,421,7.98,6.42,101.3,10,Regular,150000,156657,6657,6657,20.44755447,20.44755447,1,NA,NA,Aquatic Non-Insects,13,Family,Mysidae,Mysidae,NotDetermined,1,0.049,0.049,NA,NA,NA,NA,NA,NA,NA,NA,NA,NA,NA   NA   NA   NA,NA   NA   NA   NA
STTD_2016-05-19 08:50:00,5/19/2016 8:50,STTD,2016,A,FALSE,CLD,NA,NA,22.57,0.18,402,421,7.98,6.42,101.3,10,Regular,150000,156657,6657,6657,20.44755447,20.44755447,1,NA,NA,Aquatic Non-Insects,123,Family,Pionidae,Pionidae,Larvae,0,0,0,NA,NA,NA,NA,NA,NA,NA,NA,NA,NA,NA   NA   NA   NA,NA   NA   NA   NA
STTD_2016-05-19 08:50:00,5/19/2016 8:50,STTD,2016,A,FALSE,CLD,NA,NA,22.57,0.18,402,421,7.98,6.42,101.3,10,Regular,150000,156657,6657,6657,20.44755447,20.44755447,1,NA,NA,Aquatic Non-Insects,123,Family,Pionidae,Pionidae,Pupae,0,0,0,NA,NA,NA,NA,NA,NA,NA,NA,NA,NA,NA   NA   NA   NA,NA   NA   NA   NA
STTD_2016-05-19 08:50:00,5/19/2016 8:50,STTD,2016,A,FALSE,CLD,NA,NA,22.57,0.18,402,421,7.98,6.42,101.3,10,Regular,150000,156657,6657,6657,20.44755447,20.44755447,1,NA,NA,Aquatic Non-Insects,123,Family,Pionidae,Pionidae,Nymphs,0,0,0,NA,NA,NA,NA,NA,NA,NA,NA,NA,NA,NA   NA   NA   NA,NA   NA   NA   NA
STTD_2016-05-19 08:50:00,5/19/2016 8:50,STTD,2016,A,FALSE,CLD,NA,NA,22.57,0.18,402,421,7.98,6.42,101.3,10,Regular,150000,156657,6657,6657,20.44755447,20.44755447,1,NA,NA,Aquatic Non-Insects,123,Family,Pionidae,Pionidae,Emergents,0,0,0,NA,NA,NA,NA,NA,NA,NA,NA,NA,NA,NA   NA   NA   NA,NA   NA   NA   NA
STTD_2016-05-19 08:50:00,5/19/2016 8:50,STTD,2016,A,FALSE,CLD,NA,NA,22.57,0.18,402,421,7.98,6.42,101.3,10,Regular,150000,156657,6657,6657,20.44755447,20.44755447,1,NA,NA,Aquatic Non-Insects,123,Family,Pionidae,Pionidae,Adults,0,0,0,NA,NA,NA,NA,NA,NA,NA,NA,NA,NA,NA   NA   NA   NA,NA   NA   NA   NA
STTD_2016-05-19 08:50:00,5/19/2016 8:50,STTD,2016,A,FALSE,CLD,NA,NA,22.57,0.18,402,421,7.98,6.42,101.3,10,Regular,150000,156657,6657,6657,20.44755447,20.44755447,1,NA,NA,Aquatic Non-Insects,123,Family,Pionidae,Pionidae,NotDetermined,10,0.489,0.489,NA,NA,NA,NA,NA,NA,NA,NA,NA,NA,NA   NA   NA   NA,NA   NA   NA   NA
STTD_2016-05-19 08:50:00,5/19/2016 8:50,STTD,2016,A,FALSE,CLD,NA,NA,22.57,0.18,402,421,7.98,6.42,101.3,10,Regular,150000,156657,6657,6657,20.44755447,20.44755447,1,NA,NA,Terrestrial Insects,71,Order,Hemiptera,Hemiptera,Larvae,1,0.049,0.049,NA,NA,NA,NA,NA,NA,NA,NA,NA,NA,NA   NA   NA   NA,NA   NA   NA   NA
STTD_2016-05-19 08:50:00,5/19/2016 8:50,STTD,2016,A,FALSE,CLD,NA,NA,22.57,0.18,402,421,7.98,6.42,101.3,10,Regular,150000,156657,6657,6657,20.44755447,20.44755447,1,NA,NA,Terrestrial Insects,71,Order,Hemiptera,Hemiptera,Pupae,0,0,0,NA,NA,NA,NA,NA,NA,NA,NA,NA,NA,NA   NA   NA   NA,NA   NA   NA   NA
STTD_2016-05-19 08:50:00,5/19/2016 8:50,STTD,2016,A,FALSE,CLD,NA,NA,22.57,0.18,402,421,7.98,6.42,101.3,10,Regular,150000,156657,6657,6657,20.44755447,20.44755447,1,NA,NA,Terrestrial Insects,71,Order,Hemiptera,Hemiptera,Nymphs,0,0,0,NA,NA,NA,NA,NA,NA,NA,NA,NA,NA,NA   NA   NA   NA,NA   NA   NA   NA
STTD_2016-05-19 08:50:00,5/19/2016 8:50,STTD,2016,A,FALSE,CLD,NA,NA,22.57,0.18,402,421,7.98,6.42,101.3,10,Regular,150000,156657,6657,6657,20.44755447,20.44755447,1,NA,NA,Terrestrial Insects,71,Order,Hemiptera,Hemiptera,Emergents,0,0,0,NA,NA,NA,NA,NA,NA,NA,NA,NA,NA,NA   NA   NA   NA,NA   NA   NA   NA
STTD_2016-05-19 08:50:00,5/19/2016 8:50,STTD,2016,A,FALSE,CLD,NA,NA,22.57,0.18,402,421,7.98,6.42,101.3,10,Regular,150000,156657,6657,6657,20.44755447,20.44755447,1,NA,NA,Terrestrial Insects,71,Order,Hemiptera,Hemiptera,Adults,6,0.293,0.293,NA,NA,NA,NA,NA,NA,NA,NA,NA,NA,NA   NA   NA   NA,NA   NA   NA   NA
STTD_2016-05-19 08:50:00,5/19/2016 8:50,STTD,2016,A,FALSE,CLD,NA,NA,22.57,0.18,402,421,7.98,6.42,101.3,10,Regular,150000,156657,6657,6657,20.44755447,20.44755447,1,NA,NA,Terrestrial Insects,71,Order,Hemiptera,Hemiptera,NotDetermined,0,0,0,NA,NA,NA,NA,NA,NA,NA,NA,NA,NA,NA   NA   NA   NA,NA   NA   NA   NA
STTD_2016-05-19 08:50:00,5/19/2016 8:50,STTD,2016,A,FALSE,CLD,NA,NA,22.57,0.18,402,421,7.98,6.42,101.3,10,Regular,150000,156657,6657,6657,20.44755447,20.44755447,1,NA,NA,Terrestrial Insects,63,Order,Coleoptera,Coleoptera,Larvae,0,0,0,NA,NA,NA,NA,NA,NA,NA,NA,NA,NA,NA   NA   NA   NA,NA   NA   NA   NA
STTD_2016-05-19 08:50:00,5/19/2016 8:50,STTD,2016,A,FALSE,CLD,NA,NA,22.57,0.18,402,421,7.98,6.42,101.3,10,Regular,150000,156657,6657,6657,20.44755447,20.44755447,1,NA,NA,Terrestrial Insects,63,Order,Coleoptera,Coleoptera,Pupae,0,0,0,NA,NA,NA,NA,NA,NA,NA,NA,NA,NA,NA   NA   NA   NA,NA   NA   NA   NA
STTD_2016-05-19 08:50:00,5/19/2016 8:50,STTD,2016,A,FALSE,CLD,NA,NA,22.57,0.18,402,421,7.98,6.42,101.3,10,Regular,150000,156657,6657,6657,20.44755447,20.44755447,1,NA,NA,Terrestrial Insects,63,Order,Coleoptera,Coleoptera,Nymphs,0,0,0,NA,NA,NA,NA,NA,NA,NA,NA,NA,NA,NA   NA   NA   NA,NA   NA   NA   NA
STTD_2016-05-19 08:50:00,5/19/2016 8:50,STTD,2016,A,FALSE,CLD,NA,NA,22.57,0.18,402,421,7.98,6.42,101.3,10,Regular,150000,156657,6657,6657,20.44755447,20.44755447,1,NA,NA,Terrestrial Insects,63,Order,Coleoptera,Coleoptera,Emergents,0,0,0,NA,NA,NA,NA,NA,NA,NA,NA,NA,NA,NA   NA   NA   NA,NA   NA   NA   NA
STTD_2016-05-19 08:50:00,5/19/2016 8:50,STTD,2016,A,FALSE,CLD,NA,NA,22.57,0.18,402,421,7.98,6.42,101.3,10,Regular,150000,156657,6657,6657,20.44755447,20.44755447,1,NA,NA,Terrestrial Insects,63,Order,Coleoptera,Coleoptera,Adults,5,0.245,0.245,NA,NA,NA,NA,NA,NA,NA,NA,NA,NA,NA   NA   NA   NA,NA   NA   NA   NA
STTD_2016-05-19 08:50:00,5/19/2016 8:50,STTD,2016,A,FALSE,CLD,NA,NA,22.57,0.18,402,421,7.98,6.42,101.3,10,Regular,150000,156657,6657,6657,20.44755447,20.44755447,1,NA,NA,Terrestrial Insects,63,Order,Coleoptera,Coleoptera,NotDetermined,0,0,0,NA,NA,NA,NA,NA,NA,NA,NA,NA,NA,NA   NA   NA   NA,NA   NA   NA   NA
STTD_2016-05-19 08:50:00,5/19/2016 8:50,STTD,2016,A,FALSE,CLD,NA,NA,22.57,0.18,402,421,7.98,6.42,101.3,10,Regular,150000,156657,6657,6657,20.44755447,20.44755447,1,NA,NA,Terrestrial Insects,64,Order,Diptera,Diptera,Larvae,0,0,0,NA,NA,NA,NA,NA,NA,NA,NA,NA,NA,NA   NA   NA   NA,NA   NA   NA   NA
STTD_2016-05-19 08:50:00,5/19/2016 8:50,STTD,2016,A,FALSE,CLD,NA,NA,22.57,0.18,402,421,7.98,6.42,101.3,10,Regular,150000,156657,6657,6657,20.44755447,20.44755447,1,NA,NA,Terrestrial Insects,64,Order,Diptera,Diptera,Pupae,0,0,0,NA,NA,NA,NA,NA,NA,NA,NA,NA,NA,NA   NA   NA   NA,NA   NA   NA   NA
STTD_2016-05-19 08:50:00,5/19/2016 8:50,STTD,2016,A,FALSE,CLD,NA,NA,22.57,0.18,402,421,7.98,6.42,101.3,10,Regular,150000,156657,6657,6657,20.44755447,20.44755447,1,NA,NA,Terrestrial Insects,64,Order,Diptera,Diptera,Nymphs,0,0,0,NA,NA,NA,NA,NA,NA,NA,NA,NA,NA,NA   NA   NA   NA,NA   NA   NA   NA
STTD_2016-05-19 08:50:00,5/19/2016 8:50,STTD,2016,A,FALSE,CLD,NA,NA,22.57,0.18,402,421,7.98,6.42,101.3,10,Regular,150000,156657,6657,6657,20.44755447,20.44755447,1,NA,NA,Terrestrial Insects,64,Order,Diptera,Diptera,Emergents,0,0,0,NA,NA,NA,NA,NA,NA,NA,NA,NA,NA,NA   NA   NA   NA,NA   NA   NA   NA
STTD_2016-05-19 08:50:00,5/19/2016 8:50,STTD,2016,A,FALSE,CLD,NA,NA,22.57,0.18,402,421,7.98,6.42,101.3,10,Regular,150000,156657,6657,6657,20.44755447,20.44755447,1,NA,NA,Terrestrial Insects,64,Order,Diptera,Diptera,Adults,20,0.978,0.978,NA,NA,NA,NA,NA,NA,NA,NA,NA,NA,NA   NA   NA   NA,NA   NA   NA   NA
STTD_2016-05-19 08:50:00,5/19/2016 8:50,STTD,2016,A,FALSE,CLD,NA,NA,22.57,0.18,402,421,7.98,6.42,101.3,10,Regular,150000,156657,6657,6657,20.44755447,20.44755447,1,NA,NA,Terrestrial Insects,64,Order,Diptera,Diptera,NotDetermined,0,0,0,NA,NA,NA,NA,NA,NA,NA,NA,NA,NA,NA   NA   NA   NA,NA   NA   NA   NA
STTD_2016-05-19 08:50:00,5/19/2016 8:50,STTD,2016,A,FALSE,CLD,NA,NA,22.57,0.18,402,421,7.98,6.42,101.3,10,Regular,150000,156657,6657,6657,20.44755447,20.44755447,1,NA,NA,Terrestrial Non-Insects,68,Order,Collembola,Collembola,Larvae,0,0,0,NA,NA,NA,NA,NA,NA,NA,NA,NA,NA,NA   NA   NA   NA,NA   NA   NA   NA
STTD_2016-05-19 08:50:00,5/19/2016 8:50,STTD,2016,A,FALSE,CLD,NA,NA,22.57,0.18,402,421,7.98,6.42,101.3,10,Regular,150000,156657,6657,6657,20.44755447,20.44755447,1,NA,NA,Terrestrial Non-Insects,68,Order,Collembola,Collembola,Pupae,0,0,0,NA,NA,NA,NA,NA,NA,NA,NA,NA,NA,NA   NA   NA   NA,NA   NA   NA   NA
STTD_2016-05-19 08:50:00,5/19/2016 8:50,STTD,2016,A,FALSE,CLD,NA,NA,22.57,0.18,402,421,7.98,6.42,101.3,10,Regular,150000,156657,6657,6657,20.44755447,20.44755447,1,NA,NA,Terrestrial Non-Insects,68,Order,Collembola,Collembola,Nymphs,0,0,0,NA,NA,NA,NA,NA,NA,NA,NA,NA,NA,NA   NA   NA   NA,NA   NA   NA   NA
STTD_2016-05-19 08:50:00,5/19/2016 8:50,STTD,2016,A,FALSE,CLD,NA,NA,22.57,0.18,402,421,7.98,6.42,101.3,10,Regular,150000,156657,6657,6657,20.44755447,20.44755447,1,NA,NA,Terrestrial Non-Insects,68,Order,Collembola,Collembola,Emergents,0,0,0,NA,NA,NA,NA,NA,NA,NA,NA,NA,NA,NA   NA   NA   NA,NA   NA   NA   NA
STTD_2016-05-19 08:50:00,5/19/2016 8:50,STTD,2016,A,FALSE,CLD,NA,NA,22.57,0.18,402,421,7.98,6.42,101.3,10,Regular,150000,156657,6657,6657,20.44755447,20.44755447,1,NA,NA,Terrestrial Non-Insects,68,Order,Collembola,Collembola,Adults,0,0,0,NA,NA,NA,NA,NA,NA,NA,NA,NA,NA,NA   NA   NA   NA,NA   NA   NA   NA
STTD_2016-05-19 08:50:00,5/19/2016 8:50,STTD,2016,A,FALSE,CLD,NA,NA,22.57,0.18,402,421,7.98,6.42,101.3,10,Regular,150000,156657,6657,6657,20.44755447,20.44755447,1,NA,NA,Terrestrial Non-Insects,68,Order,Collembola,Collembola,NotDetermined,1,0.049,0.049,NA,NA,NA,NA,NA,NA,NA,NA,NA,NA,NA   NA   NA   NA,NA   NA   NA   NA
STTD_2016-05-19 08:50:00,5/19/2016 8:50,STTD,2016,A,FALSE,CLD,NA,NA,22.57,0.18,402,421,7.98,6.42,101.3,10,Regular,150000,156657,6657,6657,20.44755447,20.44755447,1,NA,NA,Terrestrial Insects,66,Order,Hymenoptera,Hymenoptera,Larvae,0,0,0,NA,NA,NA,NA,NA,NA,NA,NA,NA,NA,NA   NA   NA   NA,NA   NA   NA   NA
STTD_2016-05-19 08:50:00,5/19/2016 8:50,STTD,2016,A,FALSE,CLD,NA,NA,22.57,0.18,402,421,7.98,6.42,101.3,10,Regular,150000,156657,6657,6657,20.44755447,20.44755447,1,NA,NA,Terrestrial Insects,66,Order,Hymenoptera,Hymenoptera,Pupae,0,0,0,NA,NA,NA,NA,NA,NA,NA,NA,NA,NA,NA   NA   NA   NA,NA   NA   NA   NA
STTD_2016-05-19 08:50:00,5/19/2016 8:50,STTD,2016,A,FALSE,CLD,NA,NA,22.57,0.18,402,421,7.98,6.42,101.3,10,Regular,150000,156657,6657,6657,20.44755447,20.44755447,1,NA,NA,Terrestrial Insects,66,Order,Hymenoptera,Hymenoptera,Nymphs,0,0,0,NA,NA,NA,NA,NA,NA,NA,NA,NA,NA,NA   NA   NA   NA,NA   NA   NA   NA
STTD_2016-05-19 08:50:00,5/19/2016 8:50,STTD,2016,A,FALSE,CLD,NA,NA,22.57,0.18,402,421,7.98,6.42,101.3,10,Regular,150000,156657,6657,6657,20.44755447,20.44755447,1,NA,NA,Terrestrial Insects,66,Order,Hymenoptera,Hymenoptera,Emergents,0,0,0,NA,NA,NA,NA,NA,NA,NA,NA,NA,NA,NA   NA   NA   NA,NA   NA   NA   NA
STTD_2016-05-19 08:50:00,5/19/2016 8:50,STTD,2016,A,FALSE,CLD,NA,NA,22.57,0.18,402,421,7.98,6.42,101.3,10,Regular,150000,156657,6657,6657,20.44755447,20.44755447,1,NA,NA,Terrestrial Insects,66,Order,Hymenoptera,Hymenoptera,Adults,4,0.196,0.196,NA,NA,NA,NA,NA,NA,NA,NA,NA,NA,NA   NA   NA   NA,NA   NA   NA   NA
STTD_2016-05-19 08:50:00,5/19/2016 8:50,STTD,2016,A,FALSE,CLD,NA,NA,22.57,0.18,402,421,7.98,6.42,101.3,10,Regular,150000,156657,6657,6657,20.44755447,20.44755447,1,NA,NA,Terrestrial Insects,66,Order,Hymenoptera,Hymenoptera,NotDetermined,0,0,0,NA,NA,NA,NA,NA,NA,NA,NA,NA,NA,NA   NA   NA   NA,NA   NA   NA   NA
STTD_2016-05-19 08:50:00,5/19/2016 8:50,STTD,2016,A,FALSE,CLD,NA,NA,22.57,0.18,402,421,7.98,6.42,101.3,10,Regular,150000,156657,6657,6657,20.44755447,20.44755447,1,NA,NA,Terrestrial Insects,67,Order,Psocoptera,Psocoptera,Larvae,1,0.049,0.049,NA,NA,NA,NA,NA,NA,NA,NA,NA,NA,NA   NA   NA   NA,NA   NA   NA   NA
STTD_2016-05-19 08:50:00,5/19/2016 8:50,STTD,2016,A,FALSE,CLD,NA,NA,22.57,0.18,402,421,7.98,6.42,101.3,10,Regular,150000,156657,6657,6657,20.44755447,20.44755447,1,NA,NA,Terrestrial Insects,67,Order,Psocoptera,Psocoptera,Pupae,0,0,0,NA,NA,NA,NA,NA,NA,NA,NA,NA,NA,NA   NA   NA   NA,NA   NA   NA   NA
STTD_2016-05-19 08:50:00,5/19/2016 8:50,STTD,2016,A,FALSE,CLD,NA,NA,22.57,0.18,402,421,7.98,6.42,101.3,10,Regular,150000,156657,6657,6657,20.44755447,20.44755447,1,NA,NA,Terrestrial Insects,67,Order,Psocoptera,Psocoptera,Nymphs,0,0,0,NA,NA,NA,NA,NA,NA,NA,NA,NA,NA,NA   NA   NA   NA,NA   NA   NA   NA
STTD_2016-05-19 08:50:00,5/19/2016 8:50,STTD,2016,A,FALSE,CLD,NA,NA,22.57,0.18,402,421,7.98,6.42,101.3,10,Regular,150000,156657,6657,6657,20.44755447,20.44755447,1,NA,NA,Terrestrial Insects,67,Order,Psocoptera,Psocoptera,Emergents,0,0,0,NA,NA,NA,NA,NA,NA,NA,NA,NA,NA,NA   NA   NA   NA,NA   NA   NA   NA
STTD_2016-05-19 08:50:00,5/19/2016 8:50,STTD,2016,A,FALSE,CLD,NA,NA,22.57,0.18,402,421,7.98,6.42,101.3,10,Regular,150000,156657,6657,6657,20.44755447,20.44755447,1,NA,NA,Terrestrial Insects,67,Order,Psocoptera,Psocoptera,Adults,0,0,0,NA,NA,NA,NA,NA,NA,NA,NA,NA,NA,NA   NA   NA   NA,NA   NA   NA   NA
STTD_2016-05-19 08:50:00,5/19/2016 8:50,STTD,2016,A,FALSE,CLD,NA,NA,22.57,0.18,402,421,7.98,6.42,101.3,10,Regular,150000,156657,6657,6657,20.44755447,20.44755447,1,NA,NA,Terrestrial Insects,67,Order,Psocoptera,Psocoptera,NotDetermined,0,0,0,NA,NA,NA,NA,NA,NA,NA,NA,NA,NA,NA   NA   NA   NA,NA   NA   NA   NA
STTD_2016-05-19 08:50:00,5/19/2016 8:50,STTD,2016,A,FALSE,CLD,NA,NA,22.57,0.18,402,421,7.98,6.42,101.3,10,Regular,150000,156657,6657,6657,20.44755447,20.44755447,1,NA,NA,Terrestrial Non-Insects,157,Order,Araneae,Araneae,Larvae,0,0,0,NA,NA,NA,NA,NA,NA,NA,NA,NA,NA,NA   NA   NA   NA,NA   NA   NA   NA
STTD_2016-05-19 08:50:00,5/19/2016 8:50,STTD,2016,A,FALSE,CLD,NA,NA,22.57,0.18,402,421,7.98,6.42,101.3,10,Regular,150000,156657,6657,6657,20.44755447,20.44755447,1,NA,NA,Terrestrial Non-Insects,157,Order,Araneae,Araneae,Pupae,0,0,0,NA,NA,NA,NA,NA,NA,NA,NA,NA,NA,NA   NA   NA   NA,NA   NA   NA   NA
STTD_2016-05-19 08:50:00,5/19/2016 8:50,STTD,2016,A,FALSE,CLD,NA,NA,22.57,0.18,402,421,7.98,6.42,101.3,10,Regular,150000,156657,6657,6657,20.44755447,20.44755447,1,NA,NA,Terrestrial Non-Insects,157,Order,Araneae,Araneae,Nymphs,0,0,0,NA,NA,NA,NA,NA,NA,NA,NA,NA,NA,NA   NA   NA   NA,NA   NA   NA   NA
STTD_2016-05-19 08:50:00,5/19/2016 8:50,STTD,2016,A,FALSE,CLD,NA,NA,22.57,0.18,402,421,7.98,6.42,101.3,10,Regular,150000,156657,6657,6657,20.44755447,20.44755447,1,NA,NA,Terrestrial Non-Insects,157,Order,Araneae,Araneae,Emergents,0,0,0,NA,NA,NA,NA,NA,NA,NA,NA,NA,NA,NA   NA   NA   NA,NA   NA   NA   NA
STTD_2016-05-19 08:50:00,5/19/2016 8:50,STTD,2016,A,FALSE,CLD,NA,NA,22.57,0.18,402,421,7.98,6.42,101.3,10,Regular,150000,156657,6657,6657,20.44755447,20.44755447,1,NA,NA,Terrestrial Non-Insects,157,Order,Araneae,Araneae,Adults,0,0,0,NA,NA,NA,NA,NA,NA,NA,NA,NA,NA,NA   NA   NA   NA,NA   NA   NA   NA
STTD_2016-05-19 08:50:00,5/19/2016 8:50,STTD,2016,A,FALSE,CLD,NA,NA,22.57,0.18,402,421,7.98,6.42,101.3,10,Regular,150000,156657,6657,6657,20.44755447,20.44755447,1,NA,NA,Terrestrial Non-Insects,157,Order,Araneae,Araneae,NotDetermined,3,0.147,0.147,NA,NA,NA,NA,NA,NA,NA,NA,NA,NA,NA   NA   NA   NA,NA   NA   NA   NA
SHR_2016-05-20 09:10:00,5/20/2016 9:10,SHR,2016,A,FALSE,CLR,NA,NA,18.32,1.35,80,92,7.68,9.51,3.37,10,Regular,163000,172171,9171,9171,28.16952412,28.16952412,1,"ebb tide, jet motor used",NA,Aquatic Insects,44,Family,Corixidae,Corixidae,Larvae,1,0.035,0.035,NA,NA,NA,NA,NA,NA,NA,NA,NA,NA,NA   NA   NA   NA,NA   NA   NA   NA
SHR_2016-05-20 09:10:00,5/20/2016 9:10,SHR,2016,A,FALSE,CLR,NA,NA,18.32,1.35,80,92,7.68,9.51,3.37,10,Regular,163000,172171,9171,9171,28.16952412,28.16952412,1,"ebb tide, jet motor used",NA,Aquatic Insects,44,Family,Corixidae,Corixidae,Pupae,0,0,0,NA,NA,NA,NA,NA,NA,NA,NA,NA,NA,NA   NA   NA   NA,NA   NA   NA   NA
SHR_2016-05-20 09:10:00,5/20/2016 9:10,SHR,2016,A,FALSE,CLR,NA,NA,18.32,1.35,80,92,7.68,9.51,3.37,10,Regular,163000,172171,9171,9171,28.16952412,28.16952412,1,"ebb tide, jet motor used",NA,Aquatic Insects,44,Family,Corixidae,Corixidae,Nymphs,0,0,0,NA,NA,NA,NA,NA,NA,NA,NA,NA,NA,NA   NA   NA   NA,NA   NA   NA   NA
SHR_2016-05-20 09:10:00,5/20/2016 9:10,SHR,2016,A,FALSE,CLR,NA,NA,18.32,1.35,80,92,7.68,9.51,3.37,10,Regular,163000,172171,9171,9171,28.16952412,28.16952412,1,"ebb tide, jet motor used",NA,Aquatic Insects,44,Family,Corixidae,Corixidae,Emergents,0,0,0,NA,NA,NA,NA,NA,NA,NA,NA,NA,NA,NA   NA   NA   NA,NA   NA   NA   NA
SHR_2016-05-20 09:10:00,5/20/2016 9:10,SHR,2016,A,FALSE,CLR,NA,NA,18.32,1.35,80,92,7.68,9.51,3.37,10,Regular,163000,172171,9171,9171,28.16952412,28.16952412,1,"ebb tide, jet motor used",NA,Aquatic Insects,44,Family,Corixidae,Corixidae,Adults,0,0,0,NA,NA,NA,NA,NA,NA,NA,NA,NA,NA,NA   NA   NA   NA,NA   NA   NA   NA
SHR_2016-05-20 09:10:00,5/20/2016 9:10,SHR,2016,A,FALSE,CLR,NA,NA,18.32,1.35,80,92,7.68,9.51,3.37,10,Regular,163000,172171,9171,9171,28.16952412,28.16952412,1,"ebb tide, jet motor used",NA,Aquatic Insects,44,Family,Corixidae,Corixidae,NotDetermined,0,0,0,NA,NA,NA,NA,NA,NA,NA,NA,NA,NA,NA   NA   NA   NA,NA   NA   NA   NA
SHR_2016-05-20 09:10:00,5/20/2016 9:10,SHR,2016,A,FALSE,CLR,NA,NA,18.32,1.35,80,92,7.68,9.51,3.37,10,Regular,163000,172171,9171,9171,28.16952412,28.16952412,1,"ebb tide, jet motor used",NA,Aquatic Insects,34,Family,Chironomidae,Chironomidae,Larvae,0,0,0,NA,NA,NA,NA,NA,NA,NA,NA,NA,NA,NA   NA   NA   NA,NA   NA   NA   NA
SHR_2016-05-20 09:10:00,5/20/2016 9:10,SHR,2016,A,FALSE,CLR,NA,NA,18.32,1.35,80,92,7.68,9.51,3.37,10,Regular,163000,172171,9171,9171,28.16952412,28.16952412,1,"ebb tide, jet motor used",NA,Aquatic Insects,34,Family,Chironomidae,Chironomidae,Pupae,1,0.035,0.035,NA,NA,NA,NA,NA,NA,NA,NA,NA,NA,NA   NA   NA   NA,NA   NA   NA   NA
SHR_2016-05-20 09:10:00,5/20/2016 9:10,SHR,2016,A,FALSE,CLR,NA,NA,18.32,1.35,80,92,7.68,9.51,3.37,10,Regular,163000,172171,9171,9171,28.16952412,28.16952412,1,"ebb tide, jet motor used",NA,Aquatic Insects,34,Family,Chironomidae,Chironomidae,Nymphs,0,0,0,NA,NA,NA,NA,NA,NA,NA,NA,NA,NA,NA   NA   NA   NA,NA   NA   NA   NA
SHR_2016-05-20 09:10:00,5/20/2016 9:10,SHR,2016,A,FALSE,CLR,NA,NA,18.32,1.35,80,92,7.68,9.51,3.37,10,Regular,163000,172171,9171,9171,28.16952412,28.16952412,1,"ebb tide, jet motor used",NA,Aquatic Insects,34,Family,Chironomidae,Chironomidae,Emergents,0,0,0,NA,NA,NA,NA,NA,NA,NA,NA,NA,NA,NA   NA   NA   NA,NA   NA   NA   NA
SHR_2016-05-20 09:10:00,5/20/2016 9:10,SHR,2016,A,FALSE,CLR,NA,NA,18.32,1.35,80,92,7.68,9.51,3.37,10,Regular,163000,172171,9171,9171,28.16952412,28.16952412,1,"ebb tide, jet motor used",NA,Aquatic Insects,34,Family,Chironomidae,Chironomidae,Adults,0,0,0,NA,NA,NA,NA,NA,NA,NA,NA,NA,NA,NA   NA   NA   NA,NA   NA   NA   NA
SHR_2016-05-20 09:10:00,5/20/2016 9:10,SHR,2016,A,FALSE,CLR,NA,NA,18.32,1.35,80,92,7.68,9.51,3.37,10,Regular,163000,172171,9171,9171,28.16952412,28.16952412,1,"ebb tide, jet motor used",NA,Aquatic Insects,34,Family,Chironomidae,Chironomidae,NotDetermined,0,0,0,NA,NA,NA,NA,NA,NA,NA,NA,NA,NA,NA   NA   NA   NA,NA   NA   NA   NA
SHR_2016-05-20 09:10:00,5/20/2016 9:10,SHR,2016,A,FALSE,CLR,NA,NA,18.32,1.35,80,92,7.68,9.51,3.37,10,Regular,163000,172171,9171,9171,28.16952412,28.16952412,1,"ebb tide, jet motor used",NA,Aquatic Non-Insects,77,Family,Hygrobatidae,Hygrobatidae,Larvae,0,0,0,NA,NA,NA,NA,NA,NA,NA,NA,NA,NA,NA   NA   NA   NA,NA   NA   NA   NA
SHR_2016-05-20 09:10:00,5/20/2016 9:10,SHR,2016,A,FALSE,CLR,NA,NA,18.32,1.35,80,92,7.68,9.51,3.37,10,Regular,163000,172171,9171,9171,28.16952412,28.16952412,1,"ebb tide, jet motor used",NA,Aquatic Non-Insects,77,Family,Hygrobatidae,Hygrobatidae,Pupae,0,0,0,NA,NA,NA,NA,NA,NA,NA,NA,NA,NA,NA   NA   NA   NA,NA   NA   NA   NA
SHR_2016-05-20 09:10:00,5/20/2016 9:10,SHR,2016,A,FALSE,CLR,NA,NA,18.32,1.35,80,92,7.68,9.51,3.37,10,Regular,163000,172171,9171,9171,28.16952412,28.16952412,1,"ebb tide, jet motor used",NA,Aquatic Non-Insects,77,Family,Hygrobatidae,Hygrobatidae,Nymphs,0,0,0,NA,NA,NA,NA,NA,NA,NA,NA,NA,NA,NA   NA   NA   NA,NA   NA   NA   NA
SHR_2016-05-20 09:10:00,5/20/2016 9:10,SHR,2016,A,FALSE,CLR,NA,NA,18.32,1.35,80,92,7.68,9.51,3.37,10,Regular,163000,172171,9171,9171,28.16952412,28.16952412,1,"ebb tide, jet motor used",NA,Aquatic Non-Insects,77,Family,Hygrobatidae,Hygrobatidae,Emergents,0,0,0,NA,NA,NA,NA,NA,NA,NA,NA,NA,NA,NA   NA   NA   NA,NA   NA   NA   NA
SHR_2016-05-20 09:10:00,5/20/2016 9:10,SHR,2016,A,FALSE,CLR,NA,NA,18.32,1.35,80,92,7.68,9.51,3.37,10,Regular,163000,172171,9171,9171,28.16952412,28.16952412,1,"ebb tide, jet motor used",NA,Aquatic Non-Insects,77,Family,Hygrobatidae,Hygrobatidae,Adults,0,0,0,NA,NA,NA,NA,NA,NA,NA,NA,NA,NA,NA   NA   NA   NA,NA   NA   NA   NA
SHR_2016-05-20 09:10:00,5/20/2016 9:10,SHR,2016,A,FALSE,CLR,NA,NA,18.32,1.35,80,92,7.68,9.51,3.37,10,Regular,163000,172171,9171,9171,28.16952412,28.16952412,1,"ebb tide, jet motor used",NA,Aquatic Non-Insects,77,Family,Hygrobatidae,Hygrobatidae,NotDetermined,1,0.035,0.035,NA,NA,NA,NA,NA,NA,NA,NA,NA,NA,NA   NA   NA   NA,NA   NA   NA   NA
SHR_2016-05-20 09:10:00,5/20/2016 9:10,SHR,2016,A,FALSE,CLR,NA,NA,18.32,1.35,80,92,7.68,9.51,3.37,10,Regular,163000,172171,9171,9171,28.16952412,28.16952412,1,"ebb tide, jet motor used",NA,Aquatic Non-Insects,128,Family,Mideopsidae,Mideopsidae,Larvae,0,0,0,NA,NA,NA,NA,NA,NA,NA,NA,NA,NA,NA   NA   NA   NA,NA   NA   NA   NA
SHR_2016-05-20 09:10:00,5/20/2016 9:10,SHR,2016,A,FALSE,CLR,NA,NA,18.32,1.35,80,92,7.68,9.51,3.37,10,Regular,163000,172171,9171,9171,28.16952412,28.16952412,1,"ebb tide, jet motor used",NA,Aquatic Non-Insects,128,Family,Mideopsidae,Mideopsidae,Pupae,0,0,0,NA,NA,NA,NA,NA,NA,NA,NA,NA,NA,NA   NA   NA   NA,NA   NA   NA   NA
SHR_2016-05-20 09:10:00,5/20/2016 9:10,SHR,2016,A,FALSE,CLR,NA,NA,18.32,1.35,80,92,7.68,9.51,3.37,10,Regular,163000,172171,9171,9171,28.16952412,28.16952412,1,"ebb tide, jet motor used",NA,Aquatic Non-Insects,128,Family,Mideopsidae,Mideopsidae,Nymphs,0,0,0,NA,NA,NA,NA,NA,NA,NA,NA,NA,NA,NA   NA   NA   NA,NA   NA   NA   NA
SHR_2016-05-20 09:10:00,5/20/2016 9:10,SHR,2016,A,FALSE,CLR,NA,NA,18.32,1.35,80,92,7.68,9.51,3.37,10,Regular,163000,172171,9171,9171,28.16952412,28.16952412,1,"ebb tide, jet motor used",NA,Aquatic Non-Insects,128,Family,Mideopsidae,Mideopsidae,Emergents,0,0,0,NA,NA,NA,NA,NA,NA,NA,NA,NA,NA,NA   NA   NA   NA,NA   NA   NA   NA
SHR_2016-05-20 09:10:00,5/20/2016 9:10,SHR,2016,A,FALSE,CLR,NA,NA,18.32,1.35,80,92,7.68,9.51,3.37,10,Regular,163000,172171,9171,9171,28.16952412,28.16952412,1,"ebb tide, jet motor used",NA,Aquatic Non-Insects,128,Family,Mideopsidae,Mideopsidae,Adults,0,0,0,NA,NA,NA,NA,NA,NA,NA,NA,NA,NA,NA   NA   NA   NA,NA   NA   NA   NA
SHR_2016-05-20 09:10:00,5/20/2016 9:10,SHR,2016,A,FALSE,CLR,NA,NA,18.32,1.35,80,92,7.68,9.51,3.37,10,Regular,163000,172171,9171,9171,28.16952412,28.16952412,1,"ebb tide, jet motor used",NA,Aquatic Non-Insects,128,Family,Mideopsidae,Mideopsidae,NotDetermined,1,0.035,0.035,NA,NA,NA,NA,NA,NA,NA,NA,NA,NA,NA   NA   NA   NA,NA   NA   NA   NA
SHR_2016-05-20 09:10:00,5/20/2016 9:10,SHR,2016,A,FALSE,CLR,NA,NA,18.32,1.35,80,92,7.68,9.51,3.37,10,Regular,163000,172171,9171,9171,28.16952412,28.16952412,1,"ebb tide, jet motor used",NA,Terrestrial Insects,71,Order,Hemiptera,Hemiptera,Larvae,1,0.035,0.035,NA,NA,NA,NA,NA,NA,NA,NA,NA,NA,NA   NA   NA   NA,NA   NA   NA   NA
SHR_2016-05-20 09:10:00,5/20/2016 9:10,SHR,2016,A,FALSE,CLR,NA,NA,18.32,1.35,80,92,7.68,9.51,3.37,10,Regular,163000,172171,9171,9171,28.16952412,28.16952412,1,"ebb tide, jet motor used",NA,Terrestrial Insects,71,Order,Hemiptera,Hemiptera,Pupae,0,0,0,NA,NA,NA,NA,NA,NA,NA,NA,NA,NA,NA   NA   NA   NA,NA   NA   NA   NA
SHR_2016-05-20 09:10:00,5/20/2016 9:10,SHR,2016,A,FALSE,CLR,NA,NA,18.32,1.35,80,92,7.68,9.51,3.37,10,Regular,163000,172171,9171,9171,28.16952412,28.16952412,1,"ebb tide, jet motor used",NA,Terrestrial Insects,71,Order,Hemiptera,Hemiptera,Nymphs,0,0,0,NA,NA,NA,NA,NA,NA,NA,NA,NA,NA,NA   NA   NA   NA,NA   NA   NA   NA
SHR_2016-05-20 09:10:00,5/20/2016 9:10,SHR,2016,A,FALSE,CLR,NA,NA,18.32,1.35,80,92,7.68,9.51,3.37,10,Regular,163000,172171,9171,9171,28.16952412,28.16952412,1,"ebb tide, jet motor used",NA,Terrestrial Insects,71,Order,Hemiptera,Hemiptera,Emergents,0,0,0,NA,NA,NA,NA,NA,NA,NA,NA,NA,NA,NA   NA   NA   NA,NA   NA   NA   NA
SHR_2016-05-20 09:10:00,5/20/2016 9:10,SHR,2016,A,FALSE,CLR,NA,NA,18.32,1.35,80,92,7.68,9.51,3.37,10,Regular,163000,172171,9171,9171,28.16952412,28.16952412,1,"ebb tide, jet motor used",NA,Terrestrial Insects,71,Order,Hemiptera,Hemiptera,Adults,1,0.035,0.035,NA,NA,NA,NA,NA,NA,NA,NA,NA,NA,NA   NA   NA   NA,NA   NA   NA   NA
SHR_2016-05-20 09:10:00,5/20/2016 9:10,SHR,2016,A,FALSE,CLR,NA,NA,18.32,1.35,80,92,7.68,9.51,3.37,10,Regular,163000,172171,9171,9171,28.16952412,28.16952412,1,"ebb tide, jet motor used",NA,Terrestrial Insects,71,Order,Hemiptera,Hemiptera,NotDetermined,0,0,0,NA,NA,NA,NA,NA,NA,NA,NA,NA,NA,NA   NA   NA   NA,NA   NA   NA   NA
SHR_2016-05-20 09:10:00,5/20/2016 9:10,SHR,2016,A,FALSE,CLR,NA,NA,18.32,1.35,80,92,7.68,9.51,3.37,10,Regular,163000,172171,9171,9171,28.16952412,28.16952412,1,"ebb tide, jet motor used",NA,Terrestrial Insects,64,Order,Diptera,Diptera,Larvae,0,0,0,NA,NA,NA,NA,NA,NA,NA,NA,NA,NA,NA   NA   NA   NA,NA   NA   NA   NA
SHR_2016-05-20 09:10:00,5/20/2016 9:10,SHR,2016,A,FALSE,CLR,NA,NA,18.32,1.35,80,92,7.68,9.51,3.37,10,Regular,163000,172171,9171,9171,28.16952412,28.16952412,1,"ebb tide, jet motor used",NA,Terrestrial Insects,64,Order,Diptera,Diptera,Pupae,0,0,0,NA,NA,NA,NA,NA,NA,NA,NA,NA,NA,NA   NA   NA   NA,NA   NA   NA   NA
SHR_2016-05-20 09:10:00,5/20/2016 9:10,SHR,2016,A,FALSE,CLR,NA,NA,18.32,1.35,80,92,7.68,9.51,3.37,10,Regular,163000,172171,9171,9171,28.16952412,28.16952412,1,"ebb tide, jet motor used",NA,Terrestrial Insects,64,Order,Diptera,Diptera,Nymphs,0,0,0,NA,NA,NA,NA,NA,NA,NA,NA,NA,NA,NA   NA   NA   NA,NA   NA   NA   NA
SHR_2016-05-20 09:10:00,5/20/2016 9:10,SHR,2016,A,FALSE,CLR,NA,NA,18.32,1.35,80,92,7.68,9.51,3.37,10,Regular,163000,172171,9171,9171,28.16952412,28.16952412,1,"ebb tide, jet motor used",NA,Terrestrial Insects,64,Order,Diptera,Diptera,Emergents,0,0,0,NA,NA,NA,NA,NA,NA,NA,NA,NA,NA,NA   NA   NA   NA,NA   NA   NA   NA
SHR_2016-05-20 09:10:00,5/20/2016 9:10,SHR,2016,A,FALSE,CLR,NA,NA,18.32,1.35,80,92,7.68,9.51,3.37,10,Regular,163000,172171,9171,9171,28.16952412,28.16952412,1,"ebb tide, jet motor used",NA,Terrestrial Insects,64,Order,Diptera,Diptera,Adults,11,0.39,0.39,NA,NA,NA,NA,NA,NA,NA,NA,NA,NA,NA   NA   NA   NA,NA   NA   NA   NA
SHR_2016-05-20 09:10:00,5/20/2016 9:10,SHR,2016,A,FALSE,CLR,NA,NA,18.32,1.35,80,92,7.68,9.51,3.37,10,Regular,163000,172171,9171,9171,28.16952412,28.16952412,1,"ebb tide, jet motor used",NA,Terrestrial Insects,64,Order,Diptera,Diptera,NotDetermined,0,0,0,NA,NA,NA,NA,NA,NA,NA,NA,NA,NA,NA   NA   NA   NA,NA   NA   NA   NA
SHR_2016-05-31 08:50:00,5/31/2016 8:50,SHR,2016,A,FALSE,CLR,NA,NA,19.93,1.25,110,111,7.57,8.95,6.9,10,Regular,865400,873422,8022,8022,24.64027069,24.64027069,1,"jet motor used, ebb tide",NA,Aquatic Insects,144,Order,Ephemeroptera,Ephemerpotera,Larvae,0,0,0,NA,NA,NA,NA,NA,NA,NA,NA,NA,NA,NA   NA   NA   NA,NA   NA   NA   NA
SHR_2016-05-31 08:50:00,5/31/2016 8:50,SHR,2016,A,FALSE,CLR,NA,NA,19.93,1.25,110,111,7.57,8.95,6.9,10,Regular,865400,873422,8022,8022,24.64027069,24.64027069,1,"jet motor used, ebb tide",NA,Aquatic Insects,144,Order,Ephemeroptera,Ephemerpotera,Pupae,0,0,0,NA,NA,NA,NA,NA,NA,NA,NA,NA,NA,NA   NA   NA   NA,NA   NA   NA   NA
SHR_2016-05-31 08:50:00,5/31/2016 8:50,SHR,2016,A,FALSE,CLR,NA,NA,19.93,1.25,110,111,7.57,8.95,6.9,10,Regular,865400,873422,8022,8022,24.64027069,24.64027069,1,"jet motor used, ebb tide",NA,Aquatic Insects,144,Order,Ephemeroptera,Ephemerpotera,Nymphs,0,0,0,NA,NA,NA,NA,NA,NA,NA,NA,NA,NA,NA   NA   NA   NA,NA   NA   NA   NA
SHR_2016-05-31 08:50:00,5/31/2016 8:50,SHR,2016,A,FALSE,CLR,NA,NA,19.93,1.25,110,111,7.57,8.95,6.9,10,Regular,865400,873422,8022,8022,24.64027069,24.64027069,1,"jet motor used, ebb tide",NA,Aquatic Insects,144,Order,Ephemeroptera,Ephemerpotera,Emergents,0,0,0,NA,NA,NA,NA,NA,NA,NA,NA,NA,NA,NA   NA   NA   NA,NA   NA   NA   NA
SHR_2016-05-31 08:50:00,5/31/2016 8:50,SHR,2016,A,FALSE,CLR,NA,NA,19.93,1.25,110,111,7.57,8.95,6.9,10,Regular,865400,873422,8022,8022,24.64027069,24.64027069,1,"jet motor used, ebb tide",NA,Aquatic Insects,144,Order,Ephemeroptera,Ephemerpotera,Adults,10,0.406,0.406,NA,NA,NA,NA,NA,NA,NA,NA,NA,NA,NA   NA   NA   NA,NA   NA   NA   NA
SHR_2016-05-31 08:50:00,5/31/2016 8:50,SHR,2016,A,FALSE,CLR,NA,NA,19.93,1.25,110,111,7.57,8.95,6.9,10,Regular,865400,873422,8022,8022,24.64027069,24.64027069,1,"jet motor used, ebb tide",NA,Aquatic Insects,144,Order,Ephemeroptera,Ephemerpotera,NotDetermined,0,0,0,NA,NA,NA,NA,NA,NA,NA,NA,NA,NA,NA   NA   NA   NA,NA   NA   NA   NA
SHR_2016-05-31 08:50:00,5/31/2016 8:50,SHR,2016,A,FALSE,CLR,NA,NA,19.93,1.25,110,111,7.57,8.95,6.9,10,Regular,865400,873422,8022,8022,24.64027069,24.64027069,1,"jet motor used, ebb tide",NA,Aquatic Insects,107,Family,Leptohyphidae,Leptohyphidae,Larvae,1,0.041,0.041,NA,NA,NA,NA,NA,NA,NA,NA,NA,NA,NA   NA   NA   NA,NA   NA   NA   NA
SHR_2016-05-31 08:50:00,5/31/2016 8:50,SHR,2016,A,FALSE,CLR,NA,NA,19.93,1.25,110,111,7.57,8.95,6.9,10,Regular,865400,873422,8022,8022,24.64027069,24.64027069,1,"jet motor used, ebb tide",NA,Aquatic Insects,107,Family,Leptohyphidae,Leptohyphidae,Pupae,0,0,0,NA,NA,NA,NA,NA,NA,NA,NA,NA,NA,NA   NA   NA   NA,NA   NA   NA   NA
SHR_2016-05-31 08:50:00,5/31/2016 8:50,SHR,2016,A,FALSE,CLR,NA,NA,19.93,1.25,110,111,7.57,8.95,6.9,10,Regular,865400,873422,8022,8022,24.64027069,24.64027069,1,"jet motor used, ebb tide",NA,Aquatic Insects,107,Family,Leptohyphidae,Leptohyphidae,Nymphs,0,0,0,NA,NA,NA,NA,NA,NA,NA,NA,NA,NA,NA   NA   NA   NA,NA   NA   NA   NA
SHR_2016-05-31 08:50:00,5/31/2016 8:50,SHR,2016,A,FALSE,CLR,NA,NA,19.93,1.25,110,111,7.57,8.95,6.9,10,Regular,865400,873422,8022,8022,24.64027069,24.64027069,1,"jet motor used, ebb tide",NA,Aquatic Insects,107,Family,Leptohyphidae,Leptohyphidae,Emergents,0,0,0,NA,NA,NA,NA,NA,NA,NA,NA,NA,NA,NA   NA   NA   NA,NA   NA   NA   NA
SHR_2016-05-31 08:50:00,5/31/2016 8:50,SHR,2016,A,FALSE,CLR,NA,NA,19.93,1.25,110,111,7.57,8.95,6.9,10,Regular,865400,873422,8022,8022,24.64027069,24.64027069,1,"jet motor used, ebb tide",NA,Aquatic Insects,107,Family,Leptohyphidae,Leptohyphidae,Adults,0,0,0,NA,NA,NA,NA,NA,NA,NA,NA,NA,NA,NA   NA   NA   NA,NA   NA   NA   NA
SHR_2016-05-31 08:50:00,5/31/2016 8:50,SHR,2016,A,FALSE,CLR,NA,NA,19.93,1.25,110,111,7.57,8.95,6.9,10,Regular,865400,873422,8022,8022,24.64027069,24.64027069,1,"jet motor used, ebb tide",NA,Aquatic Insects,107,Family,Leptohyphidae,Leptohyphidae,NotDetermined,0,0,0,NA,NA,NA,NA,NA,NA,NA,NA,NA,NA,NA   NA   NA   NA,NA   NA   NA   NA
SHR_2016-05-31 08:50:00,5/31/2016 8:50,SHR,2016,A,FALSE,CLR,NA,NA,19.93,1.25,110,111,7.57,8.95,6.9,10,Regular,865400,873422,8022,8022,24.64027069,24.64027069,1,"jet motor used, ebb tide",NA,Aquatic Insects,46,Family,Coenagrionidae,Coenagrionidae,Larvae,2,0.081,0.081,NA,NA,NA,NA,NA,NA,NA,NA,NA,NA,NA   NA   NA   NA,NA   NA   NA   NA
SHR_2016-05-31 08:50:00,5/31/2016 8:50,SHR,2016,A,FALSE,CLR,NA,NA,19.93,1.25,110,111,7.57,8.95,6.9,10,Regular,865400,873422,8022,8022,24.64027069,24.64027069,1,"jet motor used, ebb tide",NA,Aquatic Insects,46,Family,Coenagrionidae,Coenagrionidae,Pupae,0,0,0,NA,NA,NA,NA,NA,NA,NA,NA,NA,NA,NA   NA   NA   NA,NA   NA   NA   NA
SHR_2016-05-31 08:50:00,5/31/2016 8:50,SHR,2016,A,FALSE,CLR,NA,NA,19.93,1.25,110,111,7.57,8.95,6.9,10,Regular,865400,873422,8022,8022,24.64027069,24.64027069,1,"jet motor used, ebb tide",NA,Aquatic Insects,46,Family,Coenagrionidae,Coenagrionidae,Nymphs,0,0,0,NA,NA,NA,NA,NA,NA,NA,NA,NA,NA,NA   NA   NA   NA,NA   NA   NA   NA
SHR_2016-05-31 08:50:00,5/31/2016 8:50,SHR,2016,A,FALSE,CLR,NA,NA,19.93,1.25,110,111,7.57,8.95,6.9,10,Regular,865400,873422,8022,8022,24.64027069,24.64027069,1,"jet motor used, ebb tide",NA,Aquatic Insects,46,Family,Coenagrionidae,Coenagrionidae,Emergents,0,0,0,NA,NA,NA,NA,NA,NA,NA,NA,NA,NA,NA   NA   NA   NA,NA   NA   NA   NA
SHR_2016-05-31 08:50:00,5/31/2016 8:50,SHR,2016,A,FALSE,CLR,NA,NA,19.93,1.25,110,111,7.57,8.95,6.9,10,Regular,865400,873422,8022,8022,24.64027069,24.64027069,1,"jet motor used, ebb tide",NA,Aquatic Insects,46,Family,Coenagrionidae,Coenagrionidae,Adults,0,0,0,NA,NA,NA,NA,NA,NA,NA,NA,NA,NA,NA   NA   NA   NA,NA   NA   NA   NA
SHR_2016-05-31 08:50:00,5/31/2016 8:50,SHR,2016,A,FALSE,CLR,NA,NA,19.93,1.25,110,111,7.57,8.95,6.9,10,Regular,865400,873422,8022,8022,24.64027069,24.64027069,1,"jet motor used, ebb tide",NA,Aquatic Insects,46,Family,Coenagrionidae,Coenagrionidae,NotDetermined,0,0,0,NA,NA,NA,NA,NA,NA,NA,NA,NA,NA,NA   NA   NA   NA,NA   NA   NA   NA
SHR_2016-05-31 08:50:00,5/31/2016 8:50,SHR,2016,A,FALSE,CLR,NA,NA,19.93,1.25,110,111,7.57,8.95,6.9,10,Regular,865400,873422,8022,8022,24.64027069,24.64027069,1,"jet motor used, ebb tide",NA,Aquatic Insects,102,Family,Gomphidae,Gomphidae,Larvae,1,0.041,0.041,NA,NA,NA,NA,NA,NA,NA,NA,NA,NA,NA   NA   NA   NA,NA   NA   NA   NA
SHR_2016-05-31 08:50:00,5/31/2016 8:50,SHR,2016,A,FALSE,CLR,NA,NA,19.93,1.25,110,111,7.57,8.95,6.9,10,Regular,865400,873422,8022,8022,24.64027069,24.64027069,1,"jet motor used, ebb tide",NA,Aquatic Insects,102,Family,Gomphidae,Gomphidae,Pupae,0,0,0,NA,NA,NA,NA,NA,NA,NA,NA,NA,NA,NA   NA   NA   NA,NA   NA   NA   NA
SHR_2016-05-31 08:50:00,5/31/2016 8:50,SHR,2016,A,FALSE,CLR,NA,NA,19.93,1.25,110,111,7.57,8.95,6.9,10,Regular,865400,873422,8022,8022,24.64027069,24.64027069,1,"jet motor used, ebb tide",NA,Aquatic Insects,102,Family,Gomphidae,Gomphidae,Nymphs,0,0,0,NA,NA,NA,NA,NA,NA,NA,NA,NA,NA,NA   NA   NA   NA,NA   NA   NA   NA
SHR_2016-05-31 08:50:00,5/31/2016 8:50,SHR,2016,A,FALSE,CLR,NA,NA,19.93,1.25,110,111,7.57,8.95,6.9,10,Regular,865400,873422,8022,8022,24.64027069,24.64027069,1,"jet motor used, ebb tide",NA,Aquatic Insects,102,Family,Gomphidae,Gomphidae,Emergents,0,0,0,NA,NA,NA,NA,NA,NA,NA,NA,NA,NA,NA   NA   NA   NA,NA   NA   NA   NA
SHR_2016-05-31 08:50:00,5/31/2016 8:50,SHR,2016,A,FALSE,CLR,NA,NA,19.93,1.25,110,111,7.57,8.95,6.9,10,Regular,865400,873422,8022,8022,24.64027069,24.64027069,1,"jet motor used, ebb tide",NA,Aquatic Insects,102,Family,Gomphidae,Gomphidae,Adults,0,0,0,NA,NA,NA,NA,NA,NA,NA,NA,NA,NA,NA   NA   NA   NA,NA   NA   NA   NA
SHR_2016-05-31 08:50:00,5/31/2016 8:50,SHR,2016,A,FALSE,CLR,NA,NA,19.93,1.25,110,111,7.57,8.95,6.9,10,Regular,865400,873422,8022,8022,24.64027069,24.64027069,1,"jet motor used, ebb tide",NA,Aquatic Insects,102,Family,Gomphidae,Gomphidae,NotDetermined,0,0,0,NA,NA,NA,NA,NA,NA,NA,NA,NA,NA,NA   NA   NA   NA,NA   NA   NA   NA
SHR_2016-05-31 08:50:00,5/31/2016 8:50,SHR,2016,A,FALSE,CLR,NA,NA,19.93,1.25,110,111,7.57,8.95,6.9,10,Regular,865400,873422,8022,8022,24.64027069,24.64027069,1,"jet motor used, ebb tide",NA,Aquatic Insects,30,Family,Dytiscidae,Dytiscidae,Larvae,0,0,0,NA,NA,NA,NA,NA,NA,NA,NA,NA,NA,NA   NA   NA   NA,NA   NA   NA   NA
SHR_2016-05-31 08:50:00,5/31/2016 8:50,SHR,2016,A,FALSE,CLR,NA,NA,19.93,1.25,110,111,7.57,8.95,6.9,10,Regular,865400,873422,8022,8022,24.64027069,24.64027069,1,"jet motor used, ebb tide",NA,Aquatic Insects,30,Family,Dytiscidae,Dytiscidae,Pupae,0,0,0,NA,NA,NA,NA,NA,NA,NA,NA,NA,NA,NA   NA   NA   NA,NA   NA   NA   NA
SHR_2016-05-31 08:50:00,5/31/2016 8:50,SHR,2016,A,FALSE,CLR,NA,NA,19.93,1.25,110,111,7.57,8.95,6.9,10,Regular,865400,873422,8022,8022,24.64027069,24.64027069,1,"jet motor used, ebb tide",NA,Aquatic Insects,30,Family,Dytiscidae,Dytiscidae,Nymphs,0,0,0,NA,NA,NA,NA,NA,NA,NA,NA,NA,NA,NA   NA   NA   NA,NA   NA   NA   NA
SHR_2016-05-31 08:50:00,5/31/2016 8:50,SHR,2016,A,FALSE,CLR,NA,NA,19.93,1.25,110,111,7.57,8.95,6.9,10,Regular,865400,873422,8022,8022,24.64027069,24.64027069,1,"jet motor used, ebb tide",NA,Aquatic Insects,30,Family,Dytiscidae,Dytiscidae,Emergents,0,0,0,NA,NA,NA,NA,NA,NA,NA,NA,NA,NA,NA   NA   NA   NA,NA   NA   NA   NA
SHR_2016-05-31 08:50:00,5/31/2016 8:50,SHR,2016,A,FALSE,CLR,NA,NA,19.93,1.25,110,111,7.57,8.95,6.9,10,Regular,865400,873422,8022,8022,24.64027069,24.64027069,1,"jet motor used, ebb tide",NA,Aquatic Insects,30,Family,Dytiscidae,Dytiscidae,Adults,3,0.122,0.122,NA,NA,NA,NA,NA,NA,NA,NA,NA,NA,NA   NA   NA   NA,NA   NA   NA   NA
SHR_2016-05-31 08:50:00,5/31/2016 8:50,SHR,2016,A,FALSE,CLR,NA,NA,19.93,1.25,110,111,7.57,8.95,6.9,10,Regular,865400,873422,8022,8022,24.64027069,24.64027069,1,"jet motor used, ebb tide",NA,Aquatic Insects,30,Family,Dytiscidae,Dytiscidae,NotDetermined,0,0,0,NA,NA,NA,NA,NA,NA,NA,NA,NA,NA,NA   NA   NA   NA,NA   NA   NA   NA
SHR_2016-05-31 08:50:00,5/31/2016 8:50,SHR,2016,A,FALSE,CLR,NA,NA,19.93,1.25,110,111,7.57,8.95,6.9,10,Regular,865400,873422,8022,8022,24.64027069,24.64027069,1,"jet motor used, ebb tide",NA,Aquatic Insects,52,Family,Hydraenidae,Hydraenidae,Larvae,0,0,0,NA,NA,NA,NA,NA,NA,NA,NA,NA,NA,NA   NA   NA   NA,NA   NA   NA   NA
SHR_2016-05-31 08:50:00,5/31/2016 8:50,SHR,2016,A,FALSE,CLR,NA,NA,19.93,1.25,110,111,7.57,8.95,6.9,10,Regular,865400,873422,8022,8022,24.64027069,24.64027069,1,"jet motor used, ebb tide",NA,Aquatic Insects,52,Family,Hydraenidae,Hydraenidae,Pupae,0,0,0,NA,NA,NA,NA,NA,NA,NA,NA,NA,NA,NA   NA   NA   NA,NA   NA   NA   NA
SHR_2016-05-31 08:50:00,5/31/2016 8:50,SHR,2016,A,FALSE,CLR,NA,NA,19.93,1.25,110,111,7.57,8.95,6.9,10,Regular,865400,873422,8022,8022,24.64027069,24.64027069,1,"jet motor used, ebb tide",NA,Aquatic Insects,52,Family,Hydraenidae,Hydraenidae,Nymphs,0,0,0,NA,NA,NA,NA,NA,NA,NA,NA,NA,NA,NA   NA   NA   NA,NA   NA   NA   NA
SHR_2016-05-31 08:50:00,5/31/2016 8:50,SHR,2016,A,FALSE,CLR,NA,NA,19.93,1.25,110,111,7.57,8.95,6.9,10,Regular,865400,873422,8022,8022,24.64027069,24.64027069,1,"jet motor used, ebb tide",NA,Aquatic Insects,52,Family,Hydraenidae,Hydraenidae,Emergents,0,0,0,NA,NA,NA,NA,NA,NA,NA,NA,NA,NA,NA   NA   NA   NA,NA   NA   NA   NA
SHR_2016-05-31 08:50:00,5/31/2016 8:50,SHR,2016,A,FALSE,CLR,NA,NA,19.93,1.25,110,111,7.57,8.95,6.9,10,Regular,865400,873422,8022,8022,24.64027069,24.64027069,1,"jet motor used, ebb tide",NA,Aquatic Insects,52,Family,Hydraenidae,Hydraenidae,Adults,1,0.041,0.041,NA,NA,NA,NA,NA,NA,NA,NA,NA,NA,NA   NA   NA   NA,NA   NA   NA   NA
SHR_2016-05-31 08:50:00,5/31/2016 8:50,SHR,2016,A,FALSE,CLR,NA,NA,19.93,1.25,110,111,7.57,8.95,6.9,10,Regular,865400,873422,8022,8022,24.64027069,24.64027069,1,"jet motor used, ebb tide",NA,Aquatic Insects,52,Family,Hydraenidae,Hydraenidae,NotDetermined,0,0,0,NA,NA,NA,NA,NA,NA,NA,NA,NA,NA,NA   NA   NA   NA,NA   NA   NA   NA
SHR_2016-05-31 08:50:00,5/31/2016 8:50,SHR,2016,A,FALSE,CLR,NA,NA,19.93,1.25,110,111,7.57,8.95,6.9,10,Regular,865400,873422,8022,8022,24.64027069,24.64027069,1,"jet motor used, ebb tide",NA,Aquatic Insects,34,Family,Chironomidae,Chironomidae,Larvae,4,0.162,0.162,NA,NA,NA,NA,NA,NA,NA,NA,NA,NA,NA   NA   NA   NA,NA   NA   NA   NA
SHR_2016-05-31 08:50:00,5/31/2016 8:50,SHR,2016,A,FALSE,CLR,NA,NA,19.93,1.25,110,111,7.57,8.95,6.9,10,Regular,865400,873422,8022,8022,24.64027069,24.64027069,1,"jet motor used, ebb tide",NA,Aquatic Insects,34,Family,Chironomidae,Chironomidae,Pupae,8,0.325,0.325,NA,NA,NA,NA,NA,NA,NA,NA,NA,NA,NA   NA   NA   NA,NA   NA   NA   NA
SHR_2016-05-31 08:50:00,5/31/2016 8:50,SHR,2016,A,FALSE,CLR,NA,NA,19.93,1.25,110,111,7.57,8.95,6.9,10,Regular,865400,873422,8022,8022,24.64027069,24.64027069,1,"jet motor used, ebb tide",NA,Aquatic Insects,34,Family,Chironomidae,Chironomidae,Nymphs,0,0,0,NA,NA,NA,NA,NA,NA,NA,NA,NA,NA,NA   NA   NA   NA,NA   NA   NA   NA
SHR_2016-05-31 08:50:00,5/31/2016 8:50,SHR,2016,A,FALSE,CLR,NA,NA,19.93,1.25,110,111,7.57,8.95,6.9,10,Regular,865400,873422,8022,8022,24.64027069,24.64027069,1,"jet motor used, ebb tide",NA,Aquatic Insects,34,Family,Chironomidae,Chironomidae,Emergents,0,0,0,NA,NA,NA,NA,NA,NA,NA,NA,NA,NA,NA   NA   NA   NA,NA   NA   NA   NA
SHR_2016-05-31 08:50:00,5/31/2016 8:50,SHR,2016,A,FALSE,CLR,NA,NA,19.93,1.25,110,111,7.57,8.95,6.9,10,Regular,865400,873422,8022,8022,24.64027069,24.64027069,1,"jet motor used, ebb tide",NA,Aquatic Insects,34,Family,Chironomidae,Chironomidae,Adults,0,0,0,NA,NA,NA,NA,NA,NA,NA,NA,NA,NA,NA   NA   NA   NA,NA   NA   NA   NA
SHR_2016-05-31 08:50:00,5/31/2016 8:50,SHR,2016,A,FALSE,CLR,NA,NA,19.93,1.25,110,111,7.57,8.95,6.9,10,Regular,865400,873422,8022,8022,24.64027069,24.64027069,1,"jet motor used, ebb tide",NA,Aquatic Insects,34,Family,Chironomidae,Chironomidae,NotDetermined,0,0,0,NA,NA,NA,NA,NA,NA,NA,NA,NA,NA,NA   NA   NA   NA,NA   NA   NA   NA
SHR_2016-05-31 08:50:00,5/31/2016 8:50,SHR,2016,A,FALSE,CLR,NA,NA,19.93,1.25,110,111,7.57,8.95,6.9,10,Regular,865400,873422,8022,8022,24.64027069,24.64027069,1,"jet motor used, ebb tide",NA,Aquatic Insects,32,Family,Ceratopogonidae,Ceratopogonidae,Larvae,2,0.081,0.081,NA,NA,NA,NA,NA,NA,NA,NA,NA,NA,NA   NA   NA   NA,NA   NA   NA   NA
SHR_2016-05-31 08:50:00,5/31/2016 8:50,SHR,2016,A,FALSE,CLR,NA,NA,19.93,1.25,110,111,7.57,8.95,6.9,10,Regular,865400,873422,8022,8022,24.64027069,24.64027069,1,"jet motor used, ebb tide",NA,Aquatic Insects,32,Family,Ceratopogonidae,Ceratopogonidae,Pupae,3,0.122,0.122,NA,NA,NA,NA,NA,NA,NA,NA,NA,NA,NA   NA   NA   NA,NA   NA   NA   NA
SHR_2016-05-31 08:50:00,5/31/2016 8:50,SHR,2016,A,FALSE,CLR,NA,NA,19.93,1.25,110,111,7.57,8.95,6.9,10,Regular,865400,873422,8022,8022,24.64027069,24.64027069,1,"jet motor used, ebb tide",NA,Aquatic Insects,32,Family,Ceratopogonidae,Ceratopogonidae,Nymphs,0,0,0,NA,NA,NA,NA,NA,NA,NA,NA,NA,NA,NA   NA   NA   NA,NA   NA   NA   NA
SHR_2016-05-31 08:50:00,5/31/2016 8:50,SHR,2016,A,FALSE,CLR,NA,NA,19.93,1.25,110,111,7.57,8.95,6.9,10,Regular,865400,873422,8022,8022,24.64027069,24.64027069,1,"jet motor used, ebb tide",NA,Aquatic Insects,32,Family,Ceratopogonidae,Ceratopogonidae,Emergents,0,0,0,NA,NA,NA,NA,NA,NA,NA,NA,NA,NA,NA   NA   NA   NA,NA   NA   NA   NA
SHR_2016-05-31 08:50:00,5/31/2016 8:50,SHR,2016,A,FALSE,CLR,NA,NA,19.93,1.25,110,111,7.57,8.95,6.9,10,Regular,865400,873422,8022,8022,24.64027069,24.64027069,1,"jet motor used, ebb tide",NA,Aquatic Insects,32,Family,Ceratopogonidae,Ceratopogonidae,Adults,0,0,0,NA,NA,NA,NA,NA,NA,NA,NA,NA,NA,NA   NA   NA   NA,NA   NA   NA   NA
SHR_2016-05-31 08:50:00,5/31/2016 8:50,SHR,2016,A,FALSE,CLR,NA,NA,19.93,1.25,110,111,7.57,8.95,6.9,10,Regular,865400,873422,8022,8022,24.64027069,24.64027069,1,"jet motor used, ebb tide",NA,Aquatic Insects,32,Family,Ceratopogonidae,Ceratopogonidae,NotDetermined,0,0,0,NA,NA,NA,NA,NA,NA,NA,NA,NA,NA,NA   NA   NA   NA,NA   NA   NA   NA
SHR_2016-05-31 08:50:00,5/31/2016 8:50,SHR,2016,A,FALSE,CLR,NA,NA,19.93,1.25,110,111,7.57,8.95,6.9,10,Regular,865400,873422,8022,8022,24.64027069,24.64027069,1,"jet motor used, ebb tide",NA,Aquatic Insects,37,Family,Psychodidae,Psychodidae,Larvae,0,0,0,NA,NA,NA,NA,NA,NA,NA,NA,NA,NA,NA   NA   NA   NA,NA   NA   NA   NA
SHR_2016-05-31 08:50:00,5/31/2016 8:50,SHR,2016,A,FALSE,CLR,NA,NA,19.93,1.25,110,111,7.57,8.95,6.9,10,Regular,865400,873422,8022,8022,24.64027069,24.64027069,1,"jet motor used, ebb tide",NA,Aquatic Insects,37,Family,Psychodidae,Psychodidae,Pupae,1,0.041,0.041,NA,NA,NA,NA,NA,NA,NA,NA,NA,NA,NA   NA   NA   NA,NA   NA   NA   NA
SHR_2016-05-31 08:50:00,5/31/2016 8:50,SHR,2016,A,FALSE,CLR,NA,NA,19.93,1.25,110,111,7.57,8.95,6.9,10,Regular,865400,873422,8022,8022,24.64027069,24.64027069,1,"jet motor used, ebb tide",NA,Aquatic Insects,37,Family,Psychodidae,Psychodidae,Nymphs,0,0,0,NA,NA,NA,NA,NA,NA,NA,NA,NA,NA,NA   NA   NA   NA,NA   NA   NA   NA
SHR_2016-05-31 08:50:00,5/31/2016 8:50,SHR,2016,A,FALSE,CLR,NA,NA,19.93,1.25,110,111,7.57,8.95,6.9,10,Regular,865400,873422,8022,8022,24.64027069,24.64027069,1,"jet motor used, ebb tide",NA,Aquatic Insects,37,Family,Psychodidae,Psychodidae,Emergents,0,0,0,NA,NA,NA,NA,NA,NA,NA,NA,NA,NA,NA   NA   NA   NA,NA   NA   NA   NA
SHR_2016-05-31 08:50:00,5/31/2016 8:50,SHR,2016,A,FALSE,CLR,NA,NA,19.93,1.25,110,111,7.57,8.95,6.9,10,Regular,865400,873422,8022,8022,24.64027069,24.64027069,1,"jet motor used, ebb tide",NA,Aquatic Insects,37,Family,Psychodidae,Psychodidae,Adults,0,0,0,NA,NA,NA,NA,NA,NA,NA,NA,NA,NA,NA   NA   NA   NA,NA   NA   NA   NA
SHR_2016-05-31 08:50:00,5/31/2016 8:50,SHR,2016,A,FALSE,CLR,NA,NA,19.93,1.25,110,111,7.57,8.95,6.9,10,Regular,865400,873422,8022,8022,24.64027069,24.64027069,1,"jet motor used, ebb tide",NA,Aquatic Insects,37,Family,Psychodidae,Psychodidae,NotDetermined,0,0,0,NA,NA,NA,NA,NA,NA,NA,NA,NA,NA,NA   NA   NA   NA,NA   NA   NA   NA
SHR_2016-05-31 08:50:00,5/31/2016 8:50,SHR,2016,A,FALSE,CLR,NA,NA,19.93,1.25,110,111,7.57,8.95,6.9,10,Regular,865400,873422,8022,8022,24.64027069,24.64027069,1,"jet motor used, ebb tide",NA,Aquatic Non-Insects,4,Family,Naididae,Naididae,Larvae,0,0,0,NA,NA,NA,NA,NA,NA,NA,NA,NA,NA,NA   NA   NA   NA,NA   NA   NA   NA
SHR_2016-05-31 08:50:00,5/31/2016 8:50,SHR,2016,A,FALSE,CLR,NA,NA,19.93,1.25,110,111,7.57,8.95,6.9,10,Regular,865400,873422,8022,8022,24.64027069,24.64027069,1,"jet motor used, ebb tide",NA,Aquatic Non-Insects,4,Family,Naididae,Naididae,Pupae,0,0,0,NA,NA,NA,NA,NA,NA,NA,NA,NA,NA,NA   NA   NA   NA,NA   NA   NA   NA
SHR_2016-05-31 08:50:00,5/31/2016 8:50,SHR,2016,A,FALSE,CLR,NA,NA,19.93,1.25,110,111,7.57,8.95,6.9,10,Regular,865400,873422,8022,8022,24.64027069,24.64027069,1,"jet motor used, ebb tide",NA,Aquatic Non-Insects,4,Family,Naididae,Naididae,Nymphs,0,0,0,NA,NA,NA,NA,NA,NA,NA,NA,NA,NA,NA   NA   NA   NA,NA   NA   NA   NA
SHR_2016-05-31 08:50:00,5/31/2016 8:50,SHR,2016,A,FALSE,CLR,NA,NA,19.93,1.25,110,111,7.57,8.95,6.9,10,Regular,865400,873422,8022,8022,24.64027069,24.64027069,1,"jet motor used, ebb tide",NA,Aquatic Non-Insects,4,Family,Naididae,Naididae,Emergents,0,0,0,NA,NA,NA,NA,NA,NA,NA,NA,NA,NA,NA   NA   NA   NA,NA   NA   NA   NA
SHR_2016-05-31 08:50:00,5/31/2016 8:50,SHR,2016,A,FALSE,CLR,NA,NA,19.93,1.25,110,111,7.57,8.95,6.9,10,Regular,865400,873422,8022,8022,24.64027069,24.64027069,1,"jet motor used, ebb tide",NA,Aquatic Non-Insects,4,Family,Naididae,Naididae,Adults,0,0,0,NA,NA,NA,NA,NA,NA,NA,NA,NA,NA,NA   NA   NA   NA,NA   NA   NA   NA
SHR_2016-05-31 08:50:00,5/31/2016 8:50,SHR,2016,A,FALSE,CLR,NA,NA,19.93,1.25,110,111,7.57,8.95,6.9,10,Regular,865400,873422,8022,8022,24.64027069,24.64027069,1,"jet motor used, ebb tide",NA,Aquatic Non-Insects,4,Family,Naididae,Naididae,NotDetermined,2,0.081,0.081,NA,NA,NA,NA,NA,NA,NA,NA,NA,NA,NA   NA   NA   NA,NA   NA   NA   NA
SHR_2016-05-31 08:50:00,5/31/2016 8:50,SHR,2016,A,FALSE,CLR,NA,NA,19.93,1.25,110,111,7.57,8.95,6.9,10,Regular,865400,873422,8022,8022,24.64027069,24.64027069,1,"jet motor used, ebb tide",NA,Aquatic Non-Insects,20,Family,Physidae,Physidae,Larvae,0,0,0,NA,NA,NA,NA,NA,NA,NA,NA,NA,NA,NA   NA   NA   NA,NA   NA   NA   NA
SHR_2016-05-31 08:50:00,5/31/2016 8:50,SHR,2016,A,FALSE,CLR,NA,NA,19.93,1.25,110,111,7.57,8.95,6.9,10,Regular,865400,873422,8022,8022,24.64027069,24.64027069,1,"jet motor used, ebb tide",NA,Aquatic Non-Insects,20,Family,Physidae,Physidae,Pupae,0,0,0,NA,NA,NA,NA,NA,NA,NA,NA,NA,NA,NA   NA   NA   NA,NA   NA   NA   NA
SHR_2016-05-31 08:50:00,5/31/2016 8:50,SHR,2016,A,FALSE,CLR,NA,NA,19.93,1.25,110,111,7.57,8.95,6.9,10,Regular,865400,873422,8022,8022,24.64027069,24.64027069,1,"jet motor used, ebb tide",NA,Aquatic Non-Insects,20,Family,Physidae,Physidae,Nymphs,0,0,0,NA,NA,NA,NA,NA,NA,NA,NA,NA,NA,NA   NA   NA   NA,NA   NA   NA   NA
SHR_2016-05-31 08:50:00,5/31/2016 8:50,SHR,2016,A,FALSE,CLR,NA,NA,19.93,1.25,110,111,7.57,8.95,6.9,10,Regular,865400,873422,8022,8022,24.64027069,24.64027069,1,"jet motor used, ebb tide",NA,Aquatic Non-Insects,20,Family,Physidae,Physidae,Emergents,0,0,0,NA,NA,NA,NA,NA,NA,NA,NA,NA,NA,NA   NA   NA   NA,NA   NA   NA   NA
SHR_2016-05-31 08:50:00,5/31/2016 8:50,SHR,2016,A,FALSE,CLR,NA,NA,19.93,1.25,110,111,7.57,8.95,6.9,10,Regular,865400,873422,8022,8022,24.64027069,24.64027069,1,"jet motor used, ebb tide",NA,Aquatic Non-Insects,20,Family,Physidae,Physidae,Adults,0,0,0,NA,NA,NA,NA,NA,NA,NA,NA,NA,NA,NA   NA   NA   NA,NA   NA   NA   NA
SHR_2016-05-31 08:50:00,5/31/2016 8:50,SHR,2016,A,FALSE,CLR,NA,NA,19.93,1.25,110,111,7.57,8.95,6.9,10,Regular,865400,873422,8022,8022,24.64027069,24.64027069,1,"jet motor used, ebb tide",NA,Aquatic Non-Insects,20,Family,Physidae,Physidae,NotDetermined,1,0.041,0.041,NA,NA,NA,NA,NA,NA,NA,NA,NA,NA,NA   NA   NA   NA,NA   NA   NA   NA
SHR_2016-05-31 08:50:00,5/31/2016 8:50,SHR,2016,A,FALSE,CLR,NA,NA,19.93,1.25,110,111,7.57,8.95,6.9,10,Regular,865400,873422,8022,8022,24.64027069,24.64027069,1,"jet motor used, ebb tide",NA,Aquatic Non-Insects,169,Suborder,Cladocera,Cladoceran,Larvae,0,0,0,NA,NA,NA,NA,NA,NA,NA,NA,NA,NA,NA   NA   NA   NA,NA   NA   NA   NA
SHR_2016-05-31 08:50:00,5/31/2016 8:50,SHR,2016,A,FALSE,CLR,NA,NA,19.93,1.25,110,111,7.57,8.95,6.9,10,Regular,865400,873422,8022,8022,24.64027069,24.64027069,1,"jet motor used, ebb tide",NA,Aquatic Non-Insects,169,Suborder,Cladocera,Cladoceran,Pupae,0,0,0,NA,NA,NA,NA,NA,NA,NA,NA,NA,NA,NA   NA   NA   NA,NA   NA   NA   NA
SHR_2016-05-31 08:50:00,5/31/2016 8:50,SHR,2016,A,FALSE,CLR,NA,NA,19.93,1.25,110,111,7.57,8.95,6.9,10,Regular,865400,873422,8022,8022,24.64027069,24.64027069,1,"jet motor used, ebb tide",NA,Aquatic Non-Insects,169,Suborder,Cladocera,Cladoceran,Nymphs,0,0,0,NA,NA,NA,NA,NA,NA,NA,NA,NA,NA,NA   NA   NA   NA,NA   NA   NA   NA
SHR_2016-05-31 08:50:00,5/31/2016 8:50,SHR,2016,A,FALSE,CLR,NA,NA,19.93,1.25,110,111,7.57,8.95,6.9,10,Regular,865400,873422,8022,8022,24.64027069,24.64027069,1,"jet motor used, ebb tide",NA,Aquatic Non-Insects,169,Suborder,Cladocera,Cladoceran,Emergents,0,0,0,NA,NA,NA,NA,NA,NA,NA,NA,NA,NA,NA   NA   NA   NA,NA   NA   NA   NA
SHR_2016-05-31 08:50:00,5/31/2016 8:50,SHR,2016,A,FALSE,CLR,NA,NA,19.93,1.25,110,111,7.57,8.95,6.9,10,Regular,865400,873422,8022,8022,24.64027069,24.64027069,1,"jet motor used, ebb tide",NA,Aquatic Non-Insects,169,Suborder,Cladocera,Cladoceran,Adults,0,0,0,NA,NA,NA,NA,NA,NA,NA,NA,NA,NA,NA   NA   NA   NA,NA   NA   NA   NA
SHR_2016-05-31 08:50:00,5/31/2016 8:50,SHR,2016,A,FALSE,CLR,NA,NA,19.93,1.25,110,111,7.57,8.95,6.9,10,Regular,865400,873422,8022,8022,24.64027069,24.64027069,1,"jet motor used, ebb tide",NA,Aquatic Non-Insects,169,Suborder,Cladocera,Cladoceran,NotDetermined,5,0.203,0.203,NA,NA,NA,NA,NA,NA,NA,NA,NA,NA,NA   NA   NA   NA,NA   NA   NA   NA
SHR_2016-05-31 08:50:00,5/31/2016 8:50,SHR,2016,A,FALSE,CLR,NA,NA,19.93,1.25,110,111,7.57,8.95,6.9,10,Regular,865400,873422,8022,8022,24.64027069,24.64027069,1,"jet motor used, ebb tide",NA,Aquatic Non-Insects,77,Family,Hygrobatidae,Hygrobatidae,Larvae,0,0,0,NA,NA,NA,NA,NA,NA,NA,NA,NA,NA,NA   NA   NA   NA,NA   NA   NA   NA
SHR_2016-05-31 08:50:00,5/31/2016 8:50,SHR,2016,A,FALSE,CLR,NA,NA,19.93,1.25,110,111,7.57,8.95,6.9,10,Regular,865400,873422,8022,8022,24.64027069,24.64027069,1,"jet motor used, ebb tide",NA,Aquatic Non-Insects,77,Family,Hygrobatidae,Hygrobatidae,Pupae,0,0,0,NA,NA,NA,NA,NA,NA,NA,NA,NA,NA,NA   NA   NA   NA,NA   NA   NA   NA
SHR_2016-05-31 08:50:00,5/31/2016 8:50,SHR,2016,A,FALSE,CLR,NA,NA,19.93,1.25,110,111,7.57,8.95,6.9,10,Regular,865400,873422,8022,8022,24.64027069,24.64027069,1,"jet motor used, ebb tide",NA,Aquatic Non-Insects,77,Family,Hygrobatidae,Hygrobatidae,Nymphs,0,0,0,NA,NA,NA,NA,NA,NA,NA,NA,NA,NA,NA   NA   NA   NA,NA   NA   NA   NA
SHR_2016-05-31 08:50:00,5/31/2016 8:50,SHR,2016,A,FALSE,CLR,NA,NA,19.93,1.25,110,111,7.57,8.95,6.9,10,Regular,865400,873422,8022,8022,24.64027069,24.64027069,1,"jet motor used, ebb tide",NA,Aquatic Non-Insects,77,Family,Hygrobatidae,Hygrobatidae,Emergents,0,0,0,NA,NA,NA,NA,NA,NA,NA,NA,NA,NA,NA   NA   NA   NA,NA   NA   NA   NA
SHR_2016-05-31 08:50:00,5/31/2016 8:50,SHR,2016,A,FALSE,CLR,NA,NA,19.93,1.25,110,111,7.57,8.95,6.9,10,Regular,865400,873422,8022,8022,24.64027069,24.64027069,1,"jet motor used, ebb tide",NA,Aquatic Non-Insects,77,Family,Hygrobatidae,Hygrobatidae,Adults,0,0,0,NA,NA,NA,NA,NA,NA,NA,NA,NA,NA,NA   NA   NA   NA,NA   NA   NA   NA
SHR_2016-05-31 08:50:00,5/31/2016 8:50,SHR,2016,A,FALSE,CLR,NA,NA,19.93,1.25,110,111,7.57,8.95,6.9,10,Regular,865400,873422,8022,8022,24.64027069,24.64027069,1,"jet motor used, ebb tide",NA,Aquatic Non-Insects,77,Family,Hygrobatidae,Hygrobatidae,NotDetermined,1,0.041,0.041,NA,NA,NA,NA,NA,NA,NA,NA,NA,NA,NA   NA   NA   NA,NA   NA   NA   NA
SHR_2016-05-31 08:50:00,5/31/2016 8:50,SHR,2016,A,FALSE,CLR,NA,NA,19.93,1.25,110,111,7.57,8.95,6.9,10,Regular,865400,873422,8022,8022,24.64027069,24.64027069,1,"jet motor used, ebb tide",NA,Aquatic Non-Insects,28,Family,Lebertiidae,Lebertiidae,Larvae,0,0,0,NA,NA,NA,NA,NA,NA,NA,NA,NA,NA,NA   NA   NA   NA,NA   NA   NA   NA
SHR_2016-05-31 08:50:00,5/31/2016 8:50,SHR,2016,A,FALSE,CLR,NA,NA,19.93,1.25,110,111,7.57,8.95,6.9,10,Regular,865400,873422,8022,8022,24.64027069,24.64027069,1,"jet motor used, ebb tide",NA,Aquatic Non-Insects,120,Family,Lebertiidae,Lebertiidae,Larvae,0,0,0,NA,NA,NA,NA,NA,NA,NA,NA,NA,NA,NA   NA   NA   NA,NA   NA   NA   NA
SHR_2016-05-31 08:50:00,5/31/2016 8:50,SHR,2016,A,FALSE,CLR,NA,NA,19.93,1.25,110,111,7.57,8.95,6.9,10,Regular,865400,873422,8022,8022,24.64027069,24.64027069,1,"jet motor used, ebb tide",NA,Aquatic Non-Insects,28,Family,Lebertiidae,Lebertiidae,Pupae,0,0,0,NA,NA,NA,NA,NA,NA,NA,NA,NA,NA,NA   NA   NA   NA,NA   NA   NA   NA
SHR_2016-05-31 08:50:00,5/31/2016 8:50,SHR,2016,A,FALSE,CLR,NA,NA,19.93,1.25,110,111,7.57,8.95,6.9,10,Regular,865400,873422,8022,8022,24.64027069,24.64027069,1,"jet motor used, ebb tide",NA,Aquatic Non-Insects,120,Family,Lebertiidae,Lebertiidae,Pupae,0,0,0,NA,NA,NA,NA,NA,NA,NA,NA,NA,NA,NA   NA   NA   NA,NA   NA   NA   NA
SHR_2016-05-31 08:50:00,5/31/2016 8:50,SHR,2016,A,FALSE,CLR,NA,NA,19.93,1.25,110,111,7.57,8.95,6.9,10,Regular,865400,873422,8022,8022,24.64027069,24.64027069,1,"jet motor used, ebb tide",NA,Aquatic Non-Insects,28,Family,Lebertiidae,Lebertiidae,Nymphs,0,0,0,NA,NA,NA,NA,NA,NA,NA,NA,NA,NA,NA   NA   NA   NA,NA   NA   NA   NA
SHR_2016-05-31 08:50:00,5/31/2016 8:50,SHR,2016,A,FALSE,CLR,NA,NA,19.93,1.25,110,111,7.57,8.95,6.9,10,Regular,865400,873422,8022,8022,24.64027069,24.64027069,1,"jet motor used, ebb tide",NA,Aquatic Non-Insects,120,Family,Lebertiidae,Lebertiidae,Nymphs,0,0,0,NA,NA,NA,NA,NA,NA,NA,NA,NA,NA,NA   NA   NA   NA,NA   NA   NA   NA
SHR_2016-05-31 08:50:00,5/31/2016 8:50,SHR,2016,A,FALSE,CLR,NA,NA,19.93,1.25,110,111,7.57,8.95,6.9,10,Regular,865400,873422,8022,8022,24.64027069,24.64027069,1,"jet motor used, ebb tide",NA,Aquatic Non-Insects,28,Family,Lebertiidae,Lebertiidae,Emergents,0,0,0,NA,NA,NA,NA,NA,NA,NA,NA,NA,NA,NA   NA   NA   NA,NA   NA   NA   NA
SHR_2016-05-31 08:50:00,5/31/2016 8:50,SHR,2016,A,FALSE,CLR,NA,NA,19.93,1.25,110,111,7.57,8.95,6.9,10,Regular,865400,873422,8022,8022,24.64027069,24.64027069,1,"jet motor used, ebb tide",NA,Aquatic Non-Insects,120,Family,Lebertiidae,Lebertiidae,Emergents,0,0,0,NA,NA,NA,NA,NA,NA,NA,NA,NA,NA,NA   NA   NA   NA,NA   NA   NA   NA
SHR_2016-05-31 08:50:00,5/31/2016 8:50,SHR,2016,A,FALSE,CLR,NA,NA,19.93,1.25,110,111,7.57,8.95,6.9,10,Regular,865400,873422,8022,8022,24.64027069,24.64027069,1,"jet motor used, ebb tide",NA,Aquatic Non-Insects,28,Family,Lebertiidae,Lebertiidae,Adults,0,0,0,NA,NA,NA,NA,NA,NA,NA,NA,NA,NA,NA   NA   NA   NA,NA   NA   NA   NA
SHR_2016-05-31 08:50:00,5/31/2016 8:50,SHR,2016,A,FALSE,CLR,NA,NA,19.93,1.25,110,111,7.57,8.95,6.9,10,Regular,865400,873422,8022,8022,24.64027069,24.64027069,1,"jet motor used, ebb tide",NA,Aquatic Non-Insects,120,Family,Lebertiidae,Lebertiidae,Adults,0,0,0,NA,NA,NA,NA,NA,NA,NA,NA,NA,NA,NA   NA   NA   NA,NA   NA   NA   NA
SHR_2016-05-31 08:50:00,5/31/2016 8:50,SHR,2016,A,FALSE,CLR,NA,NA,19.93,1.25,110,111,7.57,8.95,6.9,10,Regular,865400,873422,8022,8022,24.64027069,24.64027069,1,"jet motor used, ebb tide",NA,Aquatic Non-Insects,28,Family,Lebertiidae,Lebertiidae,NotDetermined,1,0.041,0.041,NA,NA,NA,NA,NA,NA,NA,NA,NA,NA,NA   NA   NA   NA,NA   NA   NA   NA
SHR_2016-05-31 08:50:00,5/31/2016 8:50,SHR,2016,A,FALSE,CLR,NA,NA,19.93,1.25,110,111,7.57,8.95,6.9,10,Regular,865400,873422,8022,8022,24.64027069,24.64027069,1,"jet motor used, ebb tide",NA,Aquatic Non-Insects,120,Family,Lebertiidae,Lebertiidae,NotDetermined,1,0.041,0.041,NA,NA,NA,NA,NA,NA,NA,NA,NA,NA,NA   NA   NA   NA,NA   NA   NA   NA
SHR_2016-05-31 08:50:00,5/31/2016 8:50,SHR,2016,A,FALSE,CLR,NA,NA,19.93,1.25,110,111,7.57,8.95,6.9,10,Regular,865400,873422,8022,8022,24.64027069,24.64027069,1,"jet motor used, ebb tide",NA,Aquatic Non-Insects,128,Family,Mideopsidae,Mideopsidae,Larvae,0,0,0,NA,NA,NA,NA,NA,NA,NA,NA,NA,NA,NA   NA   NA   NA,NA   NA   NA   NA
SHR_2016-05-31 08:50:00,5/31/2016 8:50,SHR,2016,A,FALSE,CLR,NA,NA,19.93,1.25,110,111,7.57,8.95,6.9,10,Regular,865400,873422,8022,8022,24.64027069,24.64027069,1,"jet motor used, ebb tide",NA,Aquatic Non-Insects,128,Family,Mideopsidae,Mideopsidae,Pupae,0,0,0,NA,NA,NA,NA,NA,NA,NA,NA,NA,NA,NA   NA   NA   NA,NA   NA   NA   NA
SHR_2016-05-31 08:50:00,5/31/2016 8:50,SHR,2016,A,FALSE,CLR,NA,NA,19.93,1.25,110,111,7.57,8.95,6.9,10,Regular,865400,873422,8022,8022,24.64027069,24.64027069,1,"jet motor used, ebb tide",NA,Aquatic Non-Insects,128,Family,Mideopsidae,Mideopsidae,Nymphs,0,0,0,NA,NA,NA,NA,NA,NA,NA,NA,NA,NA,NA   NA   NA   NA,NA   NA   NA   NA
SHR_2016-05-31 08:50:00,5/31/2016 8:50,SHR,2016,A,FALSE,CLR,NA,NA,19.93,1.25,110,111,7.57,8.95,6.9,10,Regular,865400,873422,8022,8022,24.64027069,24.64027069,1,"jet motor used, ebb tide",NA,Aquatic Non-Insects,128,Family,Mideopsidae,Mideopsidae,Emergents,0,0,0,NA,NA,NA,NA,NA,NA,NA,NA,NA,NA,NA   NA   NA   NA,NA   NA   NA   NA
SHR_2016-05-31 08:50:00,5/31/2016 8:50,SHR,2016,A,FALSE,CLR,NA,NA,19.93,1.25,110,111,7.57,8.95,6.9,10,Regular,865400,873422,8022,8022,24.64027069,24.64027069,1,"jet motor used, ebb tide",NA,Aquatic Non-Insects,128,Family,Mideopsidae,Mideopsidae,Adults,0,0,0,NA,NA,NA,NA,NA,NA,NA,NA,NA,NA,NA   NA   NA   NA,NA   NA   NA   NA
SHR_2016-05-31 08:50:00,5/31/2016 8:50,SHR,2016,A,FALSE,CLR,NA,NA,19.93,1.25,110,111,7.57,8.95,6.9,10,Regular,865400,873422,8022,8022,24.64027069,24.64027069,1,"jet motor used, ebb tide",NA,Aquatic Non-Insects,128,Family,Mideopsidae,Mideopsidae,NotDetermined,2,0.081,0.081,NA,NA,NA,NA,NA,NA,NA,NA,NA,NA,NA   NA   NA   NA,NA   NA   NA   NA
SHR_2016-05-31 08:50:00,5/31/2016 8:50,SHR,2016,A,FALSE,CLR,NA,NA,19.93,1.25,110,111,7.57,8.95,6.9,10,Regular,865400,873422,8022,8022,24.64027069,24.64027069,1,"jet motor used, ebb tide",NA,Aquatic Non-Insects,123,Family,Pionidae,Pionidae,Larvae,0,0,0,NA,NA,NA,NA,NA,NA,NA,NA,NA,NA,NA   NA   NA   NA,NA   NA   NA   NA
SHR_2016-05-31 08:50:00,5/31/2016 8:50,SHR,2016,A,FALSE,CLR,NA,NA,19.93,1.25,110,111,7.57,8.95,6.9,10,Regular,865400,873422,8022,8022,24.64027069,24.64027069,1,"jet motor used, ebb tide",NA,Aquatic Non-Insects,123,Family,Pionidae,Pionidae,Pupae,0,0,0,NA,NA,NA,NA,NA,NA,NA,NA,NA,NA,NA   NA   NA   NA,NA   NA   NA   NA
SHR_2016-05-31 08:50:00,5/31/2016 8:50,SHR,2016,A,FALSE,CLR,NA,NA,19.93,1.25,110,111,7.57,8.95,6.9,10,Regular,865400,873422,8022,8022,24.64027069,24.64027069,1,"jet motor used, ebb tide",NA,Aquatic Non-Insects,123,Family,Pionidae,Pionidae,Nymphs,0,0,0,NA,NA,NA,NA,NA,NA,NA,NA,NA,NA,NA   NA   NA   NA,NA   NA   NA   NA
SHR_2016-05-31 08:50:00,5/31/2016 8:50,SHR,2016,A,FALSE,CLR,NA,NA,19.93,1.25,110,111,7.57,8.95,6.9,10,Regular,865400,873422,8022,8022,24.64027069,24.64027069,1,"jet motor used, ebb tide",NA,Aquatic Non-Insects,123,Family,Pionidae,Pionidae,Emergents,0,0,0,NA,NA,NA,NA,NA,NA,NA,NA,NA,NA,NA   NA   NA   NA,NA   NA   NA   NA
SHR_2016-05-31 08:50:00,5/31/2016 8:50,SHR,2016,A,FALSE,CLR,NA,NA,19.93,1.25,110,111,7.57,8.95,6.9,10,Regular,865400,873422,8022,8022,24.64027069,24.64027069,1,"jet motor used, ebb tide",NA,Aquatic Non-Insects,123,Family,Pionidae,Pionidae,Adults,0,0,0,NA,NA,NA,NA,NA,NA,NA,NA,NA,NA,NA   NA   NA   NA,NA   NA   NA   NA
SHR_2016-05-31 08:50:00,5/31/2016 8:50,SHR,2016,A,FALSE,CLR,NA,NA,19.93,1.25,110,111,7.57,8.95,6.9,10,Regular,865400,873422,8022,8022,24.64027069,24.64027069,1,"jet motor used, ebb tide",NA,Aquatic Non-Insects,123,Family,Pionidae,Pionidae,NotDetermined,1,0.041,0.041,NA,NA,NA,NA,NA,NA,NA,NA,NA,NA,NA   NA   NA   NA,NA   NA   NA   NA
SHR_2016-05-31 08:50:00,5/31/2016 8:50,SHR,2016,A,FALSE,CLR,NA,NA,19.93,1.25,110,111,7.57,8.95,6.9,10,Regular,865400,873422,8022,8022,24.64027069,24.64027069,1,"jet motor used, ebb tide",NA,Terrestrial Insects,71,Order,Hemiptera,Hemiptera,Larvae,1,0.041,0.041,NA,NA,NA,NA,NA,NA,NA,NA,NA,NA,NA   NA   NA   NA,NA   NA   NA   NA
SHR_2016-05-31 08:50:00,5/31/2016 8:50,SHR,2016,A,FALSE,CLR,NA,NA,19.93,1.25,110,111,7.57,8.95,6.9,10,Regular,865400,873422,8022,8022,24.64027069,24.64027069,1,"jet motor used, ebb tide",NA,Terrestrial Insects,71,Order,Hemiptera,Hemiptera,Pupae,0,0,0,NA,NA,NA,NA,NA,NA,NA,NA,NA,NA,NA   NA   NA   NA,NA   NA   NA   NA
SHR_2016-05-31 08:50:00,5/31/2016 8:50,SHR,2016,A,FALSE,CLR,NA,NA,19.93,1.25,110,111,7.57,8.95,6.9,10,Regular,865400,873422,8022,8022,24.64027069,24.64027069,1,"jet motor used, ebb tide",NA,Terrestrial Insects,71,Order,Hemiptera,Hemiptera,Nymphs,0,0,0,NA,NA,NA,NA,NA,NA,NA,NA,NA,NA,NA   NA   NA   NA,NA   NA   NA   NA
SHR_2016-05-31 08:50:00,5/31/2016 8:50,SHR,2016,A,FALSE,CLR,NA,NA,19.93,1.25,110,111,7.57,8.95,6.9,10,Regular,865400,873422,8022,8022,24.64027069,24.64027069,1,"jet motor used, ebb tide",NA,Terrestrial Insects,71,Order,Hemiptera,Hemiptera,Emergents,0,0,0,NA,NA,NA,NA,NA,NA,NA,NA,NA,NA,NA   NA   NA   NA,NA   NA   NA   NA
SHR_2016-05-31 08:50:00,5/31/2016 8:50,SHR,2016,A,FALSE,CLR,NA,NA,19.93,1.25,110,111,7.57,8.95,6.9,10,Regular,865400,873422,8022,8022,24.64027069,24.64027069,1,"jet motor used, ebb tide",NA,Terrestrial Insects,71,Order,Hemiptera,Hemiptera,Adults,5,0.203,0.203,NA,NA,NA,NA,NA,NA,NA,NA,NA,NA,NA   NA   NA   NA,NA   NA   NA   NA
SHR_2016-05-31 08:50:00,5/31/2016 8:50,SHR,2016,A,FALSE,CLR,NA,NA,19.93,1.25,110,111,7.57,8.95,6.9,10,Regular,865400,873422,8022,8022,24.64027069,24.64027069,1,"jet motor used, ebb tide",NA,Terrestrial Insects,71,Order,Hemiptera,Hemiptera,NotDetermined,0,0,0,NA,NA,NA,NA,NA,NA,NA,NA,NA,NA,NA   NA   NA   NA,NA   NA   NA   NA
SHR_2016-05-31 08:50:00,5/31/2016 8:50,SHR,2016,A,FALSE,CLR,NA,NA,19.93,1.25,110,111,7.57,8.95,6.9,10,Regular,865400,873422,8022,8022,24.64027069,24.64027069,1,"jet motor used, ebb tide",NA,Terrestrial Insects,63,Order,Coleoptera,Coleoptera,Larvae,1,0.041,0.041,NA,NA,NA,NA,NA,NA,NA,NA,NA,NA,NA   NA   NA   NA,NA   NA   NA   NA
SHR_2016-05-31 08:50:00,5/31/2016 8:50,SHR,2016,A,FALSE,CLR,NA,NA,19.93,1.25,110,111,7.57,8.95,6.9,10,Regular,865400,873422,8022,8022,24.64027069,24.64027069,1,"jet motor used, ebb tide",NA,Terrestrial Insects,63,Order,Coleoptera,Coleoptera,Pupae,0,0,0,NA,NA,NA,NA,NA,NA,NA,NA,NA,NA,NA   NA   NA   NA,NA   NA   NA   NA
SHR_2016-05-31 08:50:00,5/31/2016 8:50,SHR,2016,A,FALSE,CLR,NA,NA,19.93,1.25,110,111,7.57,8.95,6.9,10,Regular,865400,873422,8022,8022,24.64027069,24.64027069,1,"jet motor used, ebb tide",NA,Terrestrial Insects,63,Order,Coleoptera,Coleoptera,Nymphs,0,0,0,NA,NA,NA,NA,NA,NA,NA,NA,NA,NA,NA   NA   NA   NA,NA   NA   NA   NA
SHR_2016-05-31 08:50:00,5/31/2016 8:50,SHR,2016,A,FALSE,CLR,NA,NA,19.93,1.25,110,111,7.57,8.95,6.9,10,Regular,865400,873422,8022,8022,24.64027069,24.64027069,1,"jet motor used, ebb tide",NA,Terrestrial Insects,63,Order,Coleoptera,Coleoptera,Emergents,0,0,0,NA,NA,NA,NA,NA,NA,NA,NA,NA,NA,NA   NA   NA   NA,NA   NA   NA   NA
SHR_2016-05-31 08:50:00,5/31/2016 8:50,SHR,2016,A,FALSE,CLR,NA,NA,19.93,1.25,110,111,7.57,8.95,6.9,10,Regular,865400,873422,8022,8022,24.64027069,24.64027069,1,"jet motor used, ebb tide",NA,Terrestrial Insects,63,Order,Coleoptera,Coleoptera,Adults,6,0.244,0.244,NA,NA,NA,NA,NA,NA,NA,NA,NA,NA,NA   NA   NA   NA,NA   NA   NA   NA
SHR_2016-05-31 08:50:00,5/31/2016 8:50,SHR,2016,A,FALSE,CLR,NA,NA,19.93,1.25,110,111,7.57,8.95,6.9,10,Regular,865400,873422,8022,8022,24.64027069,24.64027069,1,"jet motor used, ebb tide",NA,Terrestrial Insects,63,Order,Coleoptera,Coleoptera,NotDetermined,0,0,0,NA,NA,NA,NA,NA,NA,NA,NA,NA,NA,NA   NA   NA   NA,NA   NA   NA   NA
SHR_2016-05-31 08:50:00,5/31/2016 8:50,SHR,2016,A,FALSE,CLR,NA,NA,19.93,1.25,110,111,7.57,8.95,6.9,10,Regular,865400,873422,8022,8022,24.64027069,24.64027069,1,"jet motor used, ebb tide",NA,Terrestrial Insects,64,Order,Diptera,Diptera,Larvae,0,0,0,NA,NA,NA,NA,NA,NA,NA,NA,NA,NA,NA   NA   NA   NA,NA   NA   NA   NA
SHR_2016-05-31 08:50:00,5/31/2016 8:50,SHR,2016,A,FALSE,CLR,NA,NA,19.93,1.25,110,111,7.57,8.95,6.9,10,Regular,865400,873422,8022,8022,24.64027069,24.64027069,1,"jet motor used, ebb tide",NA,Terrestrial Insects,64,Order,Diptera,Diptera,Pupae,0,0,0,NA,NA,NA,NA,NA,NA,NA,NA,NA,NA,NA   NA   NA   NA,NA   NA   NA   NA
SHR_2016-05-31 08:50:00,5/31/2016 8:50,SHR,2016,A,FALSE,CLR,NA,NA,19.93,1.25,110,111,7.57,8.95,6.9,10,Regular,865400,873422,8022,8022,24.64027069,24.64027069,1,"jet motor used, ebb tide",NA,Terrestrial Insects,64,Order,Diptera,Diptera,Nymphs,0,0,0,NA,NA,NA,NA,NA,NA,NA,NA,NA,NA,NA   NA   NA   NA,NA   NA   NA   NA
SHR_2016-05-31 08:50:00,5/31/2016 8:50,SHR,2016,A,FALSE,CLR,NA,NA,19.93,1.25,110,111,7.57,8.95,6.9,10,Regular,865400,873422,8022,8022,24.64027069,24.64027069,1,"jet motor used, ebb tide",NA,Terrestrial Insects,64,Order,Diptera,Diptera,Emergents,0,0,0,NA,NA,NA,NA,NA,NA,NA,NA,NA,NA,NA   NA   NA   NA,NA   NA   NA   NA
SHR_2016-05-31 08:50:00,5/31/2016 8:50,SHR,2016,A,FALSE,CLR,NA,NA,19.93,1.25,110,111,7.57,8.95,6.9,10,Regular,865400,873422,8022,8022,24.64027069,24.64027069,1,"jet motor used, ebb tide",NA,Terrestrial Insects,64,Order,Diptera,Diptera,Adults,111,4.505,4.505,NA,NA,NA,NA,NA,NA,NA,NA,NA,NA,NA   NA   NA   NA,NA   NA   NA   NA
SHR_2016-05-31 08:50:00,5/31/2016 8:50,SHR,2016,A,FALSE,CLR,NA,NA,19.93,1.25,110,111,7.57,8.95,6.9,10,Regular,865400,873422,8022,8022,24.64027069,24.64027069,1,"jet motor used, ebb tide",NA,Terrestrial Insects,64,Order,Diptera,Diptera,NotDetermined,0,0,0,NA,NA,NA,NA,NA,NA,NA,NA,NA,NA,NA   NA   NA   NA,NA   NA   NA   NA
SHR_2016-05-31 08:50:00,5/31/2016 8:50,SHR,2016,A,FALSE,CLR,NA,NA,19.93,1.25,110,111,7.57,8.95,6.9,10,Regular,865400,873422,8022,8022,24.64027069,24.64027069,1,"jet motor used, ebb tide",NA,Terrestrial Non-Insects,68,Order,Collembola,Collembola,Larvae,0,0,0,NA,NA,NA,NA,NA,NA,NA,NA,NA,NA,NA   NA   NA   NA,NA   NA   NA   NA
SHR_2016-05-31 08:50:00,5/31/2016 8:50,SHR,2016,A,FALSE,CLR,NA,NA,19.93,1.25,110,111,7.57,8.95,6.9,10,Regular,865400,873422,8022,8022,24.64027069,24.64027069,1,"jet motor used, ebb tide",NA,Terrestrial Non-Insects,68,Order,Collembola,Collembola,Pupae,0,0,0,NA,NA,NA,NA,NA,NA,NA,NA,NA,NA,NA   NA   NA   NA,NA   NA   NA   NA
SHR_2016-05-31 08:50:00,5/31/2016 8:50,SHR,2016,A,FALSE,CLR,NA,NA,19.93,1.25,110,111,7.57,8.95,6.9,10,Regular,865400,873422,8022,8022,24.64027069,24.64027069,1,"jet motor used, ebb tide",NA,Terrestrial Non-Insects,68,Order,Collembola,Collembola,Nymphs,0,0,0,NA,NA,NA,NA,NA,NA,NA,NA,NA,NA,NA   NA   NA   NA,NA   NA   NA   NA
SHR_2016-05-31 08:50:00,5/31/2016 8:50,SHR,2016,A,FALSE,CLR,NA,NA,19.93,1.25,110,111,7.57,8.95,6.9,10,Regular,865400,873422,8022,8022,24.64027069,24.64027069,1,"jet motor used, ebb tide",NA,Terrestrial Non-Insects,68,Order,Collembola,Collembola,Emergents,0,0,0,NA,NA,NA,NA,NA,NA,NA,NA,NA,NA,NA   NA   NA   NA,NA   NA   NA   NA
SHR_2016-05-31 08:50:00,5/31/2016 8:50,SHR,2016,A,FALSE,CLR,NA,NA,19.93,1.25,110,111,7.57,8.95,6.9,10,Regular,865400,873422,8022,8022,24.64027069,24.64027069,1,"jet motor used, ebb tide",NA,Terrestrial Non-Insects,68,Order,Collembola,Collembola,Adults,0,0,0,NA,NA,NA,NA,NA,NA,NA,NA,NA,NA,NA   NA   NA   NA,NA   NA   NA   NA
SHR_2016-05-31 08:50:00,5/31/2016 8:50,SHR,2016,A,FALSE,CLR,NA,NA,19.93,1.25,110,111,7.57,8.95,6.9,10,Regular,865400,873422,8022,8022,24.64027069,24.64027069,1,"jet motor used, ebb tide",NA,Terrestrial Non-Insects,68,Order,Collembola,Collembola,NotDetermined,1,0.041,0.041,NA,NA,NA,NA,NA,NA,NA,NA,NA,NA,NA   NA   NA   NA,NA   NA   NA   NA
SHR_2016-05-31 08:50:00,5/31/2016 8:50,SHR,2016,A,FALSE,CLR,NA,NA,19.93,1.25,110,111,7.57,8.95,6.9,10,Regular,865400,873422,8022,8022,24.64027069,24.64027069,1,"jet motor used, ebb tide",NA,Terrestrial Insects,66,Order,Hymenoptera,Hymenoptera,Larvae,0,0,0,NA,NA,NA,NA,NA,NA,NA,NA,NA,NA,NA   NA   NA   NA,NA   NA   NA   NA
SHR_2016-05-31 08:50:00,5/31/2016 8:50,SHR,2016,A,FALSE,CLR,NA,NA,19.93,1.25,110,111,7.57,8.95,6.9,10,Regular,865400,873422,8022,8022,24.64027069,24.64027069,1,"jet motor used, ebb tide",NA,Terrestrial Insects,66,Order,Hymenoptera,Hymenoptera,Pupae,0,0,0,NA,NA,NA,NA,NA,NA,NA,NA,NA,NA,NA   NA   NA   NA,NA   NA   NA   NA
SHR_2016-05-31 08:50:00,5/31/2016 8:50,SHR,2016,A,FALSE,CLR,NA,NA,19.93,1.25,110,111,7.57,8.95,6.9,10,Regular,865400,873422,8022,8022,24.64027069,24.64027069,1,"jet motor used, ebb tide",NA,Terrestrial Insects,66,Order,Hymenoptera,Hymenoptera,Nymphs,0,0,0,NA,NA,NA,NA,NA,NA,NA,NA,NA,NA,NA   NA   NA   NA,NA   NA   NA   NA
SHR_2016-05-31 08:50:00,5/31/2016 8:50,SHR,2016,A,FALSE,CLR,NA,NA,19.93,1.25,110,111,7.57,8.95,6.9,10,Regular,865400,873422,8022,8022,24.64027069,24.64027069,1,"jet motor used, ebb tide",NA,Terrestrial Insects,66,Order,Hymenoptera,Hymenoptera,Emergents,0,0,0,NA,NA,NA,NA,NA,NA,NA,NA,NA,NA,NA   NA   NA   NA,NA   NA   NA   NA
SHR_2016-05-31 08:50:00,5/31/2016 8:50,SHR,2016,A,FALSE,CLR,NA,NA,19.93,1.25,110,111,7.57,8.95,6.9,10,Regular,865400,873422,8022,8022,24.64027069,24.64027069,1,"jet motor used, ebb tide",NA,Terrestrial Insects,66,Order,Hymenoptera,Hymenoptera,Adults,62,2.516,2.516,NA,NA,NA,NA,NA,NA,NA,NA,NA,NA,NA   NA   NA   NA,NA   NA   NA   NA
SHR_2016-05-31 08:50:00,5/31/2016 8:50,SHR,2016,A,FALSE,CLR,NA,NA,19.93,1.25,110,111,7.57,8.95,6.9,10,Regular,865400,873422,8022,8022,24.64027069,24.64027069,1,"jet motor used, ebb tide",NA,Terrestrial Insects,66,Order,Hymenoptera,Hymenoptera,NotDetermined,0,0,0,NA,NA,NA,NA,NA,NA,NA,NA,NA,NA,NA   NA   NA   NA,NA   NA   NA   NA
SHR_2016-05-31 08:50:00,5/31/2016 8:50,SHR,2016,A,FALSE,CLR,NA,NA,19.93,1.25,110,111,7.57,8.95,6.9,10,Regular,865400,873422,8022,8022,24.64027069,24.64027069,1,"jet motor used, ebb tide",NA,Terrestrial Insects,67,Order,Psocoptera,Psocoptera,Larvae,6,0.244,0.244,NA,NA,NA,NA,NA,NA,NA,NA,NA,NA,NA   NA   NA   NA,NA   NA   NA   NA
SHR_2016-05-31 08:50:00,5/31/2016 8:50,SHR,2016,A,FALSE,CLR,NA,NA,19.93,1.25,110,111,7.57,8.95,6.9,10,Regular,865400,873422,8022,8022,24.64027069,24.64027069,1,"jet motor used, ebb tide",NA,Terrestrial Insects,67,Order,Psocoptera,Psocoptera,Pupae,0,0,0,NA,NA,NA,NA,NA,NA,NA,NA,NA,NA,NA   NA   NA   NA,NA   NA   NA   NA
SHR_2016-05-31 08:50:00,5/31/2016 8:50,SHR,2016,A,FALSE,CLR,NA,NA,19.93,1.25,110,111,7.57,8.95,6.9,10,Regular,865400,873422,8022,8022,24.64027069,24.64027069,1,"jet motor used, ebb tide",NA,Terrestrial Insects,67,Order,Psocoptera,Psocoptera,Nymphs,0,0,0,NA,NA,NA,NA,NA,NA,NA,NA,NA,NA,NA   NA   NA   NA,NA   NA   NA   NA
SHR_2016-05-31 08:50:00,5/31/2016 8:50,SHR,2016,A,FALSE,CLR,NA,NA,19.93,1.25,110,111,7.57,8.95,6.9,10,Regular,865400,873422,8022,8022,24.64027069,24.64027069,1,"jet motor used, ebb tide",NA,Terrestrial Insects,67,Order,Psocoptera,Psocoptera,Emergents,0,0,0,NA,NA,NA,NA,NA,NA,NA,NA,NA,NA,NA   NA   NA   NA,NA   NA   NA   NA
SHR_2016-05-31 08:50:00,5/31/2016 8:50,SHR,2016,A,FALSE,CLR,NA,NA,19.93,1.25,110,111,7.57,8.95,6.9,10,Regular,865400,873422,8022,8022,24.64027069,24.64027069,1,"jet motor used, ebb tide",NA,Terrestrial Insects,67,Order,Psocoptera,Psocoptera,Adults,0,0,0,NA,NA,NA,NA,NA,NA,NA,NA,NA,NA,NA   NA   NA   NA,NA   NA   NA   NA
SHR_2016-05-31 08:50:00,5/31/2016 8:50,SHR,2016,A,FALSE,CLR,NA,NA,19.93,1.25,110,111,7.57,8.95,6.9,10,Regular,865400,873422,8022,8022,24.64027069,24.64027069,1,"jet motor used, ebb tide",NA,Terrestrial Insects,67,Order,Psocoptera,Psocoptera,NotDetermined,0,0,0,NA,NA,NA,NA,NA,NA,NA,NA,NA,NA,NA   NA   NA   NA,NA   NA   NA   NA
SHR_2016-05-31 08:50:00,5/31/2016 8:50,SHR,2016,A,FALSE,CLR,NA,NA,19.93,1.25,110,111,7.57,8.95,6.9,10,Regular,865400,873422,8022,8022,24.64027069,24.64027069,1,"jet motor used, ebb tide",NA,Terrestrial Insects,85,Order,Thysanoptera,Thysanoptera,Larvae,0,0,0,NA,NA,NA,NA,NA,NA,NA,NA,NA,NA,NA   NA   NA   NA,NA   NA   NA   NA
SHR_2016-05-31 08:50:00,5/31/2016 8:50,SHR,2016,A,FALSE,CLR,NA,NA,19.93,1.25,110,111,7.57,8.95,6.9,10,Regular,865400,873422,8022,8022,24.64027069,24.64027069,1,"jet motor used, ebb tide",NA,Terrestrial Insects,85,Order,Thysanoptera,Thysanoptera,Pupae,0,0,0,NA,NA,NA,NA,NA,NA,NA,NA,NA,NA,NA   NA   NA   NA,NA   NA   NA   NA
SHR_2016-05-31 08:50:00,5/31/2016 8:50,SHR,2016,A,FALSE,CLR,NA,NA,19.93,1.25,110,111,7.57,8.95,6.9,10,Regular,865400,873422,8022,8022,24.64027069,24.64027069,1,"jet motor used, ebb tide",NA,Terrestrial Insects,85,Order,Thysanoptera,Thysanoptera,Nymphs,0,0,0,NA,NA,NA,NA,NA,NA,NA,NA,NA,NA,NA   NA   NA   NA,NA   NA   NA   NA
SHR_2016-05-31 08:50:00,5/31/2016 8:50,SHR,2016,A,FALSE,CLR,NA,NA,19.93,1.25,110,111,7.57,8.95,6.9,10,Regular,865400,873422,8022,8022,24.64027069,24.64027069,1,"jet motor used, ebb tide",NA,Terrestrial Insects,85,Order,Thysanoptera,Thysanoptera,Emergents,0,0,0,NA,NA,NA,NA,NA,NA,NA,NA,NA,NA,NA   NA   NA   NA,NA   NA   NA   NA
SHR_2016-05-31 08:50:00,5/31/2016 8:50,SHR,2016,A,FALSE,CLR,NA,NA,19.93,1.25,110,111,7.57,8.95,6.9,10,Regular,865400,873422,8022,8022,24.64027069,24.64027069,1,"jet motor used, ebb tide",NA,Terrestrial Insects,85,Order,Thysanoptera,Thysanoptera,Adults,1,0.041,0.041,NA,NA,NA,NA,NA,NA,NA,NA,NA,NA,NA   NA   NA   NA,NA   NA   NA   NA
SHR_2016-05-31 08:50:00,5/31/2016 8:50,SHR,2016,A,FALSE,CLR,NA,NA,19.93,1.25,110,111,7.57,8.95,6.9,10,Regular,865400,873422,8022,8022,24.64027069,24.64027069,1,"jet motor used, ebb tide",NA,Terrestrial Insects,85,Order,Thysanoptera,Thysanoptera,NotDetermined,0,0,0,NA,NA,NA,NA,NA,NA,NA,NA,NA,NA,NA   NA   NA   NA,NA   NA   NA   NA
SHR_2016-05-31 08:50:00,5/31/2016 8:50,SHR,2016,A,FALSE,CLR,NA,NA,19.93,1.25,110,111,7.57,8.95,6.9,10,Regular,865400,873422,8022,8022,24.64027069,24.64027069,1,"jet motor used, ebb tide",NA,Terrestrial Non-Insects,157,Order,Araneae,Araneae,Larvae,0,0,0,NA,NA,NA,NA,NA,NA,NA,NA,NA,NA,NA   NA   NA   NA,NA   NA   NA   NA
SHR_2016-05-31 08:50:00,5/31/2016 8:50,SHR,2016,A,FALSE,CLR,NA,NA,19.93,1.25,110,111,7.57,8.95,6.9,10,Regular,865400,873422,8022,8022,24.64027069,24.64027069,1,"jet motor used, ebb tide",NA,Terrestrial Non-Insects,157,Order,Araneae,Araneae,Pupae,0,0,0,NA,NA,NA,NA,NA,NA,NA,NA,NA,NA,NA   NA   NA   NA,NA   NA   NA   NA
SHR_2016-05-31 08:50:00,5/31/2016 8:50,SHR,2016,A,FALSE,CLR,NA,NA,19.93,1.25,110,111,7.57,8.95,6.9,10,Regular,865400,873422,8022,8022,24.64027069,24.64027069,1,"jet motor used, ebb tide",NA,Terrestrial Non-Insects,157,Order,Araneae,Araneae,Nymphs,0,0,0,NA,NA,NA,NA,NA,NA,NA,NA,NA,NA,NA   NA   NA   NA,NA   NA   NA   NA
SHR_2016-05-31 08:50:00,5/31/2016 8:50,SHR,2016,A,FALSE,CLR,NA,NA,19.93,1.25,110,111,7.57,8.95,6.9,10,Regular,865400,873422,8022,8022,24.64027069,24.64027069,1,"jet motor used, ebb tide",NA,Terrestrial Non-Insects,157,Order,Araneae,Araneae,Emergents,0,0,0,NA,NA,NA,NA,NA,NA,NA,NA,NA,NA,NA   NA   NA   NA,NA   NA   NA   NA
SHR_2016-05-31 08:50:00,5/31/2016 8:50,SHR,2016,A,FALSE,CLR,NA,NA,19.93,1.25,110,111,7.57,8.95,6.9,10,Regular,865400,873422,8022,8022,24.64027069,24.64027069,1,"jet motor used, ebb tide",NA,Terrestrial Non-Insects,157,Order,Araneae,Araneae,Adults,0,0,0,NA,NA,NA,NA,NA,NA,NA,NA,NA,NA,NA   NA   NA   NA,NA   NA   NA   NA
SHR_2016-05-31 08:50:00,5/31/2016 8:50,SHR,2016,A,FALSE,CLR,NA,NA,19.93,1.25,110,111,7.57,8.95,6.9,10,Regular,865400,873422,8022,8022,24.64027069,24.64027069,1,"jet motor used, ebb tide",NA,Terrestrial Non-Insects,157,Order,Araneae,Araneae,NotDetermined,14,0.568,0.568,NA,NA,NA,NA,NA,NA,NA,NA,NA,NA,NA   NA   NA   NA,NA   NA   NA   NA
STTD_2016-06-01 08:49:00,6/1/2016 8:49,STTD,2016,A,FALSE,CLR,NA,NA,24.19,0.17,339,344,7.92,6.84,61.3,10,Regular,172000,178320,6320,6320,19.41242966,19.41242966,1,NA,NA,Aquatic Insects,44,Family,Corixidae,Corixidae,Larvae,13,0.67,0.67,NA,NA,NA,NA,NA,NA,NA,NA,NA,NA,NA   NA   NA   NA,NA   NA   NA   NA
STTD_2016-06-01 08:49:00,6/1/2016 8:49,STTD,2016,A,FALSE,CLR,NA,NA,24.19,0.17,339,344,7.92,6.84,61.3,10,Regular,172000,178320,6320,6320,19.41242966,19.41242966,1,NA,NA,Aquatic Insects,44,Family,Corixidae,Corixidae,Pupae,0,0,0,NA,NA,NA,NA,NA,NA,NA,NA,NA,NA,NA   NA   NA   NA,NA   NA   NA   NA
STTD_2016-06-01 08:49:00,6/1/2016 8:49,STTD,2016,A,FALSE,CLR,NA,NA,24.19,0.17,339,344,7.92,6.84,61.3,10,Regular,172000,178320,6320,6320,19.41242966,19.41242966,1,NA,NA,Aquatic Insects,44,Family,Corixidae,Corixidae,Nymphs,0,0,0,NA,NA,NA,NA,NA,NA,NA,NA,NA,NA,NA   NA   NA   NA,NA   NA   NA   NA
STTD_2016-06-01 08:49:00,6/1/2016 8:49,STTD,2016,A,FALSE,CLR,NA,NA,24.19,0.17,339,344,7.92,6.84,61.3,10,Regular,172000,178320,6320,6320,19.41242966,19.41242966,1,NA,NA,Aquatic Insects,44,Family,Corixidae,Corixidae,Emergents,0,0,0,NA,NA,NA,NA,NA,NA,NA,NA,NA,NA,NA   NA   NA   NA,NA   NA   NA   NA
STTD_2016-06-01 08:49:00,6/1/2016 8:49,STTD,2016,A,FALSE,CLR,NA,NA,24.19,0.17,339,344,7.92,6.84,61.3,10,Regular,172000,178320,6320,6320,19.41242966,19.41242966,1,NA,NA,Aquatic Insects,44,Family,Corixidae,Corixidae,Adults,0,0,0,NA,NA,NA,NA,NA,NA,NA,NA,NA,NA,NA   NA   NA   NA,NA   NA   NA   NA
STTD_2016-06-01 08:49:00,6/1/2016 8:49,STTD,2016,A,FALSE,CLR,NA,NA,24.19,0.17,339,344,7.92,6.84,61.3,10,Regular,172000,178320,6320,6320,19.41242966,19.41242966,1,NA,NA,Aquatic Insects,44,Family,Corixidae,Corixidae,NotDetermined,0,0,0,NA,NA,NA,NA,NA,NA,NA,NA,NA,NA,NA   NA   NA   NA,NA   NA   NA   NA
STTD_2016-06-01 08:49:00,6/1/2016 8:49,STTD,2016,A,FALSE,CLR,NA,NA,24.19,0.17,339,344,7.92,6.84,61.3,10,Regular,172000,178320,6320,6320,19.41242966,19.41242966,1,NA,NA,Aquatic Insects,52,Family,Hydraenidae,Hydraenidae,Larvae,0,0,0,NA,NA,NA,NA,NA,NA,NA,NA,NA,NA,NA   NA   NA   NA,NA   NA   NA   NA
STTD_2016-06-01 08:49:00,6/1/2016 8:49,STTD,2016,A,FALSE,CLR,NA,NA,24.19,0.17,339,344,7.92,6.84,61.3,10,Regular,172000,178320,6320,6320,19.41242966,19.41242966,1,NA,NA,Aquatic Insects,52,Family,Hydraenidae,Hydraenidae,Pupae,0,0,0,NA,NA,NA,NA,NA,NA,NA,NA,NA,NA,NA   NA   NA   NA,NA   NA   NA   NA
STTD_2016-06-01 08:49:00,6/1/2016 8:49,STTD,2016,A,FALSE,CLR,NA,NA,24.19,0.17,339,344,7.92,6.84,61.3,10,Regular,172000,178320,6320,6320,19.41242966,19.41242966,1,NA,NA,Aquatic Insects,52,Family,Hydraenidae,Hydraenidae,Nymphs,0,0,0,NA,NA,NA,NA,NA,NA,NA,NA,NA,NA,NA   NA   NA   NA,NA   NA   NA   NA
STTD_2016-06-01 08:49:00,6/1/2016 8:49,STTD,2016,A,FALSE,CLR,NA,NA,24.19,0.17,339,344,7.92,6.84,61.3,10,Regular,172000,178320,6320,6320,19.41242966,19.41242966,1,NA,NA,Aquatic Insects,52,Family,Hydraenidae,Hydraenidae,Emergents,0,0,0,NA,NA,NA,NA,NA,NA,NA,NA,NA,NA,NA   NA   NA   NA,NA   NA   NA   NA
STTD_2016-06-01 08:49:00,6/1/2016 8:49,STTD,2016,A,FALSE,CLR,NA,NA,24.19,0.17,339,344,7.92,6.84,61.3,10,Regular,172000,178320,6320,6320,19.41242966,19.41242966,1,NA,NA,Aquatic Insects,52,Family,Hydraenidae,Hydraenidae,Adults,1,0.052,0.052,NA,NA,NA,NA,NA,NA,NA,NA,NA,NA,NA   NA   NA   NA,NA   NA   NA   NA
STTD_2016-06-01 08:49:00,6/1/2016 8:49,STTD,2016,A,FALSE,CLR,NA,NA,24.19,0.17,339,344,7.92,6.84,61.3,10,Regular,172000,178320,6320,6320,19.41242966,19.41242966,1,NA,NA,Aquatic Insects,52,Family,Hydraenidae,Hydraenidae,NotDetermined,0,0,0,NA,NA,NA,NA,NA,NA,NA,NA,NA,NA,NA   NA   NA   NA,NA   NA   NA   NA
STTD_2016-06-01 08:49:00,6/1/2016 8:49,STTD,2016,A,FALSE,CLR,NA,NA,24.19,0.17,339,344,7.92,6.84,61.3,10,Regular,172000,178320,6320,6320,19.41242966,19.41242966,1,NA,NA,Aquatic Insects,34,Family,Chironomidae,Chironomidae,Larvae,0,0,0,NA,NA,NA,NA,NA,NA,NA,NA,NA,NA,NA   NA   NA   NA,NA   NA   NA   NA
STTD_2016-06-01 08:49:00,6/1/2016 8:49,STTD,2016,A,FALSE,CLR,NA,NA,24.19,0.17,339,344,7.92,6.84,61.3,10,Regular,172000,178320,6320,6320,19.41242966,19.41242966,1,NA,NA,Aquatic Insects,34,Family,Chironomidae,Chironomidae,Pupae,1,0.052,0.052,NA,NA,NA,NA,NA,NA,NA,NA,NA,NA,NA   NA   NA   NA,NA   NA   NA   NA
STTD_2016-06-01 08:49:00,6/1/2016 8:49,STTD,2016,A,FALSE,CLR,NA,NA,24.19,0.17,339,344,7.92,6.84,61.3,10,Regular,172000,178320,6320,6320,19.41242966,19.41242966,1,NA,NA,Aquatic Insects,34,Family,Chironomidae,Chironomidae,Nymphs,0,0,0,NA,NA,NA,NA,NA,NA,NA,NA,NA,NA,NA   NA   NA   NA,NA   NA   NA   NA
STTD_2016-06-01 08:49:00,6/1/2016 8:49,STTD,2016,A,FALSE,CLR,NA,NA,24.19,0.17,339,344,7.92,6.84,61.3,10,Regular,172000,178320,6320,6320,19.41242966,19.41242966,1,NA,NA,Aquatic Insects,34,Family,Chironomidae,Chironomidae,Emergents,0,0,0,NA,NA,NA,NA,NA,NA,NA,NA,NA,NA,NA   NA   NA   NA,NA   NA   NA   NA
STTD_2016-06-01 08:49:00,6/1/2016 8:49,STTD,2016,A,FALSE,CLR,NA,NA,24.19,0.17,339,344,7.92,6.84,61.3,10,Regular,172000,178320,6320,6320,19.41242966,19.41242966,1,NA,NA,Aquatic Insects,34,Family,Chironomidae,Chironomidae,Adults,0,0,0,NA,NA,NA,NA,NA,NA,NA,NA,NA,NA,NA   NA   NA   NA,NA   NA   NA   NA
STTD_2016-06-01 08:49:00,6/1/2016 8:49,STTD,2016,A,FALSE,CLR,NA,NA,24.19,0.17,339,344,7.92,6.84,61.3,10,Regular,172000,178320,6320,6320,19.41242966,19.41242966,1,NA,NA,Aquatic Insects,34,Family,Chironomidae,Chironomidae,NotDetermined,0,0,0,NA,NA,NA,NA,NA,NA,NA,NA,NA,NA,NA   NA   NA   NA,NA   NA   NA   NA
STTD_2016-06-01 08:49:00,6/1/2016 8:49,STTD,2016,A,FALSE,CLR,NA,NA,24.19,0.17,339,344,7.92,6.84,61.3,10,Regular,172000,178320,6320,6320,19.41242966,19.41242966,1,NA,NA,Aquatic Non-Insects,172,Family,Murchisonellidae,Murchisonellidae,Larvae,0,0,0,NA,NA,NA,NA,NA,NA,NA,NA,NA,NA,NA   NA   NA   NA,NA   NA   NA   NA
STTD_2016-06-01 08:49:00,6/1/2016 8:49,STTD,2016,A,FALSE,CLR,NA,NA,24.19,0.17,339,344,7.92,6.84,61.3,10,Regular,172000,178320,6320,6320,19.41242966,19.41242966,1,NA,NA,Aquatic Non-Insects,172,Family,Murchisonellidae,Murchisonellidae,Pupae,0,0,0,NA,NA,NA,NA,NA,NA,NA,NA,NA,NA,NA   NA   NA   NA,NA   NA   NA   NA
STTD_2016-06-01 08:49:00,6/1/2016 8:49,STTD,2016,A,FALSE,CLR,NA,NA,24.19,0.17,339,344,7.92,6.84,61.3,10,Regular,172000,178320,6320,6320,19.41242966,19.41242966,1,NA,NA,Aquatic Non-Insects,172,Family,Murchisonellidae,Murchisonellidae,Nymphs,0,0,0,NA,NA,NA,NA,NA,NA,NA,NA,NA,NA,NA   NA   NA   NA,NA   NA   NA   NA
STTD_2016-06-01 08:49:00,6/1/2016 8:49,STTD,2016,A,FALSE,CLR,NA,NA,24.19,0.17,339,344,7.92,6.84,61.3,10,Regular,172000,178320,6320,6320,19.41242966,19.41242966,1,NA,NA,Aquatic Non-Insects,172,Family,Murchisonellidae,Murchisonellidae,Emergents,0,0,0,NA,NA,NA,NA,NA,NA,NA,NA,NA,NA,NA   NA   NA   NA,NA   NA   NA   NA
STTD_2016-06-01 08:49:00,6/1/2016 8:49,STTD,2016,A,FALSE,CLR,NA,NA,24.19,0.17,339,344,7.92,6.84,61.3,10,Regular,172000,178320,6320,6320,19.41242966,19.41242966,1,NA,NA,Aquatic Non-Insects,172,Family,Murchisonellidae,Murchisonellidae,Adults,0,0,0,NA,NA,NA,NA,NA,NA,NA,NA,NA,NA,NA   NA   NA   NA,NA   NA   NA   NA
STTD_2016-06-01 08:49:00,6/1/2016 8:49,STTD,2016,A,FALSE,CLR,NA,NA,24.19,0.17,339,344,7.92,6.84,61.3,10,Regular,172000,178320,6320,6320,19.41242966,19.41242966,1,NA,NA,Aquatic Non-Insects,172,Family,Murchisonellidae,Murchisonellidae,NotDetermined,1,0.052,0.052,NA,NA,NA,NA,NA,NA,NA,NA,NA,NA,NA   NA   NA   NA,NA   NA   NA   NA
STTD_2016-06-01 08:49:00,6/1/2016 8:49,STTD,2016,A,FALSE,CLR,NA,NA,24.19,0.17,339,344,7.92,6.84,61.3,10,Regular,172000,178320,6320,6320,19.41242966,19.41242966,1,NA,NA,Aquatic Non-Insects,15,Family,Hyalellidae,Hyalellidae,Larvae,0,0,0,NA,NA,NA,NA,NA,NA,NA,NA,NA,NA,NA   NA   NA   NA,NA   NA   NA   NA
STTD_2016-06-01 08:49:00,6/1/2016 8:49,STTD,2016,A,FALSE,CLR,NA,NA,24.19,0.17,339,344,7.92,6.84,61.3,10,Regular,172000,178320,6320,6320,19.41242966,19.41242966,1,NA,NA,Aquatic Non-Insects,15,Family,Hyalellidae,Hyalellidae,Pupae,0,0,0,NA,NA,NA,NA,NA,NA,NA,NA,NA,NA,NA   NA   NA   NA,NA   NA   NA   NA
STTD_2016-06-01 08:49:00,6/1/2016 8:49,STTD,2016,A,FALSE,CLR,NA,NA,24.19,0.17,339,344,7.92,6.84,61.3,10,Regular,172000,178320,6320,6320,19.41242966,19.41242966,1,NA,NA,Aquatic Non-Insects,15,Family,Hyalellidae,Hyalellidae,Nymphs,0,0,0,NA,NA,NA,NA,NA,NA,NA,NA,NA,NA,NA   NA   NA   NA,NA   NA   NA   NA
STTD_2016-06-01 08:49:00,6/1/2016 8:49,STTD,2016,A,FALSE,CLR,NA,NA,24.19,0.17,339,344,7.92,6.84,61.3,10,Regular,172000,178320,6320,6320,19.41242966,19.41242966,1,NA,NA,Aquatic Non-Insects,15,Family,Hyalellidae,Hyalellidae,Emergents,0,0,0,NA,NA,NA,NA,NA,NA,NA,NA,NA,NA,NA   NA   NA   NA,NA   NA   NA   NA
STTD_2016-06-01 08:49:00,6/1/2016 8:49,STTD,2016,A,FALSE,CLR,NA,NA,24.19,0.17,339,344,7.92,6.84,61.3,10,Regular,172000,178320,6320,6320,19.41242966,19.41242966,1,NA,NA,Aquatic Non-Insects,15,Family,Hyalellidae,Hyalellidae,Adults,0,0,0,NA,NA,NA,NA,NA,NA,NA,NA,NA,NA,NA   NA   NA   NA,NA   NA   NA   NA
STTD_2016-06-01 08:49:00,6/1/2016 8:49,STTD,2016,A,FALSE,CLR,NA,NA,24.19,0.17,339,344,7.92,6.84,61.3,10,Regular,172000,178320,6320,6320,19.41242966,19.41242966,1,NA,NA,Aquatic Non-Insects,15,Family,Hyalellidae,Hyalellidae,NotDetermined,2,0.103,0.103,NA,NA,NA,NA,NA,NA,NA,NA,NA,NA,NA   NA   NA   NA,NA   NA   NA   NA
STTD_2016-06-01 08:49:00,6/1/2016 8:49,STTD,2016,A,FALSE,CLR,NA,NA,24.19,0.17,339,344,7.92,6.84,61.3,10,Regular,172000,178320,6320,6320,19.41242966,19.41242966,1,NA,NA,Aquatic Non-Insects,119,Family,Limnesiidae,Limnesiidae,Larvae,0,0,0,NA,NA,NA,NA,NA,NA,NA,NA,NA,NA,NA   NA   NA   NA,NA   NA   NA   NA
STTD_2016-06-01 08:49:00,6/1/2016 8:49,STTD,2016,A,FALSE,CLR,NA,NA,24.19,0.17,339,344,7.92,6.84,61.3,10,Regular,172000,178320,6320,6320,19.41242966,19.41242966,1,NA,NA,Aquatic Non-Insects,119,Family,Limnesiidae,Limnesiidae,Pupae,0,0,0,NA,NA,NA,NA,NA,NA,NA,NA,NA,NA,NA   NA   NA   NA,NA   NA   NA   NA
STTD_2016-06-01 08:49:00,6/1/2016 8:49,STTD,2016,A,FALSE,CLR,NA,NA,24.19,0.17,339,344,7.92,6.84,61.3,10,Regular,172000,178320,6320,6320,19.41242966,19.41242966,1,NA,NA,Aquatic Non-Insects,119,Family,Limnesiidae,Limnesiidae,Nymphs,0,0,0,NA,NA,NA,NA,NA,NA,NA,NA,NA,NA,NA   NA   NA   NA,NA   NA   NA   NA
STTD_2016-06-01 08:49:00,6/1/2016 8:49,STTD,2016,A,FALSE,CLR,NA,NA,24.19,0.17,339,344,7.92,6.84,61.3,10,Regular,172000,178320,6320,6320,19.41242966,19.41242966,1,NA,NA,Aquatic Non-Insects,119,Family,Limnesiidae,Limnesiidae,Emergents,0,0,0,NA,NA,NA,NA,NA,NA,NA,NA,NA,NA,NA   NA   NA   NA,NA   NA   NA   NA
STTD_2016-06-01 08:49:00,6/1/2016 8:49,STTD,2016,A,FALSE,CLR,NA,NA,24.19,0.17,339,344,7.92,6.84,61.3,10,Regular,172000,178320,6320,6320,19.41242966,19.41242966,1,NA,NA,Aquatic Non-Insects,119,Family,Limnesiidae,Limnesiidae,Adults,0,0,0,NA,NA,NA,NA,NA,NA,NA,NA,NA,NA,NA   NA   NA   NA,NA   NA   NA   NA
STTD_2016-06-01 08:49:00,6/1/2016 8:49,STTD,2016,A,FALSE,CLR,NA,NA,24.19,0.17,339,344,7.92,6.84,61.3,10,Regular,172000,178320,6320,6320,19.41242966,19.41242966,1,NA,NA,Aquatic Non-Insects,119,Family,Limnesiidae,Limnesiidae,NotDetermined,1,0.052,0.052,NA,NA,NA,NA,NA,NA,NA,NA,NA,NA,NA   NA   NA   NA,NA   NA   NA   NA
STTD_2016-06-01 08:49:00,6/1/2016 8:49,STTD,2016,A,FALSE,CLR,NA,NA,24.19,0.17,339,344,7.92,6.84,61.3,10,Regular,172000,178320,6320,6320,19.41242966,19.41242966,1,NA,NA,Aquatic Non-Insects,123,Family,Pionidae,Pionidae,Larvae,0,0,0,NA,NA,NA,NA,NA,NA,NA,NA,NA,NA,NA   NA   NA   NA,NA   NA   NA   NA
STTD_2016-06-01 08:49:00,6/1/2016 8:49,STTD,2016,A,FALSE,CLR,NA,NA,24.19,0.17,339,344,7.92,6.84,61.3,10,Regular,172000,178320,6320,6320,19.41242966,19.41242966,1,NA,NA,Aquatic Non-Insects,123,Family,Pionidae,Pionidae,Pupae,0,0,0,NA,NA,NA,NA,NA,NA,NA,NA,NA,NA,NA   NA   NA   NA,NA   NA   NA   NA
STTD_2016-06-01 08:49:00,6/1/2016 8:49,STTD,2016,A,FALSE,CLR,NA,NA,24.19,0.17,339,344,7.92,6.84,61.3,10,Regular,172000,178320,6320,6320,19.41242966,19.41242966,1,NA,NA,Aquatic Non-Insects,123,Family,Pionidae,Pionidae,Nymphs,0,0,0,NA,NA,NA,NA,NA,NA,NA,NA,NA,NA,NA   NA   NA   NA,NA   NA   NA   NA
STTD_2016-06-01 08:49:00,6/1/2016 8:49,STTD,2016,A,FALSE,CLR,NA,NA,24.19,0.17,339,344,7.92,6.84,61.3,10,Regular,172000,178320,6320,6320,19.41242966,19.41242966,1,NA,NA,Aquatic Non-Insects,123,Family,Pionidae,Pionidae,Emergents,0,0,0,NA,NA,NA,NA,NA,NA,NA,NA,NA,NA,NA   NA   NA   NA,NA   NA   NA   NA
STTD_2016-06-01 08:49:00,6/1/2016 8:49,STTD,2016,A,FALSE,CLR,NA,NA,24.19,0.17,339,344,7.92,6.84,61.3,10,Regular,172000,178320,6320,6320,19.41242966,19.41242966,1,NA,NA,Aquatic Non-Insects,123,Family,Pionidae,Pionidae,Adults,0,0,0,NA,NA,NA,NA,NA,NA,NA,NA,NA,NA,NA   NA   NA   NA,NA   NA   NA   NA
STTD_2016-06-01 08:49:00,6/1/2016 8:49,STTD,2016,A,FALSE,CLR,NA,NA,24.19,0.17,339,344,7.92,6.84,61.3,10,Regular,172000,178320,6320,6320,19.41242966,19.41242966,1,NA,NA,Aquatic Non-Insects,123,Family,Pionidae,Pionidae,NotDetermined,1,0.052,0.052,NA,NA,NA,NA,NA,NA,NA,NA,NA,NA,NA   NA   NA   NA,NA   NA   NA   NA
STTD_2016-06-01 08:49:00,6/1/2016 8:49,STTD,2016,A,FALSE,CLR,NA,NA,24.19,0.17,339,344,7.92,6.84,61.3,10,Regular,172000,178320,6320,6320,19.41242966,19.41242966,1,NA,NA,Terrestrial Insects,71,Order,Hemiptera,Hemiptera,Larvae,3,0.155,0.155,NA,NA,NA,NA,NA,NA,NA,NA,NA,NA,NA   NA   NA   NA,NA   NA   NA   NA
STTD_2016-06-01 08:49:00,6/1/2016 8:49,STTD,2016,A,FALSE,CLR,NA,NA,24.19,0.17,339,344,7.92,6.84,61.3,10,Regular,172000,178320,6320,6320,19.41242966,19.41242966,1,NA,NA,Terrestrial Insects,71,Order,Hemiptera,Hemiptera,Pupae,0,0,0,NA,NA,NA,NA,NA,NA,NA,NA,NA,NA,NA   NA   NA   NA,NA   NA   NA   NA
STTD_2016-06-01 08:49:00,6/1/2016 8:49,STTD,2016,A,FALSE,CLR,NA,NA,24.19,0.17,339,344,7.92,6.84,61.3,10,Regular,172000,178320,6320,6320,19.41242966,19.41242966,1,NA,NA,Terrestrial Insects,71,Order,Hemiptera,Hemiptera,Nymphs,0,0,0,NA,NA,NA,NA,NA,NA,NA,NA,NA,NA,NA   NA   NA   NA,NA   NA   NA   NA
STTD_2016-06-01 08:49:00,6/1/2016 8:49,STTD,2016,A,FALSE,CLR,NA,NA,24.19,0.17,339,344,7.92,6.84,61.3,10,Regular,172000,178320,6320,6320,19.41242966,19.41242966,1,NA,NA,Terrestrial Insects,71,Order,Hemiptera,Hemiptera,Emergents,0,0,0,NA,NA,NA,NA,NA,NA,NA,NA,NA,NA,NA   NA   NA   NA,NA   NA   NA   NA
STTD_2016-06-01 08:49:00,6/1/2016 8:49,STTD,2016,A,FALSE,CLR,NA,NA,24.19,0.17,339,344,7.92,6.84,61.3,10,Regular,172000,178320,6320,6320,19.41242966,19.41242966,1,NA,NA,Terrestrial Insects,71,Order,Hemiptera,Hemiptera,Adults,5,0.258,0.258,NA,NA,NA,NA,NA,NA,NA,NA,NA,NA,NA   NA   NA   NA,NA   NA   NA   NA
STTD_2016-06-01 08:49:00,6/1/2016 8:49,STTD,2016,A,FALSE,CLR,NA,NA,24.19,0.17,339,344,7.92,6.84,61.3,10,Regular,172000,178320,6320,6320,19.41242966,19.41242966,1,NA,NA,Terrestrial Insects,71,Order,Hemiptera,Hemiptera,NotDetermined,0,0,0,NA,NA,NA,NA,NA,NA,NA,NA,NA,NA,NA   NA   NA   NA,NA   NA   NA   NA
STTD_2016-06-01 08:49:00,6/1/2016 8:49,STTD,2016,A,FALSE,CLR,NA,NA,24.19,0.17,339,344,7.92,6.84,61.3,10,Regular,172000,178320,6320,6320,19.41242966,19.41242966,1,NA,NA,Terrestrial Insects,63,Order,Coleoptera,Coleoptera,Larvae,0,0,0,NA,NA,NA,NA,NA,NA,NA,NA,NA,NA,NA   NA   NA   NA,NA   NA   NA   NA
STTD_2016-06-01 08:49:00,6/1/2016 8:49,STTD,2016,A,FALSE,CLR,NA,NA,24.19,0.17,339,344,7.92,6.84,61.3,10,Regular,172000,178320,6320,6320,19.41242966,19.41242966,1,NA,NA,Terrestrial Insects,63,Order,Coleoptera,Coleoptera,Pupae,0,0,0,NA,NA,NA,NA,NA,NA,NA,NA,NA,NA,NA   NA   NA   NA,NA   NA   NA   NA
STTD_2016-06-01 08:49:00,6/1/2016 8:49,STTD,2016,A,FALSE,CLR,NA,NA,24.19,0.17,339,344,7.92,6.84,61.3,10,Regular,172000,178320,6320,6320,19.41242966,19.41242966,1,NA,NA,Terrestrial Insects,63,Order,Coleoptera,Coleoptera,Nymphs,0,0,0,NA,NA,NA,NA,NA,NA,NA,NA,NA,NA,NA   NA   NA   NA,NA   NA   NA   NA
STTD_2016-06-01 08:49:00,6/1/2016 8:49,STTD,2016,A,FALSE,CLR,NA,NA,24.19,0.17,339,344,7.92,6.84,61.3,10,Regular,172000,178320,6320,6320,19.41242966,19.41242966,1,NA,NA,Terrestrial Insects,63,Order,Coleoptera,Coleoptera,Emergents,0,0,0,NA,NA,NA,NA,NA,NA,NA,NA,NA,NA,NA   NA   NA   NA,NA   NA   NA   NA
STTD_2016-06-01 08:49:00,6/1/2016 8:49,STTD,2016,A,FALSE,CLR,NA,NA,24.19,0.17,339,344,7.92,6.84,61.3,10,Regular,172000,178320,6320,6320,19.41242966,19.41242966,1,NA,NA,Terrestrial Insects,63,Order,Coleoptera,Coleoptera,Adults,6,0.309,0.309,NA,NA,NA,NA,NA,NA,NA,NA,NA,NA,NA   NA   NA   NA,NA   NA   NA   NA
STTD_2016-06-01 08:49:00,6/1/2016 8:49,STTD,2016,A,FALSE,CLR,NA,NA,24.19,0.17,339,344,7.92,6.84,61.3,10,Regular,172000,178320,6320,6320,19.41242966,19.41242966,1,NA,NA,Terrestrial Insects,63,Order,Coleoptera,Coleoptera,NotDetermined,0,0,0,NA,NA,NA,NA,NA,NA,NA,NA,NA,NA,NA   NA   NA   NA,NA   NA   NA   NA
STTD_2016-06-01 08:49:00,6/1/2016 8:49,STTD,2016,A,FALSE,CLR,NA,NA,24.19,0.17,339,344,7.92,6.84,61.3,10,Regular,172000,178320,6320,6320,19.41242966,19.41242966,1,NA,NA,Terrestrial Insects,64,Order,Diptera,Diptera,Larvae,0,0,0,NA,NA,NA,NA,NA,NA,NA,NA,NA,NA,NA   NA   NA   NA,NA   NA   NA   NA
STTD_2016-06-01 08:49:00,6/1/2016 8:49,STTD,2016,A,FALSE,CLR,NA,NA,24.19,0.17,339,344,7.92,6.84,61.3,10,Regular,172000,178320,6320,6320,19.41242966,19.41242966,1,NA,NA,Terrestrial Insects,64,Order,Diptera,Diptera,Pupae,0,0,0,NA,NA,NA,NA,NA,NA,NA,NA,NA,NA,NA   NA   NA   NA,NA   NA   NA   NA
STTD_2016-06-01 08:49:00,6/1/2016 8:49,STTD,2016,A,FALSE,CLR,NA,NA,24.19,0.17,339,344,7.92,6.84,61.3,10,Regular,172000,178320,6320,6320,19.41242966,19.41242966,1,NA,NA,Terrestrial Insects,64,Order,Diptera,Diptera,Nymphs,0,0,0,NA,NA,NA,NA,NA,NA,NA,NA,NA,NA,NA   NA   NA   NA,NA   NA   NA   NA
STTD_2016-06-01 08:49:00,6/1/2016 8:49,STTD,2016,A,FALSE,CLR,NA,NA,24.19,0.17,339,344,7.92,6.84,61.3,10,Regular,172000,178320,6320,6320,19.41242966,19.41242966,1,NA,NA,Terrestrial Insects,64,Order,Diptera,Diptera,Emergents,0,0,0,NA,NA,NA,NA,NA,NA,NA,NA,NA,NA,NA   NA   NA   NA,NA   NA   NA   NA
STTD_2016-06-01 08:49:00,6/1/2016 8:49,STTD,2016,A,FALSE,CLR,NA,NA,24.19,0.17,339,344,7.92,6.84,61.3,10,Regular,172000,178320,6320,6320,19.41242966,19.41242966,1,NA,NA,Terrestrial Insects,64,Order,Diptera,Diptera,Adults,14,0.721,0.721,NA,NA,NA,NA,NA,NA,NA,NA,NA,NA,NA   NA   NA   NA,NA   NA   NA   NA
STTD_2016-06-01 08:49:00,6/1/2016 8:49,STTD,2016,A,FALSE,CLR,NA,NA,24.19,0.17,339,344,7.92,6.84,61.3,10,Regular,172000,178320,6320,6320,19.41242966,19.41242966,1,NA,NA,Terrestrial Insects,64,Order,Diptera,Diptera,NotDetermined,0,0,0,NA,NA,NA,NA,NA,NA,NA,NA,NA,NA,NA   NA   NA   NA,NA   NA   NA   NA
STTD_2016-06-01 08:49:00,6/1/2016 8:49,STTD,2016,A,FALSE,CLR,NA,NA,24.19,0.17,339,344,7.92,6.84,61.3,10,Regular,172000,178320,6320,6320,19.41242966,19.41242966,1,NA,NA,Terrestrial Non-Insects,68,Order,Collembola,Collembola,Larvae,0,0,0,NA,NA,NA,NA,NA,NA,NA,NA,NA,NA,NA   NA   NA   NA,NA   NA   NA   NA
STTD_2016-06-01 08:49:00,6/1/2016 8:49,STTD,2016,A,FALSE,CLR,NA,NA,24.19,0.17,339,344,7.92,6.84,61.3,10,Regular,172000,178320,6320,6320,19.41242966,19.41242966,1,NA,NA,Terrestrial Non-Insects,68,Order,Collembola,Collembola,Pupae,0,0,0,NA,NA,NA,NA,NA,NA,NA,NA,NA,NA,NA   NA   NA   NA,NA   NA   NA   NA
STTD_2016-06-01 08:49:00,6/1/2016 8:49,STTD,2016,A,FALSE,CLR,NA,NA,24.19,0.17,339,344,7.92,6.84,61.3,10,Regular,172000,178320,6320,6320,19.41242966,19.41242966,1,NA,NA,Terrestrial Non-Insects,68,Order,Collembola,Collembola,Nymphs,0,0,0,NA,NA,NA,NA,NA,NA,NA,NA,NA,NA,NA   NA   NA   NA,NA   NA   NA   NA
STTD_2016-06-01 08:49:00,6/1/2016 8:49,STTD,2016,A,FALSE,CLR,NA,NA,24.19,0.17,339,344,7.92,6.84,61.3,10,Regular,172000,178320,6320,6320,19.41242966,19.41242966,1,NA,NA,Terrestrial Non-Insects,68,Order,Collembola,Collembola,Emergents,0,0,0,NA,NA,NA,NA,NA,NA,NA,NA,NA,NA,NA   NA   NA   NA,NA   NA   NA   NA
STTD_2016-06-01 08:49:00,6/1/2016 8:49,STTD,2016,A,FALSE,CLR,NA,NA,24.19,0.17,339,344,7.92,6.84,61.3,10,Regular,172000,178320,6320,6320,19.41242966,19.41242966,1,NA,NA,Terrestrial Non-Insects,68,Order,Collembola,Collembola,Adults,0,0,0,NA,NA,NA,NA,NA,NA,NA,NA,NA,NA,NA   NA   NA   NA,NA   NA   NA   NA
STTD_2016-06-01 08:49:00,6/1/2016 8:49,STTD,2016,A,FALSE,CLR,NA,NA,24.19,0.17,339,344,7.92,6.84,61.3,10,Regular,172000,178320,6320,6320,19.41242966,19.41242966,1,NA,NA,Terrestrial Non-Insects,68,Order,Collembola,Collembola,NotDetermined,1,0.052,0.052,NA,NA,NA,NA,NA,NA,NA,NA,NA,NA,NA   NA   NA   NA,NA   NA   NA   NA
STTD_2016-06-01 08:49:00,6/1/2016 8:49,STTD,2016,A,FALSE,CLR,NA,NA,24.19,0.17,339,344,7.92,6.84,61.3,10,Regular,172000,178320,6320,6320,19.41242966,19.41242966,1,NA,NA,Terrestrial Insects,66,Order,Hymenoptera,Hymenoptera,Larvae,0,0,0,NA,NA,NA,NA,NA,NA,NA,NA,NA,NA,NA   NA   NA   NA,NA   NA   NA   NA
STTD_2016-06-01 08:49:00,6/1/2016 8:49,STTD,2016,A,FALSE,CLR,NA,NA,24.19,0.17,339,344,7.92,6.84,61.3,10,Regular,172000,178320,6320,6320,19.41242966,19.41242966,1,NA,NA,Terrestrial Insects,66,Order,Hymenoptera,Hymenoptera,Pupae,0,0,0,NA,NA,NA,NA,NA,NA,NA,NA,NA,NA,NA   NA   NA   NA,NA   NA   NA   NA
STTD_2016-06-01 08:49:00,6/1/2016 8:49,STTD,2016,A,FALSE,CLR,NA,NA,24.19,0.17,339,344,7.92,6.84,61.3,10,Regular,172000,178320,6320,6320,19.41242966,19.41242966,1,NA,NA,Terrestrial Insects,66,Order,Hymenoptera,Hymenoptera,Nymphs,0,0,0,NA,NA,NA,NA,NA,NA,NA,NA,NA,NA,NA   NA   NA   NA,NA   NA   NA   NA
STTD_2016-06-01 08:49:00,6/1/2016 8:49,STTD,2016,A,FALSE,CLR,NA,NA,24.19,0.17,339,344,7.92,6.84,61.3,10,Regular,172000,178320,6320,6320,19.41242966,19.41242966,1,NA,NA,Terrestrial Insects,66,Order,Hymenoptera,Hymenoptera,Emergents,0,0,0,NA,NA,NA,NA,NA,NA,NA,NA,NA,NA,NA   NA   NA   NA,NA   NA   NA   NA
STTD_2016-06-01 08:49:00,6/1/2016 8:49,STTD,2016,A,FALSE,CLR,NA,NA,24.19,0.17,339,344,7.92,6.84,61.3,10,Regular,172000,178320,6320,6320,19.41242966,19.41242966,1,NA,NA,Terrestrial Insects,66,Order,Hymenoptera,Hymenoptera,Adults,5,0.258,0.258,NA,NA,NA,NA,NA,NA,NA,NA,NA,NA,NA   NA   NA   NA,NA   NA   NA   NA
STTD_2016-06-01 08:49:00,6/1/2016 8:49,STTD,2016,A,FALSE,CLR,NA,NA,24.19,0.17,339,344,7.92,6.84,61.3,10,Regular,172000,178320,6320,6320,19.41242966,19.41242966,1,NA,NA,Terrestrial Insects,66,Order,Hymenoptera,Hymenoptera,NotDetermined,0,0,0,NA,NA,NA,NA,NA,NA,NA,NA,NA,NA,NA   NA   NA   NA,NA   NA   NA   NA
STTD_2016-06-01 08:49:00,6/1/2016 8:49,STTD,2016,A,FALSE,CLR,NA,NA,24.19,0.17,339,344,7.92,6.84,61.3,10,Regular,172000,178320,6320,6320,19.41242966,19.41242966,1,NA,NA,Terrestrial Non-Insects,57,Subclass,Acari,Acari,Larvae,0,0,0,NA,NA,NA,NA,NA,NA,NA,NA,NA,NA,NA   NA   NA   NA,NA   NA   NA   NA
STTD_2016-06-01 08:49:00,6/1/2016 8:49,STTD,2016,A,FALSE,CLR,NA,NA,24.19,0.17,339,344,7.92,6.84,61.3,10,Regular,172000,178320,6320,6320,19.41242966,19.41242966,1,NA,NA,Terrestrial Non-Insects,57,Subclass,Acari,Acari,Pupae,0,0,0,NA,NA,NA,NA,NA,NA,NA,NA,NA,NA,NA   NA   NA   NA,NA   NA   NA   NA
STTD_2016-06-01 08:49:00,6/1/2016 8:49,STTD,2016,A,FALSE,CLR,NA,NA,24.19,0.17,339,344,7.92,6.84,61.3,10,Regular,172000,178320,6320,6320,19.41242966,19.41242966,1,NA,NA,Terrestrial Non-Insects,57,Subclass,Acari,Acari,Nymphs,0,0,0,NA,NA,NA,NA,NA,NA,NA,NA,NA,NA,NA   NA   NA   NA,NA   NA   NA   NA
STTD_2016-06-01 08:49:00,6/1/2016 8:49,STTD,2016,A,FALSE,CLR,NA,NA,24.19,0.17,339,344,7.92,6.84,61.3,10,Regular,172000,178320,6320,6320,19.41242966,19.41242966,1,NA,NA,Terrestrial Non-Insects,57,Subclass,Acari,Acari,Emergents,0,0,0,NA,NA,NA,NA,NA,NA,NA,NA,NA,NA,NA   NA   NA   NA,NA   NA   NA   NA
STTD_2016-06-01 08:49:00,6/1/2016 8:49,STTD,2016,A,FALSE,CLR,NA,NA,24.19,0.17,339,344,7.92,6.84,61.3,10,Regular,172000,178320,6320,6320,19.41242966,19.41242966,1,NA,NA,Terrestrial Non-Insects,57,Subclass,Acari,Acari,Adults,0,0,0,NA,NA,NA,NA,NA,NA,NA,NA,NA,NA,NA   NA   NA   NA,NA   NA   NA   NA
STTD_2016-06-01 08:49:00,6/1/2016 8:49,STTD,2016,A,FALSE,CLR,NA,NA,24.19,0.17,339,344,7.92,6.84,61.3,10,Regular,172000,178320,6320,6320,19.41242966,19.41242966,1,NA,NA,Terrestrial Non-Insects,57,Subclass,Acari,Acari,NotDetermined,1,0.052,0.052,NA,NA,NA,NA,NA,NA,NA,NA,NA,NA,NA   NA   NA   NA,NA   NA   NA   NA
STTD_2016-06-01 08:49:00,6/1/2016 8:49,STTD,2016,A,FALSE,CLR,NA,NA,24.19,0.17,339,344,7.92,6.84,61.3,10,Regular,172000,178320,6320,6320,19.41242966,19.41242966,1,NA,NA,Terrestrial Non-Insects,157,Order,Araneae,Araneae,Larvae,0,0,0,NA,NA,NA,NA,NA,NA,NA,NA,NA,NA,NA   NA   NA   NA,NA   NA   NA   NA
STTD_2016-06-01 08:49:00,6/1/2016 8:49,STTD,2016,A,FALSE,CLR,NA,NA,24.19,0.17,339,344,7.92,6.84,61.3,10,Regular,172000,178320,6320,6320,19.41242966,19.41242966,1,NA,NA,Terrestrial Non-Insects,157,Order,Araneae,Araneae,Pupae,0,0,0,NA,NA,NA,NA,NA,NA,NA,NA,NA,NA,NA   NA   NA   NA,NA   NA   NA   NA
STTD_2016-06-01 08:49:00,6/1/2016 8:49,STTD,2016,A,FALSE,CLR,NA,NA,24.19,0.17,339,344,7.92,6.84,61.3,10,Regular,172000,178320,6320,6320,19.41242966,19.41242966,1,NA,NA,Terrestrial Non-Insects,157,Order,Araneae,Araneae,Nymphs,0,0,0,NA,NA,NA,NA,NA,NA,NA,NA,NA,NA,NA   NA   NA   NA,NA   NA   NA   NA
STTD_2016-06-01 08:49:00,6/1/2016 8:49,STTD,2016,A,FALSE,CLR,NA,NA,24.19,0.17,339,344,7.92,6.84,61.3,10,Regular,172000,178320,6320,6320,19.41242966,19.41242966,1,NA,NA,Terrestrial Non-Insects,157,Order,Araneae,Araneae,Emergents,0,0,0,NA,NA,NA,NA,NA,NA,NA,NA,NA,NA,NA   NA   NA   NA,NA   NA   NA   NA
STTD_2016-06-01 08:49:00,6/1/2016 8:49,STTD,2016,A,FALSE,CLR,NA,NA,24.19,0.17,339,344,7.92,6.84,61.3,10,Regular,172000,178320,6320,6320,19.41242966,19.41242966,1,NA,NA,Terrestrial Non-Insects,157,Order,Araneae,Araneae,Adults,0,0,0,NA,NA,NA,NA,NA,NA,NA,NA,NA,NA,NA   NA   NA   NA,NA   NA   NA   NA
STTD_2016-06-01 08:49:00,6/1/2016 8:49,STTD,2016,A,FALSE,CLR,NA,NA,24.19,0.17,339,344,7.92,6.84,61.3,10,Regular,172000,178320,6320,6320,19.41242966,19.41242966,1,NA,NA,Terrestrial Non-Insects,157,Order,Araneae,Araneae,NotDetermined,6,0.309,0.309,NA,NA,NA,NA,NA,NA,NA,NA,NA,NA,NA   NA   NA   NA,NA   NA   NA   NA
SHR_2016-06-13 08:53:00,6/13/2016 8:53,SHR,2016,A,FALSE,CLR,NA,NA,20.1,1.2,93,102,6.98,9.54,9.4,10,Regular,184000,194240,10240,10240,31.45305059,31.45305059,1,NA,NA,Aquatic Insects,56,Family,Leptoceridae,Leptoceridae,Larvae,1,0.032,0.032,NA,NA,NA,NA,NA,NA,NA,NA,NA,NA,NA   NA   NA   NA,NA   NA   NA   NA
SHR_2016-06-13 08:53:00,6/13/2016 8:53,SHR,2016,A,FALSE,CLR,NA,NA,20.1,1.2,93,102,6.98,9.54,9.4,10,Regular,184000,194240,10240,10240,31.45305059,31.45305059,1,NA,NA,Aquatic Insects,56,Family,Leptoceridae,Leptoceridae,Pupae,0,0,0,NA,NA,NA,NA,NA,NA,NA,NA,NA,NA,NA   NA   NA   NA,NA   NA   NA   NA
SHR_2016-06-13 08:53:00,6/13/2016 8:53,SHR,2016,A,FALSE,CLR,NA,NA,20.1,1.2,93,102,6.98,9.54,9.4,10,Regular,184000,194240,10240,10240,31.45305059,31.45305059,1,NA,NA,Aquatic Insects,56,Family,Leptoceridae,Leptoceridae,Nymphs,0,0,0,NA,NA,NA,NA,NA,NA,NA,NA,NA,NA,NA   NA   NA   NA,NA   NA   NA   NA
SHR_2016-06-13 08:53:00,6/13/2016 8:53,SHR,2016,A,FALSE,CLR,NA,NA,20.1,1.2,93,102,6.98,9.54,9.4,10,Regular,184000,194240,10240,10240,31.45305059,31.45305059,1,NA,NA,Aquatic Insects,56,Family,Leptoceridae,Leptoceridae,Emergents,0,0,0,NA,NA,NA,NA,NA,NA,NA,NA,NA,NA,NA   NA   NA   NA,NA   NA   NA   NA
SHR_2016-06-13 08:53:00,6/13/2016 8:53,SHR,2016,A,FALSE,CLR,NA,NA,20.1,1.2,93,102,6.98,9.54,9.4,10,Regular,184000,194240,10240,10240,31.45305059,31.45305059,1,NA,NA,Aquatic Insects,56,Family,Leptoceridae,Leptoceridae,Adults,0,0,0,NA,NA,NA,NA,NA,NA,NA,NA,NA,NA,NA   NA   NA   NA,NA   NA   NA   NA
SHR_2016-06-13 08:53:00,6/13/2016 8:53,SHR,2016,A,FALSE,CLR,NA,NA,20.1,1.2,93,102,6.98,9.54,9.4,10,Regular,184000,194240,10240,10240,31.45305059,31.45305059,1,NA,NA,Aquatic Insects,56,Family,Leptoceridae,Leptoceridae,NotDetermined,0,0,0,NA,NA,NA,NA,NA,NA,NA,NA,NA,NA,NA   NA   NA   NA,NA   NA   NA   NA
SHR_2016-06-13 08:53:00,6/13/2016 8:53,SHR,2016,A,FALSE,CLR,NA,NA,20.1,1.2,93,102,6.98,9.54,9.4,10,Regular,184000,194240,10240,10240,31.45305059,31.45305059,1,NA,NA,Aquatic Insects,102,Family,Gomphidae,Gomphidae,Larvae,1,0.032,0.032,NA,NA,NA,NA,NA,NA,NA,NA,NA,NA,NA   NA   NA   NA,NA   NA   NA   NA
SHR_2016-06-13 08:53:00,6/13/2016 8:53,SHR,2016,A,FALSE,CLR,NA,NA,20.1,1.2,93,102,6.98,9.54,9.4,10,Regular,184000,194240,10240,10240,31.45305059,31.45305059,1,NA,NA,Aquatic Insects,102,Family,Gomphidae,Gomphidae,Pupae,0,0,0,NA,NA,NA,NA,NA,NA,NA,NA,NA,NA,NA   NA   NA   NA,NA   NA   NA   NA
SHR_2016-06-13 08:53:00,6/13/2016 8:53,SHR,2016,A,FALSE,CLR,NA,NA,20.1,1.2,93,102,6.98,9.54,9.4,10,Regular,184000,194240,10240,10240,31.45305059,31.45305059,1,NA,NA,Aquatic Insects,102,Family,Gomphidae,Gomphidae,Nymphs,0,0,0,NA,NA,NA,NA,NA,NA,NA,NA,NA,NA,NA   NA   NA   NA,NA   NA   NA   NA
SHR_2016-06-13 08:53:00,6/13/2016 8:53,SHR,2016,A,FALSE,CLR,NA,NA,20.1,1.2,93,102,6.98,9.54,9.4,10,Regular,184000,194240,10240,10240,31.45305059,31.45305059,1,NA,NA,Aquatic Insects,102,Family,Gomphidae,Gomphidae,Emergents,0,0,0,NA,NA,NA,NA,NA,NA,NA,NA,NA,NA,NA   NA   NA   NA,NA   NA   NA   NA
SHR_2016-06-13 08:53:00,6/13/2016 8:53,SHR,2016,A,FALSE,CLR,NA,NA,20.1,1.2,93,102,6.98,9.54,9.4,10,Regular,184000,194240,10240,10240,31.45305059,31.45305059,1,NA,NA,Aquatic Insects,102,Family,Gomphidae,Gomphidae,Adults,0,0,0,NA,NA,NA,NA,NA,NA,NA,NA,NA,NA,NA   NA   NA   NA,NA   NA   NA   NA
SHR_2016-06-13 08:53:00,6/13/2016 8:53,SHR,2016,A,FALSE,CLR,NA,NA,20.1,1.2,93,102,6.98,9.54,9.4,10,Regular,184000,194240,10240,10240,31.45305059,31.45305059,1,NA,NA,Aquatic Insects,102,Family,Gomphidae,Gomphidae,NotDetermined,0,0,0,NA,NA,NA,NA,NA,NA,NA,NA,NA,NA,NA   NA   NA   NA,NA   NA   NA   NA
SHR_2016-06-13 08:53:00,6/13/2016 8:53,SHR,2016,A,FALSE,CLR,NA,NA,20.1,1.2,93,102,6.98,9.54,9.4,10,Regular,184000,194240,10240,10240,31.45305059,31.45305059,1,NA,NA,Aquatic Insects,34,Family,Chironomidae,Chironomidae,Larvae,0,0,0,NA,NA,NA,NA,NA,NA,NA,NA,NA,NA,NA   NA   NA   NA,NA   NA   NA   NA
SHR_2016-06-13 08:53:00,6/13/2016 8:53,SHR,2016,A,FALSE,CLR,NA,NA,20.1,1.2,93,102,6.98,9.54,9.4,10,Regular,184000,194240,10240,10240,31.45305059,31.45305059,1,NA,NA,Aquatic Insects,34,Family,Chironomidae,Chironomidae,Pupae,2,0.064,0.064,NA,NA,NA,NA,NA,NA,NA,NA,NA,NA,NA   NA   NA   NA,NA   NA   NA   NA
SHR_2016-06-13 08:53:00,6/13/2016 8:53,SHR,2016,A,FALSE,CLR,NA,NA,20.1,1.2,93,102,6.98,9.54,9.4,10,Regular,184000,194240,10240,10240,31.45305059,31.45305059,1,NA,NA,Aquatic Insects,34,Family,Chironomidae,Chironomidae,Nymphs,0,0,0,NA,NA,NA,NA,NA,NA,NA,NA,NA,NA,NA   NA   NA   NA,NA   NA   NA   NA
SHR_2016-06-13 08:53:00,6/13/2016 8:53,SHR,2016,A,FALSE,CLR,NA,NA,20.1,1.2,93,102,6.98,9.54,9.4,10,Regular,184000,194240,10240,10240,31.45305059,31.45305059,1,NA,NA,Aquatic Insects,34,Family,Chironomidae,Chironomidae,Emergents,0,0,0,NA,NA,NA,NA,NA,NA,NA,NA,NA,NA,NA   NA   NA   NA,NA   NA   NA   NA
SHR_2016-06-13 08:53:00,6/13/2016 8:53,SHR,2016,A,FALSE,CLR,NA,NA,20.1,1.2,93,102,6.98,9.54,9.4,10,Regular,184000,194240,10240,10240,31.45305059,31.45305059,1,NA,NA,Aquatic Insects,34,Family,Chironomidae,Chironomidae,Adults,0,0,0,NA,NA,NA,NA,NA,NA,NA,NA,NA,NA,NA   NA   NA   NA,NA   NA   NA   NA
SHR_2016-06-13 08:53:00,6/13/2016 8:53,SHR,2016,A,FALSE,CLR,NA,NA,20.1,1.2,93,102,6.98,9.54,9.4,10,Regular,184000,194240,10240,10240,31.45305059,31.45305059,1,NA,NA,Aquatic Insects,34,Family,Chironomidae,Chironomidae,NotDetermined,0,0,0,NA,NA,NA,NA,NA,NA,NA,NA,NA,NA,NA   NA   NA   NA,NA   NA   NA   NA
SHR_2016-06-13 08:53:00,6/13/2016 8:53,SHR,2016,A,FALSE,CLR,NA,NA,20.1,1.2,93,102,6.98,9.54,9.4,10,Regular,184000,194240,10240,10240,31.45305059,31.45305059,1,NA,NA,Terrestrial Insects,64,Order,Diptera,Diptera,Larvae,0,0,0,NA,NA,NA,NA,NA,NA,NA,NA,NA,NA,NA   NA   NA   NA,NA   NA   NA   NA
SHR_2016-06-13 08:53:00,6/13/2016 8:53,SHR,2016,A,FALSE,CLR,NA,NA,20.1,1.2,93,102,6.98,9.54,9.4,10,Regular,184000,194240,10240,10240,31.45305059,31.45305059,1,NA,NA,Terrestrial Insects,64,Order,Diptera,Diptera,Pupae,0,0,0,NA,NA,NA,NA,NA,NA,NA,NA,NA,NA,NA   NA   NA   NA,NA   NA   NA   NA
SHR_2016-06-13 08:53:00,6/13/2016 8:53,SHR,2016,A,FALSE,CLR,NA,NA,20.1,1.2,93,102,6.98,9.54,9.4,10,Regular,184000,194240,10240,10240,31.45305059,31.45305059,1,NA,NA,Terrestrial Insects,64,Order,Diptera,Diptera,Nymphs,0,0,0,NA,NA,NA,NA,NA,NA,NA,NA,NA,NA,NA   NA   NA   NA,NA   NA   NA   NA
SHR_2016-06-13 08:53:00,6/13/2016 8:53,SHR,2016,A,FALSE,CLR,NA,NA,20.1,1.2,93,102,6.98,9.54,9.4,10,Regular,184000,194240,10240,10240,31.45305059,31.45305059,1,NA,NA,Terrestrial Insects,64,Order,Diptera,Diptera,Emergents,0,0,0,NA,NA,NA,NA,NA,NA,NA,NA,NA,NA,NA   NA   NA   NA,NA   NA   NA   NA
SHR_2016-06-13 08:53:00,6/13/2016 8:53,SHR,2016,A,FALSE,CLR,NA,NA,20.1,1.2,93,102,6.98,9.54,9.4,10,Regular,184000,194240,10240,10240,31.45305059,31.45305059,1,NA,NA,Terrestrial Insects,64,Order,Diptera,Diptera,Adults,24,0.763,0.763,NA,NA,NA,NA,NA,NA,NA,NA,NA,NA,NA   NA   NA   NA,NA   NA   NA   NA
SHR_2016-06-13 08:53:00,6/13/2016 8:53,SHR,2016,A,FALSE,CLR,NA,NA,20.1,1.2,93,102,6.98,9.54,9.4,10,Regular,184000,194240,10240,10240,31.45305059,31.45305059,1,NA,NA,Terrestrial Insects,64,Order,Diptera,Diptera,NotDetermined,0,0,0,NA,NA,NA,NA,NA,NA,NA,NA,NA,NA,NA   NA   NA   NA,NA   NA   NA   NA
SHR_2016-06-13 08:53:00,6/13/2016 8:53,SHR,2016,A,FALSE,CLR,NA,NA,20.1,1.2,93,102,6.98,9.54,9.4,10,Regular,184000,194240,10240,10240,31.45305059,31.45305059,1,NA,NA,Terrestrial Non-Insects,157,Order,Araneae,Araneae,Larvae,0,0,0,NA,NA,NA,NA,NA,NA,NA,NA,NA,NA,NA   NA   NA   NA,NA   NA   NA   NA
SHR_2016-06-13 08:53:00,6/13/2016 8:53,SHR,2016,A,FALSE,CLR,NA,NA,20.1,1.2,93,102,6.98,9.54,9.4,10,Regular,184000,194240,10240,10240,31.45305059,31.45305059,1,NA,NA,Terrestrial Non-Insects,157,Order,Araneae,Araneae,Pupae,0,0,0,NA,NA,NA,NA,NA,NA,NA,NA,NA,NA,NA   NA   NA   NA,NA   NA   NA   NA
SHR_2016-06-13 08:53:00,6/13/2016 8:53,SHR,2016,A,FALSE,CLR,NA,NA,20.1,1.2,93,102,6.98,9.54,9.4,10,Regular,184000,194240,10240,10240,31.45305059,31.45305059,1,NA,NA,Terrestrial Non-Insects,157,Order,Araneae,Araneae,Nymphs,0,0,0,NA,NA,NA,NA,NA,NA,NA,NA,NA,NA,NA   NA   NA   NA,NA   NA   NA   NA
SHR_2016-06-13 08:53:00,6/13/2016 8:53,SHR,2016,A,FALSE,CLR,NA,NA,20.1,1.2,93,102,6.98,9.54,9.4,10,Regular,184000,194240,10240,10240,31.45305059,31.45305059,1,NA,NA,Terrestrial Non-Insects,157,Order,Araneae,Araneae,Emergents,0,0,0,NA,NA,NA,NA,NA,NA,NA,NA,NA,NA,NA   NA   NA   NA,NA   NA   NA   NA
SHR_2016-06-13 08:53:00,6/13/2016 8:53,SHR,2016,A,FALSE,CLR,NA,NA,20.1,1.2,93,102,6.98,9.54,9.4,10,Regular,184000,194240,10240,10240,31.45305059,31.45305059,1,NA,NA,Terrestrial Non-Insects,157,Order,Araneae,Araneae,Adults,0,0,0,NA,NA,NA,NA,NA,NA,NA,NA,NA,NA,NA   NA   NA   NA,NA   NA   NA   NA
SHR_2016-06-13 08:53:00,6/13/2016 8:53,SHR,2016,A,FALSE,CLR,NA,NA,20.1,1.2,93,102,6.98,9.54,9.4,10,Regular,184000,194240,10240,10240,31.45305059,31.45305059,1,NA,NA,Terrestrial Non-Insects,157,Order,Araneae,Araneae,NotDetermined,1,0.032,0.032,NA,NA,NA,NA,NA,NA,NA,NA,NA,NA,NA   NA   NA   NA,NA   NA   NA   NA
STTD_2016-06-14 08:20:00,6/14/2016 8:20,STTD,2016,A,FALSE,CLD,NA,NA,20.81,0.17,201,218,7.75,8.3,103.3,10,Regular,873000,875821,2821,2821,8.664946847,8.664946847,1,NA,NA,Aquatic Insects,56,Family,Leptoceridae,Leptoceridae,Larvae,1,0.115,0.115,NA,NA,NA,NA,NA,NA,NA,NA,NA,NA,NA   NA   NA   NA,NA   NA   NA   NA
STTD_2016-06-14 08:20:00,6/14/2016 8:20,STTD,2016,A,FALSE,CLD,NA,NA,20.81,0.17,201,218,7.75,8.3,103.3,10,Regular,873000,875821,2821,2821,8.664946847,8.664946847,1,NA,NA,Aquatic Insects,56,Family,Leptoceridae,Leptoceridae,Pupae,0,0,0,NA,NA,NA,NA,NA,NA,NA,NA,NA,NA,NA   NA   NA   NA,NA   NA   NA   NA
STTD_2016-06-14 08:20:00,6/14/2016 8:20,STTD,2016,A,FALSE,CLD,NA,NA,20.81,0.17,201,218,7.75,8.3,103.3,10,Regular,873000,875821,2821,2821,8.664946847,8.664946847,1,NA,NA,Aquatic Insects,56,Family,Leptoceridae,Leptoceridae,Nymphs,0,0,0,NA,NA,NA,NA,NA,NA,NA,NA,NA,NA,NA   NA   NA   NA,NA   NA   NA   NA
STTD_2016-06-14 08:20:00,6/14/2016 8:20,STTD,2016,A,FALSE,CLD,NA,NA,20.81,0.17,201,218,7.75,8.3,103.3,10,Regular,873000,875821,2821,2821,8.664946847,8.664946847,1,NA,NA,Aquatic Insects,56,Family,Leptoceridae,Leptoceridae,Emergents,0,0,0,NA,NA,NA,NA,NA,NA,NA,NA,NA,NA,NA   NA   NA   NA,NA   NA   NA   NA
STTD_2016-06-14 08:20:00,6/14/2016 8:20,STTD,2016,A,FALSE,CLD,NA,NA,20.81,0.17,201,218,7.75,8.3,103.3,10,Regular,873000,875821,2821,2821,8.664946847,8.664946847,1,NA,NA,Aquatic Insects,56,Family,Leptoceridae,Leptoceridae,Adults,0,0,0,NA,NA,NA,NA,NA,NA,NA,NA,NA,NA,NA   NA   NA   NA,NA   NA   NA   NA
STTD_2016-06-14 08:20:00,6/14/2016 8:20,STTD,2016,A,FALSE,CLD,NA,NA,20.81,0.17,201,218,7.75,8.3,103.3,10,Regular,873000,875821,2821,2821,8.664946847,8.664946847,1,NA,NA,Aquatic Insects,56,Family,Leptoceridae,Leptoceridae,NotDetermined,0,0,0,NA,NA,NA,NA,NA,NA,NA,NA,NA,NA,NA   NA   NA   NA,NA   NA   NA   NA
STTD_2016-06-14 08:20:00,6/14/2016 8:20,STTD,2016,A,FALSE,CLD,NA,NA,20.81,0.17,201,218,7.75,8.3,103.3,10,Regular,873000,875821,2821,2821,8.664946847,8.664946847,1,NA,NA,Aquatic Insects,46,Family,Coenagrionidae,Coenagrionidae,Larvae,2,0.231,0.231,NA,NA,NA,NA,NA,NA,NA,NA,NA,NA,NA   NA   NA   NA,NA   NA   NA   NA
STTD_2016-06-14 08:20:00,6/14/2016 8:20,STTD,2016,A,FALSE,CLD,NA,NA,20.81,0.17,201,218,7.75,8.3,103.3,10,Regular,873000,875821,2821,2821,8.664946847,8.664946847,1,NA,NA,Aquatic Insects,46,Family,Coenagrionidae,Coenagrionidae,Pupae,0,0,0,NA,NA,NA,NA,NA,NA,NA,NA,NA,NA,NA   NA   NA   NA,NA   NA   NA   NA
STTD_2016-06-14 08:20:00,6/14/2016 8:20,STTD,2016,A,FALSE,CLD,NA,NA,20.81,0.17,201,218,7.75,8.3,103.3,10,Regular,873000,875821,2821,2821,8.664946847,8.664946847,1,NA,NA,Aquatic Insects,46,Family,Coenagrionidae,Coenagrionidae,Nymphs,0,0,0,NA,NA,NA,NA,NA,NA,NA,NA,NA,NA,NA   NA   NA   NA,NA   NA   NA   NA
STTD_2016-06-14 08:20:00,6/14/2016 8:20,STTD,2016,A,FALSE,CLD,NA,NA,20.81,0.17,201,218,7.75,8.3,103.3,10,Regular,873000,875821,2821,2821,8.664946847,8.664946847,1,NA,NA,Aquatic Insects,46,Family,Coenagrionidae,Coenagrionidae,Emergents,0,0,0,NA,NA,NA,NA,NA,NA,NA,NA,NA,NA,NA   NA   NA   NA,NA   NA   NA   NA
STTD_2016-06-14 08:20:00,6/14/2016 8:20,STTD,2016,A,FALSE,CLD,NA,NA,20.81,0.17,201,218,7.75,8.3,103.3,10,Regular,873000,875821,2821,2821,8.664946847,8.664946847,1,NA,NA,Aquatic Insects,46,Family,Coenagrionidae,Coenagrionidae,Adults,0,0,0,NA,NA,NA,NA,NA,NA,NA,NA,NA,NA,NA   NA   NA   NA,NA   NA   NA   NA
STTD_2016-06-14 08:20:00,6/14/2016 8:20,STTD,2016,A,FALSE,CLD,NA,NA,20.81,0.17,201,218,7.75,8.3,103.3,10,Regular,873000,875821,2821,2821,8.664946847,8.664946847,1,NA,NA,Aquatic Insects,46,Family,Coenagrionidae,Coenagrionidae,NotDetermined,0,0,0,NA,NA,NA,NA,NA,NA,NA,NA,NA,NA,NA   NA   NA   NA,NA   NA   NA   NA
STTD_2016-06-14 08:20:00,6/14/2016 8:20,STTD,2016,A,FALSE,CLD,NA,NA,20.81,0.17,201,218,7.75,8.3,103.3,10,Regular,873000,875821,2821,2821,8.664946847,8.664946847,1,NA,NA,Aquatic Insects,34,Family,Chironomidae,Chironomidae,Larvae,3,0.346,0.346,NA,NA,NA,NA,NA,NA,NA,NA,NA,NA,NA   NA   NA   NA,NA   NA   NA   NA
STTD_2016-06-14 08:20:00,6/14/2016 8:20,STTD,2016,A,FALSE,CLD,NA,NA,20.81,0.17,201,218,7.75,8.3,103.3,10,Regular,873000,875821,2821,2821,8.664946847,8.664946847,1,NA,NA,Aquatic Insects,34,Family,Chironomidae,Chironomidae,Pupae,0,0,0,NA,NA,NA,NA,NA,NA,NA,NA,NA,NA,NA   NA   NA   NA,NA   NA   NA   NA
STTD_2016-06-14 08:20:00,6/14/2016 8:20,STTD,2016,A,FALSE,CLD,NA,NA,20.81,0.17,201,218,7.75,8.3,103.3,10,Regular,873000,875821,2821,2821,8.664946847,8.664946847,1,NA,NA,Aquatic Insects,34,Family,Chironomidae,Chironomidae,Nymphs,0,0,0,NA,NA,NA,NA,NA,NA,NA,NA,NA,NA,NA   NA   NA   NA,NA   NA   NA   NA
STTD_2016-06-14 08:20:00,6/14/2016 8:20,STTD,2016,A,FALSE,CLD,NA,NA,20.81,0.17,201,218,7.75,8.3,103.3,10,Regular,873000,875821,2821,2821,8.664946847,8.664946847,1,NA,NA,Aquatic Insects,34,Family,Chironomidae,Chironomidae,Emergents,0,0,0,NA,NA,NA,NA,NA,NA,NA,NA,NA,NA,NA   NA   NA   NA,NA   NA   NA   NA
STTD_2016-06-14 08:20:00,6/14/2016 8:20,STTD,2016,A,FALSE,CLD,NA,NA,20.81,0.17,201,218,7.75,8.3,103.3,10,Regular,873000,875821,2821,2821,8.664946847,8.664946847,1,NA,NA,Aquatic Insects,34,Family,Chironomidae,Chironomidae,Adults,0,0,0,NA,NA,NA,NA,NA,NA,NA,NA,NA,NA,NA   NA   NA   NA,NA   NA   NA   NA
STTD_2016-06-14 08:20:00,6/14/2016 8:20,STTD,2016,A,FALSE,CLD,NA,NA,20.81,0.17,201,218,7.75,8.3,103.3,10,Regular,873000,875821,2821,2821,8.664946847,8.664946847,1,NA,NA,Aquatic Insects,34,Family,Chironomidae,Chironomidae,NotDetermined,0,0,0,NA,NA,NA,NA,NA,NA,NA,NA,NA,NA,NA   NA   NA   NA,NA   NA   NA   NA
STTD_2016-06-14 08:20:00,6/14/2016 8:20,STTD,2016,A,FALSE,CLD,NA,NA,20.81,0.17,201,218,7.75,8.3,103.3,10,Regular,873000,875821,2821,2821,8.664946847,8.664946847,1,NA,NA,Aquatic Non-Insects,4,Family,Naididae,Naididae,Larvae,0,0,0,NA,NA,NA,NA,NA,NA,NA,NA,NA,NA,NA   NA   NA   NA,NA   NA   NA   NA
STTD_2016-06-14 08:20:00,6/14/2016 8:20,STTD,2016,A,FALSE,CLD,NA,NA,20.81,0.17,201,218,7.75,8.3,103.3,10,Regular,873000,875821,2821,2821,8.664946847,8.664946847,1,NA,NA,Aquatic Non-Insects,4,Family,Naididae,Naididae,Pupae,0,0,0,NA,NA,NA,NA,NA,NA,NA,NA,NA,NA,NA   NA   NA   NA,NA   NA   NA   NA
STTD_2016-06-14 08:20:00,6/14/2016 8:20,STTD,2016,A,FALSE,CLD,NA,NA,20.81,0.17,201,218,7.75,8.3,103.3,10,Regular,873000,875821,2821,2821,8.664946847,8.664946847,1,NA,NA,Aquatic Non-Insects,4,Family,Naididae,Naididae,Nymphs,0,0,0,NA,NA,NA,NA,NA,NA,NA,NA,NA,NA,NA   NA   NA   NA,NA   NA   NA   NA
STTD_2016-06-14 08:20:00,6/14/2016 8:20,STTD,2016,A,FALSE,CLD,NA,NA,20.81,0.17,201,218,7.75,8.3,103.3,10,Regular,873000,875821,2821,2821,8.664946847,8.664946847,1,NA,NA,Aquatic Non-Insects,4,Family,Naididae,Naididae,Emergents,0,0,0,NA,NA,NA,NA,NA,NA,NA,NA,NA,NA,NA   NA   NA   NA,NA   NA   NA   NA
STTD_2016-06-14 08:20:00,6/14/2016 8:20,STTD,2016,A,FALSE,CLD,NA,NA,20.81,0.17,201,218,7.75,8.3,103.3,10,Regular,873000,875821,2821,2821,8.664946847,8.664946847,1,NA,NA,Aquatic Non-Insects,4,Family,Naididae,Naididae,Adults,0,0,0,NA,NA,NA,NA,NA,NA,NA,NA,NA,NA,NA   NA   NA   NA,NA   NA   NA   NA
STTD_2016-06-14 08:20:00,6/14/2016 8:20,STTD,2016,A,FALSE,CLD,NA,NA,20.81,0.17,201,218,7.75,8.3,103.3,10,Regular,873000,875821,2821,2821,8.664946847,8.664946847,1,NA,NA,Aquatic Non-Insects,4,Family,Naididae,Naididae,NotDetermined,1,0.115,0.115,NA,NA,NA,NA,NA,NA,NA,NA,NA,NA,NA   NA   NA   NA,NA   NA   NA   NA
STTD_2016-06-14 08:20:00,6/14/2016 8:20,STTD,2016,A,FALSE,CLD,NA,NA,20.81,0.17,201,218,7.75,8.3,103.3,10,Regular,873000,875821,2821,2821,8.664946847,8.664946847,1,NA,NA,Aquatic Non-Insects,21,Family,Planorbidae,Planorbidae,Larvae,0,0,0,NA,NA,NA,NA,NA,NA,NA,NA,NA,NA,NA   NA   NA   NA,NA   NA   NA   NA
STTD_2016-06-14 08:20:00,6/14/2016 8:20,STTD,2016,A,FALSE,CLD,NA,NA,20.81,0.17,201,218,7.75,8.3,103.3,10,Regular,873000,875821,2821,2821,8.664946847,8.664946847,1,NA,NA,Aquatic Non-Insects,21,Family,Planorbidae,Planorbidae,Pupae,0,0,0,NA,NA,NA,NA,NA,NA,NA,NA,NA,NA,NA   NA   NA   NA,NA   NA   NA   NA
STTD_2016-06-14 08:20:00,6/14/2016 8:20,STTD,2016,A,FALSE,CLD,NA,NA,20.81,0.17,201,218,7.75,8.3,103.3,10,Regular,873000,875821,2821,2821,8.664946847,8.664946847,1,NA,NA,Aquatic Non-Insects,21,Family,Planorbidae,Planorbidae,Nymphs,0,0,0,NA,NA,NA,NA,NA,NA,NA,NA,NA,NA,NA   NA   NA   NA,NA   NA   NA   NA
STTD_2016-06-14 08:20:00,6/14/2016 8:20,STTD,2016,A,FALSE,CLD,NA,NA,20.81,0.17,201,218,7.75,8.3,103.3,10,Regular,873000,875821,2821,2821,8.664946847,8.664946847,1,NA,NA,Aquatic Non-Insects,21,Family,Planorbidae,Planorbidae,Emergents,0,0,0,NA,NA,NA,NA,NA,NA,NA,NA,NA,NA,NA   NA   NA   NA,NA   NA   NA   NA
STTD_2016-06-14 08:20:00,6/14/2016 8:20,STTD,2016,A,FALSE,CLD,NA,NA,20.81,0.17,201,218,7.75,8.3,103.3,10,Regular,873000,875821,2821,2821,8.664946847,8.664946847,1,NA,NA,Aquatic Non-Insects,21,Family,Planorbidae,Planorbidae,Adults,0,0,0,NA,NA,NA,NA,NA,NA,NA,NA,NA,NA,NA   NA   NA   NA,NA   NA   NA   NA
STTD_2016-06-14 08:20:00,6/14/2016 8:20,STTD,2016,A,FALSE,CLD,NA,NA,20.81,0.17,201,218,7.75,8.3,103.3,10,Regular,873000,875821,2821,2821,8.664946847,8.664946847,1,NA,NA,Aquatic Non-Insects,21,Family,Planorbidae,Planorbidae,NotDetermined,1,0.115,0.115,NA,NA,NA,NA,NA,NA,NA,NA,NA,NA,NA   NA   NA   NA,NA   NA   NA   NA
STTD_2016-06-14 08:20:00,6/14/2016 8:20,STTD,2016,A,FALSE,CLD,NA,NA,20.81,0.17,201,218,7.75,8.3,103.3,10,Regular,873000,875821,2821,2821,8.664946847,8.664946847,1,NA,NA,Aquatic Non-Insects,169,Suborder,Cladocera,Cladoceran,Larvae,0,0,0,NA,NA,NA,NA,NA,NA,NA,NA,NA,NA,NA   NA   NA   NA,NA   NA   NA   NA
STTD_2016-06-14 08:20:00,6/14/2016 8:20,STTD,2016,A,FALSE,CLD,NA,NA,20.81,0.17,201,218,7.75,8.3,103.3,10,Regular,873000,875821,2821,2821,8.664946847,8.664946847,1,NA,NA,Aquatic Non-Insects,169,Suborder,Cladocera,Cladoceran,Pupae,0,0,0,NA,NA,NA,NA,NA,NA,NA,NA,NA,NA,NA   NA   NA   NA,NA   NA   NA   NA
STTD_2016-06-14 08:20:00,6/14/2016 8:20,STTD,2016,A,FALSE,CLD,NA,NA,20.81,0.17,201,218,7.75,8.3,103.3,10,Regular,873000,875821,2821,2821,8.664946847,8.664946847,1,NA,NA,Aquatic Non-Insects,169,Suborder,Cladocera,Cladoceran,Nymphs,0,0,0,NA,NA,NA,NA,NA,NA,NA,NA,NA,NA,NA   NA   NA   NA,NA   NA   NA   NA
STTD_2016-06-14 08:20:00,6/14/2016 8:20,STTD,2016,A,FALSE,CLD,NA,NA,20.81,0.17,201,218,7.75,8.3,103.3,10,Regular,873000,875821,2821,2821,8.664946847,8.664946847,1,NA,NA,Aquatic Non-Insects,169,Suborder,Cladocera,Cladoceran,Emergents,0,0,0,NA,NA,NA,NA,NA,NA,NA,NA,NA,NA,NA   NA   NA   NA,NA   NA   NA   NA
STTD_2016-06-14 08:20:00,6/14/2016 8:20,STTD,2016,A,FALSE,CLD,NA,NA,20.81,0.17,201,218,7.75,8.3,103.3,10,Regular,873000,875821,2821,2821,8.664946847,8.664946847,1,NA,NA,Aquatic Non-Insects,169,Suborder,Cladocera,Cladoceran,Adults,0,0,0,NA,NA,NA,NA,NA,NA,NA,NA,NA,NA,NA   NA   NA   NA,NA   NA   NA   NA
STTD_2016-06-14 08:20:00,6/14/2016 8:20,STTD,2016,A,FALSE,CLD,NA,NA,20.81,0.17,201,218,7.75,8.3,103.3,10,Regular,873000,875821,2821,2821,8.664946847,8.664946847,1,NA,NA,Aquatic Non-Insects,169,Suborder,Cladocera,Cladoceran,NotDetermined,1,0.115,0.115,NA,NA,NA,NA,NA,NA,NA,NA,NA,NA,NA   NA   NA   NA,NA   NA   NA   NA
STTD_2016-06-14 08:20:00,6/14/2016 8:20,STTD,2016,A,FALSE,CLD,NA,NA,20.81,0.17,201,218,7.75,8.3,103.3,10,Regular,873000,875821,2821,2821,8.664946847,8.664946847,1,NA,NA,Aquatic Non-Insects,15,Family,Hyalellidae,Hyalellidae,Larvae,0,0,0,NA,NA,NA,NA,NA,NA,NA,NA,NA,NA,NA   NA   NA   NA,NA   NA   NA   NA
STTD_2016-06-14 08:20:00,6/14/2016 8:20,STTD,2016,A,FALSE,CLD,NA,NA,20.81,0.17,201,218,7.75,8.3,103.3,10,Regular,873000,875821,2821,2821,8.664946847,8.664946847,1,NA,NA,Aquatic Non-Insects,15,Family,Hyalellidae,Hyalellidae,Pupae,0,0,0,NA,NA,NA,NA,NA,NA,NA,NA,NA,NA,NA   NA   NA   NA,NA   NA   NA   NA
STTD_2016-06-14 08:20:00,6/14/2016 8:20,STTD,2016,A,FALSE,CLD,NA,NA,20.81,0.17,201,218,7.75,8.3,103.3,10,Regular,873000,875821,2821,2821,8.664946847,8.664946847,1,NA,NA,Aquatic Non-Insects,15,Family,Hyalellidae,Hyalellidae,Nymphs,0,0,0,NA,NA,NA,NA,NA,NA,NA,NA,NA,NA,NA   NA   NA   NA,NA   NA   NA   NA
STTD_2016-06-14 08:20:00,6/14/2016 8:20,STTD,2016,A,FALSE,CLD,NA,NA,20.81,0.17,201,218,7.75,8.3,103.3,10,Regular,873000,875821,2821,2821,8.664946847,8.664946847,1,NA,NA,Aquatic Non-Insects,15,Family,Hyalellidae,Hyalellidae,Emergents,0,0,0,NA,NA,NA,NA,NA,NA,NA,NA,NA,NA,NA   NA   NA   NA,NA   NA   NA   NA
STTD_2016-06-14 08:20:00,6/14/2016 8:20,STTD,2016,A,FALSE,CLD,NA,NA,20.81,0.17,201,218,7.75,8.3,103.3,10,Regular,873000,875821,2821,2821,8.664946847,8.664946847,1,NA,NA,Aquatic Non-Insects,15,Family,Hyalellidae,Hyalellidae,Adults,0,0,0,NA,NA,NA,NA,NA,NA,NA,NA,NA,NA,NA   NA   NA   NA,NA   NA   NA   NA
STTD_2016-06-14 08:20:00,6/14/2016 8:20,STTD,2016,A,FALSE,CLD,NA,NA,20.81,0.17,201,218,7.75,8.3,103.3,10,Regular,873000,875821,2821,2821,8.664946847,8.664946847,1,NA,NA,Aquatic Non-Insects,15,Family,Hyalellidae,Hyalellidae,NotDetermined,1,0.115,0.115,NA,NA,NA,NA,NA,NA,NA,NA,NA,NA,NA   NA   NA   NA,NA   NA   NA   NA
STTD_2016-06-14 08:20:00,6/14/2016 8:20,STTD,2016,A,FALSE,CLD,NA,NA,20.81,0.17,201,218,7.75,8.3,103.3,10,Regular,873000,875821,2821,2821,8.664946847,8.664946847,1,NA,NA,Aquatic Non-Insects,123,Family,Pionidae,Pionidae,Larvae,0,0,0,NA,NA,NA,NA,NA,NA,NA,NA,NA,NA,NA   NA   NA   NA,NA   NA   NA   NA
STTD_2016-06-14 08:20:00,6/14/2016 8:20,STTD,2016,A,FALSE,CLD,NA,NA,20.81,0.17,201,218,7.75,8.3,103.3,10,Regular,873000,875821,2821,2821,8.664946847,8.664946847,1,NA,NA,Aquatic Non-Insects,123,Family,Pionidae,Pionidae,Pupae,0,0,0,NA,NA,NA,NA,NA,NA,NA,NA,NA,NA,NA   NA   NA   NA,NA   NA   NA   NA
STTD_2016-06-14 08:20:00,6/14/2016 8:20,STTD,2016,A,FALSE,CLD,NA,NA,20.81,0.17,201,218,7.75,8.3,103.3,10,Regular,873000,875821,2821,2821,8.664946847,8.664946847,1,NA,NA,Aquatic Non-Insects,123,Family,Pionidae,Pionidae,Nymphs,0,0,0,NA,NA,NA,NA,NA,NA,NA,NA,NA,NA,NA   NA   NA   NA,NA   NA   NA   NA
STTD_2016-06-14 08:20:00,6/14/2016 8:20,STTD,2016,A,FALSE,CLD,NA,NA,20.81,0.17,201,218,7.75,8.3,103.3,10,Regular,873000,875821,2821,2821,8.664946847,8.664946847,1,NA,NA,Aquatic Non-Insects,123,Family,Pionidae,Pionidae,Emergents,0,0,0,NA,NA,NA,NA,NA,NA,NA,NA,NA,NA,NA   NA   NA   NA,NA   NA   NA   NA
STTD_2016-06-14 08:20:00,6/14/2016 8:20,STTD,2016,A,FALSE,CLD,NA,NA,20.81,0.17,201,218,7.75,8.3,103.3,10,Regular,873000,875821,2821,2821,8.664946847,8.664946847,1,NA,NA,Aquatic Non-Insects,123,Family,Pionidae,Pionidae,Adults,0,0,0,NA,NA,NA,NA,NA,NA,NA,NA,NA,NA,NA   NA   NA   NA,NA   NA   NA   NA
STTD_2016-06-14 08:20:00,6/14/2016 8:20,STTD,2016,A,FALSE,CLD,NA,NA,20.81,0.17,201,218,7.75,8.3,103.3,10,Regular,873000,875821,2821,2821,8.664946847,8.664946847,1,NA,NA,Aquatic Non-Insects,123,Family,Pionidae,Pionidae,NotDetermined,17,1.962,1.962,NA,NA,NA,NA,NA,NA,NA,NA,NA,NA,NA   NA   NA   NA,NA   NA   NA   NA
STTD_2016-06-14 08:20:00,6/14/2016 8:20,STTD,2016,A,FALSE,CLD,NA,NA,20.81,0.17,201,218,7.75,8.3,103.3,10,Regular,873000,875821,2821,2821,8.664946847,8.664946847,1,NA,NA,Aquatic Non-Insects,130,Phylum,Nematoda,Nematoda,Larvae,0,0,0,NA,NA,NA,NA,NA,NA,NA,NA,NA,NA,NA   NA   NA   NA,NA   NA   NA   NA
STTD_2016-06-14 08:20:00,6/14/2016 8:20,STTD,2016,A,FALSE,CLD,NA,NA,20.81,0.17,201,218,7.75,8.3,103.3,10,Regular,873000,875821,2821,2821,8.664946847,8.664946847,1,NA,NA,Aquatic Non-Insects,130,Phylum,Nematoda,Nematoda,Pupae,0,0,0,NA,NA,NA,NA,NA,NA,NA,NA,NA,NA,NA   NA   NA   NA,NA   NA   NA   NA
STTD_2016-06-14 08:20:00,6/14/2016 8:20,STTD,2016,A,FALSE,CLD,NA,NA,20.81,0.17,201,218,7.75,8.3,103.3,10,Regular,873000,875821,2821,2821,8.664946847,8.664946847,1,NA,NA,Aquatic Non-Insects,130,Phylum,Nematoda,Nematoda,Nymphs,0,0,0,NA,NA,NA,NA,NA,NA,NA,NA,NA,NA,NA   NA   NA   NA,NA   NA   NA   NA
STTD_2016-06-14 08:20:00,6/14/2016 8:20,STTD,2016,A,FALSE,CLD,NA,NA,20.81,0.17,201,218,7.75,8.3,103.3,10,Regular,873000,875821,2821,2821,8.664946847,8.664946847,1,NA,NA,Aquatic Non-Insects,130,Phylum,Nematoda,Nematoda,Emergents,0,0,0,NA,NA,NA,NA,NA,NA,NA,NA,NA,NA,NA   NA   NA   NA,NA   NA   NA   NA
STTD_2016-06-14 08:20:00,6/14/2016 8:20,STTD,2016,A,FALSE,CLD,NA,NA,20.81,0.17,201,218,7.75,8.3,103.3,10,Regular,873000,875821,2821,2821,8.664946847,8.664946847,1,NA,NA,Aquatic Non-Insects,130,Phylum,Nematoda,Nematoda,Adults,0,0,0,NA,NA,NA,NA,NA,NA,NA,NA,NA,NA,NA   NA   NA   NA,NA   NA   NA   NA
STTD_2016-06-14 08:20:00,6/14/2016 8:20,STTD,2016,A,FALSE,CLD,NA,NA,20.81,0.17,201,218,7.75,8.3,103.3,10,Regular,873000,875821,2821,2821,8.664946847,8.664946847,1,NA,NA,Aquatic Non-Insects,130,Phylum,Nematoda,Nematoda,NotDetermined,1,0.115,0.115,NA,NA,NA,NA,NA,NA,NA,NA,NA,NA,NA   NA   NA   NA,NA   NA   NA   NA
STTD_2016-06-14 08:20:00,6/14/2016 8:20,STTD,2016,A,FALSE,CLD,NA,NA,20.81,0.17,201,218,7.75,8.3,103.3,10,Regular,873000,875821,2821,2821,8.664946847,8.664946847,1,NA,NA,Terrestrial Insects,64,Order,Diptera,Diptera,Larvae,0,0,0,NA,NA,NA,NA,NA,NA,NA,NA,NA,NA,NA   NA   NA   NA,NA   NA   NA   NA
STTD_2016-06-14 08:20:00,6/14/2016 8:20,STTD,2016,A,FALSE,CLD,NA,NA,20.81,0.17,201,218,7.75,8.3,103.3,10,Regular,873000,875821,2821,2821,8.664946847,8.664946847,1,NA,NA,Terrestrial Insects,64,Order,Diptera,Diptera,Pupae,0,0,0,NA,NA,NA,NA,NA,NA,NA,NA,NA,NA,NA   NA   NA   NA,NA   NA   NA   NA
STTD_2016-06-14 08:20:00,6/14/2016 8:20,STTD,2016,A,FALSE,CLD,NA,NA,20.81,0.17,201,218,7.75,8.3,103.3,10,Regular,873000,875821,2821,2821,8.664946847,8.664946847,1,NA,NA,Terrestrial Insects,64,Order,Diptera,Diptera,Nymphs,0,0,0,NA,NA,NA,NA,NA,NA,NA,NA,NA,NA,NA   NA   NA   NA,NA   NA   NA   NA
STTD_2016-06-14 08:20:00,6/14/2016 8:20,STTD,2016,A,FALSE,CLD,NA,NA,20.81,0.17,201,218,7.75,8.3,103.3,10,Regular,873000,875821,2821,2821,8.664946847,8.664946847,1,NA,NA,Terrestrial Insects,64,Order,Diptera,Diptera,Emergents,0,0,0,NA,NA,NA,NA,NA,NA,NA,NA,NA,NA,NA   NA   NA   NA,NA   NA   NA   NA
STTD_2016-06-14 08:20:00,6/14/2016 8:20,STTD,2016,A,FALSE,CLD,NA,NA,20.81,0.17,201,218,7.75,8.3,103.3,10,Regular,873000,875821,2821,2821,8.664946847,8.664946847,1,NA,NA,Terrestrial Insects,64,Order,Diptera,Diptera,Adults,1,0.115,0.115,NA,NA,NA,NA,NA,NA,NA,NA,NA,NA,NA   NA   NA   NA,NA   NA   NA   NA
STTD_2016-06-14 08:20:00,6/14/2016 8:20,STTD,2016,A,FALSE,CLD,NA,NA,20.81,0.17,201,218,7.75,8.3,103.3,10,Regular,873000,875821,2821,2821,8.664946847,8.664946847,1,NA,NA,Terrestrial Insects,64,Order,Diptera,Diptera,NotDetermined,0,0,0,NA,NA,NA,NA,NA,NA,NA,NA,NA,NA,NA   NA   NA   NA,NA   NA   NA   NA
STTD_2016-06-14 08:20:00,6/14/2016 8:20,STTD,2016,A,FALSE,CLD,NA,NA,20.81,0.17,201,218,7.75,8.3,103.3,10,Regular,873000,875821,2821,2821,8.664946847,8.664946847,1,NA,NA,Terrestrial Insects,66,Order,Hymenoptera,Hymenoptera,Larvae,0,0,0,NA,NA,NA,NA,NA,NA,NA,NA,NA,NA,NA   NA   NA   NA,NA   NA   NA   NA
STTD_2016-06-14 08:20:00,6/14/2016 8:20,STTD,2016,A,FALSE,CLD,NA,NA,20.81,0.17,201,218,7.75,8.3,103.3,10,Regular,873000,875821,2821,2821,8.664946847,8.664946847,1,NA,NA,Terrestrial Insects,66,Order,Hymenoptera,Hymenoptera,Pupae,0,0,0,NA,NA,NA,NA,NA,NA,NA,NA,NA,NA,NA   NA   NA   NA,NA   NA   NA   NA
STTD_2016-06-14 08:20:00,6/14/2016 8:20,STTD,2016,A,FALSE,CLD,NA,NA,20.81,0.17,201,218,7.75,8.3,103.3,10,Regular,873000,875821,2821,2821,8.664946847,8.664946847,1,NA,NA,Terrestrial Insects,66,Order,Hymenoptera,Hymenoptera,Nymphs,0,0,0,NA,NA,NA,NA,NA,NA,NA,NA,NA,NA,NA   NA   NA   NA,NA   NA   NA   NA
STTD_2016-06-14 08:20:00,6/14/2016 8:20,STTD,2016,A,FALSE,CLD,NA,NA,20.81,0.17,201,218,7.75,8.3,103.3,10,Regular,873000,875821,2821,2821,8.664946847,8.664946847,1,NA,NA,Terrestrial Insects,66,Order,Hymenoptera,Hymenoptera,Emergents,0,0,0,NA,NA,NA,NA,NA,NA,NA,NA,NA,NA,NA   NA   NA   NA,NA   NA   NA   NA
STTD_2016-06-14 08:20:00,6/14/2016 8:20,STTD,2016,A,FALSE,CLD,NA,NA,20.81,0.17,201,218,7.75,8.3,103.3,10,Regular,873000,875821,2821,2821,8.664946847,8.664946847,1,NA,NA,Terrestrial Insects,66,Order,Hymenoptera,Hymenoptera,Adults,2,0.231,0.231,NA,NA,NA,NA,NA,NA,NA,NA,NA,NA,NA   NA   NA   NA,NA   NA   NA   NA
STTD_2016-06-14 08:20:00,6/14/2016 8:20,STTD,2016,A,FALSE,CLD,NA,NA,20.81,0.17,201,218,7.75,8.3,103.3,10,Regular,873000,875821,2821,2821,8.664946847,8.664946847,1,NA,NA,Terrestrial Insects,66,Order,Hymenoptera,Hymenoptera,NotDetermined,0,0,0,NA,NA,NA,NA,NA,NA,NA,NA,NA,NA,NA   NA   NA   NA,NA   NA   NA   NA
STTD_2016-06-30 09:40:00,6/30/2016 9:40,STTD,2016,A,FALSE,CLR,NA,NA,25.87,0.22,223,220,7.64,6.68,61.2,10,Regular,204000,206297,2297,2297,7.055435274,7.055435274,1,ebb tide from RSTR,NA,Aquatic Insects,111,Family,Belostomatidae,Belostomatidae,Larvae,1,0.142,0.142,NA,NA,NA,NA,NA,NA,NA,NA,NA,NA,NA   NA   NA   NA,NA   NA   NA   NA
STTD_2016-06-30 09:40:00,6/30/2016 9:40,STTD,2016,A,FALSE,CLR,NA,NA,25.87,0.22,223,220,7.64,6.68,61.2,10,Regular,204000,206297,2297,2297,7.055435274,7.055435274,1,ebb tide from RSTR,NA,Aquatic Insects,111,Family,Belostomatidae,Belostomatidae,Pupae,0,0,0,NA,NA,NA,NA,NA,NA,NA,NA,NA,NA,NA   NA   NA   NA,NA   NA   NA   NA
STTD_2016-06-30 09:40:00,6/30/2016 9:40,STTD,2016,A,FALSE,CLR,NA,NA,25.87,0.22,223,220,7.64,6.68,61.2,10,Regular,204000,206297,2297,2297,7.055435274,7.055435274,1,ebb tide from RSTR,NA,Aquatic Insects,111,Family,Belostomatidae,Belostomatidae,Nymphs,0,0,0,NA,NA,NA,NA,NA,NA,NA,NA,NA,NA,NA   NA   NA   NA,NA   NA   NA   NA
STTD_2016-06-30 09:40:00,6/30/2016 9:40,STTD,2016,A,FALSE,CLR,NA,NA,25.87,0.22,223,220,7.64,6.68,61.2,10,Regular,204000,206297,2297,2297,7.055435274,7.055435274,1,ebb tide from RSTR,NA,Aquatic Insects,111,Family,Belostomatidae,Belostomatidae,Emergents,0,0,0,NA,NA,NA,NA,NA,NA,NA,NA,NA,NA,NA   NA   NA   NA,NA   NA   NA   NA
STTD_2016-06-30 09:40:00,6/30/2016 9:40,STTD,2016,A,FALSE,CLR,NA,NA,25.87,0.22,223,220,7.64,6.68,61.2,10,Regular,204000,206297,2297,2297,7.055435274,7.055435274,1,ebb tide from RSTR,NA,Aquatic Insects,111,Family,Belostomatidae,Belostomatidae,Adults,0,0,0,NA,NA,NA,NA,NA,NA,NA,NA,NA,NA,NA   NA   NA   NA,NA   NA   NA   NA
STTD_2016-06-30 09:40:00,6/30/2016 9:40,STTD,2016,A,FALSE,CLR,NA,NA,25.87,0.22,223,220,7.64,6.68,61.2,10,Regular,204000,206297,2297,2297,7.055435274,7.055435274,1,ebb tide from RSTR,NA,Aquatic Insects,111,Family,Belostomatidae,Belostomatidae,NotDetermined,0,0,0,NA,NA,NA,NA,NA,NA,NA,NA,NA,NA,NA   NA   NA   NA,NA   NA   NA   NA
STTD_2016-06-30 09:40:00,6/30/2016 9:40,STTD,2016,A,FALSE,CLR,NA,NA,25.87,0.22,223,220,7.64,6.68,61.2,10,Regular,204000,206297,2297,2297,7.055435274,7.055435274,1,ebb tide from RSTR,NA,Aquatic Insects,44,Family,Corixidae,Corixidae,Larvae,1,0.142,0.142,NA,NA,NA,NA,NA,NA,NA,NA,NA,NA,NA   NA   NA   NA,NA   NA   NA   NA
STTD_2016-06-30 09:40:00,6/30/2016 9:40,STTD,2016,A,FALSE,CLR,NA,NA,25.87,0.22,223,220,7.64,6.68,61.2,10,Regular,204000,206297,2297,2297,7.055435274,7.055435274,1,ebb tide from RSTR,NA,Aquatic Insects,44,Family,Corixidae,Corixidae,Pupae,0,0,0,NA,NA,NA,NA,NA,NA,NA,NA,NA,NA,NA   NA   NA   NA,NA   NA   NA   NA
STTD_2016-06-30 09:40:00,6/30/2016 9:40,STTD,2016,A,FALSE,CLR,NA,NA,25.87,0.22,223,220,7.64,6.68,61.2,10,Regular,204000,206297,2297,2297,7.055435274,7.055435274,1,ebb tide from RSTR,NA,Aquatic Insects,44,Family,Corixidae,Corixidae,Nymphs,0,0,0,NA,NA,NA,NA,NA,NA,NA,NA,NA,NA,NA   NA   NA   NA,NA   NA   NA   NA
STTD_2016-06-30 09:40:00,6/30/2016 9:40,STTD,2016,A,FALSE,CLR,NA,NA,25.87,0.22,223,220,7.64,6.68,61.2,10,Regular,204000,206297,2297,2297,7.055435274,7.055435274,1,ebb tide from RSTR,NA,Aquatic Insects,44,Family,Corixidae,Corixidae,Emergents,0,0,0,NA,NA,NA,NA,NA,NA,NA,NA,NA,NA,NA   NA   NA   NA,NA   NA   NA   NA
STTD_2016-06-30 09:40:00,6/30/2016 9:40,STTD,2016,A,FALSE,CLR,NA,NA,25.87,0.22,223,220,7.64,6.68,61.2,10,Regular,204000,206297,2297,2297,7.055435274,7.055435274,1,ebb tide from RSTR,NA,Aquatic Insects,44,Family,Corixidae,Corixidae,Adults,1,0.142,0.142,NA,NA,NA,NA,NA,NA,NA,NA,NA,NA,NA   NA   NA   NA,NA   NA   NA   NA
STTD_2016-06-30 09:40:00,6/30/2016 9:40,STTD,2016,A,FALSE,CLR,NA,NA,25.87,0.22,223,220,7.64,6.68,61.2,10,Regular,204000,206297,2297,2297,7.055435274,7.055435274,1,ebb tide from RSTR,NA,Aquatic Insects,44,Family,Corixidae,Corixidae,NotDetermined,0,0,0,NA,NA,NA,NA,NA,NA,NA,NA,NA,NA,NA   NA   NA   NA,NA   NA   NA   NA
STTD_2016-06-30 09:40:00,6/30/2016 9:40,STTD,2016,A,FALSE,CLR,NA,NA,25.87,0.22,223,220,7.64,6.68,61.2,10,Regular,204000,206297,2297,2297,7.055435274,7.055435274,1,ebb tide from RSTR,NA,Aquatic Insects,34,Family,Chironomidae,Chironomidae,Larvae,1,0.142,0.142,NA,NA,NA,NA,NA,NA,NA,NA,NA,NA,NA   NA   NA   NA,NA   NA   NA   NA
STTD_2016-06-30 09:40:00,6/30/2016 9:40,STTD,2016,A,FALSE,CLR,NA,NA,25.87,0.22,223,220,7.64,6.68,61.2,10,Regular,204000,206297,2297,2297,7.055435274,7.055435274,1,ebb tide from RSTR,NA,Aquatic Insects,34,Family,Chironomidae,Chironomidae,Pupae,0,0,0,NA,NA,NA,NA,NA,NA,NA,NA,NA,NA,NA   NA   NA   NA,NA   NA   NA   NA
STTD_2016-06-30 09:40:00,6/30/2016 9:40,STTD,2016,A,FALSE,CLR,NA,NA,25.87,0.22,223,220,7.64,6.68,61.2,10,Regular,204000,206297,2297,2297,7.055435274,7.055435274,1,ebb tide from RSTR,NA,Aquatic Insects,34,Family,Chironomidae,Chironomidae,Nymphs,0,0,0,NA,NA,NA,NA,NA,NA,NA,NA,NA,NA,NA   NA   NA   NA,NA   NA   NA   NA
STTD_2016-06-30 09:40:00,6/30/2016 9:40,STTD,2016,A,FALSE,CLR,NA,NA,25.87,0.22,223,220,7.64,6.68,61.2,10,Regular,204000,206297,2297,2297,7.055435274,7.055435274,1,ebb tide from RSTR,NA,Aquatic Insects,34,Family,Chironomidae,Chironomidae,Emergents,0,0,0,NA,NA,NA,NA,NA,NA,NA,NA,NA,NA,NA   NA   NA   NA,NA   NA   NA   NA
STTD_2016-06-30 09:40:00,6/30/2016 9:40,STTD,2016,A,FALSE,CLR,NA,NA,25.87,0.22,223,220,7.64,6.68,61.2,10,Regular,204000,206297,2297,2297,7.055435274,7.055435274,1,ebb tide from RSTR,NA,Aquatic Insects,34,Family,Chironomidae,Chironomidae,Adults,0,0,0,NA,NA,NA,NA,NA,NA,NA,NA,NA,NA,NA   NA   NA   NA,NA   NA   NA   NA
STTD_2016-06-30 09:40:00,6/30/2016 9:40,STTD,2016,A,FALSE,CLR,NA,NA,25.87,0.22,223,220,7.64,6.68,61.2,10,Regular,204000,206297,2297,2297,7.055435274,7.055435274,1,ebb tide from RSTR,NA,Aquatic Insects,34,Family,Chironomidae,Chironomidae,NotDetermined,0,0,0,NA,NA,NA,NA,NA,NA,NA,NA,NA,NA,NA   NA   NA   NA,NA   NA   NA   NA
STTD_2016-06-30 09:40:00,6/30/2016 9:40,STTD,2016,A,FALSE,CLR,NA,NA,25.87,0.22,223,220,7.64,6.68,61.2,10,Regular,204000,206297,2297,2297,7.055435274,7.055435274,1,ebb tide from RSTR,NA,Aquatic Non-Insects,172,Family,Murchisonellidae,Murchisonellidae,Larvae,0,0,0,NA,NA,NA,NA,NA,NA,NA,NA,NA,NA,NA   NA   NA   NA,NA   NA   NA   NA
STTD_2016-06-30 09:40:00,6/30/2016 9:40,STTD,2016,A,FALSE,CLR,NA,NA,25.87,0.22,223,220,7.64,6.68,61.2,10,Regular,204000,206297,2297,2297,7.055435274,7.055435274,1,ebb tide from RSTR,NA,Aquatic Non-Insects,172,Family,Murchisonellidae,Murchisonellidae,Pupae,0,0,0,NA,NA,NA,NA,NA,NA,NA,NA,NA,NA,NA   NA   NA   NA,NA   NA   NA   NA
STTD_2016-06-30 09:40:00,6/30/2016 9:40,STTD,2016,A,FALSE,CLR,NA,NA,25.87,0.22,223,220,7.64,6.68,61.2,10,Regular,204000,206297,2297,2297,7.055435274,7.055435274,1,ebb tide from RSTR,NA,Aquatic Non-Insects,172,Family,Murchisonellidae,Murchisonellidae,Nymphs,0,0,0,NA,NA,NA,NA,NA,NA,NA,NA,NA,NA,NA   NA   NA   NA,NA   NA   NA   NA
STTD_2016-06-30 09:40:00,6/30/2016 9:40,STTD,2016,A,FALSE,CLR,NA,NA,25.87,0.22,223,220,7.64,6.68,61.2,10,Regular,204000,206297,2297,2297,7.055435274,7.055435274,1,ebb tide from RSTR,NA,Aquatic Non-Insects,172,Family,Murchisonellidae,Murchisonellidae,Emergents,0,0,0,NA,NA,NA,NA,NA,NA,NA,NA,NA,NA,NA   NA   NA   NA,NA   NA   NA   NA
STTD_2016-06-30 09:40:00,6/30/2016 9:40,STTD,2016,A,FALSE,CLR,NA,NA,25.87,0.22,223,220,7.64,6.68,61.2,10,Regular,204000,206297,2297,2297,7.055435274,7.055435274,1,ebb tide from RSTR,NA,Aquatic Non-Insects,172,Family,Murchisonellidae,Murchisonellidae,Adults,0,0,0,NA,NA,NA,NA,NA,NA,NA,NA,NA,NA,NA   NA   NA   NA,NA   NA   NA   NA
STTD_2016-06-30 09:40:00,6/30/2016 9:40,STTD,2016,A,FALSE,CLR,NA,NA,25.87,0.22,223,220,7.64,6.68,61.2,10,Regular,204000,206297,2297,2297,7.055435274,7.055435274,1,ebb tide from RSTR,NA,Aquatic Non-Insects,172,Family,Murchisonellidae,Murchisonellidae,NotDetermined,8,1.134,1.134,NA,NA,NA,NA,NA,NA,NA,NA,NA,NA,NA   NA   NA   NA,NA   NA   NA   NA
STTD_2016-06-30 09:40:00,6/30/2016 9:40,STTD,2016,A,FALSE,CLR,NA,NA,25.87,0.22,223,220,7.64,6.68,61.2,10,Regular,204000,206297,2297,2297,7.055435274,7.055435274,1,ebb tide from RSTR,NA,Aquatic Non-Insects,123,Family,Pionidae,Pionidae,Larvae,0,0,0,NA,NA,NA,NA,NA,NA,NA,NA,NA,NA,NA   NA   NA   NA,NA   NA   NA   NA
STTD_2016-06-30 09:40:00,6/30/2016 9:40,STTD,2016,A,FALSE,CLR,NA,NA,25.87,0.22,223,220,7.64,6.68,61.2,10,Regular,204000,206297,2297,2297,7.055435274,7.055435274,1,ebb tide from RSTR,NA,Aquatic Non-Insects,123,Family,Pionidae,Pionidae,Pupae,0,0,0,NA,NA,NA,NA,NA,NA,NA,NA,NA,NA,NA   NA   NA   NA,NA   NA   NA   NA
STTD_2016-06-30 09:40:00,6/30/2016 9:40,STTD,2016,A,FALSE,CLR,NA,NA,25.87,0.22,223,220,7.64,6.68,61.2,10,Regular,204000,206297,2297,2297,7.055435274,7.055435274,1,ebb tide from RSTR,NA,Aquatic Non-Insects,123,Family,Pionidae,Pionidae,Nymphs,0,0,0,NA,NA,NA,NA,NA,NA,NA,NA,NA,NA,NA   NA   NA   NA,NA   NA   NA   NA
STTD_2016-06-30 09:40:00,6/30/2016 9:40,STTD,2016,A,FALSE,CLR,NA,NA,25.87,0.22,223,220,7.64,6.68,61.2,10,Regular,204000,206297,2297,2297,7.055435274,7.055435274,1,ebb tide from RSTR,NA,Aquatic Non-Insects,123,Family,Pionidae,Pionidae,Emergents,0,0,0,NA,NA,NA,NA,NA,NA,NA,NA,NA,NA,NA   NA   NA   NA,NA   NA   NA   NA
STTD_2016-06-30 09:40:00,6/30/2016 9:40,STTD,2016,A,FALSE,CLR,NA,NA,25.87,0.22,223,220,7.64,6.68,61.2,10,Regular,204000,206297,2297,2297,7.055435274,7.055435274,1,ebb tide from RSTR,NA,Aquatic Non-Insects,123,Family,Pionidae,Pionidae,Adults,0,0,0,NA,NA,NA,NA,NA,NA,NA,NA,NA,NA,NA   NA   NA   NA,NA   NA   NA   NA
STTD_2016-06-30 09:40:00,6/30/2016 9:40,STTD,2016,A,FALSE,CLR,NA,NA,25.87,0.22,223,220,7.64,6.68,61.2,10,Regular,204000,206297,2297,2297,7.055435274,7.055435274,1,ebb tide from RSTR,NA,Aquatic Non-Insects,123,Family,Pionidae,Pionidae,NotDetermined,2,0.283,0.283,NA,NA,NA,NA,NA,NA,NA,NA,NA,NA,NA   NA   NA   NA,NA   NA   NA   NA
STTD_2016-06-30 09:40:00,6/30/2016 9:40,STTD,2016,A,FALSE,CLR,NA,NA,25.87,0.22,223,220,7.64,6.68,61.2,10,Regular,204000,206297,2297,2297,7.055435274,7.055435274,1,ebb tide from RSTR,NA,Terrestrial Insects,71,Order,Hemiptera,Hemiptera,Larvae,0,0,0,NA,NA,NA,NA,NA,NA,NA,NA,NA,NA,NA   NA   NA   NA,NA   NA   NA   NA
STTD_2016-06-30 09:40:00,6/30/2016 9:40,STTD,2016,A,FALSE,CLR,NA,NA,25.87,0.22,223,220,7.64,6.68,61.2,10,Regular,204000,206297,2297,2297,7.055435274,7.055435274,1,ebb tide from RSTR,NA,Terrestrial Insects,71,Order,Hemiptera,Hemiptera,Pupae,0,0,0,NA,NA,NA,NA,NA,NA,NA,NA,NA,NA,NA   NA   NA   NA,NA   NA   NA   NA
STTD_2016-06-30 09:40:00,6/30/2016 9:40,STTD,2016,A,FALSE,CLR,NA,NA,25.87,0.22,223,220,7.64,6.68,61.2,10,Regular,204000,206297,2297,2297,7.055435274,7.055435274,1,ebb tide from RSTR,NA,Terrestrial Insects,71,Order,Hemiptera,Hemiptera,Nymphs,0,0,0,NA,NA,NA,NA,NA,NA,NA,NA,NA,NA,NA   NA   NA   NA,NA   NA   NA   NA
STTD_2016-06-30 09:40:00,6/30/2016 9:40,STTD,2016,A,FALSE,CLR,NA,NA,25.87,0.22,223,220,7.64,6.68,61.2,10,Regular,204000,206297,2297,2297,7.055435274,7.055435274,1,ebb tide from RSTR,NA,Terrestrial Insects,71,Order,Hemiptera,Hemiptera,Emergents,0,0,0,NA,NA,NA,NA,NA,NA,NA,NA,NA,NA,NA   NA   NA   NA,NA   NA   NA   NA
STTD_2016-06-30 09:40:00,6/30/2016 9:40,STTD,2016,A,FALSE,CLR,NA,NA,25.87,0.22,223,220,7.64,6.68,61.2,10,Regular,204000,206297,2297,2297,7.055435274,7.055435274,1,ebb tide from RSTR,NA,Terrestrial Insects,71,Order,Hemiptera,Hemiptera,Adults,2,0.283,0.283,NA,NA,NA,NA,NA,NA,NA,NA,NA,NA,NA   NA   NA   NA,NA   NA   NA   NA
STTD_2016-06-30 09:40:00,6/30/2016 9:40,STTD,2016,A,FALSE,CLR,NA,NA,25.87,0.22,223,220,7.64,6.68,61.2,10,Regular,204000,206297,2297,2297,7.055435274,7.055435274,1,ebb tide from RSTR,NA,Terrestrial Insects,71,Order,Hemiptera,Hemiptera,NotDetermined,0,0,0,NA,NA,NA,NA,NA,NA,NA,NA,NA,NA,NA   NA   NA   NA,NA   NA   NA   NA
STTD_2016-06-30 09:40:00,6/30/2016 9:40,STTD,2016,A,FALSE,CLR,NA,NA,25.87,0.22,223,220,7.64,6.68,61.2,10,Regular,204000,206297,2297,2297,7.055435274,7.055435274,1,ebb tide from RSTR,NA,Terrestrial Insects,63,Order,Coleoptera,Coleoptera,Larvae,0,0,0,NA,NA,NA,NA,NA,NA,NA,NA,NA,NA,NA   NA   NA   NA,NA   NA   NA   NA
STTD_2016-06-30 09:40:00,6/30/2016 9:40,STTD,2016,A,FALSE,CLR,NA,NA,25.87,0.22,223,220,7.64,6.68,61.2,10,Regular,204000,206297,2297,2297,7.055435274,7.055435274,1,ebb tide from RSTR,NA,Terrestrial Insects,63,Order,Coleoptera,Coleoptera,Pupae,0,0,0,NA,NA,NA,NA,NA,NA,NA,NA,NA,NA,NA   NA   NA   NA,NA   NA   NA   NA
STTD_2016-06-30 09:40:00,6/30/2016 9:40,STTD,2016,A,FALSE,CLR,NA,NA,25.87,0.22,223,220,7.64,6.68,61.2,10,Regular,204000,206297,2297,2297,7.055435274,7.055435274,1,ebb tide from RSTR,NA,Terrestrial Insects,63,Order,Coleoptera,Coleoptera,Nymphs,0,0,0,NA,NA,NA,NA,NA,NA,NA,NA,NA,NA,NA   NA   NA   NA,NA   NA   NA   NA
STTD_2016-06-30 09:40:00,6/30/2016 9:40,STTD,2016,A,FALSE,CLR,NA,NA,25.87,0.22,223,220,7.64,6.68,61.2,10,Regular,204000,206297,2297,2297,7.055435274,7.055435274,1,ebb tide from RSTR,NA,Terrestrial Insects,63,Order,Coleoptera,Coleoptera,Emergents,0,0,0,NA,NA,NA,NA,NA,NA,NA,NA,NA,NA,NA   NA   NA   NA,NA   NA   NA   NA
STTD_2016-06-30 09:40:00,6/30/2016 9:40,STTD,2016,A,FALSE,CLR,NA,NA,25.87,0.22,223,220,7.64,6.68,61.2,10,Regular,204000,206297,2297,2297,7.055435274,7.055435274,1,ebb tide from RSTR,NA,Terrestrial Insects,63,Order,Coleoptera,Coleoptera,Adults,5,0.709,0.709,NA,NA,NA,NA,NA,NA,NA,NA,NA,NA,NA   NA   NA   NA,NA   NA   NA   NA
STTD_2016-06-30 09:40:00,6/30/2016 9:40,STTD,2016,A,FALSE,CLR,NA,NA,25.87,0.22,223,220,7.64,6.68,61.2,10,Regular,204000,206297,2297,2297,7.055435274,7.055435274,1,ebb tide from RSTR,NA,Terrestrial Insects,63,Order,Coleoptera,Coleoptera,NotDetermined,0,0,0,NA,NA,NA,NA,NA,NA,NA,NA,NA,NA,NA   NA   NA   NA,NA   NA   NA   NA
STTD_2016-06-30 09:40:00,6/30/2016 9:40,STTD,2016,A,FALSE,CLR,NA,NA,25.87,0.22,223,220,7.64,6.68,61.2,10,Regular,204000,206297,2297,2297,7.055435274,7.055435274,1,ebb tide from RSTR,NA,Terrestrial Insects,64,Order,Diptera,Diptera,Larvae,0,0,0,NA,NA,NA,NA,NA,NA,NA,NA,NA,NA,NA   NA   NA   NA,NA   NA   NA   NA
STTD_2016-06-30 09:40:00,6/30/2016 9:40,STTD,2016,A,FALSE,CLR,NA,NA,25.87,0.22,223,220,7.64,6.68,61.2,10,Regular,204000,206297,2297,2297,7.055435274,7.055435274,1,ebb tide from RSTR,NA,Terrestrial Insects,64,Order,Diptera,Diptera,Pupae,0,0,0,NA,NA,NA,NA,NA,NA,NA,NA,NA,NA,NA   NA   NA   NA,NA   NA   NA   NA
STTD_2016-06-30 09:40:00,6/30/2016 9:40,STTD,2016,A,FALSE,CLR,NA,NA,25.87,0.22,223,220,7.64,6.68,61.2,10,Regular,204000,206297,2297,2297,7.055435274,7.055435274,1,ebb tide from RSTR,NA,Terrestrial Insects,64,Order,Diptera,Diptera,Nymphs,0,0,0,NA,NA,NA,NA,NA,NA,NA,NA,NA,NA,NA   NA   NA   NA,NA   NA   NA   NA
STTD_2016-06-30 09:40:00,6/30/2016 9:40,STTD,2016,A,FALSE,CLR,NA,NA,25.87,0.22,223,220,7.64,6.68,61.2,10,Regular,204000,206297,2297,2297,7.055435274,7.055435274,1,ebb tide from RSTR,NA,Terrestrial Insects,64,Order,Diptera,Diptera,Emergents,0,0,0,NA,NA,NA,NA,NA,NA,NA,NA,NA,NA,NA   NA   NA   NA,NA   NA   NA   NA
STTD_2016-06-30 09:40:00,6/30/2016 9:40,STTD,2016,A,FALSE,CLR,NA,NA,25.87,0.22,223,220,7.64,6.68,61.2,10,Regular,204000,206297,2297,2297,7.055435274,7.055435274,1,ebb tide from RSTR,NA,Terrestrial Insects,64,Order,Diptera,Diptera,Adults,5,0.709,0.709,NA,NA,NA,NA,NA,NA,NA,NA,NA,NA,NA   NA   NA   NA,NA   NA   NA   NA
STTD_2016-06-30 09:40:00,6/30/2016 9:40,STTD,2016,A,FALSE,CLR,NA,NA,25.87,0.22,223,220,7.64,6.68,61.2,10,Regular,204000,206297,2297,2297,7.055435274,7.055435274,1,ebb tide from RSTR,NA,Terrestrial Insects,64,Order,Diptera,Diptera,NotDetermined,0,0,0,NA,NA,NA,NA,NA,NA,NA,NA,NA,NA,NA   NA   NA   NA,NA   NA   NA   NA
STTD_2016-06-30 09:40:00,6/30/2016 9:40,STTD,2016,A,FALSE,CLR,NA,NA,25.87,0.22,223,220,7.64,6.68,61.2,10,Regular,204000,206297,2297,2297,7.055435274,7.055435274,1,ebb tide from RSTR,NA,Terrestrial Insects,66,Order,Hymenoptera,Hymenoptera,Larvae,0,0,0,NA,NA,NA,NA,NA,NA,NA,NA,NA,NA,NA   NA   NA   NA,NA   NA   NA   NA
STTD_2016-06-30 09:40:00,6/30/2016 9:40,STTD,2016,A,FALSE,CLR,NA,NA,25.87,0.22,223,220,7.64,6.68,61.2,10,Regular,204000,206297,2297,2297,7.055435274,7.055435274,1,ebb tide from RSTR,NA,Terrestrial Insects,66,Order,Hymenoptera,Hymenoptera,Pupae,0,0,0,NA,NA,NA,NA,NA,NA,NA,NA,NA,NA,NA   NA   NA   NA,NA   NA   NA   NA
STTD_2016-06-30 09:40:00,6/30/2016 9:40,STTD,2016,A,FALSE,CLR,NA,NA,25.87,0.22,223,220,7.64,6.68,61.2,10,Regular,204000,206297,2297,2297,7.055435274,7.055435274,1,ebb tide from RSTR,NA,Terrestrial Insects,66,Order,Hymenoptera,Hymenoptera,Nymphs,0,0,0,NA,NA,NA,NA,NA,NA,NA,NA,NA,NA,NA   NA   NA   NA,NA   NA   NA   NA
STTD_2016-06-30 09:40:00,6/30/2016 9:40,STTD,2016,A,FALSE,CLR,NA,NA,25.87,0.22,223,220,7.64,6.68,61.2,10,Regular,204000,206297,2297,2297,7.055435274,7.055435274,1,ebb tide from RSTR,NA,Terrestrial Insects,66,Order,Hymenoptera,Hymenoptera,Emergents,0,0,0,NA,NA,NA,NA,NA,NA,NA,NA,NA,NA,NA   NA   NA   NA,NA   NA   NA   NA
STTD_2016-06-30 09:40:00,6/30/2016 9:40,STTD,2016,A,FALSE,CLR,NA,NA,25.87,0.22,223,220,7.64,6.68,61.2,10,Regular,204000,206297,2297,2297,7.055435274,7.055435274,1,ebb tide from RSTR,NA,Terrestrial Insects,66,Order,Hymenoptera,Hymenoptera,Adults,17,2.409,2.409,NA,NA,NA,NA,NA,NA,NA,NA,NA,NA,NA   NA   NA   NA,NA   NA   NA   NA
STTD_2016-06-30 09:40:00,6/30/2016 9:40,STTD,2016,A,FALSE,CLR,NA,NA,25.87,0.22,223,220,7.64,6.68,61.2,10,Regular,204000,206297,2297,2297,7.055435274,7.055435274,1,ebb tide from RSTR,NA,Terrestrial Insects,66,Order,Hymenoptera,Hymenoptera,NotDetermined,0,0,0,NA,NA,NA,NA,NA,NA,NA,NA,NA,NA,NA   NA   NA   NA,NA   NA   NA   NA
STTD_2016-06-30 09:40:00,6/30/2016 9:40,STTD,2016,A,FALSE,CLR,NA,NA,25.87,0.22,223,220,7.64,6.68,61.2,10,Regular,204000,206297,2297,2297,7.055435274,7.055435274,1,ebb tide from RSTR,NA,Terrestrial Non-Insects,157,Order,Araneae,Araneae,Larvae,0,0,0,NA,NA,NA,NA,NA,NA,NA,NA,NA,NA,NA   NA   NA   NA,NA   NA   NA   NA
STTD_2016-06-30 09:40:00,6/30/2016 9:40,STTD,2016,A,FALSE,CLR,NA,NA,25.87,0.22,223,220,7.64,6.68,61.2,10,Regular,204000,206297,2297,2297,7.055435274,7.055435274,1,ebb tide from RSTR,NA,Terrestrial Non-Insects,157,Order,Araneae,Araneae,Pupae,0,0,0,NA,NA,NA,NA,NA,NA,NA,NA,NA,NA,NA   NA   NA   NA,NA   NA   NA   NA
STTD_2016-06-30 09:40:00,6/30/2016 9:40,STTD,2016,A,FALSE,CLR,NA,NA,25.87,0.22,223,220,7.64,6.68,61.2,10,Regular,204000,206297,2297,2297,7.055435274,7.055435274,1,ebb tide from RSTR,NA,Terrestrial Non-Insects,157,Order,Araneae,Araneae,Nymphs,0,0,0,NA,NA,NA,NA,NA,NA,NA,NA,NA,NA,NA   NA   NA   NA,NA   NA   NA   NA
STTD_2016-06-30 09:40:00,6/30/2016 9:40,STTD,2016,A,FALSE,CLR,NA,NA,25.87,0.22,223,220,7.64,6.68,61.2,10,Regular,204000,206297,2297,2297,7.055435274,7.055435274,1,ebb tide from RSTR,NA,Terrestrial Non-Insects,157,Order,Araneae,Araneae,Emergents,0,0,0,NA,NA,NA,NA,NA,NA,NA,NA,NA,NA,NA   NA   NA   NA,NA   NA   NA   NA
STTD_2016-06-30 09:40:00,6/30/2016 9:40,STTD,2016,A,FALSE,CLR,NA,NA,25.87,0.22,223,220,7.64,6.68,61.2,10,Regular,204000,206297,2297,2297,7.055435274,7.055435274,1,ebb tide from RSTR,NA,Terrestrial Non-Insects,157,Order,Araneae,Araneae,Adults,0,0,0,NA,NA,NA,NA,NA,NA,NA,NA,NA,NA,NA   NA   NA   NA,NA   NA   NA   NA
STTD_2016-06-30 09:40:00,6/30/2016 9:40,STTD,2016,A,FALSE,CLR,NA,NA,25.87,0.22,223,220,7.64,6.68,61.2,10,Regular,204000,206297,2297,2297,7.055435274,7.055435274,1,ebb tide from RSTR,NA,Terrestrial Non-Insects,157,Order,Araneae,Araneae,NotDetermined,2,0.283,0.283,NA,NA,NA,NA,NA,NA,NA,NA,NA,NA,NA   NA   NA   NA,NA   NA   NA   NA
SHR_2016-07-06 08:25:00,7/6/2016 8:25,SHR,2016,A,FALSE,CLR,NA,NA,20.77,1.3,85,93,7.21,9.19,5.09,10,Regular,211000,220989,9989,9989,30.68208226,30.68208226,1,motor used,NA,Aquatic Insects,41,Family,Baetidae,Baetidae,Larvae,2,0.065,0.065,NA,NA,NA,NA,NA,NA,NA,NA,NA,NA,NA   NA   NA   NA,NA   NA   NA   NA
SHR_2016-07-06 08:25:00,7/6/2016 8:25,SHR,2016,A,FALSE,CLR,NA,NA,20.77,1.3,85,93,7.21,9.19,5.09,10,Regular,211000,220989,9989,9989,30.68208226,30.68208226,1,motor used,NA,Aquatic Insects,41,Family,Baetidae,Baetidae,Pupae,0,0,0,NA,NA,NA,NA,NA,NA,NA,NA,NA,NA,NA   NA   NA   NA,NA   NA   NA   NA
SHR_2016-07-06 08:25:00,7/6/2016 8:25,SHR,2016,A,FALSE,CLR,NA,NA,20.77,1.3,85,93,7.21,9.19,5.09,10,Regular,211000,220989,9989,9989,30.68208226,30.68208226,1,motor used,NA,Aquatic Insects,41,Family,Baetidae,Baetidae,Nymphs,0,0,0,NA,NA,NA,NA,NA,NA,NA,NA,NA,NA,NA   NA   NA   NA,NA   NA   NA   NA
SHR_2016-07-06 08:25:00,7/6/2016 8:25,SHR,2016,A,FALSE,CLR,NA,NA,20.77,1.3,85,93,7.21,9.19,5.09,10,Regular,211000,220989,9989,9989,30.68208226,30.68208226,1,motor used,NA,Aquatic Insects,41,Family,Baetidae,Baetidae,Emergents,0,0,0,NA,NA,NA,NA,NA,NA,NA,NA,NA,NA,NA   NA   NA   NA,NA   NA   NA   NA
SHR_2016-07-06 08:25:00,7/6/2016 8:25,SHR,2016,A,FALSE,CLR,NA,NA,20.77,1.3,85,93,7.21,9.19,5.09,10,Regular,211000,220989,9989,9989,30.68208226,30.68208226,1,motor used,NA,Aquatic Insects,41,Family,Baetidae,Baetidae,Adults,0,0,0,NA,NA,NA,NA,NA,NA,NA,NA,NA,NA,NA   NA   NA   NA,NA   NA   NA   NA
SHR_2016-07-06 08:25:00,7/6/2016 8:25,SHR,2016,A,FALSE,CLR,NA,NA,20.77,1.3,85,93,7.21,9.19,5.09,10,Regular,211000,220989,9989,9989,30.68208226,30.68208226,1,motor used,NA,Aquatic Insects,41,Family,Baetidae,Baetidae,NotDetermined,0,0,0,NA,NA,NA,NA,NA,NA,NA,NA,NA,NA,NA   NA   NA   NA,NA   NA   NA   NA
SHR_2016-07-06 08:25:00,7/6/2016 8:25,SHR,2016,A,FALSE,CLR,NA,NA,20.77,1.3,85,93,7.21,9.19,5.09,10,Regular,211000,220989,9989,9989,30.68208226,30.68208226,1,motor used,NA,Aquatic Insects,88,Family,Hydroptilidae,Hydroptilidae,Larvae,2,0.065,0.065,NA,NA,NA,NA,NA,NA,NA,NA,NA,NA,NA   NA   NA   NA,NA   NA   NA   NA
SHR_2016-07-06 08:25:00,7/6/2016 8:25,SHR,2016,A,FALSE,CLR,NA,NA,20.77,1.3,85,93,7.21,9.19,5.09,10,Regular,211000,220989,9989,9989,30.68208226,30.68208226,1,motor used,NA,Aquatic Insects,88,Family,Hydroptilidae,Hydroptilidae,Pupae,0,0,0,NA,NA,NA,NA,NA,NA,NA,NA,NA,NA,NA   NA   NA   NA,NA   NA   NA   NA
SHR_2016-07-06 08:25:00,7/6/2016 8:25,SHR,2016,A,FALSE,CLR,NA,NA,20.77,1.3,85,93,7.21,9.19,5.09,10,Regular,211000,220989,9989,9989,30.68208226,30.68208226,1,motor used,NA,Aquatic Insects,88,Family,Hydroptilidae,Hydroptilidae,Nymphs,0,0,0,NA,NA,NA,NA,NA,NA,NA,NA,NA,NA,NA   NA   NA   NA,NA   NA   NA   NA
SHR_2016-07-06 08:25:00,7/6/2016 8:25,SHR,2016,A,FALSE,CLR,NA,NA,20.77,1.3,85,93,7.21,9.19,5.09,10,Regular,211000,220989,9989,9989,30.68208226,30.68208226,1,motor used,NA,Aquatic Insects,88,Family,Hydroptilidae,Hydroptilidae,Emergents,0,0,0,NA,NA,NA,NA,NA,NA,NA,NA,NA,NA,NA   NA   NA   NA,NA   NA   NA   NA
SHR_2016-07-06 08:25:00,7/6/2016 8:25,SHR,2016,A,FALSE,CLR,NA,NA,20.77,1.3,85,93,7.21,9.19,5.09,10,Regular,211000,220989,9989,9989,30.68208226,30.68208226,1,motor used,NA,Aquatic Insects,88,Family,Hydroptilidae,Hydroptilidae,Adults,0,0,0,NA,NA,NA,NA,NA,NA,NA,NA,NA,NA,NA   NA   NA   NA,NA   NA   NA   NA
SHR_2016-07-06 08:25:00,7/6/2016 8:25,SHR,2016,A,FALSE,CLR,NA,NA,20.77,1.3,85,93,7.21,9.19,5.09,10,Regular,211000,220989,9989,9989,30.68208226,30.68208226,1,motor used,NA,Aquatic Insects,88,Family,Hydroptilidae,Hydroptilidae,NotDetermined,0,0,0,NA,NA,NA,NA,NA,NA,NA,NA,NA,NA,NA   NA   NA   NA,NA   NA   NA   NA
SHR_2016-07-06 08:25:00,7/6/2016 8:25,SHR,2016,A,FALSE,CLR,NA,NA,20.77,1.3,85,93,7.21,9.19,5.09,10,Regular,211000,220989,9989,9989,30.68208226,30.68208226,1,motor used,NA,Aquatic Insects,56,Family,Leptoceridae,Leptoceridae,Larvae,3,0.098,0.098,NA,NA,NA,NA,NA,NA,NA,NA,NA,NA,NA   NA   NA   NA,NA   NA   NA   NA
SHR_2016-07-06 08:25:00,7/6/2016 8:25,SHR,2016,A,FALSE,CLR,NA,NA,20.77,1.3,85,93,7.21,9.19,5.09,10,Regular,211000,220989,9989,9989,30.68208226,30.68208226,1,motor used,NA,Aquatic Insects,56,Family,Leptoceridae,Leptoceridae,Pupae,0,0,0,NA,NA,NA,NA,NA,NA,NA,NA,NA,NA,NA   NA   NA   NA,NA   NA   NA   NA
SHR_2016-07-06 08:25:00,7/6/2016 8:25,SHR,2016,A,FALSE,CLR,NA,NA,20.77,1.3,85,93,7.21,9.19,5.09,10,Regular,211000,220989,9989,9989,30.68208226,30.68208226,1,motor used,NA,Aquatic Insects,56,Family,Leptoceridae,Leptoceridae,Nymphs,0,0,0,NA,NA,NA,NA,NA,NA,NA,NA,NA,NA,NA   NA   NA   NA,NA   NA   NA   NA
SHR_2016-07-06 08:25:00,7/6/2016 8:25,SHR,2016,A,FALSE,CLR,NA,NA,20.77,1.3,85,93,7.21,9.19,5.09,10,Regular,211000,220989,9989,9989,30.68208226,30.68208226,1,motor used,NA,Aquatic Insects,56,Family,Leptoceridae,Leptoceridae,Emergents,0,0,0,NA,NA,NA,NA,NA,NA,NA,NA,NA,NA,NA   NA   NA   NA,NA   NA   NA   NA
SHR_2016-07-06 08:25:00,7/6/2016 8:25,SHR,2016,A,FALSE,CLR,NA,NA,20.77,1.3,85,93,7.21,9.19,5.09,10,Regular,211000,220989,9989,9989,30.68208226,30.68208226,1,motor used,NA,Aquatic Insects,56,Family,Leptoceridae,Leptoceridae,Adults,0,0,0,NA,NA,NA,NA,NA,NA,NA,NA,NA,NA,NA   NA   NA   NA,NA   NA   NA   NA
SHR_2016-07-06 08:25:00,7/6/2016 8:25,SHR,2016,A,FALSE,CLR,NA,NA,20.77,1.3,85,93,7.21,9.19,5.09,10,Regular,211000,220989,9989,9989,30.68208226,30.68208226,1,motor used,NA,Aquatic Insects,56,Family,Leptoceridae,Leptoceridae,NotDetermined,0,0,0,NA,NA,NA,NA,NA,NA,NA,NA,NA,NA,NA   NA   NA   NA,NA   NA   NA   NA
SHR_2016-07-06 08:25:00,7/6/2016 8:25,SHR,2016,A,FALSE,CLR,NA,NA,20.77,1.3,85,93,7.21,9.19,5.09,10,Regular,211000,220989,9989,9989,30.68208226,30.68208226,1,motor used,NA,Aquatic Insects,44,Family,Corixidae,Corixidae,Larvae,7,0.228,0.228,NA,NA,NA,NA,NA,NA,NA,NA,NA,NA,NA   NA   NA   NA,NA   NA   NA   NA
SHR_2016-07-06 08:25:00,7/6/2016 8:25,SHR,2016,A,FALSE,CLR,NA,NA,20.77,1.3,85,93,7.21,9.19,5.09,10,Regular,211000,220989,9989,9989,30.68208226,30.68208226,1,motor used,NA,Aquatic Insects,44,Family,Corixidae,Corixidae,Pupae,0,0,0,NA,NA,NA,NA,NA,NA,NA,NA,NA,NA,NA   NA   NA   NA,NA   NA   NA   NA
SHR_2016-07-06 08:25:00,7/6/2016 8:25,SHR,2016,A,FALSE,CLR,NA,NA,20.77,1.3,85,93,7.21,9.19,5.09,10,Regular,211000,220989,9989,9989,30.68208226,30.68208226,1,motor used,NA,Aquatic Insects,44,Family,Corixidae,Corixidae,Nymphs,0,0,0,NA,NA,NA,NA,NA,NA,NA,NA,NA,NA,NA   NA   NA   NA,NA   NA   NA   NA
SHR_2016-07-06 08:25:00,7/6/2016 8:25,SHR,2016,A,FALSE,CLR,NA,NA,20.77,1.3,85,93,7.21,9.19,5.09,10,Regular,211000,220989,9989,9989,30.68208226,30.68208226,1,motor used,NA,Aquatic Insects,44,Family,Corixidae,Corixidae,Emergents,0,0,0,NA,NA,NA,NA,NA,NA,NA,NA,NA,NA,NA   NA   NA   NA,NA   NA   NA   NA
SHR_2016-07-06 08:25:00,7/6/2016 8:25,SHR,2016,A,FALSE,CLR,NA,NA,20.77,1.3,85,93,7.21,9.19,5.09,10,Regular,211000,220989,9989,9989,30.68208226,30.68208226,1,motor used,NA,Aquatic Insects,44,Family,Corixidae,Corixidae,Adults,0,0,0,NA,NA,NA,NA,NA,NA,NA,NA,NA,NA,NA   NA   NA   NA,NA   NA   NA   NA
SHR_2016-07-06 08:25:00,7/6/2016 8:25,SHR,2016,A,FALSE,CLR,NA,NA,20.77,1.3,85,93,7.21,9.19,5.09,10,Regular,211000,220989,9989,9989,30.68208226,30.68208226,1,motor used,NA,Aquatic Insects,44,Family,Corixidae,Corixidae,NotDetermined,0,0,0,NA,NA,NA,NA,NA,NA,NA,NA,NA,NA,NA   NA   NA   NA,NA   NA   NA   NA
SHR_2016-07-06 08:25:00,7/6/2016 8:25,SHR,2016,A,FALSE,CLR,NA,NA,20.77,1.3,85,93,7.21,9.19,5.09,10,Regular,211000,220989,9989,9989,30.68208226,30.68208226,1,motor used,NA,Aquatic Insects,34,Family,Chironomidae,Chironomidae,Larvae,10,0.326,0.326,NA,NA,NA,NA,NA,NA,NA,NA,NA,NA,NA   NA   NA   NA,NA   NA   NA   NA
SHR_2016-07-06 08:25:00,7/6/2016 8:25,SHR,2016,A,FALSE,CLR,NA,NA,20.77,1.3,85,93,7.21,9.19,5.09,10,Regular,211000,220989,9989,9989,30.68208226,30.68208226,1,motor used,NA,Aquatic Insects,34,Family,Chironomidae,Chironomidae,Pupae,4,0.13,0.13,NA,NA,NA,NA,NA,NA,NA,NA,NA,NA,NA   NA   NA   NA,NA   NA   NA   NA
SHR_2016-07-06 08:25:00,7/6/2016 8:25,SHR,2016,A,FALSE,CLR,NA,NA,20.77,1.3,85,93,7.21,9.19,5.09,10,Regular,211000,220989,9989,9989,30.68208226,30.68208226,1,motor used,NA,Aquatic Insects,34,Family,Chironomidae,Chironomidae,Nymphs,0,0,0,NA,NA,NA,NA,NA,NA,NA,NA,NA,NA,NA   NA   NA   NA,NA   NA   NA   NA
SHR_2016-07-06 08:25:00,7/6/2016 8:25,SHR,2016,A,FALSE,CLR,NA,NA,20.77,1.3,85,93,7.21,9.19,5.09,10,Regular,211000,220989,9989,9989,30.68208226,30.68208226,1,motor used,NA,Aquatic Insects,34,Family,Chironomidae,Chironomidae,Emergents,0,0,0,NA,NA,NA,NA,NA,NA,NA,NA,NA,NA,NA   NA   NA   NA,NA   NA   NA   NA
SHR_2016-07-06 08:25:00,7/6/2016 8:25,SHR,2016,A,FALSE,CLR,NA,NA,20.77,1.3,85,93,7.21,9.19,5.09,10,Regular,211000,220989,9989,9989,30.68208226,30.68208226,1,motor used,NA,Aquatic Insects,34,Family,Chironomidae,Chironomidae,Adults,0,0,0,NA,NA,NA,NA,NA,NA,NA,NA,NA,NA,NA   NA   NA   NA,NA   NA   NA   NA
SHR_2016-07-06 08:25:00,7/6/2016 8:25,SHR,2016,A,FALSE,CLR,NA,NA,20.77,1.3,85,93,7.21,9.19,5.09,10,Regular,211000,220989,9989,9989,30.68208226,30.68208226,1,motor used,NA,Aquatic Insects,34,Family,Chironomidae,Chironomidae,NotDetermined,0,0,0,NA,NA,NA,NA,NA,NA,NA,NA,NA,NA,NA   NA   NA   NA,NA   NA   NA   NA
SHR_2016-07-06 08:25:00,7/6/2016 8:25,SHR,2016,A,FALSE,CLR,NA,NA,20.77,1.3,85,93,7.21,9.19,5.09,10,Regular,211000,220989,9989,9989,30.68208226,30.68208226,1,motor used,NA,Aquatic Insects,32,Family,Ceratopogonidae,Ceratopogonidae,Larvae,1,0.033,0.033,NA,NA,NA,NA,NA,NA,NA,NA,NA,NA,NA   NA   NA   NA,NA   NA   NA   NA
SHR_2016-07-06 08:25:00,7/6/2016 8:25,SHR,2016,A,FALSE,CLR,NA,NA,20.77,1.3,85,93,7.21,9.19,5.09,10,Regular,211000,220989,9989,9989,30.68208226,30.68208226,1,motor used,NA,Aquatic Insects,32,Family,Ceratopogonidae,Ceratopogonidae,Pupae,4,0.13,0.13,NA,NA,NA,NA,NA,NA,NA,NA,NA,NA,NA   NA   NA   NA,NA   NA   NA   NA
SHR_2016-07-06 08:25:00,7/6/2016 8:25,SHR,2016,A,FALSE,CLR,NA,NA,20.77,1.3,85,93,7.21,9.19,5.09,10,Regular,211000,220989,9989,9989,30.68208226,30.68208226,1,motor used,NA,Aquatic Insects,32,Family,Ceratopogonidae,Ceratopogonidae,Nymphs,0,0,0,NA,NA,NA,NA,NA,NA,NA,NA,NA,NA,NA   NA   NA   NA,NA   NA   NA   NA
SHR_2016-07-06 08:25:00,7/6/2016 8:25,SHR,2016,A,FALSE,CLR,NA,NA,20.77,1.3,85,93,7.21,9.19,5.09,10,Regular,211000,220989,9989,9989,30.68208226,30.68208226,1,motor used,NA,Aquatic Insects,32,Family,Ceratopogonidae,Ceratopogonidae,Emergents,0,0,0,NA,NA,NA,NA,NA,NA,NA,NA,NA,NA,NA   NA   NA   NA,NA   NA   NA   NA
SHR_2016-07-06 08:25:00,7/6/2016 8:25,SHR,2016,A,FALSE,CLR,NA,NA,20.77,1.3,85,93,7.21,9.19,5.09,10,Regular,211000,220989,9989,9989,30.68208226,30.68208226,1,motor used,NA,Aquatic Insects,32,Family,Ceratopogonidae,Ceratopogonidae,Adults,0,0,0,NA,NA,NA,NA,NA,NA,NA,NA,NA,NA,NA   NA   NA   NA,NA   NA   NA   NA
SHR_2016-07-06 08:25:00,7/6/2016 8:25,SHR,2016,A,FALSE,CLR,NA,NA,20.77,1.3,85,93,7.21,9.19,5.09,10,Regular,211000,220989,9989,9989,30.68208226,30.68208226,1,motor used,NA,Aquatic Insects,32,Family,Ceratopogonidae,Ceratopogonidae,NotDetermined,0,0,0,NA,NA,NA,NA,NA,NA,NA,NA,NA,NA,NA   NA   NA   NA,NA   NA   NA   NA
SHR_2016-07-06 08:25:00,7/6/2016 8:25,SHR,2016,A,FALSE,CLR,NA,NA,20.77,1.3,85,93,7.21,9.19,5.09,10,Regular,211000,220989,9989,9989,30.68208226,30.68208226,1,motor used,NA,Aquatic Non-Insects,28,Family,Lebertiidae,Lebertiidae,Larvae,0,0,0,NA,NA,NA,NA,NA,NA,NA,NA,NA,NA,NA   NA   NA   NA,NA   NA   NA   NA
SHR_2016-07-06 08:25:00,7/6/2016 8:25,SHR,2016,A,FALSE,CLR,NA,NA,20.77,1.3,85,93,7.21,9.19,5.09,10,Regular,211000,220989,9989,9989,30.68208226,30.68208226,1,motor used,NA,Aquatic Non-Insects,120,Family,Lebertiidae,Lebertiidae,Larvae,0,0,0,NA,NA,NA,NA,NA,NA,NA,NA,NA,NA,NA   NA   NA   NA,NA   NA   NA   NA
SHR_2016-07-06 08:25:00,7/6/2016 8:25,SHR,2016,A,FALSE,CLR,NA,NA,20.77,1.3,85,93,7.21,9.19,5.09,10,Regular,211000,220989,9989,9989,30.68208226,30.68208226,1,motor used,NA,Aquatic Non-Insects,28,Family,Lebertiidae,Lebertiidae,Pupae,0,0,0,NA,NA,NA,NA,NA,NA,NA,NA,NA,NA,NA   NA   NA   NA,NA   NA   NA   NA
SHR_2016-07-06 08:25:00,7/6/2016 8:25,SHR,2016,A,FALSE,CLR,NA,NA,20.77,1.3,85,93,7.21,9.19,5.09,10,Regular,211000,220989,9989,9989,30.68208226,30.68208226,1,motor used,NA,Aquatic Non-Insects,120,Family,Lebertiidae,Lebertiidae,Pupae,0,0,0,NA,NA,NA,NA,NA,NA,NA,NA,NA,NA,NA   NA   NA   NA,NA   NA   NA   NA
SHR_2016-07-06 08:25:00,7/6/2016 8:25,SHR,2016,A,FALSE,CLR,NA,NA,20.77,1.3,85,93,7.21,9.19,5.09,10,Regular,211000,220989,9989,9989,30.68208226,30.68208226,1,motor used,NA,Aquatic Non-Insects,28,Family,Lebertiidae,Lebertiidae,Nymphs,0,0,0,NA,NA,NA,NA,NA,NA,NA,NA,NA,NA,NA   NA   NA   NA,NA   NA   NA   NA
SHR_2016-07-06 08:25:00,7/6/2016 8:25,SHR,2016,A,FALSE,CLR,NA,NA,20.77,1.3,85,93,7.21,9.19,5.09,10,Regular,211000,220989,9989,9989,30.68208226,30.68208226,1,motor used,NA,Aquatic Non-Insects,120,Family,Lebertiidae,Lebertiidae,Nymphs,0,0,0,NA,NA,NA,NA,NA,NA,NA,NA,NA,NA,NA   NA   NA   NA,NA   NA   NA   NA
SHR_2016-07-06 08:25:00,7/6/2016 8:25,SHR,2016,A,FALSE,CLR,NA,NA,20.77,1.3,85,93,7.21,9.19,5.09,10,Regular,211000,220989,9989,9989,30.68208226,30.68208226,1,motor used,NA,Aquatic Non-Insects,28,Family,Lebertiidae,Lebertiidae,Emergents,0,0,0,NA,NA,NA,NA,NA,NA,NA,NA,NA,NA,NA   NA   NA   NA,NA   NA   NA   NA
SHR_2016-07-06 08:25:00,7/6/2016 8:25,SHR,2016,A,FALSE,CLR,NA,NA,20.77,1.3,85,93,7.21,9.19,5.09,10,Regular,211000,220989,9989,9989,30.68208226,30.68208226,1,motor used,NA,Aquatic Non-Insects,120,Family,Lebertiidae,Lebertiidae,Emergents,0,0,0,NA,NA,NA,NA,NA,NA,NA,NA,NA,NA,NA   NA   NA   NA,NA   NA   NA   NA
SHR_2016-07-06 08:25:00,7/6/2016 8:25,SHR,2016,A,FALSE,CLR,NA,NA,20.77,1.3,85,93,7.21,9.19,5.09,10,Regular,211000,220989,9989,9989,30.68208226,30.68208226,1,motor used,NA,Aquatic Non-Insects,28,Family,Lebertiidae,Lebertiidae,Adults,0,0,0,NA,NA,NA,NA,NA,NA,NA,NA,NA,NA,NA   NA   NA   NA,NA   NA   NA   NA
SHR_2016-07-06 08:25:00,7/6/2016 8:25,SHR,2016,A,FALSE,CLR,NA,NA,20.77,1.3,85,93,7.21,9.19,5.09,10,Regular,211000,220989,9989,9989,30.68208226,30.68208226,1,motor used,NA,Aquatic Non-Insects,120,Family,Lebertiidae,Lebertiidae,Adults,0,0,0,NA,NA,NA,NA,NA,NA,NA,NA,NA,NA,NA   NA   NA   NA,NA   NA   NA   NA
SHR_2016-07-06 08:25:00,7/6/2016 8:25,SHR,2016,A,FALSE,CLR,NA,NA,20.77,1.3,85,93,7.21,9.19,5.09,10,Regular,211000,220989,9989,9989,30.68208226,30.68208226,1,motor used,NA,Aquatic Non-Insects,28,Family,Lebertiidae,Lebertiidae,NotDetermined,2,0.065,0.065,NA,NA,NA,NA,NA,NA,NA,NA,NA,NA,NA   NA   NA   NA,NA   NA   NA   NA
SHR_2016-07-06 08:25:00,7/6/2016 8:25,SHR,2016,A,FALSE,CLR,NA,NA,20.77,1.3,85,93,7.21,9.19,5.09,10,Regular,211000,220989,9989,9989,30.68208226,30.68208226,1,motor used,NA,Aquatic Non-Insects,120,Family,Lebertiidae,Lebertiidae,NotDetermined,2,0.065,0.065,NA,NA,NA,NA,NA,NA,NA,NA,NA,NA,NA   NA   NA   NA,NA   NA   NA   NA
SHR_2016-07-06 08:25:00,7/6/2016 8:25,SHR,2016,A,FALSE,CLR,NA,NA,20.77,1.3,85,93,7.21,9.19,5.09,10,Regular,211000,220989,9989,9989,30.68208226,30.68208226,1,motor used,NA,Terrestrial Insects,71,Order,Hemiptera,Hemiptera,Larvae,1,0.033,0.033,NA,NA,NA,NA,NA,NA,NA,NA,NA,NA,NA   NA   NA   NA,NA   NA   NA   NA
SHR_2016-07-06 08:25:00,7/6/2016 8:25,SHR,2016,A,FALSE,CLR,NA,NA,20.77,1.3,85,93,7.21,9.19,5.09,10,Regular,211000,220989,9989,9989,30.68208226,30.68208226,1,motor used,NA,Terrestrial Insects,71,Order,Hemiptera,Hemiptera,Pupae,0,0,0,NA,NA,NA,NA,NA,NA,NA,NA,NA,NA,NA   NA   NA   NA,NA   NA   NA   NA
SHR_2016-07-06 08:25:00,7/6/2016 8:25,SHR,2016,A,FALSE,CLR,NA,NA,20.77,1.3,85,93,7.21,9.19,5.09,10,Regular,211000,220989,9989,9989,30.68208226,30.68208226,1,motor used,NA,Terrestrial Insects,71,Order,Hemiptera,Hemiptera,Nymphs,0,0,0,NA,NA,NA,NA,NA,NA,NA,NA,NA,NA,NA   NA   NA   NA,NA   NA   NA   NA
SHR_2016-07-06 08:25:00,7/6/2016 8:25,SHR,2016,A,FALSE,CLR,NA,NA,20.77,1.3,85,93,7.21,9.19,5.09,10,Regular,211000,220989,9989,9989,30.68208226,30.68208226,1,motor used,NA,Terrestrial Insects,71,Order,Hemiptera,Hemiptera,Emergents,0,0,0,NA,NA,NA,NA,NA,NA,NA,NA,NA,NA,NA   NA   NA   NA,NA   NA   NA   NA
SHR_2016-07-06 08:25:00,7/6/2016 8:25,SHR,2016,A,FALSE,CLR,NA,NA,20.77,1.3,85,93,7.21,9.19,5.09,10,Regular,211000,220989,9989,9989,30.68208226,30.68208226,1,motor used,NA,Terrestrial Insects,71,Order,Hemiptera,Hemiptera,Adults,0,0,0,NA,NA,NA,NA,NA,NA,NA,NA,NA,NA,NA   NA   NA   NA,NA   NA   NA   NA
SHR_2016-07-06 08:25:00,7/6/2016 8:25,SHR,2016,A,FALSE,CLR,NA,NA,20.77,1.3,85,93,7.21,9.19,5.09,10,Regular,211000,220989,9989,9989,30.68208226,30.68208226,1,motor used,NA,Terrestrial Insects,71,Order,Hemiptera,Hemiptera,NotDetermined,0,0,0,NA,NA,NA,NA,NA,NA,NA,NA,NA,NA,NA   NA   NA   NA,NA   NA   NA   NA
SHR_2016-07-06 08:25:00,7/6/2016 8:25,SHR,2016,A,FALSE,CLR,NA,NA,20.77,1.3,85,93,7.21,9.19,5.09,10,Regular,211000,220989,9989,9989,30.68208226,30.68208226,1,motor used,NA,Terrestrial Insects,64,Order,Diptera,Diptera,Larvae,0,0,0,NA,NA,NA,NA,NA,NA,NA,NA,NA,NA,NA   NA   NA   NA,NA   NA   NA   NA
SHR_2016-07-06 08:25:00,7/6/2016 8:25,SHR,2016,A,FALSE,CLR,NA,NA,20.77,1.3,85,93,7.21,9.19,5.09,10,Regular,211000,220989,9989,9989,30.68208226,30.68208226,1,motor used,NA,Terrestrial Insects,64,Order,Diptera,Diptera,Pupae,0,0,0,NA,NA,NA,NA,NA,NA,NA,NA,NA,NA,NA   NA   NA   NA,NA   NA   NA   NA
SHR_2016-07-06 08:25:00,7/6/2016 8:25,SHR,2016,A,FALSE,CLR,NA,NA,20.77,1.3,85,93,7.21,9.19,5.09,10,Regular,211000,220989,9989,9989,30.68208226,30.68208226,1,motor used,NA,Terrestrial Insects,64,Order,Diptera,Diptera,Nymphs,0,0,0,NA,NA,NA,NA,NA,NA,NA,NA,NA,NA,NA   NA   NA   NA,NA   NA   NA   NA
SHR_2016-07-06 08:25:00,7/6/2016 8:25,SHR,2016,A,FALSE,CLR,NA,NA,20.77,1.3,85,93,7.21,9.19,5.09,10,Regular,211000,220989,9989,9989,30.68208226,30.68208226,1,motor used,NA,Terrestrial Insects,64,Order,Diptera,Diptera,Emergents,0,0,0,NA,NA,NA,NA,NA,NA,NA,NA,NA,NA,NA   NA   NA   NA,NA   NA   NA   NA
SHR_2016-07-06 08:25:00,7/6/2016 8:25,SHR,2016,A,FALSE,CLR,NA,NA,20.77,1.3,85,93,7.21,9.19,5.09,10,Regular,211000,220989,9989,9989,30.68208226,30.68208226,1,motor used,NA,Terrestrial Insects,64,Order,Diptera,Diptera,Adults,60,1.956,1.956,NA,NA,NA,NA,NA,NA,NA,NA,NA,NA,NA   NA   NA   NA,NA   NA   NA   NA
SHR_2016-07-06 08:25:00,7/6/2016 8:25,SHR,2016,A,FALSE,CLR,NA,NA,20.77,1.3,85,93,7.21,9.19,5.09,10,Regular,211000,220989,9989,9989,30.68208226,30.68208226,1,motor used,NA,Terrestrial Insects,64,Order,Diptera,Diptera,NotDetermined,0,0,0,NA,NA,NA,NA,NA,NA,NA,NA,NA,NA,NA   NA   NA   NA,NA   NA   NA   NA
SHR_2016-07-06 08:25:00,7/6/2016 8:25,SHR,2016,A,FALSE,CLR,NA,NA,20.77,1.3,85,93,7.21,9.19,5.09,10,Regular,211000,220989,9989,9989,30.68208226,30.68208226,1,motor used,NA,Terrestrial Insects,66,Order,Hymenoptera,Hymenoptera,Larvae,0,0,0,NA,NA,NA,NA,NA,NA,NA,NA,NA,NA,NA   NA   NA   NA,NA   NA   NA   NA
SHR_2016-07-06 08:25:00,7/6/2016 8:25,SHR,2016,A,FALSE,CLR,NA,NA,20.77,1.3,85,93,7.21,9.19,5.09,10,Regular,211000,220989,9989,9989,30.68208226,30.68208226,1,motor used,NA,Terrestrial Insects,66,Order,Hymenoptera,Hymenoptera,Pupae,0,0,0,NA,NA,NA,NA,NA,NA,NA,NA,NA,NA,NA   NA   NA   NA,NA   NA   NA   NA
SHR_2016-07-06 08:25:00,7/6/2016 8:25,SHR,2016,A,FALSE,CLR,NA,NA,20.77,1.3,85,93,7.21,9.19,5.09,10,Regular,211000,220989,9989,9989,30.68208226,30.68208226,1,motor used,NA,Terrestrial Insects,66,Order,Hymenoptera,Hymenoptera,Nymphs,0,0,0,NA,NA,NA,NA,NA,NA,NA,NA,NA,NA,NA   NA   NA   NA,NA   NA   NA   NA
SHR_2016-07-06 08:25:00,7/6/2016 8:25,SHR,2016,A,FALSE,CLR,NA,NA,20.77,1.3,85,93,7.21,9.19,5.09,10,Regular,211000,220989,9989,9989,30.68208226,30.68208226,1,motor used,NA,Terrestrial Insects,66,Order,Hymenoptera,Hymenoptera,Emergents,0,0,0,NA,NA,NA,NA,NA,NA,NA,NA,NA,NA,NA   NA   NA   NA,NA   NA   NA   NA
SHR_2016-07-06 08:25:00,7/6/2016 8:25,SHR,2016,A,FALSE,CLR,NA,NA,20.77,1.3,85,93,7.21,9.19,5.09,10,Regular,211000,220989,9989,9989,30.68208226,30.68208226,1,motor used,NA,Terrestrial Insects,66,Order,Hymenoptera,Hymenoptera,Adults,1,0.033,0.033,NA,NA,NA,NA,NA,NA,NA,NA,NA,NA,NA   NA   NA   NA,NA   NA   NA   NA
SHR_2016-07-06 08:25:00,7/6/2016 8:25,SHR,2016,A,FALSE,CLR,NA,NA,20.77,1.3,85,93,7.21,9.19,5.09,10,Regular,211000,220989,9989,9989,30.68208226,30.68208226,1,motor used,NA,Terrestrial Insects,66,Order,Hymenoptera,Hymenoptera,NotDetermined,0,0,0,NA,NA,NA,NA,NA,NA,NA,NA,NA,NA,NA   NA   NA   NA,NA   NA   NA   NA
STTD_2016-07-07 10:25:00,7/7/2016 10:25,STTD,2016,A,FALSE,CLR,NA,NA,21.14,0.21,153,165,7.72,8.9,66.3,10,Regular,221000,223830,2830,2830,8.69259113,8.69259113,1,EBB TIDE FROM THE TRAP,NA,Aquatic Insects,44,Family,Corixidae,Corixidae,Larvae,8,0.92,0.92,NA,NA,NA,NA,NA,NA,NA,NA,NA,NA,NA   NA   NA   NA,NA   NA   NA   NA
STTD_2016-07-07 10:25:00,7/7/2016 10:25,STTD,2016,A,FALSE,CLR,NA,NA,21.14,0.21,153,165,7.72,8.9,66.3,10,Regular,221000,223830,2830,2830,8.69259113,8.69259113,1,EBB TIDE FROM THE TRAP,NA,Aquatic Insects,44,Family,Corixidae,Corixidae,Pupae,0,0,0,NA,NA,NA,NA,NA,NA,NA,NA,NA,NA,NA   NA   NA   NA,NA   NA   NA   NA
STTD_2016-07-07 10:25:00,7/7/2016 10:25,STTD,2016,A,FALSE,CLR,NA,NA,21.14,0.21,153,165,7.72,8.9,66.3,10,Regular,221000,223830,2830,2830,8.69259113,8.69259113,1,EBB TIDE FROM THE TRAP,NA,Aquatic Insects,44,Family,Corixidae,Corixidae,Nymphs,0,0,0,NA,NA,NA,NA,NA,NA,NA,NA,NA,NA,NA   NA   NA   NA,NA   NA   NA   NA
STTD_2016-07-07 10:25:00,7/7/2016 10:25,STTD,2016,A,FALSE,CLR,NA,NA,21.14,0.21,153,165,7.72,8.9,66.3,10,Regular,221000,223830,2830,2830,8.69259113,8.69259113,1,EBB TIDE FROM THE TRAP,NA,Aquatic Insects,44,Family,Corixidae,Corixidae,Emergents,0,0,0,NA,NA,NA,NA,NA,NA,NA,NA,NA,NA,NA   NA   NA   NA,NA   NA   NA   NA
STTD_2016-07-07 10:25:00,7/7/2016 10:25,STTD,2016,A,FALSE,CLR,NA,NA,21.14,0.21,153,165,7.72,8.9,66.3,10,Regular,221000,223830,2830,2830,8.69259113,8.69259113,1,EBB TIDE FROM THE TRAP,NA,Aquatic Insects,44,Family,Corixidae,Corixidae,Adults,0,0,0,NA,NA,NA,NA,NA,NA,NA,NA,NA,NA,NA   NA   NA   NA,NA   NA   NA   NA
STTD_2016-07-07 10:25:00,7/7/2016 10:25,STTD,2016,A,FALSE,CLR,NA,NA,21.14,0.21,153,165,7.72,8.9,66.3,10,Regular,221000,223830,2830,2830,8.69259113,8.69259113,1,EBB TIDE FROM THE TRAP,NA,Aquatic Insects,44,Family,Corixidae,Corixidae,NotDetermined,0,0,0,NA,NA,NA,NA,NA,NA,NA,NA,NA,NA,NA   NA   NA   NA,NA   NA   NA   NA
STTD_2016-07-07 10:25:00,7/7/2016 10:25,STTD,2016,A,FALSE,CLR,NA,NA,21.14,0.21,153,165,7.72,8.9,66.3,10,Regular,221000,223830,2830,2830,8.69259113,8.69259113,1,EBB TIDE FROM THE TRAP,NA,Aquatic Insects,34,Family,Chironomidae,Chironomidae,Larvae,1,0.115,0.115,NA,NA,NA,NA,NA,NA,NA,NA,NA,NA,NA   NA   NA   NA,NA   NA   NA   NA
STTD_2016-07-07 10:25:00,7/7/2016 10:25,STTD,2016,A,FALSE,CLR,NA,NA,21.14,0.21,153,165,7.72,8.9,66.3,10,Regular,221000,223830,2830,2830,8.69259113,8.69259113,1,EBB TIDE FROM THE TRAP,NA,Aquatic Insects,34,Family,Chironomidae,Chironomidae,Pupae,0,0,0,NA,NA,NA,NA,NA,NA,NA,NA,NA,NA,NA   NA   NA   NA,NA   NA   NA   NA
STTD_2016-07-07 10:25:00,7/7/2016 10:25,STTD,2016,A,FALSE,CLR,NA,NA,21.14,0.21,153,165,7.72,8.9,66.3,10,Regular,221000,223830,2830,2830,8.69259113,8.69259113,1,EBB TIDE FROM THE TRAP,NA,Aquatic Insects,34,Family,Chironomidae,Chironomidae,Nymphs,0,0,0,NA,NA,NA,NA,NA,NA,NA,NA,NA,NA,NA   NA   NA   NA,NA   NA   NA   NA
STTD_2016-07-07 10:25:00,7/7/2016 10:25,STTD,2016,A,FALSE,CLR,NA,NA,21.14,0.21,153,165,7.72,8.9,66.3,10,Regular,221000,223830,2830,2830,8.69259113,8.69259113,1,EBB TIDE FROM THE TRAP,NA,Aquatic Insects,34,Family,Chironomidae,Chironomidae,Emergents,0,0,0,NA,NA,NA,NA,NA,NA,NA,NA,NA,NA,NA   NA   NA   NA,NA   NA   NA   NA
STTD_2016-07-07 10:25:00,7/7/2016 10:25,STTD,2016,A,FALSE,CLR,NA,NA,21.14,0.21,153,165,7.72,8.9,66.3,10,Regular,221000,223830,2830,2830,8.69259113,8.69259113,1,EBB TIDE FROM THE TRAP,NA,Aquatic Insects,34,Family,Chironomidae,Chironomidae,Adults,0,0,0,NA,NA,NA,NA,NA,NA,NA,NA,NA,NA,NA   NA   NA   NA,NA   NA   NA   NA
STTD_2016-07-07 10:25:00,7/7/2016 10:25,STTD,2016,A,FALSE,CLR,NA,NA,21.14,0.21,153,165,7.72,8.9,66.3,10,Regular,221000,223830,2830,2830,8.69259113,8.69259113,1,EBB TIDE FROM THE TRAP,NA,Aquatic Insects,34,Family,Chironomidae,Chironomidae,NotDetermined,0,0,0,NA,NA,NA,NA,NA,NA,NA,NA,NA,NA,NA   NA   NA   NA,NA   NA   NA   NA
STTD_2016-07-07 10:25:00,7/7/2016 10:25,STTD,2016,A,FALSE,CLR,NA,NA,21.14,0.21,153,165,7.72,8.9,66.3,10,Regular,221000,223830,2830,2830,8.69259113,8.69259113,1,EBB TIDE FROM THE TRAP,NA,Aquatic Non-Insects,172,Family,Murchisonellidae,Murchisonellidae,Larvae,0,0,0,NA,NA,NA,NA,NA,NA,NA,NA,NA,NA,NA   NA   NA   NA,NA   NA   NA   NA
STTD_2016-07-07 10:25:00,7/7/2016 10:25,STTD,2016,A,FALSE,CLR,NA,NA,21.14,0.21,153,165,7.72,8.9,66.3,10,Regular,221000,223830,2830,2830,8.69259113,8.69259113,1,EBB TIDE FROM THE TRAP,NA,Aquatic Non-Insects,172,Family,Murchisonellidae,Murchisonellidae,Pupae,0,0,0,NA,NA,NA,NA,NA,NA,NA,NA,NA,NA,NA   NA   NA   NA,NA   NA   NA   NA
STTD_2016-07-07 10:25:00,7/7/2016 10:25,STTD,2016,A,FALSE,CLR,NA,NA,21.14,0.21,153,165,7.72,8.9,66.3,10,Regular,221000,223830,2830,2830,8.69259113,8.69259113,1,EBB TIDE FROM THE TRAP,NA,Aquatic Non-Insects,172,Family,Murchisonellidae,Murchisonellidae,Nymphs,0,0,0,NA,NA,NA,NA,NA,NA,NA,NA,NA,NA,NA   NA   NA   NA,NA   NA   NA   NA
STTD_2016-07-07 10:25:00,7/7/2016 10:25,STTD,2016,A,FALSE,CLR,NA,NA,21.14,0.21,153,165,7.72,8.9,66.3,10,Regular,221000,223830,2830,2830,8.69259113,8.69259113,1,EBB TIDE FROM THE TRAP,NA,Aquatic Non-Insects,172,Family,Murchisonellidae,Murchisonellidae,Emergents,0,0,0,NA,NA,NA,NA,NA,NA,NA,NA,NA,NA,NA   NA   NA   NA,NA   NA   NA   NA
STTD_2016-07-07 10:25:00,7/7/2016 10:25,STTD,2016,A,FALSE,CLR,NA,NA,21.14,0.21,153,165,7.72,8.9,66.3,10,Regular,221000,223830,2830,2830,8.69259113,8.69259113,1,EBB TIDE FROM THE TRAP,NA,Aquatic Non-Insects,172,Family,Murchisonellidae,Murchisonellidae,Adults,0,0,0,NA,NA,NA,NA,NA,NA,NA,NA,NA,NA,NA   NA   NA   NA,NA   NA   NA   NA
STTD_2016-07-07 10:25:00,7/7/2016 10:25,STTD,2016,A,FALSE,CLR,NA,NA,21.14,0.21,153,165,7.72,8.9,66.3,10,Regular,221000,223830,2830,2830,8.69259113,8.69259113,1,EBB TIDE FROM THE TRAP,NA,Aquatic Non-Insects,172,Family,Murchisonellidae,Murchisonellidae,NotDetermined,1,0.115,0.115,NA,NA,NA,NA,NA,NA,NA,NA,NA,NA,NA   NA   NA   NA,NA   NA   NA   NA
STTD_2016-07-07 10:25:00,7/7/2016 10:25,STTD,2016,A,FALSE,CLR,NA,NA,21.14,0.21,153,165,7.72,8.9,66.3,10,Regular,221000,223830,2830,2830,8.69259113,8.69259113,1,EBB TIDE FROM THE TRAP,NA,Aquatic Non-Insects,15,Family,Hyalellidae,Hyalellidae,Larvae,0,0,0,NA,NA,NA,NA,NA,NA,NA,NA,NA,NA,NA   NA   NA   NA,NA   NA   NA   NA
STTD_2016-07-07 10:25:00,7/7/2016 10:25,STTD,2016,A,FALSE,CLR,NA,NA,21.14,0.21,153,165,7.72,8.9,66.3,10,Regular,221000,223830,2830,2830,8.69259113,8.69259113,1,EBB TIDE FROM THE TRAP,NA,Aquatic Non-Insects,15,Family,Hyalellidae,Hyalellidae,Pupae,0,0,0,NA,NA,NA,NA,NA,NA,NA,NA,NA,NA,NA   NA   NA   NA,NA   NA   NA   NA
STTD_2016-07-07 10:25:00,7/7/2016 10:25,STTD,2016,A,FALSE,CLR,NA,NA,21.14,0.21,153,165,7.72,8.9,66.3,10,Regular,221000,223830,2830,2830,8.69259113,8.69259113,1,EBB TIDE FROM THE TRAP,NA,Aquatic Non-Insects,15,Family,Hyalellidae,Hyalellidae,Nymphs,0,0,0,NA,NA,NA,NA,NA,NA,NA,NA,NA,NA,NA   NA   NA   NA,NA   NA   NA   NA
STTD_2016-07-07 10:25:00,7/7/2016 10:25,STTD,2016,A,FALSE,CLR,NA,NA,21.14,0.21,153,165,7.72,8.9,66.3,10,Regular,221000,223830,2830,2830,8.69259113,8.69259113,1,EBB TIDE FROM THE TRAP,NA,Aquatic Non-Insects,15,Family,Hyalellidae,Hyalellidae,Emergents,0,0,0,NA,NA,NA,NA,NA,NA,NA,NA,NA,NA,NA   NA   NA   NA,NA   NA   NA   NA
STTD_2016-07-07 10:25:00,7/7/2016 10:25,STTD,2016,A,FALSE,CLR,NA,NA,21.14,0.21,153,165,7.72,8.9,66.3,10,Regular,221000,223830,2830,2830,8.69259113,8.69259113,1,EBB TIDE FROM THE TRAP,NA,Aquatic Non-Insects,15,Family,Hyalellidae,Hyalellidae,Adults,0,0,0,NA,NA,NA,NA,NA,NA,NA,NA,NA,NA,NA   NA   NA   NA,NA   NA   NA   NA
STTD_2016-07-07 10:25:00,7/7/2016 10:25,STTD,2016,A,FALSE,CLR,NA,NA,21.14,0.21,153,165,7.72,8.9,66.3,10,Regular,221000,223830,2830,2830,8.69259113,8.69259113,1,EBB TIDE FROM THE TRAP,NA,Aquatic Non-Insects,15,Family,Hyalellidae,Hyalellidae,NotDetermined,2,0.23,0.23,NA,NA,NA,NA,NA,NA,NA,NA,NA,NA,NA   NA   NA   NA,NA   NA   NA   NA
STTD_2016-07-07 10:25:00,7/7/2016 10:25,STTD,2016,A,FALSE,CLR,NA,NA,21.14,0.21,153,165,7.72,8.9,66.3,10,Regular,221000,223830,2830,2830,8.69259113,8.69259113,1,EBB TIDE FROM THE TRAP,NA,Aquatic Non-Insects,123,Family,Pionidae,Pionidae,Larvae,0,0,0,NA,NA,NA,NA,NA,NA,NA,NA,NA,NA,NA   NA   NA   NA,NA   NA   NA   NA
STTD_2016-07-07 10:25:00,7/7/2016 10:25,STTD,2016,A,FALSE,CLR,NA,NA,21.14,0.21,153,165,7.72,8.9,66.3,10,Regular,221000,223830,2830,2830,8.69259113,8.69259113,1,EBB TIDE FROM THE TRAP,NA,Aquatic Non-Insects,123,Family,Pionidae,Pionidae,Pupae,0,0,0,NA,NA,NA,NA,NA,NA,NA,NA,NA,NA,NA   NA   NA   NA,NA   NA   NA   NA
STTD_2016-07-07 10:25:00,7/7/2016 10:25,STTD,2016,A,FALSE,CLR,NA,NA,21.14,0.21,153,165,7.72,8.9,66.3,10,Regular,221000,223830,2830,2830,8.69259113,8.69259113,1,EBB TIDE FROM THE TRAP,NA,Aquatic Non-Insects,123,Family,Pionidae,Pionidae,Nymphs,0,0,0,NA,NA,NA,NA,NA,NA,NA,NA,NA,NA,NA   NA   NA   NA,NA   NA   NA   NA
STTD_2016-07-07 10:25:00,7/7/2016 10:25,STTD,2016,A,FALSE,CLR,NA,NA,21.14,0.21,153,165,7.72,8.9,66.3,10,Regular,221000,223830,2830,2830,8.69259113,8.69259113,1,EBB TIDE FROM THE TRAP,NA,Aquatic Non-Insects,123,Family,Pionidae,Pionidae,Emergents,0,0,0,NA,NA,NA,NA,NA,NA,NA,NA,NA,NA,NA   NA   NA   NA,NA   NA   NA   NA
STTD_2016-07-07 10:25:00,7/7/2016 10:25,STTD,2016,A,FALSE,CLR,NA,NA,21.14,0.21,153,165,7.72,8.9,66.3,10,Regular,221000,223830,2830,2830,8.69259113,8.69259113,1,EBB TIDE FROM THE TRAP,NA,Aquatic Non-Insects,123,Family,Pionidae,Pionidae,Adults,0,0,0,NA,NA,NA,NA,NA,NA,NA,NA,NA,NA,NA   NA   NA   NA,NA   NA   NA   NA
STTD_2016-07-07 10:25:00,7/7/2016 10:25,STTD,2016,A,FALSE,CLR,NA,NA,21.14,0.21,153,165,7.72,8.9,66.3,10,Regular,221000,223830,2830,2830,8.69259113,8.69259113,1,EBB TIDE FROM THE TRAP,NA,Aquatic Non-Insects,123,Family,Pionidae,Pionidae,NotDetermined,2,0.23,0.23,NA,NA,NA,NA,NA,NA,NA,NA,NA,NA,NA   NA   NA   NA,NA   NA   NA   NA
SHR_2016-07-18 08:25:00,7/18/2016 8:25,SHR,2016,A,FALSE,CLD,NA,NA,19.86,NA,82,91,6.87,9.38,7.8,10,Regular,224000,240084,16084,16084,49.40340485,49.40340485,1,NA,NA,Aquatic Insects,88,Family,Hydroptilidae,Hydroptilidae,Larvae,1,0.02,0.02,NA,NA,NA,NA,NA,NA,NA,NA,NA,NA,NA   NA   NA   NA,NA   NA   NA   NA
SHR_2016-07-18 08:25:00,7/18/2016 8:25,SHR,2016,A,FALSE,CLD,NA,NA,19.86,NA,82,91,6.87,9.38,7.8,10,Regular,224000,240084,16084,16084,49.40340485,49.40340485,1,NA,NA,Aquatic Insects,88,Family,Hydroptilidae,Hydroptilidae,Pupae,0,0,0,NA,NA,NA,NA,NA,NA,NA,NA,NA,NA,NA   NA   NA   NA,NA   NA   NA   NA
SHR_2016-07-18 08:25:00,7/18/2016 8:25,SHR,2016,A,FALSE,CLD,NA,NA,19.86,NA,82,91,6.87,9.38,7.8,10,Regular,224000,240084,16084,16084,49.40340485,49.40340485,1,NA,NA,Aquatic Insects,88,Family,Hydroptilidae,Hydroptilidae,Nymphs,0,0,0,NA,NA,NA,NA,NA,NA,NA,NA,NA,NA,NA   NA   NA   NA,NA   NA   NA   NA
SHR_2016-07-18 08:25:00,7/18/2016 8:25,SHR,2016,A,FALSE,CLD,NA,NA,19.86,NA,82,91,6.87,9.38,7.8,10,Regular,224000,240084,16084,16084,49.40340485,49.40340485,1,NA,NA,Aquatic Insects,88,Family,Hydroptilidae,Hydroptilidae,Emergents,0,0,0,NA,NA,NA,NA,NA,NA,NA,NA,NA,NA,NA   NA   NA   NA,NA   NA   NA   NA
SHR_2016-07-18 08:25:00,7/18/2016 8:25,SHR,2016,A,FALSE,CLD,NA,NA,19.86,NA,82,91,6.87,9.38,7.8,10,Regular,224000,240084,16084,16084,49.40340485,49.40340485,1,NA,NA,Aquatic Insects,88,Family,Hydroptilidae,Hydroptilidae,Adults,0,0,0,NA,NA,NA,NA,NA,NA,NA,NA,NA,NA,NA   NA   NA   NA,NA   NA   NA   NA
SHR_2016-07-18 08:25:00,7/18/2016 8:25,SHR,2016,A,FALSE,CLD,NA,NA,19.86,NA,82,91,6.87,9.38,7.8,10,Regular,224000,240084,16084,16084,49.40340485,49.40340485,1,NA,NA,Aquatic Insects,88,Family,Hydroptilidae,Hydroptilidae,NotDetermined,0,0,0,NA,NA,NA,NA,NA,NA,NA,NA,NA,NA,NA   NA   NA   NA,NA   NA   NA   NA
SHR_2016-07-18 08:25:00,7/18/2016 8:25,SHR,2016,A,FALSE,CLD,NA,NA,19.86,NA,82,91,6.87,9.38,7.8,10,Regular,224000,240084,16084,16084,49.40340485,49.40340485,1,NA,NA,Aquatic Insects,56,Family,Leptoceridae,Leptoceridae,Larvae,5,0.101,0.101,NA,NA,NA,NA,NA,NA,NA,NA,NA,NA,NA   NA   NA   NA,NA   NA   NA   NA
SHR_2016-07-18 08:25:00,7/18/2016 8:25,SHR,2016,A,FALSE,CLD,NA,NA,19.86,NA,82,91,6.87,9.38,7.8,10,Regular,224000,240084,16084,16084,49.40340485,49.40340485,1,NA,NA,Aquatic Insects,56,Family,Leptoceridae,Leptoceridae,Pupae,0,0,0,NA,NA,NA,NA,NA,NA,NA,NA,NA,NA,NA   NA   NA   NA,NA   NA   NA   NA
SHR_2016-07-18 08:25:00,7/18/2016 8:25,SHR,2016,A,FALSE,CLD,NA,NA,19.86,NA,82,91,6.87,9.38,7.8,10,Regular,224000,240084,16084,16084,49.40340485,49.40340485,1,NA,NA,Aquatic Insects,56,Family,Leptoceridae,Leptoceridae,Nymphs,0,0,0,NA,NA,NA,NA,NA,NA,NA,NA,NA,NA,NA   NA   NA   NA,NA   NA   NA   NA
SHR_2016-07-18 08:25:00,7/18/2016 8:25,SHR,2016,A,FALSE,CLD,NA,NA,19.86,NA,82,91,6.87,9.38,7.8,10,Regular,224000,240084,16084,16084,49.40340485,49.40340485,1,NA,NA,Aquatic Insects,56,Family,Leptoceridae,Leptoceridae,Emergents,0,0,0,NA,NA,NA,NA,NA,NA,NA,NA,NA,NA,NA   NA   NA   NA,NA   NA   NA   NA
SHR_2016-07-18 08:25:00,7/18/2016 8:25,SHR,2016,A,FALSE,CLD,NA,NA,19.86,NA,82,91,6.87,9.38,7.8,10,Regular,224000,240084,16084,16084,49.40340485,49.40340485,1,NA,NA,Aquatic Insects,56,Family,Leptoceridae,Leptoceridae,Adults,0,0,0,NA,NA,NA,NA,NA,NA,NA,NA,NA,NA,NA   NA   NA   NA,NA   NA   NA   NA
SHR_2016-07-18 08:25:00,7/18/2016 8:25,SHR,2016,A,FALSE,CLD,NA,NA,19.86,NA,82,91,6.87,9.38,7.8,10,Regular,224000,240084,16084,16084,49.40340485,49.40340485,1,NA,NA,Aquatic Insects,56,Family,Leptoceridae,Leptoceridae,NotDetermined,0,0,0,NA,NA,NA,NA,NA,NA,NA,NA,NA,NA,NA   NA   NA   NA,NA   NA   NA   NA
SHR_2016-07-18 08:25:00,7/18/2016 8:25,SHR,2016,A,FALSE,CLD,NA,NA,19.86,NA,82,91,6.87,9.38,7.8,10,Regular,224000,240084,16084,16084,49.40340485,49.40340485,1,NA,NA,Aquatic Insects,44,Family,Corixidae,Corixidae,Larvae,1,0.02,0.02,NA,NA,NA,NA,NA,NA,NA,NA,NA,NA,NA   NA   NA   NA,NA   NA   NA   NA
SHR_2016-07-18 08:25:00,7/18/2016 8:25,SHR,2016,A,FALSE,CLD,NA,NA,19.86,NA,82,91,6.87,9.38,7.8,10,Regular,224000,240084,16084,16084,49.40340485,49.40340485,1,NA,NA,Aquatic Insects,44,Family,Corixidae,Corixidae,Pupae,0,0,0,NA,NA,NA,NA,NA,NA,NA,NA,NA,NA,NA   NA   NA   NA,NA   NA   NA   NA
SHR_2016-07-18 08:25:00,7/18/2016 8:25,SHR,2016,A,FALSE,CLD,NA,NA,19.86,NA,82,91,6.87,9.38,7.8,10,Regular,224000,240084,16084,16084,49.40340485,49.40340485,1,NA,NA,Aquatic Insects,44,Family,Corixidae,Corixidae,Nymphs,0,0,0,NA,NA,NA,NA,NA,NA,NA,NA,NA,NA,NA   NA   NA   NA,NA   NA   NA   NA
SHR_2016-07-18 08:25:00,7/18/2016 8:25,SHR,2016,A,FALSE,CLD,NA,NA,19.86,NA,82,91,6.87,9.38,7.8,10,Regular,224000,240084,16084,16084,49.40340485,49.40340485,1,NA,NA,Aquatic Insects,44,Family,Corixidae,Corixidae,Emergents,0,0,0,NA,NA,NA,NA,NA,NA,NA,NA,NA,NA,NA   NA   NA   NA,NA   NA   NA   NA
SHR_2016-07-18 08:25:00,7/18/2016 8:25,SHR,2016,A,FALSE,CLD,NA,NA,19.86,NA,82,91,6.87,9.38,7.8,10,Regular,224000,240084,16084,16084,49.40340485,49.40340485,1,NA,NA,Aquatic Insects,44,Family,Corixidae,Corixidae,Adults,0,0,0,NA,NA,NA,NA,NA,NA,NA,NA,NA,NA,NA   NA   NA   NA,NA   NA   NA   NA
SHR_2016-07-18 08:25:00,7/18/2016 8:25,SHR,2016,A,FALSE,CLD,NA,NA,19.86,NA,82,91,6.87,9.38,7.8,10,Regular,224000,240084,16084,16084,49.40340485,49.40340485,1,NA,NA,Aquatic Insects,44,Family,Corixidae,Corixidae,NotDetermined,0,0,0,NA,NA,NA,NA,NA,NA,NA,NA,NA,NA,NA   NA   NA   NA,NA   NA   NA   NA
SHR_2016-07-18 08:25:00,7/18/2016 8:25,SHR,2016,A,FALSE,CLD,NA,NA,19.86,NA,82,91,6.87,9.38,7.8,10,Regular,224000,240084,16084,16084,49.40340485,49.40340485,1,NA,NA,Aquatic Insects,117,Family,Elmidae,Elmidae,Larvae,0,0,0,NA,NA,NA,NA,NA,NA,NA,NA,NA,NA,NA   NA   NA   NA,NA   NA   NA   NA
SHR_2016-07-18 08:25:00,7/18/2016 8:25,SHR,2016,A,FALSE,CLD,NA,NA,19.86,NA,82,91,6.87,9.38,7.8,10,Regular,224000,240084,16084,16084,49.40340485,49.40340485,1,NA,NA,Aquatic Insects,117,Family,Elmidae,Elmidae,Pupae,0,0,0,NA,NA,NA,NA,NA,NA,NA,NA,NA,NA,NA   NA   NA   NA,NA   NA   NA   NA
SHR_2016-07-18 08:25:00,7/18/2016 8:25,SHR,2016,A,FALSE,CLD,NA,NA,19.86,NA,82,91,6.87,9.38,7.8,10,Regular,224000,240084,16084,16084,49.40340485,49.40340485,1,NA,NA,Aquatic Insects,117,Family,Elmidae,Elmidae,Nymphs,0,0,0,NA,NA,NA,NA,NA,NA,NA,NA,NA,NA,NA   NA   NA   NA,NA   NA   NA   NA
SHR_2016-07-18 08:25:00,7/18/2016 8:25,SHR,2016,A,FALSE,CLD,NA,NA,19.86,NA,82,91,6.87,9.38,7.8,10,Regular,224000,240084,16084,16084,49.40340485,49.40340485,1,NA,NA,Aquatic Insects,117,Family,Elmidae,Elmidae,Emergents,0,0,0,NA,NA,NA,NA,NA,NA,NA,NA,NA,NA,NA   NA   NA   NA,NA   NA   NA   NA
SHR_2016-07-18 08:25:00,7/18/2016 8:25,SHR,2016,A,FALSE,CLD,NA,NA,19.86,NA,82,91,6.87,9.38,7.8,10,Regular,224000,240084,16084,16084,49.40340485,49.40340485,1,NA,NA,Aquatic Insects,117,Family,Elmidae,Elmidae,Adults,1,0.02,0.02,NA,NA,NA,NA,NA,NA,NA,NA,NA,NA,NA   NA   NA   NA,NA   NA   NA   NA
SHR_2016-07-18 08:25:00,7/18/2016 8:25,SHR,2016,A,FALSE,CLD,NA,NA,19.86,NA,82,91,6.87,9.38,7.8,10,Regular,224000,240084,16084,16084,49.40340485,49.40340485,1,NA,NA,Aquatic Insects,117,Family,Elmidae,Elmidae,NotDetermined,0,0,0,NA,NA,NA,NA,NA,NA,NA,NA,NA,NA,NA   NA   NA   NA,NA   NA   NA   NA
SHR_2016-07-18 08:25:00,7/18/2016 8:25,SHR,2016,A,FALSE,CLD,NA,NA,19.86,NA,82,91,6.87,9.38,7.8,10,Regular,224000,240084,16084,16084,49.40340485,49.40340485,1,NA,NA,Aquatic Non-Insects,77,Family,Hygrobatidae,Hygrobatidae,Larvae,0,0,0,NA,NA,NA,NA,NA,NA,NA,NA,NA,NA,NA   NA   NA   NA,NA   NA   NA   NA
SHR_2016-07-18 08:25:00,7/18/2016 8:25,SHR,2016,A,FALSE,CLD,NA,NA,19.86,NA,82,91,6.87,9.38,7.8,10,Regular,224000,240084,16084,16084,49.40340485,49.40340485,1,NA,NA,Aquatic Non-Insects,77,Family,Hygrobatidae,Hygrobatidae,Pupae,0,0,0,NA,NA,NA,NA,NA,NA,NA,NA,NA,NA,NA   NA   NA   NA,NA   NA   NA   NA
SHR_2016-07-18 08:25:00,7/18/2016 8:25,SHR,2016,A,FALSE,CLD,NA,NA,19.86,NA,82,91,6.87,9.38,7.8,10,Regular,224000,240084,16084,16084,49.40340485,49.40340485,1,NA,NA,Aquatic Non-Insects,77,Family,Hygrobatidae,Hygrobatidae,Nymphs,0,0,0,NA,NA,NA,NA,NA,NA,NA,NA,NA,NA,NA   NA   NA   NA,NA   NA   NA   NA
SHR_2016-07-18 08:25:00,7/18/2016 8:25,SHR,2016,A,FALSE,CLD,NA,NA,19.86,NA,82,91,6.87,9.38,7.8,10,Regular,224000,240084,16084,16084,49.40340485,49.40340485,1,NA,NA,Aquatic Non-Insects,77,Family,Hygrobatidae,Hygrobatidae,Emergents,0,0,0,NA,NA,NA,NA,NA,NA,NA,NA,NA,NA,NA   NA   NA   NA,NA   NA   NA   NA
SHR_2016-07-18 08:25:00,7/18/2016 8:25,SHR,2016,A,FALSE,CLD,NA,NA,19.86,NA,82,91,6.87,9.38,7.8,10,Regular,224000,240084,16084,16084,49.40340485,49.40340485,1,NA,NA,Aquatic Non-Insects,77,Family,Hygrobatidae,Hygrobatidae,Adults,0,0,0,NA,NA,NA,NA,NA,NA,NA,NA,NA,NA,NA   NA   NA   NA,NA   NA   NA   NA
SHR_2016-07-18 08:25:00,7/18/2016 8:25,SHR,2016,A,FALSE,CLD,NA,NA,19.86,NA,82,91,6.87,9.38,7.8,10,Regular,224000,240084,16084,16084,49.40340485,49.40340485,1,NA,NA,Aquatic Non-Insects,77,Family,Hygrobatidae,Hygrobatidae,NotDetermined,1,0.02,0.02,NA,NA,NA,NA,NA,NA,NA,NA,NA,NA,NA   NA   NA   NA,NA   NA   NA   NA
SHR_2016-07-18 08:25:00,7/18/2016 8:25,SHR,2016,A,FALSE,CLD,NA,NA,19.86,NA,82,91,6.87,9.38,7.8,10,Regular,224000,240084,16084,16084,49.40340485,49.40340485,1,NA,NA,Aquatic Non-Insects,28,Family,Lebertiidae,Lebertiidae,Larvae,0,0,0,NA,NA,NA,NA,NA,NA,NA,NA,NA,NA,NA   NA   NA   NA,NA   NA   NA   NA
SHR_2016-07-18 08:25:00,7/18/2016 8:25,SHR,2016,A,FALSE,CLD,NA,NA,19.86,NA,82,91,6.87,9.38,7.8,10,Regular,224000,240084,16084,16084,49.40340485,49.40340485,1,NA,NA,Aquatic Non-Insects,120,Family,Lebertiidae,Lebertiidae,Larvae,0,0,0,NA,NA,NA,NA,NA,NA,NA,NA,NA,NA,NA   NA   NA   NA,NA   NA   NA   NA
SHR_2016-07-18 08:25:00,7/18/2016 8:25,SHR,2016,A,FALSE,CLD,NA,NA,19.86,NA,82,91,6.87,9.38,7.8,10,Regular,224000,240084,16084,16084,49.40340485,49.40340485,1,NA,NA,Aquatic Non-Insects,28,Family,Lebertiidae,Lebertiidae,Pupae,0,0,0,NA,NA,NA,NA,NA,NA,NA,NA,NA,NA,NA   NA   NA   NA,NA   NA   NA   NA
SHR_2016-07-18 08:25:00,7/18/2016 8:25,SHR,2016,A,FALSE,CLD,NA,NA,19.86,NA,82,91,6.87,9.38,7.8,10,Regular,224000,240084,16084,16084,49.40340485,49.40340485,1,NA,NA,Aquatic Non-Insects,120,Family,Lebertiidae,Lebertiidae,Pupae,0,0,0,NA,NA,NA,NA,NA,NA,NA,NA,NA,NA,NA   NA   NA   NA,NA   NA   NA   NA
SHR_2016-07-18 08:25:00,7/18/2016 8:25,SHR,2016,A,FALSE,CLD,NA,NA,19.86,NA,82,91,6.87,9.38,7.8,10,Regular,224000,240084,16084,16084,49.40340485,49.40340485,1,NA,NA,Aquatic Non-Insects,28,Family,Lebertiidae,Lebertiidae,Nymphs,0,0,0,NA,NA,NA,NA,NA,NA,NA,NA,NA,NA,NA   NA   NA   NA,NA   NA   NA   NA
SHR_2016-07-18 08:25:00,7/18/2016 8:25,SHR,2016,A,FALSE,CLD,NA,NA,19.86,NA,82,91,6.87,9.38,7.8,10,Regular,224000,240084,16084,16084,49.40340485,49.40340485,1,NA,NA,Aquatic Non-Insects,120,Family,Lebertiidae,Lebertiidae,Nymphs,0,0,0,NA,NA,NA,NA,NA,NA,NA,NA,NA,NA,NA   NA   NA   NA,NA   NA   NA   NA
SHR_2016-07-18 08:25:00,7/18/2016 8:25,SHR,2016,A,FALSE,CLD,NA,NA,19.86,NA,82,91,6.87,9.38,7.8,10,Regular,224000,240084,16084,16084,49.40340485,49.40340485,1,NA,NA,Aquatic Non-Insects,28,Family,Lebertiidae,Lebertiidae,Emergents,0,0,0,NA,NA,NA,NA,NA,NA,NA,NA,NA,NA,NA   NA   NA   NA,NA   NA   NA   NA
SHR_2016-07-18 08:25:00,7/18/2016 8:25,SHR,2016,A,FALSE,CLD,NA,NA,19.86,NA,82,91,6.87,9.38,7.8,10,Regular,224000,240084,16084,16084,49.40340485,49.40340485,1,NA,NA,Aquatic Non-Insects,120,Family,Lebertiidae,Lebertiidae,Emergents,0,0,0,NA,NA,NA,NA,NA,NA,NA,NA,NA,NA,NA   NA   NA   NA,NA   NA   NA   NA
SHR_2016-07-18 08:25:00,7/18/2016 8:25,SHR,2016,A,FALSE,CLD,NA,NA,19.86,NA,82,91,6.87,9.38,7.8,10,Regular,224000,240084,16084,16084,49.40340485,49.40340485,1,NA,NA,Aquatic Non-Insects,28,Family,Lebertiidae,Lebertiidae,Adults,0,0,0,NA,NA,NA,NA,NA,NA,NA,NA,NA,NA,NA   NA   NA   NA,NA   NA   NA   NA
SHR_2016-07-18 08:25:00,7/18/2016 8:25,SHR,2016,A,FALSE,CLD,NA,NA,19.86,NA,82,91,6.87,9.38,7.8,10,Regular,224000,240084,16084,16084,49.40340485,49.40340485,1,NA,NA,Aquatic Non-Insects,120,Family,Lebertiidae,Lebertiidae,Adults,0,0,0,NA,NA,NA,NA,NA,NA,NA,NA,NA,NA,NA   NA   NA   NA,NA   NA   NA   NA
SHR_2016-07-18 08:25:00,7/18/2016 8:25,SHR,2016,A,FALSE,CLD,NA,NA,19.86,NA,82,91,6.87,9.38,7.8,10,Regular,224000,240084,16084,16084,49.40340485,49.40340485,1,NA,NA,Aquatic Non-Insects,28,Family,Lebertiidae,Lebertiidae,NotDetermined,1,0.02,0.02,NA,NA,NA,NA,NA,NA,NA,NA,NA,NA,NA   NA   NA   NA,NA   NA   NA   NA
SHR_2016-07-18 08:25:00,7/18/2016 8:25,SHR,2016,A,FALSE,CLD,NA,NA,19.86,NA,82,91,6.87,9.38,7.8,10,Regular,224000,240084,16084,16084,49.40340485,49.40340485,1,NA,NA,Aquatic Non-Insects,120,Family,Lebertiidae,Lebertiidae,NotDetermined,1,0.02,0.02,NA,NA,NA,NA,NA,NA,NA,NA,NA,NA,NA   NA   NA   NA,NA   NA   NA   NA
SHR_2016-07-18 08:25:00,7/18/2016 8:25,SHR,2016,A,FALSE,CLD,NA,NA,19.86,NA,82,91,6.87,9.38,7.8,10,Regular,224000,240084,16084,16084,49.40340485,49.40340485,1,NA,NA,Terrestrial Insects,64,Order,Diptera,Diptera,Larvae,0,0,0,NA,NA,NA,NA,NA,NA,NA,NA,NA,NA,NA   NA   NA   NA,NA   NA   NA   NA
SHR_2016-07-18 08:25:00,7/18/2016 8:25,SHR,2016,A,FALSE,CLD,NA,NA,19.86,NA,82,91,6.87,9.38,7.8,10,Regular,224000,240084,16084,16084,49.40340485,49.40340485,1,NA,NA,Terrestrial Insects,64,Order,Diptera,Diptera,Pupae,0,0,0,NA,NA,NA,NA,NA,NA,NA,NA,NA,NA,NA   NA   NA   NA,NA   NA   NA   NA
SHR_2016-07-18 08:25:00,7/18/2016 8:25,SHR,2016,A,FALSE,CLD,NA,NA,19.86,NA,82,91,6.87,9.38,7.8,10,Regular,224000,240084,16084,16084,49.40340485,49.40340485,1,NA,NA,Terrestrial Insects,64,Order,Diptera,Diptera,Nymphs,0,0,0,NA,NA,NA,NA,NA,NA,NA,NA,NA,NA,NA   NA   NA   NA,NA   NA   NA   NA
SHR_2016-07-18 08:25:00,7/18/2016 8:25,SHR,2016,A,FALSE,CLD,NA,NA,19.86,NA,82,91,6.87,9.38,7.8,10,Regular,224000,240084,16084,16084,49.40340485,49.40340485,1,NA,NA,Terrestrial Insects,64,Order,Diptera,Diptera,Emergents,0,0,0,NA,NA,NA,NA,NA,NA,NA,NA,NA,NA,NA   NA   NA   NA,NA   NA   NA   NA
SHR_2016-07-18 08:25:00,7/18/2016 8:25,SHR,2016,A,FALSE,CLD,NA,NA,19.86,NA,82,91,6.87,9.38,7.8,10,Regular,224000,240084,16084,16084,49.40340485,49.40340485,1,NA,NA,Terrestrial Insects,64,Order,Diptera,Diptera,Adults,5,0.101,0.101,NA,NA,NA,NA,NA,NA,NA,NA,NA,NA,NA   NA   NA   NA,NA   NA   NA   NA
SHR_2016-07-18 08:25:00,7/18/2016 8:25,SHR,2016,A,FALSE,CLD,NA,NA,19.86,NA,82,91,6.87,9.38,7.8,10,Regular,224000,240084,16084,16084,49.40340485,49.40340485,1,NA,NA,Terrestrial Insects,64,Order,Diptera,Diptera,NotDetermined,0,0,0,NA,NA,NA,NA,NA,NA,NA,NA,NA,NA,NA   NA   NA   NA,NA   NA   NA   NA
STTD_2016-07-19 09:59:00,7/19/2016 9:59,STTD,2016,A,FALSE,CLR,NA,NA,22.86,0.24,735,766,8.1,7.04,57.9,10,Regular,240000,249037,9037,9037,27.75793146,27.75793146,1,NA,NA,Aquatic Insects,41,Family,Baetidae,Baetidae,Larvae,2,0.072,0.072,NA,NA,NA,NA,NA,NA,NA,NA,NA,NA,NA   NA   NA   NA,NA   NA   NA   NA
STTD_2016-07-19 09:59:00,7/19/2016 9:59,STTD,2016,A,FALSE,CLR,NA,NA,22.86,0.24,735,766,8.1,7.04,57.9,10,Regular,240000,249037,9037,9037,27.75793146,27.75793146,1,NA,NA,Aquatic Insects,144,Order,Ephemeroptera,Ephemerpotera,Adults,2,0.072,0.072,NA,NA,NA,NA,NA,NA,NA,NA,NA,NA,NA   NA   NA   NA,NA   NA   NA   NA
STTD_2016-07-19 09:59:00,7/19/2016 9:59,STTD,2016,A,FALSE,CLR,NA,NA,22.86,0.24,735,766,8.1,7.04,57.9,10,Regular,240000,249037,9037,9037,27.75793146,27.75793146,1,NA,NA,Aquatic Non-Insects,19,Family,Corbiculidae,Corbiculidae,NotDetermined,5,0.18,0.18,NA,NA,NA,NA,NA,NA,NA,NA,NA,NA,NA   NA   NA   NA,NA   NA   NA   NA
STTD_2016-07-19 09:59:00,7/19/2016 9:59,STTD,2016,A,FALSE,CLR,NA,NA,22.86,0.24,735,766,8.1,7.04,57.9,10,Regular,240000,249037,9037,9037,27.75793146,27.75793146,1,NA,NA,Aquatic Non-Insects,77,Family,Hygrobatidae,Hygrobatidae,NotDetermined,1,0.036,0.036,NA,NA,NA,NA,NA,NA,NA,NA,NA,NA,NA   NA   NA   NA,NA   NA   NA   NA
STTD_2016-07-19 09:59:00,7/19/2016 9:59,STTD,2016,A,FALSE,CLR,NA,NA,22.86,0.24,735,766,8.1,7.04,57.9,10,Regular,240000,249037,9037,9037,27.75793146,27.75793146,1,NA,NA,Aquatic Non-Insects,123,Family,Pionidae,Pionidae,NotDetermined,4,0.144,0.144,NA,NA,NA,NA,NA,NA,NA,NA,NA,NA,NA   NA   NA   NA,NA   NA   NA   NA
STTD_2016-07-19 09:59:00,7/19/2016 9:59,STTD,2016,A,FALSE,CLR,NA,NA,22.86,0.24,735,766,8.1,7.04,57.9,10,Regular,240000,249037,9037,9037,27.75793146,27.75793146,1,NA,NA,Terrestrial Insects,71,Order,Hemiptera,Hemiptera,Larvae,1,0.036,0.036,NA,NA,NA,NA,NA,NA,NA,NA,NA,NA,NA   NA   NA   NA,NA   NA   NA   NA
STTD_2016-07-19 09:59:00,7/19/2016 9:59,STTD,2016,A,FALSE,CLR,NA,NA,22.86,0.24,735,766,8.1,7.04,57.9,10,Regular,240000,249037,9037,9037,27.75793146,27.75793146,1,NA,NA,Terrestrial Insects,71,Order,Hemiptera,Hemiptera,Adults,2,0.072,0.072,NA,NA,NA,NA,NA,NA,NA,NA,NA,NA,NA   NA   NA   NA,NA   NA   NA   NA
STTD_2016-07-19 09:59:00,7/19/2016 9:59,STTD,2016,A,FALSE,CLR,NA,NA,22.86,0.24,735,766,8.1,7.04,57.9,10,Regular,240000,249037,9037,9037,27.75793146,27.75793146,1,NA,NA,Terrestrial Insects,66,Order,Hymenoptera,Hymenoptera,Adults,3,0.108,0.108,NA,NA,NA,NA,NA,NA,NA,NA,NA,NA,NA   NA   NA   NA,NA   NA   NA   NA
STTD_2016-07-19 09:59:00,7/19/2016 9:59,STTD,2016,A,FALSE,CLR,NA,NA,22.86,0.24,735,766,8.1,7.04,57.9,10,Regular,240000,249037,9037,9037,27.75793146,27.75793146,1,NA,NA,Terrestrial Non-Insects,157,Order,Araneae,Araneae,NotDetermined,3,0.108,0.108,NA,NA,NA,NA,NA,NA,NA,NA,NA,NA,NA   NA   NA   NA,NA   NA   NA   NA
STTD_2016-07-19 09:59:00,7/19/2016 9:59,STTD,2016,A,FALSE,CLR,NA,NA,22.86,0.24,735,766,8.1,7.04,57.9,10,Regular,240000,249037,9037,9037,27.75793146,27.75793146,1,NA,NA,Aquatic Non-Insects,4,Family,Naididae,Naididae,Larvae,0,0,0,NA,NA,NA,NA,NA,NA,NA,NA,NA,NA,NA   NA   NA   NA,NA   NA   NA   NA
STTD_2016-07-19 09:59:00,7/19/2016 9:59,STTD,2016,A,FALSE,CLR,NA,NA,22.86,0.24,735,766,8.1,7.04,57.9,10,Regular,240000,249037,9037,9037,27.75793146,27.75793146,1,NA,NA,Aquatic Non-Insects,4,Family,Naididae,Naididae,Pupae,0,0,0,NA,NA,NA,NA,NA,NA,NA,NA,NA,NA,NA   NA   NA   NA,NA   NA   NA   NA
STTD_2016-07-19 09:59:00,7/19/2016 9:59,STTD,2016,A,FALSE,CLR,NA,NA,22.86,0.24,735,766,8.1,7.04,57.9,10,Regular,240000,249037,9037,9037,27.75793146,27.75793146,1,NA,NA,Aquatic Non-Insects,4,Family,Naididae,Naididae,Nymphs,0,0,0,NA,NA,NA,NA,NA,NA,NA,NA,NA,NA,NA   NA   NA   NA,NA   NA   NA   NA
STTD_2016-07-19 09:59:00,7/19/2016 9:59,STTD,2016,A,FALSE,CLR,NA,NA,22.86,0.24,735,766,8.1,7.04,57.9,10,Regular,240000,249037,9037,9037,27.75793146,27.75793146,1,NA,NA,Aquatic Non-Insects,4,Family,Naididae,Naididae,Emergents,0,0,0,NA,NA,NA,NA,NA,NA,NA,NA,NA,NA,NA   NA   NA   NA,NA   NA   NA   NA
STTD_2016-07-19 09:59:00,7/19/2016 9:59,STTD,2016,A,FALSE,CLR,NA,NA,22.86,0.24,735,766,8.1,7.04,57.9,10,Regular,240000,249037,9037,9037,27.75793146,27.75793146,1,NA,NA,Aquatic Non-Insects,4,Family,Naididae,Naididae,Adults,0,0,0,NA,NA,NA,NA,NA,NA,NA,NA,NA,NA,NA   NA   NA   NA,NA   NA   NA   NA
STTD_2016-07-19 09:59:00,7/19/2016 9:59,STTD,2016,A,FALSE,CLR,NA,NA,22.86,0.24,735,766,8.1,7.04,57.9,10,Regular,240000,249037,9037,9037,27.75793146,27.75793146,1,NA,NA,Aquatic Non-Insects,4,Family,Naididae,Naididae,NotDetermined,2,0.072,0.072,NA,NA,NA,NA,NA,NA,NA,NA,NA,NA,NA   NA   NA   NA,NA   NA   NA   NA
STTD_2016-07-19 09:59:00,7/19/2016 9:59,STTD,2016,A,FALSE,CLR,NA,NA,22.86,0.24,735,766,8.1,7.04,57.9,10,Regular,240000,249037,9037,9037,27.75793146,27.75793146,1,NA,NA,Aquatic Non-Insects,15,Family,Hyalellidae,Hyalellidae,Larvae,0,0,0,NA,NA,NA,NA,NA,NA,NA,NA,NA,NA,NA   NA   NA   NA,NA   NA   NA   NA
STTD_2016-07-19 09:59:00,7/19/2016 9:59,STTD,2016,A,FALSE,CLR,NA,NA,22.86,0.24,735,766,8.1,7.04,57.9,10,Regular,240000,249037,9037,9037,27.75793146,27.75793146,1,NA,NA,Aquatic Non-Insects,15,Family,Hyalellidae,Hyalellidae,Pupae,0,0,0,NA,NA,NA,NA,NA,NA,NA,NA,NA,NA,NA   NA   NA   NA,NA   NA   NA   NA
STTD_2016-07-19 09:59:00,7/19/2016 9:59,STTD,2016,A,FALSE,CLR,NA,NA,22.86,0.24,735,766,8.1,7.04,57.9,10,Regular,240000,249037,9037,9037,27.75793146,27.75793146,1,NA,NA,Aquatic Non-Insects,15,Family,Hyalellidae,Hyalellidae,Nymphs,0,0,0,NA,NA,NA,NA,NA,NA,NA,NA,NA,NA,NA   NA   NA   NA,NA   NA   NA   NA
STTD_2016-07-19 09:59:00,7/19/2016 9:59,STTD,2016,A,FALSE,CLR,NA,NA,22.86,0.24,735,766,8.1,7.04,57.9,10,Regular,240000,249037,9037,9037,27.75793146,27.75793146,1,NA,NA,Aquatic Non-Insects,15,Family,Hyalellidae,Hyalellidae,Emergents,0,0,0,NA,NA,NA,NA,NA,NA,NA,NA,NA,NA,NA   NA   NA   NA,NA   NA   NA   NA
STTD_2016-07-19 09:59:00,7/19/2016 9:59,STTD,2016,A,FALSE,CLR,NA,NA,22.86,0.24,735,766,8.1,7.04,57.9,10,Regular,240000,249037,9037,9037,27.75793146,27.75793146,1,NA,NA,Aquatic Non-Insects,15,Family,Hyalellidae,Hyalellidae,Adults,0,0,0,NA,NA,NA,NA,NA,NA,NA,NA,NA,NA,NA   NA   NA   NA,NA   NA   NA   NA
STTD_2016-07-19 09:59:00,7/19/2016 9:59,STTD,2016,A,FALSE,CLR,NA,NA,22.86,0.24,735,766,8.1,7.04,57.9,10,Regular,240000,249037,9037,9037,27.75793146,27.75793146,1,NA,NA,Aquatic Non-Insects,15,Family,Hyalellidae,Hyalellidae,NotDetermined,1,0.036,0.036,NA,NA,NA,NA,NA,NA,NA,NA,NA,NA,NA   NA   NA   NA,NA   NA   NA   NA
STTD_2016-07-19 09:59:00,7/19/2016 9:59,STTD,2016,A,FALSE,CLR,NA,NA,22.86,0.24,735,766,8.1,7.04,57.9,10,Regular,240000,249037,9037,9037,27.75793146,27.75793146,1,NA,NA,Terrestrial Insects,63,Order,Coleoptera,Coleoptera,Larvae,0,0,0,NA,NA,NA,NA,NA,NA,NA,NA,NA,NA,NA   NA   NA   NA,NA   NA   NA   NA
STTD_2016-07-19 09:59:00,7/19/2016 9:59,STTD,2016,A,FALSE,CLR,NA,NA,22.86,0.24,735,766,8.1,7.04,57.9,10,Regular,240000,249037,9037,9037,27.75793146,27.75793146,1,NA,NA,Terrestrial Insects,63,Order,Coleoptera,Coleoptera,Pupae,0,0,0,NA,NA,NA,NA,NA,NA,NA,NA,NA,NA,NA   NA   NA   NA,NA   NA   NA   NA
STTD_2016-07-19 09:59:00,7/19/2016 9:59,STTD,2016,A,FALSE,CLR,NA,NA,22.86,0.24,735,766,8.1,7.04,57.9,10,Regular,240000,249037,9037,9037,27.75793146,27.75793146,1,NA,NA,Terrestrial Insects,63,Order,Coleoptera,Coleoptera,Nymphs,0,0,0,NA,NA,NA,NA,NA,NA,NA,NA,NA,NA,NA   NA   NA   NA,NA   NA   NA   NA
STTD_2016-07-19 09:59:00,7/19/2016 9:59,STTD,2016,A,FALSE,CLR,NA,NA,22.86,0.24,735,766,8.1,7.04,57.9,10,Regular,240000,249037,9037,9037,27.75793146,27.75793146,1,NA,NA,Terrestrial Insects,63,Order,Coleoptera,Coleoptera,Emergents,0,0,0,NA,NA,NA,NA,NA,NA,NA,NA,NA,NA,NA   NA   NA   NA,NA   NA   NA   NA
STTD_2016-07-19 09:59:00,7/19/2016 9:59,STTD,2016,A,FALSE,CLR,NA,NA,22.86,0.24,735,766,8.1,7.04,57.9,10,Regular,240000,249037,9037,9037,27.75793146,27.75793146,1,NA,NA,Terrestrial Insects,63,Order,Coleoptera,Coleoptera,Adults,4,0.144,0.144,NA,NA,NA,NA,NA,NA,NA,NA,NA,NA,NA   NA   NA   NA,NA   NA   NA   NA
STTD_2016-07-19 09:59:00,7/19/2016 9:59,STTD,2016,A,FALSE,CLR,NA,NA,22.86,0.24,735,766,8.1,7.04,57.9,10,Regular,240000,249037,9037,9037,27.75793146,27.75793146,1,NA,NA,Terrestrial Insects,63,Order,Coleoptera,Coleoptera,NotDetermined,0,0,0,NA,NA,NA,NA,NA,NA,NA,NA,NA,NA,NA   NA   NA   NA,NA   NA   NA   NA
SHR_2016-08-01 08:59:00,8/1/2016 8:59,SHR,2016,A,FALSE,CLR,NA,NA,21.23,2.1,96,102,7.11,9.72,4.9,10,Regular,249000,259711,10711,10711,32.89976805,32.89976805,1,NA,NA,Aquatic Insects,144,Order,Ephemeroptera,Ephemerpotera,Adults,1,0.03,0.03,NA,NA,NA,NA,NA,NA,NA,NA,NA,NA,NA   NA   NA   NA,NA   NA   NA   NA
SHR_2016-08-01 08:59:00,8/1/2016 8:59,SHR,2016,A,FALSE,CLR,NA,NA,21.23,2.1,96,102,7.11,9.72,4.9,10,Regular,249000,259711,10711,10711,32.89976805,32.89976805,1,NA,NA,Aquatic Insects,56,Family,Leptoceridae,Leptoceridae,Larvae,9,0.274,0.274,NA,NA,NA,NA,NA,NA,NA,NA,NA,NA,NA   NA   NA   NA,NA   NA   NA   NA
SHR_2016-08-01 08:59:00,8/1/2016 8:59,SHR,2016,A,FALSE,CLR,NA,NA,21.23,2.1,96,102,7.11,9.72,4.9,10,Regular,249000,259711,10711,10711,32.89976805,32.89976805,1,NA,NA,Aquatic Insects,44,Family,Corixidae,Corixidae,Larvae,2,0.061,0.061,NA,NA,NA,NA,NA,NA,NA,NA,NA,NA,NA   NA   NA   NA,NA   NA   NA   NA
SHR_2016-08-01 08:59:00,8/1/2016 8:59,SHR,2016,A,FALSE,CLR,NA,NA,21.23,2.1,96,102,7.11,9.72,4.9,10,Regular,249000,259711,10711,10711,32.89976805,32.89976805,1,NA,NA,Aquatic Insects,34,Family,Chironomidae,Chironomidae,Larvae,37,1.125,1.125,NA,NA,NA,NA,NA,NA,NA,NA,NA,NA,NA   NA   NA   NA,NA   NA   NA   NA
SHR_2016-08-01 08:59:00,8/1/2016 8:59,SHR,2016,A,FALSE,CLR,NA,NA,21.23,2.1,96,102,7.11,9.72,4.9,10,Regular,249000,259711,10711,10711,32.89976805,32.89976805,1,NA,NA,Aquatic Non-Insects,4,Family,Naididae,Naididae,NotDetermined,11,0.334,0.334,NA,NA,NA,NA,NA,NA,NA,NA,NA,NA,NA   NA   NA   NA,NA   NA   NA   NA
SHR_2016-08-01 08:59:00,8/1/2016 8:59,SHR,2016,A,FALSE,CLR,NA,NA,21.23,2.1,96,102,7.11,9.72,4.9,10,Regular,249000,259711,10711,10711,32.89976805,32.89976805,1,NA,NA,Aquatic Non-Insects,15,Family,Hyalellidae,Hyalellidae,NotDetermined,12,0.365,0.365,NA,NA,NA,NA,NA,NA,NA,NA,NA,NA,NA   NA   NA   NA,NA   NA   NA   NA
SHR_2016-08-01 08:59:00,8/1/2016 8:59,SHR,2016,A,FALSE,CLR,NA,NA,21.23,2.1,96,102,7.11,9.72,4.9,10,Regular,249000,259711,10711,10711,32.89976805,32.89976805,1,NA,NA,Aquatic Non-Insects,13,Family,Mysidae,Mysidae,NotDetermined,1,0.03,0.03,NA,NA,NA,NA,NA,NA,NA,NA,NA,NA,NA   NA   NA   NA,NA   NA   NA   NA
SHR_2016-08-01 08:59:00,8/1/2016 8:59,SHR,2016,A,FALSE,CLR,NA,NA,21.23,2.1,96,102,7.11,9.72,4.9,10,Regular,249000,259711,10711,10711,32.89976805,32.89976805,1,NA,NA,Aquatic Non-Insects,28,Family,Lebertiidae,Lebertiidae,NotDetermined,2,0.061,0.061,NA,NA,NA,NA,NA,NA,NA,NA,NA,NA,NA   NA   NA   NA,NA   NA   NA   NA
SHR_2016-08-01 08:59:00,8/1/2016 8:59,SHR,2016,A,FALSE,CLR,NA,NA,21.23,2.1,96,102,7.11,9.72,4.9,10,Regular,249000,259711,10711,10711,32.89976805,32.89976805,1,NA,NA,Aquatic Non-Insects,120,Family,Lebertiidae,Lebertiidae,NotDetermined,2,0.061,0.061,NA,NA,NA,NA,NA,NA,NA,NA,NA,NA,NA   NA   NA   NA,NA   NA   NA   NA
SHR_2016-08-01 08:59:00,8/1/2016 8:59,SHR,2016,A,FALSE,CLR,NA,NA,21.23,2.1,96,102,7.11,9.72,4.9,10,Regular,249000,259711,10711,10711,32.89976805,32.89976805,1,NA,NA,Aquatic Non-Insects,128,Family,Mideopsidae,Mideopsidae,NotDetermined,1,0.03,0.03,NA,NA,NA,NA,NA,NA,NA,NA,NA,NA,NA   NA   NA   NA,NA   NA   NA   NA
SHR_2016-08-01 08:59:00,8/1/2016 8:59,SHR,2016,A,FALSE,CLR,NA,NA,21.23,2.1,96,102,7.11,9.72,4.9,10,Regular,249000,259711,10711,10711,32.89976805,32.89976805,1,NA,NA,Aquatic Non-Insects,152,Class,Turbellaria,Other Turbellaria,NotDetermined,6,0.182,0.182,NA,NA,NA,NA,NA,NA,NA,NA,NA,NA,NA   NA   NA   NA,NA   NA   NA   NA
SHR_2016-08-01 08:59:00,8/1/2016 8:59,SHR,2016,A,FALSE,CLR,NA,NA,21.23,2.1,96,102,7.11,9.72,4.9,10,Regular,249000,259711,10711,10711,32.89976805,32.89976805,1,NA,NA,Terrestrial Insects,71,Order,Hemiptera,Hemiptera,Larvae,1,0.03,0.03,NA,NA,NA,NA,NA,NA,NA,NA,NA,NA,NA   NA   NA   NA,NA   NA   NA   NA
SHR_2016-08-01 08:59:00,8/1/2016 8:59,SHR,2016,A,FALSE,CLR,NA,NA,21.23,2.1,96,102,7.11,9.72,4.9,10,Regular,249000,259711,10711,10711,32.89976805,32.89976805,1,NA,NA,Terrestrial Insects,64,Order,Diptera,Diptera,Adults,18,0.547,0.547,NA,NA,NA,NA,NA,NA,NA,NA,NA,NA,NA   NA   NA   NA,NA   NA   NA   NA
SHR_2016-08-01 08:59:00,8/1/2016 8:59,SHR,2016,A,FALSE,CLR,NA,NA,21.23,2.1,96,102,7.11,9.72,4.9,10,Regular,249000,259711,10711,10711,32.89976805,32.89976805,1,NA,NA,Aquatic Insects,51,Family,Gyrinidae,Gyrinidae,Larvae,1,0.03,0.03,NA,NA,NA,NA,NA,NA,NA,NA,NA,NA,NA   NA   NA   NA,NA   NA   NA   NA
STTD_2016-08-02 09:39:00,8/2/2016 9:39,STTD,2016,A,FALSE,CLR,NA,NA,23.7,0.3,NA,479,7.7,7.16,45.9,10,Regular,260000,268058,8058,8058,24.75084782,24.75084782,1,NA,NA,Aquatic Insects,44,Family,Corixidae,Corixidae,Larvae,3,0.121,0.121,NA,NA,NA,NA,NA,NA,NA,NA,NA,NA,NA   NA   NA   NA,NA   NA   NA   NA
STTD_2016-08-02 09:39:00,8/2/2016 9:39,STTD,2016,A,FALSE,CLR,NA,NA,23.7,0.3,NA,479,7.7,7.16,45.9,10,Regular,260000,268058,8058,8058,24.75084782,24.75084782,1,NA,NA,Aquatic Insects,34,Family,Chironomidae,Chironomidae,Pupae,6,0.242,0.242,NA,NA,NA,NA,NA,NA,NA,NA,NA,NA,NA   NA   NA   NA,NA   NA   NA   NA
STTD_2016-08-02 09:39:00,8/2/2016 9:39,STTD,2016,A,FALSE,CLR,NA,NA,23.7,0.3,NA,479,7.7,7.16,45.9,10,Regular,260000,268058,8058,8058,24.75084782,24.75084782,1,NA,NA,Aquatic Non-Insects,19,Family,Corbiculidae,Corbiculidae,NotDetermined,1,0.04,0.04,NA,NA,NA,NA,NA,NA,NA,NA,NA,NA,NA   NA   NA   NA,NA   NA   NA   NA
STTD_2016-08-02 09:39:00,8/2/2016 9:39,STTD,2016,A,FALSE,CLR,NA,NA,23.7,0.3,NA,479,7.7,7.16,45.9,10,Regular,260000,268058,8058,8058,24.75084782,24.75084782,1,NA,NA,Aquatic Non-Insects,11,Family,Gammaridae,Gammaridae,NotDetermined,1,0.04,0.04,NA,NA,NA,NA,NA,NA,NA,NA,NA,NA,NA   NA   NA   NA,NA   NA   NA   NA
STTD_2016-08-02 09:39:00,8/2/2016 9:39,STTD,2016,A,FALSE,CLR,NA,NA,23.7,0.3,NA,479,7.7,7.16,45.9,10,Regular,260000,268058,8058,8058,24.75084782,24.75084782,1,NA,NA,Aquatic Non-Insects,15,Family,Hyalellidae,Hyalellidae,NotDetermined,2,0.081,0.081,NA,NA,NA,NA,NA,NA,NA,NA,NA,NA,NA   NA   NA   NA,NA   NA   NA   NA
STTD_2016-08-02 09:39:00,8/2/2016 9:39,STTD,2016,A,FALSE,CLR,NA,NA,23.7,0.3,NA,479,7.7,7.16,45.9,10,Regular,260000,268058,8058,8058,24.75084782,24.75084782,1,NA,NA,Aquatic Non-Insects,104,Family,Palaemonidae,Palaemonidae,NotDetermined,2,0.081,0.081,NA,NA,NA,NA,NA,NA,NA,NA,NA,NA,NA   NA   NA   NA,NA   NA   NA   NA
STTD_2016-08-02 09:39:00,8/2/2016 9:39,STTD,2016,A,FALSE,CLR,NA,NA,23.7,0.3,NA,479,7.7,7.16,45.9,10,Regular,260000,268058,8058,8058,24.75084782,24.75084782,1,NA,NA,Aquatic Non-Insects,28,Family,Lebertiidae,Lebertiidae,NotDetermined,1,0.04,0.04,NA,NA,NA,NA,NA,NA,NA,NA,NA,NA,NA   NA   NA   NA,NA   NA   NA   NA
STTD_2016-08-02 09:39:00,8/2/2016 9:39,STTD,2016,A,FALSE,CLR,NA,NA,23.7,0.3,NA,479,7.7,7.16,45.9,10,Regular,260000,268058,8058,8058,24.75084782,24.75084782,1,NA,NA,Aquatic Non-Insects,120,Family,Lebertiidae,Lebertiidae,NotDetermined,1,0.04,0.04,NA,NA,NA,NA,NA,NA,NA,NA,NA,NA,NA   NA   NA   NA,NA   NA   NA   NA
STTD_2016-08-02 09:39:00,8/2/2016 9:39,STTD,2016,A,FALSE,CLR,NA,NA,23.7,0.3,NA,479,7.7,7.16,45.9,10,Regular,260000,268058,8058,8058,24.75084782,24.75084782,1,NA,NA,Aquatic Non-Insects,175,Family,Atherinopsidae,Atherinopsidae,NotDetermined,1,0.04,0.04,NA,NA,NA,NA,NA,NA,NA,NA,NA,NA,NA   NA   NA   NA,NA   NA   NA   NA
STTD_2016-08-02 09:39:00,8/2/2016 9:39,STTD,2016,A,FALSE,CLR,NA,NA,23.7,0.3,NA,479,7.7,7.16,45.9,10,Regular,260000,268058,8058,8058,24.75084782,24.75084782,1,NA,NA,Terrestrial Insects,71,Order,Hemiptera,Hemiptera,Larvae,1,0.04,0.04,NA,NA,NA,NA,NA,NA,NA,NA,NA,NA,NA   NA   NA   NA,NA   NA   NA   NA
STTD_2016-08-02 09:39:00,8/2/2016 9:39,STTD,2016,A,FALSE,CLR,NA,NA,23.7,0.3,NA,479,7.7,7.16,45.9,10,Regular,260000,268058,8058,8058,24.75084782,24.75084782,1,NA,NA,Terrestrial Insects,71,Order,Hemiptera,Hemiptera,Adults,2,0.081,0.081,NA,NA,NA,NA,NA,NA,NA,NA,NA,NA,NA   NA   NA   NA,NA   NA   NA   NA
STTD_2016-08-02 09:39:00,8/2/2016 9:39,STTD,2016,A,FALSE,CLR,NA,NA,23.7,0.3,NA,479,7.7,7.16,45.9,10,Regular,260000,268058,8058,8058,24.75084782,24.75084782,1,NA,NA,Terrestrial Insects,63,Order,Coleoptera,Coleoptera,Adults,1,0.04,0.04,NA,NA,NA,NA,NA,NA,NA,NA,NA,NA,NA   NA   NA   NA,NA   NA   NA   NA
STTD_2016-08-02 09:39:00,8/2/2016 9:39,STTD,2016,A,FALSE,CLR,NA,NA,23.7,0.3,NA,479,7.7,7.16,45.9,10,Regular,260000,268058,8058,8058,24.75084782,24.75084782,1,NA,NA,Terrestrial Insects,64,Order,Diptera,Diptera,Adults,4,0.162,0.162,NA,NA,NA,NA,NA,NA,NA,NA,NA,NA,NA   NA   NA   NA,NA   NA   NA   NA
STTD_2016-08-02 09:39:00,8/2/2016 9:39,STTD,2016,A,FALSE,CLR,NA,NA,23.7,0.3,NA,479,7.7,7.16,45.9,10,Regular,260000,268058,8058,8058,24.75084782,24.75084782,1,NA,NA,Terrestrial Insects,66,Order,Hymenoptera,Hymenoptera,Adults,4,0.162,0.162,NA,NA,NA,NA,NA,NA,NA,NA,NA,NA,NA   NA   NA   NA,NA   NA   NA   NA
STTD_2016-08-02 09:39:00,8/2/2016 9:39,STTD,2016,A,FALSE,CLR,NA,NA,23.7,0.3,NA,479,7.7,7.16,45.9,10,Regular,260000,268058,8058,8058,24.75084782,24.75084782,1,NA,NA,Terrestrial Non-Insects,157,Order,Araneae,Araneae,NotDetermined,3,0.121,0.121,NA,NA,NA,NA,NA,NA,NA,NA,NA,NA,NA   NA   NA   NA,NA   NA   NA   NA
SHR_2016-08-15 09:05:00,8/15/2016 9:05,SHR,2016,A,FALSE,CLR,NA,NA,21.4,1.25,107,115,7.52,9.27,5.96,10,Regular,268000,285560,17560,17560,53.93706722,53.93706722,1,NA,NA,Aquatic Insects,107,Family,Leptohyphidae,Leptohyphidae,Larvae,1,0.019,0.019,NA,NA,NA,NA,NA,NA,NA,NA,NA,NA,NA   NA   NA   NA,NA   NA   NA   NA
SHR_2016-08-15 09:05:00,8/15/2016 9:05,SHR,2016,A,FALSE,CLR,NA,NA,21.4,1.25,107,115,7.52,9.27,5.96,10,Regular,268000,285560,17560,17560,53.93706722,53.93706722,1,NA,NA,Aquatic Insects,56,Family,Leptoceridae,Leptoceridae,Larvae,3,0.056,0.056,NA,NA,NA,NA,NA,NA,NA,NA,NA,NA,NA   NA   NA   NA,NA   NA   NA   NA
SHR_2016-08-15 09:05:00,8/15/2016 9:05,SHR,2016,A,FALSE,CLR,NA,NA,21.4,1.25,107,115,7.52,9.27,5.96,10,Regular,268000,285560,17560,17560,53.93706722,53.93706722,1,NA,NA,Aquatic Insects,46,Family,Coenagrionidae,Coenagrionidae,Larvae,1,0.019,0.019,NA,NA,NA,NA,NA,NA,NA,NA,NA,NA,NA   NA   NA   NA,NA   NA   NA   NA
SHR_2016-08-15 09:05:00,8/15/2016 9:05,SHR,2016,A,FALSE,CLR,NA,NA,21.4,1.25,107,115,7.52,9.27,5.96,10,Regular,268000,285560,17560,17560,53.93706722,53.93706722,1,NA,NA,Aquatic Insects,34,Family,Chironomidae,Chironomidae,Larvae,6,0.111,0.111,NA,NA,NA,NA,NA,NA,NA,NA,NA,NA,NA   NA   NA   NA,NA   NA   NA   NA
SHR_2016-08-15 09:05:00,8/15/2016 9:05,SHR,2016,A,FALSE,CLR,NA,NA,21.4,1.25,107,115,7.52,9.27,5.96,10,Regular,268000,285560,17560,17560,53.93706722,53.93706722,1,NA,NA,Aquatic Non-Insects,21,Family,Planorbidae,Planorbidae,NotDetermined,1,0.019,0.019,NA,NA,NA,NA,NA,NA,NA,NA,NA,NA,NA   NA   NA   NA,NA   NA   NA   NA
SHR_2016-08-15 09:05:00,8/15/2016 9:05,SHR,2016,A,FALSE,CLR,NA,NA,21.4,1.25,107,115,7.52,9.27,5.96,10,Regular,268000,285560,17560,17560,53.93706722,53.93706722,1,NA,NA,Aquatic Non-Insects,15,Family,Hyalellidae,Hyalellidae,NotDetermined,1,0.019,0.019,NA,NA,NA,NA,NA,NA,NA,NA,NA,NA,NA   NA   NA   NA,NA   NA   NA   NA
SHR_2016-08-15 09:05:00,8/15/2016 9:05,SHR,2016,A,FALSE,CLR,NA,NA,21.4,1.25,107,115,7.52,9.27,5.96,10,Regular,268000,285560,17560,17560,53.93706722,53.93706722,1,NA,NA,Aquatic Non-Insects,77,Family,Hygrobatidae,Hygrobatidae,NotDetermined,1,0.019,0.019,NA,NA,NA,NA,NA,NA,NA,NA,NA,NA,NA   NA   NA   NA,NA   NA   NA   NA
SHR_2016-08-15 09:05:00,8/15/2016 9:05,SHR,2016,A,FALSE,CLR,NA,NA,21.4,1.25,107,115,7.52,9.27,5.96,10,Regular,268000,285560,17560,17560,53.93706722,53.93706722,1,NA,NA,Aquatic Non-Insects,28,Family,Lebertiidae,Lebertiidae,NotDetermined,1,0.019,0.019,NA,NA,NA,NA,NA,NA,NA,NA,NA,NA,NA   NA   NA   NA,NA   NA   NA   NA
SHR_2016-08-15 09:05:00,8/15/2016 9:05,SHR,2016,A,FALSE,CLR,NA,NA,21.4,1.25,107,115,7.52,9.27,5.96,10,Regular,268000,285560,17560,17560,53.93706722,53.93706722,1,NA,NA,Aquatic Non-Insects,120,Family,Lebertiidae,Lebertiidae,NotDetermined,1,0.019,0.019,NA,NA,NA,NA,NA,NA,NA,NA,NA,NA,NA   NA   NA   NA,NA   NA   NA   NA
SHR_2016-08-15 09:05:00,8/15/2016 9:05,SHR,2016,A,FALSE,CLR,NA,NA,21.4,1.25,107,115,7.52,9.27,5.96,10,Regular,268000,285560,17560,17560,53.93706722,53.93706722,1,NA,NA,Terrestrial Insects,64,Order,Diptera,Diptera,Adults,8,0.148,0.148,NA,NA,NA,NA,NA,NA,NA,NA,NA,NA,NA   NA   NA   NA,NA   NA   NA   NA
SHR_2016-08-15 09:05:00,8/15/2016 9:05,SHR,2016,A,FALSE,CLR,NA,NA,21.4,1.25,107,115,7.52,9.27,5.96,10,Regular,268000,285560,17560,17560,53.93706722,53.93706722,1,NA,NA,Terrestrial Insects,66,Order,Hymenoptera,Hymenoptera,Adults,1,0.019,0.019,NA,NA,NA,NA,NA,NA,NA,NA,NA,NA,NA   NA   NA   NA,NA   NA   NA   NA
SHR_2016-08-15 09:05:00,8/15/2016 9:05,SHR,2016,A,FALSE,CLR,NA,NA,21.4,1.25,107,115,7.52,9.27,5.96,10,Regular,268000,285560,17560,17560,53.93706722,53.93706722,1,NA,NA,Aquatic Insects,52,Family,Hydraenidae,Hydraenidae,Adults,1,0.019,0.019,NA,NA,NA,NA,NA,NA,NA,NA,NA,NA,NA   NA   NA   NA,NA   NA   NA   NA
STTD_2016-08-16 10:26:00,8/16/2016 10:26,STTD,2016,A,FALSE,CLR,NA,NA,23.23,0.18,207,214,7.66,7.69,53,10,Regular,285000,291037,6037,6037,18.54317055,18.54317055,1,NA,NA,Aquatic Insects,56,Family,Leptoceridae,Leptoceridae,Larvae,1,0.054,0.054,NA,NA,NA,NA,NA,NA,NA,NA,NA,NA,NA   NA   NA   NA,NA   NA   NA   NA
STTD_2016-08-16 10:26:00,8/16/2016 10:26,STTD,2016,A,FALSE,CLR,NA,NA,23.23,0.18,207,214,7.66,7.69,53,10,Regular,285000,291037,6037,6037,18.54317055,18.54317055,1,NA,NA,Aquatic Insects,159,Order,Trichoptera,Trichoptera,Adults,1,0.054,0.054,NA,NA,NA,NA,NA,NA,NA,NA,NA,NA,NA   NA   NA   NA,NA   NA   NA   NA
STTD_2016-08-16 10:26:00,8/16/2016 10:26,STTD,2016,A,FALSE,CLR,NA,NA,23.23,0.18,207,214,7.66,7.69,53,10,Regular,285000,291037,6037,6037,18.54317055,18.54317055,1,NA,NA,Aquatic Non-Insects,104,Family,Palaemonidae,Palaemonidae,NotDetermined,1,0.054,0.054,NA,NA,NA,NA,NA,NA,NA,NA,NA,NA,NA   NA   NA   NA,NA   NA   NA   NA
STTD_2016-08-16 10:26:00,8/16/2016 10:26,STTD,2016,A,FALSE,CLR,NA,NA,23.23,0.18,207,214,7.66,7.69,53,10,Regular,285000,291037,6037,6037,18.54317055,18.54317055,1,NA,NA,Terrestrial Insects,71,Order,Hemiptera,Hemiptera,Larvae,10,0.539,0.539,NA,NA,NA,NA,NA,NA,NA,NA,NA,NA,NA   NA   NA   NA,NA   NA   NA   NA
STTD_2016-08-16 10:26:00,8/16/2016 10:26,STTD,2016,A,FALSE,CLR,NA,NA,23.23,0.18,207,214,7.66,7.69,53,10,Regular,285000,291037,6037,6037,18.54317055,18.54317055,1,NA,NA,Terrestrial Insects,71,Order,Hemiptera,Hemiptera,Adults,27,1.456,1.456,NA,NA,NA,NA,NA,NA,NA,NA,NA,NA,NA   NA   NA   NA,NA   NA   NA   NA
STTD_2016-08-16 10:26:00,8/16/2016 10:26,STTD,2016,A,FALSE,CLR,NA,NA,23.23,0.18,207,214,7.66,7.69,53,10,Regular,285000,291037,6037,6037,18.54317055,18.54317055,1,NA,NA,Terrestrial Insects,63,Order,Coleoptera,Coleoptera,Adults,4,0.216,0.216,NA,NA,NA,NA,NA,NA,NA,NA,NA,NA,NA   NA   NA   NA,NA   NA   NA   NA
STTD_2016-08-16 10:26:00,8/16/2016 10:26,STTD,2016,A,FALSE,CLR,NA,NA,23.23,0.18,207,214,7.66,7.69,53,10,Regular,285000,291037,6037,6037,18.54317055,18.54317055,1,NA,NA,Terrestrial Insects,64,Order,Diptera,Diptera,Adults,7,0.377,0.377,NA,NA,NA,NA,NA,NA,NA,NA,NA,NA,NA   NA   NA   NA,NA   NA   NA   NA
STTD_2016-08-16 10:26:00,8/16/2016 10:26,STTD,2016,A,FALSE,CLR,NA,NA,23.23,0.18,207,214,7.66,7.69,53,10,Regular,285000,291037,6037,6037,18.54317055,18.54317055,1,NA,NA,Terrestrial Insects,66,Order,Hymenoptera,Hymenoptera,Adults,5,0.27,0.27,NA,NA,NA,NA,NA,NA,NA,NA,NA,NA,NA   NA   NA   NA,NA   NA   NA   NA
STTD_2016-08-16 10:26:00,8/16/2016 10:26,STTD,2016,A,FALSE,CLR,NA,NA,23.23,0.18,207,214,7.66,7.69,53,10,Regular,285000,291037,6037,6037,18.54317055,18.54317055,1,NA,NA,Terrestrial Insects,85,Order,Thysanoptera,Thysanoptera,Adults,3,0.162,0.162,NA,NA,NA,NA,NA,NA,NA,NA,NA,NA,NA   NA   NA   NA,NA   NA   NA   NA
STTD_2016-08-16 10:26:00,8/16/2016 10:26,STTD,2016,A,FALSE,CLR,NA,NA,23.23,0.18,207,214,7.66,7.69,53,10,Regular,285000,291037,6037,6037,18.54317055,18.54317055,1,NA,NA,Terrestrial Non-Insects,57,Subclass,Acari,Acari,NotDetermined,1,0.054,0.054,NA,NA,NA,NA,NA,NA,NA,NA,NA,NA,NA   NA   NA   NA,NA   NA   NA   NA
STTD_2016-08-16 10:26:00,8/16/2016 10:26,STTD,2016,A,FALSE,CLR,NA,NA,23.23,0.18,207,214,7.66,7.69,53,10,Regular,285000,291037,6037,6037,18.54317055,18.54317055,1,NA,NA,Terrestrial Non-Insects,157,Order,Araneae,Araneae,NotDetermined,1,0.054,0.054,NA,NA,NA,NA,NA,NA,NA,NA,NA,NA,NA   NA   NA   NA,NA   NA   NA   NA
SHR_2016-08-29 08:35:00,8/29/2016 8:35,SHR,2016,A,FALSE,CLR,NA,NA,20.08,0.9,145,160,7.63,8.88,9.5,10,Regular,291000,309925,18925,18925,58.12978344,58.12978344,1,EBB TIDE-MOTOR USED,NA,Aquatic Insects,40,Family,Caenidae,Caenidae,Larvae,2,0.034,0.034,NA,NA,NA,NA,NA,NA,2,FM,NA,NA,NA   NA   2   NA,NA   NA   FM   NA
SHR_2016-08-29 08:35:00,8/29/2016 8:35,SHR,2016,A,FALSE,CLR,NA,NA,20.08,0.9,145,160,7.63,8.88,9.5,10,Regular,291000,309925,18925,18925,58.12978344,58.12978344,1,EBB TIDE-MOTOR USED,NA,Aquatic Insects,48,Family,Hydropsychidae,Hydropsychidae,Larvae,1,0.017,0.017,NA,NA,NA,NA,NA,NA,2,FM,NA,NA,NA   NA   2   NA,NA   NA   FM   NA
SHR_2016-08-29 08:35:00,8/29/2016 8:35,SHR,2016,A,FALSE,CLR,NA,NA,20.08,0.9,145,160,7.63,8.88,9.5,10,Regular,291000,309925,18925,18925,58.12978344,58.12978344,1,EBB TIDE-MOTOR USED,NA,Aquatic Insects,107,Family,Leptohyphidae,Leptohyphidae,Larvae,1,0.017,0.017,NA,NA,NA,NA,NA,NA,2,FM,NA,NA,NA   NA   2   NA,NA   NA   FM   NA
SHR_2016-08-29 08:35:00,8/29/2016 8:35,SHR,2016,A,FALSE,CLR,NA,NA,20.08,0.9,145,160,7.63,8.88,9.5,10,Regular,291000,309925,18925,18925,58.12978344,58.12978344,1,EBB TIDE-MOTOR USED,NA,Aquatic Insects,88,Family,Hydroptilidae,Hydroptilidae,Larvae,1,0.017,0.017,NA,NA,NA,NA,NA,NA,2,FM,NA,NA,NA   NA   2   NA,NA   NA   FM   NA
SHR_2016-08-29 08:35:00,8/29/2016 8:35,SHR,2016,A,FALSE,CLR,NA,NA,20.08,0.9,145,160,7.63,8.88,9.5,10,Regular,291000,309925,18925,18925,58.12978344,58.12978344,1,EBB TIDE-MOTOR USED,NA,Aquatic Insects,56,Family,Leptoceridae,Leptoceridae,Larvae,20,0.344,0.344,NA,NA,NA,NA,NA,NA,2,FM,NA,NA,NA   NA   2   NA,NA   NA   FM   NA
SHR_2016-08-29 08:35:00,8/29/2016 8:35,SHR,2016,A,FALSE,CLR,NA,NA,20.08,0.9,145,160,7.63,8.88,9.5,10,Regular,291000,309925,18925,18925,58.12978344,58.12978344,1,EBB TIDE-MOTOR USED,NA,Aquatic Insects,159,Order,Trichoptera,Trichoptera,Adults,3,0.052,0.052,NA,NA,NA,NA,NA,NA,2,FM,NA,NA,NA   NA   2   NA,NA   NA   FM   NA
SHR_2016-08-29 08:35:00,8/29/2016 8:35,SHR,2016,A,FALSE,CLR,NA,NA,20.08,0.9,145,160,7.63,8.88,9.5,10,Regular,291000,309925,18925,18925,58.12978344,58.12978344,1,EBB TIDE-MOTOR USED,NA,Aquatic Insects,46,Family,Coenagrionidae,Coenagrionidae,Larvae,3,0.052,0.052,NA,NA,NA,NA,NA,NA,2,FM,NA,NA,NA   NA   2   NA,NA   NA   FM   NA
SHR_2016-08-29 08:35:00,8/29/2016 8:35,SHR,2016,A,FALSE,CLR,NA,NA,20.08,0.9,145,160,7.63,8.88,9.5,10,Regular,291000,309925,18925,18925,58.12978344,58.12978344,1,EBB TIDE-MOTOR USED,NA,Aquatic Insects,44,Family,Corixidae,Corixidae,Larvae,4,0.069,0.069,NA,NA,NA,NA,NA,NA,2,FM,NA,NA,NA   NA   2   NA,NA   NA   FM   NA
SHR_2016-08-29 08:35:00,8/29/2016 8:35,SHR,2016,A,FALSE,CLR,NA,NA,20.08,0.9,145,160,7.63,8.88,9.5,10,Regular,291000,309925,18925,18925,58.12978344,58.12978344,1,EBB TIDE-MOTOR USED,NA,Aquatic Insects,34,Family,Chironomidae,Chironomidae,Larvae,142,2.443,2.443,NA,NA,NA,NA,NA,NA,2,FM,NA,NA,NA   NA   2   NA,NA   NA   FM   NA
SHR_2016-08-29 08:35:00,8/29/2016 8:35,SHR,2016,A,FALSE,CLR,NA,NA,20.08,0.9,145,160,7.63,8.88,9.5,10,Regular,291000,309925,18925,18925,58.12978344,58.12978344,1,EBB TIDE-MOTOR USED,NA,Aquatic Insects,34,Family,Chironomidae,Chironomidae,Pupae,7,0.12,0.12,NA,NA,NA,NA,NA,NA,2,FM,NA,NA,NA   NA   2   NA,NA   NA   FM   NA
SHR_2016-08-29 08:35:00,8/29/2016 8:35,SHR,2016,A,FALSE,CLR,NA,NA,20.08,0.9,145,160,7.63,8.88,9.5,10,Regular,291000,309925,18925,18925,58.12978344,58.12978344,1,EBB TIDE-MOTOR USED,NA,Aquatic Insects,38,Family,Simuliidae,Simuliidae,Larvae,1,0.017,0.017,NA,NA,NA,NA,NA,NA,2,FM,NA,NA,NA   NA   2   NA,NA   NA   FM   NA
SHR_2016-08-29 08:35:00,8/29/2016 8:35,SHR,2016,A,FALSE,CLR,NA,NA,20.08,0.9,145,160,7.63,8.88,9.5,10,Regular,291000,309925,18925,18925,58.12978344,58.12978344,1,EBB TIDE-MOTOR USED,NA,Aquatic Non-Insects,106,Family,Lymnaeidae,Lymnaeidae,NotDetermined,1,0.017,0.017,NA,NA,NA,NA,NA,NA,2,FM,NA,NA,NA   NA   2   NA,NA   NA   FM   NA
SHR_2016-08-29 08:35:00,8/29/2016 8:35,SHR,2016,A,FALSE,CLR,NA,NA,20.08,0.9,145,160,7.63,8.88,9.5,10,Regular,291000,309925,18925,18925,58.12978344,58.12978344,1,EBB TIDE-MOTOR USED,NA,Aquatic Non-Insects,20,Family,Physidae,Physidae,NotDetermined,3,0.052,0.052,NA,NA,NA,NA,NA,NA,2,FM,NA,NA,NA   NA   2   NA,NA   NA   FM   NA
SHR_2016-08-29 08:35:00,8/29/2016 8:35,SHR,2016,A,FALSE,CLR,NA,NA,20.08,0.9,145,160,7.63,8.88,9.5,10,Regular,291000,309925,18925,18925,58.12978344,58.12978344,1,EBB TIDE-MOTOR USED,NA,Aquatic Non-Insects,15,Family,Hyalellidae,Hyalellidae,NotDetermined,23,0.396,0.396,NA,NA,NA,NA,NA,NA,2,FM,NA,NA,NA   NA   2   NA,NA   NA   FM   NA
SHR_2016-08-29 08:35:00,8/29/2016 8:35,SHR,2016,A,FALSE,CLR,NA,NA,20.08,0.9,145,160,7.63,8.88,9.5,10,Regular,291000,309925,18925,18925,58.12978344,58.12978344,1,EBB TIDE-MOTOR USED,NA,Aquatic Non-Insects,77,Family,Hygrobatidae,Hygrobatidae,NotDetermined,5,0.086,0.086,NA,NA,NA,NA,NA,NA,2,FM,NA,NA,NA   NA   2   NA,NA   NA   FM   NA
SHR_2016-08-29 08:35:00,8/29/2016 8:35,SHR,2016,A,FALSE,CLR,NA,NA,20.08,0.9,145,160,7.63,8.88,9.5,10,Regular,291000,309925,18925,18925,58.12978344,58.12978344,1,EBB TIDE-MOTOR USED,NA,Aquatic Non-Insects,28,Family,Lebertiidae,Lebertiidae,NotDetermined,2,0.034,0.034,NA,NA,NA,NA,NA,NA,2,FM,NA,NA,NA   NA   2   NA,NA   NA   FM   NA
SHR_2016-08-29 08:35:00,8/29/2016 8:35,SHR,2016,A,FALSE,CLR,NA,NA,20.08,0.9,145,160,7.63,8.88,9.5,10,Regular,291000,309925,18925,18925,58.12978344,58.12978344,1,EBB TIDE-MOTOR USED,NA,Aquatic Non-Insects,120,Family,Lebertiidae,Lebertiidae,NotDetermined,2,0.034,0.034,NA,NA,NA,NA,NA,NA,2,FM,NA,NA,NA   NA   2   NA,NA   NA   FM   NA
SHR_2016-08-29 08:35:00,8/29/2016 8:35,SHR,2016,A,FALSE,CLR,NA,NA,20.08,0.9,145,160,7.63,8.88,9.5,10,Regular,291000,309925,18925,18925,58.12978344,58.12978344,1,EBB TIDE-MOTOR USED,NA,Aquatic Non-Insects,152,Class,Turbellaria,Other Turbellaria,NotDetermined,8,0.138,0.138,NA,NA,NA,NA,NA,NA,2,FM,NA,NA,NA   NA   2   NA,NA   NA   FM   NA
SHR_2016-08-29 08:35:00,8/29/2016 8:35,SHR,2016,A,FALSE,CLR,NA,NA,20.08,0.9,145,160,7.63,8.88,9.5,10,Regular,291000,309925,18925,18925,58.12978344,58.12978344,1,EBB TIDE-MOTOR USED,NA,Terrestrial Insects,71,Order,Hemiptera,Hemiptera,Adults,6,0.103,0.103,NA,NA,NA,NA,NA,NA,2,FM,NA,NA,NA   NA   2   NA,NA   NA   FM   NA
SHR_2016-08-29 08:35:00,8/29/2016 8:35,SHR,2016,A,FALSE,CLR,NA,NA,20.08,0.9,145,160,7.63,8.88,9.5,10,Regular,291000,309925,18925,18925,58.12978344,58.12978344,1,EBB TIDE-MOTOR USED,NA,Terrestrial Insects,63,Order,Coleoptera,Coleoptera,Adults,2,0.034,0.034,NA,NA,NA,NA,NA,NA,2,FM,NA,NA,NA   NA   2   NA,NA   NA   FM   NA
SHR_2016-08-29 08:35:00,8/29/2016 8:35,SHR,2016,A,FALSE,CLR,NA,NA,20.08,0.9,145,160,7.63,8.88,9.5,10,Regular,291000,309925,18925,18925,58.12978344,58.12978344,1,EBB TIDE-MOTOR USED,NA,Terrestrial Insects,64,Order,Diptera,Diptera,Adults,61,1.049,1.049,NA,NA,NA,NA,NA,NA,2,FM,NA,NA,NA   NA   2   NA,NA   NA   FM   NA
SHR_2016-08-29 08:35:00,8/29/2016 8:35,SHR,2016,A,FALSE,CLR,NA,NA,20.08,0.9,145,160,7.63,8.88,9.5,10,Regular,291000,309925,18925,18925,58.12978344,58.12978344,1,EBB TIDE-MOTOR USED,NA,Terrestrial Insects,66,Order,Hymenoptera,Hymenoptera,Adults,4,0.069,0.069,NA,NA,NA,NA,NA,NA,2,FM,NA,NA,NA   NA   2   NA,NA   NA   FM   NA
SHR_2016-08-29 08:35:00,8/29/2016 8:35,SHR,2016,A,FALSE,CLR,NA,NA,20.08,0.9,145,160,7.63,8.88,9.5,10,Regular,291000,309925,18925,18925,58.12978344,58.12978344,1,EBB TIDE-MOTOR USED,NA,Terrestrial Insects,85,Order,Thysanoptera,Thysanoptera,Adults,2,0.034,0.034,NA,NA,NA,NA,NA,NA,2,FM,NA,NA,NA   NA   2   NA,NA   NA   FM   NA
SHR_2016-08-29 08:35:00,8/29/2016 8:35,SHR,2016,A,FALSE,CLR,NA,NA,20.08,0.9,145,160,7.63,8.88,9.5,10,Regular,291000,309925,18925,18925,58.12978344,58.12978344,1,EBB TIDE-MOTOR USED,NA,Terrestrial Non-Insects,157,Order,Araneae,Araneae,NotDetermined,3,0.052,0.052,NA,NA,NA,NA,NA,NA,2,FM,NA,NA,NA   NA   2   NA,NA   NA   FM   NA
SHR_2016-08-29 08:35:00,8/29/2016 8:35,SHR,2016,A,FALSE,CLR,NA,NA,20.08,0.9,145,160,7.63,8.88,9.5,10,Regular,291000,309925,18925,18925,58.12978344,58.12978344,1,EBB TIDE-MOTOR USED,NA,Aquatic Insects,51,Family,Gyrinidae,Gyrinidae,Larvae,1,0.017,0.017,NA,NA,NA,NA,NA,NA,2,FM,NA,NA,NA   NA   2   NA,NA   NA   FM   NA
STTD_2016-08-30 10:22:00,8/30/2016 10:22,STTD,2016,A,FALSE,CLR,NA,NA,20.56,0.19,177,193,7.83,8.5,60.7,10,Low,306697,310000,3303,3303,21.73081545,21.73081545,1,NA,NA,Aquatic Insects,46,Family,Coenagrionidae,Coenagrionidae,Larvae,1,0.046,0.046,NA,NA,NA,NA,NA,NA,NA,NA,NA,NA,NA   NA   NA   NA,NA   NA   NA   NA
STTD_2016-08-30 10:22:00,8/30/2016 10:22,STTD,2016,A,FALSE,CLR,NA,NA,20.56,0.19,177,193,7.83,8.5,60.7,10,Low,306697,310000,3303,3303,21.73081545,21.73081545,1,NA,NA,Aquatic Insects,44,Family,Corixidae,Corixidae,Larvae,1,0.046,0.046,NA,NA,NA,NA,NA,NA,NA,NA,NA,NA,NA   NA   NA   NA,NA   NA   NA   NA
STTD_2016-08-30 10:22:00,8/30/2016 10:22,STTD,2016,A,FALSE,CLR,NA,NA,20.56,0.19,177,193,7.83,8.5,60.7,10,Low,306697,310000,3303,3303,21.73081545,21.73081545,1,NA,NA,Aquatic Insects,34,Family,Chironomidae,Chironomidae,Larvae,1,0.046,0.046,NA,NA,NA,NA,NA,NA,NA,NA,NA,NA,NA   NA   NA   NA,NA   NA   NA   NA
STTD_2016-08-30 10:22:00,8/30/2016 10:22,STTD,2016,A,FALSE,CLR,NA,NA,20.56,0.19,177,193,7.83,8.5,60.7,10,Low,306697,310000,3303,3303,21.73081545,21.73081545,1,NA,NA,Aquatic Insects,34,Family,Chironomidae,Chironomidae,Pupae,1,0.046,0.046,NA,NA,NA,NA,NA,NA,NA,NA,NA,NA,NA   NA   NA   NA,NA   NA   NA   NA
STTD_2016-08-30 10:22:00,8/30/2016 10:22,STTD,2016,A,FALSE,CLR,NA,NA,20.56,0.19,177,193,7.83,8.5,60.7,10,Low,306697,310000,3303,3303,21.73081545,21.73081545,1,NA,NA,Aquatic Non-Insects,15,Family,Hyalellidae,Hyalellidae,NotDetermined,1,0.046,0.046,NA,NA,NA,NA,NA,NA,NA,NA,NA,NA,NA   NA   NA   NA,NA   NA   NA   NA
STTD_2016-08-30 10:22:00,8/30/2016 10:22,STTD,2016,A,FALSE,CLR,NA,NA,20.56,0.19,177,193,7.83,8.5,60.7,10,Low,306697,310000,3303,3303,21.73081545,21.73081545,1,NA,NA,Aquatic Non-Insects,13,Family,Mysidae,Mysidae,NotDetermined,1,0.046,0.046,NA,NA,NA,NA,NA,NA,NA,NA,NA,NA,NA   NA   NA   NA,NA   NA   NA   NA
STTD_2016-08-30 10:22:00,8/30/2016 10:22,STTD,2016,A,FALSE,CLR,NA,NA,20.56,0.19,177,193,7.83,8.5,60.7,10,Low,306697,310000,3303,3303,21.73081545,21.73081545,1,NA,NA,Terrestrial Insects,71,Order,Hemiptera,Hemiptera,Adults,136,6.258,6.258,NA,NA,NA,NA,NA,NA,NA,NA,NA,NA,NA   NA   NA   NA,NA   NA   NA   NA
STTD_2016-08-30 10:22:00,8/30/2016 10:22,STTD,2016,A,FALSE,CLR,NA,NA,20.56,0.19,177,193,7.83,8.5,60.7,10,Low,306697,310000,3303,3303,21.73081545,21.73081545,1,NA,NA,Terrestrial Insects,63,Order,Coleoptera,Coleoptera,Adults,1,0.046,0.046,NA,NA,NA,NA,NA,NA,NA,NA,NA,NA,NA   NA   NA   NA,NA   NA   NA   NA
STTD_2016-08-30 10:22:00,8/30/2016 10:22,STTD,2016,A,FALSE,CLR,NA,NA,20.56,0.19,177,193,7.83,8.5,60.7,10,Low,306697,310000,3303,3303,21.73081545,21.73081545,1,NA,NA,Terrestrial Insects,64,Order,Diptera,Diptera,Adults,1,0.046,0.046,NA,NA,NA,NA,NA,NA,NA,NA,NA,NA,NA   NA   NA   NA,NA   NA   NA   NA
STTD_2016-08-30 10:22:00,8/30/2016 10:22,STTD,2016,A,FALSE,CLR,NA,NA,20.56,0.19,177,193,7.83,8.5,60.7,10,Low,306697,310000,3303,3303,21.73081545,21.73081545,1,NA,NA,Terrestrial Insects,66,Order,Hymenoptera,Hymenoptera,Adults,2,0.092,0.092,NA,NA,NA,NA,NA,NA,NA,NA,NA,NA,NA   NA   NA   NA,NA   NA   NA   NA
STTD_2016-08-30 10:22:00,8/30/2016 10:22,STTD,2016,A,FALSE,CLR,NA,NA,20.56,0.19,177,193,7.83,8.5,60.7,10,Low,306697,310000,3303,3303,21.73081545,21.73081545,1,NA,NA,Terrestrial Insects,74,Order,Neuroptera,Neuroptera,Larvae,1,0.046,0.046,NA,NA,NA,NA,NA,NA,NA,NA,NA,NA,NA   NA   NA   NA,NA   NA   NA   NA
STTD_2016-08-30 10:22:00,8/30/2016 10:22,STTD,2016,A,FALSE,CLR,NA,NA,20.56,0.19,177,193,7.83,8.5,60.7,10,Low,306697,310000,3303,3303,21.73081545,21.73081545,1,NA,NA,Terrestrial Insects,67,Order,Psocoptera,Psocoptera,Adults,1,0.046,0.046,NA,NA,NA,NA,NA,NA,NA,NA,NA,NA,NA   NA   NA   NA,NA   NA   NA   NA
STTD_2016-08-30 10:22:00,8/30/2016 10:22,STTD,2016,A,FALSE,CLR,NA,NA,20.56,0.19,177,193,7.83,8.5,60.7,10,Low,306697,310000,3303,3303,21.73081545,21.73081545,1,NA,NA,Terrestrial Insects,85,Order,Thysanoptera,Thysanoptera,Adults,5,0.23,0.23,NA,NA,NA,NA,NA,NA,NA,NA,NA,NA,NA   NA   NA   NA,NA   NA   NA   NA
STTD_2016-08-30 10:22:00,8/30/2016 10:22,STTD,2016,A,FALSE,CLR,NA,NA,20.56,0.19,177,193,7.83,8.5,60.7,10,Low,306697,310000,3303,3303,21.73081545,21.73081545,1,NA,NA,Aquatic Non-Insects,177,Subclass,Copepoda,Copepod,NotDetermined,1,0.046,0.046,NA,NA,NA,NA,NA,NA,NA,NA,NA,NA,NA   NA   NA   NA,NA   NA   NA   NA
SHR_2016-09-12 08:30:00,9/12/2016 8:30,SHR,2016,A,FALSE,CLR,NA,NA,18.89,1.2,130,148,7.73,9.43,NA,10,Low,300315,307000,6685,6685,43.98138096,43.98138096,1,NA,NA,Aquatic Insects,144,Order,Ephemeroptera,Ephemerpotera,Adults,1,0.023,0.023,NA,NA,NA,NA,NA,NA,NA,NA,NA,NA,NA   NA   NA   NA,NA   NA   NA   NA
SHR_2016-09-12 08:30:00,9/12/2016 8:30,SHR,2016,A,FALSE,CLR,NA,NA,18.89,1.2,130,148,7.73,9.43,NA,10,Low,300315,307000,6685,6685,43.98138096,43.98138096,1,NA,NA,Aquatic Insects,107,Family,Leptohyphidae,Leptohyphidae,Larvae,1,0.023,0.023,NA,NA,NA,NA,NA,NA,NA,NA,NA,NA,NA   NA   NA   NA,NA   NA   NA   NA
SHR_2016-09-12 08:30:00,9/12/2016 8:30,SHR,2016,A,FALSE,CLR,NA,NA,18.89,1.2,130,148,7.73,9.43,NA,10,Low,300315,307000,6685,6685,43.98138096,43.98138096,1,NA,NA,Aquatic Insects,88,Family,Hydroptilidae,Hydroptilidae,Pupae,2,0.045,0.045,NA,NA,NA,NA,NA,NA,NA,NA,NA,NA,NA   NA   NA   NA,NA   NA   NA   NA
SHR_2016-09-12 08:30:00,9/12/2016 8:30,SHR,2016,A,FALSE,CLR,NA,NA,18.89,1.2,130,148,7.73,9.43,NA,10,Low,300315,307000,6685,6685,43.98138096,43.98138096,1,NA,NA,Aquatic Insects,56,Family,Leptoceridae,Leptoceridae,Larvae,1,0.023,0.023,NA,NA,NA,NA,NA,NA,NA,NA,NA,NA,NA   NA   NA   NA,NA   NA   NA   NA
SHR_2016-09-12 08:30:00,9/12/2016 8:30,SHR,2016,A,FALSE,CLR,NA,NA,18.89,1.2,130,148,7.73,9.43,NA,10,Low,300315,307000,6685,6685,43.98138096,43.98138096,1,NA,NA,Aquatic Insects,159,Order,Trichoptera,Trichoptera,Adults,1,0.023,0.023,NA,NA,NA,NA,NA,NA,NA,NA,NA,NA,NA   NA   NA   NA,NA   NA   NA   NA
SHR_2016-09-12 08:30:00,9/12/2016 8:30,SHR,2016,A,FALSE,CLR,NA,NA,18.89,1.2,130,148,7.73,9.43,NA,10,Low,300315,307000,6685,6685,43.98138096,43.98138096,1,NA,NA,Aquatic Insects,46,Family,Coenagrionidae,Coenagrionidae,Larvae,1,0.023,0.023,NA,NA,NA,NA,NA,NA,NA,NA,NA,NA,NA   NA   NA   NA,NA   NA   NA   NA
SHR_2016-09-12 08:30:00,9/12/2016 8:30,SHR,2016,A,FALSE,CLR,NA,NA,18.89,1.2,130,148,7.73,9.43,NA,10,Low,300315,307000,6685,6685,43.98138096,43.98138096,1,NA,NA,Aquatic Insects,34,Family,Chironomidae,Chironomidae,Larvae,476,10.823,10.823,NA,NA,NA,NA,NA,NA,NA,NA,NA,NA,NA   NA   NA   NA,NA   NA   NA   NA
SHR_2016-09-12 08:30:00,9/12/2016 8:30,SHR,2016,A,FALSE,CLR,NA,NA,18.89,1.2,130,148,7.73,9.43,NA,10,Low,300315,307000,6685,6685,43.98138096,43.98138096,1,NA,NA,Aquatic Insects,34,Family,Chironomidae,Chironomidae,Pupae,2,0.045,0.045,NA,NA,NA,NA,NA,NA,NA,NA,NA,NA,NA   NA   NA   NA,NA   NA   NA   NA
SHR_2016-09-12 08:30:00,9/12/2016 8:30,SHR,2016,A,FALSE,CLR,NA,NA,18.89,1.2,130,148,7.73,9.43,NA,10,Low,300315,307000,6685,6685,43.98138096,43.98138096,1,NA,NA,Aquatic Non-Insects,19,Family,Corbiculidae,Corbiculidae,NotDetermined,2,0.045,0.045,NA,NA,NA,NA,NA,NA,NA,NA,NA,NA,NA   NA   NA   NA,NA   NA   NA   NA
SHR_2016-09-12 08:30:00,9/12/2016 8:30,SHR,2016,A,FALSE,CLR,NA,NA,18.89,1.2,130,148,7.73,9.43,NA,10,Low,300315,307000,6685,6685,43.98138096,43.98138096,1,NA,NA,Aquatic Non-Insects,21,Family,Planorbidae,Planorbidae,NotDetermined,1,0.023,0.023,NA,NA,NA,NA,NA,NA,NA,NA,NA,NA,NA   NA   NA   NA,NA   NA   NA   NA
SHR_2016-09-12 08:30:00,9/12/2016 8:30,SHR,2016,A,FALSE,CLR,NA,NA,18.89,1.2,130,148,7.73,9.43,NA,10,Low,300315,307000,6685,6685,43.98138096,43.98138096,1,NA,NA,Aquatic Non-Insects,15,Family,Hyalellidae,Hyalellidae,NotDetermined,44,1,1,NA,NA,NA,NA,NA,NA,NA,NA,NA,NA,NA   NA   NA   NA,NA   NA   NA   NA
SHR_2016-09-12 08:30:00,9/12/2016 8:30,SHR,2016,A,FALSE,CLR,NA,NA,18.89,1.2,130,148,7.73,9.43,NA,10,Low,300315,307000,6685,6685,43.98138096,43.98138096,1,NA,NA,Aquatic Non-Insects,77,Family,Hygrobatidae,Hygrobatidae,NotDetermined,1,0.023,0.023,NA,NA,NA,NA,NA,NA,NA,NA,NA,NA,NA   NA   NA   NA,NA   NA   NA   NA
SHR_2016-09-12 08:30:00,9/12/2016 8:30,SHR,2016,A,FALSE,CLR,NA,NA,18.89,1.2,130,148,7.73,9.43,NA,10,Low,300315,307000,6685,6685,43.98138096,43.98138096,1,NA,NA,Aquatic Non-Insects,28,Family,Lebertiidae,Lebertiidae,NotDetermined,1,0.023,0.023,NA,NA,NA,NA,NA,NA,NA,NA,NA,NA,NA   NA   NA   NA,NA   NA   NA   NA
SHR_2016-09-12 08:30:00,9/12/2016 8:30,SHR,2016,A,FALSE,CLR,NA,NA,18.89,1.2,130,148,7.73,9.43,NA,10,Low,300315,307000,6685,6685,43.98138096,43.98138096,1,NA,NA,Aquatic Non-Insects,120,Family,Lebertiidae,Lebertiidae,NotDetermined,1,0.023,0.023,NA,NA,NA,NA,NA,NA,NA,NA,NA,NA,NA   NA   NA   NA,NA   NA   NA   NA
SHR_2016-09-12 08:30:00,9/12/2016 8:30,SHR,2016,A,FALSE,CLR,NA,NA,18.89,1.2,130,148,7.73,9.43,NA,10,Low,300315,307000,6685,6685,43.98138096,43.98138096,1,NA,NA,Aquatic Non-Insects,123,Family,Pionidae,Pionidae,NotDetermined,1,0.023,0.023,NA,NA,NA,NA,NA,NA,NA,NA,NA,NA,NA   NA   NA   NA,NA   NA   NA   NA
SHR_2016-09-12 08:30:00,9/12/2016 8:30,SHR,2016,A,FALSE,CLR,NA,NA,18.89,1.2,130,148,7.73,9.43,NA,10,Low,300315,307000,6685,6685,43.98138096,43.98138096,1,NA,NA,Terrestrial Insects,71,Order,Hemiptera,Hemiptera,Adults,47,1.069,1.069,NA,NA,NA,NA,NA,NA,NA,NA,NA,NA,NA   NA   NA   NA,NA   NA   NA   NA
SHR_2016-09-12 08:30:00,9/12/2016 8:30,SHR,2016,A,FALSE,CLR,NA,NA,18.89,1.2,130,148,7.73,9.43,NA,10,Low,300315,307000,6685,6685,43.98138096,43.98138096,1,NA,NA,Terrestrial Insects,63,Order,Coleoptera,Coleoptera,Adults,2,0.045,0.045,NA,NA,NA,NA,NA,NA,NA,NA,NA,NA,NA   NA   NA   NA,NA   NA   NA   NA
SHR_2016-09-12 08:30:00,9/12/2016 8:30,SHR,2016,A,FALSE,CLR,NA,NA,18.89,1.2,130,148,7.73,9.43,NA,10,Low,300315,307000,6685,6685,43.98138096,43.98138096,1,NA,NA,Terrestrial Insects,64,Order,Diptera,Diptera,Adults,25,0.568,0.568,NA,NA,NA,NA,NA,NA,NA,NA,NA,NA,NA   NA   NA   NA,NA   NA   NA   NA
SHR_2016-09-12 08:30:00,9/12/2016 8:30,SHR,2016,A,FALSE,CLR,NA,NA,18.89,1.2,130,148,7.73,9.43,NA,10,Low,300315,307000,6685,6685,43.98138096,43.98138096,1,NA,NA,Terrestrial Insects,73,Order,Lepidoptera,Lepidoptera,Adults,1,0.023,0.023,NA,NA,NA,NA,NA,NA,NA,NA,NA,NA,NA   NA   NA   NA,NA   NA   NA   NA
SHR_2016-09-12 08:30:00,9/12/2016 8:30,SHR,2016,A,FALSE,CLR,NA,NA,18.89,1.2,130,148,7.73,9.43,NA,10,Low,300315,307000,6685,6685,43.98138096,43.98138096,1,NA,NA,Terrestrial Insects,66,Order,Hymenoptera,Hymenoptera,Adults,9,0.205,0.205,NA,NA,NA,NA,NA,NA,NA,NA,NA,NA,NA   NA   NA   NA,NA   NA   NA   NA
SHR_2016-09-12 08:30:00,9/12/2016 8:30,SHR,2016,A,FALSE,CLR,NA,NA,18.89,1.2,130,148,7.73,9.43,NA,10,Low,300315,307000,6685,6685,43.98138096,43.98138096,1,NA,NA,Terrestrial Insects,74,Order,Neuroptera,Neuroptera,Larvae,1,0.023,0.023,NA,NA,NA,NA,NA,NA,NA,NA,NA,NA,NA   NA   NA   NA,NA   NA   NA   NA
SHR_2016-09-12 08:30:00,9/12/2016 8:30,SHR,2016,A,FALSE,CLR,NA,NA,18.89,1.2,130,148,7.73,9.43,NA,10,Low,300315,307000,6685,6685,43.98138096,43.98138096,1,NA,NA,Terrestrial Insects,85,Order,Thysanoptera,Thysanoptera,Adults,1,0.023,0.023,NA,NA,NA,NA,NA,NA,NA,NA,NA,NA,NA   NA   NA   NA,NA   NA   NA   NA
SHR_2016-09-12 08:30:00,9/12/2016 8:30,SHR,2016,A,FALSE,CLR,NA,NA,18.89,1.2,130,148,7.73,9.43,NA,10,Low,300315,307000,6685,6685,43.98138096,43.98138096,1,NA,NA,Terrestrial Non-Insects,157,Order,Araneae,Araneae,NotDetermined,3,0.068,0.068,NA,NA,NA,NA,NA,NA,NA,NA,NA,NA,NA   NA   NA   NA,NA   NA   NA   NA
SHR_2016-09-12 08:30:00,9/12/2016 8:30,SHR,2016,A,FALSE,CLR,NA,NA,18.89,1.2,130,148,7.73,9.43,NA,10,Low,300315,307000,6685,6685,43.98138096,43.98138096,1,NA,NA,Aquatic Insects,30,Family,Dytiscidae,Dytiscidae,Adults,5,0.114,0.114,NA,NA,NA,NA,NA,NA,NA,NA,NA,NA,NA   NA   NA   NA,NA   NA   NA   NA
SHR_2016-09-12 08:30:00,9/12/2016 8:30,SHR,2016,A,FALSE,CLR,NA,NA,18.89,1.2,130,148,7.73,9.43,NA,10,Low,300315,307000,6685,6685,43.98138096,43.98138096,1,NA,NA,Aquatic Insects,51,Family,Gyrinidae,Gyrinidae,Larvae,1,0.023,0.023,NA,NA,NA,NA,NA,NA,NA,NA,NA,NA,NA   NA   NA   NA,NA   NA   NA   NA
STTD_2016-09-13 09:58:00,9/13/2016 9:58,STTD,2016,A,FALSE,CLR,NA,1,19.54,0.35,183,204,7.92,8.39,39.1,10,Low,296777,300000,3223,3223,21.20448629,21.20448629,1,No microcystis,NA,Aquatic Insects,159,Order,Trichoptera,Trichoptera,Adults,1,0.047,0.047,NA,NA,NA,NA,NA,NA,NA,NA,NA,NA,NA   NA   NA   NA,NA   NA   NA   NA
STTD_2016-09-13 09:58:00,9/13/2016 9:58,STTD,2016,A,FALSE,CLR,NA,1,19.54,0.35,183,204,7.92,8.39,39.1,10,Low,296777,300000,3223,3223,21.20448629,21.20448629,1,No microcystis,NA,Aquatic Non-Insects,4,Family,Naididae,Naididae,NotDetermined,1,0.047,0.047,NA,NA,NA,NA,NA,NA,NA,NA,NA,NA,NA   NA   NA   NA,NA   NA   NA   NA
STTD_2016-09-13 09:58:00,9/13/2016 9:58,STTD,2016,A,FALSE,CLR,NA,1,19.54,0.35,183,204,7.92,8.39,39.1,10,Low,296777,300000,3223,3223,21.20448629,21.20448629,1,No microcystis,NA,Aquatic Non-Insects,15,Family,Hyalellidae,Hyalellidae,NotDetermined,3,0.141,0.141,NA,NA,NA,NA,NA,NA,NA,NA,NA,NA,NA   NA   NA   NA,NA   NA   NA   NA
STTD_2016-09-13 09:58:00,9/13/2016 9:58,STTD,2016,A,FALSE,CLR,NA,1,19.54,0.35,183,204,7.92,8.39,39.1,10,Low,296777,300000,3223,3223,21.20448629,21.20448629,1,No microcystis,NA,Aquatic Non-Insects,104,Family,Palaemonidae,Palaemonidae,NotDetermined,1,0.047,0.047,NA,NA,NA,NA,NA,NA,NA,NA,NA,NA,NA   NA   NA   NA,NA   NA   NA   NA
STTD_2016-09-13 09:58:00,9/13/2016 9:58,STTD,2016,A,FALSE,CLR,NA,1,19.54,0.35,183,204,7.92,8.39,39.1,10,Low,296777,300000,3223,3223,21.20448629,21.20448629,1,No microcystis,NA,Aquatic Non-Insects,94,Family,Unionicolidae,Unionicolidae,NotDetermined,1,0.047,0.047,NA,NA,NA,NA,NA,NA,NA,NA,NA,NA,NA   NA   NA   NA,NA   NA   NA   NA
STTD_2016-09-13 09:58:00,9/13/2016 9:58,STTD,2016,A,FALSE,CLR,NA,1,19.54,0.35,183,204,7.92,8.39,39.1,10,Low,296777,300000,3223,3223,21.20448629,21.20448629,1,No microcystis,NA,Terrestrial Insects,71,Order,Hemiptera,Hemiptera,Adults,91,4.292,4.292,NA,NA,NA,NA,NA,NA,NA,NA,NA,NA,NA   NA   NA   NA,NA   NA   NA   NA
STTD_2016-09-13 09:58:00,9/13/2016 9:58,STTD,2016,A,FALSE,CLR,NA,1,19.54,0.35,183,204,7.92,8.39,39.1,10,Low,296777,300000,3223,3223,21.20448629,21.20448629,1,No microcystis,NA,Terrestrial Insects,63,Order,Coleoptera,Coleoptera,Adults,1,0.047,0.047,NA,NA,NA,NA,NA,NA,NA,NA,NA,NA,NA   NA   NA   NA,NA   NA   NA   NA
STTD_2016-09-13 09:58:00,9/13/2016 9:58,STTD,2016,A,FALSE,CLR,NA,1,19.54,0.35,183,204,7.92,8.39,39.1,10,Low,296777,300000,3223,3223,21.20448629,21.20448629,1,No microcystis,NA,Terrestrial Insects,64,Order,Diptera,Diptera,Adults,8,0.377,0.377,NA,NA,NA,NA,NA,NA,NA,NA,NA,NA,NA   NA   NA   NA,NA   NA   NA   NA
STTD_2016-09-13 09:58:00,9/13/2016 9:58,STTD,2016,A,FALSE,CLR,NA,1,19.54,0.35,183,204,7.92,8.39,39.1,10,Low,296777,300000,3223,3223,21.20448629,21.20448629,1,No microcystis,NA,Terrestrial Insects,66,Order,Hymenoptera,Hymenoptera,Adults,3,0.141,0.141,NA,NA,NA,NA,NA,NA,NA,NA,NA,NA,NA   NA   NA   NA,NA   NA   NA   NA
STTD_2016-09-13 09:58:00,9/13/2016 9:58,STTD,2016,A,FALSE,CLR,NA,1,19.54,0.35,183,204,7.92,8.39,39.1,10,Low,296777,300000,3223,3223,21.20448629,21.20448629,1,No microcystis,NA,Terrestrial Insects,85,Order,Thysanoptera,Thysanoptera,Adults,2,0.094,0.094,NA,NA,NA,NA,NA,NA,NA,NA,NA,NA,NA   NA   NA   NA,NA   NA   NA   NA
STTD_2016-09-13 09:58:00,9/13/2016 9:58,STTD,2016,A,FALSE,CLR,NA,1,19.54,0.35,183,204,7.92,8.39,39.1,10,Low,296777,300000,3223,3223,21.20448629,21.20448629,1,No microcystis,NA,Terrestrial Non-Insects,157,Order,Araneae,Araneae,NotDetermined,1,0.047,0.047,NA,NA,NA,NA,NA,NA,NA,NA,NA,NA,NA   NA   NA   NA,NA   NA   NA   NA
SHR_2016-09-19 09:27:00,9/19/2016 9:27,SHR,2016,A,FALSE,CLR,NA,NA,19.28,1.1,128,143,7.52,9.61,8,10,Low,291982,297000,5018,5018,33.01399696,33.01399696,1,NA,NA,Aquatic Insects,40,Family,Caenidae,Caenidae,Larvae,1,0.03,0.03,NA,NA,NA,NA,NA,NA,NA,NA,NA,NA,NA   NA   NA   NA,NA   NA   NA   NA
SHR_2016-09-19 09:27:00,9/19/2016 9:27,SHR,2016,A,FALSE,CLR,NA,NA,19.28,1.1,128,143,7.52,9.61,8,10,Low,291982,297000,5018,5018,33.01399696,33.01399696,1,NA,NA,Aquatic Insects,144,Order,Ephemeroptera,Ephemerpotera,Adults,4,0.121,0.121,NA,NA,NA,NA,NA,NA,NA,NA,NA,NA,NA   NA   NA   NA,NA   NA   NA   NA
SHR_2016-09-19 09:27:00,9/19/2016 9:27,SHR,2016,A,FALSE,CLR,NA,NA,19.28,1.1,128,143,7.52,9.61,8,10,Low,291982,297000,5018,5018,33.01399696,33.01399696,1,NA,NA,Aquatic Insects,88,Family,Hydroptilidae,Hydroptilidae,Pupae,1,0.03,0.03,NA,NA,NA,NA,NA,NA,NA,NA,NA,NA,NA   NA   NA   NA,NA   NA   NA   NA
SHR_2016-09-19 09:27:00,9/19/2016 9:27,SHR,2016,A,FALSE,CLR,NA,NA,19.28,1.1,128,143,7.52,9.61,8,10,Low,291982,297000,5018,5018,33.01399696,33.01399696,1,NA,NA,Aquatic Insects,56,Family,Leptoceridae,Leptoceridae,Larvae,19,0.576,0.576,NA,NA,NA,NA,NA,NA,NA,NA,NA,NA,NA   NA   NA   NA,NA   NA   NA   NA
SHR_2016-09-19 09:27:00,9/19/2016 9:27,SHR,2016,A,FALSE,CLR,NA,NA,19.28,1.1,128,143,7.52,9.61,8,10,Low,291982,297000,5018,5018,33.01399696,33.01399696,1,NA,NA,Aquatic Insects,159,Order,Trichoptera,Trichoptera,Adults,14,0.424,0.424,NA,NA,NA,NA,NA,NA,NA,NA,NA,NA,NA   NA   NA   NA,NA   NA   NA   NA
SHR_2016-09-19 09:27:00,9/19/2016 9:27,SHR,2016,A,FALSE,CLR,NA,NA,19.28,1.1,128,143,7.52,9.61,8,10,Low,291982,297000,5018,5018,33.01399696,33.01399696,1,NA,NA,Aquatic Insects,46,Family,Coenagrionidae,Coenagrionidae,Larvae,16,0.485,0.485,NA,NA,NA,NA,NA,NA,NA,NA,NA,NA,NA   NA   NA   NA,NA   NA   NA   NA
SHR_2016-09-19 09:27:00,9/19/2016 9:27,SHR,2016,A,FALSE,CLR,NA,NA,19.28,1.1,128,143,7.52,9.61,8,10,Low,291982,297000,5018,5018,33.01399696,33.01399696,1,NA,NA,Aquatic Insects,44,Family,Corixidae,Corixidae,Larvae,5,0.151,0.151,NA,NA,NA,NA,NA,NA,NA,NA,NA,NA,NA   NA   NA   NA,NA   NA   NA   NA
SHR_2016-09-19 09:27:00,9/19/2016 9:27,SHR,2016,A,FALSE,CLR,NA,NA,19.28,1.1,128,143,7.52,9.61,8,10,Low,291982,297000,5018,5018,33.01399696,33.01399696,1,NA,NA,Aquatic Insects,44,Family,Corixidae,Corixidae,Adults,1,0.03,0.03,NA,NA,NA,NA,NA,NA,NA,NA,NA,NA,NA   NA   NA   NA,NA   NA   NA   NA
SHR_2016-09-19 09:27:00,9/19/2016 9:27,SHR,2016,A,FALSE,CLR,NA,NA,19.28,1.1,128,143,7.52,9.61,8,10,Low,291982,297000,5018,5018,33.01399696,33.01399696,1,NA,NA,Aquatic Insects,34,Family,Chironomidae,Chironomidae,Larvae,987,29.896,29.896,NA,NA,NA,NA,NA,NA,NA,NA,NA,NA,NA   NA   NA   NA,NA   NA   NA   NA
SHR_2016-09-19 09:27:00,9/19/2016 9:27,SHR,2016,A,FALSE,CLR,NA,NA,19.28,1.1,128,143,7.52,9.61,8,10,Low,291982,297000,5018,5018,33.01399696,33.01399696,1,NA,NA,Aquatic Insects,34,Family,Chironomidae,Chironomidae,Pupae,23,0.697,0.697,NA,NA,NA,NA,NA,NA,NA,NA,NA,NA,NA   NA   NA   NA,NA   NA   NA   NA
SHR_2016-09-19 09:27:00,9/19/2016 9:27,SHR,2016,A,FALSE,CLR,NA,NA,19.28,1.1,128,143,7.52,9.61,8,10,Low,291982,297000,5018,5018,33.01399696,33.01399696,1,NA,NA,Aquatic Insects,32,Family,Ceratopogonidae,Ceratopogonidae,Pupae,2,0.061,0.061,NA,NA,NA,NA,NA,NA,NA,NA,NA,NA,NA   NA   NA   NA,NA   NA   NA   NA
SHR_2016-09-19 09:27:00,9/19/2016 9:27,SHR,2016,A,FALSE,CLR,NA,NA,19.28,1.1,128,143,7.52,9.61,8,10,Low,291982,297000,5018,5018,33.01399696,33.01399696,1,NA,NA,Aquatic Insects,35,Family,Empididae,Empididae,Larvae,1,0.03,0.03,NA,NA,NA,NA,NA,NA,NA,NA,NA,NA,NA   NA   NA   NA,NA   NA   NA   NA
SHR_2016-09-19 09:27:00,9/19/2016 9:27,SHR,2016,A,FALSE,CLR,NA,NA,19.28,1.1,128,143,7.52,9.61,8,10,Low,291982,297000,5018,5018,33.01399696,33.01399696,1,NA,NA,Aquatic Insects,38,Family,Simuliidae,Simuliidae,Pupae,1,0.03,0.03,NA,NA,NA,NA,NA,NA,NA,NA,NA,NA,NA   NA   NA   NA,NA   NA   NA   NA
SHR_2016-09-19 09:27:00,9/19/2016 9:27,SHR,2016,A,FALSE,CLR,NA,NA,19.28,1.1,128,143,7.52,9.61,8,10,Low,291982,297000,5018,5018,33.01399696,33.01399696,1,NA,NA,Aquatic Insects,97,Family,Stratiomyidae,Stratiomyidae,Larvae,1,0.03,0.03,NA,NA,NA,NA,NA,NA,NA,NA,NA,NA,NA   NA   NA   NA,NA   NA   NA   NA
SHR_2016-09-19 09:27:00,9/19/2016 9:27,SHR,2016,A,FALSE,CLR,NA,NA,19.28,1.1,128,143,7.52,9.61,8,10,Low,291982,297000,5018,5018,33.01399696,33.01399696,1,NA,NA,Aquatic Non-Insects,19,Family,Corbiculidae,Corbiculidae,NotDetermined,1,0.03,0.03,NA,NA,NA,NA,NA,NA,NA,NA,NA,NA,NA   NA   NA   NA,NA   NA   NA   NA
SHR_2016-09-19 09:27:00,9/19/2016 9:27,SHR,2016,A,FALSE,CLR,NA,NA,19.28,1.1,128,143,7.52,9.61,8,10,Low,291982,297000,5018,5018,33.01399696,33.01399696,1,NA,NA,Aquatic Non-Insects,106,Family,Lymnaeidae,Lymnaeidae,NotDetermined,3,0.091,0.091,NA,NA,NA,NA,NA,NA,NA,NA,NA,NA,NA   NA   NA   NA,NA   NA   NA   NA
SHR_2016-09-19 09:27:00,9/19/2016 9:27,SHR,2016,A,FALSE,CLR,NA,NA,19.28,1.1,128,143,7.52,9.61,8,10,Low,291982,297000,5018,5018,33.01399696,33.01399696,1,NA,NA,Aquatic Non-Insects,20,Family,Physidae,Physidae,NotDetermined,4,0.121,0.121,NA,NA,NA,NA,NA,NA,NA,NA,NA,NA,NA   NA   NA   NA,NA   NA   NA   NA
SHR_2016-09-19 09:27:00,9/19/2016 9:27,SHR,2016,A,FALSE,CLR,NA,NA,19.28,1.1,128,143,7.52,9.61,8,10,Low,291982,297000,5018,5018,33.01399696,33.01399696,1,NA,NA,Aquatic Non-Insects,21,Family,Planorbidae,Planorbidae,NotDetermined,28,0.848,0.848,NA,NA,NA,NA,NA,NA,NA,NA,NA,NA,NA   NA   NA   NA,NA   NA   NA   NA
SHR_2016-09-19 09:27:00,9/19/2016 9:27,SHR,2016,A,FALSE,CLR,NA,NA,19.28,1.1,128,143,7.52,9.61,8,10,Low,291982,297000,5018,5018,33.01399696,33.01399696,1,NA,NA,Aquatic Non-Insects,15,Family,Hyalellidae,Hyalellidae,NotDetermined,64,1.939,1.939,NA,NA,NA,NA,NA,NA,NA,NA,NA,NA,NA   NA   NA   NA,NA   NA   NA   NA
SHR_2016-09-19 09:27:00,9/19/2016 9:27,SHR,2016,A,FALSE,CLR,NA,NA,19.28,1.1,128,143,7.52,9.61,8,10,Low,291982,297000,5018,5018,33.01399696,33.01399696,1,NA,NA,Aquatic Non-Insects,152,Class,Turbellaria,Other Turbellaria,NotDetermined,4,0.121,0.121,NA,NA,NA,NA,NA,NA,NA,NA,NA,NA,NA   NA   NA   NA,NA   NA   NA   NA
SHR_2016-09-19 09:27:00,9/19/2016 9:27,SHR,2016,A,FALSE,CLR,NA,NA,19.28,1.1,128,143,7.52,9.61,8,10,Low,291982,297000,5018,5018,33.01399696,33.01399696,1,NA,NA,Terrestrial Insects,71,Order,Hemiptera,Hemiptera,Adults,266,8.057,8.057,NA,NA,NA,NA,NA,NA,NA,NA,NA,NA,NA   NA   NA   NA,NA   NA   NA   NA
SHR_2016-09-19 09:27:00,9/19/2016 9:27,SHR,2016,A,FALSE,CLR,NA,NA,19.28,1.1,128,143,7.52,9.61,8,10,Low,291982,297000,5018,5018,33.01399696,33.01399696,1,NA,NA,Terrestrial Insects,63,Order,Coleoptera,Coleoptera,Adults,17,0.515,0.515,NA,NA,NA,NA,NA,NA,NA,NA,NA,NA,NA   NA   NA   NA,NA   NA   NA   NA
SHR_2016-09-19 09:27:00,9/19/2016 9:27,SHR,2016,A,FALSE,CLR,NA,NA,19.28,1.1,128,143,7.52,9.61,8,10,Low,291982,297000,5018,5018,33.01399696,33.01399696,1,NA,NA,Terrestrial Insects,64,Order,Diptera,Diptera,Adults,270,8.178,8.178,NA,NA,NA,NA,NA,NA,NA,NA,NA,NA,NA   NA   NA   NA,NA   NA   NA   NA
SHR_2016-09-19 09:27:00,9/19/2016 9:27,SHR,2016,A,FALSE,CLR,NA,NA,19.28,1.1,128,143,7.52,9.61,8,10,Low,291982,297000,5018,5018,33.01399696,33.01399696,1,NA,NA,Terrestrial Insects,66,Order,Hymenoptera,Hymenoptera,Adults,31,0.939,0.939,NA,NA,NA,NA,NA,NA,NA,NA,NA,NA,NA   NA   NA   NA,NA   NA   NA   NA
SHR_2016-09-19 09:27:00,9/19/2016 9:27,SHR,2016,A,FALSE,CLR,NA,NA,19.28,1.1,128,143,7.52,9.61,8,10,Low,291982,297000,5018,5018,33.01399696,33.01399696,1,NA,NA,Terrestrial Insects,67,Order,Psocoptera,Psocoptera,Adults,2,0.061,0.061,NA,NA,NA,NA,NA,NA,NA,NA,NA,NA,NA   NA   NA   NA,NA   NA   NA   NA
SHR_2016-09-19 09:27:00,9/19/2016 9:27,SHR,2016,A,FALSE,CLR,NA,NA,19.28,1.1,128,143,7.52,9.61,8,10,Low,291982,297000,5018,5018,33.01399696,33.01399696,1,NA,NA,Terrestrial Insects,85,Order,Thysanoptera,Thysanoptera,Adults,1,0.03,0.03,NA,NA,NA,NA,NA,NA,NA,NA,NA,NA,NA   NA   NA   NA,NA   NA   NA   NA
SHR_2016-09-19 09:27:00,9/19/2016 9:27,SHR,2016,A,FALSE,CLR,NA,NA,19.28,1.1,128,143,7.52,9.61,8,10,Low,291982,297000,5018,5018,33.01399696,33.01399696,1,NA,NA,Terrestrial Non-Insects,157,Order,Araneae,Araneae,NotDetermined,15,0.454,0.454,NA,NA,NA,NA,NA,NA,NA,NA,NA,NA,NA   NA   NA   NA,NA   NA   NA   NA
SHR_2016-09-19 09:27:00,9/19/2016 9:27,SHR,2016,A,FALSE,CLR,NA,NA,19.28,1.1,128,143,7.52,9.61,8,10,Low,291982,297000,5018,5018,33.01399696,33.01399696,1,NA,NA,Aquatic Insects,30,Family,Dytiscidae,Dytiscidae,Adults,9,0.273,0.273,NA,NA,NA,NA,NA,NA,NA,NA,NA,NA,NA   NA   NA   NA,NA   NA   NA   NA
STTD_2016-09-20 11:15:00,9/20/2016 11:15,STTD,2016,A,FALSE,CLR,NA,NA,22.67,0.23,199,204,7.79,8.74,30.3,10,Low,288825,292000,3175,3175,20.88868879,20.88868879,1,Ebb tide from RSTR,NA,Aquatic Insects,46,Family,Coenagrionidae,Coenagrionidae,Larvae,1,0.048,0.048,NA,NA,NA,NA,NA,NA,NA,NA,NA,NA,NA   NA   NA   NA,NA   NA   NA   NA
STTD_2016-09-20 11:15:00,9/20/2016 11:15,STTD,2016,A,FALSE,CLR,NA,NA,22.67,0.23,199,204,7.79,8.74,30.3,10,Low,288825,292000,3175,3175,20.88868879,20.88868879,1,Ebb tide from RSTR,NA,Aquatic Insects,34,Family,Chironomidae,Chironomidae,Larvae,2,0.096,0.096,NA,NA,NA,NA,NA,NA,NA,NA,NA,NA,NA   NA   NA   NA,NA   NA   NA   NA
STTD_2016-09-20 11:15:00,9/20/2016 11:15,STTD,2016,A,FALSE,CLR,NA,NA,22.67,0.23,199,204,7.79,8.74,30.3,10,Low,288825,292000,3175,3175,20.88868879,20.88868879,1,Ebb tide from RSTR,NA,Terrestrial Insects,71,Order,Hemiptera,Hemiptera,Adults,153,7.325,7.325,NA,NA,NA,NA,NA,NA,NA,NA,NA,NA,NA   NA   NA   NA,NA   NA   NA   NA
STTD_2016-09-20 11:15:00,9/20/2016 11:15,STTD,2016,A,FALSE,CLR,NA,NA,22.67,0.23,199,204,7.79,8.74,30.3,10,Low,288825,292000,3175,3175,20.88868879,20.88868879,1,Ebb tide from RSTR,NA,Terrestrial Insects,63,Order,Coleoptera,Coleoptera,Larvae,2,0.096,0.096,NA,NA,NA,NA,NA,NA,NA,NA,NA,NA,NA   NA   NA   NA,NA   NA   NA   NA
STTD_2016-09-20 11:15:00,9/20/2016 11:15,STTD,2016,A,FALSE,CLR,NA,NA,22.67,0.23,199,204,7.79,8.74,30.3,10,Low,288825,292000,3175,3175,20.88868879,20.88868879,1,Ebb tide from RSTR,NA,Terrestrial Insects,63,Order,Coleoptera,Coleoptera,Adults,4,0.191,0.191,NA,NA,NA,NA,NA,NA,NA,NA,NA,NA,NA   NA   NA   NA,NA   NA   NA   NA
STTD_2016-09-20 11:15:00,9/20/2016 11:15,STTD,2016,A,FALSE,CLR,NA,NA,22.67,0.23,199,204,7.79,8.74,30.3,10,Low,288825,292000,3175,3175,20.88868879,20.88868879,1,Ebb tide from RSTR,NA,Terrestrial Insects,64,Order,Diptera,Diptera,Adults,7,0.335,0.335,NA,NA,NA,NA,NA,NA,NA,NA,NA,NA,NA   NA   NA   NA,NA   NA   NA   NA
STTD_2016-09-20 11:15:00,9/20/2016 11:15,STTD,2016,A,FALSE,CLR,NA,NA,22.67,0.23,199,204,7.79,8.74,30.3,10,Low,288825,292000,3175,3175,20.88868879,20.88868879,1,Ebb tide from RSTR,NA,Terrestrial Insects,66,Order,Hymenoptera,Hymenoptera,Adults,5,0.239,0.239,NA,NA,NA,NA,NA,NA,NA,NA,NA,NA,NA   NA   NA   NA,NA   NA   NA   NA
STTD_2016-09-20 11:15:00,9/20/2016 11:15,STTD,2016,A,FALSE,CLR,NA,NA,22.67,0.23,199,204,7.79,8.74,30.3,10,Low,288825,292000,3175,3175,20.88868879,20.88868879,1,Ebb tide from RSTR,NA,Terrestrial Insects,85,Order,Thysanoptera,Thysanoptera,Adults,2,0.096,0.096,NA,NA,NA,NA,NA,NA,NA,NA,NA,NA,NA   NA   NA   NA,NA   NA   NA   NA
STTD_2016-09-20 11:15:00,9/20/2016 11:15,STTD,2016,A,FALSE,CLR,NA,NA,22.67,0.23,199,204,7.79,8.74,30.3,10,Low,288825,292000,3175,3175,20.88868879,20.88868879,1,Ebb tide from RSTR,NA,Aquatic Non-Insects,176,Order,Tanaidacea,Tanaidacea,NotDetermined,1,0.048,0.048,NA,NA,NA,NA,NA,NA,NA,NA,NA,NA,NA   NA   NA   NA,NA   NA   NA   NA
STTD_2016-10-04 11:33:00,10/4/2016 11:33,STTD,2017,W,FALSE,CLR,NA,NA,16.3,0.23,166,199,7.23,8.33,35.6,10,Low,286374,289000,2626,2626,17.27675488,17.27675488,1,ebb tide from RSTR,NA,Aquatic Insects,46,Family,Coenagrionidae,Coenagrionidae,Larvae,2,0.116,0.116,NA,NA,NA,NA,NA,NA,NA,NA,NA,NA,NA   NA   NA   NA,NA   NA   NA   NA
STTD_2016-10-04 11:33:00,10/4/2016 11:33,STTD,2017,W,FALSE,CLR,NA,NA,16.3,0.23,166,199,7.23,8.33,35.6,10,Low,286374,289000,2626,2626,17.27675488,17.27675488,1,ebb tide from RSTR,NA,Aquatic Insects,34,Family,Chironomidae,Chironomidae,Larvae,1,0.058,0.058,NA,NA,NA,NA,NA,NA,NA,NA,NA,NA,NA   NA   NA   NA,NA   NA   NA   NA
STTD_2016-10-04 11:33:00,10/4/2016 11:33,STTD,2017,W,FALSE,CLR,NA,NA,16.3,0.23,166,199,7.23,8.33,35.6,10,Low,286374,289000,2626,2626,17.27675488,17.27675488,1,ebb tide from RSTR,NA,Aquatic Insects,34,Family,Chironomidae,Chironomidae,Pupae,1,0.058,0.058,NA,NA,NA,NA,NA,NA,NA,NA,NA,NA,NA   NA   NA   NA,NA   NA   NA   NA
STTD_2016-10-04 11:33:00,10/4/2016 11:33,STTD,2017,W,FALSE,CLR,NA,NA,16.3,0.23,166,199,7.23,8.33,35.6,10,Low,286374,289000,2626,2626,17.27675488,17.27675488,1,ebb tide from RSTR,NA,Aquatic Non-Insects,15,Family,Hyalellidae,Hyalellidae,NotDetermined,1,0.058,0.058,NA,NA,NA,NA,NA,NA,NA,NA,NA,NA,NA   NA   NA   NA,NA   NA   NA   NA
STTD_2016-10-04 11:33:00,10/4/2016 11:33,STTD,2017,W,FALSE,CLR,NA,NA,16.3,0.23,166,199,7.23,8.33,35.6,10,Low,286374,289000,2626,2626,17.27675488,17.27675488,1,ebb tide from RSTR,NA,Terrestrial Insects,71,Order,Hemiptera,Hemiptera,Adults,241,13.949,13.949,NA,NA,NA,NA,NA,NA,NA,NA,NA,NA,NA   NA   NA   NA,NA   NA   NA   NA
STTD_2016-10-04 11:33:00,10/4/2016 11:33,STTD,2017,W,FALSE,CLR,NA,NA,16.3,0.23,166,199,7.23,8.33,35.6,10,Low,286374,289000,2626,2626,17.27675488,17.27675488,1,ebb tide from RSTR,NA,Terrestrial Insects,63,Order,Coleoptera,Coleoptera,Larvae,2,0.116,0.116,NA,NA,NA,NA,NA,NA,NA,NA,NA,NA,NA   NA   NA   NA,NA   NA   NA   NA
STTD_2016-10-04 11:33:00,10/4/2016 11:33,STTD,2017,W,FALSE,CLR,NA,NA,16.3,0.23,166,199,7.23,8.33,35.6,10,Low,286374,289000,2626,2626,17.27675488,17.27675488,1,ebb tide from RSTR,NA,Terrestrial Insects,63,Order,Coleoptera,Coleoptera,Adults,5,0.289,0.289,NA,NA,NA,NA,NA,NA,NA,NA,NA,NA,NA   NA   NA   NA,NA   NA   NA   NA
STTD_2016-10-04 11:33:00,10/4/2016 11:33,STTD,2017,W,FALSE,CLR,NA,NA,16.3,0.23,166,199,7.23,8.33,35.6,10,Low,286374,289000,2626,2626,17.27675488,17.27675488,1,ebb tide from RSTR,NA,Terrestrial Insects,64,Order,Diptera,Diptera,Adults,14,0.81,0.81,NA,NA,NA,NA,NA,NA,NA,NA,NA,NA,NA   NA   NA   NA,NA   NA   NA   NA
STTD_2016-10-04 11:33:00,10/4/2016 11:33,STTD,2017,W,FALSE,CLR,NA,NA,16.3,0.23,166,199,7.23,8.33,35.6,10,Low,286374,289000,2626,2626,17.27675488,17.27675488,1,ebb tide from RSTR,NA,Terrestrial Insects,73,Order,Lepidoptera,Lepidoptera,Larvae,1,0.058,0.058,NA,NA,NA,NA,NA,NA,NA,NA,NA,NA,NA   NA   NA   NA,NA   NA   NA   NA
STTD_2016-10-04 11:33:00,10/4/2016 11:33,STTD,2017,W,FALSE,CLR,NA,NA,16.3,0.23,166,199,7.23,8.33,35.6,10,Low,286374,289000,2626,2626,17.27675488,17.27675488,1,ebb tide from RSTR,NA,Terrestrial Insects,66,Order,Hymenoptera,Hymenoptera,Adults,2,0.116,0.116,NA,NA,NA,NA,NA,NA,NA,NA,NA,NA,NA   NA   NA   NA,NA   NA   NA   NA
STTD_2016-10-04 11:33:00,10/4/2016 11:33,STTD,2017,W,FALSE,CLR,NA,NA,16.3,0.23,166,199,7.23,8.33,35.6,10,Low,286374,289000,2626,2626,17.27675488,17.27675488,1,ebb tide from RSTR,NA,Terrestrial Insects,85,Order,Thysanoptera,Thysanoptera,Adults,3,0.174,0.174,NA,NA,NA,NA,NA,NA,NA,NA,NA,NA,NA   NA   NA   NA,NA   NA   NA   NA
STTD_2016-10-04 11:33:00,10/4/2016 11:33,STTD,2017,W,FALSE,CLR,NA,NA,16.3,0.23,166,199,7.23,8.33,35.6,10,Low,286374,289000,2626,2626,17.27675488,17.27675488,1,ebb tide from RSTR,NA,Terrestrial Non-Insects,157,Order,Araneae,Araneae,NotDetermined,1,0.058,0.058,NA,NA,NA,NA,NA,NA,NA,NA,NA,NA,NA   NA   NA   NA,NA   NA   NA   NA
SHR_2016-10-05 10:25:00,10/5/2016 10:25,SHR,2017,W,FALSE,CLR,NA,NA,16.04,2.1,94,113,7.68,10.15,4.6,10,Low,281951,286000,4049,4049,26.63883493,26.63883493,1,motor boat used,NA,Aquatic Insects,34,Family,Chironomidae,Chironomidae,Pupae,1,0.038,0.038,NA,NA,NA,NA,NA,NA,NA,NA,NA,NA,NA   NA   NA   NA,NA   NA   NA   NA
SHR_2016-10-05 10:25:00,10/5/2016 10:25,SHR,2017,W,FALSE,CLR,NA,NA,16.04,2.1,94,113,7.68,10.15,4.6,10,Low,281951,286000,4049,4049,26.63883493,26.63883493,1,motor boat used,NA,Aquatic Non-Insects,4,Family,Naididae,Naididae,NotDetermined,1,0.038,0.038,NA,NA,NA,NA,NA,NA,NA,NA,NA,NA,NA   NA   NA   NA,NA   NA   NA   NA
SHR_2016-10-05 10:25:00,10/5/2016 10:25,SHR,2017,W,FALSE,CLR,NA,NA,16.04,2.1,94,113,7.68,10.15,4.6,10,Low,281951,286000,4049,4049,26.63883493,26.63883493,1,motor boat used,NA,Aquatic Non-Insects,15,Family,Hyalellidae,Hyalellidae,NotDetermined,3,0.113,0.113,NA,NA,NA,NA,NA,NA,NA,NA,NA,NA,NA   NA   NA   NA,NA   NA   NA   NA
SHR_2016-10-05 10:25:00,10/5/2016 10:25,SHR,2017,W,FALSE,CLR,NA,NA,16.04,2.1,94,113,7.68,10.15,4.6,10,Low,281951,286000,4049,4049,26.63883493,26.63883493,1,motor boat used,NA,Aquatic Non-Insects,77,Family,Hygrobatidae,Hygrobatidae,NotDetermined,1,0.038,0.038,NA,NA,NA,NA,NA,NA,NA,NA,NA,NA,NA   NA   NA   NA,NA   NA   NA   NA
SHR_2016-10-05 10:25:00,10/5/2016 10:25,SHR,2017,W,FALSE,CLR,NA,NA,16.04,2.1,94,113,7.68,10.15,4.6,10,Low,281951,286000,4049,4049,26.63883493,26.63883493,1,motor boat used,NA,Terrestrial Insects,71,Order,Hemiptera,Hemiptera,Adults,12,0.45,0.45,NA,NA,NA,NA,NA,NA,NA,NA,NA,NA,NA   NA   NA   NA,NA   NA   NA   NA
SHR_2016-10-05 10:25:00,10/5/2016 10:25,SHR,2017,W,FALSE,CLR,NA,NA,16.04,2.1,94,113,7.68,10.15,4.6,10,Low,281951,286000,4049,4049,26.63883493,26.63883493,1,motor boat used,NA,Terrestrial Insects,64,Order,Diptera,Diptera,Adults,8,0.3,0.3,NA,NA,NA,NA,NA,NA,NA,NA,NA,NA,NA   NA   NA   NA,NA   NA   NA   NA
SHR_2016-10-05 10:25:00,10/5/2016 10:25,SHR,2017,W,FALSE,CLR,NA,NA,16.04,2.1,94,113,7.68,10.15,4.6,10,Low,281951,286000,4049,4049,26.63883493,26.63883493,1,motor boat used,NA,Terrestrial Insects,73,Order,Lepidoptera,Lepidoptera,Larvae,2,0.075,0.075,NA,NA,NA,NA,NA,NA,NA,NA,NA,NA,NA   NA   NA   NA,NA   NA   NA   NA
SHR_2016-10-05 10:25:00,10/5/2016 10:25,SHR,2017,W,FALSE,CLR,NA,NA,16.04,2.1,94,113,7.68,10.15,4.6,10,Low,281951,286000,4049,4049,26.63883493,26.63883493,1,motor boat used,NA,Terrestrial Insects,66,Order,Hymenoptera,Hymenoptera,Adults,1,0.038,0.038,NA,NA,NA,NA,NA,NA,NA,NA,NA,NA,NA   NA   NA   NA,NA   NA   NA   NA
STTD_2016-10-18 09:13:00,10/18/2016 9:13,STTD,2017,W,FALSE,CLR,NA,NA,17.03,0.3,153,180,7.35,8.81,27.7,10,Low,278709,282000,3291,3291,21.65186608,21.65186608,1,NA,NA,Aquatic Insects,46,Family,Coenagrionidae,Coenagrionidae,Larvae,2,0.092,0.092,NA,NA,NA,NA,NA,NA,NA,NA,NA,NA,NA   NA   NA   NA,NA   NA   NA   NA
STTD_2016-10-18 09:13:00,10/18/2016 9:13,STTD,2017,W,FALSE,CLR,NA,NA,17.03,0.3,153,180,7.35,8.81,27.7,10,Low,278709,282000,3291,3291,21.65186608,21.65186608,1,NA,NA,Aquatic Insects,44,Family,Corixidae,Corixidae,Larvae,1,0.046,0.046,NA,NA,NA,NA,NA,NA,NA,NA,NA,NA,NA   NA   NA   NA,NA   NA   NA   NA
STTD_2016-10-18 09:13:00,10/18/2016 9:13,STTD,2017,W,FALSE,CLR,NA,NA,17.03,0.3,153,180,7.35,8.81,27.7,10,Low,278709,282000,3291,3291,21.65186608,21.65186608,1,NA,NA,Aquatic Insects,34,Family,Chironomidae,Chironomidae,Larvae,1,0.046,0.046,NA,NA,NA,NA,NA,NA,NA,NA,NA,NA,NA   NA   NA   NA,NA   NA   NA   NA
STTD_2016-10-18 09:13:00,10/18/2016 9:13,STTD,2017,W,FALSE,CLR,NA,NA,17.03,0.3,153,180,7.35,8.81,27.7,10,Low,278709,282000,3291,3291,21.65186608,21.65186608,1,NA,NA,Aquatic Non-Insects,4,Family,Naididae,Naididae,NotDetermined,1,0.046,0.046,NA,NA,NA,NA,NA,NA,NA,NA,NA,NA,NA   NA   NA   NA,NA   NA   NA   NA
STTD_2016-10-18 09:13:00,10/18/2016 9:13,STTD,2017,W,FALSE,CLR,NA,NA,17.03,0.3,153,180,7.35,8.81,27.7,10,Low,278709,282000,3291,3291,21.65186608,21.65186608,1,NA,NA,Aquatic Non-Insects,18,Family,Hydridae,Hydridae,NotDetermined,1,0.046,0.046,NA,NA,NA,NA,NA,NA,NA,NA,NA,NA,NA   NA   NA   NA,NA   NA   NA   NA
STTD_2016-10-18 09:13:00,10/18/2016 9:13,STTD,2017,W,FALSE,CLR,NA,NA,17.03,0.3,153,180,7.35,8.81,27.7,10,Low,278709,282000,3291,3291,21.65186608,21.65186608,1,NA,NA,Terrestrial Insects,71,Order,Hemiptera,Hemiptera,Adults,44,2.032,2.032,NA,NA,NA,NA,NA,NA,NA,NA,NA,NA,NA   NA   NA   NA,NA   NA   NA   NA
STTD_2016-10-18 09:13:00,10/18/2016 9:13,STTD,2017,W,FALSE,CLR,NA,NA,17.03,0.3,153,180,7.35,8.81,27.7,10,Low,278709,282000,3291,3291,21.65186608,21.65186608,1,NA,NA,Terrestrial Insects,63,Order,Coleoptera,Coleoptera,Adults,5,0.231,0.231,NA,NA,NA,NA,NA,NA,NA,NA,NA,NA,NA   NA   NA   NA,NA   NA   NA   NA
STTD_2016-10-18 09:13:00,10/18/2016 9:13,STTD,2017,W,FALSE,CLR,NA,NA,17.03,0.3,153,180,7.35,8.81,27.7,10,Low,278709,282000,3291,3291,21.65186608,21.65186608,1,NA,NA,Terrestrial Insects,64,Order,Diptera,Diptera,Adults,13,0.6,0.6,NA,NA,NA,NA,NA,NA,NA,NA,NA,NA,NA   NA   NA   NA,NA   NA   NA   NA
STTD_2016-10-18 09:13:00,10/18/2016 9:13,STTD,2017,W,FALSE,CLR,NA,NA,17.03,0.3,153,180,7.35,8.81,27.7,10,Low,278709,282000,3291,3291,21.65186608,21.65186608,1,NA,NA,Terrestrial Non-Insects,68,Order,Collembola,Collembola,NotDetermined,1,0.046,0.046,NA,NA,NA,NA,NA,NA,NA,NA,NA,NA,NA   NA   NA   NA,NA   NA   NA   NA
STTD_2016-10-18 09:13:00,10/18/2016 9:13,STTD,2017,W,FALSE,CLR,NA,NA,17.03,0.3,153,180,7.35,8.81,27.7,10,Low,278709,282000,3291,3291,21.65186608,21.65186608,1,NA,NA,Terrestrial Insects,66,Order,Hymenoptera,Hymenoptera,Adults,3,0.139,0.139,NA,NA,NA,NA,NA,NA,NA,NA,NA,NA,NA   NA   NA   NA,NA   NA   NA   NA
STTD_2016-10-18 09:13:00,10/18/2016 9:13,STTD,2017,W,FALSE,CLR,NA,NA,17.03,0.3,153,180,7.35,8.81,27.7,10,Low,278709,282000,3291,3291,21.65186608,21.65186608,1,NA,NA,Terrestrial Insects,85,Order,Thysanoptera,Thysanoptera,Adults,3,0.139,0.139,NA,NA,NA,NA,NA,NA,NA,NA,NA,NA,NA   NA   NA   NA,NA   NA   NA   NA
SHR_2016-10-19 10:30:00,10/19/2016 10:30,SHR,2017,W,FALSE,CLR,NA,NA,15.6,1.7,98,117,7.17,9.77,5.24,10,Low,275175,279000,3825,3825,25.16511327,25.16511327,1,MOTOR BOAT USED,NA,Aquatic Insects,44,Family,Corixidae,Corixidae,Larvae,1,0.04,0.04,NA,NA,NA,NA,NA,NA,NA,NA,NA,NA,NA   NA   NA   NA,NA   NA   NA   NA
SHR_2016-10-19 10:30:00,10/19/2016 10:30,SHR,2017,W,FALSE,CLR,NA,NA,15.6,1.7,98,117,7.17,9.77,5.24,10,Low,275175,279000,3825,3825,25.16511327,25.16511327,1,MOTOR BOAT USED,NA,Aquatic Insects,34,Family,Chironomidae,Chironomidae,Pupae,4,0.159,0.159,NA,NA,NA,NA,NA,NA,NA,NA,NA,NA,NA   NA   NA   NA,NA   NA   NA   NA
SHR_2016-10-19 10:30:00,10/19/2016 10:30,SHR,2017,W,FALSE,CLR,NA,NA,15.6,1.7,98,117,7.17,9.77,5.24,10,Low,275175,279000,3825,3825,25.16511327,25.16511327,1,MOTOR BOAT USED,NA,Aquatic Non-Insects,4,Family,Naididae,Naididae,NotDetermined,1,0.04,0.04,NA,NA,NA,NA,NA,NA,NA,NA,NA,NA,NA   NA   NA   NA,NA   NA   NA   NA
SHR_2016-10-19 10:30:00,10/19/2016 10:30,SHR,2017,W,FALSE,CLR,NA,NA,15.6,1.7,98,117,7.17,9.77,5.24,10,Low,275175,279000,3825,3825,25.16511327,25.16511327,1,MOTOR BOAT USED,NA,Aquatic Non-Insects,9,Family,Corophiidae,Corophiidae,NotDetermined,1,0.04,0.04,NA,NA,NA,NA,NA,NA,NA,NA,NA,NA,NA   NA   NA   NA,NA   NA   NA   NA
SHR_2016-10-19 10:30:00,10/19/2016 10:30,SHR,2017,W,FALSE,CLR,NA,NA,15.6,1.7,98,117,7.17,9.77,5.24,10,Low,275175,279000,3825,3825,25.16511327,25.16511327,1,MOTOR BOAT USED,NA,Aquatic Non-Insects,15,Family,Hyalellidae,Hyalellidae,NotDetermined,1,0.04,0.04,NA,NA,NA,NA,NA,NA,NA,NA,NA,NA,NA   NA   NA   NA,NA   NA   NA   NA
SHR_2016-10-19 10:30:00,10/19/2016 10:30,SHR,2017,W,FALSE,CLR,NA,NA,15.6,1.7,98,117,7.17,9.77,5.24,10,Low,275175,279000,3825,3825,25.16511327,25.16511327,1,MOTOR BOAT USED,NA,Terrestrial Insects,71,Order,Hemiptera,Hemiptera,Adults,9,0.358,0.358,NA,NA,NA,NA,NA,NA,NA,NA,NA,NA,NA   NA   NA   NA,NA   NA   NA   NA
SHR_2016-10-19 10:30:00,10/19/2016 10:30,SHR,2017,W,FALSE,CLR,NA,NA,15.6,1.7,98,117,7.17,9.77,5.24,10,Low,275175,279000,3825,3825,25.16511327,25.16511327,1,MOTOR BOAT USED,NA,Terrestrial Insects,64,Order,Diptera,Diptera,Adults,17,0.676,0.676,NA,NA,NA,NA,NA,NA,NA,NA,NA,NA,NA   NA   NA   NA,NA   NA   NA   NA
SHR_2016-10-19 10:30:00,10/19/2016 10:30,SHR,2017,W,FALSE,CLR,NA,NA,15.6,1.7,98,117,7.17,9.77,5.24,10,Low,275175,279000,3825,3825,25.16511327,25.16511327,1,MOTOR BOAT USED,NA,Terrestrial Non-Insects,157,Order,Araneae,Araneae,NotDetermined,3,0.119,0.119,NA,NA,NA,NA,NA,NA,NA,NA,NA,NA,NA   NA   NA   NA,NA   NA   NA   NA
SHR_2016-10-19 10:30:00,10/19/2016 10:30,SHR,2017,W,FALSE,CLR,NA,NA,15.6,1.7,98,117,7.17,9.77,5.24,10,Low,275175,279000,3825,3825,25.16511327,25.16511327,1,MOTOR BOAT USED,NA,Aquatic Insects,30,Family,Dytiscidae,Dytiscidae,Adults,3,0.119,0.119,NA,NA,NA,NA,NA,NA,NA,NA,NA,NA,NA   NA   NA   NA,NA   NA   NA   NA
SHR_2016-11-01 10:00:00,11/1/2016 10:00,SHR,2017,W,FALSE,CLR,NA,NA,15.1,0.81,130.9,161.5,7.42,8.72,7.6,10,Low,267151,272000,4849,4849,31.90212659,31.90212659,1,boat motor used,NA,Aquatic Insects,56,Family,Leptoceridae,Leptoceridae,Larvae,7,0.219,0.219,NA,NA,NA,NA,NA,NA,NA,NA,NA,NA,NA   NA   NA   NA,NA   NA   NA   NA
SHR_2016-11-01 10:00:00,11/1/2016 10:00,SHR,2017,W,FALSE,CLR,NA,NA,15.1,0.81,130.9,161.5,7.42,8.72,7.6,10,Low,267151,272000,4849,4849,31.90212659,31.90212659,1,boat motor used,NA,Aquatic Insects,159,Order,Trichoptera,Trichoptera,Adults,1,0.031,0.031,NA,NA,NA,NA,NA,NA,NA,NA,NA,NA,NA   NA   NA   NA,NA   NA   NA   NA
SHR_2016-11-01 10:00:00,11/1/2016 10:00,SHR,2017,W,FALSE,CLR,NA,NA,15.1,0.81,130.9,161.5,7.42,8.72,7.6,10,Low,267151,272000,4849,4849,31.90212659,31.90212659,1,boat motor used,NA,Aquatic Insects,46,Family,Coenagrionidae,Coenagrionidae,Larvae,1,0.031,0.031,NA,NA,NA,NA,NA,NA,NA,NA,NA,NA,NA   NA   NA   NA,NA   NA   NA   NA
SHR_2016-11-01 10:00:00,11/1/2016 10:00,SHR,2017,W,FALSE,CLR,NA,NA,15.1,0.81,130.9,161.5,7.42,8.72,7.6,10,Low,267151,272000,4849,4849,31.90212659,31.90212659,1,boat motor used,NA,Aquatic Insects,44,Family,Corixidae,Corixidae,Larvae,3,0.094,0.094,NA,NA,NA,NA,NA,NA,NA,NA,NA,NA,NA   NA   NA   NA,NA   NA   NA   NA
SHR_2016-11-01 10:00:00,11/1/2016 10:00,SHR,2017,W,FALSE,CLR,NA,NA,15.1,0.81,130.9,161.5,7.42,8.72,7.6,10,Low,267151,272000,4849,4849,31.90212659,31.90212659,1,boat motor used,NA,Aquatic Insects,34,Family,Chironomidae,Chironomidae,Larvae,7,0.219,0.219,NA,NA,NA,NA,NA,NA,NA,NA,NA,NA,NA   NA   NA   NA,NA   NA   NA   NA
SHR_2016-11-01 10:00:00,11/1/2016 10:00,SHR,2017,W,FALSE,CLR,NA,NA,15.1,0.81,130.9,161.5,7.42,8.72,7.6,10,Low,267151,272000,4849,4849,31.90212659,31.90212659,1,boat motor used,NA,Aquatic Insects,34,Family,Chironomidae,Chironomidae,Pupae,2,0.063,0.063,NA,NA,NA,NA,NA,NA,NA,NA,NA,NA,NA   NA   NA   NA,NA   NA   NA   NA
SHR_2016-11-01 10:00:00,11/1/2016 10:00,SHR,2017,W,FALSE,CLR,NA,NA,15.1,0.81,130.9,161.5,7.42,8.72,7.6,10,Low,267151,272000,4849,4849,31.90212659,31.90212659,1,boat motor used,NA,Aquatic Insects,37,Family,Psychodidae,Psychodidae,Pupae,1,0.031,0.031,NA,NA,NA,NA,NA,NA,NA,NA,NA,NA,NA   NA   NA   NA,NA   NA   NA   NA
SHR_2016-11-01 10:00:00,11/1/2016 10:00,SHR,2017,W,FALSE,CLR,NA,NA,15.1,0.81,130.9,161.5,7.42,8.72,7.6,10,Low,267151,272000,4849,4849,31.90212659,31.90212659,1,boat motor used,NA,Aquatic Non-Insects,20,Family,Physidae,Physidae,NotDetermined,2,0.063,0.063,NA,NA,NA,NA,NA,NA,NA,NA,NA,NA,NA   NA   NA   NA,NA   NA   NA   NA
SHR_2016-11-01 10:00:00,11/1/2016 10:00,SHR,2017,W,FALSE,CLR,NA,NA,15.1,0.81,130.9,161.5,7.42,8.72,7.6,10,Low,267151,272000,4849,4849,31.90212659,31.90212659,1,boat motor used,NA,Aquatic Non-Insects,21,Family,Planorbidae,Planorbidae,NotDetermined,5,0.157,0.157,NA,NA,NA,NA,NA,NA,NA,NA,NA,NA,NA   NA   NA   NA,NA   NA   NA   NA
SHR_2016-11-01 10:00:00,11/1/2016 10:00,SHR,2017,W,FALSE,CLR,NA,NA,15.1,0.81,130.9,161.5,7.42,8.72,7.6,10,Low,267151,272000,4849,4849,31.90212659,31.90212659,1,boat motor used,NA,Aquatic Non-Insects,15,Family,Hyalellidae,Hyalellidae,NotDetermined,10,0.313,0.313,NA,NA,NA,NA,NA,NA,NA,NA,NA,NA,NA   NA   NA   NA,NA   NA   NA   NA
SHR_2016-11-01 10:00:00,11/1/2016 10:00,SHR,2017,W,FALSE,CLR,NA,NA,15.1,0.81,130.9,161.5,7.42,8.72,7.6,10,Low,267151,272000,4849,4849,31.90212659,31.90212659,1,boat motor used,NA,Aquatic Non-Insects,28,Family,Lebertiidae,Lebertiidae,NotDetermined,4,0.125,0.125,NA,NA,NA,NA,NA,NA,NA,NA,NA,NA,NA   NA   NA   NA,NA   NA   NA   NA
SHR_2016-11-01 10:00:00,11/1/2016 10:00,SHR,2017,W,FALSE,CLR,NA,NA,15.1,0.81,130.9,161.5,7.42,8.72,7.6,10,Low,267151,272000,4849,4849,31.90212659,31.90212659,1,boat motor used,NA,Aquatic Non-Insects,120,Family,Lebertiidae,Lebertiidae,NotDetermined,4,0.125,0.125,NA,NA,NA,NA,NA,NA,NA,NA,NA,NA,NA   NA   NA   NA,NA   NA   NA   NA
SHR_2016-11-01 10:00:00,11/1/2016 10:00,SHR,2017,W,FALSE,CLR,NA,NA,15.1,0.81,130.9,161.5,7.42,8.72,7.6,10,Low,267151,272000,4849,4849,31.90212659,31.90212659,1,boat motor used,NA,Aquatic Non-Insects,152,Class,Turbellaria,Other Turbellaria,NotDetermined,3,0.094,0.094,NA,NA,NA,NA,NA,NA,NA,NA,NA,NA,NA   NA   NA   NA,NA   NA   NA   NA
SHR_2016-11-01 10:00:00,11/1/2016 10:00,SHR,2017,W,FALSE,CLR,NA,NA,15.1,0.81,130.9,161.5,7.42,8.72,7.6,10,Low,267151,272000,4849,4849,31.90212659,31.90212659,1,boat motor used,NA,Terrestrial Insects,71,Order,Hemiptera,Hemiptera,Adults,27,0.846,0.846,NA,NA,NA,NA,NA,NA,NA,NA,NA,NA,NA   NA   NA   NA,NA   NA   NA   NA
SHR_2016-11-01 10:00:00,11/1/2016 10:00,SHR,2017,W,FALSE,CLR,NA,NA,15.1,0.81,130.9,161.5,7.42,8.72,7.6,10,Low,267151,272000,4849,4849,31.90212659,31.90212659,1,boat motor used,NA,Terrestrial Insects,63,Order,Coleoptera,Coleoptera,Larvae,2,0.063,0.063,NA,NA,NA,NA,NA,NA,NA,NA,NA,NA,NA   NA   NA   NA,NA   NA   NA   NA
SHR_2016-11-01 10:00:00,11/1/2016 10:00,SHR,2017,W,FALSE,CLR,NA,NA,15.1,0.81,130.9,161.5,7.42,8.72,7.6,10,Low,267151,272000,4849,4849,31.90212659,31.90212659,1,boat motor used,NA,Terrestrial Insects,63,Order,Coleoptera,Coleoptera,Adults,7,0.219,0.219,NA,NA,NA,NA,NA,NA,NA,NA,NA,NA,NA   NA   NA   NA,NA   NA   NA   NA
SHR_2016-11-01 10:00:00,11/1/2016 10:00,SHR,2017,W,FALSE,CLR,NA,NA,15.1,0.81,130.9,161.5,7.42,8.72,7.6,10,Low,267151,272000,4849,4849,31.90212659,31.90212659,1,boat motor used,NA,Terrestrial Insects,64,Order,Diptera,Diptera,Larvae,1,0.031,0.031,NA,NA,NA,NA,NA,NA,NA,NA,NA,NA,NA   NA   NA   NA,NA   NA   NA   NA
SHR_2016-11-01 10:00:00,11/1/2016 10:00,SHR,2017,W,FALSE,CLR,NA,NA,15.1,0.81,130.9,161.5,7.42,8.72,7.6,10,Low,267151,272000,4849,4849,31.90212659,31.90212659,1,boat motor used,NA,Terrestrial Insects,64,Order,Diptera,Diptera,Pupae,2,0.063,0.063,NA,NA,NA,NA,NA,NA,NA,NA,NA,NA,NA   NA   NA   NA,NA   NA   NA   NA
SHR_2016-11-01 10:00:00,11/1/2016 10:00,SHR,2017,W,FALSE,CLR,NA,NA,15.1,0.81,130.9,161.5,7.42,8.72,7.6,10,Low,267151,272000,4849,4849,31.90212659,31.90212659,1,boat motor used,NA,Terrestrial Insects,64,Order,Diptera,Diptera,Adults,18,0.564,0.564,NA,NA,NA,NA,NA,NA,NA,NA,NA,NA,NA   NA   NA   NA,NA   NA   NA   NA
SHR_2016-11-01 10:00:00,11/1/2016 10:00,SHR,2017,W,FALSE,CLR,NA,NA,15.1,0.81,130.9,161.5,7.42,8.72,7.6,10,Low,267151,272000,4849,4849,31.90212659,31.90212659,1,boat motor used,NA,Terrestrial Insects,73,Order,Lepidoptera,Lepidoptera,Larvae,1,0.031,0.031,NA,NA,NA,NA,NA,NA,NA,NA,NA,NA,NA   NA   NA   NA,NA   NA   NA   NA
SHR_2016-11-01 10:00:00,11/1/2016 10:00,SHR,2017,W,FALSE,CLR,NA,NA,15.1,0.81,130.9,161.5,7.42,8.72,7.6,10,Low,267151,272000,4849,4849,31.90212659,31.90212659,1,boat motor used,NA,Terrestrial Non-Insects,68,Order,Collembola,Collembola,NotDetermined,1,0.031,0.031,NA,NA,NA,NA,NA,NA,NA,NA,NA,NA,NA   NA   NA   NA,NA   NA   NA   NA
SHR_2016-11-01 10:00:00,11/1/2016 10:00,SHR,2017,W,FALSE,CLR,NA,NA,15.1,0.81,130.9,161.5,7.42,8.72,7.6,10,Low,267151,272000,4849,4849,31.90212659,31.90212659,1,boat motor used,NA,Terrestrial Insects,66,Order,Hymenoptera,Hymenoptera,Larvae,1,0.031,0.031,NA,NA,NA,NA,NA,NA,NA,NA,NA,NA,NA   NA   NA   NA,NA   NA   NA   NA
SHR_2016-11-01 10:00:00,11/1/2016 10:00,SHR,2017,W,FALSE,CLR,NA,NA,15.1,0.81,130.9,161.5,7.42,8.72,7.6,10,Low,267151,272000,4849,4849,31.90212659,31.90212659,1,boat motor used,NA,Terrestrial Insects,66,Order,Hymenoptera,Hymenoptera,Adults,8,0.251,0.251,NA,NA,NA,NA,NA,NA,NA,NA,NA,NA,NA   NA   NA   NA,NA   NA   NA   NA
SHR_2016-11-01 10:00:00,11/1/2016 10:00,SHR,2017,W,FALSE,CLR,NA,NA,15.1,0.81,130.9,161.5,7.42,8.72,7.6,10,Low,267151,272000,4849,4849,31.90212659,31.90212659,1,boat motor used,NA,Terrestrial Insects,85,Order,Thysanoptera,Thysanoptera,Adults,3,0.094,0.094,NA,NA,NA,NA,NA,NA,NA,NA,NA,NA,NA   NA   NA   NA,NA   NA   NA   NA
SHR_2016-11-01 10:00:00,11/1/2016 10:00,SHR,2017,W,FALSE,CLR,NA,NA,15.1,0.81,130.9,161.5,7.42,8.72,7.6,10,Low,267151,272000,4849,4849,31.90212659,31.90212659,1,boat motor used,NA,Terrestrial Non-Insects,157,Order,Araneae,Araneae,NotDetermined,2,0.063,0.063,NA,NA,NA,NA,NA,NA,NA,NA,NA,NA,NA   NA   NA   NA,NA   NA   NA   NA
SHR_2016-11-01 10:00:00,11/1/2016 10:00,SHR,2017,W,FALSE,CLR,NA,NA,15.1,0.81,130.9,161.5,7.42,8.72,7.6,10,Low,267151,272000,4849,4849,31.90212659,31.90212659,1,boat motor used,NA,Aquatic Insects,30,Family,Dytiscidae,Dytiscidae,Adults,23,0.721,0.721,NA,NA,NA,NA,NA,NA,NA,NA,NA,NA,NA   NA   NA   NA,NA   NA   NA   NA
SHR_2016-11-01 10:00:00,11/1/2016 10:00,SHR,2017,W,FALSE,CLR,NA,NA,15.1,0.81,130.9,161.5,7.42,8.72,7.6,10,Low,267151,272000,4849,4849,31.90212659,31.90212659,1,boat motor used,NA,Aquatic Insects,52,Family,Hydraenidae,Hydraenidae,Adults,1,0.031,0.031,NA,NA,NA,NA,NA,NA,NA,NA,NA,NA,NA   NA   NA   NA,NA   NA   NA   NA
STTD_2016-11-14 09:00:00,11/14/2016 9:00,STTD,2017,W,FALSE,CLR,NA,NA,16.7,0.77,197,234,7.99,8.29,11.1,10,Low,263969,267000,3031,3031,19.94129629,19.94129629,1,ebb tide from screw trap,NA,Aquatic Non-Insects,106,Family,Lymnaeidae,Lymnaeidae,NotDetermined,1,0.05,0.05,NA,NA,NA,NA,NA,NA,NA,NA,NA,NA,NA   NA   NA   NA,NA   NA   NA   NA
STTD_2016-11-14 09:00:00,11/14/2016 9:00,STTD,2017,W,FALSE,CLR,NA,NA,16.7,0.77,197,234,7.99,8.29,11.1,10,Low,263969,267000,3031,3031,19.94129629,19.94129629,1,ebb tide from screw trap,NA,Aquatic Non-Insects,21,Family,Planorbidae,Planorbidae,NotDetermined,2,0.1,0.1,NA,NA,NA,NA,NA,NA,NA,NA,NA,NA,NA   NA   NA   NA,NA   NA   NA   NA
STTD_2016-11-14 09:00:00,11/14/2016 9:00,STTD,2017,W,FALSE,CLR,NA,NA,16.7,0.77,197,234,7.99,8.29,11.1,10,Low,263969,267000,3031,3031,19.94129629,19.94129629,1,ebb tide from screw trap,NA,Aquatic Non-Insects,104,Family,Palaemonidae,Palaemonidae,NotDetermined,1,0.05,0.05,NA,NA,NA,NA,NA,NA,NA,NA,NA,NA,NA   NA   NA   NA,NA   NA   NA   NA
STTD_2016-11-14 09:00:00,11/14/2016 9:00,STTD,2017,W,FALSE,CLR,NA,NA,16.7,0.77,197,234,7.99,8.29,11.1,10,Low,263969,267000,3031,3031,19.94129629,19.94129629,1,ebb tide from screw trap,NA,Terrestrial Insects,71,Order,Hemiptera,Hemiptera,Larvae,2,0.1,0.1,NA,NA,NA,NA,NA,NA,NA,NA,NA,NA,NA   NA   NA   NA,NA   NA   NA   NA
STTD_2016-11-14 09:00:00,11/14/2016 9:00,STTD,2017,W,FALSE,CLR,NA,NA,16.7,0.77,197,234,7.99,8.29,11.1,10,Low,263969,267000,3031,3031,19.94129629,19.94129629,1,ebb tide from screw trap,NA,Terrestrial Insects,64,Order,Diptera,Diptera,Adults,7,0.351,0.351,NA,NA,NA,NA,NA,NA,NA,NA,NA,NA,NA   NA   NA   NA,NA   NA   NA   NA
STTD_2016-11-14 09:00:00,11/14/2016 9:00,STTD,2017,W,FALSE,CLR,NA,NA,16.7,0.77,197,234,7.99,8.29,11.1,10,Low,263969,267000,3031,3031,19.94129629,19.94129629,1,ebb tide from screw trap,NA,Terrestrial Non-Insects,68,Order,Collembola,Collembola,NotDetermined,6,0.301,0.301,NA,NA,NA,NA,NA,NA,NA,NA,NA,NA,NA   NA   NA   NA,NA   NA   NA   NA
SHR_2016-11-18 09:47:00,11/18/2016 9:47,SHR,2017,W,FALSE,CLR,NA,NA,13.2,1.3,133,172,7.67,9.45,4.7,10,Low,259154,264000,4846,4846,31.88238925,31.88238925,1,flooding. Jet boat used,NA,Aquatic Insects,56,Family,Leptoceridae,Leptoceridae,Larvae,1,0.031,0.031,NA,NA,NA,NA,NA,NA,NA,NA,NA,NA,NA   NA   NA   NA,NA   NA   NA   NA
SHR_2016-11-18 09:47:00,11/18/2016 9:47,SHR,2017,W,FALSE,CLR,NA,NA,13.2,1.3,133,172,7.67,9.45,4.7,10,Low,259154,264000,4846,4846,31.88238925,31.88238925,1,flooding. Jet boat used,NA,Aquatic Insects,159,Order,Trichoptera,Trichoptera,Adults,2,0.063,0.063,NA,NA,NA,NA,NA,NA,NA,NA,NA,NA,NA   NA   NA   NA,NA   NA   NA   NA
SHR_2016-11-18 09:47:00,11/18/2016 9:47,SHR,2017,W,FALSE,CLR,NA,NA,13.2,1.3,133,172,7.67,9.45,4.7,10,Low,259154,264000,4846,4846,31.88238925,31.88238925,1,flooding. Jet boat used,NA,Aquatic Insects,46,Family,Coenagrionidae,Coenagrionidae,Larvae,1,0.031,0.031,NA,NA,NA,NA,NA,NA,NA,NA,NA,NA,NA   NA   NA   NA,NA   NA   NA   NA
SHR_2016-11-18 09:47:00,11/18/2016 9:47,SHR,2017,W,FALSE,CLR,NA,NA,13.2,1.3,133,172,7.67,9.45,4.7,10,Low,259154,264000,4846,4846,31.88238925,31.88238925,1,flooding. Jet boat used,NA,Aquatic Insects,34,Family,Chironomidae,Chironomidae,Larvae,1,0.031,0.031,NA,NA,NA,NA,NA,NA,NA,NA,NA,NA,NA   NA   NA   NA,NA   NA   NA   NA
SHR_2016-11-18 09:47:00,11/18/2016 9:47,SHR,2017,W,FALSE,CLR,NA,NA,13.2,1.3,133,172,7.67,9.45,4.7,10,Low,259154,264000,4846,4846,31.88238925,31.88238925,1,flooding. Jet boat used,NA,Aquatic Non-Insects,106,Family,Lymnaeidae,Lymnaeidae,NotDetermined,1,0.031,0.031,NA,NA,NA,NA,NA,NA,NA,NA,NA,NA,NA   NA   NA   NA,NA   NA   NA   NA
SHR_2016-11-18 09:47:00,11/18/2016 9:47,SHR,2017,W,FALSE,CLR,NA,NA,13.2,1.3,133,172,7.67,9.45,4.7,10,Low,259154,264000,4846,4846,31.88238925,31.88238925,1,flooding. Jet boat used,NA,Aquatic Non-Insects,20,Family,Physidae,Physidae,NotDetermined,2,0.063,0.063,NA,NA,NA,NA,NA,NA,NA,NA,NA,NA,NA   NA   NA   NA,NA   NA   NA   NA
SHR_2016-11-18 09:47:00,11/18/2016 9:47,SHR,2017,W,FALSE,CLR,NA,NA,13.2,1.3,133,172,7.67,9.45,4.7,10,Low,259154,264000,4846,4846,31.88238925,31.88238925,1,flooding. Jet boat used,NA,Aquatic Non-Insects,10,Family,Crangonyctidae,Crangonyctidae,NotDetermined,1,0.031,0.031,NA,NA,NA,NA,NA,NA,NA,NA,NA,NA,NA   NA   NA   NA,NA   NA   NA   NA
SHR_2016-11-18 09:47:00,11/18/2016 9:47,SHR,2017,W,FALSE,CLR,NA,NA,13.2,1.3,133,172,7.67,9.45,4.7,10,Low,259154,264000,4846,4846,31.88238925,31.88238925,1,flooding. Jet boat used,NA,Aquatic Non-Insects,15,Family,Hyalellidae,Hyalellidae,NotDetermined,3,0.094,0.094,NA,NA,NA,NA,NA,NA,NA,NA,NA,NA,NA   NA   NA   NA,NA   NA   NA   NA
SHR_2016-11-18 09:47:00,11/18/2016 9:47,SHR,2017,W,FALSE,CLR,NA,NA,13.2,1.3,133,172,7.67,9.45,4.7,10,Low,259154,264000,4846,4846,31.88238925,31.88238925,1,flooding. Jet boat used,NA,Aquatic Non-Insects,28,Family,Lebertiidae,Lebertiidae,NotDetermined,1,0.031,0.031,NA,NA,NA,NA,NA,NA,NA,NA,NA,NA,NA   NA   NA   NA,NA   NA   NA   NA
SHR_2016-11-18 09:47:00,11/18/2016 9:47,SHR,2017,W,FALSE,CLR,NA,NA,13.2,1.3,133,172,7.67,9.45,4.7,10,Low,259154,264000,4846,4846,31.88238925,31.88238925,1,flooding. Jet boat used,NA,Aquatic Non-Insects,120,Family,Lebertiidae,Lebertiidae,NotDetermined,1,0.031,0.031,NA,NA,NA,NA,NA,NA,NA,NA,NA,NA,NA   NA   NA   NA,NA   NA   NA   NA
SHR_2016-11-18 09:47:00,11/18/2016 9:47,SHR,2017,W,FALSE,CLR,NA,NA,13.2,1.3,133,172,7.67,9.45,4.7,10,Low,259154,264000,4846,4846,31.88238925,31.88238925,1,flooding. Jet boat used,NA,Terrestrial Insects,71,Order,Hemiptera,Hemiptera,Adults,2,0.063,0.063,NA,NA,NA,NA,NA,NA,NA,NA,NA,NA,NA   NA   NA   NA,NA   NA   NA   NA
SHR_2016-11-18 09:47:00,11/18/2016 9:47,SHR,2017,W,FALSE,CLR,NA,NA,13.2,1.3,133,172,7.67,9.45,4.7,10,Low,259154,264000,4846,4846,31.88238925,31.88238925,1,flooding. Jet boat used,NA,Terrestrial Insects,64,Order,Diptera,Diptera,Adults,16,0.502,0.502,NA,NA,NA,NA,NA,NA,NA,NA,NA,NA,NA   NA   NA   NA,NA   NA   NA   NA
SHR_2016-11-18 09:47:00,11/18/2016 9:47,SHR,2017,W,FALSE,CLR,NA,NA,13.2,1.3,133,172,7.67,9.45,4.7,10,Low,259154,264000,4846,4846,31.88238925,31.88238925,1,flooding. Jet boat used,NA,Aquatic Insects,30,Family,Dytiscidae,Dytiscidae,Adults,2,0.063,0.063,NA,NA,NA,NA,NA,NA,NA,NA,NA,NA,NA   NA   NA   NA,NA   NA   NA   NA
SHR_2016-11-18 09:47:00,11/18/2016 9:47,SHR,2017,W,FALSE,CLR,NA,NA,13.2,1.3,133,172,7.67,9.45,4.7,10,Low,259154,264000,4846,4846,31.88238925,31.88238925,1,flooding. Jet boat used,NA,Aquatic Non-Insects,1,Family,Glossiphoniidae,Glossiphoniidae,NotDetermined,1,0.031,0.031,NA,NA,NA,NA,NA,NA,NA,NA,NA,NA,NA   NA   NA   NA,NA   NA   NA   NA
STTD_2016-11-28 09:28:00,11/28/2016 9:28,STTD,2017,W,FALSE,CLD,NA,NA,12.1,0.54,280,371,7.79,8.67,12.9,10,Low,258710,260000,1290,1290,8.487057807,8.487057807,1,Lots of brown-looking algae,NA,Aquatic Insects,34,Family,Chironomidae,Chironomidae,Larvae,5,0.589,0.589,NA,NA,NA,NA,NA,NA,NA,NA,NA,NA,NA   NA   NA   NA,NA   NA   NA   NA
STTD_2016-11-28 09:28:00,11/28/2016 9:28,STTD,2017,W,FALSE,CLD,NA,NA,12.1,0.54,280,371,7.79,8.67,12.9,10,Low,258710,260000,1290,1290,8.487057807,8.487057807,1,Lots of brown-looking algae,NA,Aquatic Non-Insects,4,Family,Naididae,Naididae,NotDetermined,1,0.118,0.118,NA,NA,NA,NA,NA,NA,NA,NA,NA,NA,NA   NA   NA   NA,NA   NA   NA   NA
STTD_2016-11-28 09:28:00,11/28/2016 9:28,STTD,2017,W,FALSE,CLD,NA,NA,12.1,0.54,280,371,7.79,8.67,12.9,10,Low,258710,260000,1290,1290,8.487057807,8.487057807,1,Lots of brown-looking algae,NA,Aquatic Non-Insects,21,Family,Planorbidae,Planorbidae,NotDetermined,1,0.118,0.118,NA,NA,NA,NA,NA,NA,NA,NA,NA,NA,NA   NA   NA   NA,NA   NA   NA   NA
STTD_2016-11-28 09:28:00,11/28/2016 9:28,STTD,2017,W,FALSE,CLD,NA,NA,12.1,0.54,280,371,7.79,8.67,12.9,10,Low,258710,260000,1290,1290,8.487057807,8.487057807,1,Lots of brown-looking algae,NA,Aquatic Non-Insects,18,Family,Hydridae,Hydridae,NotDetermined,1,0.118,0.118,NA,NA,NA,NA,NA,NA,NA,NA,NA,NA,NA   NA   NA   NA,NA   NA   NA   NA
STTD_2016-11-28 09:28:00,11/28/2016 9:28,STTD,2017,W,FALSE,CLD,NA,NA,12.1,0.54,280,371,7.79,8.67,12.9,10,Low,258710,260000,1290,1290,8.487057807,8.487057807,1,Lots of brown-looking algae,NA,Terrestrial Insects,64,Order,Diptera,Diptera,Adults,1,0.118,0.118,NA,NA,NA,NA,NA,NA,NA,NA,NA,NA,NA   NA   NA   NA,NA   NA   NA   NA
STTD_2016-11-28 09:28:00,11/28/2016 9:28,STTD,2017,W,FALSE,CLD,NA,NA,12.1,0.54,280,371,7.79,8.67,12.9,10,Low,258710,260000,1290,1290,8.487057807,8.487057807,1,Lots of brown-looking algae,NA,Terrestrial Non-Insects,157,Order,Araneae,Araneae,NotDetermined,1,0.118,0.118,NA,NA,NA,NA,NA,NA,NA,NA,NA,NA,NA   NA   NA   NA,NA   NA   NA   NA
STTD_2016-11-28 09:28:00,11/28/2016 9:28,STTD,2017,W,FALSE,CLD,NA,NA,12.1,0.54,280,371,7.79,8.67,12.9,10,Low,258710,260000,1290,1290,8.487057807,8.487057807,1,Lots of brown-looking algae,NA,Aquatic Non-Insects,177,Subclass,Copepoda,Copepod,NotDetermined,1,0.118,0.118,NA,NA,NA,NA,NA,NA,NA,NA,NA,NA,NA   NA   NA   NA,NA   NA   NA   NA
SHR_2016-11-29 10:15:00,11/29/2016 10:15,SHR,2017,W,FALSE,CLD,NA,1,10.3,0.75,115,161,7.42,10.07,12.6,10,Low,254121,259000,4879,4879,32.09950003,32.09950003,1,ebb tide; jet boat used,NA,Aquatic Insects,46,Family,Coenagrionidae,Coenagrionidae,Larvae,1,0.031,0.031,NA,NA,NA,NA,NA,NA,NA,NA,NA,NA,NA   NA   NA   NA,NA   NA   NA   NA
SHR_2016-11-29 10:15:00,11/29/2016 10:15,SHR,2017,W,FALSE,CLD,NA,1,10.3,0.75,115,161,7.42,10.07,12.6,10,Low,254121,259000,4879,4879,32.09950003,32.09950003,1,ebb tide; jet boat used,NA,Aquatic Insects,44,Family,Corixidae,Corixidae,Larvae,20,0.623,0.623,NA,NA,NA,NA,NA,NA,NA,NA,NA,NA,NA   NA   NA   NA,NA   NA   NA   NA
SHR_2016-11-29 10:15:00,11/29/2016 10:15,SHR,2017,W,FALSE,CLD,NA,1,10.3,0.75,115,161,7.42,10.07,12.6,10,Low,254121,259000,4879,4879,32.09950003,32.09950003,1,ebb tide; jet boat used,NA,Aquatic Non-Insects,21,Family,Planorbidae,Planorbidae,NotDetermined,2,0.062,0.062,NA,NA,NA,NA,NA,NA,NA,NA,NA,NA,NA   NA   NA   NA,NA   NA   NA   NA
SHR_2016-11-29 10:15:00,11/29/2016 10:15,SHR,2017,W,FALSE,CLD,NA,1,10.3,0.75,115,161,7.42,10.07,12.6,10,Low,254121,259000,4879,4879,32.09950003,32.09950003,1,ebb tide; jet boat used,NA,Aquatic Non-Insects,169,Suborder,Cladocera,Cladoceran,NotDetermined,1,0.031,0.031,NA,NA,NA,NA,NA,NA,NA,NA,NA,NA,NA   NA   NA   NA,NA   NA   NA   NA
SHR_2016-11-29 10:15:00,11/29/2016 10:15,SHR,2017,W,FALSE,CLD,NA,1,10.3,0.75,115,161,7.42,10.07,12.6,10,Low,254121,259000,4879,4879,32.09950003,32.09950003,1,ebb tide; jet boat used,NA,Aquatic Non-Insects,9,Family,Corophiidae,Corophiidae,NotDetermined,1,0.031,0.031,NA,NA,NA,NA,NA,NA,NA,NA,NA,NA,NA   NA   NA   NA,NA   NA   NA   NA
SHR_2016-11-29 10:15:00,11/29/2016 10:15,SHR,2017,W,FALSE,CLD,NA,1,10.3,0.75,115,161,7.42,10.07,12.6,10,Low,254121,259000,4879,4879,32.09950003,32.09950003,1,ebb tide; jet boat used,NA,Aquatic Non-Insects,15,Family,Hyalellidae,Hyalellidae,NotDetermined,7,0.218,0.218,NA,NA,NA,NA,NA,NA,NA,NA,NA,NA,NA   NA   NA   NA,NA   NA   NA   NA
SHR_2016-11-29 10:15:00,11/29/2016 10:15,SHR,2017,W,FALSE,CLD,NA,1,10.3,0.75,115,161,7.42,10.07,12.6,10,Low,254121,259000,4879,4879,32.09950003,32.09950003,1,ebb tide; jet boat used,NA,Aquatic Non-Insects,28,Family,Lebertiidae,Lebertiidae,NotDetermined,4,0.125,0.125,NA,NA,NA,NA,NA,NA,NA,NA,NA,NA,NA   NA   NA   NA,NA   NA   NA   NA
SHR_2016-11-29 10:15:00,11/29/2016 10:15,SHR,2017,W,FALSE,CLD,NA,1,10.3,0.75,115,161,7.42,10.07,12.6,10,Low,254121,259000,4879,4879,32.09950003,32.09950003,1,ebb tide; jet boat used,NA,Aquatic Non-Insects,120,Family,Lebertiidae,Lebertiidae,NotDetermined,4,0.125,0.125,NA,NA,NA,NA,NA,NA,NA,NA,NA,NA,NA   NA   NA   NA,NA   NA   NA   NA
SHR_2016-11-29 10:15:00,11/29/2016 10:15,SHR,2017,W,FALSE,CLD,NA,1,10.3,0.75,115,161,7.42,10.07,12.6,10,Low,254121,259000,4879,4879,32.09950003,32.09950003,1,ebb tide; jet boat used,NA,Terrestrial Insects,71,Order,Hemiptera,Hemiptera,Larvae,2,0.062,0.062,NA,NA,NA,NA,NA,NA,NA,NA,NA,NA,NA   NA   NA   NA,NA   NA   NA   NA
SHR_2016-11-29 10:15:00,11/29/2016 10:15,SHR,2017,W,FALSE,CLD,NA,1,10.3,0.75,115,161,7.42,10.07,12.6,10,Low,254121,259000,4879,4879,32.09950003,32.09950003,1,ebb tide; jet boat used,NA,Terrestrial Insects,71,Order,Hemiptera,Hemiptera,Adults,2,0.062,0.062,NA,NA,NA,NA,NA,NA,NA,NA,NA,NA,NA   NA   NA   NA,NA   NA   NA   NA
SHR_2016-11-29 10:15:00,11/29/2016 10:15,SHR,2017,W,FALSE,CLD,NA,1,10.3,0.75,115,161,7.42,10.07,12.6,10,Low,254121,259000,4879,4879,32.09950003,32.09950003,1,ebb tide; jet boat used,NA,Terrestrial Insects,63,Order,Coleoptera,Coleoptera,Larvae,2,0.062,0.062,NA,NA,NA,NA,NA,NA,NA,NA,NA,NA,NA   NA   NA   NA,NA   NA   NA   NA
SHR_2016-11-29 10:15:00,11/29/2016 10:15,SHR,2017,W,FALSE,CLD,NA,1,10.3,0.75,115,161,7.42,10.07,12.6,10,Low,254121,259000,4879,4879,32.09950003,32.09950003,1,ebb tide; jet boat used,NA,Terrestrial Insects,63,Order,Coleoptera,Coleoptera,Adults,5,0.156,0.156,NA,NA,NA,NA,NA,NA,NA,NA,NA,NA,NA   NA   NA   NA,NA   NA   NA   NA
SHR_2016-11-29 10:15:00,11/29/2016 10:15,SHR,2017,W,FALSE,CLD,NA,1,10.3,0.75,115,161,7.42,10.07,12.6,10,Low,254121,259000,4879,4879,32.09950003,32.09950003,1,ebb tide; jet boat used,NA,Terrestrial Insects,64,Order,Diptera,Diptera,Pupae,2,0.062,0.062,NA,NA,NA,NA,NA,NA,NA,NA,NA,NA,NA   NA   NA   NA,NA   NA   NA   NA
SHR_2016-11-29 10:15:00,11/29/2016 10:15,SHR,2017,W,FALSE,CLD,NA,1,10.3,0.75,115,161,7.42,10.07,12.6,10,Low,254121,259000,4879,4879,32.09950003,32.09950003,1,ebb tide; jet boat used,NA,Terrestrial Insects,64,Order,Diptera,Diptera,Adults,16,0.498,0.498,NA,NA,NA,NA,NA,NA,NA,NA,NA,NA,NA   NA   NA   NA,NA   NA   NA   NA
SHR_2016-11-29 10:15:00,11/29/2016 10:15,SHR,2017,W,FALSE,CLD,NA,1,10.3,0.75,115,161,7.42,10.07,12.6,10,Low,254121,259000,4879,4879,32.09950003,32.09950003,1,ebb tide; jet boat used,NA,Terrestrial Non-Insects,68,Order,Collembola,Collembola,NotDetermined,1,0.031,0.031,NA,NA,NA,NA,NA,NA,NA,NA,NA,NA,NA   NA   NA   NA,NA   NA   NA   NA
SHR_2016-11-29 10:15:00,11/29/2016 10:15,SHR,2017,W,FALSE,CLD,NA,1,10.3,0.75,115,161,7.42,10.07,12.6,10,Low,254121,259000,4879,4879,32.09950003,32.09950003,1,ebb tide; jet boat used,NA,Terrestrial Insects,66,Order,Hymenoptera,Hymenoptera,Adults,4,0.125,0.125,NA,NA,NA,NA,NA,NA,NA,NA,NA,NA,NA   NA   NA   NA,NA   NA   NA   NA
SHR_2016-11-29 10:15:00,11/29/2016 10:15,SHR,2017,W,FALSE,CLD,NA,1,10.3,0.75,115,161,7.42,10.07,12.6,10,Low,254121,259000,4879,4879,32.09950003,32.09950003,1,ebb tide; jet boat used,NA,Terrestrial Non-Insects,126,Class,Gastropoda,Gastropoda,NotDetermined,1,0.031,0.031,NA,NA,NA,NA,NA,NA,NA,NA,NA,NA,NA   NA   NA   NA,NA   NA   NA   NA
SHR_2016-11-29 10:15:00,11/29/2016 10:15,SHR,2017,W,FALSE,CLD,NA,1,10.3,0.75,115,161,7.42,10.07,12.6,10,Low,254121,259000,4879,4879,32.09950003,32.09950003,1,ebb tide; jet boat used,NA,Terrestrial Non-Insects,57,Subclass,Acari,Acari,NotDetermined,1,0.031,0.031,NA,NA,NA,NA,NA,NA,NA,NA,NA,NA,NA   NA   NA   NA,NA   NA   NA   NA
SHR_2016-11-29 10:15:00,11/29/2016 10:15,SHR,2017,W,FALSE,CLD,NA,1,10.3,0.75,115,161,7.42,10.07,12.6,10,Low,254121,259000,4879,4879,32.09950003,32.09950003,1,ebb tide; jet boat used,NA,Aquatic Non-Insects,177,Subclass,Copepoda,Copepod,NotDetermined,1,0.031,0.031,NA,NA,NA,NA,NA,NA,NA,NA,NA,NA,NA   NA   NA   NA,NA   NA   NA   NA
SHR_2016-12-14 08:28:00,12/14/2016 8:28,SHR,2017,W,TRUE,CLD,NA,1,10,0.16,76,106.5,7.27,10.12,73.5,10,Low,246006,250000,3994,3994,26.27698363,26.27698363,1,High flow by SHR harbor dock,NA,Aquatic Insects,107,Family,Leptohyphidae,Leptohyphidae,Larvae,1,0.038,0.038,NA,NA,NA,NA,NA,NA,NA,NA,NA,NA,NA   NA   NA   NA,NA   NA   NA   NA
SHR_2016-12-14 08:28:00,12/14/2016 8:28,SHR,2017,W,TRUE,CLD,NA,1,10,0.16,76,106.5,7.27,10.12,73.5,10,Low,246006,250000,3994,3994,26.27698363,26.27698363,1,High flow by SHR harbor dock,NA,Aquatic Insects,93,Family,Capniidae,Capniidae,Larvae,1,0.038,0.038,NA,NA,NA,NA,NA,NA,NA,NA,NA,NA,NA   NA   NA   NA,NA   NA   NA   NA
SHR_2016-12-14 08:28:00,12/14/2016 8:28,SHR,2017,W,TRUE,CLD,NA,1,10,0.16,76,106.5,7.27,10.12,73.5,10,Low,246006,250000,3994,3994,26.27698363,26.27698363,1,High flow by SHR harbor dock,NA,Aquatic Insects,46,Family,Coenagrionidae,Coenagrionidae,Larvae,1,0.038,0.038,NA,NA,NA,NA,NA,NA,NA,NA,NA,NA,NA   NA   NA   NA,NA   NA   NA   NA
SHR_2016-12-14 08:28:00,12/14/2016 8:28,SHR,2017,W,TRUE,CLD,NA,1,10,0.16,76,106.5,7.27,10.12,73.5,10,Low,246006,250000,3994,3994,26.27698363,26.27698363,1,High flow by SHR harbor dock,NA,Aquatic Insects,44,Family,Corixidae,Corixidae,Adults,1,0.038,0.038,NA,NA,NA,NA,NA,NA,NA,NA,NA,NA,NA   NA   NA   NA,NA   NA   NA   NA
SHR_2016-12-14 08:28:00,12/14/2016 8:28,SHR,2017,W,TRUE,CLD,NA,1,10,0.16,76,106.5,7.27,10.12,73.5,10,Low,246006,250000,3994,3994,26.27698363,26.27698363,1,High flow by SHR harbor dock,NA,Aquatic Insects,34,Family,Chironomidae,Chironomidae,Larvae,3,0.114,0.114,NA,NA,NA,NA,NA,NA,NA,NA,NA,NA,NA   NA   NA   NA,NA   NA   NA   NA
SHR_2016-12-14 08:28:00,12/14/2016 8:28,SHR,2017,W,TRUE,CLD,NA,1,10,0.16,76,106.5,7.27,10.12,73.5,10,Low,246006,250000,3994,3994,26.27698363,26.27698363,1,High flow by SHR harbor dock,NA,Aquatic Non-Insects,15,Family,Hyalellidae,Hyalellidae,NotDetermined,1,0.038,0.038,NA,NA,NA,NA,NA,NA,NA,NA,NA,NA,NA   NA   NA   NA,NA   NA   NA   NA
SHR_2016-12-14 08:28:00,12/14/2016 8:28,SHR,2017,W,TRUE,CLD,NA,1,10,0.16,76,106.5,7.27,10.12,73.5,10,Low,246006,250000,3994,3994,26.27698363,26.27698363,1,High flow by SHR harbor dock,NA,Aquatic Non-Insects,103,Family,Arrenuridae,Arrenuridae,NotDetermined,1,0.038,0.038,NA,NA,NA,NA,NA,NA,NA,NA,NA,NA,NA   NA   NA   NA,NA   NA   NA   NA
SHR_2016-12-14 08:28:00,12/14/2016 8:28,SHR,2017,W,TRUE,CLD,NA,1,10,0.16,76,106.5,7.27,10.12,73.5,10,Low,246006,250000,3994,3994,26.27698363,26.27698363,1,High flow by SHR harbor dock,NA,Aquatic Non-Insects,77,Family,Hygrobatidae,Hygrobatidae,NotDetermined,1,0.038,0.038,NA,NA,NA,NA,NA,NA,NA,NA,NA,NA,NA   NA   NA   NA,NA   NA   NA   NA
SHR_2016-12-14 08:28:00,12/14/2016 8:28,SHR,2017,W,TRUE,CLD,NA,1,10,0.16,76,106.5,7.27,10.12,73.5,10,Low,246006,250000,3994,3994,26.27698363,26.27698363,1,High flow by SHR harbor dock,NA,Terrestrial Insects,71,Order,Hemiptera,Hemiptera,Adults,1,0.038,0.038,NA,NA,NA,NA,NA,NA,NA,NA,NA,NA,NA   NA   NA   NA,NA   NA   NA   NA
SHR_2016-12-14 08:28:00,12/14/2016 8:28,SHR,2017,W,TRUE,CLD,NA,1,10,0.16,76,106.5,7.27,10.12,73.5,10,Low,246006,250000,3994,3994,26.27698363,26.27698363,1,High flow by SHR harbor dock,NA,Terrestrial Non-Insects,68,Order,Collembola,Collembola,NotDetermined,6,0.228,0.228,NA,NA,NA,NA,NA,NA,NA,NA,NA,NA,NA   NA   NA   NA,NA   NA   NA   NA
SHR_2016-12-14 08:28:00,12/14/2016 8:28,SHR,2017,W,TRUE,CLD,NA,1,10,0.16,76,106.5,7.27,10.12,73.5,10,Low,246006,250000,3994,3994,26.27698363,26.27698363,1,High flow by SHR harbor dock,NA,Terrestrial Insects,66,Order,Hymenoptera,Hymenoptera,Adults,5,0.19,0.19,NA,NA,NA,NA,NA,NA,NA,NA,NA,NA,NA   NA   NA   NA,NA   NA   NA   NA
SHR_2016-12-21 08:16:00,12/21/2016 8:16,SHR,2017,W,TRUE,CLD,NA,1,8.4,0.23,72,105,7.24,10.39,44.1,10,Regular,246000,258119,12119,12119,37.22456251,37.22456251,1,NA,NA,Aquatic Insects,41,Family,Baetidae,Baetidae,Larvae,1,0.027,0.027,NA,NA,NA,NA,NA,NA,NA,NA,NA,NA,NA   NA   NA   NA,NA   NA   NA   NA
SHR_2016-12-21 08:16:00,12/21/2016 8:16,SHR,2017,W,TRUE,CLD,NA,1,8.4,0.23,72,105,7.24,10.39,44.1,10,Regular,246000,258119,12119,12119,37.22456251,37.22456251,1,NA,NA,Aquatic Insects,48,Family,Hydropsychidae,Hydropsychidae,Larvae,1,0.027,0.027,NA,NA,NA,NA,NA,NA,NA,NA,NA,NA,NA   NA   NA   NA,NA   NA   NA   NA
SHR_2016-12-21 08:16:00,12/21/2016 8:16,SHR,2017,W,TRUE,CLD,NA,1,8.4,0.23,72,105,7.24,10.39,44.1,10,Regular,246000,258119,12119,12119,37.22456251,37.22456251,1,NA,NA,Aquatic Insects,56,Family,Leptoceridae,Leptoceridae,Larvae,2,0.054,0.054,NA,NA,NA,NA,NA,NA,NA,NA,NA,NA,NA   NA   NA   NA,NA   NA   NA   NA
SHR_2016-12-21 08:16:00,12/21/2016 8:16,SHR,2017,W,TRUE,CLD,NA,1,8.4,0.23,72,105,7.24,10.39,44.1,10,Regular,246000,258119,12119,12119,37.22456251,37.22456251,1,NA,NA,Aquatic Insects,30,Family,Dytiscidae,Dytiscidae,Adults,1,0.027,0.027,NA,NA,NA,NA,NA,NA,NA,NA,NA,NA,NA   NA   NA   NA,NA   NA   NA   NA
SHR_2016-12-21 08:16:00,12/21/2016 8:16,SHR,2017,W,TRUE,CLD,NA,1,8.4,0.23,72,105,7.24,10.39,44.1,10,Regular,246000,258119,12119,12119,37.22456251,37.22456251,1,NA,NA,Aquatic Insects,34,Family,Chironomidae,Chironomidae,Larvae,1,0.027,0.027,NA,NA,NA,NA,NA,NA,NA,NA,NA,NA,NA   NA   NA   NA,NA   NA   NA   NA
SHR_2016-12-21 08:16:00,12/21/2016 8:16,SHR,2017,W,TRUE,CLD,NA,1,8.4,0.23,72,105,7.24,10.39,44.1,10,Regular,246000,258119,12119,12119,37.22456251,37.22456251,1,NA,NA,Aquatic Insects,34,Family,Chironomidae,Chironomidae,Adults,2,0.054,0.054,NA,NA,NA,NA,NA,NA,NA,NA,NA,NA,NA   NA   NA   NA,NA   NA   NA   NA
SHR_2016-12-21 08:16:00,12/21/2016 8:16,SHR,2017,W,TRUE,CLD,NA,1,8.4,0.23,72,105,7.24,10.39,44.1,10,Regular,246000,258119,12119,12119,37.22456251,37.22456251,1,NA,NA,Aquatic Insects,50,Family,Dixidae,Dixidae,Larvae,1,0.027,0.027,NA,NA,NA,NA,NA,NA,NA,NA,NA,NA,NA   NA   NA   NA,NA   NA   NA   NA
SHR_2016-12-21 08:16:00,12/21/2016 8:16,SHR,2017,W,TRUE,CLD,NA,1,8.4,0.23,72,105,7.24,10.39,44.1,10,Regular,246000,258119,12119,12119,37.22456251,37.22456251,1,NA,NA,Aquatic Non-Insects,21,Family,Planorbidae,Planorbidae,NotDetermined,1,0.027,0.027,NA,NA,NA,NA,NA,NA,NA,NA,NA,NA,NA   NA   NA   NA,NA   NA   NA   NA
SHR_2016-12-21 08:16:00,12/21/2016 8:16,SHR,2017,W,TRUE,CLD,NA,1,8.4,0.23,72,105,7.24,10.39,44.1,10,Regular,246000,258119,12119,12119,37.22456251,37.22456251,1,NA,NA,Terrestrial Non-Insects,157,Order,Araneae,Araneae,NotDetermined,1,0.027,0.027,NA,NA,NA,NA,NA,NA,NA,NA,NA,NA,NA   NA   NA   NA,NA   NA   NA   NA
SHR_2016-12-21 08:16:00,12/21/2016 8:16,SHR,2017,W,TRUE,CLD,NA,1,8.4,0.23,72,105,7.24,10.39,44.1,10,Regular,246000,258119,12119,12119,37.22456251,37.22456251,1,NA,NA,Terrestrial Insects,71,Order,Hemiptera,Hemiptera,Adults,1,0.027,0.027,NA,NA,NA,NA,NA,NA,NA,NA,NA,NA,NA   NA   NA   NA,NA   NA   NA   NA
SHR_2016-12-21 08:16:00,12/21/2016 8:16,SHR,2017,W,TRUE,CLD,NA,1,8.4,0.23,72,105,7.24,10.39,44.1,10,Regular,246000,258119,12119,12119,37.22456251,37.22456251,1,NA,NA,Terrestrial Insects,66,Order,Hymenoptera,Hymenoptera,Adults,11,0.296,0.296,NA,NA,NA,NA,NA,NA,NA,NA,NA,NA,NA   NA   NA   NA,NA   NA   NA   NA
STTD_2016-12-21 13:21:00,12/21/2016 13:21,STTD,2017,W,TRUE,CLR,NA,NA,8.6,0.13,105,153,7.45,8.19,72.2,5,Regular,260000,274039,14039,14039,43.12200949,43.12200949,1,"Overtopping, high flow samples collected from RSTR, shortened set time due to debris.",NA,Aquatic Insects,48,Family,Hydropsychidae,Hydropsychidae,Larvae,1,0.023,0.023,NA,NA,NA,NA,NA,NA,NA,NA,NA,NA,NA   NA   NA   NA,NA   NA   NA   NA
STTD_2016-12-21 13:21:00,12/21/2016 13:21,STTD,2017,W,TRUE,CLR,NA,NA,8.6,0.13,105,153,7.45,8.19,72.2,5,Regular,260000,274039,14039,14039,43.12200949,43.12200949,1,"Overtopping, high flow samples collected from RSTR, shortened set time due to debris.",NA,Aquatic Insects,159,Order,Trichoptera,Trichoptera,Adults,2,0.046,0.046,NA,NA,NA,NA,NA,NA,NA,NA,NA,NA,NA   NA   NA   NA,NA   NA   NA   NA
STTD_2016-12-21 13:21:00,12/21/2016 13:21,STTD,2017,W,TRUE,CLR,NA,NA,8.6,0.13,105,153,7.45,8.19,72.2,5,Regular,260000,274039,14039,14039,43.12200949,43.12200949,1,"Overtopping, high flow samples collected from RSTR, shortened set time due to debris.",NA,Aquatic Insects,44,Family,Corixidae,Corixidae,Larvae,51,1.183,1.183,NA,NA,NA,NA,NA,NA,NA,NA,NA,NA,NA   NA   NA   NA,NA   NA   NA   NA
STTD_2016-12-21 13:21:00,12/21/2016 13:21,STTD,2017,W,TRUE,CLR,NA,NA,8.6,0.13,105,153,7.45,8.19,72.2,5,Regular,260000,274039,14039,14039,43.12200949,43.12200949,1,"Overtopping, high flow samples collected from RSTR, shortened set time due to debris.",NA,Aquatic Insects,44,Family,Corixidae,Corixidae,Adults,25,0.58,0.58,NA,NA,NA,NA,NA,NA,NA,NA,NA,NA,NA   NA   NA   NA,NA   NA   NA   NA
STTD_2016-12-21 13:21:00,12/21/2016 13:21,STTD,2017,W,TRUE,CLR,NA,NA,8.6,0.13,105,153,7.45,8.19,72.2,5,Regular,260000,274039,14039,14039,43.12200949,43.12200949,1,"Overtopping, high flow samples collected from RSTR, shortened set time due to debris.",NA,Aquatic Insects,45,Family,Notonectidae,Notonectidae,Larvae,1,0.023,0.023,NA,NA,NA,NA,NA,NA,NA,NA,NA,NA,NA   NA   NA   NA,NA   NA   NA   NA
STTD_2016-12-21 13:21:00,12/21/2016 13:21,STTD,2017,W,TRUE,CLR,NA,NA,8.6,0.13,105,153,7.45,8.19,72.2,5,Regular,260000,274039,14039,14039,43.12200949,43.12200949,1,"Overtopping, high flow samples collected from RSTR, shortened set time due to debris.",NA,Aquatic Insects,30,Family,Dytiscidae,Dytiscidae,Larvae,1,0.023,0.023,NA,NA,NA,NA,NA,NA,NA,NA,NA,NA,NA   NA   NA   NA,NA   NA   NA   NA
STTD_2016-12-21 13:21:00,12/21/2016 13:21,STTD,2017,W,TRUE,CLR,NA,NA,8.6,0.13,105,153,7.45,8.19,72.2,5,Regular,260000,274039,14039,14039,43.12200949,43.12200949,1,"Overtopping, high flow samples collected from RSTR, shortened set time due to debris.",NA,Aquatic Insects,30,Family,Dytiscidae,Dytiscidae,Adults,176,4.081,4.081,NA,NA,NA,NA,NA,NA,NA,NA,NA,NA,NA   NA   NA   NA,NA   NA   NA   NA
STTD_2016-12-21 13:21:00,12/21/2016 13:21,STTD,2017,W,TRUE,CLR,NA,NA,8.6,0.13,105,153,7.45,8.19,72.2,5,Regular,260000,274039,14039,14039,43.12200949,43.12200949,1,"Overtopping, high flow samples collected from RSTR, shortened set time due to debris.",NA,Aquatic Insects,34,Family,Chironomidae,Chironomidae,Larvae,30,0.696,0.696,NA,NA,NA,NA,NA,NA,NA,NA,NA,NA,NA   NA   NA   NA,NA   NA   NA   NA
STTD_2016-12-21 13:21:00,12/21/2016 13:21,STTD,2017,W,TRUE,CLR,NA,NA,8.6,0.13,105,153,7.45,8.19,72.2,5,Regular,260000,274039,14039,14039,43.12200949,43.12200949,1,"Overtopping, high flow samples collected from RSTR, shortened set time due to debris.",NA,Aquatic Insects,34,Family,Chironomidae,Chironomidae,Pupae,8,0.186,0.186,NA,NA,NA,NA,NA,NA,NA,NA,NA,NA,NA   NA   NA   NA,NA   NA   NA   NA
STTD_2016-12-21 13:21:00,12/21/2016 13:21,STTD,2017,W,TRUE,CLR,NA,NA,8.6,0.13,105,153,7.45,8.19,72.2,5,Regular,260000,274039,14039,14039,43.12200949,43.12200949,1,"Overtopping, high flow samples collected from RSTR, shortened set time due to debris.",NA,Aquatic Insects,34,Family,Chironomidae,Chironomidae,Adults,241,5.589,5.589,NA,NA,NA,NA,NA,NA,NA,NA,NA,NA,NA   NA   NA   NA,NA   NA   NA   NA
STTD_2016-12-21 13:21:00,12/21/2016 13:21,STTD,2017,W,TRUE,CLR,NA,NA,8.6,0.13,105,153,7.45,8.19,72.2,5,Regular,260000,274039,14039,14039,43.12200949,43.12200949,1,"Overtopping, high flow samples collected from RSTR, shortened set time due to debris.",NA,Aquatic Insects,32,Family,Ceratopogonidae,Ceratopogonidae,Pupae,3,0.07,0.07,NA,NA,NA,NA,NA,NA,NA,NA,NA,NA,NA   NA   NA   NA,NA   NA   NA   NA
STTD_2016-12-21 13:21:00,12/21/2016 13:21,STTD,2017,W,TRUE,CLR,NA,NA,8.6,0.13,105,153,7.45,8.19,72.2,5,Regular,260000,274039,14039,14039,43.12200949,43.12200949,1,"Overtopping, high flow samples collected from RSTR, shortened set time due to debris.",NA,Aquatic Insects,49,Family,Culicidae,Culicidae,Larvae,4,0.093,0.093,NA,NA,NA,NA,NA,NA,NA,NA,NA,NA,NA   NA   NA   NA,NA   NA   NA   NA
STTD_2016-12-21 13:21:00,12/21/2016 13:21,STTD,2017,W,TRUE,CLR,NA,NA,8.6,0.13,105,153,7.45,8.19,72.2,5,Regular,260000,274039,14039,14039,43.12200949,43.12200949,1,"Overtopping, high flow samples collected from RSTR, shortened set time due to debris.",NA,Aquatic Insects,49,Family,Culicidae,Culicidae,Pupae,21,0.487,0.487,NA,NA,NA,NA,NA,NA,NA,NA,NA,NA,NA   NA   NA   NA,NA   NA   NA   NA
STTD_2016-12-21 13:21:00,12/21/2016 13:21,STTD,2017,W,TRUE,CLR,NA,NA,8.6,0.13,105,153,7.45,8.19,72.2,5,Regular,260000,274039,14039,14039,43.12200949,43.12200949,1,"Overtopping, high flow samples collected from RSTR, shortened set time due to debris.",NA,Aquatic Insects,35,Family,Empididae,Empididae,Adults,1,0.023,0.023,NA,NA,NA,NA,NA,NA,NA,NA,NA,NA,NA   NA   NA   NA,NA   NA   NA   NA
STTD_2016-12-21 13:21:00,12/21/2016 13:21,STTD,2017,W,TRUE,CLR,NA,NA,8.6,0.13,105,153,7.45,8.19,72.2,5,Regular,260000,274039,14039,14039,43.12200949,43.12200949,1,"Overtopping, high flow samples collected from RSTR, shortened set time due to debris.",NA,Aquatic Insects,37,Family,Psychodidae,Psychodidae,Pupae,47,1.09,1.09,NA,NA,NA,NA,NA,NA,NA,NA,NA,NA,NA   NA   NA   NA,NA   NA   NA   NA
STTD_2016-12-21 13:21:00,12/21/2016 13:21,STTD,2017,W,TRUE,CLR,NA,NA,8.6,0.13,105,153,7.45,8.19,72.2,5,Regular,260000,274039,14039,14039,43.12200949,43.12200949,1,"Overtopping, high flow samples collected from RSTR, shortened set time due to debris.",NA,Aquatic Insects,37,Family,Psychodidae,Psychodidae,Adults,4,0.093,0.093,NA,NA,NA,NA,NA,NA,NA,NA,NA,NA,NA   NA   NA   NA,NA   NA   NA   NA
STTD_2016-12-21 13:21:00,12/21/2016 13:21,STTD,2017,W,TRUE,CLR,NA,NA,8.6,0.13,105,153,7.45,8.19,72.2,5,Regular,260000,274039,14039,14039,43.12200949,43.12200949,1,"Overtopping, high flow samples collected from RSTR, shortened set time due to debris.",NA,Aquatic Insects,54,Family,Sciomyzidae,Sciomyzidae,Larvae,2,0.046,0.046,NA,NA,NA,NA,NA,NA,NA,NA,NA,NA,NA   NA   NA   NA,NA   NA   NA   NA
STTD_2016-12-21 13:21:00,12/21/2016 13:21,STTD,2017,W,TRUE,CLR,NA,NA,8.6,0.13,105,153,7.45,8.19,72.2,5,Regular,260000,274039,14039,14039,43.12200949,43.12200949,1,"Overtopping, high flow samples collected from RSTR, shortened set time due to debris.",NA,Aquatic Insects,39,Family,Tipulidae,Tipulidae,Larvae,3,0.07,0.07,NA,NA,NA,NA,NA,NA,NA,NA,NA,NA,NA   NA   NA   NA,NA   NA   NA   NA
STTD_2016-12-21 13:21:00,12/21/2016 13:21,STTD,2017,W,TRUE,CLR,NA,NA,8.6,0.13,105,153,7.45,8.19,72.2,5,Regular,260000,274039,14039,14039,43.12200949,43.12200949,1,"Overtopping, high flow samples collected from RSTR, shortened set time due to debris.",NA,Aquatic Insects,39,Family,Tipulidae,Tipulidae,Pupae,2,0.046,0.046,NA,NA,NA,NA,NA,NA,NA,NA,NA,NA,NA   NA   NA   NA,NA   NA   NA   NA
STTD_2016-12-21 13:21:00,12/21/2016 13:21,STTD,2017,W,TRUE,CLR,NA,NA,8.6,0.13,105,153,7.45,8.19,72.2,5,Regular,260000,274039,14039,14039,43.12200949,43.12200949,1,"Overtopping, high flow samples collected from RSTR, shortened set time due to debris.",NA,Aquatic Non-Insects,2,Family,Enchytraeidae,Enchytraeidae,NotDetermined,59,1.368,1.368,NA,NA,NA,NA,NA,NA,NA,NA,NA,NA,NA   NA   NA   NA,NA   NA   NA   NA
STTD_2016-12-21 13:21:00,12/21/2016 13:21,STTD,2017,W,TRUE,CLR,NA,NA,8.6,0.13,105,153,7.45,8.19,72.2,5,Regular,260000,274039,14039,14039,43.12200949,43.12200949,1,"Overtopping, high flow samples collected from RSTR, shortened set time due to debris.",NA,Aquatic Non-Insects,4,Family,Naididae,Naididae,NotDetermined,1,0.023,0.023,NA,NA,NA,NA,NA,NA,NA,NA,NA,NA,NA   NA   NA   NA,NA   NA   NA   NA
STTD_2016-12-21 13:21:00,12/21/2016 13:21,STTD,2017,W,TRUE,CLR,NA,NA,8.6,0.13,105,153,7.45,8.19,72.2,5,Regular,260000,274039,14039,14039,43.12200949,43.12200949,1,"Overtopping, high flow samples collected from RSTR, shortened set time due to debris.",NA,Aquatic Non-Insects,20,Family,Physidae,Physidae,NotDetermined,124,2.876,2.876,NA,NA,NA,NA,NA,NA,NA,NA,NA,NA,NA   NA   NA   NA,NA   NA   NA   NA
STTD_2016-12-21 13:21:00,12/21/2016 13:21,STTD,2017,W,TRUE,CLR,NA,NA,8.6,0.13,105,153,7.45,8.19,72.2,5,Regular,260000,274039,14039,14039,43.12200949,43.12200949,1,"Overtopping, high flow samples collected from RSTR, shortened set time due to debris.",NA,Aquatic Non-Insects,169,Suborder,Cladocera,Cladoceran,NotDetermined,4,0.093,0.093,NA,NA,NA,NA,NA,NA,NA,NA,NA,NA,NA   NA   NA   NA,NA   NA   NA   NA
STTD_2016-12-21 13:21:00,12/21/2016 13:21,STTD,2017,W,TRUE,CLR,NA,NA,8.6,0.13,105,153,7.45,8.19,72.2,5,Regular,260000,274039,14039,14039,43.12200949,43.12200949,1,"Overtopping, high flow samples collected from RSTR, shortened set time due to debris.",NA,Aquatic Non-Insects,15,Family,Hyalellidae,Hyalellidae,NotDetermined,5,0.116,0.116,NA,NA,NA,NA,NA,NA,NA,NA,NA,NA,NA   NA   NA   NA,NA   NA   NA   NA
STTD_2016-12-21 13:21:00,12/21/2016 13:21,STTD,2017,W,TRUE,CLR,NA,NA,8.6,0.13,105,153,7.45,8.19,72.2,5,Regular,260000,274039,14039,14039,43.12200949,43.12200949,1,"Overtopping, high flow samples collected from RSTR, shortened set time due to debris.",NA,Aquatic Non-Insects,130,Phylum,Nematoda,Nematoda,NotDetermined,6,0.139,0.139,NA,NA,NA,NA,NA,NA,NA,NA,NA,NA,NA   NA   NA   NA,NA   NA   NA   NA
STTD_2016-12-21 13:21:00,12/21/2016 13:21,STTD,2017,W,TRUE,CLR,NA,NA,8.6,0.13,105,153,7.45,8.19,72.2,5,Regular,260000,274039,14039,14039,43.12200949,43.12200949,1,"Overtopping, high flow samples collected from RSTR, shortened set time due to debris.",NA,Aquatic Non-Insects,17,Species,Gambusia affinis,Western Mosquitofish,NotDetermined,2,0.046,0.046,NA,NA,NA,NA,NA,NA,NA,NA,NA,NA,NA   NA   NA   NA,NA   NA   NA   NA
STTD_2016-12-21 13:21:00,12/21/2016 13:21,STTD,2017,W,TRUE,CLR,NA,NA,8.6,0.13,105,153,7.45,8.19,72.2,5,Regular,260000,274039,14039,14039,43.12200949,43.12200949,1,"Overtopping, high flow samples collected from RSTR, shortened set time due to debris.",NA,Aquatic Non-Insects,152,Class,Turbellaria,Other Turbellaria,NotDetermined,2,0.046,0.046,NA,NA,NA,NA,NA,NA,NA,NA,NA,NA,NA   NA   NA   NA,NA   NA   NA   NA
STTD_2016-12-21 13:21:00,12/21/2016 13:21,STTD,2017,W,TRUE,CLR,NA,NA,8.6,0.13,105,153,7.45,8.19,72.2,5,Regular,260000,274039,14039,14039,43.12200949,43.12200949,1,"Overtopping, high flow samples collected from RSTR, shortened set time due to debris.",NA,Terrestrial Insects,71,Order,Hemiptera,Hemiptera,Adults,215,4.986,4.986,NA,NA,NA,NA,NA,NA,NA,NA,NA,NA,NA   NA   NA   NA,NA   NA   NA   NA
STTD_2016-12-21 13:21:00,12/21/2016 13:21,STTD,2017,W,TRUE,CLR,NA,NA,8.6,0.13,105,153,7.45,8.19,72.2,5,Regular,260000,274039,14039,14039,43.12200949,43.12200949,1,"Overtopping, high flow samples collected from RSTR, shortened set time due to debris.",NA,Terrestrial Insects,63,Order,Coleoptera,Coleoptera,Larvae,17,0.394,0.394,NA,NA,NA,NA,NA,NA,NA,NA,NA,NA,NA   NA   NA   NA,NA   NA   NA   NA
STTD_2016-12-21 13:21:00,12/21/2016 13:21,STTD,2017,W,TRUE,CLR,NA,NA,8.6,0.13,105,153,7.45,8.19,72.2,5,Regular,260000,274039,14039,14039,43.12200949,43.12200949,1,"Overtopping, high flow samples collected from RSTR, shortened set time due to debris.",NA,Terrestrial Insects,63,Order,Coleoptera,Coleoptera,Adults,3979,92.273,92.273,NA,NA,NA,NA,NA,NA,NA,NA,2,CPUE,NA   NA   NA   2,NA   NA   NA   CPUE
STTD_2016-12-21 13:21:00,12/21/2016 13:21,STTD,2017,W,TRUE,CLR,NA,NA,8.6,0.13,105,153,7.45,8.19,72.2,5,Regular,260000,274039,14039,14039,43.12200949,43.12200949,1,"Overtopping, high flow samples collected from RSTR, shortened set time due to debris.",NA,Terrestrial Insects,64,Order,Diptera,Diptera,Larvae,26,0.603,0.603,NA,NA,NA,NA,NA,NA,NA,NA,NA,NA,NA   NA   NA   NA,NA   NA   NA   NA
STTD_2016-12-21 13:21:00,12/21/2016 13:21,STTD,2017,W,TRUE,CLR,NA,NA,8.6,0.13,105,153,7.45,8.19,72.2,5,Regular,260000,274039,14039,14039,43.12200949,43.12200949,1,"Overtopping, high flow samples collected from RSTR, shortened set time due to debris.",NA,Terrestrial Insects,64,Order,Diptera,Diptera,Pupae,112,2.597,2.597,NA,NA,NA,NA,NA,NA,NA,NA,NA,NA,NA   NA   NA   NA,NA   NA   NA   NA
STTD_2016-12-21 13:21:00,12/21/2016 13:21,STTD,2017,W,TRUE,CLR,NA,NA,8.6,0.13,105,153,7.45,8.19,72.2,5,Regular,260000,274039,14039,14039,43.12200949,43.12200949,1,"Overtopping, high flow samples collected from RSTR, shortened set time due to debris.",NA,Terrestrial Insects,64,Order,Diptera,Diptera,Adults,181,4.197,4.197,NA,NA,NA,NA,NA,NA,NA,NA,NA,NA,NA   NA   NA   NA,NA   NA   NA   NA
STTD_2016-12-21 13:21:00,12/21/2016 13:21,STTD,2017,W,TRUE,CLR,NA,NA,8.6,0.13,105,153,7.45,8.19,72.2,5,Regular,260000,274039,14039,14039,43.12200949,43.12200949,1,"Overtopping, high flow samples collected from RSTR, shortened set time due to debris.",NA,Terrestrial Insects,73,Order,Lepidoptera,Lepidoptera,Larvae,12,0.278,0.278,NA,NA,NA,NA,NA,NA,NA,NA,NA,NA,NA   NA   NA   NA,NA   NA   NA   NA
STTD_2016-12-21 13:21:00,12/21/2016 13:21,STTD,2017,W,TRUE,CLR,NA,NA,8.6,0.13,105,153,7.45,8.19,72.2,5,Regular,260000,274039,14039,14039,43.12200949,43.12200949,1,"Overtopping, high flow samples collected from RSTR, shortened set time due to debris.",NA,Terrestrial Non-Insects,68,Order,Collembola,Collembola,NotDetermined,258,5.983,5.983,NA,NA,NA,NA,NA,NA,NA,NA,NA,NA,NA   NA   NA   NA,NA   NA   NA   NA
STTD_2016-12-21 13:21:00,12/21/2016 13:21,STTD,2017,W,TRUE,CLR,NA,NA,8.6,0.13,105,153,7.45,8.19,72.2,5,Regular,260000,274039,14039,14039,43.12200949,43.12200949,1,"Overtopping, high flow samples collected from RSTR, shortened set time due to debris.",NA,Terrestrial Insects,69,Order,Dermaptera,Dermaptera,Larvae,16,0.371,0.371,NA,NA,NA,NA,NA,NA,NA,NA,NA,NA,NA   NA   NA   NA,NA   NA   NA   NA
STTD_2016-12-21 13:21:00,12/21/2016 13:21,STTD,2017,W,TRUE,CLR,NA,NA,8.6,0.13,105,153,7.45,8.19,72.2,5,Regular,260000,274039,14039,14039,43.12200949,43.12200949,1,"Overtopping, high flow samples collected from RSTR, shortened set time due to debris.",NA,Terrestrial Insects,69,Order,Dermaptera,Dermaptera,Adults,1,0.023,0.023,NA,NA,NA,NA,NA,NA,NA,NA,NA,NA,NA   NA   NA   NA,NA   NA   NA   NA
STTD_2016-12-21 13:21:00,12/21/2016 13:21,STTD,2017,W,TRUE,CLR,NA,NA,8.6,0.13,105,153,7.45,8.19,72.2,5,Regular,260000,274039,14039,14039,43.12200949,43.12200949,1,"Overtopping, high flow samples collected from RSTR, shortened set time due to debris.",NA,Terrestrial Insects,66,Order,Hymenoptera,Hymenoptera,Larvae,1,0.023,0.023,NA,NA,NA,NA,NA,NA,NA,NA,NA,NA,NA   NA   NA   NA,NA   NA   NA   NA
STTD_2016-12-21 13:21:00,12/21/2016 13:21,STTD,2017,W,TRUE,CLR,NA,NA,8.6,0.13,105,153,7.45,8.19,72.2,5,Regular,260000,274039,14039,14039,43.12200949,43.12200949,1,"Overtopping, high flow samples collected from RSTR, shortened set time due to debris.",NA,Terrestrial Insects,66,Order,Hymenoptera,Hymenoptera,Pupae,2,0.046,0.046,NA,NA,NA,NA,NA,NA,NA,NA,NA,NA,NA   NA   NA   NA,NA   NA   NA   NA
STTD_2016-12-21 13:21:00,12/21/2016 13:21,STTD,2017,W,TRUE,CLR,NA,NA,8.6,0.13,105,153,7.45,8.19,72.2,5,Regular,260000,274039,14039,14039,43.12200949,43.12200949,1,"Overtopping, high flow samples collected from RSTR, shortened set time due to debris.",NA,Terrestrial Insects,66,Order,Hymenoptera,Hymenoptera,Adults,121,2.806,2.806,NA,NA,NA,NA,NA,NA,NA,NA,NA,NA,NA   NA   NA   NA,NA   NA   NA   NA
STTD_2016-12-21 13:21:00,12/21/2016 13:21,STTD,2017,W,TRUE,CLR,NA,NA,8.6,0.13,105,153,7.45,8.19,72.2,5,Regular,260000,274039,14039,14039,43.12200949,43.12200949,1,"Overtopping, high flow samples collected from RSTR, shortened set time due to debris.",NA,Terrestrial Insects,74,Order,Neuroptera,Neuroptera,Larvae,1,0.023,0.023,NA,NA,NA,NA,NA,NA,NA,NA,NA,NA,NA   NA   NA   NA,NA   NA   NA   NA
STTD_2016-12-21 13:21:00,12/21/2016 13:21,STTD,2017,W,TRUE,CLR,NA,NA,8.6,0.13,105,153,7.45,8.19,72.2,5,Regular,260000,274039,14039,14039,43.12200949,43.12200949,1,"Overtopping, high flow samples collected from RSTR, shortened set time due to debris.",NA,Terrestrial Insects,108,Order,Orthoptera,Orthoptera,Larvae,114,2.644,2.644,NA,NA,NA,NA,NA,NA,NA,NA,NA,NA,NA   NA   NA   NA,NA   NA   NA   NA
STTD_2016-12-21 13:21:00,12/21/2016 13:21,STTD,2017,W,TRUE,CLR,NA,NA,8.6,0.13,105,153,7.45,8.19,72.2,5,Regular,260000,274039,14039,14039,43.12200949,43.12200949,1,"Overtopping, high flow samples collected from RSTR, shortened set time due to debris.",NA,Terrestrial Insects,67,Order,Psocoptera,Psocoptera,Larvae,8,0.186,0.186,NA,NA,NA,NA,NA,NA,NA,NA,NA,NA,NA   NA   NA   NA,NA   NA   NA   NA
STTD_2016-12-21 13:21:00,12/21/2016 13:21,STTD,2017,W,TRUE,CLR,NA,NA,8.6,0.13,105,153,7.45,8.19,72.2,5,Regular,260000,274039,14039,14039,43.12200949,43.12200949,1,"Overtopping, high flow samples collected from RSTR, shortened set time due to debris.",NA,Terrestrial Insects,67,Order,Psocoptera,Psocoptera,Adults,5,0.116,0.116,NA,NA,NA,NA,NA,NA,NA,NA,NA,NA,NA   NA   NA   NA,NA   NA   NA   NA
STTD_2016-12-21 13:21:00,12/21/2016 13:21,STTD,2017,W,TRUE,CLR,NA,NA,8.6,0.13,105,153,7.45,8.19,72.2,5,Regular,260000,274039,14039,14039,43.12200949,43.12200949,1,"Overtopping, high flow samples collected from RSTR, shortened set time due to debris.",NA,Terrestrial Insects,85,Order,Thysanoptera,Thysanoptera,Adults,3,0.07,0.07,NA,NA,NA,NA,NA,NA,NA,NA,NA,NA,NA   NA   NA   NA,NA   NA   NA   NA
STTD_2016-12-21 13:21:00,12/21/2016 13:21,STTD,2017,W,TRUE,CLR,NA,NA,8.6,0.13,105,153,7.45,8.19,72.2,5,Regular,260000,274039,14039,14039,43.12200949,43.12200949,1,"Overtopping, high flow samples collected from RSTR, shortened set time due to debris.",NA,Terrestrial Non-Insects,57,Subclass,Acari,Acari,NotDetermined,107,2.481,2.481,NA,NA,NA,NA,NA,NA,NA,NA,NA,NA,NA   NA   NA   NA,NA   NA   NA   NA
STTD_2016-12-21 13:21:00,12/21/2016 13:21,STTD,2017,W,TRUE,CLR,NA,NA,8.6,0.13,105,153,7.45,8.19,72.2,5,Regular,260000,274039,14039,14039,43.12200949,43.12200949,1,"Overtopping, high flow samples collected from RSTR, shortened set time due to debris.",NA,Terrestrial Non-Insects,157,Order,Araneae,Araneae,NotDetermined,319,7.398,7.398,NA,NA,NA,NA,NA,NA,NA,NA,NA,NA,NA   NA   NA   NA,NA   NA   NA   NA
STTD_2016-12-21 13:21:00,12/21/2016 13:21,STTD,2017,W,TRUE,CLR,NA,NA,8.6,0.13,105,153,7.45,8.19,72.2,5,Regular,260000,274039,14039,14039,43.12200949,43.12200949,1,"Overtopping, high flow samples collected from RSTR, shortened set time due to debris.",NA,Terrestrial Non-Insects,143,Order,Opiliones,Opiliones,NotDetermined,4,0.093,0.093,NA,NA,NA,NA,NA,NA,NA,NA,NA,NA,NA   NA   NA   NA,NA   NA   NA   NA
STTD_2016-12-21 13:21:00,12/21/2016 13:21,STTD,2017,W,TRUE,CLR,NA,NA,8.6,0.13,105,153,7.45,8.19,72.2,5,Regular,260000,274039,14039,14039,43.12200949,43.12200949,1,"Overtopping, high flow samples collected from RSTR, shortened set time due to debris.",NA,Terrestrial Insects,178,Order,Blattodea,Blattodea,Larvae,3,0.07,0.07,NA,NA,NA,NA,NA,NA,NA,NA,NA,NA,NA   NA   NA   NA,NA   NA   NA   NA
STTD_2016-12-21 13:21:00,12/21/2016 13:21,STTD,2017,W,TRUE,CLR,NA,NA,8.6,0.13,105,153,7.45,8.19,72.2,5,Regular,260000,274039,14039,14039,43.12200949,43.12200949,1,"Overtopping, high flow samples collected from RSTR, shortened set time due to debris.",NA,Terrestrial Non-Insects,179,Order,Pseudoscorpiones,Pseudoscorpiones,NotDetermined,1,0.023,0.023,NA,NA,NA,NA,NA,NA,NA,NA,NA,NA,NA   NA   NA   NA,NA   NA   NA   NA
STTD_2016-12-21 13:21:00,12/21/2016 13:21,STTD,2017,W,TRUE,CLR,NA,NA,8.6,0.13,105,153,7.45,8.19,72.2,5,Regular,260000,274039,14039,14039,43.12200949,43.12200949,1,"Overtopping, high flow samples collected from RSTR, shortened set time due to debris.",NA,Aquatic Insects,31,Family,Helophoridae,Helophoridae,Adults,1,0.023,0.023,NA,NA,NA,NA,NA,NA,NA,NA,NA,NA,NA   NA   NA   NA,NA   NA   NA   NA
STTD_2016-12-21 13:21:00,12/21/2016 13:21,STTD,2017,W,TRUE,CLR,NA,NA,8.6,0.13,105,153,7.45,8.19,72.2,5,Regular,260000,274039,14039,14039,43.12200949,43.12200949,1,"Overtopping, high flow samples collected from RSTR, shortened set time due to debris.",NA,Aquatic Insects,81,Family,Hydrophilidae,Hydrophilidae,Larvae,10,0.232,0.232,NA,NA,NA,NA,NA,NA,NA,NA,NA,NA,NA   NA   NA   NA,NA   NA   NA   NA
STTD_2016-12-21 13:21:00,12/21/2016 13:21,STTD,2017,W,TRUE,CLR,NA,NA,8.6,0.13,105,153,7.45,8.19,72.2,5,Regular,260000,274039,14039,14039,43.12200949,43.12200949,1,"Overtopping, high flow samples collected from RSTR, shortened set time due to debris.",NA,Aquatic Insects,81,Family,Hydrophilidae,Hydrophilidae,Adults,11,0.255,0.255,NA,NA,NA,NA,NA,NA,NA,NA,NA,NA,NA   NA   NA   NA,NA   NA   NA   NA
STTD_2016-12-21 13:21:00,12/21/2016 13:21,STTD,2017,W,TRUE,CLR,NA,NA,8.6,0.13,105,153,7.45,8.19,72.2,5,Regular,260000,274039,14039,14039,43.12200949,43.12200949,1,"Overtopping, high flow samples collected from RSTR, shortened set time due to debris.",NA,Aquatic Insects,36,Family,Ephydridae,Ephydridae,Pupae,23,0.533,0.533,NA,NA,NA,NA,NA,NA,NA,NA,NA,NA,NA   NA   NA   NA,NA   NA   NA   NA
STTD_2016-12-21 13:21:00,12/21/2016 13:21,STTD,2017,W,TRUE,CLR,NA,NA,8.6,0.13,105,153,7.45,8.19,72.2,5,Regular,260000,274039,14039,14039,43.12200949,43.12200949,1,"Overtopping, high flow samples collected from RSTR, shortened set time due to debris.",NA,Aquatic Insects,36,Family,Ephydridae,Ephydridae,Adults,7,0.162,0.162,NA,NA,NA,NA,NA,NA,NA,NA,NA,NA,NA   NA   NA   NA,NA   NA   NA   NA
STTD_2016-12-27 10:00:00,12/27/2016 10:00,STTD,2017,W,TRUE,CLR,NA,1,6.2,0.32,281,438,7.56,9.01,35.4,10,Regular,274000,289391,15391,15391,47.27479508,47.27479508,1,High flow - sampled from the screw trap,NA,Aquatic Insects,44,Family,Corixidae,Corixidae,Larvae,3,0.063,0.063,NA,NA,NA,NA,NA,NA,NA,NA,NA,NA,NA   NA   NA   NA,NA   NA   NA   NA
STTD_2016-12-27 10:00:00,12/27/2016 10:00,STTD,2017,W,TRUE,CLR,NA,1,6.2,0.32,281,438,7.56,9.01,35.4,10,Regular,274000,289391,15391,15391,47.27479508,47.27479508,1,High flow - sampled from the screw trap,NA,Aquatic Insects,44,Family,Corixidae,Corixidae,Adults,21,0.444,0.444,NA,NA,NA,NA,NA,NA,NA,NA,NA,NA,NA   NA   NA   NA,NA   NA   NA   NA
STTD_2016-12-27 10:00:00,12/27/2016 10:00,STTD,2017,W,TRUE,CLR,NA,1,6.2,0.32,281,438,7.56,9.01,35.4,10,Regular,274000,289391,15391,15391,47.27479508,47.27479508,1,High flow - sampled from the screw trap,NA,Aquatic Insects,30,Family,Dytiscidae,Dytiscidae,Larvae,2,0.042,0.042,NA,NA,NA,NA,NA,NA,NA,NA,NA,NA,NA   NA   NA   NA,NA   NA   NA   NA
STTD_2016-12-27 10:00:00,12/27/2016 10:00,STTD,2017,W,TRUE,CLR,NA,1,6.2,0.32,281,438,7.56,9.01,35.4,10,Regular,274000,289391,15391,15391,47.27479508,47.27479508,1,High flow - sampled from the screw trap,NA,Aquatic Insects,30,Family,Dytiscidae,Dytiscidae,Adults,8,0.169,0.169,NA,NA,NA,NA,NA,NA,NA,NA,NA,NA,NA   NA   NA   NA,NA   NA   NA   NA
STTD_2016-12-27 10:00:00,12/27/2016 10:00,STTD,2017,W,TRUE,CLR,NA,1,6.2,0.32,281,438,7.56,9.01,35.4,10,Regular,274000,289391,15391,15391,47.27479508,47.27479508,1,High flow - sampled from the screw trap,NA,Aquatic Insects,34,Family,Chironomidae,Chironomidae,Larvae,2,0.042,0.042,NA,NA,NA,NA,NA,NA,NA,NA,NA,NA,NA   NA   NA   NA,NA   NA   NA   NA
STTD_2016-12-27 10:00:00,12/27/2016 10:00,STTD,2017,W,TRUE,CLR,NA,1,6.2,0.32,281,438,7.56,9.01,35.4,10,Regular,274000,289391,15391,15391,47.27479508,47.27479508,1,High flow - sampled from the screw trap,NA,Aquatic Insects,34,Family,Chironomidae,Chironomidae,Pupae,1,0.021,0.021,NA,NA,NA,NA,NA,NA,NA,NA,NA,NA,NA   NA   NA   NA,NA   NA   NA   NA
STTD_2016-12-27 10:00:00,12/27/2016 10:00,STTD,2017,W,TRUE,CLR,NA,1,6.2,0.32,281,438,7.56,9.01,35.4,10,Regular,274000,289391,15391,15391,47.27479508,47.27479508,1,High flow - sampled from the screw trap,NA,Aquatic Insects,34,Family,Chironomidae,Chironomidae,Adults,5,0.106,0.106,NA,NA,NA,NA,NA,NA,NA,NA,NA,NA,NA   NA   NA   NA,NA   NA   NA   NA
STTD_2016-12-27 10:00:00,12/27/2016 10:00,STTD,2017,W,TRUE,CLR,NA,1,6.2,0.32,281,438,7.56,9.01,35.4,10,Regular,274000,289391,15391,15391,47.27479508,47.27479508,1,High flow - sampled from the screw trap,NA,Aquatic Insects,49,Family,Culicidae,Culicidae,Larvae,30,0.635,0.635,NA,NA,NA,NA,NA,NA,NA,NA,NA,NA,NA   NA   NA   NA,NA   NA   NA   NA
STTD_2016-12-27 10:00:00,12/27/2016 10:00,STTD,2017,W,TRUE,CLR,NA,1,6.2,0.32,281,438,7.56,9.01,35.4,10,Regular,274000,289391,15391,15391,47.27479508,47.27479508,1,High flow - sampled from the screw trap,NA,Aquatic Insects,49,Family,Culicidae,Culicidae,Pupae,3,0.063,0.063,NA,NA,NA,NA,NA,NA,NA,NA,NA,NA,NA   NA   NA   NA,NA   NA   NA   NA
STTD_2016-12-27 10:00:00,12/27/2016 10:00,STTD,2017,W,TRUE,CLR,NA,1,6.2,0.32,281,438,7.56,9.01,35.4,10,Regular,274000,289391,15391,15391,47.27479508,47.27479508,1,High flow - sampled from the screw trap,NA,Aquatic Insects,37,Family,Psychodidae,Psychodidae,Pupae,1,0.021,0.021,NA,NA,NA,NA,NA,NA,NA,NA,NA,NA,NA   NA   NA   NA,NA   NA   NA   NA
STTD_2016-12-27 10:00:00,12/27/2016 10:00,STTD,2017,W,TRUE,CLR,NA,1,6.2,0.32,281,438,7.56,9.01,35.4,10,Regular,274000,289391,15391,15391,47.27479508,47.27479508,1,High flow - sampled from the screw trap,NA,Aquatic Insects,37,Family,Psychodidae,Psychodidae,Adults,1,0.021,0.021,NA,NA,NA,NA,NA,NA,NA,NA,NA,NA,NA   NA   NA   NA,NA   NA   NA   NA
STTD_2016-12-27 10:00:00,12/27/2016 10:00,STTD,2017,W,TRUE,CLR,NA,1,6.2,0.32,281,438,7.56,9.01,35.4,10,Regular,274000,289391,15391,15391,47.27479508,47.27479508,1,High flow - sampled from the screw trap,NA,Aquatic Insects,39,Family,Tipulidae,Tipulidae,Larvae,1,0.021,0.021,NA,NA,NA,NA,NA,NA,NA,NA,NA,NA,NA   NA   NA   NA,NA   NA   NA   NA
STTD_2016-12-27 10:00:00,12/27/2016 10:00,STTD,2017,W,TRUE,CLR,NA,1,6.2,0.32,281,438,7.56,9.01,35.4,10,Regular,274000,289391,15391,15391,47.27479508,47.27479508,1,High flow - sampled from the screw trap,NA,Aquatic Non-Insects,2,Family,Enchytraeidae,Enchytraeidae,NotDetermined,5,0.106,0.106,NA,NA,NA,NA,NA,NA,NA,NA,NA,NA,NA   NA   NA   NA,NA   NA   NA   NA
STTD_2016-12-27 10:00:00,12/27/2016 10:00,STTD,2017,W,TRUE,CLR,NA,1,6.2,0.32,281,438,7.56,9.01,35.4,10,Regular,274000,289391,15391,15391,47.27479508,47.27479508,1,High flow - sampled from the screw trap,NA,Aquatic Non-Insects,4,Family,Naididae,Naididae,NotDetermined,8,0.169,0.169,NA,NA,NA,NA,NA,NA,NA,NA,NA,NA,NA   NA   NA   NA,NA   NA   NA   NA
STTD_2016-12-27 10:00:00,12/27/2016 10:00,STTD,2017,W,TRUE,CLR,NA,1,6.2,0.32,281,438,7.56,9.01,35.4,10,Regular,274000,289391,15391,15391,47.27479508,47.27479508,1,High flow - sampled from the screw trap,NA,Aquatic Non-Insects,20,Family,Physidae,Physidae,NotDetermined,39,0.825,0.825,NA,NA,NA,NA,NA,NA,NA,NA,NA,NA,NA   NA   NA   NA,NA   NA   NA   NA
STTD_2016-12-27 10:00:00,12/27/2016 10:00,STTD,2017,W,TRUE,CLR,NA,1,6.2,0.32,281,438,7.56,9.01,35.4,10,Regular,274000,289391,15391,15391,47.27479508,47.27479508,1,High flow - sampled from the screw trap,NA,Aquatic Non-Insects,21,Family,Planorbidae,Planorbidae,NotDetermined,1,0.021,0.021,NA,NA,NA,NA,NA,NA,NA,NA,NA,NA,NA   NA   NA   NA,NA   NA   NA   NA
STTD_2016-12-27 10:00:00,12/27/2016 10:00,STTD,2017,W,TRUE,CLR,NA,1,6.2,0.32,281,438,7.56,9.01,35.4,10,Regular,274000,289391,15391,15391,47.27479508,47.27479508,1,High flow - sampled from the screw trap,NA,Aquatic Non-Insects,168,Order,Calanoida,Calanoid,NotDetermined,1,0.021,0.021,NA,NA,NA,NA,NA,NA,NA,NA,NA,NA,NA   NA   NA   NA,NA   NA   NA   NA
STTD_2016-12-27 10:00:00,12/27/2016 10:00,STTD,2017,W,TRUE,CLR,NA,1,6.2,0.32,281,438,7.56,9.01,35.4,10,Regular,274000,289391,15391,15391,47.27479508,47.27479508,1,High flow - sampled from the screw trap,NA,Aquatic Non-Insects,7,Order,Cyclopoida,Cyclopoid,NotDetermined,3,0.063,0.063,NA,NA,NA,NA,NA,NA,NA,NA,NA,NA,NA   NA   NA   NA,NA   NA   NA   NA
STTD_2016-12-27 10:00:00,12/27/2016 10:00,STTD,2017,W,TRUE,CLR,NA,1,6.2,0.32,281,438,7.56,9.01,35.4,10,Regular,274000,289391,15391,15391,47.27479508,47.27479508,1,High flow - sampled from the screw trap,NA,Aquatic Non-Insects,154,Order,Cyclopoida,Cyclopoid,NotDetermined,3,0.063,0.063,NA,NA,NA,NA,NA,NA,NA,NA,NA,NA,NA   NA   NA   NA,NA   NA   NA   NA
STTD_2016-12-27 10:00:00,12/27/2016 10:00,STTD,2017,W,TRUE,CLR,NA,1,6.2,0.32,281,438,7.56,9.01,35.4,10,Regular,274000,289391,15391,15391,47.27479508,47.27479508,1,High flow - sampled from the screw trap,NA,Aquatic Non-Insects,153,Family,Daphniidae,Daphniidae,NotDetermined,19,0.402,0.402,NA,NA,NA,NA,NA,NA,NA,NA,NA,NA,NA   NA   NA   NA,NA   NA   NA   NA
STTD_2016-12-27 10:00:00,12/27/2016 10:00,STTD,2017,W,TRUE,CLR,NA,1,6.2,0.32,281,438,7.56,9.01,35.4,10,Regular,274000,289391,15391,15391,47.27479508,47.27479508,1,High flow - sampled from the screw trap,NA,Aquatic Non-Insects,15,Family,Hyalellidae,Hyalellidae,NotDetermined,5,0.106,0.106,NA,NA,NA,NA,NA,NA,NA,NA,NA,NA,NA   NA   NA   NA,NA   NA   NA   NA
STTD_2016-12-27 10:00:00,12/27/2016 10:00,STTD,2017,W,TRUE,CLR,NA,1,6.2,0.32,281,438,7.56,9.01,35.4,10,Regular,274000,289391,15391,15391,47.27479508,47.27479508,1,High flow - sampled from the screw trap,NA,Terrestrial Insects,71,Order,Hemiptera,Hemiptera,Larvae,2,0.042,0.042,NA,NA,NA,NA,NA,NA,NA,NA,NA,NA,NA   NA   NA   NA,NA   NA   NA   NA
STTD_2016-12-27 10:00:00,12/27/2016 10:00,STTD,2017,W,TRUE,CLR,NA,1,6.2,0.32,281,438,7.56,9.01,35.4,10,Regular,274000,289391,15391,15391,47.27479508,47.27479508,1,High flow - sampled from the screw trap,NA,Terrestrial Insects,63,Order,Coleoptera,Coleoptera,Pupae,1,0.021,0.021,NA,NA,NA,NA,NA,NA,NA,NA,NA,NA,NA   NA   NA   NA,NA   NA   NA   NA
STTD_2016-12-27 10:00:00,12/27/2016 10:00,STTD,2017,W,TRUE,CLR,NA,1,6.2,0.32,281,438,7.56,9.01,35.4,10,Regular,274000,289391,15391,15391,47.27479508,47.27479508,1,High flow - sampled from the screw trap,NA,Terrestrial Insects,63,Order,Coleoptera,Coleoptera,Adults,15,0.317,0.317,NA,NA,NA,NA,NA,NA,NA,NA,NA,NA,NA   NA   NA   NA,NA   NA   NA   NA
STTD_2016-12-27 10:00:00,12/27/2016 10:00,STTD,2017,W,TRUE,CLR,NA,1,6.2,0.32,281,438,7.56,9.01,35.4,10,Regular,274000,289391,15391,15391,47.27479508,47.27479508,1,High flow - sampled from the screw trap,NA,Terrestrial Insects,64,Order,Diptera,Diptera,Larvae,2,0.042,0.042,NA,NA,NA,NA,NA,NA,NA,NA,NA,NA,NA   NA   NA   NA,NA   NA   NA   NA
STTD_2016-12-27 10:00:00,12/27/2016 10:00,STTD,2017,W,TRUE,CLR,NA,1,6.2,0.32,281,438,7.56,9.01,35.4,10,Regular,274000,289391,15391,15391,47.27479508,47.27479508,1,High flow - sampled from the screw trap,NA,Terrestrial Non-Insects,68,Order,Collembola,Collembola,NotDetermined,23,0.487,0.487,NA,NA,NA,NA,NA,NA,NA,NA,NA,NA,NA   NA   NA   NA,NA   NA   NA   NA
STTD_2016-12-27 10:00:00,12/27/2016 10:00,STTD,2017,W,TRUE,CLR,NA,1,6.2,0.32,281,438,7.56,9.01,35.4,10,Regular,274000,289391,15391,15391,47.27479508,47.27479508,1,High flow - sampled from the screw trap,NA,Terrestrial Insects,66,Order,Hymenoptera,Hymenoptera,Adults,1,0.021,0.021,NA,NA,NA,NA,NA,NA,NA,NA,NA,NA,NA   NA   NA   NA,NA   NA   NA   NA
STTD_2016-12-27 10:00:00,12/27/2016 10:00,STTD,2017,W,TRUE,CLR,NA,1,6.2,0.32,281,438,7.56,9.01,35.4,10,Regular,274000,289391,15391,15391,47.27479508,47.27479508,1,High flow - sampled from the screw trap,NA,Terrestrial Non-Insects,157,Order,Araneae,Araneae,NotDetermined,13,0.275,0.275,NA,NA,NA,NA,NA,NA,NA,NA,NA,NA,NA   NA   NA   NA,NA   NA   NA   NA
STTD_2016-12-27 10:00:00,12/27/2016 10:00,STTD,2017,W,TRUE,CLR,NA,1,6.2,0.32,281,438,7.56,9.01,35.4,10,Regular,274000,289391,15391,15391,47.27479508,47.27479508,1,High flow - sampled from the screw trap,NA,Aquatic Insects,80,Family,Haliplidae,Haliplidae,Adults,1,0.021,0.021,NA,NA,NA,NA,NA,NA,NA,NA,NA,NA,NA   NA   NA   NA,NA   NA   NA   NA
STTD_2016-12-27 10:00:00,12/27/2016 10:00,STTD,2017,W,TRUE,CLR,NA,1,6.2,0.32,281,438,7.56,9.01,35.4,10,Regular,274000,289391,15391,15391,47.27479508,47.27479508,1,High flow - sampled from the screw trap,NA,Aquatic Insects,81,Family,Hydrophilidae,Hydrophilidae,Adults,1,0.021,0.021,NA,NA,NA,NA,NA,NA,NA,NA,NA,NA,NA   NA   NA   NA,NA   NA   NA   NA
STTD_2016-12-27 10:00:00,12/27/2016 10:00,STTD,2017,W,TRUE,CLR,NA,1,6.2,0.32,281,438,7.56,9.01,35.4,10,Regular,274000,289391,15391,15391,47.27479508,47.27479508,1,High flow - sampled from the screw trap,NA,Terrestrial Non-Insects,161,Order,Stylommatophora,Stylommatophora,NotDetermined,2,0.042,0.042,NA,NA,NA,NA,NA,NA,NA,NA,NA,NA,NA   NA   NA   NA,NA   NA   NA   NA
SHR_2016-12-29 08:12:00,12/29/2016 8:12,SHR,2017,W,TRUE,CLR,NA,1,7.4,0.35,85,128,7.52,10.97,20.7,10,Regular,289000,295596,6596,6596,20.26018766,20.26018766,1,NA,NA,Aquatic Insects,34,Family,Chironomidae,Chironomidae,Larvae,1,0.049,0.049,NA,NA,NA,NA,NA,NA,NA,NA,NA,NA,NA   NA   NA   NA,NA   NA   NA   NA
SHR_2016-12-29 08:12:00,12/29/2016 8:12,SHR,2017,W,TRUE,CLR,NA,1,7.4,0.35,85,128,7.52,10.97,20.7,10,Regular,289000,295596,6596,6596,20.26018766,20.26018766,1,NA,NA,Terrestrial Insects,63,Order,Coleoptera,Coleoptera,Adults,1,0.049,0.049,NA,NA,NA,NA,NA,NA,NA,NA,NA,NA,NA   NA   NA   NA,NA   NA   NA   NA
SHR_2016-12-29 08:12:00,12/29/2016 8:12,SHR,2017,W,TRUE,CLR,NA,1,7.4,0.35,85,128,7.52,10.97,20.7,10,Regular,289000,295596,6596,6596,20.26018766,20.26018766,1,NA,NA,Terrestrial Insects,66,Order,Hymenoptera,Hymenoptera,Adults,2,0.099,0.099,NA,NA,NA,NA,NA,NA,NA,NA,NA,NA,NA   NA   NA   NA,NA   NA   NA   NA
SHR_2017-01-10 09:41:00,1/10/2017 9:41,SHR,2017,W,TRUE,RAN,NA,1,9.6,0.13,45,63.8,6.79,11.46,98.7,5,Regular,296000,303539,7539,7539,23.15669418,23.15669418,1,NA,NA,Aquatic Insects,107,Family,Leptohyphidae,Leptohyphidae,Larvae,3,0.13,0.13,NA,NA,NA,NA,NA,NA,NA,NA,NA,NA,NA   NA   NA   NA,NA   NA   NA   NA
SHR_2017-01-10 09:41:00,1/10/2017 9:41,SHR,2017,W,TRUE,RAN,NA,1,9.6,0.13,45,63.8,6.79,11.46,98.7,5,Regular,296000,303539,7539,7539,23.15669418,23.15669418,1,NA,NA,Aquatic Insects,34,Family,Chironomidae,Chironomidae,Larvae,1,0.043,0.043,NA,NA,NA,NA,NA,NA,NA,NA,NA,NA,NA   NA   NA   NA,NA   NA   NA   NA
SHR_2017-01-10 09:41:00,1/10/2017 9:41,SHR,2017,W,TRUE,RAN,NA,1,9.6,0.13,45,63.8,6.79,11.46,98.7,5,Regular,296000,303539,7539,7539,23.15669418,23.15669418,1,NA,NA,Aquatic Insects,34,Family,Chironomidae,Chironomidae,Pupae,1,0.043,0.043,NA,NA,NA,NA,NA,NA,NA,NA,NA,NA,NA   NA   NA   NA,NA   NA   NA   NA
SHR_2017-01-10 09:41:00,1/10/2017 9:41,SHR,2017,W,TRUE,RAN,NA,1,9.6,0.13,45,63.8,6.79,11.46,98.7,5,Regular,296000,303539,7539,7539,23.15669418,23.15669418,1,NA,NA,Aquatic Insects,34,Family,Chironomidae,Chironomidae,Adults,1,0.043,0.043,NA,NA,NA,NA,NA,NA,NA,NA,NA,NA,NA   NA   NA   NA,NA   NA   NA   NA
SHR_2017-01-10 09:41:00,1/10/2017 9:41,SHR,2017,W,TRUE,RAN,NA,1,9.6,0.13,45,63.8,6.79,11.46,98.7,5,Regular,296000,303539,7539,7539,23.15669418,23.15669418,1,NA,NA,Aquatic Insects,37,Family,Psychodidae,Psychodidae,Adults,1,0.043,0.043,NA,NA,NA,NA,NA,NA,NA,NA,NA,NA,NA   NA   NA   NA,NA   NA   NA   NA
SHR_2017-01-10 09:41:00,1/10/2017 9:41,SHR,2017,W,TRUE,RAN,NA,1,9.6,0.13,45,63.8,6.79,11.46,98.7,5,Regular,296000,303539,7539,7539,23.15669418,23.15669418,1,NA,NA,Aquatic Non-Insects,86,Family,Asellidae,Asellidae,NotDetermined,1,0.043,0.043,NA,NA,NA,NA,NA,NA,NA,NA,NA,NA,NA   NA   NA   NA,NA   NA   NA   NA
SHR_2017-01-10 09:41:00,1/10/2017 9:41,SHR,2017,W,TRUE,RAN,NA,1,9.6,0.13,45,63.8,6.79,11.46,98.7,5,Regular,296000,303539,7539,7539,23.15669418,23.15669418,1,NA,NA,Aquatic Non-Insects,9,Family,Corophiidae,Corophiidae,NotDetermined,1,0.043,0.043,NA,NA,NA,NA,NA,NA,NA,NA,NA,NA,NA   NA   NA   NA,NA   NA   NA   NA
SHR_2017-01-10 09:41:00,1/10/2017 9:41,SHR,2017,W,TRUE,RAN,NA,1,9.6,0.13,45,63.8,6.79,11.46,98.7,5,Regular,296000,303539,7539,7539,23.15669418,23.15669418,1,NA,NA,Aquatic Non-Insects,15,Family,Hyalellidae,Hyalellidae,NotDetermined,4,0.173,0.173,NA,NA,NA,NA,NA,NA,NA,NA,NA,NA,NA   NA   NA   NA,NA   NA   NA   NA
SHR_2017-01-10 09:41:00,1/10/2017 9:41,SHR,2017,W,TRUE,RAN,NA,1,9.6,0.13,45,63.8,6.79,11.46,98.7,5,Regular,296000,303539,7539,7539,23.15669418,23.15669418,1,NA,NA,Aquatic Non-Insects,2,Family,Enchytraeidae,Enchytraeidae,NotDetermined,2,0.086,0.086,NA,NA,NA,NA,NA,NA,NA,NA,NA,NA,NA   NA   NA   NA,NA   NA   NA   NA
SHR_2017-01-10 09:41:00,1/10/2017 9:41,SHR,2017,W,TRUE,RAN,NA,1,9.6,0.13,45,63.8,6.79,11.46,98.7,5,Regular,296000,303539,7539,7539,23.15669418,23.15669418,1,NA,NA,Terrestrial Insects,63,Order,Coleoptera,Coleoptera,Adults,1,0.043,0.043,NA,NA,NA,NA,NA,NA,NA,NA,NA,NA,NA   NA   NA   NA,NA   NA   NA   NA
SHR_2017-01-10 09:41:00,1/10/2017 9:41,SHR,2017,W,TRUE,RAN,NA,1,9.6,0.13,45,63.8,6.79,11.46,98.7,5,Regular,296000,303539,7539,7539,23.15669418,23.15669418,1,NA,NA,Terrestrial Insects,64,Order,Diptera,Diptera,Adults,1,0.043,0.043,NA,NA,NA,NA,NA,NA,NA,NA,NA,NA,NA   NA   NA   NA,NA   NA   NA   NA
SHR_2017-01-10 09:41:00,1/10/2017 9:41,SHR,2017,W,TRUE,RAN,NA,1,9.6,0.13,45,63.8,6.79,11.46,98.7,5,Regular,296000,303539,7539,7539,23.15669418,23.15669418,1,NA,NA,Terrestrial Insects,66,Order,Hymenoptera,Hymenoptera,Adults,3,0.13,0.13,NA,NA,NA,NA,NA,NA,NA,NA,NA,NA,NA   NA   NA   NA,NA   NA   NA   NA
SHR_2017-01-10 09:41:00,1/10/2017 9:41,SHR,2017,W,TRUE,RAN,NA,1,9.6,0.13,45,63.8,6.79,11.46,98.7,5,Regular,296000,303539,7539,7539,23.15669418,23.15669418,1,NA,NA,Terrestrial Non-Insects,68,Order,Collembola,Collembola,NotDetermined,5,0.216,0.216,NA,NA,NA,NA,NA,NA,NA,NA,NA,NA,NA   NA   NA   NA,NA   NA   NA   NA
STTD_2017-01-11 10:50:00,1/11/2017 10:50,STTD,2017,W,TRUE,CLR,NA,1,10.3,0.13,NA,72,7.27,10.32,95.8,5,Regular,304000,305585,1585,1585,4.86846535,4.86846535,1,sampled from the edge due to high flow and debris,NA,Aquatic Insects,46,Family,Coenagrionidae,Coenagrionidae,Larvae,1,0.205,0.205,NA,NA,NA,NA,NA,NA,NA,NA,NA,NA,NA   NA   NA   NA,NA   NA   NA   NA
STTD_2017-01-11 10:50:00,1/11/2017 10:50,STTD,2017,W,TRUE,CLR,NA,1,10.3,0.13,NA,72,7.27,10.32,95.8,5,Regular,304000,305585,1585,1585,4.86846535,4.86846535,1,sampled from the edge due to high flow and debris,NA,Aquatic Insects,44,Family,Corixidae,Corixidae,Adults,2,0.411,0.411,NA,NA,NA,NA,NA,NA,NA,NA,NA,NA,NA   NA   NA   NA,NA   NA   NA   NA
STTD_2017-01-11 10:50:00,1/11/2017 10:50,STTD,2017,W,TRUE,CLR,NA,1,10.3,0.13,NA,72,7.27,10.32,95.8,5,Regular,304000,305585,1585,1585,4.86846535,4.86846535,1,sampled from the edge due to high flow and debris,NA,Aquatic Insects,30,Family,Dytiscidae,Dytiscidae,Adults,4,0.822,0.822,NA,NA,NA,NA,NA,NA,NA,NA,NA,NA,NA   NA   NA   NA,NA   NA   NA   NA
STTD_2017-01-11 10:50:00,1/11/2017 10:50,STTD,2017,W,TRUE,CLR,NA,1,10.3,0.13,NA,72,7.27,10.32,95.8,5,Regular,304000,305585,1585,1585,4.86846535,4.86846535,1,sampled from the edge due to high flow and debris,NA,Aquatic Insects,34,Family,Chironomidae,Chironomidae,Larvae,4,0.822,0.822,NA,NA,NA,NA,NA,NA,NA,NA,NA,NA,NA   NA   NA   NA,NA   NA   NA   NA
STTD_2017-01-11 10:50:00,1/11/2017 10:50,STTD,2017,W,TRUE,CLR,NA,1,10.3,0.13,NA,72,7.27,10.32,95.8,5,Regular,304000,305585,1585,1585,4.86846535,4.86846535,1,sampled from the edge due to high flow and debris,NA,Aquatic Insects,34,Family,Chironomidae,Chironomidae,Pupae,1,0.205,0.205,NA,NA,NA,NA,NA,NA,NA,NA,NA,NA,NA   NA   NA   NA,NA   NA   NA   NA
STTD_2017-01-11 10:50:00,1/11/2017 10:50,STTD,2017,W,TRUE,CLR,NA,1,10.3,0.13,NA,72,7.27,10.32,95.8,5,Regular,304000,305585,1585,1585,4.86846535,4.86846535,1,sampled from the edge due to high flow and debris,NA,Aquatic Insects,34,Family,Chironomidae,Chironomidae,Adults,2,0.411,0.411,NA,NA,NA,NA,NA,NA,NA,NA,NA,NA,NA   NA   NA   NA,NA   NA   NA   NA
STTD_2017-01-11 10:50:00,1/11/2017 10:50,STTD,2017,W,TRUE,CLR,NA,1,10.3,0.13,NA,72,7.27,10.32,95.8,5,Regular,304000,305585,1585,1585,4.86846535,4.86846535,1,sampled from the edge due to high flow and debris,NA,Aquatic Non-Insects,2,Family,Enchytraeidae,Enchytraeidae,NotDetermined,17,3.492,3.492,NA,NA,NA,NA,NA,NA,NA,NA,NA,NA,NA   NA   NA   NA,NA   NA   NA   NA
STTD_2017-01-11 10:50:00,1/11/2017 10:50,STTD,2017,W,TRUE,CLR,NA,1,10.3,0.13,NA,72,7.27,10.32,95.8,5,Regular,304000,305585,1585,1585,4.86846535,4.86846535,1,sampled from the edge due to high flow and debris,NA,Terrestrial Insects,71,Order,Hemiptera,Hemiptera,Larvae,4,0.822,0.822,NA,NA,NA,NA,NA,NA,NA,NA,NA,NA,NA   NA   NA   NA,NA   NA   NA   NA
STTD_2017-01-11 10:50:00,1/11/2017 10:50,STTD,2017,W,TRUE,CLR,NA,1,10.3,0.13,NA,72,7.27,10.32,95.8,5,Regular,304000,305585,1585,1585,4.86846535,4.86846535,1,sampled from the edge due to high flow and debris,NA,Terrestrial Insects,71,Order,Hemiptera,Hemiptera,Adults,1,0.205,0.205,NA,NA,NA,NA,NA,NA,NA,NA,NA,NA,NA   NA   NA   NA,NA   NA   NA   NA
STTD_2017-01-11 10:50:00,1/11/2017 10:50,STTD,2017,W,TRUE,CLR,NA,1,10.3,0.13,NA,72,7.27,10.32,95.8,5,Regular,304000,305585,1585,1585,4.86846535,4.86846535,1,sampled from the edge due to high flow and debris,NA,Terrestrial Insects,63,Order,Coleoptera,Coleoptera,Adults,6,1.232,1.232,NA,NA,NA,NA,NA,NA,NA,NA,NA,NA,NA   NA   NA   NA,NA   NA   NA   NA
STTD_2017-01-11 10:50:00,1/11/2017 10:50,STTD,2017,W,TRUE,CLR,NA,1,10.3,0.13,NA,72,7.27,10.32,95.8,5,Regular,304000,305585,1585,1585,4.86846535,4.86846535,1,sampled from the edge due to high flow and debris,NA,Aquatic Insects,81,Family,Hydrophilidae,Hydrophilidae,Adults,1,0.205,0.205,NA,NA,NA,NA,NA,NA,NA,NA,NA,NA,NA   NA   NA   NA,NA   NA   NA   NA
STTD_2017-01-11 10:50:00,1/11/2017 10:50,STTD,2017,W,TRUE,CLR,NA,1,10.3,0.13,NA,72,7.27,10.32,95.8,5,Regular,304000,305585,1585,1585,4.86846535,4.86846535,1,sampled from the edge due to high flow and debris,NA,Terrestrial Insects,64,Order,Diptera,Diptera,Larvae,1,0.205,0.205,NA,NA,NA,NA,NA,NA,NA,NA,NA,NA,NA   NA   NA   NA,NA   NA   NA   NA
STTD_2017-01-11 10:50:00,1/11/2017 10:50,STTD,2017,W,TRUE,CLR,NA,1,10.3,0.13,NA,72,7.27,10.32,95.8,5,Regular,304000,305585,1585,1585,4.86846535,4.86846535,1,sampled from the edge due to high flow and debris,NA,Terrestrial Insects,64,Order,Diptera,Diptera,Adults,1,0.205,0.205,NA,NA,NA,NA,NA,NA,NA,NA,NA,NA,NA   NA   NA   NA,NA   NA   NA   NA
STTD_2017-01-11 10:50:00,1/11/2017 10:50,STTD,2017,W,TRUE,CLR,NA,1,10.3,0.13,NA,72,7.27,10.32,95.8,5,Regular,304000,305585,1585,1585,4.86846535,4.86846535,1,sampled from the edge due to high flow and debris,NA,Terrestrial Non-Insects,68,Order,Collembola,Collembola,NotDetermined,2,0.411,0.411,NA,NA,NA,NA,NA,NA,NA,NA,NA,NA,NA   NA   NA   NA,NA   NA   NA   NA
STTD_2017-01-11 10:50:00,1/11/2017 10:50,STTD,2017,W,TRUE,CLR,NA,1,10.3,0.13,NA,72,7.27,10.32,95.8,5,Regular,304000,305585,1585,1585,4.86846535,4.86846535,1,sampled from the edge due to high flow and debris,NA,Terrestrial Insects,66,Order,Hymenoptera,Hymenoptera,Adults,1,0.205,0.205,NA,NA,NA,NA,NA,NA,NA,NA,NA,NA,NA   NA   NA   NA,NA   NA   NA   NA
STTD_2017-01-18 11:00:00,1/18/2017 11:00,STTD,2017,W,TRUE,RAN,NA,NA,8.2,0.21,67,98,7.1,10.36,44,3,Regular,340000,349574,9574,9574,29.40737367,29.40737367,1,NA,NA,Aquatic Insects,44,Family,Corixidae,Corixidae,Adults,1,0.034,0.034,NA,NA,NA,NA,NA,NA,NA,NA,NA,NA,NA   NA   NA   NA,NA   NA   NA   NA
STTD_2017-01-18 11:00:00,1/18/2017 11:00,STTD,2017,W,TRUE,RAN,NA,NA,8.2,0.21,67,98,7.1,10.36,44,3,Regular,340000,349574,9574,9574,29.40737367,29.40737367,1,NA,NA,Aquatic Insects,30,Family,Dytiscidae,Dytiscidae,Adults,13,0.442,0.442,NA,NA,NA,NA,NA,NA,NA,NA,NA,NA,NA   NA   NA   NA,NA   NA   NA   NA
STTD_2017-01-18 11:00:00,1/18/2017 11:00,STTD,2017,W,TRUE,RAN,NA,NA,8.2,0.21,67,98,7.1,10.36,44,3,Regular,340000,349574,9574,9574,29.40737367,29.40737367,1,NA,NA,Aquatic Insects,52,Family,Hydraenidae,Hydraenidae,Adults,2,0.068,0.068,NA,NA,NA,NA,NA,NA,NA,NA,NA,NA,NA   NA   NA   NA,NA   NA   NA   NA
STTD_2017-01-18 11:00:00,1/18/2017 11:00,STTD,2017,W,TRUE,RAN,NA,NA,8.2,0.21,67,98,7.1,10.36,44,3,Regular,340000,349574,9574,9574,29.40737367,29.40737367,1,NA,NA,Aquatic Insects,34,Family,Chironomidae,Chironomidae,Larvae,3,0.102,0.102,NA,NA,NA,NA,NA,NA,NA,NA,NA,NA,NA   NA   NA   NA,NA   NA   NA   NA
STTD_2017-01-18 11:00:00,1/18/2017 11:00,STTD,2017,W,TRUE,RAN,NA,NA,8.2,0.21,67,98,7.1,10.36,44,3,Regular,340000,349574,9574,9574,29.40737367,29.40737367,1,NA,NA,Aquatic Insects,34,Family,Chironomidae,Chironomidae,Pupae,1,0.034,0.034,NA,NA,NA,NA,NA,NA,NA,NA,NA,NA,NA   NA   NA   NA,NA   NA   NA   NA
STTD_2017-01-18 11:00:00,1/18/2017 11:00,STTD,2017,W,TRUE,RAN,NA,NA,8.2,0.21,67,98,7.1,10.36,44,3,Regular,340000,349574,9574,9574,29.40737367,29.40737367,1,NA,NA,Aquatic Insects,34,Family,Chironomidae,Chironomidae,Adults,2,0.068,0.068,NA,NA,NA,NA,NA,NA,NA,NA,NA,NA,NA   NA   NA   NA,NA   NA   NA   NA
STTD_2017-01-18 11:00:00,1/18/2017 11:00,STTD,2017,W,TRUE,RAN,NA,NA,8.2,0.21,67,98,7.1,10.36,44,3,Regular,340000,349574,9574,9574,29.40737367,29.40737367,1,NA,NA,Aquatic Non-Insects,2,Family,Enchytraeidae,Enchytraeidae,NotDetermined,17,0.578,0.578,NA,NA,NA,NA,NA,NA,NA,NA,NA,NA,NA   NA   NA   NA,NA   NA   NA   NA
STTD_2017-01-18 11:00:00,1/18/2017 11:00,STTD,2017,W,TRUE,RAN,NA,NA,8.2,0.21,67,98,7.1,10.36,44,3,Regular,340000,349574,9574,9574,29.40737367,29.40737367,1,NA,NA,Terrestrial Insects,63,Order,Coleoptera,Coleoptera,Adults,28,0.952,0.952,NA,NA,NA,NA,NA,NA,NA,NA,NA,NA,NA   NA   NA   NA,NA   NA   NA   NA
STTD_2017-01-18 11:00:00,1/18/2017 11:00,STTD,2017,W,TRUE,RAN,NA,NA,8.2,0.21,67,98,7.1,10.36,44,3,Regular,340000,349574,9574,9574,29.40737367,29.40737367,1,NA,NA,Aquatic Insects,81,Family,Hydrophilidae,Hydrophilidae,Adults,1,0.034,0.034,NA,NA,NA,NA,NA,NA,NA,NA,NA,NA,NA   NA   NA   NA,NA   NA   NA   NA
STTD_2017-01-18 11:00:00,1/18/2017 11:00,STTD,2017,W,TRUE,RAN,NA,NA,8.2,0.21,67,98,7.1,10.36,44,3,Regular,340000,349574,9574,9574,29.40737367,29.40737367,1,NA,NA,Aquatic Insects,36,Family,Ephydridae,Ephydridae,Adults,1,0.034,0.034,NA,NA,NA,NA,NA,NA,NA,NA,NA,NA,NA   NA   NA   NA,NA   NA   NA   NA
STTD_2017-01-18 11:00:00,1/18/2017 11:00,STTD,2017,W,TRUE,RAN,NA,NA,8.2,0.21,67,98,7.1,10.36,44,3,Regular,340000,349574,9574,9574,29.40737367,29.40737367,1,NA,NA,Terrestrial Non-Insects,68,Order,Collembola,Collembola,NotDetermined,7,0.238,0.238,NA,NA,NA,NA,NA,NA,NA,NA,NA,NA,NA   NA   NA   NA,NA   NA   NA   NA
SHR_2017-01-23 09:45:00,1/23/2017 9:45,SHR,2017,W,TRUE,CLD,NA,1,8.8,0.16,66,96.3,7.36,11.03,55,5,Regular,349000,354262,5262,5262,16.16269064,16.16269064,1,NA,NA,Aquatic Insects,34,Family,Chironomidae,Chironomidae,Larvae,1,0.062,0.062,NA,NA,NA,NA,NA,NA,NA,NA,NA,NA,NA   NA   NA   NA,NA   NA   NA   NA
SHR_2017-01-23 09:45:00,1/23/2017 9:45,SHR,2017,W,TRUE,CLD,NA,1,8.8,0.16,66,96.3,7.36,11.03,55,5,Regular,349000,354262,5262,5262,16.16269064,16.16269064,1,NA,NA,Aquatic Insects,34,Family,Chironomidae,Chironomidae,Pupae,1,0.062,0.062,NA,NA,NA,NA,NA,NA,NA,NA,NA,NA,NA   NA   NA   NA,NA   NA   NA   NA
SHR_2017-01-23 09:45:00,1/23/2017 9:45,SHR,2017,W,TRUE,CLD,NA,1,8.8,0.16,66,96.3,7.36,11.03,55,5,Regular,349000,354262,5262,5262,16.16269064,16.16269064,1,NA,NA,Aquatic Non-Insects,15,Family,Hyalellidae,Hyalellidae,NotDetermined,1,0.062,0.062,NA,NA,NA,NA,NA,NA,NA,NA,NA,NA,NA   NA   NA   NA,NA   NA   NA   NA
SHR_2017-01-23 09:45:00,1/23/2017 9:45,SHR,2017,W,TRUE,CLD,NA,1,8.8,0.16,66,96.3,7.36,11.03,55,5,Regular,349000,354262,5262,5262,16.16269064,16.16269064,1,NA,NA,Terrestrial Insects,66,Order,Hymenoptera,Hymenoptera,Adults,1,0.062,0.062,NA,NA,NA,NA,NA,NA,NA,NA,NA,NA,NA   NA   NA   NA,NA   NA   NA   NA
SHR_2017-01-23 09:45:00,1/23/2017 9:45,SHR,2017,W,TRUE,CLD,NA,1,8.8,0.16,66,96.3,7.36,11.03,55,5,Regular,349000,354262,5262,5262,16.16269064,16.16269064,1,NA,NA,Terrestrial Non-Insects,68,Order,Collembola,Collembola,NotDetermined,1,0.062,0.062,NA,NA,NA,NA,NA,NA,NA,NA,NA,NA,NA   NA   NA   NA,NA   NA   NA   NA
STTD_2017-01-24 09:20:00,1/24/2017 9:20,STTD,2017,W,TRUE,CLR,NA,1,8.8,0.14,78,113,7.44,10.47,73.6,5,Regular,354000,370484,16484,16484,50.63203964,50.63203964,1,NA,NA,Aquatic Insects,44,Family,Corixidae,Corixidae,Larvae,1,0.02,0.02,NA,NA,NA,NA,NA,NA,NA,NA,NA,NA,NA   NA   NA   NA,NA   NA   NA   NA
STTD_2017-01-24 09:20:00,1/24/2017 9:20,STTD,2017,W,TRUE,CLR,NA,1,8.8,0.14,78,113,7.44,10.47,73.6,5,Regular,354000,370484,16484,16484,50.63203964,50.63203964,1,NA,NA,Aquatic Insects,44,Family,Corixidae,Corixidae,Adults,3,0.059,0.059,NA,NA,NA,NA,NA,NA,NA,NA,NA,NA,NA   NA   NA   NA,NA   NA   NA   NA
STTD_2017-01-24 09:20:00,1/24/2017 9:20,STTD,2017,W,TRUE,CLR,NA,1,8.8,0.14,78,113,7.44,10.47,73.6,5,Regular,354000,370484,16484,16484,50.63203964,50.63203964,1,NA,NA,Aquatic Insects,30,Family,Dytiscidae,Dytiscidae,Larvae,2,0.04,0.04,NA,NA,NA,NA,NA,NA,NA,NA,NA,NA,NA   NA   NA   NA,NA   NA   NA   NA
STTD_2017-01-24 09:20:00,1/24/2017 9:20,STTD,2017,W,TRUE,CLR,NA,1,8.8,0.14,78,113,7.44,10.47,73.6,5,Regular,354000,370484,16484,16484,50.63203964,50.63203964,1,NA,NA,Aquatic Insects,30,Family,Dytiscidae,Dytiscidae,Adults,4,0.079,0.079,NA,NA,NA,NA,NA,NA,NA,NA,NA,NA,NA   NA   NA   NA,NA   NA   NA   NA
STTD_2017-01-24 09:20:00,1/24/2017 9:20,STTD,2017,W,TRUE,CLR,NA,1,8.8,0.14,78,113,7.44,10.47,73.6,5,Regular,354000,370484,16484,16484,50.63203964,50.63203964,1,NA,NA,Aquatic Insects,34,Family,Chironomidae,Chironomidae,Larvae,2,0.04,0.04,NA,NA,NA,NA,NA,NA,NA,NA,NA,NA,NA   NA   NA   NA,NA   NA   NA   NA
STTD_2017-01-24 09:20:00,1/24/2017 9:20,STTD,2017,W,TRUE,CLR,NA,1,8.8,0.14,78,113,7.44,10.47,73.6,5,Regular,354000,370484,16484,16484,50.63203964,50.63203964,1,NA,NA,Aquatic Insects,34,Family,Chironomidae,Chironomidae,Pupae,9,0.178,0.178,NA,NA,NA,NA,NA,NA,NA,NA,NA,NA,NA   NA   NA   NA,NA   NA   NA   NA
STTD_2017-01-24 09:20:00,1/24/2017 9:20,STTD,2017,W,TRUE,CLR,NA,1,8.8,0.14,78,113,7.44,10.47,73.6,5,Regular,354000,370484,16484,16484,50.63203964,50.63203964,1,NA,NA,Aquatic Insects,34,Family,Chironomidae,Chironomidae,Adults,24,0.474,0.474,NA,NA,NA,NA,NA,NA,NA,NA,NA,NA,NA   NA   NA   NA,NA   NA   NA   NA
STTD_2017-01-24 09:20:00,1/24/2017 9:20,STTD,2017,W,TRUE,CLR,NA,1,8.8,0.14,78,113,7.44,10.47,73.6,5,Regular,354000,370484,16484,16484,50.63203964,50.63203964,1,NA,NA,Aquatic Insects,37,Family,Psychodidae,Psychodidae,Adults,1,0.02,0.02,NA,NA,NA,NA,NA,NA,NA,NA,NA,NA,NA   NA   NA   NA,NA   NA   NA   NA
STTD_2017-01-24 09:20:00,1/24/2017 9:20,STTD,2017,W,TRUE,CLR,NA,1,8.8,0.14,78,113,7.44,10.47,73.6,5,Regular,354000,370484,16484,16484,50.63203964,50.63203964,1,NA,NA,Aquatic Non-Insects,2,Family,Enchytraeidae,Enchytraeidae,NotDetermined,2,0.04,0.04,NA,NA,NA,NA,NA,NA,NA,NA,NA,NA,NA   NA   NA   NA,NA   NA   NA   NA
STTD_2017-01-24 09:20:00,1/24/2017 9:20,STTD,2017,W,TRUE,CLR,NA,1,8.8,0.14,78,113,7.44,10.47,73.6,5,Regular,354000,370484,16484,16484,50.63203964,50.63203964,1,NA,NA,Aquatic Non-Insects,20,Family,Physidae,Physidae,NotDetermined,14,0.277,0.277,NA,NA,NA,NA,NA,NA,NA,NA,NA,NA,NA   NA   NA   NA,NA   NA   NA   NA
STTD_2017-01-24 09:20:00,1/24/2017 9:20,STTD,2017,W,TRUE,CLR,NA,1,8.8,0.14,78,113,7.44,10.47,73.6,5,Regular,354000,370484,16484,16484,50.63203964,50.63203964,1,NA,NA,Aquatic Non-Insects,118,Class,Ostracoda,Ostracod,NotDetermined,1,0.02,0.02,NA,NA,NA,NA,NA,NA,NA,NA,NA,NA,NA   NA   NA   NA,NA   NA   NA   NA
STTD_2017-01-24 09:20:00,1/24/2017 9:20,STTD,2017,W,TRUE,CLR,NA,1,8.8,0.14,78,113,7.44,10.47,73.6,5,Regular,354000,370484,16484,16484,50.63203964,50.63203964,1,NA,NA,Terrestrial Insects,71,Order,Hemiptera,Hemiptera,Larvae,1,0.02,0.02,NA,NA,NA,NA,NA,NA,NA,NA,NA,NA,NA   NA   NA   NA,NA   NA   NA   NA
STTD_2017-01-24 09:20:00,1/24/2017 9:20,STTD,2017,W,TRUE,CLR,NA,1,8.8,0.14,78,113,7.44,10.47,73.6,5,Regular,354000,370484,16484,16484,50.63203964,50.63203964,1,NA,NA,Terrestrial Insects,63,Order,Coleoptera,Coleoptera,Adults,4,0.079,0.079,NA,NA,NA,NA,NA,NA,NA,NA,NA,NA,NA   NA   NA   NA,NA   NA   NA   NA
STTD_2017-01-24 09:20:00,1/24/2017 9:20,STTD,2017,W,TRUE,CLR,NA,1,8.8,0.14,78,113,7.44,10.47,73.6,5,Regular,354000,370484,16484,16484,50.63203964,50.63203964,1,NA,NA,Terrestrial Non-Insects,157,Order,Araneae,Araneae,NotDetermined,2,0.04,0.04,NA,NA,NA,NA,NA,NA,NA,NA,NA,NA,NA   NA   NA   NA,NA   NA   NA   NA
STTD_2017-01-24 09:20:00,1/24/2017 9:20,STTD,2017,W,TRUE,CLR,NA,1,8.8,0.14,78,113,7.44,10.47,73.6,5,Regular,354000,370484,16484,16484,50.63203964,50.63203964,1,NA,NA,Terrestrial Insects,64,Order,Diptera,Diptera,Larvae,1,0.02,0.02,NA,NA,NA,NA,NA,NA,NA,NA,NA,NA,NA   NA   NA   NA,NA   NA   NA   NA
STTD_2017-01-24 09:20:00,1/24/2017 9:20,STTD,2017,W,TRUE,CLR,NA,1,8.8,0.14,78,113,7.44,10.47,73.6,5,Regular,354000,370484,16484,16484,50.63203964,50.63203964,1,NA,NA,Terrestrial Insects,66,Order,Hymenoptera,Hymenoptera,Adults,1,0.02,0.02,NA,NA,NA,NA,NA,NA,NA,NA,NA,NA,NA   NA   NA   NA,NA   NA   NA   NA
STTD_2017-02-02 10:10:00,2/2/2017 10:10,STTD,2017,W,TRUE,CLD,NA,1,9.4,0.23,130.8,186,7.48,9.59,37.7,5,Regular,410000,426888,16888,16888,51.87296078,51.87296078,1,NA,NA,Aquatic Insects,30,Family,Dytiscidae,Dytiscidae,Adults,2,0.039,0.039,NA,NA,NA,NA,NA,NA,NA,NA,NA,NA,NA   NA   NA   NA,NA   NA   NA   NA
STTD_2017-02-02 10:10:00,2/2/2017 10:10,STTD,2017,W,TRUE,CLD,NA,1,9.4,0.23,130.8,186,7.48,9.59,37.7,5,Regular,410000,426888,16888,16888,51.87296078,51.87296078,1,NA,NA,Aquatic Insects,52,Family,Hydraenidae,Hydraenidae,Adults,1,0.019,0.019,NA,NA,NA,NA,NA,NA,NA,NA,NA,NA,NA   NA   NA   NA,NA   NA   NA   NA
STTD_2017-02-02 10:10:00,2/2/2017 10:10,STTD,2017,W,TRUE,CLD,NA,1,9.4,0.23,130.8,186,7.48,9.59,37.7,5,Regular,410000,426888,16888,16888,51.87296078,51.87296078,1,NA,NA,Aquatic Insects,34,Family,Chironomidae,Chironomidae,Pupae,8,0.154,0.154,NA,NA,NA,NA,NA,NA,NA,NA,NA,NA,NA   NA   NA   NA,NA   NA   NA   NA
STTD_2017-02-02 10:10:00,2/2/2017 10:10,STTD,2017,W,TRUE,CLD,NA,1,9.4,0.23,130.8,186,7.48,9.59,37.7,5,Regular,410000,426888,16888,16888,51.87296078,51.87296078,1,NA,NA,Aquatic Insects,34,Family,Chironomidae,Chironomidae,Adults,5,0.096,0.096,NA,NA,NA,NA,NA,NA,NA,NA,NA,NA,NA   NA   NA   NA,NA   NA   NA   NA
STTD_2017-02-02 10:10:00,2/2/2017 10:10,STTD,2017,W,TRUE,CLD,NA,1,9.4,0.23,130.8,186,7.48,9.59,37.7,5,Regular,410000,426888,16888,16888,51.87296078,51.87296078,1,NA,NA,Aquatic Non-Insects,20,Family,Physidae,Physidae,NotDetermined,2,0.039,0.039,NA,NA,NA,NA,NA,NA,NA,NA,NA,NA,NA   NA   NA   NA,NA   NA   NA   NA
STTD_2017-02-02 10:10:00,2/2/2017 10:10,STTD,2017,W,TRUE,CLD,NA,1,9.4,0.23,130.8,186,7.48,9.59,37.7,5,Regular,410000,426888,16888,16888,51.87296078,51.87296078,1,NA,NA,Aquatic Non-Insects,118,Class,Ostracoda,Ostracod,NotDetermined,2,0.039,0.039,NA,NA,NA,NA,NA,NA,NA,NA,NA,NA,NA   NA   NA   NA,NA   NA   NA   NA
STTD_2017-02-02 10:10:00,2/2/2017 10:10,STTD,2017,W,TRUE,CLD,NA,1,9.4,0.23,130.8,186,7.48,9.59,37.7,5,Regular,410000,426888,16888,16888,51.87296078,51.87296078,1,NA,NA,Terrestrial Insects,63,Order,Coleoptera,Coleoptera,Adults,4,0.077,0.077,NA,NA,NA,NA,NA,NA,NA,NA,NA,NA,NA   NA   NA   NA,NA   NA   NA   NA
STTD_2017-02-02 10:10:00,2/2/2017 10:10,STTD,2017,W,TRUE,CLD,NA,1,9.4,0.23,130.8,186,7.48,9.59,37.7,5,Regular,410000,426888,16888,16888,51.87296078,51.87296078,1,NA,NA,Terrestrial Insects,64,Order,Diptera,Diptera,Adults,3,0.058,0.058,NA,NA,NA,NA,NA,NA,NA,NA,NA,NA,NA   NA   NA   NA,NA   NA   NA   NA
STTD_2017-02-02 10:10:00,2/2/2017 10:10,STTD,2017,W,TRUE,CLD,NA,1,9.4,0.23,130.8,186,7.48,9.59,37.7,5,Regular,410000,426888,16888,16888,51.87296078,51.87296078,1,NA,NA,Aquatic Insects,36,Family,Ephydridae,Ephydridae,Adults,1,0.019,0.019,NA,NA,NA,NA,NA,NA,NA,NA,NA,NA,NA   NA   NA   NA,NA   NA   NA   NA
STTD_2017-02-02 10:10:00,2/2/2017 10:10,STTD,2017,W,TRUE,CLD,NA,1,9.4,0.23,130.8,186,7.48,9.59,37.7,5,Regular,410000,426888,16888,16888,51.87296078,51.87296078,1,NA,NA,Terrestrial Non-Insects,68,Order,Collembola,Collembola,NotDetermined,1,0.019,0.019,NA,NA,NA,NA,NA,NA,NA,NA,NA,NA,NA   NA   NA   NA,NA   NA   NA   NA
STTD_2017-02-06 10:45:00,2/6/2017 10:45,STTD,2017,W,TRUE,RAN,NA,1,10.9,0.23,114,156,7.62,10.14,43.6,5,Regular,427000,442586,15586,15586,47.87375454,47.87375454,1,NA,NA,Aquatic Insects,44,Family,Corixidae,Corixidae,Larvae,1,0.021,0.021,NA,NA,NA,NA,NA,NA,NA,NA,NA,NA,NA   NA   NA   NA,NA   NA   NA   NA
STTD_2017-02-06 10:45:00,2/6/2017 10:45,STTD,2017,W,TRUE,RAN,NA,1,10.9,0.23,114,156,7.62,10.14,43.6,5,Regular,427000,442586,15586,15586,47.87375454,47.87375454,1,NA,NA,Aquatic Insects,30,Family,Dytiscidae,Dytiscidae,Adults,9,0.188,0.188,NA,NA,NA,NA,NA,NA,NA,NA,NA,NA,NA   NA   NA   NA,NA   NA   NA   NA
STTD_2017-02-06 10:45:00,2/6/2017 10:45,STTD,2017,W,TRUE,RAN,NA,1,10.9,0.23,114,156,7.62,10.14,43.6,5,Regular,427000,442586,15586,15586,47.87375454,47.87375454,1,NA,NA,Aquatic Insects,34,Family,Chironomidae,Chironomidae,Pupae,4,0.084,0.084,NA,NA,NA,NA,NA,NA,NA,NA,NA,NA,NA   NA   NA   NA,NA   NA   NA   NA
STTD_2017-02-06 10:45:00,2/6/2017 10:45,STTD,2017,W,TRUE,RAN,NA,1,10.9,0.23,114,156,7.62,10.14,43.6,5,Regular,427000,442586,15586,15586,47.87375454,47.87375454,1,NA,NA,Aquatic Non-Insects,2,Family,Enchytraeidae,Enchytraeidae,NotDetermined,1,0.021,0.021,NA,NA,NA,NA,NA,NA,NA,NA,NA,NA,NA   NA   NA   NA,NA   NA   NA   NA
STTD_2017-02-06 10:45:00,2/6/2017 10:45,STTD,2017,W,TRUE,RAN,NA,1,10.9,0.23,114,156,7.62,10.14,43.6,5,Regular,427000,442586,15586,15586,47.87375454,47.87375454,1,NA,NA,Aquatic Non-Insects,20,Family,Physidae,Physidae,NotDetermined,1,0.021,0.021,NA,NA,NA,NA,NA,NA,NA,NA,NA,NA,NA   NA   NA   NA,NA   NA   NA   NA
STTD_2017-02-06 10:45:00,2/6/2017 10:45,STTD,2017,W,TRUE,RAN,NA,1,10.9,0.23,114,156,7.62,10.14,43.6,5,Regular,427000,442586,15586,15586,47.87375454,47.87375454,1,NA,NA,Aquatic Non-Insects,118,Class,Ostracoda,Ostracod,NotDetermined,3,0.063,0.063,NA,NA,NA,NA,NA,NA,NA,NA,NA,NA,NA   NA   NA   NA,NA   NA   NA   NA
STTD_2017-02-06 10:45:00,2/6/2017 10:45,STTD,2017,W,TRUE,RAN,NA,1,10.9,0.23,114,156,7.62,10.14,43.6,5,Regular,427000,442586,15586,15586,47.87375454,47.87375454,1,NA,NA,Terrestrial Insects,71,Order,Hemiptera,Hemiptera,Adults,1,0.021,0.021,NA,NA,NA,NA,NA,NA,NA,NA,NA,NA,NA   NA   NA   NA,NA   NA   NA   NA
STTD_2017-02-06 10:45:00,2/6/2017 10:45,STTD,2017,W,TRUE,RAN,NA,1,10.9,0.23,114,156,7.62,10.14,43.6,5,Regular,427000,442586,15586,15586,47.87375454,47.87375454,1,NA,NA,Terrestrial Insects,63,Order,Coleoptera,Coleoptera,Adults,5,0.104,0.104,NA,NA,NA,NA,NA,NA,NA,NA,NA,NA,NA   NA   NA   NA,NA   NA   NA   NA
STTD_2017-02-06 10:45:00,2/6/2017 10:45,STTD,2017,W,TRUE,RAN,NA,1,10.9,0.23,114,156,7.62,10.14,43.6,5,Regular,427000,442586,15586,15586,47.87375454,47.87375454,1,NA,NA,Terrestrial Insects,64,Order,Diptera,Diptera,Adults,2,0.042,0.042,NA,NA,NA,NA,NA,NA,NA,NA,NA,NA,NA   NA   NA   NA,NA   NA   NA   NA
STTD_2017-02-06 10:45:00,2/6/2017 10:45,STTD,2017,W,TRUE,RAN,NA,1,10.9,0.23,114,156,7.62,10.14,43.6,5,Regular,427000,442586,15586,15586,47.87375454,47.87375454,1,NA,NA,Aquatic Insects,81,Family,Hydrophilidae,Hydrophilidae,Adults,1,0.021,0.021,NA,NA,NA,NA,NA,NA,NA,NA,NA,NA,NA   NA   NA   NA,NA   NA   NA   NA
SHR_2017-02-07 09:00:00,2/7/2017 9:00,SHR,2017,W,TRUE,RAN,NA,NA,9.6,0.45,59.1,84,7.5,11.53,28.5,5,Regular,442000,448580,6580,6580,20.21104227,20.21104227,1,NA,NA,Aquatic Insects,107,Family,Leptohyphidae,Leptohyphidae,Larvae,2,0.099,0.099,NA,NA,NA,NA,NA,NA,NA,NA,NA,NA,NA   NA   NA   NA,NA   NA   NA   NA
SHR_2017-02-07 09:00:00,2/7/2017 9:00,SHR,2017,W,TRUE,RAN,NA,NA,9.6,0.45,59.1,84,7.5,11.53,28.5,5,Regular,442000,448580,6580,6580,20.21104227,20.21104227,1,NA,NA,Aquatic Insects,88,Family,Hydroptilidae,Hydroptilidae,Larvae,1,0.049,0.049,NA,NA,NA,NA,NA,NA,NA,NA,NA,NA,NA   NA   NA   NA,NA   NA   NA   NA
SHR_2017-02-07 09:00:00,2/7/2017 9:00,SHR,2017,W,TRUE,RAN,NA,NA,9.6,0.45,59.1,84,7.5,11.53,28.5,5,Regular,442000,448580,6580,6580,20.21104227,20.21104227,1,NA,NA,Aquatic Insects,88,Family,Hydroptilidae,Hydroptilidae,Adults,1,0.049,0.049,NA,NA,NA,NA,NA,NA,NA,NA,NA,NA,NA   NA   NA   NA,NA   NA   NA   NA
SHR_2017-02-07 09:00:00,2/7/2017 9:00,SHR,2017,W,TRUE,RAN,NA,NA,9.6,0.45,59.1,84,7.5,11.53,28.5,5,Regular,442000,448580,6580,6580,20.21104227,20.21104227,1,NA,NA,Aquatic Insects,46,Family,Coenagrionidae,Coenagrionidae,Larvae,2,0.099,0.099,NA,NA,NA,NA,NA,NA,NA,NA,NA,NA,NA   NA   NA   NA,NA   NA   NA   NA
SHR_2017-02-07 09:00:00,2/7/2017 9:00,SHR,2017,W,TRUE,RAN,NA,NA,9.6,0.45,59.1,84,7.5,11.53,28.5,5,Regular,442000,448580,6580,6580,20.21104227,20.21104227,1,NA,NA,Aquatic Insects,34,Family,Chironomidae,Chironomidae,Larvae,1,0.049,0.049,NA,NA,NA,NA,NA,NA,NA,NA,NA,NA,NA   NA   NA   NA,NA   NA   NA   NA
SHR_2017-02-07 09:00:00,2/7/2017 9:00,SHR,2017,W,TRUE,RAN,NA,NA,9.6,0.45,59.1,84,7.5,11.53,28.5,5,Regular,442000,448580,6580,6580,20.21104227,20.21104227,1,NA,NA,Aquatic Insects,34,Family,Chironomidae,Chironomidae,Adults,2,0.099,0.099,NA,NA,NA,NA,NA,NA,NA,NA,NA,NA,NA   NA   NA   NA,NA   NA   NA   NA
SHR_2017-02-07 09:00:00,2/7/2017 9:00,SHR,2017,W,TRUE,RAN,NA,NA,9.6,0.45,59.1,84,7.5,11.53,28.5,5,Regular,442000,448580,6580,6580,20.21104227,20.21104227,1,NA,NA,Terrestrial Insects,71,Order,Hemiptera,Hemiptera,Adults,1,0.049,0.049,NA,NA,NA,NA,NA,NA,NA,NA,NA,NA,NA   NA   NA   NA,NA   NA   NA   NA
SHR_2017-02-07 09:00:00,2/7/2017 9:00,SHR,2017,W,TRUE,RAN,NA,NA,9.6,0.45,59.1,84,7.5,11.53,28.5,5,Regular,442000,448580,6580,6580,20.21104227,20.21104227,1,NA,NA,Terrestrial Insects,63,Order,Coleoptera,Coleoptera,Adults,1,0.049,0.049,NA,NA,NA,NA,NA,NA,NA,NA,NA,NA,NA   NA   NA   NA,NA   NA   NA   NA
SHR_2017-02-07 09:00:00,2/7/2017 9:00,SHR,2017,W,TRUE,RAN,NA,NA,9.6,0.45,59.1,84,7.5,11.53,28.5,5,Regular,442000,448580,6580,6580,20.21104227,20.21104227,1,NA,NA,Terrestrial Insects,64,Order,Diptera,Diptera,Adults,1,0.049,0.049,NA,NA,NA,NA,NA,NA,NA,NA,NA,NA,NA   NA   NA   NA,NA   NA   NA   NA
SHR_2017-02-07 09:00:00,2/7/2017 9:00,SHR,2017,W,TRUE,RAN,NA,NA,9.6,0.45,59.1,84,7.5,11.53,28.5,5,Regular,442000,448580,6580,6580,20.21104227,20.21104227,1,NA,NA,Terrestrial Non-Insects,57,Subclass,Acari,Acari,NotDetermined,1,0.049,0.049,NA,NA,NA,NA,NA,NA,NA,NA,NA,NA,NA   NA   NA   NA,NA   NA   NA   NA
STTD_2017-02-16 11:50:00,2/16/2017 11:50,STTD,2017,W,TRUE,CLD,NA,NA,10.1,0.2,54.4,76,7.4,11.15,49.8,5,Regular,500000,512780,12780,12780,39.2548815,39.2548815,1,high flow,NA,Aquatic Insects,44,Family,Corixidae,Corixidae,Larvae,1,0.025,0.025,NA,NA,NA,NA,NA,NA,NA,NA,NA,NA,NA   NA   NA   NA,NA   NA   NA   NA
STTD_2017-02-16 11:50:00,2/16/2017 11:50,STTD,2017,W,TRUE,CLD,NA,NA,10.1,0.2,54.4,76,7.4,11.15,49.8,5,Regular,500000,512780,12780,12780,39.2548815,39.2548815,1,high flow,NA,Aquatic Insects,30,Family,Dytiscidae,Dytiscidae,Adults,6,0.153,0.153,NA,NA,NA,NA,NA,NA,NA,NA,NA,NA,NA   NA   NA   NA,NA   NA   NA   NA
STTD_2017-02-16 11:50:00,2/16/2017 11:50,STTD,2017,W,TRUE,CLD,NA,NA,10.1,0.2,54.4,76,7.4,11.15,49.8,5,Regular,500000,512780,12780,12780,39.2548815,39.2548815,1,high flow,NA,Aquatic Insects,34,Family,Chironomidae,Chironomidae,Larvae,1,0.025,0.025,NA,NA,NA,NA,NA,NA,NA,NA,NA,NA,NA   NA   NA   NA,NA   NA   NA   NA
STTD_2017-02-16 11:50:00,2/16/2017 11:50,STTD,2017,W,TRUE,CLD,NA,NA,10.1,0.2,54.4,76,7.4,11.15,49.8,5,Regular,500000,512780,12780,12780,39.2548815,39.2548815,1,high flow,NA,Aquatic Insects,34,Family,Chironomidae,Chironomidae,Pupae,3,0.076,0.076,NA,NA,NA,NA,NA,NA,NA,NA,NA,NA,NA   NA   NA   NA,NA   NA   NA   NA
STTD_2017-02-16 11:50:00,2/16/2017 11:50,STTD,2017,W,TRUE,CLD,NA,NA,10.1,0.2,54.4,76,7.4,11.15,49.8,5,Regular,500000,512780,12780,12780,39.2548815,39.2548815,1,high flow,NA,Aquatic Insects,34,Family,Chironomidae,Chironomidae,Adults,39,0.994,0.994,NA,NA,NA,NA,NA,NA,NA,NA,NA,NA,NA   NA   NA   NA,NA   NA   NA   NA
STTD_2017-02-16 11:50:00,2/16/2017 11:50,STTD,2017,W,TRUE,CLD,NA,NA,10.1,0.2,54.4,76,7.4,11.15,49.8,5,Regular,500000,512780,12780,12780,39.2548815,39.2548815,1,high flow,NA,Aquatic Non-Insects,2,Family,Enchytraeidae,Enchytraeidae,NotDetermined,9,0.229,0.229,NA,NA,NA,NA,NA,NA,NA,NA,NA,NA,NA   NA   NA   NA,NA   NA   NA   NA
STTD_2017-02-16 11:50:00,2/16/2017 11:50,STTD,2017,W,TRUE,CLD,NA,NA,10.1,0.2,54.4,76,7.4,11.15,49.8,5,Regular,500000,512780,12780,12780,39.2548815,39.2548815,1,high flow,NA,Aquatic Non-Insects,20,Family,Physidae,Physidae,NotDetermined,1,0.025,0.025,NA,NA,NA,NA,NA,NA,NA,NA,NA,NA,NA   NA   NA   NA,NA   NA   NA   NA
STTD_2017-02-16 11:50:00,2/16/2017 11:50,STTD,2017,W,TRUE,CLD,NA,NA,10.1,0.2,54.4,76,7.4,11.15,49.8,5,Regular,500000,512780,12780,12780,39.2548815,39.2548815,1,high flow,NA,Aquatic Non-Insects,118,Class,Ostracoda,Ostracod,NotDetermined,1,0.025,0.025,NA,NA,NA,NA,NA,NA,NA,NA,NA,NA,NA   NA   NA   NA,NA   NA   NA   NA
STTD_2017-02-16 11:50:00,2/16/2017 11:50,STTD,2017,W,TRUE,CLD,NA,NA,10.1,0.2,54.4,76,7.4,11.15,49.8,5,Regular,500000,512780,12780,12780,39.2548815,39.2548815,1,high flow,NA,Aquatic Non-Insects,130,Phylum,Nematoda,Nematoda,NotDetermined,1,0.025,0.025,NA,NA,NA,NA,NA,NA,NA,NA,NA,NA,NA   NA   NA   NA,NA   NA   NA   NA
STTD_2017-02-16 11:50:00,2/16/2017 11:50,STTD,2017,W,TRUE,CLD,NA,NA,10.1,0.2,54.4,76,7.4,11.15,49.8,5,Regular,500000,512780,12780,12780,39.2548815,39.2548815,1,high flow,NA,Terrestrial Insects,71,Order,Hemiptera,Hemiptera,Larvae,1,0.025,0.025,NA,NA,NA,NA,NA,NA,NA,NA,NA,NA,NA   NA   NA   NA,NA   NA   NA   NA
STTD_2017-02-16 11:50:00,2/16/2017 11:50,STTD,2017,W,TRUE,CLD,NA,NA,10.1,0.2,54.4,76,7.4,11.15,49.8,5,Regular,500000,512780,12780,12780,39.2548815,39.2548815,1,high flow,NA,Terrestrial Insects,71,Order,Hemiptera,Hemiptera,Adults,2,0.051,0.051,NA,NA,NA,NA,NA,NA,NA,NA,NA,NA,NA   NA   NA   NA,NA   NA   NA   NA
STTD_2017-02-16 11:50:00,2/16/2017 11:50,STTD,2017,W,TRUE,CLD,NA,NA,10.1,0.2,54.4,76,7.4,11.15,49.8,5,Regular,500000,512780,12780,12780,39.2548815,39.2548815,1,high flow,NA,Terrestrial Insects,63,Order,Coleoptera,Coleoptera,Adults,5,0.127,0.127,NA,NA,NA,NA,NA,NA,NA,NA,NA,NA,NA   NA   NA   NA,NA   NA   NA   NA
STTD_2017-02-16 11:50:00,2/16/2017 11:50,STTD,2017,W,TRUE,CLD,NA,NA,10.1,0.2,54.4,76,7.4,11.15,49.8,5,Regular,500000,512780,12780,12780,39.2548815,39.2548815,1,high flow,NA,Terrestrial Insects,64,Order,Diptera,Diptera,Larvae,4,0.102,0.102,NA,NA,NA,NA,NA,NA,NA,NA,NA,NA,NA   NA   NA   NA,NA   NA   NA   NA
STTD_2017-02-16 11:50:00,2/16/2017 11:50,STTD,2017,W,TRUE,CLD,NA,NA,10.1,0.2,54.4,76,7.4,11.15,49.8,5,Regular,500000,512780,12780,12780,39.2548815,39.2548815,1,high flow,NA,Terrestrial Insects,64,Order,Diptera,Diptera,Adults,35,0.892,0.892,NA,NA,NA,NA,NA,NA,NA,NA,NA,NA,NA   NA   NA   NA,NA   NA   NA   NA
STTD_2017-02-16 11:50:00,2/16/2017 11:50,STTD,2017,W,TRUE,CLD,NA,NA,10.1,0.2,54.4,76,7.4,11.15,49.8,5,Regular,500000,512780,12780,12780,39.2548815,39.2548815,1,high flow,NA,Terrestrial Non-Insects,57,Subclass,Acari,Acari,NotDetermined,1,0.025,0.025,NA,NA,NA,NA,NA,NA,NA,NA,NA,NA,NA   NA   NA   NA,NA   NA   NA   NA
STTD_2017-02-16 11:50:00,2/16/2017 11:50,STTD,2017,W,TRUE,CLD,NA,NA,10.1,0.2,54.4,76,7.4,11.15,49.8,5,Regular,500000,512780,12780,12780,39.2548815,39.2548815,1,high flow,NA,Terrestrial Non-Insects,157,Order,Araneae,Araneae,NotDetermined,1,0.025,0.025,NA,NA,NA,NA,NA,NA,NA,NA,NA,NA,NA   NA   NA   NA,NA   NA   NA   NA
STTD_2017-02-16 11:50:00,2/16/2017 11:50,STTD,2017,W,TRUE,CLD,NA,NA,10.1,0.2,54.4,76,7.4,11.15,49.8,5,Regular,500000,512780,12780,12780,39.2548815,39.2548815,1,high flow,NA,Terrestrial Non-Insects,68,Order,Collembola,Collembola,NotDetermined,5,0.127,0.127,NA,NA,NA,NA,NA,NA,NA,NA,NA,NA,NA   NA   NA   NA,NA   NA   NA   NA
STTD_2017-02-16 11:50:00,2/16/2017 11:50,STTD,2017,W,TRUE,CLD,NA,NA,10.1,0.2,54.4,76,7.4,11.15,49.8,5,Regular,500000,512780,12780,12780,39.2548815,39.2548815,1,high flow,NA,Terrestrial Insects,186,Order,Embioptera,Embioptera,Larvae,1,0.025,0.025,NA,NA,NA,NA,NA,NA,NA,NA,NA,NA,NA   NA   NA   NA,NA   NA   NA   NA
STTD_2017-02-22 09:30:00,2/22/2017 9:30,STTD,2017,W,TRUE,CLR,NA,NA,10,0.18,52.7,73.9,7.58,10.99,51.8,3,Regular,525000,532648,7648,7648,23.49149716,23.49149716,1,"too much surface debris, had to redo and set for only 3 mins",NA,Aquatic Insects,46,Family,Coenagrionidae,Coenagrionidae,Larvae,1,0.043,0.043,NA,NA,2,SAMP,NA,NA,NA,NA,NA,NA,2   NA   NA   NA,SAMP   NA   NA   NA
STTD_2017-02-22 09:30:00,2/22/2017 9:30,STTD,2017,W,TRUE,CLR,NA,NA,10,0.18,52.7,73.9,7.58,10.99,51.8,3,Regular,525000,532648,7648,7648,23.49149716,23.49149716,1,"too much surface debris, had to redo and set for only 3 mins",NA,Aquatic Insects,30,Family,Dytiscidae,Dytiscidae,Adults,6,0.255,0.255,NA,NA,2,SAMP,NA,NA,NA,NA,NA,NA,2   NA   NA   NA,SAMP   NA   NA   NA
STTD_2017-02-22 09:30:00,2/22/2017 9:30,STTD,2017,W,TRUE,CLR,NA,NA,10,0.18,52.7,73.9,7.58,10.99,51.8,3,Regular,525000,532648,7648,7648,23.49149716,23.49149716,1,"too much surface debris, had to redo and set for only 3 mins",NA,Aquatic Insects,34,Family,Chironomidae,Chironomidae,Pupae,3,0.128,0.128,NA,NA,2,SAMP,NA,NA,NA,NA,NA,NA,2   NA   NA   NA,SAMP   NA   NA   NA
STTD_2017-02-22 09:30:00,2/22/2017 9:30,STTD,2017,W,TRUE,CLR,NA,NA,10,0.18,52.7,73.9,7.58,10.99,51.8,3,Regular,525000,532648,7648,7648,23.49149716,23.49149716,1,"too much surface debris, had to redo and set for only 3 mins",NA,Aquatic Insects,34,Family,Chironomidae,Chironomidae,Adults,40,1.703,1.703,NA,NA,2,SAMP,NA,NA,NA,NA,NA,NA,2   NA   NA   NA,SAMP   NA   NA   NA
STTD_2017-02-22 09:30:00,2/22/2017 9:30,STTD,2017,W,TRUE,CLR,NA,NA,10,0.18,52.7,73.9,7.58,10.99,51.8,3,Regular,525000,532648,7648,7648,23.49149716,23.49149716,1,"too much surface debris, had to redo and set for only 3 mins",NA,Aquatic Non-Insects,2,Family,Enchytraeidae,Enchytraeidae,NotDetermined,10,0.426,0.426,NA,NA,2,SAMP,NA,NA,NA,NA,NA,NA,2   NA   NA   NA,SAMP   NA   NA   NA
STTD_2017-02-22 09:30:00,2/22/2017 9:30,STTD,2017,W,TRUE,CLR,NA,NA,10,0.18,52.7,73.9,7.58,10.99,51.8,3,Regular,525000,532648,7648,7648,23.49149716,23.49149716,1,"too much surface debris, had to redo and set for only 3 mins",NA,Aquatic Non-Insects,20,Family,Physidae,Physidae,NotDetermined,26,1.107,1.107,NA,NA,2,SAMP,NA,NA,NA,NA,NA,NA,2   NA   NA   NA,SAMP   NA   NA   NA
STTD_2017-02-22 09:30:00,2/22/2017 9:30,STTD,2017,W,TRUE,CLR,NA,NA,10,0.18,52.7,73.9,7.58,10.99,51.8,3,Regular,525000,532648,7648,7648,23.49149716,23.49149716,1,"too much surface debris, had to redo and set for only 3 mins",NA,Aquatic Non-Insects,153,Family,Daphniidae,Daphniidae,NotDetermined,1,0.043,0.043,NA,NA,2,SAMP,NA,NA,NA,NA,NA,NA,2   NA   NA   NA,SAMP   NA   NA   NA
STTD_2017-02-22 09:30:00,2/22/2017 9:30,STTD,2017,W,TRUE,CLR,NA,NA,10,0.18,52.7,73.9,7.58,10.99,51.8,3,Regular,525000,532648,7648,7648,23.49149716,23.49149716,1,"too much surface debris, had to redo and set for only 3 mins",NA,Aquatic Non-Insects,15,Family,Hyalellidae,Hyalellidae,NotDetermined,1,0.043,0.043,NA,NA,2,SAMP,NA,NA,NA,NA,NA,NA,2   NA   NA   NA,SAMP   NA   NA   NA
STTD_2017-02-22 09:30:00,2/22/2017 9:30,STTD,2017,W,TRUE,CLR,NA,NA,10,0.18,52.7,73.9,7.58,10.99,51.8,3,Regular,525000,532648,7648,7648,23.49149716,23.49149716,1,"too much surface debris, had to redo and set for only 3 mins",NA,Aquatic Non-Insects,118,Class,Ostracoda,Ostracod,NotDetermined,1,0.043,0.043,NA,NA,2,SAMP,NA,NA,NA,NA,NA,NA,2   NA   NA   NA,SAMP   NA   NA   NA
STTD_2017-02-22 09:30:00,2/22/2017 9:30,STTD,2017,W,TRUE,CLR,NA,NA,10,0.18,52.7,73.9,7.58,10.99,51.8,3,Regular,525000,532648,7648,7648,23.49149716,23.49149716,1,"too much surface debris, had to redo and set for only 3 mins",NA,Aquatic Non-Insects,130,Phylum,Nematoda,Nematoda,NotDetermined,2,0.085,0.085,NA,NA,2,SAMP,NA,NA,NA,NA,NA,NA,2   NA   NA   NA,SAMP   NA   NA   NA
STTD_2017-02-22 09:30:00,2/22/2017 9:30,STTD,2017,W,TRUE,CLR,NA,NA,10,0.18,52.7,73.9,7.58,10.99,51.8,3,Regular,525000,532648,7648,7648,23.49149716,23.49149716,1,"too much surface debris, had to redo and set for only 3 mins",NA,Terrestrial Insects,63,Order,Coleoptera,Coleoptera,Larvae,3,0.128,0.128,NA,NA,2,SAMP,NA,NA,NA,NA,NA,NA,2   NA   NA   NA,SAMP   NA   NA   NA
STTD_2017-02-22 09:30:00,2/22/2017 9:30,STTD,2017,W,TRUE,CLR,NA,NA,10,0.18,52.7,73.9,7.58,10.99,51.8,3,Regular,525000,532648,7648,7648,23.49149716,23.49149716,1,"too much surface debris, had to redo and set for only 3 mins",NA,Terrestrial Insects,63,Order,Coleoptera,Coleoptera,Adults,6,0.255,0.255,NA,NA,2,SAMP,NA,NA,NA,NA,NA,NA,2   NA   NA   NA,SAMP   NA   NA   NA
STTD_2017-02-22 09:30:00,2/22/2017 9:30,STTD,2017,W,TRUE,CLR,NA,NA,10,0.18,52.7,73.9,7.58,10.99,51.8,3,Regular,525000,532648,7648,7648,23.49149716,23.49149716,1,"too much surface debris, had to redo and set for only 3 mins",NA,Terrestrial Insects,64,Order,Diptera,Diptera,Larvae,1,0.043,0.043,NA,NA,2,SAMP,NA,NA,NA,NA,NA,NA,2   NA   NA   NA,SAMP   NA   NA   NA
STTD_2017-02-22 09:30:00,2/22/2017 9:30,STTD,2017,W,TRUE,CLR,NA,NA,10,0.18,52.7,73.9,7.58,10.99,51.8,3,Regular,525000,532648,7648,7648,23.49149716,23.49149716,1,"too much surface debris, had to redo and set for only 3 mins",NA,Terrestrial Insects,64,Order,Diptera,Diptera,Pupae,1,0.043,0.043,NA,NA,2,SAMP,NA,NA,NA,NA,NA,NA,2   NA   NA   NA,SAMP   NA   NA   NA
STTD_2017-02-22 09:30:00,2/22/2017 9:30,STTD,2017,W,TRUE,CLR,NA,NA,10,0.18,52.7,73.9,7.58,10.99,51.8,3,Regular,525000,532648,7648,7648,23.49149716,23.49149716,1,"too much surface debris, had to redo and set for only 3 mins",NA,Terrestrial Insects,64,Order,Diptera,Diptera,Adults,2,0.085,0.085,NA,NA,2,SAMP,NA,NA,NA,NA,NA,NA,2   NA   NA   NA,SAMP   NA   NA   NA
STTD_2017-02-22 09:30:00,2/22/2017 9:30,STTD,2017,W,TRUE,CLR,NA,NA,10,0.18,52.7,73.9,7.58,10.99,51.8,3,Regular,525000,532648,7648,7648,23.49149716,23.49149716,1,"too much surface debris, had to redo and set for only 3 mins",NA,Terrestrial Non-Insects,59,Order,Geophilomorpha,Geophilomorpha,NotDetermined,1,0.043,0.043,NA,NA,2,SAMP,NA,NA,NA,NA,NA,NA,2   NA   NA   NA,SAMP   NA   NA   NA
STTD_2017-02-22 09:30:00,2/22/2017 9:30,STTD,2017,W,TRUE,CLR,NA,NA,10,0.18,52.7,73.9,7.58,10.99,51.8,3,Regular,525000,532648,7648,7648,23.49149716,23.49149716,1,"too much surface debris, had to redo and set for only 3 mins",NA,Aquatic Non-Insects,184,Subclass,Oligochaeta,Oligochaete Worm,NotDetermined,1,0.043,0.043,NA,NA,2,SAMP,NA,NA,NA,NA,NA,NA,2   NA   NA   NA,SAMP   NA   NA   NA
STTD_2017-02-22 09:30:00,2/22/2017 9:30,STTD,2017,W,TRUE,CLR,NA,NA,10,0.18,52.7,73.9,7.58,10.99,51.8,3,Regular,525000,532648,7648,7648,23.49149716,23.49149716,1,"too much surface debris, had to redo and set for only 3 mins",NA,Aquatic Insects,36,Family,Ephydridae,Ephydridae,Adults,1,0.043,0.043,NA,NA,2,SAMP,NA,NA,NA,NA,NA,NA,2   NA   NA   NA,SAMP   NA   NA   NA
SHR_2017-02-23 08:08:00,2/23/2017 8:08,SHR,2017,W,TRUE,CLR,NA,NA,9.2,0.21,46,65.8,7.51,11.8,42.2,5,Regular,530000,536200,6200,6200,19.04383922,19.04383922,1,from sherwood boat dock,NA,Aquatic Insects,34,Family,Chironomidae,Chironomidae,Adults,3,0.158,0.158,NA,NA,NA,NA,NA,NA,NA,NA,NA,NA,NA   NA   NA   NA,NA   NA   NA   NA
SHR_2017-02-23 08:08:00,2/23/2017 8:08,SHR,2017,W,TRUE,CLR,NA,NA,9.2,0.21,46,65.8,7.51,11.8,42.2,5,Regular,530000,536200,6200,6200,19.04383922,19.04383922,1,from sherwood boat dock,NA,Aquatic Non-Insects,130,Phylum,Nematoda,Nematoda,NotDetermined,1,0.053,0.053,NA,NA,NA,NA,NA,NA,NA,NA,NA,NA,NA   NA   NA   NA,NA   NA   NA   NA
SHR_2017-03-08 08:05:00,3/8/2017 8:05,SHR,2017,W,TRUE,CLR,NA,NA,9.8,0.22,87,123,7.49,10.68,37.4,5,Regular,580000,586545,6545,6545,20.10353673,20.10353673,1,NA,NA,Aquatic Insects,46,Family,Coenagrionidae,Coenagrionidae,Larvae,1,0.05,0.05,NA,NA,NA,NA,NA,NA,NA,NA,NA,NA,NA   NA   NA   NA,NA   NA   NA   NA
SHR_2017-03-08 08:05:00,3/8/2017 8:05,SHR,2017,W,TRUE,CLR,NA,NA,9.8,0.22,87,123,7.49,10.68,37.4,5,Regular,580000,586545,6545,6545,20.10353673,20.10353673,1,NA,NA,Aquatic Insects,34,Family,Chironomidae,Chironomidae,Larvae,2,0.099,0.099,NA,NA,NA,NA,NA,NA,NA,NA,NA,NA,NA   NA   NA   NA,NA   NA   NA   NA
SHR_2017-03-08 08:05:00,3/8/2017 8:05,SHR,2017,W,TRUE,CLR,NA,NA,9.8,0.22,87,123,7.49,10.68,37.4,5,Regular,580000,586545,6545,6545,20.10353673,20.10353673,1,NA,NA,Aquatic Insects,34,Family,Chironomidae,Chironomidae,Pupae,1,0.05,0.05,NA,NA,NA,NA,NA,NA,NA,NA,NA,NA,NA   NA   NA   NA,NA   NA   NA   NA
SHR_2017-03-08 08:05:00,3/8/2017 8:05,SHR,2017,W,TRUE,CLR,NA,NA,9.8,0.22,87,123,7.49,10.68,37.4,5,Regular,580000,586545,6545,6545,20.10353673,20.10353673,1,NA,NA,Aquatic Insects,34,Family,Chironomidae,Chironomidae,Adults,9,0.448,0.448,NA,NA,NA,NA,NA,NA,NA,NA,NA,NA,NA   NA   NA   NA,NA   NA   NA   NA
SHR_2017-03-08 08:05:00,3/8/2017 8:05,SHR,2017,W,TRUE,CLR,NA,NA,9.8,0.22,87,123,7.49,10.68,37.4,5,Regular,580000,586545,6545,6545,20.10353673,20.10353673,1,NA,NA,Aquatic Non-Insects,10,Family,Crangonyctidae,Crangonyctidae,NotDetermined,1,0.05,0.05,NA,NA,NA,NA,NA,NA,NA,NA,NA,NA,NA   NA   NA   NA,NA   NA   NA   NA
SHR_2017-03-08 08:05:00,3/8/2017 8:05,SHR,2017,W,TRUE,CLR,NA,NA,9.8,0.22,87,123,7.49,10.68,37.4,5,Regular,580000,586545,6545,6545,20.10353673,20.10353673,1,NA,NA,Aquatic Non-Insects,153,Family,Daphniidae,Daphniidae,NotDetermined,1,0.05,0.05,NA,NA,NA,NA,NA,NA,NA,NA,NA,NA,NA   NA   NA   NA,NA   NA   NA   NA
SHR_2017-03-08 08:05:00,3/8/2017 8:05,SHR,2017,W,TRUE,CLR,NA,NA,9.8,0.22,87,123,7.49,10.68,37.4,5,Regular,580000,586545,6545,6545,20.10353673,20.10353673,1,NA,NA,Aquatic Non-Insects,15,Family,Hyalellidae,Hyalellidae,NotDetermined,1,0.05,0.05,NA,NA,NA,NA,NA,NA,NA,NA,NA,NA,NA   NA   NA   NA,NA   NA   NA   NA
SHR_2017-03-08 08:05:00,3/8/2017 8:05,SHR,2017,W,TRUE,CLR,NA,NA,9.8,0.22,87,123,7.49,10.68,37.4,5,Regular,580000,586545,6545,6545,20.10353673,20.10353673,1,NA,NA,Aquatic Non-Insects,18,Family,Hydridae,Hydridae,NotDetermined,1,0.05,0.05,NA,NA,NA,NA,NA,NA,NA,NA,NA,NA,NA   NA   NA   NA,NA   NA   NA   NA
STTD_2017-03-09 10:12:00,3/9/2017 10:12,STTD,2017,W,TRUE,CLR,NA,1,11.7,0.21,107,144,7.61,10.15,36,5,Regular,600000,617469,17469,17469,53.65755281,53.65755281,1,NA,NA,Aquatic Insects,34,Family,Chironomidae,Chironomidae,Larvae,5,0.093,0.093,NA,NA,NA,NA,NA,NA,NA,NA,NA,NA,NA   NA   NA   NA,NA   NA   NA   NA
STTD_2017-03-09 10:12:00,3/9/2017 10:12,STTD,2017,W,TRUE,CLR,NA,1,11.7,0.21,107,144,7.61,10.15,36,5,Regular,600000,617469,17469,17469,53.65755281,53.65755281,1,NA,NA,Aquatic Insects,34,Family,Chironomidae,Chironomidae,Pupae,11,0.205,0.205,NA,NA,NA,NA,NA,NA,NA,NA,NA,NA,NA   NA   NA   NA,NA   NA   NA   NA
STTD_2017-03-09 10:12:00,3/9/2017 10:12,STTD,2017,W,TRUE,CLR,NA,1,11.7,0.21,107,144,7.61,10.15,36,5,Regular,600000,617469,17469,17469,53.65755281,53.65755281,1,NA,NA,Aquatic Insects,34,Family,Chironomidae,Chironomidae,Adults,830,15.468,15.468,NA,NA,NA,NA,NA,NA,NA,NA,NA,NA,NA   NA   NA   NA,NA   NA   NA   NA
STTD_2017-03-09 10:12:00,3/9/2017 10:12,STTD,2017,W,TRUE,CLR,NA,1,11.7,0.21,107,144,7.61,10.15,36,5,Regular,600000,617469,17469,17469,53.65755281,53.65755281,1,NA,NA,Aquatic Insects,37,Family,Psychodidae,Psychodidae,Adults,7,0.13,0.13,NA,NA,NA,NA,NA,NA,NA,NA,NA,NA,NA   NA   NA   NA,NA   NA   NA   NA
STTD_2017-03-09 10:12:00,3/9/2017 10:12,STTD,2017,W,TRUE,CLR,NA,1,11.7,0.21,107,144,7.61,10.15,36,5,Regular,600000,617469,17469,17469,53.65755281,53.65755281,1,NA,NA,Aquatic Non-Insects,20,Family,Physidae,Physidae,NotDetermined,220,4.1,4.1,NA,NA,NA,NA,NA,NA,NA,NA,NA,NA,NA   NA   NA   NA,NA   NA   NA   NA
STTD_2017-03-09 10:12:00,3/9/2017 10:12,STTD,2017,W,TRUE,CLR,NA,1,11.7,0.21,107,144,7.61,10.15,36,5,Regular,600000,617469,17469,17469,53.65755281,53.65755281,1,NA,NA,Terrestrial Insects,71,Order,Hemiptera,Hemiptera,Larvae,2,0.037,0.037,NA,NA,NA,NA,NA,NA,NA,NA,NA,NA,NA   NA   NA   NA,NA   NA   NA   NA
STTD_2017-03-09 10:12:00,3/9/2017 10:12,STTD,2017,W,TRUE,CLR,NA,1,11.7,0.21,107,144,7.61,10.15,36,5,Regular,600000,617469,17469,17469,53.65755281,53.65755281,1,NA,NA,Terrestrial Insects,71,Order,Hemiptera,Hemiptera,Adults,8,0.149,0.149,NA,NA,NA,NA,NA,NA,NA,NA,NA,NA,NA   NA   NA   NA,NA   NA   NA   NA
STTD_2017-03-09 10:12:00,3/9/2017 10:12,STTD,2017,W,TRUE,CLR,NA,1,11.7,0.21,107,144,7.61,10.15,36,5,Regular,600000,617469,17469,17469,53.65755281,53.65755281,1,NA,NA,Terrestrial Insects,63,Order,Coleoptera,Coleoptera,Adults,12,0.224,0.224,NA,NA,NA,NA,NA,NA,NA,NA,NA,NA,NA   NA   NA   NA,NA   NA   NA   NA
STTD_2017-03-09 10:12:00,3/9/2017 10:12,STTD,2017,W,TRUE,CLR,NA,1,11.7,0.21,107,144,7.61,10.15,36,5,Regular,600000,617469,17469,17469,53.65755281,53.65755281,1,NA,NA,Terrestrial Insects,64,Order,Diptera,Diptera,Adults,8,0.149,0.149,NA,NA,NA,NA,NA,NA,NA,NA,NA,NA,NA   NA   NA   NA,NA   NA   NA   NA
STTD_2017-03-09 10:12:00,3/9/2017 10:12,STTD,2017,W,TRUE,CLR,NA,1,11.7,0.21,107,144,7.61,10.15,36,5,Regular,600000,617469,17469,17469,53.65755281,53.65755281,1,NA,NA,Terrestrial Insects,66,Order,Hymenoptera,Hymenoptera,Adults,4,0.075,0.075,NA,NA,NA,NA,NA,NA,NA,NA,NA,NA,NA   NA   NA   NA,NA   NA   NA   NA
STTD_2017-03-09 10:12:00,3/9/2017 10:12,STTD,2017,W,TRUE,CLR,NA,1,11.7,0.21,107,144,7.61,10.15,36,5,Regular,600000,617469,17469,17469,53.65755281,53.65755281,1,NA,NA,Terrestrial Insects,67,Order,Psocoptera,Psocoptera,Adults,1,0.019,0.019,NA,NA,NA,NA,NA,NA,NA,NA,NA,NA,NA   NA   NA   NA,NA   NA   NA   NA
STTD_2017-03-09 10:12:00,3/9/2017 10:12,STTD,2017,W,TRUE,CLR,NA,1,11.7,0.21,107,144,7.61,10.15,36,5,Regular,600000,617469,17469,17469,53.65755281,53.65755281,1,NA,NA,Aquatic Insects,30,Family,Dytiscidae,Dytiscidae,Adults,1,0.019,0.019,NA,NA,NA,NA,NA,NA,NA,NA,NA,NA,NA   NA   NA   NA,NA   NA   NA   NA
STTD_2017-03-09 10:12:00,3/9/2017 10:12,STTD,2017,W,TRUE,CLR,NA,1,11.7,0.21,107,144,7.61,10.15,36,5,Regular,600000,617469,17469,17469,53.65755281,53.65755281,1,NA,NA,Aquatic Insects,81,Family,Hydrophilidae,Hydrophilidae,Adults,1,0.019,0.019,NA,NA,NA,NA,NA,NA,NA,NA,NA,NA,NA   NA   NA   NA,NA   NA   NA   NA
STTD_2017-03-09 10:12:00,3/9/2017 10:12,STTD,2017,W,TRUE,CLR,NA,1,11.7,0.21,107,144,7.61,10.15,36,5,Regular,600000,617469,17469,17469,53.65755281,53.65755281,1,NA,NA,Aquatic Insects,36,Family,Ephydridae,Ephydridae,Adults,1,0.019,0.019,NA,NA,NA,NA,NA,NA,NA,NA,NA,NA,NA   NA   NA   NA,NA   NA   NA   NA
STTD_2017-03-09 10:12:00,3/9/2017 10:12,STTD,2017,W,TRUE,CLR,NA,1,11.7,0.21,107,144,7.61,10.15,36,5,Regular,600000,617469,17469,17469,53.65755281,53.65755281,1,NA,NA,Terrestrial Non-Insects,68,Order,Collembola,Collembola,NotDetermined,1,0.019,0.019,NA,NA,NA,NA,NA,NA,NA,NA,NA,NA,NA   NA   NA   NA,NA   NA   NA   NA
STTD_2017-03-09 10:12:00,3/9/2017 10:12,STTD,2017,W,TRUE,CLR,NA,1,11.7,0.21,107,144,7.61,10.15,36,5,Regular,600000,617469,17469,17469,53.65755281,53.65755281,1,NA,NA,Terrestrial Non-Insects,157,Order,Araneae,Araneae,NotDetermined,11,0.205,0.205,NA,NA,NA,NA,NA,NA,NA,NA,NA,NA,NA   NA   NA   NA,NA   NA   NA   NA
STTD_2017-03-14 09:40:00,3/14/2017 9:40,STTD,2017,W,TRUE,CLR,NA,1,17.2,0.29,340,400,8.09,10.19,22.9,5,Regular,620000,638965,18965,18965,58.25264692,58.25264692,1,NA,NA,Aquatic Insects,44,Family,Corixidae,Corixidae,Adults,1,0.017,0.017,NA,NA,NA,NA,NA,NA,NA,NA,NA,NA,NA   NA   NA   NA,NA   NA   NA   NA
STTD_2017-03-14 09:40:00,3/14/2017 9:40,STTD,2017,W,TRUE,CLR,NA,1,17.2,0.29,340,400,8.09,10.19,22.9,5,Regular,620000,638965,18965,18965,58.25264692,58.25264692,1,NA,NA,Aquatic Insects,30,Family,Dytiscidae,Dytiscidae,Adults,1,0.017,0.017,NA,NA,NA,NA,NA,NA,NA,NA,NA,NA,NA   NA   NA   NA,NA   NA   NA   NA
STTD_2017-03-14 09:40:00,3/14/2017 9:40,STTD,2017,W,TRUE,CLR,NA,1,17.2,0.29,340,400,8.09,10.19,22.9,5,Regular,620000,638965,18965,18965,58.25264692,58.25264692,1,NA,NA,Aquatic Insects,34,Family,Chironomidae,Chironomidae,Larvae,1,0.017,0.017,NA,NA,NA,NA,NA,NA,NA,NA,NA,NA,NA   NA   NA   NA,NA   NA   NA   NA
STTD_2017-03-14 09:40:00,3/14/2017 9:40,STTD,2017,W,TRUE,CLR,NA,1,17.2,0.29,340,400,8.09,10.19,22.9,5,Regular,620000,638965,18965,18965,58.25264692,58.25264692,1,NA,NA,Aquatic Insects,34,Family,Chironomidae,Chironomidae,Pupae,1,0.017,0.017,NA,NA,NA,NA,NA,NA,NA,NA,NA,NA,NA   NA   NA   NA,NA   NA   NA   NA
STTD_2017-03-14 09:40:00,3/14/2017 9:40,STTD,2017,W,TRUE,CLR,NA,1,17.2,0.29,340,400,8.09,10.19,22.9,5,Regular,620000,638965,18965,18965,58.25264692,58.25264692,1,NA,NA,Aquatic Insects,34,Family,Chironomidae,Chironomidae,Adults,716,12.291,12.291,NA,NA,NA,NA,NA,NA,NA,NA,NA,NA,NA   NA   NA   NA,NA   NA   NA   NA
STTD_2017-03-14 09:40:00,3/14/2017 9:40,STTD,2017,W,TRUE,CLR,NA,1,17.2,0.29,340,400,8.09,10.19,22.9,5,Regular,620000,638965,18965,18965,58.25264692,58.25264692,1,NA,NA,Aquatic Insects,37,Family,Psychodidae,Psychodidae,Adults,27,0.463,0.463,NA,NA,NA,NA,NA,NA,NA,NA,NA,NA,NA   NA   NA   NA,NA   NA   NA   NA
STTD_2017-03-14 09:40:00,3/14/2017 9:40,STTD,2017,W,TRUE,CLR,NA,1,17.2,0.29,340,400,8.09,10.19,22.9,5,Regular,620000,638965,18965,18965,58.25264692,58.25264692,1,NA,NA,Aquatic Non-Insects,20,Family,Physidae,Physidae,NotDetermined,355,6.094,6.094,NA,NA,NA,NA,NA,NA,NA,NA,NA,NA,NA   NA   NA   NA,NA   NA   NA   NA
STTD_2017-03-14 09:40:00,3/14/2017 9:40,STTD,2017,W,TRUE,CLR,NA,1,17.2,0.29,340,400,8.09,10.19,22.9,5,Regular,620000,638965,18965,18965,58.25264692,58.25264692,1,NA,NA,Aquatic Non-Insects,153,Family,Daphniidae,Daphniidae,NotDetermined,4,0.069,0.069,NA,NA,NA,NA,NA,NA,NA,NA,NA,NA,NA   NA   NA   NA,NA   NA   NA   NA
STTD_2017-03-14 09:40:00,3/14/2017 9:40,STTD,2017,W,TRUE,CLR,NA,1,17.2,0.29,340,400,8.09,10.19,22.9,5,Regular,620000,638965,18965,18965,58.25264692,58.25264692,1,NA,NA,Aquatic Non-Insects,118,Class,Ostracoda,Ostracod,NotDetermined,3,0.051,0.051,NA,NA,NA,NA,NA,NA,NA,NA,NA,NA,NA   NA   NA   NA,NA   NA   NA   NA
STTD_2017-03-14 09:40:00,3/14/2017 9:40,STTD,2017,W,TRUE,CLR,NA,1,17.2,0.29,340,400,8.09,10.19,22.9,5,Regular,620000,638965,18965,18965,58.25264692,58.25264692,1,NA,NA,Aquatic Non-Insects,119,Family,Limnesiidae,Limnesiidae,NotDetermined,1,0.017,0.017,NA,NA,NA,NA,NA,NA,NA,NA,NA,NA,NA   NA   NA   NA,NA   NA   NA   NA
STTD_2017-03-14 09:40:00,3/14/2017 9:40,STTD,2017,W,TRUE,CLR,NA,1,17.2,0.29,340,400,8.09,10.19,22.9,5,Regular,620000,638965,18965,18965,58.25264692,58.25264692,1,NA,NA,Aquatic Non-Insects,123,Family,Pionidae,Pionidae,NotDetermined,1,0.017,0.017,NA,NA,NA,NA,NA,NA,NA,NA,NA,NA,NA   NA   NA   NA,NA   NA   NA   NA
STTD_2017-03-14 09:40:00,3/14/2017 9:40,STTD,2017,W,TRUE,CLR,NA,1,17.2,0.29,340,400,8.09,10.19,22.9,5,Regular,620000,638965,18965,18965,58.25264692,58.25264692,1,NA,NA,Aquatic Non-Insects,94,Family,Unionicolidae,Unionicolidae,NotDetermined,1,0.017,0.017,NA,NA,NA,NA,NA,NA,NA,NA,NA,NA,NA   NA   NA   NA,NA   NA   NA   NA
STTD_2017-03-14 09:40:00,3/14/2017 9:40,STTD,2017,W,TRUE,CLR,NA,1,17.2,0.29,340,400,8.09,10.19,22.9,5,Regular,620000,638965,18965,18965,58.25264692,58.25264692,1,NA,NA,Aquatic Non-Insects,148,Family,Cottidae,Unidentified Sculpin,NotDetermined,1,0.017,0.017,NA,NA,NA,NA,NA,NA,NA,NA,NA,NA,NA   NA   NA   NA,NA   NA   NA   NA
STTD_2017-03-14 09:40:00,3/14/2017 9:40,STTD,2017,W,TRUE,CLR,NA,1,17.2,0.29,340,400,8.09,10.19,22.9,5,Regular,620000,638965,18965,18965,58.25264692,58.25264692,1,NA,NA,Aquatic Non-Insects,164,Family,Cyprinidae,Cyprinidae,NotDetermined,26,0.446,0.446,NA,NA,NA,NA,NA,NA,NA,NA,NA,NA,NA   NA   NA   NA,NA   NA   NA   NA
STTD_2017-03-14 09:40:00,3/14/2017 9:40,STTD,2017,W,TRUE,CLR,NA,1,17.2,0.29,340,400,8.09,10.19,22.9,5,Regular,620000,638965,18965,18965,58.25264692,58.25264692,1,NA,NA,Terrestrial Insects,71,Order,Hemiptera,Hemiptera,Adults,19,0.326,0.326,NA,NA,NA,NA,NA,NA,NA,NA,NA,NA,NA   NA   NA   NA,NA   NA   NA   NA
STTD_2017-03-14 09:40:00,3/14/2017 9:40,STTD,2017,W,TRUE,CLR,NA,1,17.2,0.29,340,400,8.09,10.19,22.9,5,Regular,620000,638965,18965,18965,58.25264692,58.25264692,1,NA,NA,Terrestrial Insects,63,Order,Coleoptera,Coleoptera,Adults,2,0.034,0.034,NA,NA,NA,NA,NA,NA,NA,NA,NA,NA,NA   NA   NA   NA,NA   NA   NA   NA
STTD_2017-03-14 09:40:00,3/14/2017 9:40,STTD,2017,W,TRUE,CLR,NA,1,17.2,0.29,340,400,8.09,10.19,22.9,5,Regular,620000,638965,18965,18965,58.25264692,58.25264692,1,NA,NA,Terrestrial Insects,64,Order,Diptera,Diptera,Adults,3,0.051,0.051,NA,NA,NA,NA,NA,NA,NA,NA,NA,NA,NA   NA   NA   NA,NA   NA   NA   NA
STTD_2017-03-14 09:40:00,3/14/2017 9:40,STTD,2017,W,TRUE,CLR,NA,1,17.2,0.29,340,400,8.09,10.19,22.9,5,Regular,620000,638965,18965,18965,58.25264692,58.25264692,1,NA,NA,Terrestrial Insects,73,Order,Lepidoptera,Lepidoptera,Larvae,1,0.017,0.017,NA,NA,NA,NA,NA,NA,NA,NA,NA,NA,NA   NA   NA   NA,NA   NA   NA   NA
STTD_2017-03-14 09:40:00,3/14/2017 9:40,STTD,2017,W,TRUE,CLR,NA,1,17.2,0.29,340,400,8.09,10.19,22.9,5,Regular,620000,638965,18965,18965,58.25264692,58.25264692,1,NA,NA,Terrestrial Insects,66,Order,Hymenoptera,Hymenoptera,Adults,3,0.051,0.051,NA,NA,NA,NA,NA,NA,NA,NA,NA,NA,NA   NA   NA   NA,NA   NA   NA   NA
STTD_2017-03-14 09:40:00,3/14/2017 9:40,STTD,2017,W,TRUE,CLR,NA,1,17.2,0.29,340,400,8.09,10.19,22.9,5,Regular,620000,638965,18965,18965,58.25264692,58.25264692,1,NA,NA,Terrestrial Insects,67,Order,Psocoptera,Psocoptera,Adults,1,0.017,0.017,NA,NA,NA,NA,NA,NA,NA,NA,NA,NA,NA   NA   NA   NA,NA   NA   NA   NA
STTD_2017-03-14 09:40:00,3/14/2017 9:40,STTD,2017,W,TRUE,CLR,NA,1,17.2,0.29,340,400,8.09,10.19,22.9,5,Regular,620000,638965,18965,18965,58.25264692,58.25264692,1,NA,NA,Aquatic Non-Insects,2,Family,Enchytraeidae,Enchytraeidae,NotDetermined,14,0.24,0.24,NA,NA,NA,NA,NA,NA,NA,NA,NA,NA,NA   NA   NA   NA,NA   NA   NA   NA
STTD_2017-03-14 09:40:00,3/14/2017 9:40,STTD,2017,W,TRUE,CLR,NA,1,17.2,0.29,340,400,8.09,10.19,22.9,5,Regular,620000,638965,18965,18965,58.25264692,58.25264692,1,NA,NA,Aquatic Insects,81,Family,Hydrophilidae,Hydrophilidae,Larvae,1,0.017,0.017,NA,NA,NA,NA,NA,NA,NA,NA,NA,NA,NA   NA   NA   NA,NA   NA   NA   NA
STTD_2017-03-14 09:40:00,3/14/2017 9:40,STTD,2017,W,TRUE,CLR,NA,1,17.2,0.29,340,400,8.09,10.19,22.9,5,Regular,620000,638965,18965,18965,58.25264692,58.25264692,1,NA,NA,Aquatic Insects,36,Family,Ephydridae,Ephydridae,Pupae,1,0.017,0.017,NA,NA,NA,NA,NA,NA,NA,NA,NA,NA,NA   NA   NA   NA,NA   NA   NA   NA
STTD_2017-03-14 09:40:00,3/14/2017 9:40,STTD,2017,W,TRUE,CLR,NA,1,17.2,0.29,340,400,8.09,10.19,22.9,5,Regular,620000,638965,18965,18965,58.25264692,58.25264692,1,NA,NA,Aquatic Insects,36,Family,Ephydridae,Ephydridae,Adults,1,0.017,0.017,NA,NA,NA,NA,NA,NA,NA,NA,NA,NA,NA   NA   NA   NA,NA   NA   NA   NA
STTD_2017-03-14 09:40:00,3/14/2017 9:40,STTD,2017,W,TRUE,CLR,NA,1,17.2,0.29,340,400,8.09,10.19,22.9,5,Regular,620000,638965,18965,18965,58.25264692,58.25264692,1,NA,NA,Terrestrial Non-Insects,68,Order,Collembola,Collembola,NotDetermined,3,0.051,0.051,NA,NA,NA,NA,NA,NA,NA,NA,NA,NA,NA   NA   NA   NA,NA   NA   NA   NA
SHR_2017-03-21 10:52:00,3/21/2017 10:52,SHR,2017,W,TRUE,RAN,NA,1,11.7,0.4,79,106.5,7.59,10.86,31.9,5,Regular,638990,644309,5319,5319,16.3377711,16.3377711,1,NA,NA,Aquatic Insects,34,Family,Chironomidae,Chironomidae,Adults,2,0.122,0.122,NA,NA,NA,NA,NA,NA,NA,NA,NA,NA,NA   NA   NA   NA,NA   NA   NA   NA
SHR_2017-03-21 10:52:00,3/21/2017 10:52,SHR,2017,W,TRUE,RAN,NA,1,11.7,0.4,79,106.5,7.59,10.86,31.9,5,Regular,638990,644309,5319,5319,16.3377711,16.3377711,1,NA,NA,Aquatic Non-Insects,20,Family,Physidae,Physidae,NotDetermined,1,0.061,0.061,NA,NA,NA,NA,NA,NA,NA,NA,NA,NA,NA   NA   NA   NA,NA   NA   NA   NA
SHR_2017-03-21 10:52:00,3/21/2017 10:52,SHR,2017,W,TRUE,RAN,NA,1,11.7,0.4,79,106.5,7.59,10.86,31.9,5,Regular,638990,644309,5319,5319,16.3377711,16.3377711,1,NA,NA,Aquatic Non-Insects,9,Family,Corophiidae,Corophiidae,NotDetermined,1,0.061,0.061,NA,NA,NA,NA,NA,NA,NA,NA,NA,NA,NA   NA   NA   NA,NA   NA   NA   NA
STTD_2017-03-22 09:30:00,3/22/2017 9:30,STTD,2017,W,TRUE,CLD,NA,1,15.5,0.42,297,363,8.14,8.91,27.3,3,Regular,644000,647793,3793,3793,11.65052938,11.65052938,3,Stopped set at 1 minute due to debris overload,NA,Aquatic Insects,46,Family,Coenagrionidae,Coenagrionidae,Larvae,1,0.086,0.086,NA,NA,2,SAMP,NA,NA,NA,NA,NA,NA,2   NA   NA   NA,SAMP   NA   NA   NA
STTD_2017-03-22 09:30:00,3/22/2017 9:30,STTD,2017,W,TRUE,CLD,NA,1,15.5,0.42,297,363,8.14,8.91,27.3,3,Regular,644000,647793,3793,3793,11.65052938,11.65052938,3,Stopped set at 1 minute due to debris overload,NA,Aquatic Insects,44,Family,Corixidae,Corixidae,Larvae,3,0.257,0.257,NA,NA,2,SAMP,NA,NA,NA,NA,NA,NA,2   NA   NA   NA,SAMP   NA   NA   NA
STTD_2017-03-22 09:30:00,3/22/2017 9:30,STTD,2017,W,TRUE,CLD,NA,1,15.5,0.42,297,363,8.14,8.91,27.3,3,Regular,644000,647793,3793,3793,11.65052938,11.65052938,3,Stopped set at 1 minute due to debris overload,NA,Aquatic Insects,30,Family,Dytiscidae,Dytiscidae,Adults,4,0.343,0.343,NA,NA,2,SAMP,NA,NA,NA,NA,NA,NA,2   NA   NA   NA,SAMP   NA   NA   NA
STTD_2017-03-22 09:30:00,3/22/2017 9:30,STTD,2017,W,TRUE,CLD,NA,1,15.5,0.42,297,363,8.14,8.91,27.3,3,Regular,644000,647793,3793,3793,11.65052938,11.65052938,3,Stopped set at 1 minute due to debris overload,NA,Aquatic Insects,34,Family,Chironomidae,Chironomidae,Larvae,10,0.858,0.858,NA,NA,2,SAMP,NA,NA,NA,NA,NA,NA,2   NA   NA   NA,SAMP   NA   NA   NA
STTD_2017-03-22 09:30:00,3/22/2017 9:30,STTD,2017,W,TRUE,CLD,NA,1,15.5,0.42,297,363,8.14,8.91,27.3,3,Regular,644000,647793,3793,3793,11.65052938,11.65052938,3,Stopped set at 1 minute due to debris overload,NA,Aquatic Insects,34,Family,Chironomidae,Chironomidae,Adults,4,0.343,0.343,NA,NA,2,SAMP,NA,NA,NA,NA,NA,NA,2   NA   NA   NA,SAMP   NA   NA   NA
STTD_2017-03-22 09:30:00,3/22/2017 9:30,STTD,2017,W,TRUE,CLD,NA,1,15.5,0.42,297,363,8.14,8.91,27.3,3,Regular,644000,647793,3793,3793,11.65052938,11.65052938,3,Stopped set at 1 minute due to debris overload,NA,Aquatic Insects,32,Family,Ceratopogonidae,Ceratopogonidae,Pupae,1,0.086,0.086,NA,NA,2,SAMP,NA,NA,NA,NA,NA,NA,2   NA   NA   NA,SAMP   NA   NA   NA
STTD_2017-03-22 09:30:00,3/22/2017 9:30,STTD,2017,W,TRUE,CLD,NA,1,15.5,0.42,297,363,8.14,8.91,27.3,3,Regular,644000,647793,3793,3793,11.65052938,11.65052938,3,Stopped set at 1 minute due to debris overload,NA,Aquatic Insects,37,Family,Psychodidae,Psychodidae,Pupae,2,0.172,0.172,NA,NA,2,SAMP,NA,NA,NA,NA,NA,NA,2   NA   NA   NA,SAMP   NA   NA   NA
STTD_2017-03-22 09:30:00,3/22/2017 9:30,STTD,2017,W,TRUE,CLD,NA,1,15.5,0.42,297,363,8.14,8.91,27.3,3,Regular,644000,647793,3793,3793,11.65052938,11.65052938,3,Stopped set at 1 minute due to debris overload,NA,Aquatic Non-Insects,2,Family,Enchytraeidae,Enchytraeidae,NotDetermined,34,2.918,2.918,NA,NA,2,SAMP,NA,NA,NA,NA,NA,NA,2   NA   NA   NA,SAMP   NA   NA   NA
STTD_2017-03-22 09:30:00,3/22/2017 9:30,STTD,2017,W,TRUE,CLD,NA,1,15.5,0.42,297,363,8.14,8.91,27.3,3,Regular,644000,647793,3793,3793,11.65052938,11.65052938,3,Stopped set at 1 minute due to debris overload,NA,Aquatic Non-Insects,20,Family,Physidae,Physidae,NotDetermined,241,20.686,20.686,NA,NA,2,SAMP,NA,NA,NA,NA,NA,NA,2   NA   NA   NA,SAMP   NA   NA   NA
STTD_2017-03-22 09:30:00,3/22/2017 9:30,STTD,2017,W,TRUE,CLD,NA,1,15.5,0.42,297,363,8.14,8.91,27.3,3,Regular,644000,647793,3793,3793,11.65052938,11.65052938,3,Stopped set at 1 minute due to debris overload,NA,Aquatic Non-Insects,10,Family,Crangonyctidae,Crangonyctidae,NotDetermined,3,0.257,0.257,NA,NA,2,SAMP,NA,NA,NA,NA,NA,NA,2   NA   NA   NA,SAMP   NA   NA   NA
STTD_2017-03-22 09:30:00,3/22/2017 9:30,STTD,2017,W,TRUE,CLD,NA,1,15.5,0.42,297,363,8.14,8.91,27.3,3,Regular,644000,647793,3793,3793,11.65052938,11.65052938,3,Stopped set at 1 minute due to debris overload,NA,Aquatic Non-Insects,15,Family,Hyalellidae,Hyalellidae,NotDetermined,16,1.373,1.373,NA,NA,2,SAMP,NA,NA,NA,NA,NA,NA,2   NA   NA   NA,SAMP   NA   NA   NA
STTD_2017-03-22 09:30:00,3/22/2017 9:30,STTD,2017,W,TRUE,CLD,NA,1,15.5,0.42,297,363,8.14,8.91,27.3,3,Regular,644000,647793,3793,3793,11.65052938,11.65052938,3,Stopped set at 1 minute due to debris overload,NA,Aquatic Non-Insects,130,Phylum,Nematoda,Nematoda,NotDetermined,2,0.172,0.172,NA,NA,2,SAMP,NA,NA,NA,NA,NA,NA,2   NA   NA   NA,SAMP   NA   NA   NA
STTD_2017-03-22 09:30:00,3/22/2017 9:30,STTD,2017,W,TRUE,CLD,NA,1,15.5,0.42,297,363,8.14,8.91,27.3,3,Regular,644000,647793,3793,3793,11.65052938,11.65052938,3,Stopped set at 1 minute due to debris overload,NA,Terrestrial Insects,71,Order,Hemiptera,Hemiptera,Larvae,2,0.172,0.172,NA,NA,2,SAMP,NA,NA,NA,NA,NA,NA,2   NA   NA   NA,SAMP   NA   NA   NA
STTD_2017-03-22 09:30:00,3/22/2017 9:30,STTD,2017,W,TRUE,CLD,NA,1,15.5,0.42,297,363,8.14,8.91,27.3,3,Regular,644000,647793,3793,3793,11.65052938,11.65052938,3,Stopped set at 1 minute due to debris overload,NA,Terrestrial Insects,71,Order,Hemiptera,Hemiptera,Adults,2,0.172,0.172,NA,NA,2,SAMP,NA,NA,NA,NA,NA,NA,2   NA   NA   NA,SAMP   NA   NA   NA
STTD_2017-03-22 09:30:00,3/22/2017 9:30,STTD,2017,W,TRUE,CLD,NA,1,15.5,0.42,297,363,8.14,8.91,27.3,3,Regular,644000,647793,3793,3793,11.65052938,11.65052938,3,Stopped set at 1 minute due to debris overload,NA,Terrestrial Insects,63,Order,Coleoptera,Coleoptera,Larvae,7,0.601,0.601,NA,NA,2,SAMP,NA,NA,NA,NA,NA,NA,2   NA   NA   NA,SAMP   NA   NA   NA
STTD_2017-03-22 09:30:00,3/22/2017 9:30,STTD,2017,W,TRUE,CLD,NA,1,15.5,0.42,297,363,8.14,8.91,27.3,3,Regular,644000,647793,3793,3793,11.65052938,11.65052938,3,Stopped set at 1 minute due to debris overload,NA,Terrestrial Insects,63,Order,Coleoptera,Coleoptera,Adults,33,2.832,2.832,NA,NA,2,SAMP,NA,NA,NA,NA,NA,NA,2   NA   NA   NA,SAMP   NA   NA   NA
STTD_2017-03-22 09:30:00,3/22/2017 9:30,STTD,2017,W,TRUE,CLD,NA,1,15.5,0.42,297,363,8.14,8.91,27.3,3,Regular,644000,647793,3793,3793,11.65052938,11.65052938,3,Stopped set at 1 minute due to debris overload,NA,Terrestrial Insects,64,Order,Diptera,Diptera,Larvae,1,0.086,0.086,NA,NA,2,SAMP,NA,NA,NA,NA,NA,NA,2   NA   NA   NA,SAMP   NA   NA   NA
STTD_2017-03-22 09:30:00,3/22/2017 9:30,STTD,2017,W,TRUE,CLD,NA,1,15.5,0.42,297,363,8.14,8.91,27.3,3,Regular,644000,647793,3793,3793,11.65052938,11.65052938,3,Stopped set at 1 minute due to debris overload,NA,Terrestrial Insects,64,Order,Diptera,Diptera,Adults,2,0.172,0.172,NA,NA,2,SAMP,NA,NA,NA,NA,NA,NA,2   NA   NA   NA,SAMP   NA   NA   NA
STTD_2017-03-22 09:30:00,3/22/2017 9:30,STTD,2017,W,TRUE,CLD,NA,1,15.5,0.42,297,363,8.14,8.91,27.3,3,Regular,644000,647793,3793,3793,11.65052938,11.65052938,3,Stopped set at 1 minute due to debris overload,NA,Terrestrial Non-Insects,126,Class,Gastropoda,Gastropoda,NotDetermined,1,0.086,0.086,NA,NA,2,SAMP,NA,NA,NA,NA,NA,NA,2   NA   NA   NA,SAMP   NA   NA   NA
STTD_2017-03-22 09:30:00,3/22/2017 9:30,STTD,2017,W,TRUE,CLD,NA,1,15.5,0.42,297,363,8.14,8.91,27.3,3,Regular,644000,647793,3793,3793,11.65052938,11.65052938,3,Stopped set at 1 minute due to debris overload,NA,Terrestrial Non-Insects,57,Subclass,Acari,Acari,NotDetermined,1,0.086,0.086,NA,NA,2,SAMP,NA,NA,NA,NA,NA,NA,2   NA   NA   NA,SAMP   NA   NA   NA
STTD_2017-03-22 09:30:00,3/22/2017 9:30,STTD,2017,W,TRUE,CLD,NA,1,15.5,0.42,297,363,8.14,8.91,27.3,3,Regular,644000,647793,3793,3793,11.65052938,11.65052938,3,Stopped set at 1 minute due to debris overload,NA,Terrestrial Non-Insects,59,Order,Geophilomorpha,Geophilomorpha,NotDetermined,4,0.343,0.343,NA,NA,2,SAMP,NA,NA,NA,NA,NA,NA,2   NA   NA   NA,SAMP   NA   NA   NA
STTD_2017-03-22 09:30:00,3/22/2017 9:30,STTD,2017,W,TRUE,CLD,NA,1,15.5,0.42,297,363,8.14,8.91,27.3,3,Regular,644000,647793,3793,3793,11.65052938,11.65052938,3,Stopped set at 1 minute due to debris overload,NA,Aquatic Insects,81,Family,Hydrophilidae,Hydrophilidae,Adults,1,0.086,0.086,NA,NA,2,SAMP,NA,NA,NA,NA,NA,NA,2   NA   NA   NA,SAMP   NA   NA   NA
STTD_2017-03-28 09:05:00,3/28/2017 9:05,STTD,2017,W,TRUE,CLR,NA,NA,13.4,0.33,157,201,7.84,9.94,21.8,5,Regular,660000,671255,11255,11255,34.57071137,34.57071137,1,NA,NA,Aquatic Insects,41,Family,Baetidae,Baetidae,Larvae,1,0.029,0.029,NA,NA,NA,NA,NA,NA,NA,NA,NA,NA,NA   NA   NA   NA,NA   NA   NA   NA
STTD_2017-03-28 09:05:00,3/28/2017 9:05,STTD,2017,W,TRUE,CLR,NA,NA,13.4,0.33,157,201,7.84,9.94,21.8,5,Regular,660000,671255,11255,11255,34.57071137,34.57071137,1,NA,NA,Aquatic Insects,46,Family,Coenagrionidae,Coenagrionidae,Larvae,1,0.029,0.029,NA,NA,NA,NA,NA,NA,NA,NA,NA,NA,NA   NA   NA   NA,NA   NA   NA   NA
STTD_2017-03-28 09:05:00,3/28/2017 9:05,STTD,2017,W,TRUE,CLR,NA,NA,13.4,0.33,157,201,7.84,9.94,21.8,5,Regular,660000,671255,11255,11255,34.57071137,34.57071137,1,NA,NA,Aquatic Insects,95,Family,Veliidae,Veliidae,Larvae,1,0.029,0.029,NA,NA,NA,NA,NA,NA,NA,NA,NA,NA,NA   NA   NA   NA,NA   NA   NA   NA
STTD_2017-03-28 09:05:00,3/28/2017 9:05,STTD,2017,W,TRUE,CLR,NA,NA,13.4,0.33,157,201,7.84,9.94,21.8,5,Regular,660000,671255,11255,11255,34.57071137,34.57071137,1,NA,NA,Aquatic Insects,30,Family,Dytiscidae,Dytiscidae,Adults,7,0.202,0.202,NA,NA,NA,NA,NA,NA,NA,NA,NA,NA,NA   NA   NA   NA,NA   NA   NA   NA
STTD_2017-03-28 09:05:00,3/28/2017 9:05,STTD,2017,W,TRUE,CLR,NA,NA,13.4,0.33,157,201,7.84,9.94,21.8,5,Regular,660000,671255,11255,11255,34.57071137,34.57071137,1,NA,NA,Aquatic Insects,34,Family,Chironomidae,Chironomidae,Larvae,1,0.029,0.029,NA,NA,NA,NA,NA,NA,NA,NA,NA,NA,NA   NA   NA   NA,NA   NA   NA   NA
STTD_2017-03-28 09:05:00,3/28/2017 9:05,STTD,2017,W,TRUE,CLR,NA,NA,13.4,0.33,157,201,7.84,9.94,21.8,5,Regular,660000,671255,11255,11255,34.57071137,34.57071137,1,NA,NA,Aquatic Insects,34,Family,Chironomidae,Chironomidae,Pupae,2,0.058,0.058,NA,NA,NA,NA,NA,NA,NA,NA,NA,NA,NA   NA   NA   NA,NA   NA   NA   NA
STTD_2017-03-28 09:05:00,3/28/2017 9:05,STTD,2017,W,TRUE,CLR,NA,NA,13.4,0.33,157,201,7.84,9.94,21.8,5,Regular,660000,671255,11255,11255,34.57071137,34.57071137,1,NA,NA,Aquatic Insects,34,Family,Chironomidae,Chironomidae,Adults,26,0.752,0.752,NA,NA,NA,NA,NA,NA,NA,NA,NA,NA,NA   NA   NA   NA,NA   NA   NA   NA
STTD_2017-03-28 09:05:00,3/28/2017 9:05,STTD,2017,W,TRUE,CLR,NA,NA,13.4,0.33,157,201,7.84,9.94,21.8,5,Regular,660000,671255,11255,11255,34.57071137,34.57071137,1,NA,NA,Aquatic Insects,37,Family,Psychodidae,Psychodidae,Pupae,2,0.058,0.058,NA,NA,NA,NA,NA,NA,NA,NA,NA,NA,NA   NA   NA   NA,NA   NA   NA   NA
STTD_2017-03-28 09:05:00,3/28/2017 9:05,STTD,2017,W,TRUE,CLR,NA,NA,13.4,0.33,157,201,7.84,9.94,21.8,5,Regular,660000,671255,11255,11255,34.57071137,34.57071137,1,NA,NA,Aquatic Non-Insects,2,Family,Enchytraeidae,Enchytraeidae,NotDetermined,16,0.463,0.463,NA,NA,NA,NA,NA,NA,NA,NA,NA,NA,NA   NA   NA   NA,NA   NA   NA   NA
STTD_2017-03-28 09:05:00,3/28/2017 9:05,STTD,2017,W,TRUE,CLR,NA,NA,13.4,0.33,157,201,7.84,9.94,21.8,5,Regular,660000,671255,11255,11255,34.57071137,34.57071137,1,NA,NA,Aquatic Non-Insects,20,Family,Physidae,Physidae,NotDetermined,11,0.318,0.318,NA,NA,NA,NA,NA,NA,NA,NA,NA,NA,NA   NA   NA   NA,NA   NA   NA   NA
STTD_2017-03-28 09:05:00,3/28/2017 9:05,STTD,2017,W,TRUE,CLR,NA,NA,13.4,0.33,157,201,7.84,9.94,21.8,5,Regular,660000,671255,11255,11255,34.57071137,34.57071137,1,NA,NA,Aquatic Non-Insects,10,Family,Crangonyctidae,Crangonyctidae,NotDetermined,1,0.029,0.029,NA,NA,NA,NA,NA,NA,NA,NA,NA,NA,NA   NA   NA   NA,NA   NA   NA   NA
STTD_2017-03-28 09:05:00,3/28/2017 9:05,STTD,2017,W,TRUE,CLR,NA,NA,13.4,0.33,157,201,7.84,9.94,21.8,5,Regular,660000,671255,11255,11255,34.57071137,34.57071137,1,NA,NA,Aquatic Non-Insects,15,Family,Hyalellidae,Hyalellidae,NotDetermined,1,0.029,0.029,NA,NA,NA,NA,NA,NA,NA,NA,NA,NA,NA   NA   NA   NA,NA   NA   NA   NA
STTD_2017-03-28 09:05:00,3/28/2017 9:05,STTD,2017,W,TRUE,CLR,NA,NA,13.4,0.33,157,201,7.84,9.94,21.8,5,Regular,660000,671255,11255,11255,34.57071137,34.57071137,1,NA,NA,Terrestrial Insects,71,Order,Hemiptera,Hemiptera,Adults,1,0.029,0.029,NA,NA,NA,NA,NA,NA,NA,NA,NA,NA,NA   NA   NA   NA,NA   NA   NA   NA
STTD_2017-03-28 09:05:00,3/28/2017 9:05,STTD,2017,W,TRUE,CLR,NA,NA,13.4,0.33,157,201,7.84,9.94,21.8,5,Regular,660000,671255,11255,11255,34.57071137,34.57071137,1,NA,NA,Terrestrial Insects,63,Order,Coleoptera,Coleoptera,Adults,2,0.058,0.058,NA,NA,NA,NA,NA,NA,NA,NA,NA,NA,NA   NA   NA   NA,NA   NA   NA   NA
STTD_2017-03-28 09:05:00,3/28/2017 9:05,STTD,2017,W,TRUE,CLR,NA,NA,13.4,0.33,157,201,7.84,9.94,21.8,5,Regular,660000,671255,11255,11255,34.57071137,34.57071137,1,NA,NA,Terrestrial Insects,66,Order,Hymenoptera,Hymenoptera,Adults,1,0.029,0.029,NA,NA,NA,NA,NA,NA,NA,NA,NA,NA,NA   NA   NA   NA,NA   NA   NA   NA
STTD_2017-03-28 09:05:00,3/28/2017 9:05,STTD,2017,W,TRUE,CLR,NA,NA,13.4,0.33,157,201,7.84,9.94,21.8,5,Regular,660000,671255,11255,11255,34.57071137,34.57071137,1,NA,NA,Terrestrial Insects,67,Order,Psocoptera,Psocoptera,Adults,1,0.029,0.029,NA,NA,NA,NA,NA,NA,NA,NA,NA,NA,NA   NA   NA   NA,NA   NA   NA   NA
SHR_2017-04-04 08:40:00,4/4/2017 8:40,SHR,2017,W,TRUE,CLD,NA,NA,13.5,0.3,98,125,7.56,10.31,26.5,5,Regular,670000,675314,5314,5314,16.32241317,16.32241317,1,NA,NA,Aquatic Insects,34,Family,Chironomidae,Chironomidae,Adults,7,0.429,0.429,NA,NA,NA,NA,NA,NA,NA,NA,NA,NA,NA   NA   NA   NA,NA   NA   NA   NA
SHR_2017-04-04 08:40:00,4/4/2017 8:40,SHR,2017,W,TRUE,CLD,NA,NA,13.5,0.3,98,125,7.56,10.31,26.5,5,Regular,670000,675314,5314,5314,16.32241317,16.32241317,1,NA,NA,Aquatic Non-Insects,10,Family,Crangonyctidae,Crangonyctidae,NotDetermined,1,0.061,0.061,NA,NA,NA,NA,NA,NA,NA,NA,NA,NA,NA   NA   NA   NA,NA   NA   NA   NA
SHR_2017-04-04 08:40:00,4/4/2017 8:40,SHR,2017,W,TRUE,CLD,NA,NA,13.5,0.3,98,125,7.56,10.31,26.5,5,Regular,670000,675314,5314,5314,16.32241317,16.32241317,1,NA,NA,Aquatic Non-Insects,77,Family,Hygrobatidae,Hygrobatidae,NotDetermined,1,0.061,0.061,NA,NA,NA,NA,NA,NA,NA,NA,NA,NA,NA   NA   NA   NA,NA   NA   NA   NA
SHR_2017-04-04 08:40:00,4/4/2017 8:40,SHR,2017,W,TRUE,CLD,NA,NA,13.5,0.3,98,125,7.56,10.31,26.5,5,Regular,670000,675314,5314,5314,16.32241317,16.32241317,1,NA,NA,Aquatic Non-Insects,148,Family,Cottidae,Unidentified Sculpin,NotDetermined,2,0.123,0.123,NA,NA,NA,NA,NA,NA,NA,NA,NA,NA,NA   NA   NA   NA,NA   NA   NA   NA
SHR_2017-04-04 08:40:00,4/4/2017 8:40,SHR,2017,W,TRUE,CLD,NA,NA,13.5,0.3,98,125,7.56,10.31,26.5,5,Regular,670000,675314,5314,5314,16.32241317,16.32241317,1,NA,NA,Terrestrial Insects,64,Order,Diptera,Diptera,Adults,1,0.061,0.061,NA,NA,NA,NA,NA,NA,NA,NA,NA,NA,NA   NA   NA   NA,NA   NA   NA   NA
STTD_2017-04-05 09:46:00,4/5/2017 9:46,STTD,2017,W,TRUE,CLD,NA,1,17,0.26,414,489,8.14,8.33,33.8,5,Regular,675000,688050,13050,13050,40.08420998,40.08420998,1,NA,NA,Aquatic Insects,40,Family,Caenidae,Caenidae,Larvae,1,0.025,0.025,NA,NA,NA,NA,NA,NA,NA,NA,NA,NA,NA   NA   NA   NA,NA   NA   NA   NA
STTD_2017-04-05 09:46:00,4/5/2017 9:46,STTD,2017,W,TRUE,CLD,NA,1,17,0.26,414,489,8.14,8.33,33.8,5,Regular,675000,688050,13050,13050,40.08420998,40.08420998,1,NA,NA,Aquatic Insects,46,Family,Coenagrionidae,Coenagrionidae,Larvae,3,0.075,0.075,NA,NA,NA,NA,NA,NA,NA,NA,NA,NA,NA   NA   NA   NA,NA   NA   NA   NA
STTD_2017-04-05 09:46:00,4/5/2017 9:46,STTD,2017,W,TRUE,CLD,NA,1,17,0.26,414,489,8.14,8.33,33.8,5,Regular,675000,688050,13050,13050,40.08420998,40.08420998,1,NA,NA,Aquatic Insects,44,Family,Corixidae,Corixidae,Larvae,3,0.075,0.075,NA,NA,NA,NA,NA,NA,NA,NA,NA,NA,NA   NA   NA   NA,NA   NA   NA   NA
STTD_2017-04-05 09:46:00,4/5/2017 9:46,STTD,2017,W,TRUE,CLD,NA,1,17,0.26,414,489,8.14,8.33,33.8,5,Regular,675000,688050,13050,13050,40.08420998,40.08420998,1,NA,NA,Aquatic Insects,34,Family,Chironomidae,Chironomidae,Larvae,1,0.025,0.025,NA,NA,NA,NA,NA,NA,NA,NA,NA,NA,NA   NA   NA   NA,NA   NA   NA   NA
STTD_2017-04-05 09:46:00,4/5/2017 9:46,STTD,2017,W,TRUE,CLD,NA,1,17,0.26,414,489,8.14,8.33,33.8,5,Regular,675000,688050,13050,13050,40.08420998,40.08420998,1,NA,NA,Aquatic Insects,34,Family,Chironomidae,Chironomidae,Pupae,23,0.574,0.574,NA,NA,NA,NA,NA,NA,NA,NA,NA,NA,NA   NA   NA   NA,NA   NA   NA   NA
STTD_2017-04-05 09:46:00,4/5/2017 9:46,STTD,2017,W,TRUE,CLD,NA,1,17,0.26,414,489,8.14,8.33,33.8,5,Regular,675000,688050,13050,13050,40.08420998,40.08420998,1,NA,NA,Aquatic Insects,34,Family,Chironomidae,Chironomidae,Adults,1556,38.818,38.818,NA,NA,NA,NA,NA,NA,NA,NA,NA,NA,NA   NA   NA   NA,NA   NA   NA   NA
STTD_2017-04-05 09:46:00,4/5/2017 9:46,STTD,2017,W,TRUE,CLD,NA,1,17,0.26,414,489,8.14,8.33,33.8,5,Regular,675000,688050,13050,13050,40.08420998,40.08420998,1,NA,NA,Aquatic Insects,32,Family,Ceratopogonidae,Ceratopogonidae,Adults,1,0.025,0.025,NA,NA,NA,NA,NA,NA,NA,NA,NA,NA,NA   NA   NA   NA,NA   NA   NA   NA
STTD_2017-04-05 09:46:00,4/5/2017 9:46,STTD,2017,W,TRUE,CLD,NA,1,17,0.26,414,489,8.14,8.33,33.8,5,Regular,675000,688050,13050,13050,40.08420998,40.08420998,1,NA,NA,Aquatic Insects,35,Family,Empididae,Empididae,Adults,1,0.025,0.025,NA,NA,NA,NA,NA,NA,NA,NA,NA,NA,NA   NA   NA   NA,NA   NA   NA   NA
STTD_2017-04-05 09:46:00,4/5/2017 9:46,STTD,2017,W,TRUE,CLD,NA,1,17,0.26,414,489,8.14,8.33,33.8,5,Regular,675000,688050,13050,13050,40.08420998,40.08420998,1,NA,NA,Aquatic Insects,37,Family,Psychodidae,Psychodidae,Adults,55,1.372,1.372,NA,NA,NA,NA,NA,NA,NA,NA,NA,NA,NA   NA   NA   NA,NA   NA   NA   NA
STTD_2017-04-05 09:46:00,4/5/2017 9:46,STTD,2017,W,TRUE,CLD,NA,1,17,0.26,414,489,8.14,8.33,33.8,5,Regular,675000,688050,13050,13050,40.08420998,40.08420998,1,NA,NA,Aquatic Insects,39,Family,Tipulidae,Tipulidae,Adults,1,0.025,0.025,NA,NA,NA,NA,NA,NA,NA,NA,NA,NA,NA   NA   NA   NA,NA   NA   NA   NA
STTD_2017-04-05 09:46:00,4/5/2017 9:46,STTD,2017,W,TRUE,CLD,NA,1,17,0.26,414,489,8.14,8.33,33.8,5,Regular,675000,688050,13050,13050,40.08420998,40.08420998,1,NA,NA,Aquatic Non-Insects,2,Family,Enchytraeidae,Enchytraeidae,NotDetermined,1,0.025,0.025,NA,NA,NA,NA,NA,NA,NA,NA,NA,NA,NA   NA   NA   NA,NA   NA   NA   NA
STTD_2017-04-05 09:46:00,4/5/2017 9:46,STTD,2017,W,TRUE,CLD,NA,1,17,0.26,414,489,8.14,8.33,33.8,5,Regular,675000,688050,13050,13050,40.08420998,40.08420998,1,NA,NA,Aquatic Non-Insects,20,Family,Physidae,Physidae,NotDetermined,160,3.992,3.992,NA,NA,NA,NA,NA,NA,NA,NA,NA,NA,NA   NA   NA   NA,NA   NA   NA   NA
STTD_2017-04-05 09:46:00,4/5/2017 9:46,STTD,2017,W,TRUE,CLD,NA,1,17,0.26,414,489,8.14,8.33,33.8,5,Regular,675000,688050,13050,13050,40.08420998,40.08420998,1,NA,NA,Aquatic Non-Insects,168,Order,Calanoida,Calanoid,NotDetermined,1,0.025,0.025,NA,NA,NA,NA,NA,NA,NA,NA,NA,NA,NA   NA   NA   NA,NA   NA   NA   NA
STTD_2017-04-05 09:46:00,4/5/2017 9:46,STTD,2017,W,TRUE,CLD,NA,1,17,0.26,414,489,8.14,8.33,33.8,5,Regular,675000,688050,13050,13050,40.08420998,40.08420998,1,NA,NA,Aquatic Non-Insects,10,Family,Crangonyctidae,Crangonyctidae,NotDetermined,10,0.249,0.249,NA,NA,NA,NA,NA,NA,NA,NA,NA,NA,NA   NA   NA   NA,NA   NA   NA   NA
STTD_2017-04-05 09:46:00,4/5/2017 9:46,STTD,2017,W,TRUE,CLD,NA,1,17,0.26,414,489,8.14,8.33,33.8,5,Regular,675000,688050,13050,13050,40.08420998,40.08420998,1,NA,NA,Aquatic Non-Insects,15,Family,Hyalellidae,Hyalellidae,NotDetermined,24,0.599,0.599,NA,NA,NA,NA,NA,NA,NA,NA,NA,NA,NA   NA   NA   NA,NA   NA   NA   NA
STTD_2017-04-05 09:46:00,4/5/2017 9:46,STTD,2017,W,TRUE,CLD,NA,1,17,0.26,414,489,8.14,8.33,33.8,5,Regular,675000,688050,13050,13050,40.08420998,40.08420998,1,NA,NA,Aquatic Non-Insects,118,Class,Ostracoda,Ostracod,NotDetermined,1,0.025,0.025,NA,NA,NA,NA,NA,NA,NA,NA,NA,NA,NA   NA   NA   NA,NA   NA   NA   NA
STTD_2017-04-05 09:46:00,4/5/2017 9:46,STTD,2017,W,TRUE,CLD,NA,1,17,0.26,414,489,8.14,8.33,33.8,5,Regular,675000,688050,13050,13050,40.08420998,40.08420998,1,NA,NA,Aquatic Non-Insects,148,Family,Cottidae,Unidentified Sculpin,NotDetermined,2,0.05,0.05,NA,NA,NA,NA,NA,NA,NA,NA,NA,NA,NA   NA   NA   NA,NA   NA   NA   NA
STTD_2017-04-05 09:46:00,4/5/2017 9:46,STTD,2017,W,TRUE,CLD,NA,1,17,0.26,414,489,8.14,8.33,33.8,5,Regular,675000,688050,13050,13050,40.08420998,40.08420998,1,NA,NA,Terrestrial Insects,71,Order,Hemiptera,Hemiptera,Larvae,4,0.1,0.1,NA,NA,NA,NA,NA,NA,NA,NA,NA,NA,NA   NA   NA   NA,NA   NA   NA   NA
STTD_2017-04-05 09:46:00,4/5/2017 9:46,STTD,2017,W,TRUE,CLD,NA,1,17,0.26,414,489,8.14,8.33,33.8,5,Regular,675000,688050,13050,13050,40.08420998,40.08420998,1,NA,NA,Terrestrial Insects,71,Order,Hemiptera,Hemiptera,Adults,11,0.274,0.274,NA,NA,NA,NA,NA,NA,NA,NA,NA,NA,NA   NA   NA   NA,NA   NA   NA   NA
STTD_2017-04-05 09:46:00,4/5/2017 9:46,STTD,2017,W,TRUE,CLD,NA,1,17,0.26,414,489,8.14,8.33,33.8,5,Regular,675000,688050,13050,13050,40.08420998,40.08420998,1,NA,NA,Terrestrial Insects,63,Order,Coleoptera,Coleoptera,Adults,8,0.2,0.2,NA,NA,NA,NA,NA,NA,NA,NA,NA,NA,NA   NA   NA   NA,NA   NA   NA   NA
STTD_2017-04-05 09:46:00,4/5/2017 9:46,STTD,2017,W,TRUE,CLD,NA,1,17,0.26,414,489,8.14,8.33,33.8,5,Regular,675000,688050,13050,13050,40.08420998,40.08420998,1,NA,NA,Terrestrial Insects,64,Order,Diptera,Diptera,Adults,20,0.499,0.499,NA,NA,NA,NA,NA,NA,NA,NA,NA,NA,NA   NA   NA   NA,NA   NA   NA   NA
STTD_2017-04-05 09:46:00,4/5/2017 9:46,STTD,2017,W,TRUE,CLD,NA,1,17,0.26,414,489,8.14,8.33,33.8,5,Regular,675000,688050,13050,13050,40.08420998,40.08420998,1,NA,NA,Terrestrial Insects,66,Order,Hymenoptera,Hymenoptera,Adults,14,0.349,0.349,NA,NA,NA,NA,NA,NA,NA,NA,NA,NA,NA   NA   NA   NA,NA   NA   NA   NA
STTD_2017-04-05 09:46:00,4/5/2017 9:46,STTD,2017,W,TRUE,CLD,NA,1,17,0.26,414,489,8.14,8.33,33.8,5,Regular,675000,688050,13050,13050,40.08420998,40.08420998,1,NA,NA,Terrestrial Insects,67,Order,Psocoptera,Psocoptera,Adults,1,0.025,0.025,NA,NA,NA,NA,NA,NA,NA,NA,NA,NA,NA   NA   NA   NA,NA   NA   NA   NA
STTD_2017-04-05 09:46:00,4/5/2017 9:46,STTD,2017,W,TRUE,CLD,NA,1,17,0.26,414,489,8.14,8.33,33.8,5,Regular,675000,688050,13050,13050,40.08420998,40.08420998,1,NA,NA,Terrestrial Non-Insects,157,Order,Araneae,Araneae,NotDetermined,2,0.05,0.05,NA,NA,NA,NA,NA,NA,NA,NA,NA,NA,NA   NA   NA   NA,NA   NA   NA   NA
STTD_2017-04-05 09:46:00,4/5/2017 9:46,STTD,2017,W,TRUE,CLD,NA,1,17,0.26,414,489,8.14,8.33,33.8,5,Regular,675000,688050,13050,13050,40.08420998,40.08420998,1,NA,NA,Aquatic Insects,36,Family,Ephydridae,Ephydridae,Adults,2,0.05,0.05,NA,NA,NA,NA,NA,NA,NA,NA,NA,NA,NA   NA   NA   NA,NA   NA   NA   NA
STTD_2017-04-13 10:09:00,4/13/2017 10:09,STTD,2017,W,TRUE,RAN,NA,1,14.7,0.26,114,217,7.9,9.14,27.7,3,Regular,690000,699540,9540,9540,29.30293971,29.30293971,1,NA,NA,Aquatic Insects,46,Family,Coenagrionidae,Coenagrionidae,Larvae,1,0.034,0.034,NA,NA,NA,NA,NA,NA,NA,NA,NA,NA,NA   NA   NA   NA,NA   NA   NA   NA
STTD_2017-04-13 10:09:00,4/13/2017 10:09,STTD,2017,W,TRUE,RAN,NA,1,14.7,0.26,114,217,7.9,9.14,27.7,3,Regular,690000,699540,9540,9540,29.30293971,29.30293971,1,NA,NA,Aquatic Insects,44,Family,Corixidae,Corixidae,Larvae,1,0.034,0.034,NA,NA,NA,NA,NA,NA,NA,NA,NA,NA,NA   NA   NA   NA,NA   NA   NA   NA
STTD_2017-04-13 10:09:00,4/13/2017 10:09,STTD,2017,W,TRUE,RAN,NA,1,14.7,0.26,114,217,7.9,9.14,27.7,3,Regular,690000,699540,9540,9540,29.30293971,29.30293971,1,NA,NA,Aquatic Insects,30,Family,Dytiscidae,Dytiscidae,Adults,7,0.239,0.239,NA,NA,NA,NA,NA,NA,NA,NA,NA,NA,NA   NA   NA   NA,NA   NA   NA   NA
STTD_2017-04-13 10:09:00,4/13/2017 10:09,STTD,2017,W,TRUE,RAN,NA,1,14.7,0.26,114,217,7.9,9.14,27.7,3,Regular,690000,699540,9540,9540,29.30293971,29.30293971,1,NA,NA,Aquatic Insects,34,Family,Chironomidae,Chironomidae,Pupae,7,0.239,0.239,NA,NA,NA,NA,NA,NA,NA,NA,NA,NA,NA   NA   NA   NA,NA   NA   NA   NA
STTD_2017-04-13 10:09:00,4/13/2017 10:09,STTD,2017,W,TRUE,RAN,NA,1,14.7,0.26,114,217,7.9,9.14,27.7,3,Regular,690000,699540,9540,9540,29.30293971,29.30293971,1,NA,NA,Aquatic Insects,34,Family,Chironomidae,Chironomidae,Adults,146,4.982,4.982,NA,NA,NA,NA,NA,NA,NA,NA,NA,NA,NA   NA   NA   NA,NA   NA   NA   NA
STTD_2017-04-13 10:09:00,4/13/2017 10:09,STTD,2017,W,TRUE,RAN,NA,1,14.7,0.26,114,217,7.9,9.14,27.7,3,Regular,690000,699540,9540,9540,29.30293971,29.30293971,1,NA,NA,Aquatic Insects,32,Family,Ceratopogonidae,Ceratopogonidae,Pupae,68,2.321,2.321,NA,NA,NA,NA,NA,NA,NA,NA,NA,NA,NA   NA   NA   NA,NA   NA   NA   NA
STTD_2017-04-13 10:09:00,4/13/2017 10:09,STTD,2017,W,TRUE,RAN,NA,1,14.7,0.26,114,217,7.9,9.14,27.7,3,Regular,690000,699540,9540,9540,29.30293971,29.30293971,1,NA,NA,Aquatic Insects,32,Family,Ceratopogonidae,Ceratopogonidae,Adults,2,0.068,0.068,NA,NA,NA,NA,NA,NA,NA,NA,NA,NA,NA   NA   NA   NA,NA   NA   NA   NA
STTD_2017-04-13 10:09:00,4/13/2017 10:09,STTD,2017,W,TRUE,RAN,NA,1,14.7,0.26,114,217,7.9,9.14,27.7,3,Regular,690000,699540,9540,9540,29.30293971,29.30293971,1,NA,NA,Aquatic Insects,37,Family,Psychodidae,Psychodidae,Adults,2,0.068,0.068,NA,NA,NA,NA,NA,NA,NA,NA,NA,NA,NA   NA   NA   NA,NA   NA   NA   NA
STTD_2017-04-13 10:09:00,4/13/2017 10:09,STTD,2017,W,TRUE,RAN,NA,1,14.7,0.26,114,217,7.9,9.14,27.7,3,Regular,690000,699540,9540,9540,29.30293971,29.30293971,1,NA,NA,Aquatic Non-Insects,2,Family,Enchytraeidae,Enchytraeidae,NotDetermined,1,0.034,0.034,NA,NA,NA,NA,NA,NA,NA,NA,NA,NA,NA   NA   NA   NA,NA   NA   NA   NA
STTD_2017-04-13 10:09:00,4/13/2017 10:09,STTD,2017,W,TRUE,RAN,NA,1,14.7,0.26,114,217,7.9,9.14,27.7,3,Regular,690000,699540,9540,9540,29.30293971,29.30293971,1,NA,NA,Aquatic Non-Insects,19,Family,Corbiculidae,Corbiculidae,NotDetermined,17,0.58,0.58,NA,NA,NA,NA,NA,NA,NA,NA,NA,NA,NA   NA   NA   NA,NA   NA   NA   NA
STTD_2017-04-13 10:09:00,4/13/2017 10:09,STTD,2017,W,TRUE,RAN,NA,1,14.7,0.26,114,217,7.9,9.14,27.7,3,Regular,690000,699540,9540,9540,29.30293971,29.30293971,1,NA,NA,Aquatic Non-Insects,20,Family,Physidae,Physidae,NotDetermined,332,11.33,11.33,NA,NA,NA,NA,NA,NA,NA,NA,NA,NA,NA   NA   NA   NA,NA   NA   NA   NA
STTD_2017-04-13 10:09:00,4/13/2017 10:09,STTD,2017,W,TRUE,RAN,NA,1,14.7,0.26,114,217,7.9,9.14,27.7,3,Regular,690000,699540,9540,9540,29.30293971,29.30293971,1,NA,NA,Aquatic Non-Insects,10,Family,Crangonyctidae,Crangonyctidae,NotDetermined,9,0.307,0.307,NA,NA,NA,NA,NA,NA,NA,NA,NA,NA,NA   NA   NA   NA,NA   NA   NA   NA
STTD_2017-04-13 10:09:00,4/13/2017 10:09,STTD,2017,W,TRUE,RAN,NA,1,14.7,0.26,114,217,7.9,9.14,27.7,3,Regular,690000,699540,9540,9540,29.30293971,29.30293971,1,NA,NA,Aquatic Non-Insects,7,Order,Cyclopoida,Cyclopoid,NotDetermined,1,0.034,0.034,NA,NA,NA,NA,NA,NA,NA,NA,NA,NA,NA   NA   NA   NA,NA   NA   NA   NA
STTD_2017-04-13 10:09:00,4/13/2017 10:09,STTD,2017,W,TRUE,RAN,NA,1,14.7,0.26,114,217,7.9,9.14,27.7,3,Regular,690000,699540,9540,9540,29.30293971,29.30293971,1,NA,NA,Aquatic Non-Insects,154,Order,Cyclopoida,Cyclopoid,NotDetermined,1,0.034,0.034,NA,NA,NA,NA,NA,NA,NA,NA,NA,NA,NA   NA   NA   NA,NA   NA   NA   NA
STTD_2017-04-13 10:09:00,4/13/2017 10:09,STTD,2017,W,TRUE,RAN,NA,1,14.7,0.26,114,217,7.9,9.14,27.7,3,Regular,690000,699540,9540,9540,29.30293971,29.30293971,1,NA,NA,Aquatic Non-Insects,153,Family,Daphniidae,Daphniidae,NotDetermined,2,0.068,0.068,NA,NA,NA,NA,NA,NA,NA,NA,NA,NA,NA   NA   NA   NA,NA   NA   NA   NA
STTD_2017-04-13 10:09:00,4/13/2017 10:09,STTD,2017,W,TRUE,RAN,NA,1,14.7,0.26,114,217,7.9,9.14,27.7,3,Regular,690000,699540,9540,9540,29.30293971,29.30293971,1,NA,NA,Aquatic Non-Insects,15,Family,Hyalellidae,Hyalellidae,NotDetermined,4,0.137,0.137,NA,NA,NA,NA,NA,NA,NA,NA,NA,NA,NA   NA   NA   NA,NA   NA   NA   NA
STTD_2017-04-13 10:09:00,4/13/2017 10:09,STTD,2017,W,TRUE,RAN,NA,1,14.7,0.26,114,217,7.9,9.14,27.7,3,Regular,690000,699540,9540,9540,29.30293971,29.30293971,1,NA,NA,Aquatic Non-Insects,164,Family,Cyprinidae,Cyprinidae,NotDetermined,1,0.034,0.034,NA,NA,NA,NA,NA,NA,NA,NA,NA,NA,NA   NA   NA   NA,NA   NA   NA   NA
STTD_2017-04-13 10:09:00,4/13/2017 10:09,STTD,2017,W,TRUE,RAN,NA,1,14.7,0.26,114,217,7.9,9.14,27.7,3,Regular,690000,699540,9540,9540,29.30293971,29.30293971,1,NA,NA,Terrestrial Insects,71,Order,Hemiptera,Hemiptera,Larvae,10,0.341,0.341,NA,NA,NA,NA,NA,NA,NA,NA,NA,NA,NA   NA   NA   NA,NA   NA   NA   NA
STTD_2017-04-13 10:09:00,4/13/2017 10:09,STTD,2017,W,TRUE,RAN,NA,1,14.7,0.26,114,217,7.9,9.14,27.7,3,Regular,690000,699540,9540,9540,29.30293971,29.30293971,1,NA,NA,Terrestrial Insects,71,Order,Hemiptera,Hemiptera,Adults,31,1.058,1.058,NA,NA,NA,NA,NA,NA,NA,NA,NA,NA,NA   NA   NA   NA,NA   NA   NA   NA
STTD_2017-04-13 10:09:00,4/13/2017 10:09,STTD,2017,W,TRUE,RAN,NA,1,14.7,0.26,114,217,7.9,9.14,27.7,3,Regular,690000,699540,9540,9540,29.30293971,29.30293971,1,NA,NA,Terrestrial Insects,63,Order,Coleoptera,Coleoptera,Adults,43,1.467,1.467,NA,NA,NA,NA,NA,NA,NA,NA,NA,NA,NA   NA   NA   NA,NA   NA   NA   NA
STTD_2017-04-13 10:09:00,4/13/2017 10:09,STTD,2017,W,TRUE,RAN,NA,1,14.7,0.26,114,217,7.9,9.14,27.7,3,Regular,690000,699540,9540,9540,29.30293971,29.30293971,1,NA,NA,Terrestrial Insects,64,Order,Diptera,Diptera,Adults,26,0.887,0.887,NA,NA,NA,NA,NA,NA,NA,NA,NA,NA,NA   NA   NA   NA,NA   NA   NA   NA
STTD_2017-04-13 10:09:00,4/13/2017 10:09,STTD,2017,W,TRUE,RAN,NA,1,14.7,0.26,114,217,7.9,9.14,27.7,3,Regular,690000,699540,9540,9540,29.30293971,29.30293971,1,NA,NA,Terrestrial Insects,73,Order,Lepidoptera,Lepidoptera,Larvae,1,0.034,0.034,NA,NA,NA,NA,NA,NA,NA,NA,NA,NA,NA   NA   NA   NA,NA   NA   NA   NA
STTD_2017-04-13 10:09:00,4/13/2017 10:09,STTD,2017,W,TRUE,RAN,NA,1,14.7,0.26,114,217,7.9,9.14,27.7,3,Regular,690000,699540,9540,9540,29.30293971,29.30293971,1,NA,NA,Terrestrial Insects,66,Order,Hymenoptera,Hymenoptera,Adults,10,0.341,0.341,NA,NA,NA,NA,NA,NA,NA,NA,NA,NA,NA   NA   NA   NA,NA   NA   NA   NA
STTD_2017-04-13 10:09:00,4/13/2017 10:09,STTD,2017,W,TRUE,RAN,NA,1,14.7,0.26,114,217,7.9,9.14,27.7,3,Regular,690000,699540,9540,9540,29.30293971,29.30293971,1,NA,NA,Terrestrial Insects,67,Order,Psocoptera,Psocoptera,Adults,1,0.034,0.034,NA,NA,NA,NA,NA,NA,NA,NA,NA,NA,NA   NA   NA   NA,NA   NA   NA   NA
STTD_2017-04-13 10:09:00,4/13/2017 10:09,STTD,2017,W,TRUE,RAN,NA,1,14.7,0.26,114,217,7.9,9.14,27.7,3,Regular,690000,699540,9540,9540,29.30293971,29.30293971,1,NA,NA,Terrestrial Non-Insects,57,Subclass,Acari,Acari,NotDetermined,1,0.034,0.034,NA,NA,NA,NA,NA,NA,NA,NA,NA,NA,NA   NA   NA   NA,NA   NA   NA   NA
STTD_2017-04-13 10:09:00,4/13/2017 10:09,STTD,2017,W,TRUE,RAN,NA,1,14.7,0.26,114,217,7.9,9.14,27.7,3,Regular,690000,699540,9540,9540,29.30293971,29.30293971,1,NA,NA,Terrestrial Non-Insects,157,Order,Araneae,Araneae,NotDetermined,5,0.171,0.171,NA,NA,NA,NA,NA,NA,NA,NA,NA,NA,NA   NA   NA   NA,NA   NA   NA   NA
STTD_2017-04-13 10:09:00,4/13/2017 10:09,STTD,2017,W,TRUE,RAN,NA,1,14.7,0.26,114,217,7.9,9.14,27.7,3,Regular,690000,699540,9540,9540,29.30293971,29.30293971,1,NA,NA,Aquatic Insects,81,Family,Hydrophilidae,Hydrophilidae,Adults,1,0.034,0.034,NA,NA,NA,NA,NA,NA,NA,NA,NA,NA,NA   NA   NA   NA,NA   NA   NA   NA
STTD_2017-04-13 10:09:00,4/13/2017 10:09,STTD,2017,W,TRUE,RAN,NA,1,14.7,0.26,114,217,7.9,9.14,27.7,3,Regular,690000,699540,9540,9540,29.30293971,29.30293971,1,NA,NA,Aquatic Insects,36,Family,Ephydridae,Ephydridae,Larvae,1,0.034,0.034,NA,NA,NA,NA,NA,NA,NA,NA,NA,NA,NA   NA   NA   NA,NA   NA   NA   NA
STTD_2017-04-18 09:40:00,4/18/2017 9:40,STTD,2017,W,TRUE,CLD,NA,1,13.4,0.33,100,129,7.24,9.26,22,5,Regular,700000,713278,13278,13278,40.78453181,40.78453181,1,NA,NA,Aquatic Insects,46,Family,Coenagrionidae,Coenagrionidae,Larvae,1,0.025,0.025,NA,NA,NA,NA,NA,NA,NA,NA,NA,NA,NA   NA   NA   NA,NA   NA   NA   NA
STTD_2017-04-18 09:40:00,4/18/2017 9:40,STTD,2017,W,TRUE,CLD,NA,1,13.4,0.33,100,129,7.24,9.26,22,5,Regular,700000,713278,13278,13278,40.78453181,40.78453181,1,NA,NA,Aquatic Insects,44,Family,Corixidae,Corixidae,Larvae,1,0.025,0.025,NA,NA,NA,NA,NA,NA,NA,NA,NA,NA,NA   NA   NA   NA,NA   NA   NA   NA
STTD_2017-04-18 09:40:00,4/18/2017 9:40,STTD,2017,W,TRUE,CLD,NA,1,13.4,0.33,100,129,7.24,9.26,22,5,Regular,700000,713278,13278,13278,40.78453181,40.78453181,1,NA,NA,Aquatic Insects,30,Family,Dytiscidae,Dytiscidae,Adults,1,0.025,0.025,NA,NA,NA,NA,NA,NA,NA,NA,NA,NA,NA   NA   NA   NA,NA   NA   NA   NA
STTD_2017-04-18 09:40:00,4/18/2017 9:40,STTD,2017,W,TRUE,CLD,NA,1,13.4,0.33,100,129,7.24,9.26,22,5,Regular,700000,713278,13278,13278,40.78453181,40.78453181,1,NA,NA,Aquatic Insects,34,Family,Chironomidae,Chironomidae,Larvae,1,0.025,0.025,NA,NA,NA,NA,NA,NA,NA,NA,NA,NA,NA   NA   NA   NA,NA   NA   NA   NA
STTD_2017-04-18 09:40:00,4/18/2017 9:40,STTD,2017,W,TRUE,CLD,NA,1,13.4,0.33,100,129,7.24,9.26,22,5,Regular,700000,713278,13278,13278,40.78453181,40.78453181,1,NA,NA,Aquatic Insects,34,Family,Chironomidae,Chironomidae,Pupae,5,0.123,0.123,NA,NA,NA,NA,NA,NA,NA,NA,NA,NA,NA   NA   NA   NA,NA   NA   NA   NA
STTD_2017-04-18 09:40:00,4/18/2017 9:40,STTD,2017,W,TRUE,CLD,NA,1,13.4,0.33,100,129,7.24,9.26,22,5,Regular,700000,713278,13278,13278,40.78453181,40.78453181,1,NA,NA,Aquatic Insects,34,Family,Chironomidae,Chironomidae,Adults,80,1.962,1.962,NA,NA,NA,NA,NA,NA,NA,NA,NA,NA,NA   NA   NA   NA,NA   NA   NA   NA
STTD_2017-04-18 09:40:00,4/18/2017 9:40,STTD,2017,W,TRUE,CLD,NA,1,13.4,0.33,100,129,7.24,9.26,22,5,Regular,700000,713278,13278,13278,40.78453181,40.78453181,1,NA,NA,Aquatic Insects,32,Family,Ceratopogonidae,Ceratopogonidae,Pupae,8,0.196,0.196,NA,NA,NA,NA,NA,NA,NA,NA,NA,NA,NA   NA   NA   NA,NA   NA   NA   NA
STTD_2017-04-18 09:40:00,4/18/2017 9:40,STTD,2017,W,TRUE,CLD,NA,1,13.4,0.33,100,129,7.24,9.26,22,5,Regular,700000,713278,13278,13278,40.78453181,40.78453181,1,NA,NA,Aquatic Insects,37,Family,Psychodidae,Psychodidae,Adults,1,0.025,0.025,NA,NA,NA,NA,NA,NA,NA,NA,NA,NA,NA   NA   NA   NA,NA   NA   NA   NA
STTD_2017-04-18 09:40:00,4/18/2017 9:40,STTD,2017,W,TRUE,CLD,NA,1,13.4,0.33,100,129,7.24,9.26,22,5,Regular,700000,713278,13278,13278,40.78453181,40.78453181,1,NA,NA,Aquatic Non-Insects,2,Family,Enchytraeidae,Enchytraeidae,NotDetermined,4,0.098,0.098,NA,NA,NA,NA,NA,NA,NA,NA,NA,NA,NA   NA   NA   NA,NA   NA   NA   NA
STTD_2017-04-18 09:40:00,4/18/2017 9:40,STTD,2017,W,TRUE,CLD,NA,1,13.4,0.33,100,129,7.24,9.26,22,5,Regular,700000,713278,13278,13278,40.78453181,40.78453181,1,NA,NA,Aquatic Non-Insects,20,Family,Physidae,Physidae,NotDetermined,137,3.359,3.359,NA,NA,NA,NA,NA,NA,NA,NA,NA,NA,NA   NA   NA   NA,NA   NA   NA   NA
STTD_2017-04-18 09:40:00,4/18/2017 9:40,STTD,2017,W,TRUE,CLD,NA,1,13.4,0.33,100,129,7.24,9.26,22,5,Regular,700000,713278,13278,13278,40.78453181,40.78453181,1,NA,NA,Aquatic Non-Insects,10,Family,Crangonyctidae,Crangonyctidae,NotDetermined,3,0.074,0.074,NA,NA,NA,NA,NA,NA,NA,NA,NA,NA,NA   NA   NA   NA,NA   NA   NA   NA
STTD_2017-04-18 09:40:00,4/18/2017 9:40,STTD,2017,W,TRUE,CLD,NA,1,13.4,0.33,100,129,7.24,9.26,22,5,Regular,700000,713278,13278,13278,40.78453181,40.78453181,1,NA,NA,Aquatic Non-Insects,15,Family,Hyalellidae,Hyalellidae,NotDetermined,4,0.098,0.098,NA,NA,NA,NA,NA,NA,NA,NA,NA,NA,NA   NA   NA   NA,NA   NA   NA   NA
STTD_2017-04-18 09:40:00,4/18/2017 9:40,STTD,2017,W,TRUE,CLD,NA,1,13.4,0.33,100,129,7.24,9.26,22,5,Regular,700000,713278,13278,13278,40.78453181,40.78453181,1,NA,NA,Terrestrial Insects,71,Order,Hemiptera,Hemiptera,Larvae,2,0.049,0.049,NA,NA,NA,NA,NA,NA,NA,NA,NA,NA,NA   NA   NA   NA,NA   NA   NA   NA
STTD_2017-04-18 09:40:00,4/18/2017 9:40,STTD,2017,W,TRUE,CLD,NA,1,13.4,0.33,100,129,7.24,9.26,22,5,Regular,700000,713278,13278,13278,40.78453181,40.78453181,1,NA,NA,Terrestrial Insects,63,Order,Coleoptera,Coleoptera,Adults,2,0.049,0.049,NA,NA,NA,NA,NA,NA,NA,NA,NA,NA,NA   NA   NA   NA,NA   NA   NA   NA
STTD_2017-04-18 09:40:00,4/18/2017 9:40,STTD,2017,W,TRUE,CLD,NA,1,13.4,0.33,100,129,7.24,9.26,22,5,Regular,700000,713278,13278,13278,40.78453181,40.78453181,1,NA,NA,Terrestrial Insects,64,Order,Diptera,Diptera,Adults,1,0.025,0.025,NA,NA,NA,NA,NA,NA,NA,NA,NA,NA,NA   NA   NA   NA,NA   NA   NA   NA
STTD_2017-04-18 09:40:00,4/18/2017 9:40,STTD,2017,W,TRUE,CLD,NA,1,13.4,0.33,100,129,7.24,9.26,22,5,Regular,700000,713278,13278,13278,40.78453181,40.78453181,1,NA,NA,Terrestrial Insects,66,Order,Hymenoptera,Hymenoptera,Adults,2,0.049,0.049,NA,NA,NA,NA,NA,NA,NA,NA,NA,NA,NA   NA   NA   NA,NA   NA   NA   NA
STTD_2017-04-18 09:40:00,4/18/2017 9:40,STTD,2017,W,TRUE,CLD,NA,1,13.4,0.33,100,129,7.24,9.26,22,5,Regular,700000,713278,13278,13278,40.78453181,40.78453181,1,NA,NA,Terrestrial Non-Insects,57,Subclass,Acari,Acari,NotDetermined,1,0.025,0.025,NA,NA,NA,NA,NA,NA,NA,NA,NA,NA,NA   NA   NA   NA,NA   NA   NA   NA
SHR_2017-04-19 08:48:00,4/19/2017 8:48,SHR,2017,W,TRUE,CLR,NA,1,12.1,1,66,87.4,7.25,11.02,18.8,5,Regular,713360,719779,6419,6419,19.71651677,19.71651677,1,NA,NA,Aquatic Insects,34,Family,Chironomidae,Chironomidae,Pupae,3,0.152,0.152,NA,NA,NA,NA,NA,NA,NA,NA,NA,NA,NA   NA   NA   NA,NA   NA   NA   NA
SHR_2017-04-19 08:48:00,4/19/2017 8:48,SHR,2017,W,TRUE,CLR,NA,1,12.1,1,66,87.4,7.25,11.02,18.8,5,Regular,713360,719779,6419,6419,19.71651677,19.71651677,1,NA,NA,Aquatic Insects,34,Family,Chironomidae,Chironomidae,Adults,5,0.254,0.254,NA,NA,NA,NA,NA,NA,NA,NA,NA,NA,NA   NA   NA   NA,NA   NA   NA   NA
SHR_2017-04-19 08:48:00,4/19/2017 8:48,SHR,2017,W,TRUE,CLR,NA,1,12.1,1,66,87.4,7.25,11.02,18.8,5,Regular,713360,719779,6419,6419,19.71651677,19.71651677,1,NA,NA,Aquatic Non-Insects,10,Family,Crangonyctidae,Crangonyctidae,NotDetermined,1,0.051,0.051,NA,NA,NA,NA,NA,NA,NA,NA,NA,NA,NA   NA   NA   NA,NA   NA   NA   NA
STTD_2017-04-26 09:49:00,4/26/2017 9:49,STTD,2017,W,TRUE,RAN,NA,1,15.7,0.41,99.3,121,7.11,9.53,18,4,Regular,719800,731247,11447,11447,35.16045606,35.16045606,1,NA,NA,Aquatic Insects,44,Family,Corixidae,Corixidae,Larvae,1,0.028,0.028,NA,NA,NA,NA,NA,NA,NA,NA,NA,NA,NA   NA   NA   NA,NA   NA   NA   NA
STTD_2017-04-26 09:49:00,4/26/2017 9:49,STTD,2017,W,TRUE,RAN,NA,1,15.7,0.41,99.3,121,7.11,9.53,18,4,Regular,719800,731247,11447,11447,35.16045606,35.16045606,1,NA,NA,Aquatic Insects,30,Family,Dytiscidae,Dytiscidae,Adults,1,0.028,0.028,NA,NA,NA,NA,NA,NA,NA,NA,NA,NA,NA   NA   NA   NA,NA   NA   NA   NA
STTD_2017-04-26 09:49:00,4/26/2017 9:49,STTD,2017,W,TRUE,RAN,NA,1,15.7,0.41,99.3,121,7.11,9.53,18,4,Regular,719800,731247,11447,11447,35.16045606,35.16045606,1,NA,NA,Aquatic Insects,34,Family,Chironomidae,Chironomidae,Pupae,16,0.455,0.455,NA,NA,NA,NA,NA,NA,NA,NA,NA,NA,NA   NA   NA   NA,NA   NA   NA   NA
STTD_2017-04-26 09:49:00,4/26/2017 9:49,STTD,2017,W,TRUE,RAN,NA,1,15.7,0.41,99.3,121,7.11,9.53,18,4,Regular,719800,731247,11447,11447,35.16045606,35.16045606,1,NA,NA,Aquatic Insects,34,Family,Chironomidae,Chironomidae,Adults,130,3.697,3.697,NA,NA,NA,NA,NA,NA,NA,NA,NA,NA,NA   NA   NA   NA,NA   NA   NA   NA
STTD_2017-04-26 09:49:00,4/26/2017 9:49,STTD,2017,W,TRUE,RAN,NA,1,15.7,0.41,99.3,121,7.11,9.53,18,4,Regular,719800,731247,11447,11447,35.16045606,35.16045606,1,NA,NA,Aquatic Insects,32,Family,Ceratopogonidae,Ceratopogonidae,Pupae,1,0.028,0.028,NA,NA,NA,NA,NA,NA,NA,NA,NA,NA,NA   NA   NA   NA,NA   NA   NA   NA
STTD_2017-04-26 09:49:00,4/26/2017 9:49,STTD,2017,W,TRUE,RAN,NA,1,15.7,0.41,99.3,121,7.11,9.53,18,4,Regular,719800,731247,11447,11447,35.16045606,35.16045606,1,NA,NA,Aquatic Insects,37,Family,Psychodidae,Psychodidae,Adults,2,0.057,0.057,NA,NA,NA,NA,NA,NA,NA,NA,NA,NA,NA   NA   NA   NA,NA   NA   NA   NA
STTD_2017-04-26 09:49:00,4/26/2017 9:49,STTD,2017,W,TRUE,RAN,NA,1,15.7,0.41,99.3,121,7.11,9.53,18,4,Regular,719800,731247,11447,11447,35.16045606,35.16045606,1,NA,NA,Aquatic Non-Insects,2,Family,Enchytraeidae,Enchytraeidae,NotDetermined,2,0.057,0.057,NA,NA,NA,NA,NA,NA,NA,NA,NA,NA,NA   NA   NA   NA,NA   NA   NA   NA
STTD_2017-04-26 09:49:00,4/26/2017 9:49,STTD,2017,W,TRUE,RAN,NA,1,15.7,0.41,99.3,121,7.11,9.53,18,4,Regular,719800,731247,11447,11447,35.16045606,35.16045606,1,NA,NA,Aquatic Non-Insects,20,Family,Physidae,Physidae,NotDetermined,65,1.849,1.849,NA,NA,NA,NA,NA,NA,NA,NA,NA,NA,NA   NA   NA   NA,NA   NA   NA   NA
STTD_2017-04-26 09:49:00,4/26/2017 9:49,STTD,2017,W,TRUE,RAN,NA,1,15.7,0.41,99.3,121,7.11,9.53,18,4,Regular,719800,731247,11447,11447,35.16045606,35.16045606,1,NA,NA,Aquatic Non-Insects,10,Family,Crangonyctidae,Crangonyctidae,NotDetermined,2,0.057,0.057,NA,NA,NA,NA,NA,NA,NA,NA,NA,NA,NA   NA   NA   NA,NA   NA   NA   NA
STTD_2017-04-26 09:49:00,4/26/2017 9:49,STTD,2017,W,TRUE,RAN,NA,1,15.7,0.41,99.3,121,7.11,9.53,18,4,Regular,719800,731247,11447,11447,35.16045606,35.16045606,1,NA,NA,Aquatic Non-Insects,7,Order,Cyclopoida,Cyclopoid,NotDetermined,1,0.028,0.028,NA,NA,NA,NA,NA,NA,NA,NA,NA,NA,NA   NA   NA   NA,NA   NA   NA   NA
STTD_2017-04-26 09:49:00,4/26/2017 9:49,STTD,2017,W,TRUE,RAN,NA,1,15.7,0.41,99.3,121,7.11,9.53,18,4,Regular,719800,731247,11447,11447,35.16045606,35.16045606,1,NA,NA,Aquatic Non-Insects,154,Order,Cyclopoida,Cyclopoid,NotDetermined,1,0.028,0.028,NA,NA,NA,NA,NA,NA,NA,NA,NA,NA,NA   NA   NA   NA,NA   NA   NA   NA
STTD_2017-04-26 09:49:00,4/26/2017 9:49,STTD,2017,W,TRUE,RAN,NA,1,15.7,0.41,99.3,121,7.11,9.53,18,4,Regular,719800,731247,11447,11447,35.16045606,35.16045606,1,NA,NA,Aquatic Non-Insects,15,Family,Hyalellidae,Hyalellidae,NotDetermined,4,0.114,0.114,NA,NA,NA,NA,NA,NA,NA,NA,NA,NA,NA   NA   NA   NA,NA   NA   NA   NA
STTD_2017-04-26 09:49:00,4/26/2017 9:49,STTD,2017,W,TRUE,RAN,NA,1,15.7,0.41,99.3,121,7.11,9.53,18,4,Regular,719800,731247,11447,11447,35.16045606,35.16045606,1,NA,NA,Aquatic Non-Insects,130,Phylum,Nematoda,Nematoda,NotDetermined,1,0.028,0.028,NA,NA,NA,NA,NA,NA,NA,NA,NA,NA,NA   NA   NA   NA,NA   NA   NA   NA
STTD_2017-04-26 09:49:00,4/26/2017 9:49,STTD,2017,W,TRUE,RAN,NA,1,15.7,0.41,99.3,121,7.11,9.53,18,4,Regular,719800,731247,11447,11447,35.16045606,35.16045606,1,NA,NA,Terrestrial Insects,71,Order,Hemiptera,Hemiptera,Larvae,1,0.028,0.028,NA,NA,NA,NA,NA,NA,NA,NA,NA,NA,NA   NA   NA   NA,NA   NA   NA   NA
STTD_2017-04-26 09:49:00,4/26/2017 9:49,STTD,2017,W,TRUE,RAN,NA,1,15.7,0.41,99.3,121,7.11,9.53,18,4,Regular,719800,731247,11447,11447,35.16045606,35.16045606,1,NA,NA,Terrestrial Insects,71,Order,Hemiptera,Hemiptera,Adults,3,0.085,0.085,NA,NA,NA,NA,NA,NA,NA,NA,NA,NA,NA   NA   NA   NA,NA   NA   NA   NA
STTD_2017-04-26 09:49:00,4/26/2017 9:49,STTD,2017,W,TRUE,RAN,NA,1,15.7,0.41,99.3,121,7.11,9.53,18,4,Regular,719800,731247,11447,11447,35.16045606,35.16045606,1,NA,NA,Terrestrial Insects,63,Order,Coleoptera,Coleoptera,Adults,3,0.085,0.085,NA,NA,NA,NA,NA,NA,NA,NA,NA,NA,NA   NA   NA   NA,NA   NA   NA   NA
STTD_2017-04-26 09:49:00,4/26/2017 9:49,STTD,2017,W,TRUE,RAN,NA,1,15.7,0.41,99.3,121,7.11,9.53,18,4,Regular,719800,731247,11447,11447,35.16045606,35.16045606,1,NA,NA,Terrestrial Insects,64,Order,Diptera,Diptera,Adults,1,0.028,0.028,NA,NA,NA,NA,NA,NA,NA,NA,NA,NA,NA   NA   NA   NA,NA   NA   NA   NA
STTD_2017-04-26 09:49:00,4/26/2017 9:49,STTD,2017,W,TRUE,RAN,NA,1,15.7,0.41,99.3,121,7.11,9.53,18,4,Regular,719800,731247,11447,11447,35.16045606,35.16045606,1,NA,NA,Aquatic Insects,36,Family,Ephydridae,Ephydridae,Pupae,5,0.142,0.142,NA,NA,NA,NA,NA,NA,NA,NA,NA,NA,NA   NA   NA   NA,NA   NA   NA   NA
STTD_2017-04-26 09:49:00,4/26/2017 9:49,STTD,2017,W,TRUE,RAN,NA,1,15.7,0.41,99.3,121,7.11,9.53,18,4,Regular,719800,731247,11447,11447,35.16045606,35.16045606,1,NA,NA,Aquatic Insects,36,Family,Ephydridae,Ephydridae,Adults,3,0.085,0.085,NA,NA,NA,NA,NA,NA,NA,NA,NA,NA,NA   NA   NA   NA,NA   NA   NA   NA
STTD_2017-04-26 09:49:00,4/26/2017 9:49,STTD,2017,W,TRUE,RAN,NA,1,15.7,0.41,99.3,121,7.11,9.53,18,4,Regular,719800,731247,11447,11447,35.16045606,35.16045606,1,NA,NA,Terrestrial Insects,66,Order,Hymenoptera,Hymenoptera,Adults,4,0.114,0.114,NA,NA,NA,NA,NA,NA,NA,NA,NA,NA,NA   NA   NA   NA,NA   NA   NA   NA
STTD_2017-04-26 09:49:00,4/26/2017 9:49,STTD,2017,W,TRUE,RAN,NA,1,15.7,0.41,99.3,121,7.11,9.53,18,4,Regular,719800,731247,11447,11447,35.16045606,35.16045606,1,NA,NA,Terrestrial Non-Insects,157,Order,Araneae,Araneae,NotDetermined,1,0.028,0.028,NA,NA,NA,NA,NA,NA,NA,NA,NA,NA,NA   NA   NA   NA,NA   NA   NA   NA
SHR_2017-05-04 10:08:00,5/4/2017 10:08,SHR,2017,W,TRUE,CLR,NA,1,16.4,0.42,83,100,7.55,9.73,14.7,5,Regular,731000,736557,5557,5557,17.0688088,17.0688088,1,NA,NA,Aquatic Insects,88,Family,Hydroptilidae,Hydroptilidae,Adults,1,0.059,0.059,NA,NA,NA,NA,NA,NA,NA,NA,NA,NA,NA   NA   NA   NA,NA   NA   NA   NA
SHR_2017-05-04 10:08:00,5/4/2017 10:08,SHR,2017,W,TRUE,CLR,NA,1,16.4,0.42,83,100,7.55,9.73,14.7,5,Regular,731000,736557,5557,5557,17.0688088,17.0688088,1,NA,NA,Aquatic Insects,34,Family,Chironomidae,Chironomidae,Larvae,2,0.117,0.117,NA,NA,NA,NA,NA,NA,NA,NA,NA,NA,NA   NA   NA   NA,NA   NA   NA   NA
SHR_2017-05-04 10:08:00,5/4/2017 10:08,SHR,2017,W,TRUE,CLR,NA,1,16.4,0.42,83,100,7.55,9.73,14.7,5,Regular,731000,736557,5557,5557,17.0688088,17.0688088,1,NA,NA,Aquatic Insects,34,Family,Chironomidae,Chironomidae,Pupae,5,0.293,0.293,NA,NA,NA,NA,NA,NA,NA,NA,NA,NA,NA   NA   NA   NA,NA   NA   NA   NA
SHR_2017-05-04 10:08:00,5/4/2017 10:08,SHR,2017,W,TRUE,CLR,NA,1,16.4,0.42,83,100,7.55,9.73,14.7,5,Regular,731000,736557,5557,5557,17.0688088,17.0688088,1,NA,NA,Aquatic Insects,34,Family,Chironomidae,Chironomidae,Adults,5,0.293,0.293,NA,NA,NA,NA,NA,NA,NA,NA,NA,NA,NA   NA   NA   NA,NA   NA   NA   NA
SHR_2017-05-04 10:08:00,5/4/2017 10:08,SHR,2017,W,TRUE,CLR,NA,1,16.4,0.42,83,100,7.55,9.73,14.7,5,Regular,731000,736557,5557,5557,17.0688088,17.0688088,1,NA,NA,Aquatic Non-Insects,10,Family,Crangonyctidae,Crangonyctidae,NotDetermined,6,0.352,0.352,NA,NA,NA,NA,NA,NA,NA,NA,NA,NA,NA   NA   NA   NA,NA   NA   NA   NA
SHR_2017-05-04 10:08:00,5/4/2017 10:08,SHR,2017,W,TRUE,CLR,NA,1,16.4,0.42,83,100,7.55,9.73,14.7,5,Regular,731000,736557,5557,5557,17.0688088,17.0688088,1,NA,NA,Aquatic Non-Insects,15,Family,Hyalellidae,Hyalellidae,NotDetermined,1,0.059,0.059,NA,NA,NA,NA,NA,NA,NA,NA,NA,NA,NA   NA   NA   NA,NA   NA   NA   NA
SHR_2017-05-04 10:08:00,5/4/2017 10:08,SHR,2017,W,TRUE,CLR,NA,1,16.4,0.42,83,100,7.55,9.73,14.7,5,Regular,731000,736557,5557,5557,17.0688088,17.0688088,1,NA,NA,Terrestrial Insects,71,Order,Hemiptera,Hemiptera,Larvae,1,0.059,0.059,NA,NA,NA,NA,NA,NA,NA,NA,NA,NA,NA   NA   NA   NA,NA   NA   NA   NA
SHR_2017-05-04 10:08:00,5/4/2017 10:08,SHR,2017,W,TRUE,CLR,NA,1,16.4,0.42,83,100,7.55,9.73,14.7,5,Regular,731000,736557,5557,5557,17.0688088,17.0688088,1,NA,NA,Terrestrial Insects,63,Order,Coleoptera,Coleoptera,Larvae,1,0.059,0.059,NA,NA,NA,NA,NA,NA,NA,NA,NA,NA,NA   NA   NA   NA,NA   NA   NA   NA
SHR_2017-05-04 10:08:00,5/4/2017 10:08,SHR,2017,W,TRUE,CLR,NA,1,16.4,0.42,83,100,7.55,9.73,14.7,5,Regular,731000,736557,5557,5557,17.0688088,17.0688088,1,NA,NA,Terrestrial Insects,63,Order,Coleoptera,Coleoptera,Adults,1,0.059,0.059,NA,NA,NA,NA,NA,NA,NA,NA,NA,NA,NA   NA   NA   NA,NA   NA   NA   NA
STTD_2017-05-05 10:25:00,5/5/2017 10:25,STTD,2017,W,TRUE,CLR,NA,1,20.1,0.21,225,249,8.09,8.11,28.8,5,Regular,737000,750854,13854,13854,42.5537659,42.5537659,1,NA,NA,Aquatic Insects,46,Family,Coenagrionidae,Coenagrionidae,Larvae,2,0.047,0.047,NA,NA,NA,NA,NA,NA,NA,NA,NA,NA,NA   NA   NA   NA,NA   NA   NA   NA
STTD_2017-05-05 10:25:00,5/5/2017 10:25,STTD,2017,W,TRUE,CLR,NA,1,20.1,0.21,225,249,8.09,8.11,28.8,5,Regular,737000,750854,13854,13854,42.5537659,42.5537659,1,NA,NA,Aquatic Insects,44,Family,Corixidae,Corixidae,Larvae,2,0.047,0.047,NA,NA,NA,NA,NA,NA,NA,NA,NA,NA,NA   NA   NA   NA,NA   NA   NA   NA
STTD_2017-05-05 10:25:00,5/5/2017 10:25,STTD,2017,W,TRUE,CLR,NA,1,20.1,0.21,225,249,8.09,8.11,28.8,5,Regular,737000,750854,13854,13854,42.5537659,42.5537659,1,NA,NA,Aquatic Insects,34,Family,Chironomidae,Chironomidae,Larvae,3,0.07,0.07,NA,NA,NA,NA,NA,NA,NA,NA,NA,NA,NA   NA   NA   NA,NA   NA   NA   NA
STTD_2017-05-05 10:25:00,5/5/2017 10:25,STTD,2017,W,TRUE,CLR,NA,1,20.1,0.21,225,249,8.09,8.11,28.8,5,Regular,737000,750854,13854,13854,42.5537659,42.5537659,1,NA,NA,Aquatic Insects,34,Family,Chironomidae,Chironomidae,Pupae,5,0.117,0.117,NA,NA,NA,NA,NA,NA,NA,NA,NA,NA,NA   NA   NA   NA,NA   NA   NA   NA
STTD_2017-05-05 10:25:00,5/5/2017 10:25,STTD,2017,W,TRUE,CLR,NA,1,20.1,0.21,225,249,8.09,8.11,28.8,5,Regular,737000,750854,13854,13854,42.5537659,42.5537659,1,NA,NA,Aquatic Insects,34,Family,Chironomidae,Chironomidae,Adults,31,0.728,0.728,NA,NA,NA,NA,NA,NA,NA,NA,NA,NA,NA   NA   NA   NA,NA   NA   NA   NA
STTD_2017-05-05 10:25:00,5/5/2017 10:25,STTD,2017,W,TRUE,CLR,NA,1,20.1,0.21,225,249,8.09,8.11,28.8,5,Regular,737000,750854,13854,13854,42.5537659,42.5537659,1,NA,NA,Aquatic Non-Insects,20,Family,Physidae,Physidae,NotDetermined,26,0.611,0.611,NA,NA,NA,NA,NA,NA,NA,NA,NA,NA,NA   NA   NA   NA,NA   NA   NA   NA
STTD_2017-05-05 10:25:00,5/5/2017 10:25,STTD,2017,W,TRUE,CLR,NA,1,20.1,0.21,225,249,8.09,8.11,28.8,5,Regular,737000,750854,13854,13854,42.5537659,42.5537659,1,NA,NA,Aquatic Non-Insects,10,Family,Crangonyctidae,Crangonyctidae,NotDetermined,4,0.094,0.094,NA,NA,NA,NA,NA,NA,NA,NA,NA,NA,NA   NA   NA   NA,NA   NA   NA   NA
STTD_2017-05-05 10:25:00,5/5/2017 10:25,STTD,2017,W,TRUE,CLR,NA,1,20.1,0.21,225,249,8.09,8.11,28.8,5,Regular,737000,750854,13854,13854,42.5537659,42.5537659,1,NA,NA,Aquatic Non-Insects,153,Family,Daphniidae,Daphniidae,NotDetermined,4,0.094,0.094,NA,NA,NA,NA,NA,NA,NA,NA,NA,NA,NA   NA   NA   NA,NA   NA   NA   NA
STTD_2017-05-05 10:25:00,5/5/2017 10:25,STTD,2017,W,TRUE,CLR,NA,1,20.1,0.21,225,249,8.09,8.11,28.8,5,Regular,737000,750854,13854,13854,42.5537659,42.5537659,1,NA,NA,Aquatic Non-Insects,15,Family,Hyalellidae,Hyalellidae,NotDetermined,6,0.141,0.141,NA,NA,NA,NA,NA,NA,NA,NA,NA,NA,NA   NA   NA   NA,NA   NA   NA   NA
STTD_2017-05-05 10:25:00,5/5/2017 10:25,STTD,2017,W,TRUE,CLR,NA,1,20.1,0.21,225,249,8.09,8.11,28.8,5,Regular,737000,750854,13854,13854,42.5537659,42.5537659,1,NA,NA,Terrestrial Insects,71,Order,Hemiptera,Hemiptera,Larvae,1,0.023,0.023,NA,NA,NA,NA,NA,NA,NA,NA,NA,NA,NA   NA   NA   NA,NA   NA   NA   NA
STTD_2017-05-05 10:25:00,5/5/2017 10:25,STTD,2017,W,TRUE,CLR,NA,1,20.1,0.21,225,249,8.09,8.11,28.8,5,Regular,737000,750854,13854,13854,42.5537659,42.5537659,1,NA,NA,Terrestrial Insects,64,Order,Diptera,Diptera,Adults,1,0.023,0.023,NA,NA,NA,NA,NA,NA,NA,NA,NA,NA,NA   NA   NA   NA,NA   NA   NA   NA
STTD_2017-05-05 10:25:00,5/5/2017 10:25,STTD,2017,W,TRUE,CLR,NA,1,20.1,0.21,225,249,8.09,8.11,28.8,5,Regular,737000,750854,13854,13854,42.5537659,42.5537659,1,NA,NA,Terrestrial Insects,66,Order,Hymenoptera,Hymenoptera,Adults,1,0.023,0.023,NA,NA,NA,NA,NA,NA,NA,NA,NA,NA,NA   NA   NA   NA,NA   NA   NA   NA
STTD_2017-05-09 10:23:00,5/9/2017 10:23,STTD,2017,W,TRUE,CLR,NA,1,21.6,0.2,476,510,7.99,6.24,45.6,10,Regular,750000,765993,15993,15993,49.12389044,49.12389044,1,NA,NA,Aquatic Insects,40,Family,Caenidae,Caenidae,Larvae,2,0.041,0.041,NA,NA,NA,NA,NA,NA,NA,NA,NA,NA,NA   NA   NA   NA,NA   NA   NA   NA
STTD_2017-05-09 10:23:00,5/9/2017 10:23,STTD,2017,W,TRUE,CLR,NA,1,21.6,0.2,476,510,7.99,6.24,45.6,10,Regular,750000,765993,15993,15993,49.12389044,49.12389044,1,NA,NA,Aquatic Insects,88,Family,Hydroptilidae,Hydroptilidae,Larvae,1,0.02,0.02,NA,NA,NA,NA,NA,NA,NA,NA,NA,NA,NA   NA   NA   NA,NA   NA   NA   NA
STTD_2017-05-09 10:23:00,5/9/2017 10:23,STTD,2017,W,TRUE,CLR,NA,1,21.6,0.2,476,510,7.99,6.24,45.6,10,Regular,750000,765993,15993,15993,49.12389044,49.12389044,1,NA,NA,Aquatic Insects,46,Family,Coenagrionidae,Coenagrionidae,Larvae,36,0.733,0.733,NA,NA,NA,NA,NA,NA,NA,NA,NA,NA,NA   NA   NA   NA,NA   NA   NA   NA
STTD_2017-05-09 10:23:00,5/9/2017 10:23,STTD,2017,W,TRUE,CLR,NA,1,21.6,0.2,476,510,7.99,6.24,45.6,10,Regular,750000,765993,15993,15993,49.12389044,49.12389044,1,NA,NA,Aquatic Insects,44,Family,Corixidae,Corixidae,Larvae,76,1.547,1.547,NA,NA,NA,NA,NA,NA,NA,NA,NA,NA,NA   NA   NA   NA,NA   NA   NA   NA
STTD_2017-05-09 10:23:00,5/9/2017 10:23,STTD,2017,W,TRUE,CLR,NA,1,21.6,0.2,476,510,7.99,6.24,45.6,10,Regular,750000,765993,15993,15993,49.12389044,49.12389044,1,NA,NA,Aquatic Insects,44,Family,Corixidae,Corixidae,Adults,1,0.02,0.02,NA,NA,NA,NA,NA,NA,NA,NA,NA,NA,NA   NA   NA   NA,NA   NA   NA   NA
STTD_2017-05-09 10:23:00,5/9/2017 10:23,STTD,2017,W,TRUE,CLR,NA,1,21.6,0.2,476,510,7.99,6.24,45.6,10,Regular,750000,765993,15993,15993,49.12389044,49.12389044,1,NA,NA,Aquatic Insects,45,Family,Notonectidae,Notonectidae,Larvae,1,0.02,0.02,NA,NA,NA,NA,NA,NA,NA,NA,NA,NA,NA   NA   NA   NA,NA   NA   NA   NA
STTD_2017-05-09 10:23:00,5/9/2017 10:23,STTD,2017,W,TRUE,CLR,NA,1,21.6,0.2,476,510,7.99,6.24,45.6,10,Regular,750000,765993,15993,15993,49.12389044,49.12389044,1,NA,NA,Aquatic Insects,30,Family,Dytiscidae,Dytiscidae,Adults,2,0.041,0.041,NA,NA,NA,NA,NA,NA,NA,NA,NA,NA,NA   NA   NA   NA,NA   NA   NA   NA
STTD_2017-05-09 10:23:00,5/9/2017 10:23,STTD,2017,W,TRUE,CLR,NA,1,21.6,0.2,476,510,7.99,6.24,45.6,10,Regular,750000,765993,15993,15993,49.12389044,49.12389044,1,NA,NA,Aquatic Insects,52,Family,Hydraenidae,Hydraenidae,Adults,1,0.02,0.02,NA,NA,NA,NA,NA,NA,NA,NA,NA,NA,NA   NA   NA   NA,NA   NA   NA   NA
STTD_2017-05-09 10:23:00,5/9/2017 10:23,STTD,2017,W,TRUE,CLR,NA,1,21.6,0.2,476,510,7.99,6.24,45.6,10,Regular,750000,765993,15993,15993,49.12389044,49.12389044,1,NA,NA,Aquatic Insects,34,Family,Chironomidae,Chironomidae,Larvae,101,2.056,2.056,NA,NA,NA,NA,NA,NA,NA,NA,NA,NA,NA   NA   NA   NA,NA   NA   NA   NA
STTD_2017-05-09 10:23:00,5/9/2017 10:23,STTD,2017,W,TRUE,CLR,NA,1,21.6,0.2,476,510,7.99,6.24,45.6,10,Regular,750000,765993,15993,15993,49.12389044,49.12389044,1,NA,NA,Aquatic Insects,34,Family,Chironomidae,Chironomidae,Pupae,34,0.692,0.692,NA,NA,NA,NA,NA,NA,NA,NA,NA,NA,NA   NA   NA   NA,NA   NA   NA   NA
STTD_2017-05-09 10:23:00,5/9/2017 10:23,STTD,2017,W,TRUE,CLR,NA,1,21.6,0.2,476,510,7.99,6.24,45.6,10,Regular,750000,765993,15993,15993,49.12389044,49.12389044,1,NA,NA,Aquatic Insects,34,Family,Chironomidae,Chironomidae,Adults,717,14.596,14.596,NA,NA,NA,NA,NA,NA,NA,NA,NA,NA,NA   NA   NA   NA,NA   NA   NA   NA
STTD_2017-05-09 10:23:00,5/9/2017 10:23,STTD,2017,W,TRUE,CLR,NA,1,21.6,0.2,476,510,7.99,6.24,45.6,10,Regular,750000,765993,15993,15993,49.12389044,49.12389044,1,NA,NA,Aquatic Insects,32,Family,Ceratopogonidae,Ceratopogonidae,Pupae,12,0.244,0.244,NA,NA,NA,NA,NA,NA,NA,NA,NA,NA,NA   NA   NA   NA,NA   NA   NA   NA
STTD_2017-05-09 10:23:00,5/9/2017 10:23,STTD,2017,W,TRUE,CLR,NA,1,21.6,0.2,476,510,7.99,6.24,45.6,10,Regular,750000,765993,15993,15993,49.12389044,49.12389044,1,NA,NA,Aquatic Insects,32,Family,Ceratopogonidae,Ceratopogonidae,Adults,2,0.041,0.041,NA,NA,NA,NA,NA,NA,NA,NA,NA,NA,NA   NA   NA   NA,NA   NA   NA   NA
STTD_2017-05-09 10:23:00,5/9/2017 10:23,STTD,2017,W,TRUE,CLR,NA,1,21.6,0.2,476,510,7.99,6.24,45.6,10,Regular,750000,765993,15993,15993,49.12389044,49.12389044,1,NA,NA,Aquatic Insects,37,Family,Psychodidae,Psychodidae,Adults,1,0.02,0.02,NA,NA,NA,NA,NA,NA,NA,NA,NA,NA,NA   NA   NA   NA,NA   NA   NA   NA
STTD_2017-05-09 10:23:00,5/9/2017 10:23,STTD,2017,W,TRUE,CLR,NA,1,21.6,0.2,476,510,7.99,6.24,45.6,10,Regular,750000,765993,15993,15993,49.12389044,49.12389044,1,NA,NA,Aquatic Insects,38,Family,Simuliidae,Simuliidae,Pupae,2,0.041,0.041,NA,NA,NA,NA,NA,NA,NA,NA,NA,NA,NA   NA   NA   NA,NA   NA   NA   NA
STTD_2017-05-09 10:23:00,5/9/2017 10:23,STTD,2017,W,TRUE,CLR,NA,1,21.6,0.2,476,510,7.99,6.24,45.6,10,Regular,750000,765993,15993,15993,49.12389044,49.12389044,1,NA,NA,Aquatic Insects,38,Family,Simuliidae,Simuliidae,Adults,15,0.305,0.305,NA,NA,NA,NA,NA,NA,NA,NA,NA,NA,NA   NA   NA   NA,NA   NA   NA   NA
STTD_2017-05-09 10:23:00,5/9/2017 10:23,STTD,2017,W,TRUE,CLR,NA,1,21.6,0.2,476,510,7.99,6.24,45.6,10,Regular,750000,765993,15993,15993,49.12389044,49.12389044,1,NA,NA,Aquatic Insects,39,Family,Tipulidae,Tipulidae,Adults,1,0.02,0.02,NA,NA,NA,NA,NA,NA,NA,NA,NA,NA,NA   NA   NA   NA,NA   NA   NA   NA
STTD_2017-05-09 10:23:00,5/9/2017 10:23,STTD,2017,W,TRUE,CLR,NA,1,21.6,0.2,476,510,7.99,6.24,45.6,10,Regular,750000,765993,15993,15993,49.12389044,49.12389044,1,NA,NA,Aquatic Non-Insects,4,Family,Naididae,Naididae,NotDetermined,2,0.041,0.041,NA,NA,NA,NA,NA,NA,NA,NA,NA,NA,NA   NA   NA   NA,NA   NA   NA   NA
STTD_2017-05-09 10:23:00,5/9/2017 10:23,STTD,2017,W,TRUE,CLR,NA,1,21.6,0.2,476,510,7.99,6.24,45.6,10,Regular,750000,765993,15993,15993,49.12389044,49.12389044,1,NA,NA,Aquatic Non-Insects,106,Family,Lymnaeidae,Lymnaeidae,NotDetermined,6,0.122,0.122,NA,NA,NA,NA,NA,NA,NA,NA,NA,NA,NA   NA   NA   NA,NA   NA   NA   NA
STTD_2017-05-09 10:23:00,5/9/2017 10:23,STTD,2017,W,TRUE,CLR,NA,1,21.6,0.2,476,510,7.99,6.24,45.6,10,Regular,750000,765993,15993,15993,49.12389044,49.12389044,1,NA,NA,Aquatic Non-Insects,20,Family,Physidae,Physidae,NotDetermined,6217,126.558,126.558,NA,NA,NA,NA,NA,NA,NA,NA,2,CPUE,NA   NA   NA   2,NA   NA   NA   CPUE
STTD_2017-05-09 10:23:00,5/9/2017 10:23,STTD,2017,W,TRUE,CLR,NA,1,21.6,0.2,476,510,7.99,6.24,45.6,10,Regular,750000,765993,15993,15993,49.12389044,49.12389044,1,NA,NA,Aquatic Non-Insects,21,Family,Planorbidae,Planorbidae,NotDetermined,6,0.122,0.122,NA,NA,NA,NA,NA,NA,NA,NA,NA,NA,NA   NA   NA   NA,NA   NA   NA   NA
STTD_2017-05-09 10:23:00,5/9/2017 10:23,STTD,2017,W,TRUE,CLR,NA,1,21.6,0.2,476,510,7.99,6.24,45.6,10,Regular,750000,765993,15993,15993,49.12389044,49.12389044,1,NA,NA,Aquatic Non-Insects,168,Order,Calanoida,Calanoid,NotDetermined,1,0.02,0.02,NA,NA,NA,NA,NA,NA,NA,NA,NA,NA,NA   NA   NA   NA,NA   NA   NA   NA
STTD_2017-05-09 10:23:00,5/9/2017 10:23,STTD,2017,W,TRUE,CLR,NA,1,21.6,0.2,476,510,7.99,6.24,45.6,10,Regular,750000,765993,15993,15993,49.12389044,49.12389044,1,NA,NA,Aquatic Non-Insects,9,Family,Corophiidae,Corophiidae,NotDetermined,7,0.142,0.142,NA,NA,NA,NA,NA,NA,NA,NA,NA,NA,NA   NA   NA   NA,NA   NA   NA   NA
STTD_2017-05-09 10:23:00,5/9/2017 10:23,STTD,2017,W,TRUE,CLR,NA,1,21.6,0.2,476,510,7.99,6.24,45.6,10,Regular,750000,765993,15993,15993,49.12389044,49.12389044,1,NA,NA,Aquatic Non-Insects,10,Family,Crangonyctidae,Crangonyctidae,NotDetermined,29,0.59,0.59,NA,NA,NA,NA,NA,NA,NA,NA,NA,NA,NA   NA   NA   NA,NA   NA   NA   NA
STTD_2017-05-09 10:23:00,5/9/2017 10:23,STTD,2017,W,TRUE,CLR,NA,1,21.6,0.2,476,510,7.99,6.24,45.6,10,Regular,750000,765993,15993,15993,49.12389044,49.12389044,1,NA,NA,Aquatic Non-Insects,7,Order,Cyclopoida,Cyclopoid,NotDetermined,34,0.692,0.692,NA,NA,NA,NA,NA,NA,NA,NA,NA,NA,NA   NA   NA   NA,NA   NA   NA   NA
STTD_2017-05-09 10:23:00,5/9/2017 10:23,STTD,2017,W,TRUE,CLR,NA,1,21.6,0.2,476,510,7.99,6.24,45.6,10,Regular,750000,765993,15993,15993,49.12389044,49.12389044,1,NA,NA,Aquatic Non-Insects,154,Order,Cyclopoida,Cyclopoid,NotDetermined,34,0.692,0.692,NA,NA,NA,NA,NA,NA,NA,NA,NA,NA,NA   NA   NA   NA,NA   NA   NA   NA
STTD_2017-05-09 10:23:00,5/9/2017 10:23,STTD,2017,W,TRUE,CLR,NA,1,21.6,0.2,476,510,7.99,6.24,45.6,10,Regular,750000,765993,15993,15993,49.12389044,49.12389044,1,NA,NA,Aquatic Non-Insects,153,Family,Daphniidae,Daphniidae,NotDetermined,249,5.069,5.069,NA,NA,NA,NA,NA,NA,NA,NA,NA,NA,NA   NA   NA   NA,NA   NA   NA   NA
STTD_2017-05-09 10:23:00,5/9/2017 10:23,STTD,2017,W,TRUE,CLR,NA,1,21.6,0.2,476,510,7.99,6.24,45.6,10,Regular,750000,765993,15993,15993,49.12389044,49.12389044,1,NA,NA,Aquatic Non-Insects,15,Family,Hyalellidae,Hyalellidae,NotDetermined,606,12.336,12.336,NA,NA,NA,NA,NA,NA,NA,NA,NA,NA,NA   NA   NA   NA,NA   NA   NA   NA
STTD_2017-05-09 10:23:00,5/9/2017 10:23,STTD,2017,W,TRUE,CLR,NA,1,21.6,0.2,476,510,7.99,6.24,45.6,10,Regular,750000,765993,15993,15993,49.12389044,49.12389044,1,NA,NA,Aquatic Non-Insects,118,Class,Ostracoda,Ostracod,NotDetermined,2,0.041,0.041,NA,NA,NA,NA,NA,NA,NA,NA,NA,NA,NA   NA   NA   NA,NA   NA   NA   NA
STTD_2017-05-09 10:23:00,5/9/2017 10:23,STTD,2017,W,TRUE,CLR,NA,1,21.6,0.2,476,510,7.99,6.24,45.6,10,Regular,750000,765993,15993,15993,49.12389044,49.12389044,1,NA,NA,Aquatic Non-Insects,167,Family,Sididae,Sididae,NotDetermined,32,0.651,0.651,NA,NA,NA,NA,NA,NA,NA,NA,NA,NA,NA   NA   NA   NA,NA   NA   NA   NA
STTD_2017-05-09 10:23:00,5/9/2017 10:23,STTD,2017,W,TRUE,CLR,NA,1,21.6,0.2,476,510,7.99,6.24,45.6,10,Regular,750000,765993,15993,15993,49.12389044,49.12389044,1,NA,NA,Aquatic Non-Insects,164,Family,Cyprinidae,Cyprinidae,NotDetermined,1,0.02,0.02,NA,NA,NA,NA,NA,NA,NA,NA,NA,NA,NA   NA   NA   NA,NA   NA   NA   NA
STTD_2017-05-09 10:23:00,5/9/2017 10:23,STTD,2017,W,TRUE,CLR,NA,1,21.6,0.2,476,510,7.99,6.24,45.6,10,Regular,750000,765993,15993,15993,49.12389044,49.12389044,1,NA,NA,Aquatic Non-Insects,130,Phylum,Nematoda,Nematoda,NotDetermined,2,0.041,0.041,NA,NA,NA,NA,NA,NA,NA,NA,NA,NA,NA   NA   NA   NA,NA   NA   NA   NA
STTD_2017-05-09 10:23:00,5/9/2017 10:23,STTD,2017,W,TRUE,CLR,NA,1,21.6,0.2,476,510,7.99,6.24,45.6,10,Regular,750000,765993,15993,15993,49.12389044,49.12389044,1,NA,NA,Terrestrial Insects,71,Order,Hemiptera,Hemiptera,Larvae,8,0.163,0.163,NA,NA,NA,NA,NA,NA,NA,NA,NA,NA,NA   NA   NA   NA,NA   NA   NA   NA
STTD_2017-05-09 10:23:00,5/9/2017 10:23,STTD,2017,W,TRUE,CLR,NA,1,21.6,0.2,476,510,7.99,6.24,45.6,10,Regular,750000,765993,15993,15993,49.12389044,49.12389044,1,NA,NA,Terrestrial Insects,71,Order,Hemiptera,Hemiptera,Adults,18,0.366,0.366,NA,NA,NA,NA,NA,NA,NA,NA,NA,NA,NA   NA   NA   NA,NA   NA   NA   NA
STTD_2017-05-09 10:23:00,5/9/2017 10:23,STTD,2017,W,TRUE,CLR,NA,1,21.6,0.2,476,510,7.99,6.24,45.6,10,Regular,750000,765993,15993,15993,49.12389044,49.12389044,1,NA,NA,Terrestrial Insects,63,Order,Coleoptera,Coleoptera,Larvae,1,0.02,0.02,NA,NA,NA,NA,NA,NA,NA,NA,NA,NA,NA   NA   NA   NA,NA   NA   NA   NA
STTD_2017-05-09 10:23:00,5/9/2017 10:23,STTD,2017,W,TRUE,CLR,NA,1,21.6,0.2,476,510,7.99,6.24,45.6,10,Regular,750000,765993,15993,15993,49.12389044,49.12389044,1,NA,NA,Terrestrial Insects,63,Order,Coleoptera,Coleoptera,Adults,16,0.326,0.326,NA,NA,NA,NA,NA,NA,NA,NA,NA,NA,NA   NA   NA   NA,NA   NA   NA   NA
STTD_2017-05-09 10:23:00,5/9/2017 10:23,STTD,2017,W,TRUE,CLR,NA,1,21.6,0.2,476,510,7.99,6.24,45.6,10,Regular,750000,765993,15993,15993,49.12389044,49.12389044,1,NA,NA,Terrestrial Insects,64,Order,Diptera,Diptera,Adults,25,0.509,0.509,NA,NA,NA,NA,NA,NA,NA,NA,NA,NA,NA   NA   NA   NA,NA   NA   NA   NA
STTD_2017-05-09 10:23:00,5/9/2017 10:23,STTD,2017,W,TRUE,CLR,NA,1,21.6,0.2,476,510,7.99,6.24,45.6,10,Regular,750000,765993,15993,15993,49.12389044,49.12389044,1,NA,NA,Terrestrial Insects,66,Order,Hymenoptera,Hymenoptera,Adults,10,0.204,0.204,NA,NA,NA,NA,NA,NA,NA,NA,NA,NA,NA   NA   NA   NA,NA   NA   NA   NA
STTD_2017-05-09 10:23:00,5/9/2017 10:23,STTD,2017,W,TRUE,CLR,NA,1,21.6,0.2,476,510,7.99,6.24,45.6,10,Regular,750000,765993,15993,15993,49.12389044,49.12389044,1,NA,NA,Terrestrial Insects,67,Order,Psocoptera,Psocoptera,Adults,1,0.02,0.02,NA,NA,NA,NA,NA,NA,NA,NA,NA,NA,NA   NA   NA   NA,NA   NA   NA   NA
STTD_2017-05-09 10:23:00,5/9/2017 10:23,STTD,2017,W,TRUE,CLR,NA,1,21.6,0.2,476,510,7.99,6.24,45.6,10,Regular,750000,765993,15993,15993,49.12389044,49.12389044,1,NA,NA,Terrestrial Insects,85,Order,Thysanoptera,Thysanoptera,Adults,5,0.102,0.102,NA,NA,NA,NA,NA,NA,NA,NA,NA,NA,NA   NA   NA   NA,NA   NA   NA   NA
STTD_2017-05-09 10:23:00,5/9/2017 10:23,STTD,2017,W,TRUE,CLR,NA,1,21.6,0.2,476,510,7.99,6.24,45.6,10,Regular,750000,765993,15993,15993,49.12389044,49.12389044,1,NA,NA,Terrestrial Non-Insects,61,Order,Isopoda,Isopoda,NotDetermined,1,0.02,0.02,NA,NA,NA,NA,NA,NA,NA,NA,NA,NA,NA   NA   NA   NA,NA   NA   NA   NA
STTD_2017-05-09 10:23:00,5/9/2017 10:23,STTD,2017,W,TRUE,CLR,NA,1,21.6,0.2,476,510,7.99,6.24,45.6,10,Regular,750000,765993,15993,15993,49.12389044,49.12389044,1,NA,NA,Terrestrial Non-Insects,157,Order,Araneae,Araneae,NotDetermined,41,0.835,0.835,NA,NA,NA,NA,NA,NA,NA,NA,NA,NA,NA   NA   NA   NA,NA   NA   NA   NA
STTD_2017-05-09 10:23:00,5/9/2017 10:23,STTD,2017,W,TRUE,CLR,NA,1,21.6,0.2,476,510,7.99,6.24,45.6,10,Regular,750000,765993,15993,15993,49.12389044,49.12389044,1,NA,NA,Aquatic Insects,185,Family,Dolichopodidae,Dolichopodidae,Adults,2,0.041,0.041,NA,NA,NA,NA,NA,NA,NA,NA,NA,NA,NA   NA   NA   NA,NA   NA   NA   NA
STTD_2017-05-09 10:23:00,5/9/2017 10:23,STTD,2017,W,TRUE,CLR,NA,1,21.6,0.2,476,510,7.99,6.24,45.6,10,Regular,750000,765993,15993,15993,49.12389044,49.12389044,1,NA,NA,Aquatic Insects,36,Family,Ephydridae,Ephydridae,Adults,1,0.02,0.02,NA,NA,NA,NA,NA,NA,NA,NA,NA,NA,NA   NA   NA   NA,NA   NA   NA   NA
STTD_2017-05-09 10:23:00,5/9/2017 10:23,STTD,2017,W,TRUE,CLR,NA,1,21.6,0.2,476,510,7.99,6.24,45.6,10,Regular,750000,765993,15993,15993,49.12389044,49.12389044,1,NA,NA,Terrestrial Non-Insects,68,Order,Collembola,Collembola,NotDetermined,1,0.02,0.02,NA,NA,NA,NA,NA,NA,NA,NA,NA,NA,NA   NA   NA   NA,NA   NA   NA   NA
STTD_2017-05-16 10:10:00,5/16/2017 10:10,STTD,2017,W,TRUE,CLD,NA,1,19.1,0.32,473,533,7.94,6.97,23.4,10,Regular,766000,771886,5886,5886,18.07936091,18.07936091,NA,Ebb tide,NA,Aquatic Insects,34,Family,Chironomidae,Chironomidae,Adults,9,0.498,0.498,NA,NA,NA,NA,NA,NA,NA,NA,NA,NA,NA   NA   NA   NA,NA   NA   NA   NA
STTD_2017-05-16 10:10:00,5/16/2017 10:10,STTD,2017,W,TRUE,CLD,NA,1,19.1,0.32,473,533,7.94,6.97,23.4,10,Regular,766000,771886,5886,5886,18.07936091,18.07936091,NA,Ebb tide,NA,Aquatic Non-Insects,20,Family,Physidae,Physidae,NotDetermined,2,0.111,0.111,NA,NA,NA,NA,NA,NA,NA,NA,NA,NA,NA   NA   NA   NA,NA   NA   NA   NA
STTD_2017-05-16 10:10:00,5/16/2017 10:10,STTD,2017,W,TRUE,CLD,NA,1,19.1,0.32,473,533,7.94,6.97,23.4,10,Regular,766000,771886,5886,5886,18.07936091,18.07936091,NA,Ebb tide,NA,Aquatic Non-Insects,15,Family,Hyalellidae,Hyalellidae,NotDetermined,4,0.221,0.221,NA,NA,NA,NA,NA,NA,NA,NA,NA,NA,NA   NA   NA   NA,NA   NA   NA   NA
STTD_2017-05-16 10:10:00,5/16/2017 10:10,STTD,2017,W,TRUE,CLD,NA,1,19.1,0.32,473,533,7.94,6.97,23.4,10,Regular,766000,771886,5886,5886,18.07936091,18.07936091,NA,Ebb tide,NA,Terrestrial Insects,71,Order,Hemiptera,Hemiptera,Larvae,1,0.055,0.055,NA,NA,NA,NA,NA,NA,NA,NA,NA,NA,NA   NA   NA   NA,NA   NA   NA   NA
STTD_2017-05-16 10:10:00,5/16/2017 10:10,STTD,2017,W,TRUE,CLD,NA,1,19.1,0.32,473,533,7.94,6.97,23.4,10,Regular,766000,771886,5886,5886,18.07936091,18.07936091,NA,Ebb tide,NA,Terrestrial Insects,71,Order,Hemiptera,Hemiptera,Adults,1,0.055,0.055,NA,NA,NA,NA,NA,NA,NA,NA,NA,NA,NA   NA   NA   NA,NA   NA   NA   NA
STTD_2017-05-16 10:10:00,5/16/2017 10:10,STTD,2017,W,TRUE,CLD,NA,1,19.1,0.32,473,533,7.94,6.97,23.4,10,Regular,766000,771886,5886,5886,18.07936091,18.07936091,NA,Ebb tide,NA,Terrestrial Insects,63,Order,Coleoptera,Coleoptera,Adults,1,0.055,0.055,NA,NA,NA,NA,NA,NA,NA,NA,NA,NA,NA   NA   NA   NA,NA   NA   NA   NA
STTD_2017-05-16 10:10:00,5/16/2017 10:10,STTD,2017,W,TRUE,CLD,NA,1,19.1,0.32,473,533,7.94,6.97,23.4,10,Regular,766000,771886,5886,5886,18.07936091,18.07936091,NA,Ebb tide,NA,Terrestrial Insects,66,Order,Hymenoptera,Hymenoptera,Adults,1,0.055,0.055,NA,NA,NA,NA,NA,NA,NA,NA,NA,NA,NA   NA   NA   NA,NA   NA   NA   NA
SHR_2017-05-17 07:38:00,5/17/2017 7:38,SHR,2017,W,TRUE,CLR,NA,1,14.5,1,70.6,88.3,7.09,10.17,21.4,10,Regular,771888,781894,10006,10006,30.73429924,30.73429924,1,NA,NA,Aquatic Insects,34,Family,Chironomidae,Chironomidae,Larvae,1,0.033,0.033,NA,NA,NA,NA,NA,NA,NA,NA,NA,NA,NA   NA   NA   NA,NA   NA   NA   NA
SHR_2017-05-17 07:38:00,5/17/2017 7:38,SHR,2017,W,TRUE,CLR,NA,1,14.5,1,70.6,88.3,7.09,10.17,21.4,10,Regular,771888,781894,10006,10006,30.73429924,30.73429924,1,NA,NA,Aquatic Insects,34,Family,Chironomidae,Chironomidae,Adults,1,0.033,0.033,NA,NA,NA,NA,NA,NA,NA,NA,NA,NA,NA   NA   NA   NA,NA   NA   NA   NA
SHR_2017-05-17 07:38:00,5/17/2017 7:38,SHR,2017,W,TRUE,CLR,NA,1,14.5,1,70.6,88.3,7.09,10.17,21.4,10,Regular,771888,781894,10006,10006,30.73429924,30.73429924,1,NA,NA,Aquatic Non-Insects,20,Family,Physidae,Physidae,NotDetermined,2,0.065,0.065,NA,NA,NA,NA,NA,NA,NA,NA,NA,NA,NA   NA   NA   NA,NA   NA   NA   NA
SHR_2017-05-17 07:38:00,5/17/2017 7:38,SHR,2017,W,TRUE,CLR,NA,1,14.5,1,70.6,88.3,7.09,10.17,21.4,10,Regular,771888,781894,10006,10006,30.73429924,30.73429924,1,NA,NA,Aquatic Non-Insects,10,Family,Crangonyctidae,Crangonyctidae,NotDetermined,1,0.033,0.033,NA,NA,NA,NA,NA,NA,NA,NA,NA,NA,NA   NA   NA   NA,NA   NA   NA   NA
SHR_2017-05-17 07:38:00,5/17/2017 7:38,SHR,2017,W,TRUE,CLR,NA,1,14.5,1,70.6,88.3,7.09,10.17,21.4,10,Regular,771888,781894,10006,10006,30.73429924,30.73429924,1,NA,NA,Terrestrial Insects,66,Order,Hymenoptera,Hymenoptera,Adults,1,0.033,0.033,NA,NA,NA,NA,NA,NA,NA,NA,NA,NA,NA   NA   NA   NA,NA   NA   NA   NA
STTD_2017-05-30 11:05:00,5/30/2017 11:05,STTD,2017,W,FALSE,CLD,NA,1,21.9,0.2,644,685,7.95,6.5,38.6,10,Regular,782000,788147,6147,6147,18.88104511,18.88104511,1,Ebb tide stationally from RSTR,NA,Aquatic Insects,44,Family,Corixidae,Corixidae,Larvae,4,0.212,0.212,NA,NA,NA,NA,NA,NA,NA,NA,NA,NA,NA   NA   NA   NA,NA   NA   NA   NA
STTD_2017-05-30 11:05:00,5/30/2017 11:05,STTD,2017,W,FALSE,CLD,NA,1,21.9,0.2,644,685,7.95,6.5,38.6,10,Regular,782000,788147,6147,6147,18.88104511,18.88104511,1,Ebb tide stationally from RSTR,NA,Aquatic Insects,34,Family,Chironomidae,Chironomidae,Adults,3,0.159,0.159,NA,NA,NA,NA,NA,NA,NA,NA,NA,NA,NA   NA   NA   NA,NA   NA   NA   NA
STTD_2017-05-30 11:05:00,5/30/2017 11:05,STTD,2017,W,FALSE,CLD,NA,1,21.9,0.2,644,685,7.95,6.5,38.6,10,Regular,782000,788147,6147,6147,18.88104511,18.88104511,1,Ebb tide stationally from RSTR,NA,Aquatic Non-Insects,20,Family,Physidae,Physidae,NotDetermined,1,0.053,0.053,NA,NA,NA,NA,NA,NA,NA,NA,NA,NA,NA   NA   NA   NA,NA   NA   NA   NA
STTD_2017-05-30 11:05:00,5/30/2017 11:05,STTD,2017,W,FALSE,CLD,NA,1,21.9,0.2,644,685,7.95,6.5,38.6,10,Regular,782000,788147,6147,6147,18.88104511,18.88104511,1,Ebb tide stationally from RSTR,NA,Aquatic Non-Insects,153,Family,Daphniidae,Daphniidae,NotDetermined,1,0.053,0.053,NA,NA,NA,NA,NA,NA,NA,NA,NA,NA,NA   NA   NA   NA,NA   NA   NA   NA
STTD_2017-05-30 11:05:00,5/30/2017 11:05,STTD,2017,W,FALSE,CLD,NA,1,21.9,0.2,644,685,7.95,6.5,38.6,10,Regular,782000,788147,6147,6147,18.88104511,18.88104511,1,Ebb tide stationally from RSTR,NA,Aquatic Non-Insects,28,Family,Lebertiidae,Lebertiidae,NotDetermined,1,0.053,0.053,NA,NA,NA,NA,NA,NA,NA,NA,NA,NA,NA   NA   NA   NA,NA   NA   NA   NA
STTD_2017-05-30 11:05:00,5/30/2017 11:05,STTD,2017,W,FALSE,CLD,NA,1,21.9,0.2,644,685,7.95,6.5,38.6,10,Regular,782000,788147,6147,6147,18.88104511,18.88104511,1,Ebb tide stationally from RSTR,NA,Aquatic Non-Insects,120,Family,Lebertiidae,Lebertiidae,NotDetermined,1,0.053,0.053,NA,NA,NA,NA,NA,NA,NA,NA,NA,NA,NA   NA   NA   NA,NA   NA   NA   NA
STTD_2017-05-30 11:05:00,5/30/2017 11:05,STTD,2017,W,FALSE,CLD,NA,1,21.9,0.2,644,685,7.95,6.5,38.6,10,Regular,782000,788147,6147,6147,18.88104511,18.88104511,1,Ebb tide stationally from RSTR,NA,Terrestrial Insects,71,Order,Hemiptera,Hemiptera,Larvae,1,0.053,0.053,NA,NA,NA,NA,NA,NA,NA,NA,NA,NA,NA   NA   NA   NA,NA   NA   NA   NA
STTD_2017-05-30 11:05:00,5/30/2017 11:05,STTD,2017,W,FALSE,CLD,NA,1,21.9,0.2,644,685,7.95,6.5,38.6,10,Regular,782000,788147,6147,6147,18.88104511,18.88104511,1,Ebb tide stationally from RSTR,NA,Terrestrial Insects,71,Order,Hemiptera,Hemiptera,Adults,1,0.053,0.053,NA,NA,NA,NA,NA,NA,NA,NA,NA,NA,NA   NA   NA   NA,NA   NA   NA   NA
SHR_2017-05-31 09:18:00,5/31/2017 9:18,SHR,2017,W,FALSE,CLD,NA,NA,16.9,NA,75,88,7.14,9.55,11,10,Regular,788000,793511,5511,5511,16.9275158,16.9275158,1,NA,NA,Aquatic Non-Insects,19,Family,Corbiculidae,Corbiculidae,NotDetermined,3,0.177,0.177,NA,NA,NA,NA,NA,NA,NA,NA,NA,NA,NA   NA   NA   NA,NA   NA   NA   NA
SHR_2017-05-31 09:18:00,5/31/2017 9:18,SHR,2017,W,FALSE,CLD,NA,NA,16.9,NA,75,88,7.14,9.55,11,10,Regular,788000,793511,5511,5511,16.9275158,16.9275158,1,NA,NA,Aquatic Non-Insects,10,Family,Crangonyctidae,Crangonyctidae,NotDetermined,1,0.059,0.059,NA,NA,NA,NA,NA,NA,NA,NA,NA,NA,NA   NA   NA   NA,NA   NA   NA   NA
SHR_2017-05-31 09:18:00,5/31/2017 9:18,SHR,2017,W,FALSE,CLD,NA,NA,16.9,NA,75,88,7.14,9.55,11,10,Regular,788000,793511,5511,5511,16.9275158,16.9275158,1,NA,NA,Terrestrial Non-Insects,157,Order,Araneae,Araneae,NotDetermined,1,0.059,0.059,NA,NA,NA,NA,NA,NA,NA,NA,NA,NA,NA   NA   NA   NA,NA   NA   NA   NA
STTD_2017-06-12 10:30:00,6/12/2017 10:30,STTD,2017,W,FALSE,CLD,NA,NA,21,0.17,551,596,7.75,4.82,54,10,Regular,794000,800958,6958,6958,21.37210215,21.37210215,1,NA,NA,Aquatic Insects,44,Family,Corixidae,Corixidae,Larvae,2,0.094,0.094,NA,NA,NA,NA,NA,NA,NA,NA,NA,NA,NA   NA   NA   NA,NA   NA   NA   NA
STTD_2017-06-12 10:30:00,6/12/2017 10:30,STTD,2017,W,FALSE,CLD,NA,NA,21,0.17,551,596,7.75,4.82,54,10,Regular,794000,800958,6958,6958,21.37210215,21.37210215,1,NA,NA,Aquatic Insects,44,Family,Corixidae,Corixidae,Adults,1,0.047,0.047,NA,NA,NA,NA,NA,NA,NA,NA,NA,NA,NA   NA   NA   NA,NA   NA   NA   NA
STTD_2017-06-12 10:30:00,6/12/2017 10:30,STTD,2017,W,FALSE,CLD,NA,NA,21,0.17,551,596,7.75,4.82,54,10,Regular,794000,800958,6958,6958,21.37210215,21.37210215,1,NA,NA,Aquatic Insects,30,Family,Dytiscidae,Dytiscidae,Adults,2,0.094,0.094,NA,NA,NA,NA,NA,NA,NA,NA,NA,NA,NA   NA   NA   NA,NA   NA   NA   NA
STTD_2017-06-12 10:30:00,6/12/2017 10:30,STTD,2017,W,FALSE,CLD,NA,NA,21,0.17,551,596,7.75,4.82,54,10,Regular,794000,800958,6958,6958,21.37210215,21.37210215,1,NA,NA,Aquatic Insects,34,Family,Chironomidae,Chironomidae,Larvae,1,0.047,0.047,NA,NA,NA,NA,NA,NA,NA,NA,NA,NA,NA   NA   NA   NA,NA   NA   NA   NA
STTD_2017-06-12 10:30:00,6/12/2017 10:30,STTD,2017,W,FALSE,CLD,NA,NA,21,0.17,551,596,7.75,4.82,54,10,Regular,794000,800958,6958,6958,21.37210215,21.37210215,1,NA,NA,Aquatic Insects,34,Family,Chironomidae,Chironomidae,Pupae,3,0.14,0.14,NA,NA,NA,NA,NA,NA,NA,NA,NA,NA,NA   NA   NA   NA,NA   NA   NA   NA
STTD_2017-06-12 10:30:00,6/12/2017 10:30,STTD,2017,W,FALSE,CLD,NA,NA,21,0.17,551,596,7.75,4.82,54,10,Regular,794000,800958,6958,6958,21.37210215,21.37210215,1,NA,NA,Aquatic Insects,34,Family,Chironomidae,Chironomidae,Adults,31,1.45,1.45,NA,NA,NA,NA,NA,NA,NA,NA,NA,NA,NA   NA   NA   NA,NA   NA   NA   NA
STTD_2017-06-12 10:30:00,6/12/2017 10:30,STTD,2017,W,FALSE,CLD,NA,NA,21,0.17,551,596,7.75,4.82,54,10,Regular,794000,800958,6958,6958,21.37210215,21.37210215,1,NA,NA,Aquatic Non-Insects,20,Family,Physidae,Physidae,NotDetermined,1,0.047,0.047,NA,NA,NA,NA,NA,NA,NA,NA,NA,NA,NA   NA   NA   NA,NA   NA   NA   NA
STTD_2017-06-12 10:30:00,6/12/2017 10:30,STTD,2017,W,FALSE,CLD,NA,NA,21,0.17,551,596,7.75,4.82,54,10,Regular,794000,800958,6958,6958,21.37210215,21.37210215,1,NA,NA,Aquatic Non-Insects,9,Family,Corophiidae,Corophiidae,NotDetermined,1,0.047,0.047,NA,NA,NA,NA,NA,NA,NA,NA,NA,NA,NA   NA   NA   NA,NA   NA   NA   NA
STTD_2017-06-12 10:30:00,6/12/2017 10:30,STTD,2017,W,FALSE,CLD,NA,NA,21,0.17,551,596,7.75,4.82,54,10,Regular,794000,800958,6958,6958,21.37210215,21.37210215,1,NA,NA,Aquatic Non-Insects,10,Family,Crangonyctidae,Crangonyctidae,NotDetermined,1,0.047,0.047,NA,NA,NA,NA,NA,NA,NA,NA,NA,NA,NA   NA   NA   NA,NA   NA   NA   NA
STTD_2017-06-12 10:30:00,6/12/2017 10:30,STTD,2017,W,FALSE,CLD,NA,NA,21,0.17,551,596,7.75,4.82,54,10,Regular,794000,800958,6958,6958,21.37210215,21.37210215,1,NA,NA,Aquatic Non-Insects,15,Family,Hyalellidae,Hyalellidae,NotDetermined,51,2.386,2.386,NA,NA,NA,NA,NA,NA,NA,NA,NA,NA,NA   NA   NA   NA,NA   NA   NA   NA
STTD_2017-06-12 10:30:00,6/12/2017 10:30,STTD,2017,W,FALSE,CLD,NA,NA,21,0.17,551,596,7.75,4.82,54,10,Regular,794000,800958,6958,6958,21.37210215,21.37210215,1,NA,NA,Aquatic Non-Insects,118,Class,Ostracoda,Ostracod,NotDetermined,1,0.047,0.047,NA,NA,NA,NA,NA,NA,NA,NA,NA,NA,NA   NA   NA   NA,NA   NA   NA   NA
STTD_2017-06-12 10:30:00,6/12/2017 10:30,STTD,2017,W,FALSE,CLD,NA,NA,21,0.17,551,596,7.75,4.82,54,10,Regular,794000,800958,6958,6958,21.37210215,21.37210215,1,NA,NA,Aquatic Non-Insects,28,Family,Lebertiidae,Lebertiidae,NotDetermined,1,0.047,0.047,NA,NA,NA,NA,NA,NA,NA,NA,NA,NA,NA   NA   NA   NA,NA   NA   NA   NA
STTD_2017-06-12 10:30:00,6/12/2017 10:30,STTD,2017,W,FALSE,CLD,NA,NA,21,0.17,551,596,7.75,4.82,54,10,Regular,794000,800958,6958,6958,21.37210215,21.37210215,1,NA,NA,Aquatic Non-Insects,120,Family,Lebertiidae,Lebertiidae,NotDetermined,1,0.047,0.047,NA,NA,NA,NA,NA,NA,NA,NA,NA,NA,NA   NA   NA   NA,NA   NA   NA   NA
STTD_2017-06-12 10:30:00,6/12/2017 10:30,STTD,2017,W,FALSE,CLD,NA,NA,21,0.17,551,596,7.75,4.82,54,10,Regular,794000,800958,6958,6958,21.37210215,21.37210215,1,NA,NA,Aquatic Non-Insects,148,Family,Cottidae,Unidentified Sculpin,NotDetermined,1,0.047,0.047,NA,NA,NA,NA,NA,NA,NA,NA,NA,NA,NA   NA   NA   NA,NA   NA   NA   NA
STTD_2017-06-12 10:30:00,6/12/2017 10:30,STTD,2017,W,FALSE,CLD,NA,NA,21,0.17,551,596,7.75,4.82,54,10,Regular,794000,800958,6958,6958,21.37210215,21.37210215,1,NA,NA,Terrestrial Insects,71,Order,Hemiptera,Hemiptera,Larvae,3,0.14,0.14,NA,NA,NA,NA,NA,NA,NA,NA,NA,NA,NA   NA   NA   NA,NA   NA   NA   NA
STTD_2017-06-12 10:30:00,6/12/2017 10:30,STTD,2017,W,FALSE,CLD,NA,NA,21,0.17,551,596,7.75,4.82,54,10,Regular,794000,800958,6958,6958,21.37210215,21.37210215,1,NA,NA,Terrestrial Insects,71,Order,Hemiptera,Hemiptera,Adults,11,0.515,0.515,NA,NA,NA,NA,NA,NA,NA,NA,NA,NA,NA   NA   NA   NA,NA   NA   NA   NA
STTD_2017-06-12 10:30:00,6/12/2017 10:30,STTD,2017,W,FALSE,CLD,NA,NA,21,0.17,551,596,7.75,4.82,54,10,Regular,794000,800958,6958,6958,21.37210215,21.37210215,1,NA,NA,Terrestrial Insects,63,Order,Coleoptera,Coleoptera,Adults,4,0.187,0.187,NA,NA,NA,NA,NA,NA,NA,NA,NA,NA,NA   NA   NA   NA,NA   NA   NA   NA
STTD_2017-06-12 10:30:00,6/12/2017 10:30,STTD,2017,W,FALSE,CLD,NA,NA,21,0.17,551,596,7.75,4.82,54,10,Regular,794000,800958,6958,6958,21.37210215,21.37210215,1,NA,NA,Terrestrial Insects,64,Order,Diptera,Diptera,Adults,2,0.094,0.094,NA,NA,NA,NA,NA,NA,NA,NA,NA,NA,NA   NA   NA   NA,NA   NA   NA   NA
STTD_2017-06-12 10:30:00,6/12/2017 10:30,STTD,2017,W,FALSE,CLD,NA,NA,21,0.17,551,596,7.75,4.82,54,10,Regular,794000,800958,6958,6958,21.37210215,21.37210215,1,NA,NA,Terrestrial Insects,66,Order,Hymenoptera,Hymenoptera,Adults,4,0.187,0.187,NA,NA,NA,NA,NA,NA,NA,NA,NA,NA,NA   NA   NA   NA,NA   NA   NA   NA
STTD_2017-06-12 10:30:00,6/12/2017 10:30,STTD,2017,W,FALSE,CLD,NA,NA,21,0.17,551,596,7.75,4.82,54,10,Regular,794000,800958,6958,6958,21.37210215,21.37210215,1,NA,NA,Terrestrial Insects,74,Order,Neuroptera,Neuroptera,Larvae,1,0.047,0.047,NA,NA,NA,NA,NA,NA,NA,NA,NA,NA,NA   NA   NA   NA,NA   NA   NA   NA
STTD_2017-06-12 10:30:00,6/12/2017 10:30,STTD,2017,W,FALSE,CLD,NA,NA,21,0.17,551,596,7.75,4.82,54,10,Regular,794000,800958,6958,6958,21.37210215,21.37210215,1,NA,NA,Terrestrial Insects,67,Order,Psocoptera,Psocoptera,Adults,1,0.047,0.047,NA,NA,NA,NA,NA,NA,NA,NA,NA,NA,NA   NA   NA   NA,NA   NA   NA   NA
STTD_2017-06-12 10:30:00,6/12/2017 10:30,STTD,2017,W,FALSE,CLD,NA,NA,21,0.17,551,596,7.75,4.82,54,10,Regular,794000,800958,6958,6958,21.37210215,21.37210215,1,NA,NA,Terrestrial Non-Insects,57,Subclass,Acari,Acari,NotDetermined,1,0.047,0.047,NA,NA,NA,NA,NA,NA,NA,NA,NA,NA,NA   NA   NA   NA,NA   NA   NA   NA
STTD_2017-06-12 10:30:00,6/12/2017 10:30,STTD,2017,W,FALSE,CLD,NA,NA,21,0.17,551,596,7.75,4.82,54,10,Regular,794000,800958,6958,6958,21.37210215,21.37210215,1,NA,NA,Terrestrial Non-Insects,157,Order,Araneae,Araneae,NotDetermined,3,0.14,0.14,NA,NA,NA,NA,NA,NA,NA,NA,NA,NA,NA   NA   NA   NA,NA   NA   NA   NA
STTD_2017-06-12 10:30:00,6/12/2017 10:30,STTD,2017,W,FALSE,CLD,NA,NA,21,0.17,551,596,7.75,4.82,54,10,Regular,794000,800958,6958,6958,21.37210215,21.37210215,1,NA,NA,Aquatic Non-Insects,119,Family,Limnesiidae,Limnesiidae,NotDetermined,2,0.094,0.094,NA,NA,NA,NA,NA,NA,NA,NA,NA,NA,NA   NA   NA   NA,NA   NA   NA   NA
STTD_2017-06-12 10:30:00,6/12/2017 10:30,STTD,2017,W,FALSE,CLD,NA,NA,21,0.17,551,596,7.75,4.82,54,10,Regular,794000,800958,6958,6958,21.37210215,21.37210215,1,NA,NA,Aquatic Non-Insects,29,Family,Sperchontidae,Sperchontidae,NotDetermined,1,0.047,0.047,NA,NA,NA,NA,NA,NA,NA,NA,NA,NA,NA   NA   NA   NA,NA   NA   NA   NA
STTD_2017-06-12 10:30:00,6/12/2017 10:30,STTD,2017,W,FALSE,CLD,NA,NA,21,0.17,551,596,7.75,4.82,54,10,Regular,794000,800958,6958,6958,21.37210215,21.37210215,1,NA,NA,Aquatic Non-Insects,146,Family,Sperchontidae,Sperchontidae,NotDetermined,1,0.047,0.047,NA,NA,NA,NA,NA,NA,NA,NA,NA,NA,NA   NA   NA   NA,NA   NA   NA   NA
STTD_2017-06-12 10:30:00,6/12/2017 10:30,STTD,2017,W,FALSE,CLD,NA,NA,21,0.17,551,596,7.75,4.82,54,10,Regular,794000,800958,6958,6958,21.37210215,21.37210215,1,NA,NA,Aquatic Non-Insects,182,Family,Ictaluridae,Catfish,NotDetermined,1,0.047,0.047,NA,NA,NA,NA,NA,NA,NA,NA,NA,NA,NA   NA   NA   NA,NA   NA   NA   NA
SHR_2017-06-13 08:15:00,6/13/2017 8:15,SHR,2017,W,FALSE,CLR,NA,1,16.5,1.2,88.7,106,7.46,9.29,14,10,Regular,801000,805736,4736,4736,14.5470359,14.5470359,1,NA,NA,Aquatic Non-Insects,9,Family,Corophiidae,Corophiidae,NotDetermined,1,0.069,0.069,NA,NA,NA,NA,NA,NA,NA,NA,NA,NA,NA   NA   NA   NA,NA   NA   NA   NA
SHR_2017-06-13 08:15:00,6/13/2017 8:15,SHR,2017,W,FALSE,CLR,NA,1,16.5,1.2,88.7,106,7.46,9.29,14,10,Regular,801000,805736,4736,4736,14.5470359,14.5470359,1,NA,NA,Terrestrial Insects,64,Order,Diptera,Diptera,Adults,2,0.137,0.137,NA,NA,NA,NA,NA,NA,NA,NA,NA,NA,NA   NA   NA   NA,NA   NA   NA   NA
SHR_2017-06-27 08:56:00,6/27/2017 8:56,SHR,2017,W,FALSE,CLR,NA,1,20.6,1.8,88.4,96.5,7.1,8.76,4.5,10,Low,804000,805400,1400,1400,9.210760411,9.210760411,1,NA,NA,Aquatic Insects,32,Family,Ceratopogonidae,Ceratopogonidae,Pupae,1,0.109,0.109,NA,NA,NA,NA,NA,NA,2,FM,NA,NA,NA   NA   2   NA,NA   NA   FM   NA
SHR_2017-06-27 08:56:00,6/27/2017 8:56,SHR,2017,W,FALSE,CLR,NA,1,20.6,1.8,88.4,96.5,7.1,8.76,4.5,10,Low,804000,805400,1400,1400,9.210760411,9.210760411,1,NA,NA,Aquatic Insects,38,Family,Simuliidae,Simuliidae,Larvae,1,0.109,0.109,NA,NA,NA,NA,NA,NA,2,FM,NA,NA,NA   NA   2   NA,NA   NA   FM   NA
STTD_2018-01-02 10:49:00,1/2/2018 10:49,STTD,2018,A,FALSE,CLD,NA,1,8.6,0.69,439,640,7.89,10.9,7.5,10,Low,705392,707000,1608,1608,10.57921624,10.57921624,1,500mm net,NA,Aquatic Insects,32,Family,Ceratopogonidae,Ceratopogonidae,Larvae,0,0,0,NA,NA,NA,NA,NA,NA,NA,NA,NA,NA,NA   NA   NA   NA,NA   NA   NA   NA
STTD_2018-01-02 10:49:00,1/2/2018 10:49,STTD,2018,A,FALSE,CLD,NA,1,8.6,0.69,439,640,7.89,10.9,7.5,10,Low,705392,707000,1608,1608,10.57921624,10.57921624,1,500mm net,NA,Aquatic Insects,32,Family,Ceratopogonidae,Ceratopogonidae,Pupae,0,0,0,NA,NA,NA,NA,NA,NA,NA,NA,NA,NA,NA   NA   NA   NA,NA   NA   NA   NA
STTD_2018-01-02 10:49:00,1/2/2018 10:49,STTD,2018,A,FALSE,CLD,NA,1,8.6,0.69,439,640,7.89,10.9,7.5,10,Low,705392,707000,1608,1608,10.57921624,10.57921624,1,500mm net,NA,Aquatic Insects,32,Family,Ceratopogonidae,Ceratopogonidae,Nymphs,0,0,0,NA,NA,NA,NA,NA,NA,NA,NA,NA,NA,NA   NA   NA   NA,NA   NA   NA   NA
STTD_2018-01-02 10:49:00,1/2/2018 10:49,STTD,2018,A,FALSE,CLD,NA,1,8.6,0.69,439,640,7.89,10.9,7.5,10,Low,705392,707000,1608,1608,10.57921624,10.57921624,1,500mm net,NA,Aquatic Insects,32,Family,Ceratopogonidae,Ceratopogonidae,Emergents,0,0,0,NA,NA,NA,NA,NA,NA,NA,NA,NA,NA,NA   NA   NA   NA,NA   NA   NA   NA
STTD_2018-01-02 10:49:00,1/2/2018 10:49,STTD,2018,A,FALSE,CLD,NA,1,8.6,0.69,439,640,7.89,10.9,7.5,10,Low,705392,707000,1608,1608,10.57921624,10.57921624,1,500mm net,NA,Aquatic Insects,32,Family,Ceratopogonidae,Ceratopogonidae,Adults,1,0.095,0.095,NA,NA,NA,NA,NA,NA,NA,NA,NA,NA,NA   NA   NA   NA,NA   NA   NA   NA
STTD_2018-01-02 10:49:00,1/2/2018 10:49,STTD,2018,A,FALSE,CLD,NA,1,8.6,0.69,439,640,7.89,10.9,7.5,10,Low,705392,707000,1608,1608,10.57921624,10.57921624,1,500mm net,NA,Aquatic Insects,32,Family,Ceratopogonidae,Ceratopogonidae,NotDetermined,0,0,0,NA,NA,NA,NA,NA,NA,NA,NA,NA,NA,NA   NA   NA   NA,NA   NA   NA   NA
STTD_2018-01-02 10:49:00,1/2/2018 10:49,STTD,2018,A,FALSE,CLD,NA,1,8.6,0.69,439,640,7.89,10.9,7.5,10,Low,705392,707000,1608,1608,10.57921624,10.57921624,1,500mm net,NA,Aquatic Insects,34,Family,Chironomidae,Chironomidae,Larvae,3,0.284,0.284,NA,NA,NA,NA,NA,NA,NA,NA,NA,NA,NA   NA   NA   NA,NA   NA   NA   NA
STTD_2018-01-02 10:49:00,1/2/2018 10:49,STTD,2018,A,FALSE,CLD,NA,1,8.6,0.69,439,640,7.89,10.9,7.5,10,Low,705392,707000,1608,1608,10.57921624,10.57921624,1,500mm net,NA,Aquatic Insects,34,Family,Chironomidae,Chironomidae,Pupae,0,0,0,NA,NA,NA,NA,NA,NA,NA,NA,NA,NA,NA   NA   NA   NA,NA   NA   NA   NA
STTD_2018-01-02 10:49:00,1/2/2018 10:49,STTD,2018,A,FALSE,CLD,NA,1,8.6,0.69,439,640,7.89,10.9,7.5,10,Low,705392,707000,1608,1608,10.57921624,10.57921624,1,500mm net,NA,Aquatic Insects,34,Family,Chironomidae,Chironomidae,Nymphs,0,0,0,NA,NA,NA,NA,NA,NA,NA,NA,NA,NA,NA   NA   NA   NA,NA   NA   NA   NA
STTD_2018-01-02 10:49:00,1/2/2018 10:49,STTD,2018,A,FALSE,CLD,NA,1,8.6,0.69,439,640,7.89,10.9,7.5,10,Low,705392,707000,1608,1608,10.57921624,10.57921624,1,500mm net,NA,Aquatic Insects,34,Family,Chironomidae,Chironomidae,Emergents,0,0,0,NA,NA,NA,NA,NA,NA,NA,NA,NA,NA,NA   NA   NA   NA,NA   NA   NA   NA
STTD_2018-01-02 10:49:00,1/2/2018 10:49,STTD,2018,A,FALSE,CLD,NA,1,8.6,0.69,439,640,7.89,10.9,7.5,10,Low,705392,707000,1608,1608,10.57921624,10.57921624,1,500mm net,NA,Aquatic Insects,34,Family,Chironomidae,Chironomidae,Adults,11,1.04,1.04,NA,NA,NA,NA,NA,NA,NA,NA,NA,NA,NA   NA   NA   NA,NA   NA   NA   NA
STTD_2018-01-02 10:49:00,1/2/2018 10:49,STTD,2018,A,FALSE,CLD,NA,1,8.6,0.69,439,640,7.89,10.9,7.5,10,Low,705392,707000,1608,1608,10.57921624,10.57921624,1,500mm net,NA,Aquatic Insects,34,Family,Chironomidae,Chironomidae,NotDetermined,0,0,0,NA,NA,NA,NA,NA,NA,NA,NA,NA,NA,NA   NA   NA   NA,NA   NA   NA   NA
STTD_2018-01-02 10:49:00,1/2/2018 10:49,STTD,2018,A,FALSE,CLD,NA,1,8.6,0.69,439,640,7.89,10.9,7.5,10,Low,705392,707000,1608,1608,10.57921624,10.57921624,1,500mm net,NA,Aquatic Insects,36,Family,Ephydridae,Ephydridae,Larvae,0,0,0,NA,NA,NA,NA,NA,NA,NA,NA,NA,NA,NA   NA   NA   NA,NA   NA   NA   NA
STTD_2018-01-02 10:49:00,1/2/2018 10:49,STTD,2018,A,FALSE,CLD,NA,1,8.6,0.69,439,640,7.89,10.9,7.5,10,Low,705392,707000,1608,1608,10.57921624,10.57921624,1,500mm net,NA,Aquatic Insects,36,Family,Ephydridae,Ephydridae,Pupae,0,0,0,NA,NA,NA,NA,NA,NA,NA,NA,NA,NA,NA   NA   NA   NA,NA   NA   NA   NA
STTD_2018-01-02 10:49:00,1/2/2018 10:49,STTD,2018,A,FALSE,CLD,NA,1,8.6,0.69,439,640,7.89,10.9,7.5,10,Low,705392,707000,1608,1608,10.57921624,10.57921624,1,500mm net,NA,Aquatic Insects,36,Family,Ephydridae,Ephydridae,Nymphs,0,0,0,NA,NA,NA,NA,NA,NA,NA,NA,NA,NA,NA   NA   NA   NA,NA   NA   NA   NA
STTD_2018-01-02 10:49:00,1/2/2018 10:49,STTD,2018,A,FALSE,CLD,NA,1,8.6,0.69,439,640,7.89,10.9,7.5,10,Low,705392,707000,1608,1608,10.57921624,10.57921624,1,500mm net,NA,Aquatic Insects,36,Family,Ephydridae,Ephydridae,Emergents,0,0,0,NA,NA,NA,NA,NA,NA,NA,NA,NA,NA,NA   NA   NA   NA,NA   NA   NA   NA
STTD_2018-01-02 10:49:00,1/2/2018 10:49,STTD,2018,A,FALSE,CLD,NA,1,8.6,0.69,439,640,7.89,10.9,7.5,10,Low,705392,707000,1608,1608,10.57921624,10.57921624,1,500mm net,NA,Aquatic Insects,36,Family,Ephydridae,Ephydridae,Adults,2,0.189,0.189,NA,NA,NA,NA,NA,NA,NA,NA,NA,NA,NA   NA   NA   NA,NA   NA   NA   NA
STTD_2018-01-02 10:49:00,1/2/2018 10:49,STTD,2018,A,FALSE,CLD,NA,1,8.6,0.69,439,640,7.89,10.9,7.5,10,Low,705392,707000,1608,1608,10.57921624,10.57921624,1,500mm net,NA,Aquatic Insects,36,Family,Ephydridae,Ephydridae,NotDetermined,0,0,0,NA,NA,NA,NA,NA,NA,NA,NA,NA,NA,NA   NA   NA   NA,NA   NA   NA   NA
STTD_2018-01-02 10:49:00,1/2/2018 10:49,STTD,2018,A,FALSE,CLD,NA,1,8.6,0.69,439,640,7.89,10.9,7.5,10,Low,705392,707000,1608,1608,10.57921624,10.57921624,1,500mm net,NA,Aquatic Non-Insects,15,Family,Hyalellidae,Hyalellidae,Larvae,0,0,0,NA,NA,NA,NA,NA,NA,NA,NA,NA,NA,NA   NA   NA   NA,NA   NA   NA   NA
STTD_2018-01-02 10:49:00,1/2/2018 10:49,STTD,2018,A,FALSE,CLD,NA,1,8.6,0.69,439,640,7.89,10.9,7.5,10,Low,705392,707000,1608,1608,10.57921624,10.57921624,1,500mm net,NA,Aquatic Non-Insects,15,Family,Hyalellidae,Hyalellidae,Pupae,0,0,0,NA,NA,NA,NA,NA,NA,NA,NA,NA,NA,NA   NA   NA   NA,NA   NA   NA   NA
STTD_2018-01-02 10:49:00,1/2/2018 10:49,STTD,2018,A,FALSE,CLD,NA,1,8.6,0.69,439,640,7.89,10.9,7.5,10,Low,705392,707000,1608,1608,10.57921624,10.57921624,1,500mm net,NA,Aquatic Non-Insects,15,Family,Hyalellidae,Hyalellidae,Nymphs,0,0,0,NA,NA,NA,NA,NA,NA,NA,NA,NA,NA,NA   NA   NA   NA,NA   NA   NA   NA
STTD_2018-01-02 10:49:00,1/2/2018 10:49,STTD,2018,A,FALSE,CLD,NA,1,8.6,0.69,439,640,7.89,10.9,7.5,10,Low,705392,707000,1608,1608,10.57921624,10.57921624,1,500mm net,NA,Aquatic Non-Insects,15,Family,Hyalellidae,Hyalellidae,Emergents,0,0,0,NA,NA,NA,NA,NA,NA,NA,NA,NA,NA,NA   NA   NA   NA,NA   NA   NA   NA
STTD_2018-01-02 10:49:00,1/2/2018 10:49,STTD,2018,A,FALSE,CLD,NA,1,8.6,0.69,439,640,7.89,10.9,7.5,10,Low,705392,707000,1608,1608,10.57921624,10.57921624,1,500mm net,NA,Aquatic Non-Insects,15,Family,Hyalellidae,Hyalellidae,Adults,0,0,0,NA,NA,NA,NA,NA,NA,NA,NA,NA,NA,NA   NA   NA   NA,NA   NA   NA   NA
STTD_2018-01-02 10:49:00,1/2/2018 10:49,STTD,2018,A,FALSE,CLD,NA,1,8.6,0.69,439,640,7.89,10.9,7.5,10,Low,705392,707000,1608,1608,10.57921624,10.57921624,1,500mm net,NA,Aquatic Non-Insects,15,Family,Hyalellidae,Hyalellidae,NotDetermined,1,0.095,0.095,NA,NA,NA,NA,NA,NA,NA,NA,NA,NA,NA   NA   NA   NA,NA   NA   NA   NA
STTD_2018-01-02 10:49:00,1/2/2018 10:49,STTD,2018,A,FALSE,CLD,NA,1,8.6,0.69,439,640,7.89,10.9,7.5,10,Low,705392,707000,1608,1608,10.57921624,10.57921624,1,500mm net,NA,Aquatic Non-Insects,106,Family,Lymnaeidae,Lymnaeidae,Larvae,0,0,0,NA,NA,NA,NA,NA,NA,NA,NA,NA,NA,NA   NA   NA   NA,NA   NA   NA   NA
STTD_2018-01-02 10:49:00,1/2/2018 10:49,STTD,2018,A,FALSE,CLD,NA,1,8.6,0.69,439,640,7.89,10.9,7.5,10,Low,705392,707000,1608,1608,10.57921624,10.57921624,1,500mm net,NA,Aquatic Non-Insects,106,Family,Lymnaeidae,Lymnaeidae,Pupae,0,0,0,NA,NA,NA,NA,NA,NA,NA,NA,NA,NA,NA   NA   NA   NA,NA   NA   NA   NA
STTD_2018-01-02 10:49:00,1/2/2018 10:49,STTD,2018,A,FALSE,CLD,NA,1,8.6,0.69,439,640,7.89,10.9,7.5,10,Low,705392,707000,1608,1608,10.57921624,10.57921624,1,500mm net,NA,Aquatic Non-Insects,106,Family,Lymnaeidae,Lymnaeidae,Nymphs,0,0,0,NA,NA,NA,NA,NA,NA,NA,NA,NA,NA,NA   NA   NA   NA,NA   NA   NA   NA
STTD_2018-01-02 10:49:00,1/2/2018 10:49,STTD,2018,A,FALSE,CLD,NA,1,8.6,0.69,439,640,7.89,10.9,7.5,10,Low,705392,707000,1608,1608,10.57921624,10.57921624,1,500mm net,NA,Aquatic Non-Insects,106,Family,Lymnaeidae,Lymnaeidae,Emergents,0,0,0,NA,NA,NA,NA,NA,NA,NA,NA,NA,NA,NA   NA   NA   NA,NA   NA   NA   NA
STTD_2018-01-02 10:49:00,1/2/2018 10:49,STTD,2018,A,FALSE,CLD,NA,1,8.6,0.69,439,640,7.89,10.9,7.5,10,Low,705392,707000,1608,1608,10.57921624,10.57921624,1,500mm net,NA,Aquatic Non-Insects,106,Family,Lymnaeidae,Lymnaeidae,Adults,0,0,0,NA,NA,NA,NA,NA,NA,NA,NA,NA,NA,NA   NA   NA   NA,NA   NA   NA   NA
STTD_2018-01-02 10:49:00,1/2/2018 10:49,STTD,2018,A,FALSE,CLD,NA,1,8.6,0.69,439,640,7.89,10.9,7.5,10,Low,705392,707000,1608,1608,10.57921624,10.57921624,1,500mm net,NA,Aquatic Non-Insects,106,Family,Lymnaeidae,Lymnaeidae,NotDetermined,1,0.095,0.095,NA,NA,NA,NA,NA,NA,NA,NA,NA,NA,NA   NA   NA   NA,NA   NA   NA   NA
STTD_2018-01-02 10:49:00,1/2/2018 10:49,STTD,2018,A,FALSE,CLD,NA,1,8.6,0.69,439,640,7.89,10.9,7.5,10,Low,705392,707000,1608,1608,10.57921624,10.57921624,1,500mm net,NA,Aquatic Non-Insects,21,Family,Planorbidae,Planorbidae,Larvae,0,0,0,NA,NA,NA,NA,NA,NA,NA,NA,NA,NA,NA   NA   NA   NA,NA   NA   NA   NA
STTD_2018-01-02 10:49:00,1/2/2018 10:49,STTD,2018,A,FALSE,CLD,NA,1,8.6,0.69,439,640,7.89,10.9,7.5,10,Low,705392,707000,1608,1608,10.57921624,10.57921624,1,500mm net,NA,Aquatic Non-Insects,21,Family,Planorbidae,Planorbidae,Pupae,0,0,0,NA,NA,NA,NA,NA,NA,NA,NA,NA,NA,NA   NA   NA   NA,NA   NA   NA   NA
STTD_2018-01-02 10:49:00,1/2/2018 10:49,STTD,2018,A,FALSE,CLD,NA,1,8.6,0.69,439,640,7.89,10.9,7.5,10,Low,705392,707000,1608,1608,10.57921624,10.57921624,1,500mm net,NA,Aquatic Non-Insects,21,Family,Planorbidae,Planorbidae,Nymphs,0,0,0,NA,NA,NA,NA,NA,NA,NA,NA,NA,NA,NA   NA   NA   NA,NA   NA   NA   NA
STTD_2018-01-02 10:49:00,1/2/2018 10:49,STTD,2018,A,FALSE,CLD,NA,1,8.6,0.69,439,640,7.89,10.9,7.5,10,Low,705392,707000,1608,1608,10.57921624,10.57921624,1,500mm net,NA,Aquatic Non-Insects,21,Family,Planorbidae,Planorbidae,Emergents,0,0,0,NA,NA,NA,NA,NA,NA,NA,NA,NA,NA,NA   NA   NA   NA,NA   NA   NA   NA
STTD_2018-01-02 10:49:00,1/2/2018 10:49,STTD,2018,A,FALSE,CLD,NA,1,8.6,0.69,439,640,7.89,10.9,7.5,10,Low,705392,707000,1608,1608,10.57921624,10.57921624,1,500mm net,NA,Aquatic Non-Insects,21,Family,Planorbidae,Planorbidae,Adults,0,0,0,NA,NA,NA,NA,NA,NA,NA,NA,NA,NA,NA   NA   NA   NA,NA   NA   NA   NA
STTD_2018-01-02 10:49:00,1/2/2018 10:49,STTD,2018,A,FALSE,CLD,NA,1,8.6,0.69,439,640,7.89,10.9,7.5,10,Low,705392,707000,1608,1608,10.57921624,10.57921624,1,500mm net,NA,Aquatic Non-Insects,21,Family,Planorbidae,Planorbidae,NotDetermined,3,0.284,0.284,NA,NA,NA,NA,NA,NA,NA,NA,NA,NA,NA   NA   NA   NA,NA   NA   NA   NA
STTD_2018-01-02 10:49:00,1/2/2018 10:49,STTD,2018,A,FALSE,CLD,NA,1,8.6,0.69,439,640,7.89,10.9,7.5,10,Low,705392,707000,1608,1608,10.57921624,10.57921624,1,500mm net,NA,Terrestrial Insects,63,Order,Coleoptera,Coleoptera,Larvae,0,0,0,NA,NA,NA,NA,NA,NA,NA,NA,NA,NA,NA   NA   NA   NA,NA   NA   NA   NA
STTD_2018-01-02 10:49:00,1/2/2018 10:49,STTD,2018,A,FALSE,CLD,NA,1,8.6,0.69,439,640,7.89,10.9,7.5,10,Low,705392,707000,1608,1608,10.57921624,10.57921624,1,500mm net,NA,Terrestrial Insects,63,Order,Coleoptera,Coleoptera,Pupae,0,0,0,NA,NA,NA,NA,NA,NA,NA,NA,NA,NA,NA   NA   NA   NA,NA   NA   NA   NA
STTD_2018-01-02 10:49:00,1/2/2018 10:49,STTD,2018,A,FALSE,CLD,NA,1,8.6,0.69,439,640,7.89,10.9,7.5,10,Low,705392,707000,1608,1608,10.57921624,10.57921624,1,500mm net,NA,Terrestrial Insects,63,Order,Coleoptera,Coleoptera,Nymphs,0,0,0,NA,NA,NA,NA,NA,NA,NA,NA,NA,NA,NA   NA   NA   NA,NA   NA   NA   NA
STTD_2018-01-02 10:49:00,1/2/2018 10:49,STTD,2018,A,FALSE,CLD,NA,1,8.6,0.69,439,640,7.89,10.9,7.5,10,Low,705392,707000,1608,1608,10.57921624,10.57921624,1,500mm net,NA,Terrestrial Insects,63,Order,Coleoptera,Coleoptera,Emergents,0,0,0,NA,NA,NA,NA,NA,NA,NA,NA,NA,NA,NA   NA   NA   NA,NA   NA   NA   NA
STTD_2018-01-02 10:49:00,1/2/2018 10:49,STTD,2018,A,FALSE,CLD,NA,1,8.6,0.69,439,640,7.89,10.9,7.5,10,Low,705392,707000,1608,1608,10.57921624,10.57921624,1,500mm net,NA,Terrestrial Insects,63,Order,Coleoptera,Coleoptera,Adults,3,0.284,0.284,NA,NA,NA,NA,NA,NA,NA,NA,NA,NA,NA   NA   NA   NA,NA   NA   NA   NA
STTD_2018-01-02 10:49:00,1/2/2018 10:49,STTD,2018,A,FALSE,CLD,NA,1,8.6,0.69,439,640,7.89,10.9,7.5,10,Low,705392,707000,1608,1608,10.57921624,10.57921624,1,500mm net,NA,Terrestrial Insects,63,Order,Coleoptera,Coleoptera,NotDetermined,0,0,0,NA,NA,NA,NA,NA,NA,NA,NA,NA,NA,NA   NA   NA   NA,NA   NA   NA   NA
STTD_2018-01-02 10:49:00,1/2/2018 10:49,STTD,2018,A,FALSE,CLD,NA,1,8.6,0.69,439,640,7.89,10.9,7.5,10,Low,705392,707000,1608,1608,10.57921624,10.57921624,1,500mm net,NA,Terrestrial Insects,64,Order,Diptera,Diptera,Larvae,0,0,0,NA,NA,NA,NA,NA,NA,NA,NA,NA,NA,NA   NA   NA   NA,NA   NA   NA   NA
STTD_2018-01-02 10:49:00,1/2/2018 10:49,STTD,2018,A,FALSE,CLD,NA,1,8.6,0.69,439,640,7.89,10.9,7.5,10,Low,705392,707000,1608,1608,10.57921624,10.57921624,1,500mm net,NA,Terrestrial Insects,64,Order,Diptera,Diptera,Pupae,0,0,0,NA,NA,NA,NA,NA,NA,NA,NA,NA,NA,NA   NA   NA   NA,NA   NA   NA   NA
STTD_2018-01-02 10:49:00,1/2/2018 10:49,STTD,2018,A,FALSE,CLD,NA,1,8.6,0.69,439,640,7.89,10.9,7.5,10,Low,705392,707000,1608,1608,10.57921624,10.57921624,1,500mm net,NA,Terrestrial Insects,64,Order,Diptera,Diptera,Nymphs,0,0,0,NA,NA,NA,NA,NA,NA,NA,NA,NA,NA,NA   NA   NA   NA,NA   NA   NA   NA
STTD_2018-01-02 10:49:00,1/2/2018 10:49,STTD,2018,A,FALSE,CLD,NA,1,8.6,0.69,439,640,7.89,10.9,7.5,10,Low,705392,707000,1608,1608,10.57921624,10.57921624,1,500mm net,NA,Terrestrial Insects,64,Order,Diptera,Diptera,Emergents,0,0,0,NA,NA,NA,NA,NA,NA,NA,NA,NA,NA,NA   NA   NA   NA,NA   NA   NA   NA
STTD_2018-01-02 10:49:00,1/2/2018 10:49,STTD,2018,A,FALSE,CLD,NA,1,8.6,0.69,439,640,7.89,10.9,7.5,10,Low,705392,707000,1608,1608,10.57921624,10.57921624,1,500mm net,NA,Terrestrial Insects,64,Order,Diptera,Diptera,Adults,3,0.284,0.284,NA,NA,NA,NA,NA,NA,NA,NA,NA,NA,NA   NA   NA   NA,NA   NA   NA   NA
STTD_2018-01-02 10:49:00,1/2/2018 10:49,STTD,2018,A,FALSE,CLD,NA,1,8.6,0.69,439,640,7.89,10.9,7.5,10,Low,705392,707000,1608,1608,10.57921624,10.57921624,1,500mm net,NA,Terrestrial Insects,64,Order,Diptera,Diptera,NotDetermined,0,0,0,NA,NA,NA,NA,NA,NA,NA,NA,NA,NA,NA   NA   NA   NA,NA   NA   NA   NA
STTD_2018-01-02 10:49:00,1/2/2018 10:49,STTD,2018,A,FALSE,CLD,NA,1,8.6,0.69,439,640,7.89,10.9,7.5,10,Low,705392,707000,1608,1608,10.57921624,10.57921624,1,500mm net,NA,Terrestrial Insects,71,Order,Hemiptera,Hemiptera,Larvae,0,0,0,NA,NA,NA,NA,NA,NA,NA,NA,NA,NA,NA   NA   NA   NA,NA   NA   NA   NA
STTD_2018-01-02 10:49:00,1/2/2018 10:49,STTD,2018,A,FALSE,CLD,NA,1,8.6,0.69,439,640,7.89,10.9,7.5,10,Low,705392,707000,1608,1608,10.57921624,10.57921624,1,500mm net,NA,Terrestrial Insects,71,Order,Hemiptera,Hemiptera,Pupae,0,0,0,NA,NA,NA,NA,NA,NA,NA,NA,NA,NA,NA   NA   NA   NA,NA   NA   NA   NA
STTD_2018-01-02 10:49:00,1/2/2018 10:49,STTD,2018,A,FALSE,CLD,NA,1,8.6,0.69,439,640,7.89,10.9,7.5,10,Low,705392,707000,1608,1608,10.57921624,10.57921624,1,500mm net,NA,Terrestrial Insects,71,Order,Hemiptera,Hemiptera,Nymphs,0,0,0,NA,NA,NA,NA,NA,NA,NA,NA,NA,NA,NA   NA   NA   NA,NA   NA   NA   NA
STTD_2018-01-02 10:49:00,1/2/2018 10:49,STTD,2018,A,FALSE,CLD,NA,1,8.6,0.69,439,640,7.89,10.9,7.5,10,Low,705392,707000,1608,1608,10.57921624,10.57921624,1,500mm net,NA,Terrestrial Insects,71,Order,Hemiptera,Hemiptera,Emergents,0,0,0,NA,NA,NA,NA,NA,NA,NA,NA,NA,NA,NA   NA   NA   NA,NA   NA   NA   NA
STTD_2018-01-02 10:49:00,1/2/2018 10:49,STTD,2018,A,FALSE,CLD,NA,1,8.6,0.69,439,640,7.89,10.9,7.5,10,Low,705392,707000,1608,1608,10.57921624,10.57921624,1,500mm net,NA,Terrestrial Insects,71,Order,Hemiptera,Hemiptera,Adults,3,0.284,0.284,NA,NA,NA,NA,NA,NA,NA,NA,NA,NA,NA   NA   NA   NA,NA   NA   NA   NA
STTD_2018-01-02 10:49:00,1/2/2018 10:49,STTD,2018,A,FALSE,CLD,NA,1,8.6,0.69,439,640,7.89,10.9,7.5,10,Low,705392,707000,1608,1608,10.57921624,10.57921624,1,500mm net,NA,Terrestrial Insects,71,Order,Hemiptera,Hemiptera,NotDetermined,0,0,0,NA,NA,NA,NA,NA,NA,NA,NA,NA,NA,NA   NA   NA   NA,NA   NA   NA   NA
STTD_2018-01-02 10:49:00,1/2/2018 10:49,STTD,2018,A,FALSE,CLD,NA,1,8.6,0.69,439,640,7.89,10.9,7.5,10,Low,705392,707000,1608,1608,10.57921624,10.57921624,1,500mm net,NA,Terrestrial Insects,66,Order,Hymenoptera,Hymenoptera,Larvae,0,0,0,NA,NA,NA,NA,NA,NA,NA,NA,NA,NA,NA   NA   NA   NA,NA   NA   NA   NA
STTD_2018-01-02 10:49:00,1/2/2018 10:49,STTD,2018,A,FALSE,CLD,NA,1,8.6,0.69,439,640,7.89,10.9,7.5,10,Low,705392,707000,1608,1608,10.57921624,10.57921624,1,500mm net,NA,Terrestrial Insects,66,Order,Hymenoptera,Hymenoptera,Pupae,0,0,0,NA,NA,NA,NA,NA,NA,NA,NA,NA,NA,NA   NA   NA   NA,NA   NA   NA   NA
STTD_2018-01-02 10:49:00,1/2/2018 10:49,STTD,2018,A,FALSE,CLD,NA,1,8.6,0.69,439,640,7.89,10.9,7.5,10,Low,705392,707000,1608,1608,10.57921624,10.57921624,1,500mm net,NA,Terrestrial Insects,66,Order,Hymenoptera,Hymenoptera,Nymphs,0,0,0,NA,NA,NA,NA,NA,NA,NA,NA,NA,NA,NA   NA   NA   NA,NA   NA   NA   NA
STTD_2018-01-02 10:49:00,1/2/2018 10:49,STTD,2018,A,FALSE,CLD,NA,1,8.6,0.69,439,640,7.89,10.9,7.5,10,Low,705392,707000,1608,1608,10.57921624,10.57921624,1,500mm net,NA,Terrestrial Insects,66,Order,Hymenoptera,Hymenoptera,Emergents,0,0,0,NA,NA,NA,NA,NA,NA,NA,NA,NA,NA,NA   NA   NA   NA,NA   NA   NA   NA
STTD_2018-01-02 10:49:00,1/2/2018 10:49,STTD,2018,A,FALSE,CLD,NA,1,8.6,0.69,439,640,7.89,10.9,7.5,10,Low,705392,707000,1608,1608,10.57921624,10.57921624,1,500mm net,NA,Terrestrial Insects,66,Order,Hymenoptera,Hymenoptera,Adults,3,0.284,0.284,NA,NA,NA,NA,NA,NA,NA,NA,NA,NA,NA   NA   NA   NA,NA   NA   NA   NA
STTD_2018-01-02 10:49:00,1/2/2018 10:49,STTD,2018,A,FALSE,CLD,NA,1,8.6,0.69,439,640,7.89,10.9,7.5,10,Low,705392,707000,1608,1608,10.57921624,10.57921624,1,500mm net,NA,Terrestrial Insects,66,Order,Hymenoptera,Hymenoptera,NotDetermined,0,0,0,NA,NA,NA,NA,NA,NA,NA,NA,NA,NA,NA   NA   NA   NA,NA   NA   NA   NA
STTD_2018-01-02 10:49:00,1/2/2018 10:49,STTD,2018,A,FALSE,CLD,NA,1,8.6,0.69,439,640,7.89,10.9,7.5,10,Low,705392,707000,1608,1608,10.57921624,10.57921624,1,500mm net,NA,Terrestrial Insects,67,Order,Psocoptera,Psocoptera,Larvae,1,0.095,0.095,NA,NA,NA,NA,NA,NA,NA,NA,NA,NA,NA   NA   NA   NA,NA   NA   NA   NA
STTD_2018-01-02 10:49:00,1/2/2018 10:49,STTD,2018,A,FALSE,CLD,NA,1,8.6,0.69,439,640,7.89,10.9,7.5,10,Low,705392,707000,1608,1608,10.57921624,10.57921624,1,500mm net,NA,Terrestrial Insects,67,Order,Psocoptera,Psocoptera,Pupae,0,0,0,NA,NA,NA,NA,NA,NA,NA,NA,NA,NA,NA   NA   NA   NA,NA   NA   NA   NA
STTD_2018-01-02 10:49:00,1/2/2018 10:49,STTD,2018,A,FALSE,CLD,NA,1,8.6,0.69,439,640,7.89,10.9,7.5,10,Low,705392,707000,1608,1608,10.57921624,10.57921624,1,500mm net,NA,Terrestrial Insects,67,Order,Psocoptera,Psocoptera,Nymphs,0,0,0,NA,NA,NA,NA,NA,NA,NA,NA,NA,NA,NA   NA   NA   NA,NA   NA   NA   NA
STTD_2018-01-02 10:49:00,1/2/2018 10:49,STTD,2018,A,FALSE,CLD,NA,1,8.6,0.69,439,640,7.89,10.9,7.5,10,Low,705392,707000,1608,1608,10.57921624,10.57921624,1,500mm net,NA,Terrestrial Insects,67,Order,Psocoptera,Psocoptera,Emergents,0,0,0,NA,NA,NA,NA,NA,NA,NA,NA,NA,NA,NA   NA   NA   NA,NA   NA   NA   NA
STTD_2018-01-02 10:49:00,1/2/2018 10:49,STTD,2018,A,FALSE,CLD,NA,1,8.6,0.69,439,640,7.89,10.9,7.5,10,Low,705392,707000,1608,1608,10.57921624,10.57921624,1,500mm net,NA,Terrestrial Insects,67,Order,Psocoptera,Psocoptera,Adults,1,0.095,0.095,NA,NA,NA,NA,NA,NA,NA,NA,NA,NA,NA   NA   NA   NA,NA   NA   NA   NA
STTD_2018-01-02 10:49:00,1/2/2018 10:49,STTD,2018,A,FALSE,CLD,NA,1,8.6,0.69,439,640,7.89,10.9,7.5,10,Low,705392,707000,1608,1608,10.57921624,10.57921624,1,500mm net,NA,Terrestrial Insects,67,Order,Psocoptera,Psocoptera,NotDetermined,0,0,0,NA,NA,NA,NA,NA,NA,NA,NA,NA,NA,NA   NA   NA   NA,NA   NA   NA   NA
STTD_2018-01-02 10:49:00,1/2/2018 10:49,STTD,2018,A,FALSE,CLD,NA,1,8.6,0.69,439,640,7.89,10.9,7.5,10,Low,705392,707000,1608,1608,10.57921624,10.57921624,1,500mm net,NA,Terrestrial Non-Insects,57,Subclass,Acari,Acari,Larvae,0,0,0,NA,NA,NA,NA,NA,NA,NA,NA,NA,NA,NA   NA   NA   NA,NA   NA   NA   NA
STTD_2018-01-02 10:49:00,1/2/2018 10:49,STTD,2018,A,FALSE,CLD,NA,1,8.6,0.69,439,640,7.89,10.9,7.5,10,Low,705392,707000,1608,1608,10.57921624,10.57921624,1,500mm net,NA,Terrestrial Non-Insects,57,Subclass,Acari,Acari,Pupae,0,0,0,NA,NA,NA,NA,NA,NA,NA,NA,NA,NA,NA   NA   NA   NA,NA   NA   NA   NA
STTD_2018-01-02 10:49:00,1/2/2018 10:49,STTD,2018,A,FALSE,CLD,NA,1,8.6,0.69,439,640,7.89,10.9,7.5,10,Low,705392,707000,1608,1608,10.57921624,10.57921624,1,500mm net,NA,Terrestrial Non-Insects,57,Subclass,Acari,Acari,Nymphs,0,0,0,NA,NA,NA,NA,NA,NA,NA,NA,NA,NA,NA   NA   NA   NA,NA   NA   NA   NA
STTD_2018-01-02 10:49:00,1/2/2018 10:49,STTD,2018,A,FALSE,CLD,NA,1,8.6,0.69,439,640,7.89,10.9,7.5,10,Low,705392,707000,1608,1608,10.57921624,10.57921624,1,500mm net,NA,Terrestrial Non-Insects,57,Subclass,Acari,Acari,Emergents,0,0,0,NA,NA,NA,NA,NA,NA,NA,NA,NA,NA,NA   NA   NA   NA,NA   NA   NA   NA
STTD_2018-01-02 10:49:00,1/2/2018 10:49,STTD,2018,A,FALSE,CLD,NA,1,8.6,0.69,439,640,7.89,10.9,7.5,10,Low,705392,707000,1608,1608,10.57921624,10.57921624,1,500mm net,NA,Terrestrial Non-Insects,57,Subclass,Acari,Acari,Adults,0,0,0,NA,NA,NA,NA,NA,NA,NA,NA,NA,NA,NA   NA   NA   NA,NA   NA   NA   NA
STTD_2018-01-02 10:49:00,1/2/2018 10:49,STTD,2018,A,FALSE,CLD,NA,1,8.6,0.69,439,640,7.89,10.9,7.5,10,Low,705392,707000,1608,1608,10.57921624,10.57921624,1,500mm net,NA,Terrestrial Non-Insects,57,Subclass,Acari,Acari,NotDetermined,3,0.284,0.284,NA,NA,NA,NA,NA,NA,NA,NA,NA,NA,NA   NA   NA   NA,NA   NA   NA   NA
SHR_2018-01-04 09:24:00,1/4/2018 9:24,SHR,2018,A,FALSE,CLD,NA,1,9.8,1,114,161,7.54,11,5.7,10,Low,700961,705000,4039,4039,26.57304379,26.57304379,1,NA,NA,Aquatic Insects,30,Family,Dytiscidae,Dytiscidae,Larvae,0,0,0,NA,NA,NA,NA,NA,NA,NA,NA,NA,NA,NA   NA   NA   NA,NA   NA   NA   NA
SHR_2018-01-04 09:24:00,1/4/2018 9:24,SHR,2018,A,FALSE,CLD,NA,1,9.8,1,114,161,7.54,11,5.7,10,Low,700961,705000,4039,4039,26.57304379,26.57304379,1,NA,NA,Aquatic Insects,30,Family,Dytiscidae,Dytiscidae,Pupae,0,0,0,NA,NA,NA,NA,NA,NA,NA,NA,NA,NA,NA   NA   NA   NA,NA   NA   NA   NA
SHR_2018-01-04 09:24:00,1/4/2018 9:24,SHR,2018,A,FALSE,CLD,NA,1,9.8,1,114,161,7.54,11,5.7,10,Low,700961,705000,4039,4039,26.57304379,26.57304379,1,NA,NA,Aquatic Insects,30,Family,Dytiscidae,Dytiscidae,Nymphs,0,0,0,NA,NA,NA,NA,NA,NA,NA,NA,NA,NA,NA   NA   NA   NA,NA   NA   NA   NA
SHR_2018-01-04 09:24:00,1/4/2018 9:24,SHR,2018,A,FALSE,CLD,NA,1,9.8,1,114,161,7.54,11,5.7,10,Low,700961,705000,4039,4039,26.57304379,26.57304379,1,NA,NA,Aquatic Insects,30,Family,Dytiscidae,Dytiscidae,Emergents,0,0,0,NA,NA,NA,NA,NA,NA,NA,NA,NA,NA,NA   NA   NA   NA,NA   NA   NA   NA
SHR_2018-01-04 09:24:00,1/4/2018 9:24,SHR,2018,A,FALSE,CLD,NA,1,9.8,1,114,161,7.54,11,5.7,10,Low,700961,705000,4039,4039,26.57304379,26.57304379,1,NA,NA,Aquatic Insects,30,Family,Dytiscidae,Dytiscidae,Adults,1,0.038,0.038,NA,NA,NA,NA,NA,NA,NA,NA,NA,NA,NA   NA   NA   NA,NA   NA   NA   NA
SHR_2018-01-04 09:24:00,1/4/2018 9:24,SHR,2018,A,FALSE,CLD,NA,1,9.8,1,114,161,7.54,11,5.7,10,Low,700961,705000,4039,4039,26.57304379,26.57304379,1,NA,NA,Aquatic Insects,30,Family,Dytiscidae,Dytiscidae,NotDetermined,0,0,0,NA,NA,NA,NA,NA,NA,NA,NA,NA,NA,NA   NA   NA   NA,NA   NA   NA   NA
SHR_2018-01-04 09:24:00,1/4/2018 9:24,SHR,2018,A,FALSE,CLD,NA,1,9.8,1,114,161,7.54,11,5.7,10,Low,700961,705000,4039,4039,26.57304379,26.57304379,1,NA,NA,Aquatic Insects,34,Family,Chironomidae,Chironomidae,Larvae,3,0.113,0.113,NA,NA,NA,NA,NA,NA,NA,NA,NA,NA,NA   NA   NA   NA,NA   NA   NA   NA
SHR_2018-01-04 09:24:00,1/4/2018 9:24,SHR,2018,A,FALSE,CLD,NA,1,9.8,1,114,161,7.54,11,5.7,10,Low,700961,705000,4039,4039,26.57304379,26.57304379,1,NA,NA,Aquatic Insects,34,Family,Chironomidae,Chironomidae,Pupae,0,0,0,NA,NA,NA,NA,NA,NA,NA,NA,NA,NA,NA   NA   NA   NA,NA   NA   NA   NA
SHR_2018-01-04 09:24:00,1/4/2018 9:24,SHR,2018,A,FALSE,CLD,NA,1,9.8,1,114,161,7.54,11,5.7,10,Low,700961,705000,4039,4039,26.57304379,26.57304379,1,NA,NA,Aquatic Insects,34,Family,Chironomidae,Chironomidae,Nymphs,0,0,0,NA,NA,NA,NA,NA,NA,NA,NA,NA,NA,NA   NA   NA   NA,NA   NA   NA   NA
SHR_2018-01-04 09:24:00,1/4/2018 9:24,SHR,2018,A,FALSE,CLD,NA,1,9.8,1,114,161,7.54,11,5.7,10,Low,700961,705000,4039,4039,26.57304379,26.57304379,1,NA,NA,Aquatic Insects,34,Family,Chironomidae,Chironomidae,Emergents,0,0,0,NA,NA,NA,NA,NA,NA,NA,NA,NA,NA,NA   NA   NA   NA,NA   NA   NA   NA
SHR_2018-01-04 09:24:00,1/4/2018 9:24,SHR,2018,A,FALSE,CLD,NA,1,9.8,1,114,161,7.54,11,5.7,10,Low,700961,705000,4039,4039,26.57304379,26.57304379,1,NA,NA,Aquatic Insects,34,Family,Chironomidae,Chironomidae,Adults,10,0.376,0.376,NA,NA,NA,NA,NA,NA,NA,NA,NA,NA,NA   NA   NA   NA,NA   NA   NA   NA
SHR_2018-01-04 09:24:00,1/4/2018 9:24,SHR,2018,A,FALSE,CLD,NA,1,9.8,1,114,161,7.54,11,5.7,10,Low,700961,705000,4039,4039,26.57304379,26.57304379,1,NA,NA,Aquatic Insects,34,Family,Chironomidae,Chironomidae,NotDetermined,0,0,0,NA,NA,NA,NA,NA,NA,NA,NA,NA,NA,NA   NA   NA   NA,NA   NA   NA   NA
SHR_2018-01-04 09:24:00,1/4/2018 9:24,SHR,2018,A,FALSE,CLD,NA,1,9.8,1,114,161,7.54,11,5.7,10,Low,700961,705000,4039,4039,26.57304379,26.57304379,1,NA,NA,Aquatic Insects,37,Family,Psychodidae,Psychodidae,Larvae,0,0,0,NA,NA,NA,NA,NA,NA,NA,NA,NA,NA,NA   NA   NA   NA,NA   NA   NA   NA
SHR_2018-01-04 09:24:00,1/4/2018 9:24,SHR,2018,A,FALSE,CLD,NA,1,9.8,1,114,161,7.54,11,5.7,10,Low,700961,705000,4039,4039,26.57304379,26.57304379,1,NA,NA,Aquatic Insects,37,Family,Psychodidae,Psychodidae,Pupae,1,0.038,0.038,NA,NA,NA,NA,NA,NA,NA,NA,NA,NA,NA   NA   NA   NA,NA   NA   NA   NA
SHR_2018-01-04 09:24:00,1/4/2018 9:24,SHR,2018,A,FALSE,CLD,NA,1,9.8,1,114,161,7.54,11,5.7,10,Low,700961,705000,4039,4039,26.57304379,26.57304379,1,NA,NA,Aquatic Insects,37,Family,Psychodidae,Psychodidae,Nymphs,0,0,0,NA,NA,NA,NA,NA,NA,NA,NA,NA,NA,NA   NA   NA   NA,NA   NA   NA   NA
SHR_2018-01-04 09:24:00,1/4/2018 9:24,SHR,2018,A,FALSE,CLD,NA,1,9.8,1,114,161,7.54,11,5.7,10,Low,700961,705000,4039,4039,26.57304379,26.57304379,1,NA,NA,Aquatic Insects,37,Family,Psychodidae,Psychodidae,Emergents,0,0,0,NA,NA,NA,NA,NA,NA,NA,NA,NA,NA,NA   NA   NA   NA,NA   NA   NA   NA
SHR_2018-01-04 09:24:00,1/4/2018 9:24,SHR,2018,A,FALSE,CLD,NA,1,9.8,1,114,161,7.54,11,5.7,10,Low,700961,705000,4039,4039,26.57304379,26.57304379,1,NA,NA,Aquatic Insects,37,Family,Psychodidae,Psychodidae,Adults,1,0.038,0.038,NA,NA,NA,NA,NA,NA,NA,NA,NA,NA,NA   NA   NA   NA,NA   NA   NA   NA
SHR_2018-01-04 09:24:00,1/4/2018 9:24,SHR,2018,A,FALSE,CLD,NA,1,9.8,1,114,161,7.54,11,5.7,10,Low,700961,705000,4039,4039,26.57304379,26.57304379,1,NA,NA,Aquatic Insects,37,Family,Psychodidae,Psychodidae,NotDetermined,0,0,0,NA,NA,NA,NA,NA,NA,NA,NA,NA,NA,NA   NA   NA   NA,NA   NA   NA   NA
SHR_2018-01-04 09:24:00,1/4/2018 9:24,SHR,2018,A,FALSE,CLD,NA,1,9.8,1,114,161,7.54,11,5.7,10,Low,700961,705000,4039,4039,26.57304379,26.57304379,1,NA,NA,Aquatic Insects,46,Family,Coenagrionidae,Coenagrionidae,Larvae,0,0,0,NA,NA,NA,NA,NA,NA,NA,NA,NA,NA,NA   NA   NA   NA,NA   NA   NA   NA
SHR_2018-01-04 09:24:00,1/4/2018 9:24,SHR,2018,A,FALSE,CLD,NA,1,9.8,1,114,161,7.54,11,5.7,10,Low,700961,705000,4039,4039,26.57304379,26.57304379,1,NA,NA,Aquatic Insects,46,Family,Coenagrionidae,Coenagrionidae,Pupae,0,0,0,NA,NA,NA,NA,NA,NA,NA,NA,NA,NA,NA   NA   NA   NA,NA   NA   NA   NA
SHR_2018-01-04 09:24:00,1/4/2018 9:24,SHR,2018,A,FALSE,CLD,NA,1,9.8,1,114,161,7.54,11,5.7,10,Low,700961,705000,4039,4039,26.57304379,26.57304379,1,NA,NA,Aquatic Insects,46,Family,Coenagrionidae,Coenagrionidae,Nymphs,1,0.038,0.038,NA,NA,NA,NA,NA,NA,NA,NA,NA,NA,NA   NA   NA   NA,NA   NA   NA   NA
SHR_2018-01-04 09:24:00,1/4/2018 9:24,SHR,2018,A,FALSE,CLD,NA,1,9.8,1,114,161,7.54,11,5.7,10,Low,700961,705000,4039,4039,26.57304379,26.57304379,1,NA,NA,Aquatic Insects,46,Family,Coenagrionidae,Coenagrionidae,Emergents,0,0,0,NA,NA,NA,NA,NA,NA,NA,NA,NA,NA,NA   NA   NA   NA,NA   NA   NA   NA
SHR_2018-01-04 09:24:00,1/4/2018 9:24,SHR,2018,A,FALSE,CLD,NA,1,9.8,1,114,161,7.54,11,5.7,10,Low,700961,705000,4039,4039,26.57304379,26.57304379,1,NA,NA,Aquatic Insects,46,Family,Coenagrionidae,Coenagrionidae,Adults,0,0,0,NA,NA,NA,NA,NA,NA,NA,NA,NA,NA,NA   NA   NA   NA,NA   NA   NA   NA
SHR_2018-01-04 09:24:00,1/4/2018 9:24,SHR,2018,A,FALSE,CLD,NA,1,9.8,1,114,161,7.54,11,5.7,10,Low,700961,705000,4039,4039,26.57304379,26.57304379,1,NA,NA,Aquatic Insects,46,Family,Coenagrionidae,Coenagrionidae,NotDetermined,0,0,0,NA,NA,NA,NA,NA,NA,NA,NA,NA,NA,NA   NA   NA   NA,NA   NA   NA   NA
SHR_2018-01-04 09:24:00,1/4/2018 9:24,SHR,2018,A,FALSE,CLD,NA,1,9.8,1,114,161,7.54,11,5.7,10,Low,700961,705000,4039,4039,26.57304379,26.57304379,1,NA,NA,Aquatic Insects,93,Family,Capniidae,Capniidae,Larvae,0,0,0,NA,NA,NA,NA,NA,NA,NA,NA,NA,NA,NA   NA   NA   NA,NA   NA   NA   NA
SHR_2018-01-04 09:24:00,1/4/2018 9:24,SHR,2018,A,FALSE,CLD,NA,1,9.8,1,114,161,7.54,11,5.7,10,Low,700961,705000,4039,4039,26.57304379,26.57304379,1,NA,NA,Aquatic Insects,93,Family,Capniidae,Capniidae,Pupae,0,0,0,NA,NA,NA,NA,NA,NA,NA,NA,NA,NA,NA   NA   NA   NA,NA   NA   NA   NA
SHR_2018-01-04 09:24:00,1/4/2018 9:24,SHR,2018,A,FALSE,CLD,NA,1,9.8,1,114,161,7.54,11,5.7,10,Low,700961,705000,4039,4039,26.57304379,26.57304379,1,NA,NA,Aquatic Insects,93,Family,Capniidae,Capniidae,Nymphs,1,0.038,0.038,NA,NA,NA,NA,NA,NA,NA,NA,NA,NA,NA   NA   NA   NA,NA   NA   NA   NA
SHR_2018-01-04 09:24:00,1/4/2018 9:24,SHR,2018,A,FALSE,CLD,NA,1,9.8,1,114,161,7.54,11,5.7,10,Low,700961,705000,4039,4039,26.57304379,26.57304379,1,NA,NA,Aquatic Insects,93,Family,Capniidae,Capniidae,Emergents,0,0,0,NA,NA,NA,NA,NA,NA,NA,NA,NA,NA,NA   NA   NA   NA,NA   NA   NA   NA
SHR_2018-01-04 09:24:00,1/4/2018 9:24,SHR,2018,A,FALSE,CLD,NA,1,9.8,1,114,161,7.54,11,5.7,10,Low,700961,705000,4039,4039,26.57304379,26.57304379,1,NA,NA,Aquatic Insects,93,Family,Capniidae,Capniidae,Adults,0,0,0,NA,NA,NA,NA,NA,NA,NA,NA,NA,NA,NA   NA   NA   NA,NA   NA   NA   NA
SHR_2018-01-04 09:24:00,1/4/2018 9:24,SHR,2018,A,FALSE,CLD,NA,1,9.8,1,114,161,7.54,11,5.7,10,Low,700961,705000,4039,4039,26.57304379,26.57304379,1,NA,NA,Aquatic Insects,93,Family,Capniidae,Capniidae,NotDetermined,0,0,0,NA,NA,NA,NA,NA,NA,NA,NA,NA,NA,NA   NA   NA   NA,NA   NA   NA   NA
SHR_2018-01-04 09:24:00,1/4/2018 9:24,SHR,2018,A,FALSE,CLD,NA,1,9.8,1,114,161,7.54,11,5.7,10,Low,700961,705000,4039,4039,26.57304379,26.57304379,1,NA,NA,Aquatic Non-Insects,4,Family,Naididae,Naididae,Larvae,0,0,0,NA,NA,NA,NA,NA,NA,NA,NA,NA,NA,NA   NA   NA   NA,NA   NA   NA   NA
SHR_2018-01-04 09:24:00,1/4/2018 9:24,SHR,2018,A,FALSE,CLD,NA,1,9.8,1,114,161,7.54,11,5.7,10,Low,700961,705000,4039,4039,26.57304379,26.57304379,1,NA,NA,Aquatic Non-Insects,4,Family,Naididae,Naididae,Pupae,0,0,0,NA,NA,NA,NA,NA,NA,NA,NA,NA,NA,NA   NA   NA   NA,NA   NA   NA   NA
SHR_2018-01-04 09:24:00,1/4/2018 9:24,SHR,2018,A,FALSE,CLD,NA,1,9.8,1,114,161,7.54,11,5.7,10,Low,700961,705000,4039,4039,26.57304379,26.57304379,1,NA,NA,Aquatic Non-Insects,4,Family,Naididae,Naididae,Nymphs,0,0,0,NA,NA,NA,NA,NA,NA,NA,NA,NA,NA,NA   NA   NA   NA,NA   NA   NA   NA
SHR_2018-01-04 09:24:00,1/4/2018 9:24,SHR,2018,A,FALSE,CLD,NA,1,9.8,1,114,161,7.54,11,5.7,10,Low,700961,705000,4039,4039,26.57304379,26.57304379,1,NA,NA,Aquatic Non-Insects,4,Family,Naididae,Naididae,Emergents,0,0,0,NA,NA,NA,NA,NA,NA,NA,NA,NA,NA,NA   NA   NA   NA,NA   NA   NA   NA
SHR_2018-01-04 09:24:00,1/4/2018 9:24,SHR,2018,A,FALSE,CLD,NA,1,9.8,1,114,161,7.54,11,5.7,10,Low,700961,705000,4039,4039,26.57304379,26.57304379,1,NA,NA,Aquatic Non-Insects,4,Family,Naididae,Naididae,Adults,0,0,0,NA,NA,NA,NA,NA,NA,NA,NA,NA,NA,NA   NA   NA   NA,NA   NA   NA   NA
SHR_2018-01-04 09:24:00,1/4/2018 9:24,SHR,2018,A,FALSE,CLD,NA,1,9.8,1,114,161,7.54,11,5.7,10,Low,700961,705000,4039,4039,26.57304379,26.57304379,1,NA,NA,Aquatic Non-Insects,4,Family,Naididae,Naididae,NotDetermined,3,0.113,0.113,NA,NA,NA,NA,NA,NA,NA,NA,NA,NA,NA   NA   NA   NA,NA   NA   NA   NA
SHR_2018-01-04 09:24:00,1/4/2018 9:24,SHR,2018,A,FALSE,CLD,NA,1,9.8,1,114,161,7.54,11,5.7,10,Low,700961,705000,4039,4039,26.57304379,26.57304379,1,NA,NA,Aquatic Non-Insects,28,Family,Lebertiidae,Lebertiidae,Larvae,0,0,0,NA,NA,NA,NA,NA,NA,NA,NA,NA,NA,NA   NA   NA   NA,NA   NA   NA   NA
SHR_2018-01-04 09:24:00,1/4/2018 9:24,SHR,2018,A,FALSE,CLD,NA,1,9.8,1,114,161,7.54,11,5.7,10,Low,700961,705000,4039,4039,26.57304379,26.57304379,1,NA,NA,Aquatic Non-Insects,120,Family,Lebertiidae,Lebertiidae,Larvae,0,0,0,NA,NA,NA,NA,NA,NA,NA,NA,NA,NA,NA   NA   NA   NA,NA   NA   NA   NA
SHR_2018-01-04 09:24:00,1/4/2018 9:24,SHR,2018,A,FALSE,CLD,NA,1,9.8,1,114,161,7.54,11,5.7,10,Low,700961,705000,4039,4039,26.57304379,26.57304379,1,NA,NA,Aquatic Non-Insects,28,Family,Lebertiidae,Lebertiidae,Pupae,0,0,0,NA,NA,NA,NA,NA,NA,NA,NA,NA,NA,NA   NA   NA   NA,NA   NA   NA   NA
SHR_2018-01-04 09:24:00,1/4/2018 9:24,SHR,2018,A,FALSE,CLD,NA,1,9.8,1,114,161,7.54,11,5.7,10,Low,700961,705000,4039,4039,26.57304379,26.57304379,1,NA,NA,Aquatic Non-Insects,120,Family,Lebertiidae,Lebertiidae,Pupae,0,0,0,NA,NA,NA,NA,NA,NA,NA,NA,NA,NA,NA   NA   NA   NA,NA   NA   NA   NA
SHR_2018-01-04 09:24:00,1/4/2018 9:24,SHR,2018,A,FALSE,CLD,NA,1,9.8,1,114,161,7.54,11,5.7,10,Low,700961,705000,4039,4039,26.57304379,26.57304379,1,NA,NA,Aquatic Non-Insects,28,Family,Lebertiidae,Lebertiidae,Nymphs,0,0,0,NA,NA,NA,NA,NA,NA,NA,NA,NA,NA,NA   NA   NA   NA,NA   NA   NA   NA
SHR_2018-01-04 09:24:00,1/4/2018 9:24,SHR,2018,A,FALSE,CLD,NA,1,9.8,1,114,161,7.54,11,5.7,10,Low,700961,705000,4039,4039,26.57304379,26.57304379,1,NA,NA,Aquatic Non-Insects,120,Family,Lebertiidae,Lebertiidae,Nymphs,0,0,0,NA,NA,NA,NA,NA,NA,NA,NA,NA,NA,NA   NA   NA   NA,NA   NA   NA   NA
SHR_2018-01-04 09:24:00,1/4/2018 9:24,SHR,2018,A,FALSE,CLD,NA,1,9.8,1,114,161,7.54,11,5.7,10,Low,700961,705000,4039,4039,26.57304379,26.57304379,1,NA,NA,Aquatic Non-Insects,28,Family,Lebertiidae,Lebertiidae,Emergents,0,0,0,NA,NA,NA,NA,NA,NA,NA,NA,NA,NA,NA   NA   NA   NA,NA   NA   NA   NA
SHR_2018-01-04 09:24:00,1/4/2018 9:24,SHR,2018,A,FALSE,CLD,NA,1,9.8,1,114,161,7.54,11,5.7,10,Low,700961,705000,4039,4039,26.57304379,26.57304379,1,NA,NA,Aquatic Non-Insects,120,Family,Lebertiidae,Lebertiidae,Emergents,0,0,0,NA,NA,NA,NA,NA,NA,NA,NA,NA,NA,NA   NA   NA   NA,NA   NA   NA   NA
SHR_2018-01-04 09:24:00,1/4/2018 9:24,SHR,2018,A,FALSE,CLD,NA,1,9.8,1,114,161,7.54,11,5.7,10,Low,700961,705000,4039,4039,26.57304379,26.57304379,1,NA,NA,Aquatic Non-Insects,28,Family,Lebertiidae,Lebertiidae,Adults,0,0,0,NA,NA,NA,NA,NA,NA,NA,NA,NA,NA,NA   NA   NA   NA,NA   NA   NA   NA
SHR_2018-01-04 09:24:00,1/4/2018 9:24,SHR,2018,A,FALSE,CLD,NA,1,9.8,1,114,161,7.54,11,5.7,10,Low,700961,705000,4039,4039,26.57304379,26.57304379,1,NA,NA,Aquatic Non-Insects,120,Family,Lebertiidae,Lebertiidae,Adults,0,0,0,NA,NA,NA,NA,NA,NA,NA,NA,NA,NA,NA   NA   NA   NA,NA   NA   NA   NA
SHR_2018-01-04 09:24:00,1/4/2018 9:24,SHR,2018,A,FALSE,CLD,NA,1,9.8,1,114,161,7.54,11,5.7,10,Low,700961,705000,4039,4039,26.57304379,26.57304379,1,NA,NA,Aquatic Non-Insects,28,Family,Lebertiidae,Lebertiidae,NotDetermined,1,0.038,0.038,NA,NA,NA,NA,NA,NA,NA,NA,NA,NA,NA   NA   NA   NA,NA   NA   NA   NA
SHR_2018-01-04 09:24:00,1/4/2018 9:24,SHR,2018,A,FALSE,CLD,NA,1,9.8,1,114,161,7.54,11,5.7,10,Low,700961,705000,4039,4039,26.57304379,26.57304379,1,NA,NA,Aquatic Non-Insects,120,Family,Lebertiidae,Lebertiidae,NotDetermined,1,0.038,0.038,NA,NA,NA,NA,NA,NA,NA,NA,NA,NA,NA   NA   NA   NA,NA   NA   NA   NA
SHR_2018-01-04 09:24:00,1/4/2018 9:24,SHR,2018,A,FALSE,CLD,NA,1,9.8,1,114,161,7.54,11,5.7,10,Low,700961,705000,4039,4039,26.57304379,26.57304379,1,NA,NA,Aquatic Non-Insects,9,Family,Corophiidae,Corophiidae,Larvae,0,0,0,NA,NA,NA,NA,NA,NA,NA,NA,NA,NA,NA   NA   NA   NA,NA   NA   NA   NA
SHR_2018-01-04 09:24:00,1/4/2018 9:24,SHR,2018,A,FALSE,CLD,NA,1,9.8,1,114,161,7.54,11,5.7,10,Low,700961,705000,4039,4039,26.57304379,26.57304379,1,NA,NA,Aquatic Non-Insects,9,Family,Corophiidae,Corophiidae,Pupae,0,0,0,NA,NA,NA,NA,NA,NA,NA,NA,NA,NA,NA   NA   NA   NA,NA   NA   NA   NA
SHR_2018-01-04 09:24:00,1/4/2018 9:24,SHR,2018,A,FALSE,CLD,NA,1,9.8,1,114,161,7.54,11,5.7,10,Low,700961,705000,4039,4039,26.57304379,26.57304379,1,NA,NA,Aquatic Non-Insects,9,Family,Corophiidae,Corophiidae,Nymphs,0,0,0,NA,NA,NA,NA,NA,NA,NA,NA,NA,NA,NA   NA   NA   NA,NA   NA   NA   NA
SHR_2018-01-04 09:24:00,1/4/2018 9:24,SHR,2018,A,FALSE,CLD,NA,1,9.8,1,114,161,7.54,11,5.7,10,Low,700961,705000,4039,4039,26.57304379,26.57304379,1,NA,NA,Aquatic Non-Insects,9,Family,Corophiidae,Corophiidae,Emergents,0,0,0,NA,NA,NA,NA,NA,NA,NA,NA,NA,NA,NA   NA   NA   NA,NA   NA   NA   NA
SHR_2018-01-04 09:24:00,1/4/2018 9:24,SHR,2018,A,FALSE,CLD,NA,1,9.8,1,114,161,7.54,11,5.7,10,Low,700961,705000,4039,4039,26.57304379,26.57304379,1,NA,NA,Aquatic Non-Insects,9,Family,Corophiidae,Corophiidae,Adults,0,0,0,NA,NA,NA,NA,NA,NA,NA,NA,NA,NA,NA   NA   NA   NA,NA   NA   NA   NA
SHR_2018-01-04 09:24:00,1/4/2018 9:24,SHR,2018,A,FALSE,CLD,NA,1,9.8,1,114,161,7.54,11,5.7,10,Low,700961,705000,4039,4039,26.57304379,26.57304379,1,NA,NA,Aquatic Non-Insects,9,Family,Corophiidae,Corophiidae,NotDetermined,2,0.075,0.075,NA,NA,NA,NA,NA,NA,NA,NA,NA,NA,NA   NA   NA   NA,NA   NA   NA   NA
SHR_2018-01-04 09:24:00,1/4/2018 9:24,SHR,2018,A,FALSE,CLD,NA,1,9.8,1,114,161,7.54,11,5.7,10,Low,700961,705000,4039,4039,26.57304379,26.57304379,1,NA,NA,Aquatic Non-Insects,15,Family,Hyalellidae,Hyalellidae,Larvae,0,0,0,NA,NA,NA,NA,NA,NA,NA,NA,NA,NA,NA   NA   NA   NA,NA   NA   NA   NA
SHR_2018-01-04 09:24:00,1/4/2018 9:24,SHR,2018,A,FALSE,CLD,NA,1,9.8,1,114,161,7.54,11,5.7,10,Low,700961,705000,4039,4039,26.57304379,26.57304379,1,NA,NA,Aquatic Non-Insects,15,Family,Hyalellidae,Hyalellidae,Pupae,0,0,0,NA,NA,NA,NA,NA,NA,NA,NA,NA,NA,NA   NA   NA   NA,NA   NA   NA   NA
SHR_2018-01-04 09:24:00,1/4/2018 9:24,SHR,2018,A,FALSE,CLD,NA,1,9.8,1,114,161,7.54,11,5.7,10,Low,700961,705000,4039,4039,26.57304379,26.57304379,1,NA,NA,Aquatic Non-Insects,15,Family,Hyalellidae,Hyalellidae,Nymphs,0,0,0,NA,NA,NA,NA,NA,NA,NA,NA,NA,NA,NA   NA   NA   NA,NA   NA   NA   NA
SHR_2018-01-04 09:24:00,1/4/2018 9:24,SHR,2018,A,FALSE,CLD,NA,1,9.8,1,114,161,7.54,11,5.7,10,Low,700961,705000,4039,4039,26.57304379,26.57304379,1,NA,NA,Aquatic Non-Insects,15,Family,Hyalellidae,Hyalellidae,Emergents,0,0,0,NA,NA,NA,NA,NA,NA,NA,NA,NA,NA,NA   NA   NA   NA,NA   NA   NA   NA
SHR_2018-01-04 09:24:00,1/4/2018 9:24,SHR,2018,A,FALSE,CLD,NA,1,9.8,1,114,161,7.54,11,5.7,10,Low,700961,705000,4039,4039,26.57304379,26.57304379,1,NA,NA,Aquatic Non-Insects,15,Family,Hyalellidae,Hyalellidae,Adults,0,0,0,NA,NA,NA,NA,NA,NA,NA,NA,NA,NA,NA   NA   NA   NA,NA   NA   NA   NA
SHR_2018-01-04 09:24:00,1/4/2018 9:24,SHR,2018,A,FALSE,CLD,NA,1,9.8,1,114,161,7.54,11,5.7,10,Low,700961,705000,4039,4039,26.57304379,26.57304379,1,NA,NA,Aquatic Non-Insects,15,Family,Hyalellidae,Hyalellidae,NotDetermined,1,0.038,0.038,NA,NA,NA,NA,NA,NA,NA,NA,NA,NA,NA   NA   NA   NA,NA   NA   NA   NA
SHR_2018-01-04 09:24:00,1/4/2018 9:24,SHR,2018,A,FALSE,CLD,NA,1,9.8,1,114,161,7.54,11,5.7,10,Low,700961,705000,4039,4039,26.57304379,26.57304379,1,NA,NA,Terrestrial Non-Insects,157,Order,Araneae,Araneae,Larvae,0,0,0,NA,NA,NA,NA,NA,NA,NA,NA,NA,NA,NA   NA   NA   NA,NA   NA   NA   NA
SHR_2018-01-04 09:24:00,1/4/2018 9:24,SHR,2018,A,FALSE,CLD,NA,1,9.8,1,114,161,7.54,11,5.7,10,Low,700961,705000,4039,4039,26.57304379,26.57304379,1,NA,NA,Terrestrial Non-Insects,157,Order,Araneae,Araneae,Pupae,0,0,0,NA,NA,NA,NA,NA,NA,NA,NA,NA,NA,NA   NA   NA   NA,NA   NA   NA   NA
SHR_2018-01-04 09:24:00,1/4/2018 9:24,SHR,2018,A,FALSE,CLD,NA,1,9.8,1,114,161,7.54,11,5.7,10,Low,700961,705000,4039,4039,26.57304379,26.57304379,1,NA,NA,Terrestrial Non-Insects,157,Order,Araneae,Araneae,Nymphs,0,0,0,NA,NA,NA,NA,NA,NA,NA,NA,NA,NA,NA   NA   NA   NA,NA   NA   NA   NA
SHR_2018-01-04 09:24:00,1/4/2018 9:24,SHR,2018,A,FALSE,CLD,NA,1,9.8,1,114,161,7.54,11,5.7,10,Low,700961,705000,4039,4039,26.57304379,26.57304379,1,NA,NA,Terrestrial Non-Insects,157,Order,Araneae,Araneae,Emergents,0,0,0,NA,NA,NA,NA,NA,NA,NA,NA,NA,NA,NA   NA   NA   NA,NA   NA   NA   NA
SHR_2018-01-04 09:24:00,1/4/2018 9:24,SHR,2018,A,FALSE,CLD,NA,1,9.8,1,114,161,7.54,11,5.7,10,Low,700961,705000,4039,4039,26.57304379,26.57304379,1,NA,NA,Terrestrial Non-Insects,157,Order,Araneae,Araneae,Adults,0,0,0,NA,NA,NA,NA,NA,NA,NA,NA,NA,NA,NA   NA   NA   NA,NA   NA   NA   NA
SHR_2018-01-04 09:24:00,1/4/2018 9:24,SHR,2018,A,FALSE,CLD,NA,1,9.8,1,114,161,7.54,11,5.7,10,Low,700961,705000,4039,4039,26.57304379,26.57304379,1,NA,NA,Terrestrial Non-Insects,157,Order,Araneae,Araneae,NotDetermined,2,0.075,0.075,NA,NA,NA,NA,NA,NA,NA,NA,NA,NA,NA   NA   NA   NA,NA   NA   NA   NA
SHR_2018-01-04 09:24:00,1/4/2018 9:24,SHR,2018,A,FALSE,CLD,NA,1,9.8,1,114,161,7.54,11,5.7,10,Low,700961,705000,4039,4039,26.57304379,26.57304379,1,NA,NA,Terrestrial Insects,71,Order,Hemiptera,Hemiptera,Larvae,0,0,0,NA,NA,NA,NA,NA,NA,NA,NA,NA,NA,NA   NA   NA   NA,NA   NA   NA   NA
SHR_2018-01-04 09:24:00,1/4/2018 9:24,SHR,2018,A,FALSE,CLD,NA,1,9.8,1,114,161,7.54,11,5.7,10,Low,700961,705000,4039,4039,26.57304379,26.57304379,1,NA,NA,Terrestrial Insects,71,Order,Hemiptera,Hemiptera,Pupae,0,0,0,NA,NA,NA,NA,NA,NA,NA,NA,NA,NA,NA   NA   NA   NA,NA   NA   NA   NA
SHR_2018-01-04 09:24:00,1/4/2018 9:24,SHR,2018,A,FALSE,CLD,NA,1,9.8,1,114,161,7.54,11,5.7,10,Low,700961,705000,4039,4039,26.57304379,26.57304379,1,NA,NA,Terrestrial Insects,71,Order,Hemiptera,Hemiptera,Nymphs,1,0.038,0.038,NA,NA,NA,NA,NA,NA,NA,NA,NA,NA,NA   NA   NA   NA,NA   NA   NA   NA
SHR_2018-01-04 09:24:00,1/4/2018 9:24,SHR,2018,A,FALSE,CLD,NA,1,9.8,1,114,161,7.54,11,5.7,10,Low,700961,705000,4039,4039,26.57304379,26.57304379,1,NA,NA,Terrestrial Insects,71,Order,Hemiptera,Hemiptera,Emergents,0,0,0,NA,NA,NA,NA,NA,NA,NA,NA,NA,NA,NA   NA   NA   NA,NA   NA   NA   NA
SHR_2018-01-04 09:24:00,1/4/2018 9:24,SHR,2018,A,FALSE,CLD,NA,1,9.8,1,114,161,7.54,11,5.7,10,Low,700961,705000,4039,4039,26.57304379,26.57304379,1,NA,NA,Terrestrial Insects,71,Order,Hemiptera,Hemiptera,Adults,2,0.075,0.075,NA,NA,NA,NA,NA,NA,NA,NA,NA,NA,NA   NA   NA   NA,NA   NA   NA   NA
SHR_2018-01-04 09:24:00,1/4/2018 9:24,SHR,2018,A,FALSE,CLD,NA,1,9.8,1,114,161,7.54,11,5.7,10,Low,700961,705000,4039,4039,26.57304379,26.57304379,1,NA,NA,Terrestrial Insects,71,Order,Hemiptera,Hemiptera,NotDetermined,0,0,0,NA,NA,NA,NA,NA,NA,NA,NA,NA,NA,NA   NA   NA   NA,NA   NA   NA   NA
SHR_2018-01-04 09:24:00,1/4/2018 9:24,SHR,2018,A,FALSE,CLD,NA,1,9.8,1,114,161,7.54,11,5.7,10,Low,700961,705000,4039,4039,26.57304379,26.57304379,1,NA,NA,Terrestrial Insects,66,Order,Hymenoptera,Hymenoptera,Larvae,0,0,0,NA,NA,NA,NA,NA,NA,NA,NA,NA,NA,NA   NA   NA   NA,NA   NA   NA   NA
SHR_2018-01-04 09:24:00,1/4/2018 9:24,SHR,2018,A,FALSE,CLD,NA,1,9.8,1,114,161,7.54,11,5.7,10,Low,700961,705000,4039,4039,26.57304379,26.57304379,1,NA,NA,Terrestrial Insects,66,Order,Hymenoptera,Hymenoptera,Pupae,0,0,0,NA,NA,NA,NA,NA,NA,NA,NA,NA,NA,NA   NA   NA   NA,NA   NA   NA   NA
SHR_2018-01-04 09:24:00,1/4/2018 9:24,SHR,2018,A,FALSE,CLD,NA,1,9.8,1,114,161,7.54,11,5.7,10,Low,700961,705000,4039,4039,26.57304379,26.57304379,1,NA,NA,Terrestrial Insects,66,Order,Hymenoptera,Hymenoptera,Nymphs,0,0,0,NA,NA,NA,NA,NA,NA,NA,NA,NA,NA,NA   NA   NA   NA,NA   NA   NA   NA
SHR_2018-01-04 09:24:00,1/4/2018 9:24,SHR,2018,A,FALSE,CLD,NA,1,9.8,1,114,161,7.54,11,5.7,10,Low,700961,705000,4039,4039,26.57304379,26.57304379,1,NA,NA,Terrestrial Insects,66,Order,Hymenoptera,Hymenoptera,Emergents,0,0,0,NA,NA,NA,NA,NA,NA,NA,NA,NA,NA,NA   NA   NA   NA,NA   NA   NA   NA
SHR_2018-01-04 09:24:00,1/4/2018 9:24,SHR,2018,A,FALSE,CLD,NA,1,9.8,1,114,161,7.54,11,5.7,10,Low,700961,705000,4039,4039,26.57304379,26.57304379,1,NA,NA,Terrestrial Insects,66,Order,Hymenoptera,Hymenoptera,Adults,12,0.452,0.452,NA,NA,NA,NA,NA,NA,NA,NA,NA,NA,NA   NA   NA   NA,NA   NA   NA   NA
SHR_2018-01-04 09:24:00,1/4/2018 9:24,SHR,2018,A,FALSE,CLD,NA,1,9.8,1,114,161,7.54,11,5.7,10,Low,700961,705000,4039,4039,26.57304379,26.57304379,1,NA,NA,Terrestrial Insects,66,Order,Hymenoptera,Hymenoptera,NotDetermined,0,0,0,NA,NA,NA,NA,NA,NA,NA,NA,NA,NA,NA   NA   NA   NA,NA   NA   NA   NA
SHR_2018-01-04 09:24:00,1/4/2018 9:24,SHR,2018,A,FALSE,CLD,NA,1,9.8,1,114,161,7.54,11,5.7,10,Low,700961,705000,4039,4039,26.57304379,26.57304379,1,NA,NA,Terrestrial Insects,73,Order,Lepidoptera,Lepidoptera,Larvae,1,0.038,0.038,NA,NA,NA,NA,NA,NA,NA,NA,NA,NA,NA   NA   NA   NA,NA   NA   NA   NA
SHR_2018-01-04 09:24:00,1/4/2018 9:24,SHR,2018,A,FALSE,CLD,NA,1,9.8,1,114,161,7.54,11,5.7,10,Low,700961,705000,4039,4039,26.57304379,26.57304379,1,NA,NA,Terrestrial Insects,73,Order,Lepidoptera,Lepidoptera,Pupae,0,0,0,NA,NA,NA,NA,NA,NA,NA,NA,NA,NA,NA   NA   NA   NA,NA   NA   NA   NA
SHR_2018-01-04 09:24:00,1/4/2018 9:24,SHR,2018,A,FALSE,CLD,NA,1,9.8,1,114,161,7.54,11,5.7,10,Low,700961,705000,4039,4039,26.57304379,26.57304379,1,NA,NA,Terrestrial Insects,73,Order,Lepidoptera,Lepidoptera,Nymphs,0,0,0,NA,NA,NA,NA,NA,NA,NA,NA,NA,NA,NA   NA   NA   NA,NA   NA   NA   NA
SHR_2018-01-04 09:24:00,1/4/2018 9:24,SHR,2018,A,FALSE,CLD,NA,1,9.8,1,114,161,7.54,11,5.7,10,Low,700961,705000,4039,4039,26.57304379,26.57304379,1,NA,NA,Terrestrial Insects,73,Order,Lepidoptera,Lepidoptera,Emergents,0,0,0,NA,NA,NA,NA,NA,NA,NA,NA,NA,NA,NA   NA   NA   NA,NA   NA   NA   NA
SHR_2018-01-04 09:24:00,1/4/2018 9:24,SHR,2018,A,FALSE,CLD,NA,1,9.8,1,114,161,7.54,11,5.7,10,Low,700961,705000,4039,4039,26.57304379,26.57304379,1,NA,NA,Terrestrial Insects,73,Order,Lepidoptera,Lepidoptera,Adults,0,0,0,NA,NA,NA,NA,NA,NA,NA,NA,NA,NA,NA   NA   NA   NA,NA   NA   NA   NA
SHR_2018-01-04 09:24:00,1/4/2018 9:24,SHR,2018,A,FALSE,CLD,NA,1,9.8,1,114,161,7.54,11,5.7,10,Low,700961,705000,4039,4039,26.57304379,26.57304379,1,NA,NA,Terrestrial Insects,73,Order,Lepidoptera,Lepidoptera,NotDetermined,0,0,0,NA,NA,NA,NA,NA,NA,NA,NA,NA,NA,NA   NA   NA   NA,NA   NA   NA   NA
STTD_2018-01-17 09:45:00,1/17/2018 9:45,STTD,2018,A,FALSE,FOG,NA,NA,11.4,0.37,431,583,7.55,6.87,24.3,10,Low,697095,700000,2905,2905,19.11232785,19.11232785,1,Ebb tide collected from rotary screw trap,NA,Aquatic Insects,30,Family,Dytiscidae,Dytiscidae,Larvae,0,0,0,NA,NA,NA,NA,NA,NA,NA,NA,NA,NA,NA   NA   NA   NA,NA   NA   NA   NA
STTD_2018-01-17 09:45:00,1/17/2018 9:45,STTD,2018,A,FALSE,FOG,NA,NA,11.4,0.37,431,583,7.55,6.87,24.3,10,Low,697095,700000,2905,2905,19.11232785,19.11232785,1,Ebb tide collected from rotary screw trap,NA,Aquatic Insects,30,Family,Dytiscidae,Dytiscidae,Pupae,0,0,0,NA,NA,NA,NA,NA,NA,NA,NA,NA,NA,NA   NA   NA   NA,NA   NA   NA   NA
STTD_2018-01-17 09:45:00,1/17/2018 9:45,STTD,2018,A,FALSE,FOG,NA,NA,11.4,0.37,431,583,7.55,6.87,24.3,10,Low,697095,700000,2905,2905,19.11232785,19.11232785,1,Ebb tide collected from rotary screw trap,NA,Aquatic Insects,30,Family,Dytiscidae,Dytiscidae,Nymphs,0,0,0,NA,NA,NA,NA,NA,NA,NA,NA,NA,NA,NA   NA   NA   NA,NA   NA   NA   NA
STTD_2018-01-17 09:45:00,1/17/2018 9:45,STTD,2018,A,FALSE,FOG,NA,NA,11.4,0.37,431,583,7.55,6.87,24.3,10,Low,697095,700000,2905,2905,19.11232785,19.11232785,1,Ebb tide collected from rotary screw trap,NA,Aquatic Insects,30,Family,Dytiscidae,Dytiscidae,Emergents,0,0,0,NA,NA,NA,NA,NA,NA,NA,NA,NA,NA,NA   NA   NA   NA,NA   NA   NA   NA
STTD_2018-01-17 09:45:00,1/17/2018 9:45,STTD,2018,A,FALSE,FOG,NA,NA,11.4,0.37,431,583,7.55,6.87,24.3,10,Low,697095,700000,2905,2905,19.11232785,19.11232785,1,Ebb tide collected from rotary screw trap,NA,Aquatic Insects,30,Family,Dytiscidae,Dytiscidae,Adults,1,0.052,0.052,NA,NA,NA,NA,NA,NA,NA,NA,NA,NA,NA   NA   NA   NA,NA   NA   NA   NA
STTD_2018-01-17 09:45:00,1/17/2018 9:45,STTD,2018,A,FALSE,FOG,NA,NA,11.4,0.37,431,583,7.55,6.87,24.3,10,Low,697095,700000,2905,2905,19.11232785,19.11232785,1,Ebb tide collected from rotary screw trap,NA,Aquatic Insects,30,Family,Dytiscidae,Dytiscidae,NotDetermined,0,0,0,NA,NA,NA,NA,NA,NA,NA,NA,NA,NA,NA   NA   NA   NA,NA   NA   NA   NA
STTD_2018-01-17 09:45:00,1/17/2018 9:45,STTD,2018,A,FALSE,FOG,NA,NA,11.4,0.37,431,583,7.55,6.87,24.3,10,Low,697095,700000,2905,2905,19.11232785,19.11232785,1,Ebb tide collected from rotary screw trap,NA,Aquatic Insects,34,Family,Chironomidae,Chironomidae,Larvae,6,0.314,0.314,NA,NA,NA,NA,NA,NA,NA,NA,NA,NA,NA   NA   NA   NA,NA   NA   NA   NA
STTD_2018-01-17 09:45:00,1/17/2018 9:45,STTD,2018,A,FALSE,FOG,NA,NA,11.4,0.37,431,583,7.55,6.87,24.3,10,Low,697095,700000,2905,2905,19.11232785,19.11232785,1,Ebb tide collected from rotary screw trap,NA,Aquatic Insects,34,Family,Chironomidae,Chironomidae,Pupae,1,0.052,0.052,NA,NA,NA,NA,NA,NA,NA,NA,NA,NA,NA   NA   NA   NA,NA   NA   NA   NA
STTD_2018-01-17 09:45:00,1/17/2018 9:45,STTD,2018,A,FALSE,FOG,NA,NA,11.4,0.37,431,583,7.55,6.87,24.3,10,Low,697095,700000,2905,2905,19.11232785,19.11232785,1,Ebb tide collected from rotary screw trap,NA,Aquatic Insects,34,Family,Chironomidae,Chironomidae,Nymphs,0,0,0,NA,NA,NA,NA,NA,NA,NA,NA,NA,NA,NA   NA   NA   NA,NA   NA   NA   NA
STTD_2018-01-17 09:45:00,1/17/2018 9:45,STTD,2018,A,FALSE,FOG,NA,NA,11.4,0.37,431,583,7.55,6.87,24.3,10,Low,697095,700000,2905,2905,19.11232785,19.11232785,1,Ebb tide collected from rotary screw trap,NA,Aquatic Insects,34,Family,Chironomidae,Chironomidae,Emergents,0,0,0,NA,NA,NA,NA,NA,NA,NA,NA,NA,NA,NA   NA   NA   NA,NA   NA   NA   NA
STTD_2018-01-17 09:45:00,1/17/2018 9:45,STTD,2018,A,FALSE,FOG,NA,NA,11.4,0.37,431,583,7.55,6.87,24.3,10,Low,697095,700000,2905,2905,19.11232785,19.11232785,1,Ebb tide collected from rotary screw trap,NA,Aquatic Insects,34,Family,Chironomidae,Chironomidae,Adults,2,0.105,0.105,NA,NA,NA,NA,NA,NA,NA,NA,NA,NA,NA   NA   NA   NA,NA   NA   NA   NA
STTD_2018-01-17 09:45:00,1/17/2018 9:45,STTD,2018,A,FALSE,FOG,NA,NA,11.4,0.37,431,583,7.55,6.87,24.3,10,Low,697095,700000,2905,2905,19.11232785,19.11232785,1,Ebb tide collected from rotary screw trap,NA,Aquatic Insects,34,Family,Chironomidae,Chironomidae,NotDetermined,0,0,0,NA,NA,NA,NA,NA,NA,NA,NA,NA,NA,NA   NA   NA   NA,NA   NA   NA   NA
STTD_2018-01-17 09:45:00,1/17/2018 9:45,STTD,2018,A,FALSE,FOG,NA,NA,11.4,0.37,431,583,7.55,6.87,24.3,10,Low,697095,700000,2905,2905,19.11232785,19.11232785,1,Ebb tide collected from rotary screw trap,NA,Aquatic Insects,46,Family,Coenagrionidae,Coenagrionidae,Larvae,1,0.052,0.052,NA,NA,NA,NA,NA,NA,NA,NA,NA,NA,NA   NA   NA   NA,NA   NA   NA   NA
STTD_2018-01-17 09:45:00,1/17/2018 9:45,STTD,2018,A,FALSE,FOG,NA,NA,11.4,0.37,431,583,7.55,6.87,24.3,10,Low,697095,700000,2905,2905,19.11232785,19.11232785,1,Ebb tide collected from rotary screw trap,NA,Aquatic Insects,46,Family,Coenagrionidae,Coenagrionidae,Pupae,0,0,0,NA,NA,NA,NA,NA,NA,NA,NA,NA,NA,NA   NA   NA   NA,NA   NA   NA   NA
STTD_2018-01-17 09:45:00,1/17/2018 9:45,STTD,2018,A,FALSE,FOG,NA,NA,11.4,0.37,431,583,7.55,6.87,24.3,10,Low,697095,700000,2905,2905,19.11232785,19.11232785,1,Ebb tide collected from rotary screw trap,NA,Aquatic Insects,46,Family,Coenagrionidae,Coenagrionidae,Nymphs,0,0,0,NA,NA,NA,NA,NA,NA,NA,NA,NA,NA,NA   NA   NA   NA,NA   NA   NA   NA
STTD_2018-01-17 09:45:00,1/17/2018 9:45,STTD,2018,A,FALSE,FOG,NA,NA,11.4,0.37,431,583,7.55,6.87,24.3,10,Low,697095,700000,2905,2905,19.11232785,19.11232785,1,Ebb tide collected from rotary screw trap,NA,Aquatic Insects,46,Family,Coenagrionidae,Coenagrionidae,Emergents,0,0,0,NA,NA,NA,NA,NA,NA,NA,NA,NA,NA,NA   NA   NA   NA,NA   NA   NA   NA
STTD_2018-01-17 09:45:00,1/17/2018 9:45,STTD,2018,A,FALSE,FOG,NA,NA,11.4,0.37,431,583,7.55,6.87,24.3,10,Low,697095,700000,2905,2905,19.11232785,19.11232785,1,Ebb tide collected from rotary screw trap,NA,Aquatic Insects,46,Family,Coenagrionidae,Coenagrionidae,Adults,0,0,0,NA,NA,NA,NA,NA,NA,NA,NA,NA,NA,NA   NA   NA   NA,NA   NA   NA   NA
STTD_2018-01-17 09:45:00,1/17/2018 9:45,STTD,2018,A,FALSE,FOG,NA,NA,11.4,0.37,431,583,7.55,6.87,24.3,10,Low,697095,700000,2905,2905,19.11232785,19.11232785,1,Ebb tide collected from rotary screw trap,NA,Aquatic Insects,46,Family,Coenagrionidae,Coenagrionidae,NotDetermined,0,0,0,NA,NA,NA,NA,NA,NA,NA,NA,NA,NA,NA   NA   NA   NA,NA   NA   NA   NA
STTD_2018-01-17 09:45:00,1/17/2018 9:45,STTD,2018,A,FALSE,FOG,NA,NA,11.4,0.37,431,583,7.55,6.87,24.3,10,Low,697095,700000,2905,2905,19.11232785,19.11232785,1,Ebb tide collected from rotary screw trap,NA,Aquatic Non-Insects,94,Family,Unionicolidae,Unionicolidae,Larvae,0,0,0,NA,NA,NA,NA,NA,NA,NA,NA,NA,NA,NA   NA   NA   NA,NA   NA   NA   NA
STTD_2018-01-17 09:45:00,1/17/2018 9:45,STTD,2018,A,FALSE,FOG,NA,NA,11.4,0.37,431,583,7.55,6.87,24.3,10,Low,697095,700000,2905,2905,19.11232785,19.11232785,1,Ebb tide collected from rotary screw trap,NA,Aquatic Non-Insects,94,Family,Unionicolidae,Unionicolidae,Pupae,0,0,0,NA,NA,NA,NA,NA,NA,NA,NA,NA,NA,NA   NA   NA   NA,NA   NA   NA   NA
STTD_2018-01-17 09:45:00,1/17/2018 9:45,STTD,2018,A,FALSE,FOG,NA,NA,11.4,0.37,431,583,7.55,6.87,24.3,10,Low,697095,700000,2905,2905,19.11232785,19.11232785,1,Ebb tide collected from rotary screw trap,NA,Aquatic Non-Insects,94,Family,Unionicolidae,Unionicolidae,Nymphs,0,0,0,NA,NA,NA,NA,NA,NA,NA,NA,NA,NA,NA   NA   NA   NA,NA   NA   NA   NA
STTD_2018-01-17 09:45:00,1/17/2018 9:45,STTD,2018,A,FALSE,FOG,NA,NA,11.4,0.37,431,583,7.55,6.87,24.3,10,Low,697095,700000,2905,2905,19.11232785,19.11232785,1,Ebb tide collected from rotary screw trap,NA,Aquatic Non-Insects,94,Family,Unionicolidae,Unionicolidae,Emergents,0,0,0,NA,NA,NA,NA,NA,NA,NA,NA,NA,NA,NA   NA   NA   NA,NA   NA   NA   NA
STTD_2018-01-17 09:45:00,1/17/2018 9:45,STTD,2018,A,FALSE,FOG,NA,NA,11.4,0.37,431,583,7.55,6.87,24.3,10,Low,697095,700000,2905,2905,19.11232785,19.11232785,1,Ebb tide collected from rotary screw trap,NA,Aquatic Non-Insects,94,Family,Unionicolidae,Unionicolidae,Adults,0,0,0,NA,NA,NA,NA,NA,NA,NA,NA,NA,NA,NA   NA   NA   NA,NA   NA   NA   NA
STTD_2018-01-17 09:45:00,1/17/2018 9:45,STTD,2018,A,FALSE,FOG,NA,NA,11.4,0.37,431,583,7.55,6.87,24.3,10,Low,697095,700000,2905,2905,19.11232785,19.11232785,1,Ebb tide collected from rotary screw trap,NA,Aquatic Non-Insects,94,Family,Unionicolidae,Unionicolidae,NotDetermined,1,0.052,0.052,NA,NA,NA,NA,NA,NA,NA,NA,NA,NA,NA   NA   NA   NA,NA   NA   NA   NA
STTD_2018-01-17 09:45:00,1/17/2018 9:45,STTD,2018,A,FALSE,FOG,NA,NA,11.4,0.37,431,583,7.55,6.87,24.3,10,Low,697095,700000,2905,2905,19.11232785,19.11232785,1,Ebb tide collected from rotary screw trap,NA,Aquatic Non-Insects,10,Family,Crangonyctidae,Crangonyctidae,Larvae,0,0,0,NA,NA,NA,NA,NA,NA,NA,NA,NA,NA,NA   NA   NA   NA,NA   NA   NA   NA
STTD_2018-01-17 09:45:00,1/17/2018 9:45,STTD,2018,A,FALSE,FOG,NA,NA,11.4,0.37,431,583,7.55,6.87,24.3,10,Low,697095,700000,2905,2905,19.11232785,19.11232785,1,Ebb tide collected from rotary screw trap,NA,Aquatic Non-Insects,10,Family,Crangonyctidae,Crangonyctidae,Pupae,0,0,0,NA,NA,NA,NA,NA,NA,NA,NA,NA,NA,NA   NA   NA   NA,NA   NA   NA   NA
STTD_2018-01-17 09:45:00,1/17/2018 9:45,STTD,2018,A,FALSE,FOG,NA,NA,11.4,0.37,431,583,7.55,6.87,24.3,10,Low,697095,700000,2905,2905,19.11232785,19.11232785,1,Ebb tide collected from rotary screw trap,NA,Aquatic Non-Insects,10,Family,Crangonyctidae,Crangonyctidae,Nymphs,0,0,0,NA,NA,NA,NA,NA,NA,NA,NA,NA,NA,NA   NA   NA   NA,NA   NA   NA   NA
STTD_2018-01-17 09:45:00,1/17/2018 9:45,STTD,2018,A,FALSE,FOG,NA,NA,11.4,0.37,431,583,7.55,6.87,24.3,10,Low,697095,700000,2905,2905,19.11232785,19.11232785,1,Ebb tide collected from rotary screw trap,NA,Aquatic Non-Insects,10,Family,Crangonyctidae,Crangonyctidae,Emergents,0,0,0,NA,NA,NA,NA,NA,NA,NA,NA,NA,NA,NA   NA   NA   NA,NA   NA   NA   NA
STTD_2018-01-17 09:45:00,1/17/2018 9:45,STTD,2018,A,FALSE,FOG,NA,NA,11.4,0.37,431,583,7.55,6.87,24.3,10,Low,697095,700000,2905,2905,19.11232785,19.11232785,1,Ebb tide collected from rotary screw trap,NA,Aquatic Non-Insects,10,Family,Crangonyctidae,Crangonyctidae,Adults,0,0,0,NA,NA,NA,NA,NA,NA,NA,NA,NA,NA,NA   NA   NA   NA,NA   NA   NA   NA
STTD_2018-01-17 09:45:00,1/17/2018 9:45,STTD,2018,A,FALSE,FOG,NA,NA,11.4,0.37,431,583,7.55,6.87,24.3,10,Low,697095,700000,2905,2905,19.11232785,19.11232785,1,Ebb tide collected from rotary screw trap,NA,Aquatic Non-Insects,10,Family,Crangonyctidae,Crangonyctidae,NotDetermined,2,0.105,0.105,NA,NA,NA,NA,NA,NA,NA,NA,NA,NA,NA   NA   NA   NA,NA   NA   NA   NA
STTD_2018-01-17 09:45:00,1/17/2018 9:45,STTD,2018,A,FALSE,FOG,NA,NA,11.4,0.37,431,583,7.55,6.87,24.3,10,Low,697095,700000,2905,2905,19.11232785,19.11232785,1,Ebb tide collected from rotary screw trap,NA,Aquatic Non-Insects,15,Family,Hyalellidae,Hyalellidae,Larvae,0,0,0,NA,NA,NA,NA,NA,NA,NA,NA,NA,NA,NA   NA   NA   NA,NA   NA   NA   NA
STTD_2018-01-17 09:45:00,1/17/2018 9:45,STTD,2018,A,FALSE,FOG,NA,NA,11.4,0.37,431,583,7.55,6.87,24.3,10,Low,697095,700000,2905,2905,19.11232785,19.11232785,1,Ebb tide collected from rotary screw trap,NA,Aquatic Non-Insects,15,Family,Hyalellidae,Hyalellidae,Pupae,0,0,0,NA,NA,NA,NA,NA,NA,NA,NA,NA,NA,NA   NA   NA   NA,NA   NA   NA   NA
STTD_2018-01-17 09:45:00,1/17/2018 9:45,STTD,2018,A,FALSE,FOG,NA,NA,11.4,0.37,431,583,7.55,6.87,24.3,10,Low,697095,700000,2905,2905,19.11232785,19.11232785,1,Ebb tide collected from rotary screw trap,NA,Aquatic Non-Insects,15,Family,Hyalellidae,Hyalellidae,Nymphs,0,0,0,NA,NA,NA,NA,NA,NA,NA,NA,NA,NA,NA   NA   NA   NA,NA   NA   NA   NA
STTD_2018-01-17 09:45:00,1/17/2018 9:45,STTD,2018,A,FALSE,FOG,NA,NA,11.4,0.37,431,583,7.55,6.87,24.3,10,Low,697095,700000,2905,2905,19.11232785,19.11232785,1,Ebb tide collected from rotary screw trap,NA,Aquatic Non-Insects,15,Family,Hyalellidae,Hyalellidae,Emergents,0,0,0,NA,NA,NA,NA,NA,NA,NA,NA,NA,NA,NA   NA   NA   NA,NA   NA   NA   NA
STTD_2018-01-17 09:45:00,1/17/2018 9:45,STTD,2018,A,FALSE,FOG,NA,NA,11.4,0.37,431,583,7.55,6.87,24.3,10,Low,697095,700000,2905,2905,19.11232785,19.11232785,1,Ebb tide collected from rotary screw trap,NA,Aquatic Non-Insects,15,Family,Hyalellidae,Hyalellidae,Adults,0,0,0,NA,NA,NA,NA,NA,NA,NA,NA,NA,NA,NA   NA   NA   NA,NA   NA   NA   NA
STTD_2018-01-17 09:45:00,1/17/2018 9:45,STTD,2018,A,FALSE,FOG,NA,NA,11.4,0.37,431,583,7.55,6.87,24.3,10,Low,697095,700000,2905,2905,19.11232785,19.11232785,1,Ebb tide collected from rotary screw trap,NA,Aquatic Non-Insects,15,Family,Hyalellidae,Hyalellidae,NotDetermined,4,0.209,0.209,NA,NA,NA,NA,NA,NA,NA,NA,NA,NA,NA   NA   NA   NA,NA   NA   NA   NA
STTD_2018-01-17 09:45:00,1/17/2018 9:45,STTD,2018,A,FALSE,FOG,NA,NA,11.4,0.37,431,583,7.55,6.87,24.3,10,Low,697095,700000,2905,2905,19.11232785,19.11232785,1,Ebb tide collected from rotary screw trap,NA,Aquatic Non-Insects,21,Family,Planorbidae,Planorbidae,Larvae,0,0,0,NA,NA,NA,NA,NA,NA,NA,NA,NA,NA,NA   NA   NA   NA,NA   NA   NA   NA
STTD_2018-01-17 09:45:00,1/17/2018 9:45,STTD,2018,A,FALSE,FOG,NA,NA,11.4,0.37,431,583,7.55,6.87,24.3,10,Low,697095,700000,2905,2905,19.11232785,19.11232785,1,Ebb tide collected from rotary screw trap,NA,Aquatic Non-Insects,21,Family,Planorbidae,Planorbidae,Pupae,0,0,0,NA,NA,NA,NA,NA,NA,NA,NA,NA,NA,NA   NA   NA   NA,NA   NA   NA   NA
STTD_2018-01-17 09:45:00,1/17/2018 9:45,STTD,2018,A,FALSE,FOG,NA,NA,11.4,0.37,431,583,7.55,6.87,24.3,10,Low,697095,700000,2905,2905,19.11232785,19.11232785,1,Ebb tide collected from rotary screw trap,NA,Aquatic Non-Insects,21,Family,Planorbidae,Planorbidae,Nymphs,0,0,0,NA,NA,NA,NA,NA,NA,NA,NA,NA,NA,NA   NA   NA   NA,NA   NA   NA   NA
STTD_2018-01-17 09:45:00,1/17/2018 9:45,STTD,2018,A,FALSE,FOG,NA,NA,11.4,0.37,431,583,7.55,6.87,24.3,10,Low,697095,700000,2905,2905,19.11232785,19.11232785,1,Ebb tide collected from rotary screw trap,NA,Aquatic Non-Insects,21,Family,Planorbidae,Planorbidae,Emergents,0,0,0,NA,NA,NA,NA,NA,NA,NA,NA,NA,NA,NA   NA   NA   NA,NA   NA   NA   NA
STTD_2018-01-17 09:45:00,1/17/2018 9:45,STTD,2018,A,FALSE,FOG,NA,NA,11.4,0.37,431,583,7.55,6.87,24.3,10,Low,697095,700000,2905,2905,19.11232785,19.11232785,1,Ebb tide collected from rotary screw trap,NA,Aquatic Non-Insects,21,Family,Planorbidae,Planorbidae,Adults,0,0,0,NA,NA,NA,NA,NA,NA,NA,NA,NA,NA,NA   NA   NA   NA,NA   NA   NA   NA
STTD_2018-01-17 09:45:00,1/17/2018 9:45,STTD,2018,A,FALSE,FOG,NA,NA,11.4,0.37,431,583,7.55,6.87,24.3,10,Low,697095,700000,2905,2905,19.11232785,19.11232785,1,Ebb tide collected from rotary screw trap,NA,Aquatic Non-Insects,21,Family,Planorbidae,Planorbidae,NotDetermined,1,0.052,0.052,NA,NA,NA,NA,NA,NA,NA,NA,NA,NA,NA   NA   NA   NA,NA   NA   NA   NA
STTD_2018-01-17 09:45:00,1/17/2018 9:45,STTD,2018,A,FALSE,FOG,NA,NA,11.4,0.37,431,583,7.55,6.87,24.3,10,Low,697095,700000,2905,2905,19.11232785,19.11232785,1,Ebb tide collected from rotary screw trap,NA,Terrestrial Insects,64,Order,Diptera,Diptera,Larvae,0,0,0,NA,NA,NA,NA,NA,NA,NA,NA,NA,NA,NA   NA   NA   NA,NA   NA   NA   NA
STTD_2018-01-17 09:45:00,1/17/2018 9:45,STTD,2018,A,FALSE,FOG,NA,NA,11.4,0.37,431,583,7.55,6.87,24.3,10,Low,697095,700000,2905,2905,19.11232785,19.11232785,1,Ebb tide collected from rotary screw trap,NA,Terrestrial Insects,64,Order,Diptera,Diptera,Pupae,0,0,0,NA,NA,NA,NA,NA,NA,NA,NA,NA,NA,NA   NA   NA   NA,NA   NA   NA   NA
STTD_2018-01-17 09:45:00,1/17/2018 9:45,STTD,2018,A,FALSE,FOG,NA,NA,11.4,0.37,431,583,7.55,6.87,24.3,10,Low,697095,700000,2905,2905,19.11232785,19.11232785,1,Ebb tide collected from rotary screw trap,NA,Terrestrial Insects,64,Order,Diptera,Diptera,Nymphs,0,0,0,NA,NA,NA,NA,NA,NA,NA,NA,NA,NA,NA   NA   NA   NA,NA   NA   NA   NA
STTD_2018-01-17 09:45:00,1/17/2018 9:45,STTD,2018,A,FALSE,FOG,NA,NA,11.4,0.37,431,583,7.55,6.87,24.3,10,Low,697095,700000,2905,2905,19.11232785,19.11232785,1,Ebb tide collected from rotary screw trap,NA,Terrestrial Insects,64,Order,Diptera,Diptera,Emergents,0,0,0,NA,NA,NA,NA,NA,NA,NA,NA,NA,NA,NA   NA   NA   NA,NA   NA   NA   NA
STTD_2018-01-17 09:45:00,1/17/2018 9:45,STTD,2018,A,FALSE,FOG,NA,NA,11.4,0.37,431,583,7.55,6.87,24.3,10,Low,697095,700000,2905,2905,19.11232785,19.11232785,1,Ebb tide collected from rotary screw trap,NA,Terrestrial Insects,64,Order,Diptera,Diptera,Adults,1,0.052,0.052,NA,NA,NA,NA,NA,NA,NA,NA,NA,NA,NA   NA   NA   NA,NA   NA   NA   NA
STTD_2018-01-17 09:45:00,1/17/2018 9:45,STTD,2018,A,FALSE,FOG,NA,NA,11.4,0.37,431,583,7.55,6.87,24.3,10,Low,697095,700000,2905,2905,19.11232785,19.11232785,1,Ebb tide collected from rotary screw trap,NA,Terrestrial Insects,64,Order,Diptera,Diptera,NotDetermined,0,0,0,NA,NA,NA,NA,NA,NA,NA,NA,NA,NA,NA   NA   NA   NA,NA   NA   NA   NA
STTD_2018-01-17 09:45:00,1/17/2018 9:45,STTD,2018,A,FALSE,FOG,NA,NA,11.4,0.37,431,583,7.55,6.87,24.3,10,Low,697095,700000,2905,2905,19.11232785,19.11232785,1,Ebb tide collected from rotary screw trap,NA,Terrestrial Insects,66,Order,Hymenoptera,Hymenoptera,Larvae,0,0,0,NA,NA,NA,NA,NA,NA,NA,NA,NA,NA,NA   NA   NA   NA,NA   NA   NA   NA
STTD_2018-01-17 09:45:00,1/17/2018 9:45,STTD,2018,A,FALSE,FOG,NA,NA,11.4,0.37,431,583,7.55,6.87,24.3,10,Low,697095,700000,2905,2905,19.11232785,19.11232785,1,Ebb tide collected from rotary screw trap,NA,Terrestrial Insects,66,Order,Hymenoptera,Hymenoptera,Pupae,0,0,0,NA,NA,NA,NA,NA,NA,NA,NA,NA,NA,NA   NA   NA   NA,NA   NA   NA   NA
STTD_2018-01-17 09:45:00,1/17/2018 9:45,STTD,2018,A,FALSE,FOG,NA,NA,11.4,0.37,431,583,7.55,6.87,24.3,10,Low,697095,700000,2905,2905,19.11232785,19.11232785,1,Ebb tide collected from rotary screw trap,NA,Terrestrial Insects,66,Order,Hymenoptera,Hymenoptera,Nymphs,0,0,0,NA,NA,NA,NA,NA,NA,NA,NA,NA,NA,NA   NA   NA   NA,NA   NA   NA   NA
STTD_2018-01-17 09:45:00,1/17/2018 9:45,STTD,2018,A,FALSE,FOG,NA,NA,11.4,0.37,431,583,7.55,6.87,24.3,10,Low,697095,700000,2905,2905,19.11232785,19.11232785,1,Ebb tide collected from rotary screw trap,NA,Terrestrial Insects,66,Order,Hymenoptera,Hymenoptera,Emergents,0,0,0,NA,NA,NA,NA,NA,NA,NA,NA,NA,NA,NA   NA   NA   NA,NA   NA   NA   NA
STTD_2018-01-17 09:45:00,1/17/2018 9:45,STTD,2018,A,FALSE,FOG,NA,NA,11.4,0.37,431,583,7.55,6.87,24.3,10,Low,697095,700000,2905,2905,19.11232785,19.11232785,1,Ebb tide collected from rotary screw trap,NA,Terrestrial Insects,66,Order,Hymenoptera,Hymenoptera,Adults,1,0.052,0.052,NA,NA,NA,NA,NA,NA,NA,NA,NA,NA,NA   NA   NA   NA,NA   NA   NA   NA
STTD_2018-01-17 09:45:00,1/17/2018 9:45,STTD,2018,A,FALSE,FOG,NA,NA,11.4,0.37,431,583,7.55,6.87,24.3,10,Low,697095,700000,2905,2905,19.11232785,19.11232785,1,Ebb tide collected from rotary screw trap,NA,Terrestrial Insects,66,Order,Hymenoptera,Hymenoptera,NotDetermined,0,0,0,NA,NA,NA,NA,NA,NA,NA,NA,NA,NA,NA   NA   NA   NA,NA   NA   NA   NA
STTD_2018-01-17 09:45:00,1/17/2018 9:45,STTD,2018,A,FALSE,FOG,NA,NA,11.4,0.37,431,583,7.55,6.87,24.3,10,Low,697095,700000,2905,2905,19.11232785,19.11232785,1,Ebb tide collected from rotary screw trap,NA,Terrestrial Non-Insects,157,Order,Araneae,Araneae,Larvae,0,0,0,NA,NA,NA,NA,NA,NA,NA,NA,NA,NA,NA   NA   NA   NA,NA   NA   NA   NA
STTD_2018-01-17 09:45:00,1/17/2018 9:45,STTD,2018,A,FALSE,FOG,NA,NA,11.4,0.37,431,583,7.55,6.87,24.3,10,Low,697095,700000,2905,2905,19.11232785,19.11232785,1,Ebb tide collected from rotary screw trap,NA,Terrestrial Non-Insects,157,Order,Araneae,Araneae,Pupae,0,0,0,NA,NA,NA,NA,NA,NA,NA,NA,NA,NA,NA   NA   NA   NA,NA   NA   NA   NA
STTD_2018-01-17 09:45:00,1/17/2018 9:45,STTD,2018,A,FALSE,FOG,NA,NA,11.4,0.37,431,583,7.55,6.87,24.3,10,Low,697095,700000,2905,2905,19.11232785,19.11232785,1,Ebb tide collected from rotary screw trap,NA,Terrestrial Non-Insects,157,Order,Araneae,Araneae,Nymphs,0,0,0,NA,NA,NA,NA,NA,NA,NA,NA,NA,NA,NA   NA   NA   NA,NA   NA   NA   NA
STTD_2018-01-17 09:45:00,1/17/2018 9:45,STTD,2018,A,FALSE,FOG,NA,NA,11.4,0.37,431,583,7.55,6.87,24.3,10,Low,697095,700000,2905,2905,19.11232785,19.11232785,1,Ebb tide collected from rotary screw trap,NA,Terrestrial Non-Insects,157,Order,Araneae,Araneae,Emergents,0,0,0,NA,NA,NA,NA,NA,NA,NA,NA,NA,NA,NA   NA   NA   NA,NA   NA   NA   NA
STTD_2018-01-17 09:45:00,1/17/2018 9:45,STTD,2018,A,FALSE,FOG,NA,NA,11.4,0.37,431,583,7.55,6.87,24.3,10,Low,697095,700000,2905,2905,19.11232785,19.11232785,1,Ebb tide collected from rotary screw trap,NA,Terrestrial Non-Insects,157,Order,Araneae,Araneae,Adults,0,0,0,NA,NA,NA,NA,NA,NA,NA,NA,NA,NA,NA   NA   NA   NA,NA   NA   NA   NA
STTD_2018-01-17 09:45:00,1/17/2018 9:45,STTD,2018,A,FALSE,FOG,NA,NA,11.4,0.37,431,583,7.55,6.87,24.3,10,Low,697095,700000,2905,2905,19.11232785,19.11232785,1,Ebb tide collected from rotary screw trap,NA,Terrestrial Non-Insects,157,Order,Araneae,Araneae,NotDetermined,1,0.052,0.052,NA,NA,NA,NA,NA,NA,NA,NA,NA,NA,NA   NA   NA   NA,NA   NA   NA   NA
SHR_2018-01-18 09:27:00,1/18/2018 9:27,SHR,2018,A,FALSE,FOG,NA,NA,11.2,0.7,144,196,7.39,9.97,17.9,10,Low,692251,697000,4749,4749,31.24421514,31.24421514,1,NA,NA,Aquatic Insects,34,Family,Chironomidae,Chironomidae,Larvae,32,1.024,1.024,NA,NA,NA,NA,NA,NA,NA,NA,NA,NA,NA   NA   NA   NA,NA   NA   NA   NA
SHR_2018-01-18 09:27:00,1/18/2018 9:27,SHR,2018,A,FALSE,FOG,NA,NA,11.2,0.7,144,196,7.39,9.97,17.9,10,Low,692251,697000,4749,4749,31.24421514,31.24421514,1,NA,NA,Aquatic Insects,34,Family,Chironomidae,Chironomidae,Pupae,2,0.064,0.064,NA,NA,NA,NA,NA,NA,NA,NA,NA,NA,NA   NA   NA   NA,NA   NA   NA   NA
SHR_2018-01-18 09:27:00,1/18/2018 9:27,SHR,2018,A,FALSE,FOG,NA,NA,11.2,0.7,144,196,7.39,9.97,17.9,10,Low,692251,697000,4749,4749,31.24421514,31.24421514,1,NA,NA,Aquatic Insects,34,Family,Chironomidae,Chironomidae,Nymphs,0,0,0,NA,NA,NA,NA,NA,NA,NA,NA,NA,NA,NA   NA   NA   NA,NA   NA   NA   NA
SHR_2018-01-18 09:27:00,1/18/2018 9:27,SHR,2018,A,FALSE,FOG,NA,NA,11.2,0.7,144,196,7.39,9.97,17.9,10,Low,692251,697000,4749,4749,31.24421514,31.24421514,1,NA,NA,Aquatic Insects,34,Family,Chironomidae,Chironomidae,Emergents,0,0,0,NA,NA,NA,NA,NA,NA,NA,NA,NA,NA,NA   NA   NA   NA,NA   NA   NA   NA
SHR_2018-01-18 09:27:00,1/18/2018 9:27,SHR,2018,A,FALSE,FOG,NA,NA,11.2,0.7,144,196,7.39,9.97,17.9,10,Low,692251,697000,4749,4749,31.24421514,31.24421514,1,NA,NA,Aquatic Insects,34,Family,Chironomidae,Chironomidae,Adults,13,0.416,0.416,NA,NA,NA,NA,NA,NA,NA,NA,NA,NA,NA   NA   NA   NA,NA   NA   NA   NA
SHR_2018-01-18 09:27:00,1/18/2018 9:27,SHR,2018,A,FALSE,FOG,NA,NA,11.2,0.7,144,196,7.39,9.97,17.9,10,Low,692251,697000,4749,4749,31.24421514,31.24421514,1,NA,NA,Aquatic Insects,34,Family,Chironomidae,Chironomidae,NotDetermined,0,0,0,NA,NA,NA,NA,NA,NA,NA,NA,NA,NA,NA   NA   NA   NA,NA   NA   NA   NA
SHR_2018-01-18 09:27:00,1/18/2018 9:27,SHR,2018,A,FALSE,FOG,NA,NA,11.2,0.7,144,196,7.39,9.97,17.9,10,Low,692251,697000,4749,4749,31.24421514,31.24421514,1,NA,NA,Aquatic Insects,44,Family,Corixidae,Corixidae,Larvae,0,0,0,NA,NA,NA,NA,NA,NA,NA,NA,NA,NA,NA   NA   NA   NA,NA   NA   NA   NA
SHR_2018-01-18 09:27:00,1/18/2018 9:27,SHR,2018,A,FALSE,FOG,NA,NA,11.2,0.7,144,196,7.39,9.97,17.9,10,Low,692251,697000,4749,4749,31.24421514,31.24421514,1,NA,NA,Aquatic Insects,44,Family,Corixidae,Corixidae,Pupae,0,0,0,NA,NA,NA,NA,NA,NA,NA,NA,NA,NA,NA   NA   NA   NA,NA   NA   NA   NA
SHR_2018-01-18 09:27:00,1/18/2018 9:27,SHR,2018,A,FALSE,FOG,NA,NA,11.2,0.7,144,196,7.39,9.97,17.9,10,Low,692251,697000,4749,4749,31.24421514,31.24421514,1,NA,NA,Aquatic Insects,44,Family,Corixidae,Corixidae,Nymphs,2,0.064,0.064,NA,NA,NA,NA,NA,NA,NA,NA,NA,NA,NA   NA   NA   NA,NA   NA   NA   NA
SHR_2018-01-18 09:27:00,1/18/2018 9:27,SHR,2018,A,FALSE,FOG,NA,NA,11.2,0.7,144,196,7.39,9.97,17.9,10,Low,692251,697000,4749,4749,31.24421514,31.24421514,1,NA,NA,Aquatic Insects,44,Family,Corixidae,Corixidae,Emergents,0,0,0,NA,NA,NA,NA,NA,NA,NA,NA,NA,NA,NA   NA   NA   NA,NA   NA   NA   NA
SHR_2018-01-18 09:27:00,1/18/2018 9:27,SHR,2018,A,FALSE,FOG,NA,NA,11.2,0.7,144,196,7.39,9.97,17.9,10,Low,692251,697000,4749,4749,31.24421514,31.24421514,1,NA,NA,Aquatic Insects,44,Family,Corixidae,Corixidae,Adults,0,0,0,NA,NA,NA,NA,NA,NA,NA,NA,NA,NA,NA   NA   NA   NA,NA   NA   NA   NA
SHR_2018-01-18 09:27:00,1/18/2018 9:27,SHR,2018,A,FALSE,FOG,NA,NA,11.2,0.7,144,196,7.39,9.97,17.9,10,Low,692251,697000,4749,4749,31.24421514,31.24421514,1,NA,NA,Aquatic Insects,44,Family,Corixidae,Corixidae,NotDetermined,0,0,0,NA,NA,NA,NA,NA,NA,NA,NA,NA,NA,NA   NA   NA   NA,NA   NA   NA   NA
SHR_2018-01-18 09:27:00,1/18/2018 9:27,SHR,2018,A,FALSE,FOG,NA,NA,11.2,0.7,144,196,7.39,9.97,17.9,10,Low,692251,697000,4749,4749,31.24421514,31.24421514,1,NA,NA,Aquatic Insects,45,Family,Notonectidae,Notonectidae,Larvae,0,0,0,NA,NA,NA,NA,NA,NA,NA,NA,NA,NA,NA   NA   NA   NA,NA   NA   NA   NA
SHR_2018-01-18 09:27:00,1/18/2018 9:27,SHR,2018,A,FALSE,FOG,NA,NA,11.2,0.7,144,196,7.39,9.97,17.9,10,Low,692251,697000,4749,4749,31.24421514,31.24421514,1,NA,NA,Aquatic Insects,45,Family,Notonectidae,Notonectidae,Pupae,0,0,0,NA,NA,NA,NA,NA,NA,NA,NA,NA,NA,NA   NA   NA   NA,NA   NA   NA   NA
SHR_2018-01-18 09:27:00,1/18/2018 9:27,SHR,2018,A,FALSE,FOG,NA,NA,11.2,0.7,144,196,7.39,9.97,17.9,10,Low,692251,697000,4749,4749,31.24421514,31.24421514,1,NA,NA,Aquatic Insects,45,Family,Notonectidae,Notonectidae,Nymphs,0,0,0,NA,NA,NA,NA,NA,NA,NA,NA,NA,NA,NA   NA   NA   NA,NA   NA   NA   NA
SHR_2018-01-18 09:27:00,1/18/2018 9:27,SHR,2018,A,FALSE,FOG,NA,NA,11.2,0.7,144,196,7.39,9.97,17.9,10,Low,692251,697000,4749,4749,31.24421514,31.24421514,1,NA,NA,Aquatic Insects,45,Family,Notonectidae,Notonectidae,Emergents,0,0,0,NA,NA,NA,NA,NA,NA,NA,NA,NA,NA,NA   NA   NA   NA,NA   NA   NA   NA
SHR_2018-01-18 09:27:00,1/18/2018 9:27,SHR,2018,A,FALSE,FOG,NA,NA,11.2,0.7,144,196,7.39,9.97,17.9,10,Low,692251,697000,4749,4749,31.24421514,31.24421514,1,NA,NA,Aquatic Insects,45,Family,Notonectidae,Notonectidae,Adults,1,0.032,0.032,NA,NA,NA,NA,NA,NA,NA,NA,NA,NA,NA   NA   NA   NA,NA   NA   NA   NA
SHR_2018-01-18 09:27:00,1/18/2018 9:27,SHR,2018,A,FALSE,FOG,NA,NA,11.2,0.7,144,196,7.39,9.97,17.9,10,Low,692251,697000,4749,4749,31.24421514,31.24421514,1,NA,NA,Aquatic Insects,45,Family,Notonectidae,Notonectidae,NotDetermined,0,0,0,NA,NA,NA,NA,NA,NA,NA,NA,NA,NA,NA   NA   NA   NA,NA   NA   NA   NA
SHR_2018-01-18 09:27:00,1/18/2018 9:27,SHR,2018,A,FALSE,FOG,NA,NA,11.2,0.7,144,196,7.39,9.97,17.9,10,Low,692251,697000,4749,4749,31.24421514,31.24421514,1,NA,NA,Aquatic Insects,46,Family,Coenagrionidae,Coenagrionidae,Larvae,0,0,0,NA,NA,NA,NA,NA,NA,NA,NA,NA,NA,NA   NA   NA   NA,NA   NA   NA   NA
SHR_2018-01-18 09:27:00,1/18/2018 9:27,SHR,2018,A,FALSE,FOG,NA,NA,11.2,0.7,144,196,7.39,9.97,17.9,10,Low,692251,697000,4749,4749,31.24421514,31.24421514,1,NA,NA,Aquatic Insects,46,Family,Coenagrionidae,Coenagrionidae,Pupae,0,0,0,NA,NA,NA,NA,NA,NA,NA,NA,NA,NA,NA   NA   NA   NA,NA   NA   NA   NA
SHR_2018-01-18 09:27:00,1/18/2018 9:27,SHR,2018,A,FALSE,FOG,NA,NA,11.2,0.7,144,196,7.39,9.97,17.9,10,Low,692251,697000,4749,4749,31.24421514,31.24421514,1,NA,NA,Aquatic Insects,46,Family,Coenagrionidae,Coenagrionidae,Nymphs,1,0.032,0.032,NA,NA,NA,NA,NA,NA,NA,NA,NA,NA,NA   NA   NA   NA,NA   NA   NA   NA
SHR_2018-01-18 09:27:00,1/18/2018 9:27,SHR,2018,A,FALSE,FOG,NA,NA,11.2,0.7,144,196,7.39,9.97,17.9,10,Low,692251,697000,4749,4749,31.24421514,31.24421514,1,NA,NA,Aquatic Insects,46,Family,Coenagrionidae,Coenagrionidae,Emergents,0,0,0,NA,NA,NA,NA,NA,NA,NA,NA,NA,NA,NA   NA   NA   NA,NA   NA   NA   NA
SHR_2018-01-18 09:27:00,1/18/2018 9:27,SHR,2018,A,FALSE,FOG,NA,NA,11.2,0.7,144,196,7.39,9.97,17.9,10,Low,692251,697000,4749,4749,31.24421514,31.24421514,1,NA,NA,Aquatic Insects,46,Family,Coenagrionidae,Coenagrionidae,Adults,0,0,0,NA,NA,NA,NA,NA,NA,NA,NA,NA,NA,NA   NA   NA   NA,NA   NA   NA   NA
SHR_2018-01-18 09:27:00,1/18/2018 9:27,SHR,2018,A,FALSE,FOG,NA,NA,11.2,0.7,144,196,7.39,9.97,17.9,10,Low,692251,697000,4749,4749,31.24421514,31.24421514,1,NA,NA,Aquatic Insects,46,Family,Coenagrionidae,Coenagrionidae,NotDetermined,0,0,0,NA,NA,NA,NA,NA,NA,NA,NA,NA,NA,NA   NA   NA   NA,NA   NA   NA   NA
SHR_2018-01-18 09:27:00,1/18/2018 9:27,SHR,2018,A,FALSE,FOG,NA,NA,11.2,0.7,144,196,7.39,9.97,17.9,10,Low,692251,697000,4749,4749,31.24421514,31.24421514,1,NA,NA,Aquatic Non-Insects,4,Family,Naididae,Naididae,Larvae,0,0,0,NA,NA,NA,NA,NA,NA,NA,NA,NA,NA,NA   NA   NA   NA,NA   NA   NA   NA
SHR_2018-01-18 09:27:00,1/18/2018 9:27,SHR,2018,A,FALSE,FOG,NA,NA,11.2,0.7,144,196,7.39,9.97,17.9,10,Low,692251,697000,4749,4749,31.24421514,31.24421514,1,NA,NA,Aquatic Non-Insects,4,Family,Naididae,Naididae,Pupae,0,0,0,NA,NA,NA,NA,NA,NA,NA,NA,NA,NA,NA   NA   NA   NA,NA   NA   NA   NA
SHR_2018-01-18 09:27:00,1/18/2018 9:27,SHR,2018,A,FALSE,FOG,NA,NA,11.2,0.7,144,196,7.39,9.97,17.9,10,Low,692251,697000,4749,4749,31.24421514,31.24421514,1,NA,NA,Aquatic Non-Insects,4,Family,Naididae,Naididae,Nymphs,0,0,0,NA,NA,NA,NA,NA,NA,NA,NA,NA,NA,NA   NA   NA   NA,NA   NA   NA   NA
SHR_2018-01-18 09:27:00,1/18/2018 9:27,SHR,2018,A,FALSE,FOG,NA,NA,11.2,0.7,144,196,7.39,9.97,17.9,10,Low,692251,697000,4749,4749,31.24421514,31.24421514,1,NA,NA,Aquatic Non-Insects,4,Family,Naididae,Naididae,Emergents,0,0,0,NA,NA,NA,NA,NA,NA,NA,NA,NA,NA,NA   NA   NA   NA,NA   NA   NA   NA
SHR_2018-01-18 09:27:00,1/18/2018 9:27,SHR,2018,A,FALSE,FOG,NA,NA,11.2,0.7,144,196,7.39,9.97,17.9,10,Low,692251,697000,4749,4749,31.24421514,31.24421514,1,NA,NA,Aquatic Non-Insects,4,Family,Naididae,Naididae,Adults,0,0,0,NA,NA,NA,NA,NA,NA,NA,NA,NA,NA,NA   NA   NA   NA,NA   NA   NA   NA
SHR_2018-01-18 09:27:00,1/18/2018 9:27,SHR,2018,A,FALSE,FOG,NA,NA,11.2,0.7,144,196,7.39,9.97,17.9,10,Low,692251,697000,4749,4749,31.24421514,31.24421514,1,NA,NA,Aquatic Non-Insects,4,Family,Naididae,Naididae,NotDetermined,7,0.224,0.224,NA,NA,NA,NA,NA,NA,NA,NA,NA,NA,NA   NA   NA   NA,NA   NA   NA   NA
SHR_2018-01-18 09:27:00,1/18/2018 9:27,SHR,2018,A,FALSE,FOG,NA,NA,11.2,0.7,144,196,7.39,9.97,17.9,10,Low,692251,697000,4749,4749,31.24421514,31.24421514,1,NA,NA,Aquatic Non-Insects,28,Family,Lebertiidae,Lebertiidae,Larvae,0,0,0,NA,NA,NA,NA,NA,NA,NA,NA,NA,NA,NA   NA   NA   NA,NA   NA   NA   NA
SHR_2018-01-18 09:27:00,1/18/2018 9:27,SHR,2018,A,FALSE,FOG,NA,NA,11.2,0.7,144,196,7.39,9.97,17.9,10,Low,692251,697000,4749,4749,31.24421514,31.24421514,1,NA,NA,Aquatic Non-Insects,120,Family,Lebertiidae,Lebertiidae,Larvae,0,0,0,NA,NA,NA,NA,NA,NA,NA,NA,NA,NA,NA   NA   NA   NA,NA   NA   NA   NA
SHR_2018-01-18 09:27:00,1/18/2018 9:27,SHR,2018,A,FALSE,FOG,NA,NA,11.2,0.7,144,196,7.39,9.97,17.9,10,Low,692251,697000,4749,4749,31.24421514,31.24421514,1,NA,NA,Aquatic Non-Insects,28,Family,Lebertiidae,Lebertiidae,Pupae,0,0,0,NA,NA,NA,NA,NA,NA,NA,NA,NA,NA,NA   NA   NA   NA,NA   NA   NA   NA
SHR_2018-01-18 09:27:00,1/18/2018 9:27,SHR,2018,A,FALSE,FOG,NA,NA,11.2,0.7,144,196,7.39,9.97,17.9,10,Low,692251,697000,4749,4749,31.24421514,31.24421514,1,NA,NA,Aquatic Non-Insects,120,Family,Lebertiidae,Lebertiidae,Pupae,0,0,0,NA,NA,NA,NA,NA,NA,NA,NA,NA,NA,NA   NA   NA   NA,NA   NA   NA   NA
SHR_2018-01-18 09:27:00,1/18/2018 9:27,SHR,2018,A,FALSE,FOG,NA,NA,11.2,0.7,144,196,7.39,9.97,17.9,10,Low,692251,697000,4749,4749,31.24421514,31.24421514,1,NA,NA,Aquatic Non-Insects,28,Family,Lebertiidae,Lebertiidae,Nymphs,0,0,0,NA,NA,NA,NA,NA,NA,NA,NA,NA,NA,NA   NA   NA   NA,NA   NA   NA   NA
SHR_2018-01-18 09:27:00,1/18/2018 9:27,SHR,2018,A,FALSE,FOG,NA,NA,11.2,0.7,144,196,7.39,9.97,17.9,10,Low,692251,697000,4749,4749,31.24421514,31.24421514,1,NA,NA,Aquatic Non-Insects,120,Family,Lebertiidae,Lebertiidae,Nymphs,0,0,0,NA,NA,NA,NA,NA,NA,NA,NA,NA,NA,NA   NA   NA   NA,NA   NA   NA   NA
SHR_2018-01-18 09:27:00,1/18/2018 9:27,SHR,2018,A,FALSE,FOG,NA,NA,11.2,0.7,144,196,7.39,9.97,17.9,10,Low,692251,697000,4749,4749,31.24421514,31.24421514,1,NA,NA,Aquatic Non-Insects,28,Family,Lebertiidae,Lebertiidae,Emergents,0,0,0,NA,NA,NA,NA,NA,NA,NA,NA,NA,NA,NA   NA   NA   NA,NA   NA   NA   NA
SHR_2018-01-18 09:27:00,1/18/2018 9:27,SHR,2018,A,FALSE,FOG,NA,NA,11.2,0.7,144,196,7.39,9.97,17.9,10,Low,692251,697000,4749,4749,31.24421514,31.24421514,1,NA,NA,Aquatic Non-Insects,120,Family,Lebertiidae,Lebertiidae,Emergents,0,0,0,NA,NA,NA,NA,NA,NA,NA,NA,NA,NA,NA   NA   NA   NA,NA   NA   NA   NA
SHR_2018-01-18 09:27:00,1/18/2018 9:27,SHR,2018,A,FALSE,FOG,NA,NA,11.2,0.7,144,196,7.39,9.97,17.9,10,Low,692251,697000,4749,4749,31.24421514,31.24421514,1,NA,NA,Aquatic Non-Insects,28,Family,Lebertiidae,Lebertiidae,Adults,0,0,0,NA,NA,NA,NA,NA,NA,NA,NA,NA,NA,NA   NA   NA   NA,NA   NA   NA   NA
SHR_2018-01-18 09:27:00,1/18/2018 9:27,SHR,2018,A,FALSE,FOG,NA,NA,11.2,0.7,144,196,7.39,9.97,17.9,10,Low,692251,697000,4749,4749,31.24421514,31.24421514,1,NA,NA,Aquatic Non-Insects,120,Family,Lebertiidae,Lebertiidae,Adults,0,0,0,NA,NA,NA,NA,NA,NA,NA,NA,NA,NA,NA   NA   NA   NA,NA   NA   NA   NA
SHR_2018-01-18 09:27:00,1/18/2018 9:27,SHR,2018,A,FALSE,FOG,NA,NA,11.2,0.7,144,196,7.39,9.97,17.9,10,Low,692251,697000,4749,4749,31.24421514,31.24421514,1,NA,NA,Aquatic Non-Insects,28,Family,Lebertiidae,Lebertiidae,NotDetermined,1,0.032,0.032,NA,NA,NA,NA,NA,NA,NA,NA,NA,NA,NA   NA   NA   NA,NA   NA   NA   NA
SHR_2018-01-18 09:27:00,1/18/2018 9:27,SHR,2018,A,FALSE,FOG,NA,NA,11.2,0.7,144,196,7.39,9.97,17.9,10,Low,692251,697000,4749,4749,31.24421514,31.24421514,1,NA,NA,Aquatic Non-Insects,120,Family,Lebertiidae,Lebertiidae,NotDetermined,1,0.032,0.032,NA,NA,NA,NA,NA,NA,NA,NA,NA,NA,NA   NA   NA   NA,NA   NA   NA   NA
SHR_2018-01-18 09:27:00,1/18/2018 9:27,SHR,2018,A,FALSE,FOG,NA,NA,11.2,0.7,144,196,7.39,9.97,17.9,10,Low,692251,697000,4749,4749,31.24421514,31.24421514,1,NA,NA,Aquatic Non-Insects,9,Family,Corophiidae,Corophiidae,Larvae,0,0,0,NA,NA,NA,NA,NA,NA,NA,NA,NA,NA,NA   NA   NA   NA,NA   NA   NA   NA
SHR_2018-01-18 09:27:00,1/18/2018 9:27,SHR,2018,A,FALSE,FOG,NA,NA,11.2,0.7,144,196,7.39,9.97,17.9,10,Low,692251,697000,4749,4749,31.24421514,31.24421514,1,NA,NA,Aquatic Non-Insects,9,Family,Corophiidae,Corophiidae,Pupae,0,0,0,NA,NA,NA,NA,NA,NA,NA,NA,NA,NA,NA   NA   NA   NA,NA   NA   NA   NA
SHR_2018-01-18 09:27:00,1/18/2018 9:27,SHR,2018,A,FALSE,FOG,NA,NA,11.2,0.7,144,196,7.39,9.97,17.9,10,Low,692251,697000,4749,4749,31.24421514,31.24421514,1,NA,NA,Aquatic Non-Insects,9,Family,Corophiidae,Corophiidae,Nymphs,0,0,0,NA,NA,NA,NA,NA,NA,NA,NA,NA,NA,NA   NA   NA   NA,NA   NA   NA   NA
SHR_2018-01-18 09:27:00,1/18/2018 9:27,SHR,2018,A,FALSE,FOG,NA,NA,11.2,0.7,144,196,7.39,9.97,17.9,10,Low,692251,697000,4749,4749,31.24421514,31.24421514,1,NA,NA,Aquatic Non-Insects,9,Family,Corophiidae,Corophiidae,Emergents,0,0,0,NA,NA,NA,NA,NA,NA,NA,NA,NA,NA,NA   NA   NA   NA,NA   NA   NA   NA
SHR_2018-01-18 09:27:00,1/18/2018 9:27,SHR,2018,A,FALSE,FOG,NA,NA,11.2,0.7,144,196,7.39,9.97,17.9,10,Low,692251,697000,4749,4749,31.24421514,31.24421514,1,NA,NA,Aquatic Non-Insects,9,Family,Corophiidae,Corophiidae,Adults,0,0,0,NA,NA,NA,NA,NA,NA,NA,NA,NA,NA,NA   NA   NA   NA,NA   NA   NA   NA
SHR_2018-01-18 09:27:00,1/18/2018 9:27,SHR,2018,A,FALSE,FOG,NA,NA,11.2,0.7,144,196,7.39,9.97,17.9,10,Low,692251,697000,4749,4749,31.24421514,31.24421514,1,NA,NA,Aquatic Non-Insects,9,Family,Corophiidae,Corophiidae,NotDetermined,4,0.128,0.128,NA,NA,NA,NA,NA,NA,NA,NA,NA,NA,NA   NA   NA   NA,NA   NA   NA   NA
SHR_2018-01-18 09:27:00,1/18/2018 9:27,SHR,2018,A,FALSE,FOG,NA,NA,11.2,0.7,144,196,7.39,9.97,17.9,10,Low,692251,697000,4749,4749,31.24421514,31.24421514,1,NA,NA,Aquatic Non-Insects,15,Family,Hyalellidae,Hyalellidae,Larvae,0,0,0,NA,NA,NA,NA,NA,NA,NA,NA,NA,NA,NA   NA   NA   NA,NA   NA   NA   NA
SHR_2018-01-18 09:27:00,1/18/2018 9:27,SHR,2018,A,FALSE,FOG,NA,NA,11.2,0.7,144,196,7.39,9.97,17.9,10,Low,692251,697000,4749,4749,31.24421514,31.24421514,1,NA,NA,Aquatic Non-Insects,15,Family,Hyalellidae,Hyalellidae,Pupae,0,0,0,NA,NA,NA,NA,NA,NA,NA,NA,NA,NA,NA   NA   NA   NA,NA   NA   NA   NA
SHR_2018-01-18 09:27:00,1/18/2018 9:27,SHR,2018,A,FALSE,FOG,NA,NA,11.2,0.7,144,196,7.39,9.97,17.9,10,Low,692251,697000,4749,4749,31.24421514,31.24421514,1,NA,NA,Aquatic Non-Insects,15,Family,Hyalellidae,Hyalellidae,Nymphs,0,0,0,NA,NA,NA,NA,NA,NA,NA,NA,NA,NA,NA   NA   NA   NA,NA   NA   NA   NA
SHR_2018-01-18 09:27:00,1/18/2018 9:27,SHR,2018,A,FALSE,FOG,NA,NA,11.2,0.7,144,196,7.39,9.97,17.9,10,Low,692251,697000,4749,4749,31.24421514,31.24421514,1,NA,NA,Aquatic Non-Insects,15,Family,Hyalellidae,Hyalellidae,Emergents,0,0,0,NA,NA,NA,NA,NA,NA,NA,NA,NA,NA,NA   NA   NA   NA,NA   NA   NA   NA
SHR_2018-01-18 09:27:00,1/18/2018 9:27,SHR,2018,A,FALSE,FOG,NA,NA,11.2,0.7,144,196,7.39,9.97,17.9,10,Low,692251,697000,4749,4749,31.24421514,31.24421514,1,NA,NA,Aquatic Non-Insects,15,Family,Hyalellidae,Hyalellidae,Adults,0,0,0,NA,NA,NA,NA,NA,NA,NA,NA,NA,NA,NA   NA   NA   NA,NA   NA   NA   NA
SHR_2018-01-18 09:27:00,1/18/2018 9:27,SHR,2018,A,FALSE,FOG,NA,NA,11.2,0.7,144,196,7.39,9.97,17.9,10,Low,692251,697000,4749,4749,31.24421514,31.24421514,1,NA,NA,Aquatic Non-Insects,15,Family,Hyalellidae,Hyalellidae,NotDetermined,20,0.64,0.64,NA,NA,NA,NA,NA,NA,NA,NA,NA,NA,NA   NA   NA   NA,NA   NA   NA   NA
SHR_2018-01-18 09:27:00,1/18/2018 9:27,SHR,2018,A,FALSE,FOG,NA,NA,11.2,0.7,144,196,7.39,9.97,17.9,10,Low,692251,697000,4749,4749,31.24421514,31.24421514,1,NA,NA,Aquatic Non-Insects,20,Family,Physidae,Physidae,Larvae,0,0,0,NA,NA,NA,NA,NA,NA,NA,NA,NA,NA,NA   NA   NA   NA,NA   NA   NA   NA
SHR_2018-01-18 09:27:00,1/18/2018 9:27,SHR,2018,A,FALSE,FOG,NA,NA,11.2,0.7,144,196,7.39,9.97,17.9,10,Low,692251,697000,4749,4749,31.24421514,31.24421514,1,NA,NA,Aquatic Non-Insects,20,Family,Physidae,Physidae,Pupae,0,0,0,NA,NA,NA,NA,NA,NA,NA,NA,NA,NA,NA   NA   NA   NA,NA   NA   NA   NA
SHR_2018-01-18 09:27:00,1/18/2018 9:27,SHR,2018,A,FALSE,FOG,NA,NA,11.2,0.7,144,196,7.39,9.97,17.9,10,Low,692251,697000,4749,4749,31.24421514,31.24421514,1,NA,NA,Aquatic Non-Insects,20,Family,Physidae,Physidae,Nymphs,0,0,0,NA,NA,NA,NA,NA,NA,NA,NA,NA,NA,NA   NA   NA   NA,NA   NA   NA   NA
SHR_2018-01-18 09:27:00,1/18/2018 9:27,SHR,2018,A,FALSE,FOG,NA,NA,11.2,0.7,144,196,7.39,9.97,17.9,10,Low,692251,697000,4749,4749,31.24421514,31.24421514,1,NA,NA,Aquatic Non-Insects,20,Family,Physidae,Physidae,Emergents,0,0,0,NA,NA,NA,NA,NA,NA,NA,NA,NA,NA,NA   NA   NA   NA,NA   NA   NA   NA
SHR_2018-01-18 09:27:00,1/18/2018 9:27,SHR,2018,A,FALSE,FOG,NA,NA,11.2,0.7,144,196,7.39,9.97,17.9,10,Low,692251,697000,4749,4749,31.24421514,31.24421514,1,NA,NA,Aquatic Non-Insects,20,Family,Physidae,Physidae,Adults,0,0,0,NA,NA,NA,NA,NA,NA,NA,NA,NA,NA,NA   NA   NA   NA,NA   NA   NA   NA
SHR_2018-01-18 09:27:00,1/18/2018 9:27,SHR,2018,A,FALSE,FOG,NA,NA,11.2,0.7,144,196,7.39,9.97,17.9,10,Low,692251,697000,4749,4749,31.24421514,31.24421514,1,NA,NA,Aquatic Non-Insects,20,Family,Physidae,Physidae,NotDetermined,1,0.032,0.032,NA,NA,NA,NA,NA,NA,NA,NA,NA,NA,NA   NA   NA   NA,NA   NA   NA   NA
SHR_2018-01-18 09:27:00,1/18/2018 9:27,SHR,2018,A,FALSE,FOG,NA,NA,11.2,0.7,144,196,7.39,9.97,17.9,10,Low,692251,697000,4749,4749,31.24421514,31.24421514,1,NA,NA,Terrestrial Insects,63,Order,Coleoptera,Coleoptera,Larvae,1,0.032,0.032,NA,NA,NA,NA,NA,NA,NA,NA,NA,NA,NA   NA   NA   NA,NA   NA   NA   NA
SHR_2018-01-18 09:27:00,1/18/2018 9:27,SHR,2018,A,FALSE,FOG,NA,NA,11.2,0.7,144,196,7.39,9.97,17.9,10,Low,692251,697000,4749,4749,31.24421514,31.24421514,1,NA,NA,Terrestrial Insects,63,Order,Coleoptera,Coleoptera,Pupae,0,0,0,NA,NA,NA,NA,NA,NA,NA,NA,NA,NA,NA   NA   NA   NA,NA   NA   NA   NA
SHR_2018-01-18 09:27:00,1/18/2018 9:27,SHR,2018,A,FALSE,FOG,NA,NA,11.2,0.7,144,196,7.39,9.97,17.9,10,Low,692251,697000,4749,4749,31.24421514,31.24421514,1,NA,NA,Terrestrial Insects,63,Order,Coleoptera,Coleoptera,Nymphs,0,0,0,NA,NA,NA,NA,NA,NA,NA,NA,NA,NA,NA   NA   NA   NA,NA   NA   NA   NA
SHR_2018-01-18 09:27:00,1/18/2018 9:27,SHR,2018,A,FALSE,FOG,NA,NA,11.2,0.7,144,196,7.39,9.97,17.9,10,Low,692251,697000,4749,4749,31.24421514,31.24421514,1,NA,NA,Terrestrial Insects,63,Order,Coleoptera,Coleoptera,Emergents,0,0,0,NA,NA,NA,NA,NA,NA,NA,NA,NA,NA,NA   NA   NA   NA,NA   NA   NA   NA
SHR_2018-01-18 09:27:00,1/18/2018 9:27,SHR,2018,A,FALSE,FOG,NA,NA,11.2,0.7,144,196,7.39,9.97,17.9,10,Low,692251,697000,4749,4749,31.24421514,31.24421514,1,NA,NA,Terrestrial Insects,63,Order,Coleoptera,Coleoptera,Adults,1,0.032,0.032,NA,NA,NA,NA,NA,NA,NA,NA,NA,NA,NA   NA   NA   NA,NA   NA   NA   NA
SHR_2018-01-18 09:27:00,1/18/2018 9:27,SHR,2018,A,FALSE,FOG,NA,NA,11.2,0.7,144,196,7.39,9.97,17.9,10,Low,692251,697000,4749,4749,31.24421514,31.24421514,1,NA,NA,Terrestrial Insects,63,Order,Coleoptera,Coleoptera,NotDetermined,0,0,0,NA,NA,NA,NA,NA,NA,NA,NA,NA,NA,NA   NA   NA   NA,NA   NA   NA   NA
SHR_2018-01-18 09:27:00,1/18/2018 9:27,SHR,2018,A,FALSE,FOG,NA,NA,11.2,0.7,144,196,7.39,9.97,17.9,10,Low,692251,697000,4749,4749,31.24421514,31.24421514,1,NA,NA,Terrestrial Insects,64,Order,Diptera,Diptera,Larvae,0,0,0,NA,NA,NA,NA,NA,NA,NA,NA,NA,NA,NA   NA   NA   NA,NA   NA   NA   NA
SHR_2018-01-18 09:27:00,1/18/2018 9:27,SHR,2018,A,FALSE,FOG,NA,NA,11.2,0.7,144,196,7.39,9.97,17.9,10,Low,692251,697000,4749,4749,31.24421514,31.24421514,1,NA,NA,Terrestrial Insects,64,Order,Diptera,Diptera,Pupae,0,0,0,NA,NA,NA,NA,NA,NA,NA,NA,NA,NA,NA   NA   NA   NA,NA   NA   NA   NA
SHR_2018-01-18 09:27:00,1/18/2018 9:27,SHR,2018,A,FALSE,FOG,NA,NA,11.2,0.7,144,196,7.39,9.97,17.9,10,Low,692251,697000,4749,4749,31.24421514,31.24421514,1,NA,NA,Terrestrial Insects,64,Order,Diptera,Diptera,Nymphs,0,0,0,NA,NA,NA,NA,NA,NA,NA,NA,NA,NA,NA   NA   NA   NA,NA   NA   NA   NA
SHR_2018-01-18 09:27:00,1/18/2018 9:27,SHR,2018,A,FALSE,FOG,NA,NA,11.2,0.7,144,196,7.39,9.97,17.9,10,Low,692251,697000,4749,4749,31.24421514,31.24421514,1,NA,NA,Terrestrial Insects,64,Order,Diptera,Diptera,Emergents,0,0,0,NA,NA,NA,NA,NA,NA,NA,NA,NA,NA,NA   NA   NA   NA,NA   NA   NA   NA
SHR_2018-01-18 09:27:00,1/18/2018 9:27,SHR,2018,A,FALSE,FOG,NA,NA,11.2,0.7,144,196,7.39,9.97,17.9,10,Low,692251,697000,4749,4749,31.24421514,31.24421514,1,NA,NA,Terrestrial Insects,64,Order,Diptera,Diptera,Adults,2,0.064,0.064,NA,NA,NA,NA,NA,NA,NA,NA,NA,NA,NA   NA   NA   NA,NA   NA   NA   NA
SHR_2018-01-18 09:27:00,1/18/2018 9:27,SHR,2018,A,FALSE,FOG,NA,NA,11.2,0.7,144,196,7.39,9.97,17.9,10,Low,692251,697000,4749,4749,31.24421514,31.24421514,1,NA,NA,Terrestrial Insects,64,Order,Diptera,Diptera,NotDetermined,0,0,0,NA,NA,NA,NA,NA,NA,NA,NA,NA,NA,NA   NA   NA   NA,NA   NA   NA   NA
SHR_2018-01-18 09:27:00,1/18/2018 9:27,SHR,2018,A,FALSE,FOG,NA,NA,11.2,0.7,144,196,7.39,9.97,17.9,10,Low,692251,697000,4749,4749,31.24421514,31.24421514,1,NA,NA,Terrestrial Insects,71,Order,Hemiptera,Hemiptera,Larvae,0,0,0,NA,NA,NA,NA,NA,NA,NA,NA,NA,NA,NA   NA   NA   NA,NA   NA   NA   NA
SHR_2018-01-18 09:27:00,1/18/2018 9:27,SHR,2018,A,FALSE,FOG,NA,NA,11.2,0.7,144,196,7.39,9.97,17.9,10,Low,692251,697000,4749,4749,31.24421514,31.24421514,1,NA,NA,Terrestrial Insects,71,Order,Hemiptera,Hemiptera,Pupae,0,0,0,NA,NA,NA,NA,NA,NA,NA,NA,NA,NA,NA   NA   NA   NA,NA   NA   NA   NA
SHR_2018-01-18 09:27:00,1/18/2018 9:27,SHR,2018,A,FALSE,FOG,NA,NA,11.2,0.7,144,196,7.39,9.97,17.9,10,Low,692251,697000,4749,4749,31.24421514,31.24421514,1,NA,NA,Terrestrial Insects,71,Order,Hemiptera,Hemiptera,Nymphs,0,0,0,NA,NA,NA,NA,NA,NA,NA,NA,NA,NA,NA   NA   NA   NA,NA   NA   NA   NA
SHR_2018-01-18 09:27:00,1/18/2018 9:27,SHR,2018,A,FALSE,FOG,NA,NA,11.2,0.7,144,196,7.39,9.97,17.9,10,Low,692251,697000,4749,4749,31.24421514,31.24421514,1,NA,NA,Terrestrial Insects,71,Order,Hemiptera,Hemiptera,Emergents,0,0,0,NA,NA,NA,NA,NA,NA,NA,NA,NA,NA,NA   NA   NA   NA,NA   NA   NA   NA
SHR_2018-01-18 09:27:00,1/18/2018 9:27,SHR,2018,A,FALSE,FOG,NA,NA,11.2,0.7,144,196,7.39,9.97,17.9,10,Low,692251,697000,4749,4749,31.24421514,31.24421514,1,NA,NA,Terrestrial Insects,71,Order,Hemiptera,Hemiptera,Adults,5,0.16,0.16,NA,NA,NA,NA,NA,NA,NA,NA,NA,NA,NA   NA   NA   NA,NA   NA   NA   NA
SHR_2018-01-18 09:27:00,1/18/2018 9:27,SHR,2018,A,FALSE,FOG,NA,NA,11.2,0.7,144,196,7.39,9.97,17.9,10,Low,692251,697000,4749,4749,31.24421514,31.24421514,1,NA,NA,Terrestrial Insects,71,Order,Hemiptera,Hemiptera,NotDetermined,0,0,0,NA,NA,NA,NA,NA,NA,NA,NA,NA,NA,NA   NA   NA   NA,NA   NA   NA   NA
SHR_2018-01-18 09:27:00,1/18/2018 9:27,SHR,2018,A,FALSE,FOG,NA,NA,11.2,0.7,144,196,7.39,9.97,17.9,10,Low,692251,697000,4749,4749,31.24421514,31.24421514,1,NA,NA,Terrestrial Insects,66,Order,Hymenoptera,Hymenoptera,Larvae,0,0,0,NA,NA,NA,NA,NA,NA,NA,NA,NA,NA,NA   NA   NA   NA,NA   NA   NA   NA
SHR_2018-01-18 09:27:00,1/18/2018 9:27,SHR,2018,A,FALSE,FOG,NA,NA,11.2,0.7,144,196,7.39,9.97,17.9,10,Low,692251,697000,4749,4749,31.24421514,31.24421514,1,NA,NA,Terrestrial Insects,66,Order,Hymenoptera,Hymenoptera,Pupae,0,0,0,NA,NA,NA,NA,NA,NA,NA,NA,NA,NA,NA   NA   NA   NA,NA   NA   NA   NA
SHR_2018-01-18 09:27:00,1/18/2018 9:27,SHR,2018,A,FALSE,FOG,NA,NA,11.2,0.7,144,196,7.39,9.97,17.9,10,Low,692251,697000,4749,4749,31.24421514,31.24421514,1,NA,NA,Terrestrial Insects,66,Order,Hymenoptera,Hymenoptera,Nymphs,0,0,0,NA,NA,NA,NA,NA,NA,NA,NA,NA,NA,NA   NA   NA   NA,NA   NA   NA   NA
SHR_2018-01-18 09:27:00,1/18/2018 9:27,SHR,2018,A,FALSE,FOG,NA,NA,11.2,0.7,144,196,7.39,9.97,17.9,10,Low,692251,697000,4749,4749,31.24421514,31.24421514,1,NA,NA,Terrestrial Insects,66,Order,Hymenoptera,Hymenoptera,Emergents,0,0,0,NA,NA,NA,NA,NA,NA,NA,NA,NA,NA,NA   NA   NA   NA,NA   NA   NA   NA
SHR_2018-01-18 09:27:00,1/18/2018 9:27,SHR,2018,A,FALSE,FOG,NA,NA,11.2,0.7,144,196,7.39,9.97,17.9,10,Low,692251,697000,4749,4749,31.24421514,31.24421514,1,NA,NA,Terrestrial Insects,66,Order,Hymenoptera,Hymenoptera,Adults,1,0.032,0.032,NA,NA,NA,NA,NA,NA,NA,NA,NA,NA,NA   NA   NA   NA,NA   NA   NA   NA
SHR_2018-01-18 09:27:00,1/18/2018 9:27,SHR,2018,A,FALSE,FOG,NA,NA,11.2,0.7,144,196,7.39,9.97,17.9,10,Low,692251,697000,4749,4749,31.24421514,31.24421514,1,NA,NA,Terrestrial Insects,66,Order,Hymenoptera,Hymenoptera,NotDetermined,0,0,0,NA,NA,NA,NA,NA,NA,NA,NA,NA,NA,NA   NA   NA   NA,NA   NA   NA   NA
SHR_2018-01-18 09:27:00,1/18/2018 9:27,SHR,2018,A,FALSE,FOG,NA,NA,11.2,0.7,144,196,7.39,9.97,17.9,10,Low,692251,697000,4749,4749,31.24421514,31.24421514,1,NA,NA,Terrestrial Insects,74,Order,Neuroptera,Neuroptera,Larvae,0,0,0,NA,NA,NA,NA,NA,NA,NA,NA,NA,NA,NA   NA   NA   NA,NA   NA   NA   NA
SHR_2018-01-18 09:27:00,1/18/2018 9:27,SHR,2018,A,FALSE,FOG,NA,NA,11.2,0.7,144,196,7.39,9.97,17.9,10,Low,692251,697000,4749,4749,31.24421514,31.24421514,1,NA,NA,Terrestrial Insects,74,Order,Neuroptera,Neuroptera,Pupae,0,0,0,NA,NA,NA,NA,NA,NA,NA,NA,NA,NA,NA   NA   NA   NA,NA   NA   NA   NA
SHR_2018-01-18 09:27:00,1/18/2018 9:27,SHR,2018,A,FALSE,FOG,NA,NA,11.2,0.7,144,196,7.39,9.97,17.9,10,Low,692251,697000,4749,4749,31.24421514,31.24421514,1,NA,NA,Terrestrial Insects,74,Order,Neuroptera,Neuroptera,Nymphs,0,0,0,NA,NA,NA,NA,NA,NA,NA,NA,NA,NA,NA   NA   NA   NA,NA   NA   NA   NA
SHR_2018-01-18 09:27:00,1/18/2018 9:27,SHR,2018,A,FALSE,FOG,NA,NA,11.2,0.7,144,196,7.39,9.97,17.9,10,Low,692251,697000,4749,4749,31.24421514,31.24421514,1,NA,NA,Terrestrial Insects,74,Order,Neuroptera,Neuroptera,Emergents,0,0,0,NA,NA,NA,NA,NA,NA,NA,NA,NA,NA,NA   NA   NA   NA,NA   NA   NA   NA
SHR_2018-01-18 09:27:00,1/18/2018 9:27,SHR,2018,A,FALSE,FOG,NA,NA,11.2,0.7,144,196,7.39,9.97,17.9,10,Low,692251,697000,4749,4749,31.24421514,31.24421514,1,NA,NA,Terrestrial Insects,74,Order,Neuroptera,Neuroptera,Adults,1,0.032,0.032,NA,NA,NA,NA,NA,NA,NA,NA,NA,NA,NA   NA   NA   NA,NA   NA   NA   NA
SHR_2018-01-18 09:27:00,1/18/2018 9:27,SHR,2018,A,FALSE,FOG,NA,NA,11.2,0.7,144,196,7.39,9.97,17.9,10,Low,692251,697000,4749,4749,31.24421514,31.24421514,1,NA,NA,Terrestrial Insects,74,Order,Neuroptera,Neuroptera,NotDetermined,0,0,0,NA,NA,NA,NA,NA,NA,NA,NA,NA,NA,NA   NA   NA   NA,NA   NA   NA   NA
STTD_2018-01-30 09:50:00,1/30/2018 9:50,STTD,2018,A,FALSE,FOG,NA,NA,10.3,0.33,478,665,7.77,8.86,26.2,10,Low,690602,693000,2398,2398,15.77671676,15.77671676,1,low tide - sampled from screw trap,NA,Aquatic Insects,34,Family,Chironomidae,Chironomidae,Larvae,5,0.317,0.317,NA,NA,NA,NA,NA,NA,NA,NA,NA,NA,NA   NA   NA   NA,NA   NA   NA   NA
STTD_2018-01-30 09:50:00,1/30/2018 9:50,STTD,2018,A,FALSE,FOG,NA,NA,10.3,0.33,478,665,7.77,8.86,26.2,10,Low,690602,693000,2398,2398,15.77671676,15.77671676,1,low tide - sampled from screw trap,NA,Aquatic Insects,34,Family,Chironomidae,Chironomidae,Pupae,1,0.063,0.063,NA,NA,NA,NA,NA,NA,NA,NA,NA,NA,NA   NA   NA   NA,NA   NA   NA   NA
STTD_2018-01-30 09:50:00,1/30/2018 9:50,STTD,2018,A,FALSE,FOG,NA,NA,10.3,0.33,478,665,7.77,8.86,26.2,10,Low,690602,693000,2398,2398,15.77671676,15.77671676,1,low tide - sampled from screw trap,NA,Aquatic Insects,34,Family,Chironomidae,Chironomidae,Nymphs,0,0,0,NA,NA,NA,NA,NA,NA,NA,NA,NA,NA,NA   NA   NA   NA,NA   NA   NA   NA
STTD_2018-01-30 09:50:00,1/30/2018 9:50,STTD,2018,A,FALSE,FOG,NA,NA,10.3,0.33,478,665,7.77,8.86,26.2,10,Low,690602,693000,2398,2398,15.77671676,15.77671676,1,low tide - sampled from screw trap,NA,Aquatic Insects,34,Family,Chironomidae,Chironomidae,Emergents,0,0,0,NA,NA,NA,NA,NA,NA,NA,NA,NA,NA,NA   NA   NA   NA,NA   NA   NA   NA
STTD_2018-01-30 09:50:00,1/30/2018 9:50,STTD,2018,A,FALSE,FOG,NA,NA,10.3,0.33,478,665,7.77,8.86,26.2,10,Low,690602,693000,2398,2398,15.77671676,15.77671676,1,low tide - sampled from screw trap,NA,Aquatic Insects,34,Family,Chironomidae,Chironomidae,Adults,13,0.824,0.824,NA,NA,NA,NA,NA,NA,NA,NA,NA,NA,NA   NA   NA   NA,NA   NA   NA   NA
STTD_2018-01-30 09:50:00,1/30/2018 9:50,STTD,2018,A,FALSE,FOG,NA,NA,10.3,0.33,478,665,7.77,8.86,26.2,10,Low,690602,693000,2398,2398,15.77671676,15.77671676,1,low tide - sampled from screw trap,NA,Aquatic Insects,34,Family,Chironomidae,Chironomidae,NotDetermined,0,0,0,NA,NA,NA,NA,NA,NA,NA,NA,NA,NA,NA   NA   NA   NA,NA   NA   NA   NA
STTD_2018-01-30 09:50:00,1/30/2018 9:50,STTD,2018,A,FALSE,FOG,NA,NA,10.3,0.33,478,665,7.77,8.86,26.2,10,Low,690602,693000,2398,2398,15.77671676,15.77671676,1,low tide - sampled from screw trap,NA,Aquatic Non-Insects,4,Family,Naididae,Naididae,Larvae,0,0,0,NA,NA,NA,NA,NA,NA,NA,NA,NA,NA,NA   NA   NA   NA,NA   NA   NA   NA
STTD_2018-01-30 09:50:00,1/30/2018 9:50,STTD,2018,A,FALSE,FOG,NA,NA,10.3,0.33,478,665,7.77,8.86,26.2,10,Low,690602,693000,2398,2398,15.77671676,15.77671676,1,low tide - sampled from screw trap,NA,Aquatic Non-Insects,4,Family,Naididae,Naididae,Pupae,0,0,0,NA,NA,NA,NA,NA,NA,NA,NA,NA,NA,NA   NA   NA   NA,NA   NA   NA   NA
STTD_2018-01-30 09:50:00,1/30/2018 9:50,STTD,2018,A,FALSE,FOG,NA,NA,10.3,0.33,478,665,7.77,8.86,26.2,10,Low,690602,693000,2398,2398,15.77671676,15.77671676,1,low tide - sampled from screw trap,NA,Aquatic Non-Insects,4,Family,Naididae,Naididae,Nymphs,0,0,0,NA,NA,NA,NA,NA,NA,NA,NA,NA,NA,NA   NA   NA   NA,NA   NA   NA   NA
STTD_2018-01-30 09:50:00,1/30/2018 9:50,STTD,2018,A,FALSE,FOG,NA,NA,10.3,0.33,478,665,7.77,8.86,26.2,10,Low,690602,693000,2398,2398,15.77671676,15.77671676,1,low tide - sampled from screw trap,NA,Aquatic Non-Insects,4,Family,Naididae,Naididae,Emergents,0,0,0,NA,NA,NA,NA,NA,NA,NA,NA,NA,NA,NA   NA   NA   NA,NA   NA   NA   NA
STTD_2018-01-30 09:50:00,1/30/2018 9:50,STTD,2018,A,FALSE,FOG,NA,NA,10.3,0.33,478,665,7.77,8.86,26.2,10,Low,690602,693000,2398,2398,15.77671676,15.77671676,1,low tide - sampled from screw trap,NA,Aquatic Non-Insects,4,Family,Naididae,Naididae,Adults,0,0,0,NA,NA,NA,NA,NA,NA,NA,NA,NA,NA,NA   NA   NA   NA,NA   NA   NA   NA
STTD_2018-01-30 09:50:00,1/30/2018 9:50,STTD,2018,A,FALSE,FOG,NA,NA,10.3,0.33,478,665,7.77,8.86,26.2,10,Low,690602,693000,2398,2398,15.77671676,15.77671676,1,low tide - sampled from screw trap,NA,Aquatic Non-Insects,4,Family,Naididae,Naididae,NotDetermined,1,0.063,0.063,NA,NA,NA,NA,NA,NA,NA,NA,NA,NA,NA   NA   NA   NA,NA   NA   NA   NA
STTD_2018-01-30 09:50:00,1/30/2018 9:50,STTD,2018,A,FALSE,FOG,NA,NA,10.3,0.33,478,665,7.77,8.86,26.2,10,Low,690602,693000,2398,2398,15.77671676,15.77671676,1,low tide - sampled from screw trap,NA,Aquatic Non-Insects,15,Family,Hyalellidae,Hyalellidae,Larvae,0,0,0,NA,NA,NA,NA,NA,NA,NA,NA,NA,NA,NA   NA   NA   NA,NA   NA   NA   NA
STTD_2018-01-30 09:50:00,1/30/2018 9:50,STTD,2018,A,FALSE,FOG,NA,NA,10.3,0.33,478,665,7.77,8.86,26.2,10,Low,690602,693000,2398,2398,15.77671676,15.77671676,1,low tide - sampled from screw trap,NA,Aquatic Non-Insects,15,Family,Hyalellidae,Hyalellidae,Pupae,0,0,0,NA,NA,NA,NA,NA,NA,NA,NA,NA,NA,NA   NA   NA   NA,NA   NA   NA   NA
STTD_2018-01-30 09:50:00,1/30/2018 9:50,STTD,2018,A,FALSE,FOG,NA,NA,10.3,0.33,478,665,7.77,8.86,26.2,10,Low,690602,693000,2398,2398,15.77671676,15.77671676,1,low tide - sampled from screw trap,NA,Aquatic Non-Insects,15,Family,Hyalellidae,Hyalellidae,Nymphs,0,0,0,NA,NA,NA,NA,NA,NA,NA,NA,NA,NA,NA   NA   NA   NA,NA   NA   NA   NA
STTD_2018-01-30 09:50:00,1/30/2018 9:50,STTD,2018,A,FALSE,FOG,NA,NA,10.3,0.33,478,665,7.77,8.86,26.2,10,Low,690602,693000,2398,2398,15.77671676,15.77671676,1,low tide - sampled from screw trap,NA,Aquatic Non-Insects,15,Family,Hyalellidae,Hyalellidae,Emergents,0,0,0,NA,NA,NA,NA,NA,NA,NA,NA,NA,NA,NA   NA   NA   NA,NA   NA   NA   NA
STTD_2018-01-30 09:50:00,1/30/2018 9:50,STTD,2018,A,FALSE,FOG,NA,NA,10.3,0.33,478,665,7.77,8.86,26.2,10,Low,690602,693000,2398,2398,15.77671676,15.77671676,1,low tide - sampled from screw trap,NA,Aquatic Non-Insects,15,Family,Hyalellidae,Hyalellidae,Adults,0,0,0,NA,NA,NA,NA,NA,NA,NA,NA,NA,NA,NA   NA   NA   NA,NA   NA   NA   NA
STTD_2018-01-30 09:50:00,1/30/2018 9:50,STTD,2018,A,FALSE,FOG,NA,NA,10.3,0.33,478,665,7.77,8.86,26.2,10,Low,690602,693000,2398,2398,15.77671676,15.77671676,1,low tide - sampled from screw trap,NA,Aquatic Non-Insects,15,Family,Hyalellidae,Hyalellidae,NotDetermined,1,0.063,0.063,NA,NA,NA,NA,NA,NA,NA,NA,NA,NA,NA   NA   NA   NA,NA   NA   NA   NA
STTD_2018-01-30 09:50:00,1/30/2018 9:50,STTD,2018,A,FALSE,FOG,NA,NA,10.3,0.33,478,665,7.77,8.86,26.2,10,Low,690602,693000,2398,2398,15.77671676,15.77671676,1,low tide - sampled from screw trap,NA,Aquatic Non-Insects,18,Family,Hydridae,Hydridae,Larvae,0,0,0,NA,NA,NA,NA,NA,NA,NA,NA,NA,NA,NA   NA   NA   NA,NA   NA   NA   NA
STTD_2018-01-30 09:50:00,1/30/2018 9:50,STTD,2018,A,FALSE,FOG,NA,NA,10.3,0.33,478,665,7.77,8.86,26.2,10,Low,690602,693000,2398,2398,15.77671676,15.77671676,1,low tide - sampled from screw trap,NA,Aquatic Non-Insects,18,Family,Hydridae,Hydridae,Pupae,0,0,0,NA,NA,NA,NA,NA,NA,NA,NA,NA,NA,NA   NA   NA   NA,NA   NA   NA   NA
STTD_2018-01-30 09:50:00,1/30/2018 9:50,STTD,2018,A,FALSE,FOG,NA,NA,10.3,0.33,478,665,7.77,8.86,26.2,10,Low,690602,693000,2398,2398,15.77671676,15.77671676,1,low tide - sampled from screw trap,NA,Aquatic Non-Insects,18,Family,Hydridae,Hydridae,Nymphs,0,0,0,NA,NA,NA,NA,NA,NA,NA,NA,NA,NA,NA   NA   NA   NA,NA   NA   NA   NA
STTD_2018-01-30 09:50:00,1/30/2018 9:50,STTD,2018,A,FALSE,FOG,NA,NA,10.3,0.33,478,665,7.77,8.86,26.2,10,Low,690602,693000,2398,2398,15.77671676,15.77671676,1,low tide - sampled from screw trap,NA,Aquatic Non-Insects,18,Family,Hydridae,Hydridae,Emergents,0,0,0,NA,NA,NA,NA,NA,NA,NA,NA,NA,NA,NA   NA   NA   NA,NA   NA   NA   NA
STTD_2018-01-30 09:50:00,1/30/2018 9:50,STTD,2018,A,FALSE,FOG,NA,NA,10.3,0.33,478,665,7.77,8.86,26.2,10,Low,690602,693000,2398,2398,15.77671676,15.77671676,1,low tide - sampled from screw trap,NA,Aquatic Non-Insects,18,Family,Hydridae,Hydridae,Adults,0,0,0,NA,NA,NA,NA,NA,NA,NA,NA,NA,NA,NA   NA   NA   NA,NA   NA   NA   NA
STTD_2018-01-30 09:50:00,1/30/2018 9:50,STTD,2018,A,FALSE,FOG,NA,NA,10.3,0.33,478,665,7.77,8.86,26.2,10,Low,690602,693000,2398,2398,15.77671676,15.77671676,1,low tide - sampled from screw trap,NA,Aquatic Non-Insects,18,Family,Hydridae,Hydridae,NotDetermined,1,0.063,0.063,NA,NA,NA,NA,NA,NA,NA,NA,NA,NA,NA   NA   NA   NA,NA   NA   NA   NA
STTD_2018-01-30 09:50:00,1/30/2018 9:50,STTD,2018,A,FALSE,FOG,NA,NA,10.3,0.33,478,665,7.77,8.86,26.2,10,Low,690602,693000,2398,2398,15.77671676,15.77671676,1,low tide - sampled from screw trap,NA,Aquatic Non-Insects,20,Family,Physidae,Physidae,Larvae,0,0,0,NA,NA,NA,NA,NA,NA,NA,NA,NA,NA,NA   NA   NA   NA,NA   NA   NA   NA
STTD_2018-01-30 09:50:00,1/30/2018 9:50,STTD,2018,A,FALSE,FOG,NA,NA,10.3,0.33,478,665,7.77,8.86,26.2,10,Low,690602,693000,2398,2398,15.77671676,15.77671676,1,low tide - sampled from screw trap,NA,Aquatic Non-Insects,20,Family,Physidae,Physidae,Pupae,0,0,0,NA,NA,NA,NA,NA,NA,NA,NA,NA,NA,NA   NA   NA   NA,NA   NA   NA   NA
STTD_2018-01-30 09:50:00,1/30/2018 9:50,STTD,2018,A,FALSE,FOG,NA,NA,10.3,0.33,478,665,7.77,8.86,26.2,10,Low,690602,693000,2398,2398,15.77671676,15.77671676,1,low tide - sampled from screw trap,NA,Aquatic Non-Insects,20,Family,Physidae,Physidae,Nymphs,0,0,0,NA,NA,NA,NA,NA,NA,NA,NA,NA,NA,NA   NA   NA   NA,NA   NA   NA   NA
STTD_2018-01-30 09:50:00,1/30/2018 9:50,STTD,2018,A,FALSE,FOG,NA,NA,10.3,0.33,478,665,7.77,8.86,26.2,10,Low,690602,693000,2398,2398,15.77671676,15.77671676,1,low tide - sampled from screw trap,NA,Aquatic Non-Insects,20,Family,Physidae,Physidae,Emergents,0,0,0,NA,NA,NA,NA,NA,NA,NA,NA,NA,NA,NA   NA   NA   NA,NA   NA   NA   NA
STTD_2018-01-30 09:50:00,1/30/2018 9:50,STTD,2018,A,FALSE,FOG,NA,NA,10.3,0.33,478,665,7.77,8.86,26.2,10,Low,690602,693000,2398,2398,15.77671676,15.77671676,1,low tide - sampled from screw trap,NA,Aquatic Non-Insects,20,Family,Physidae,Physidae,Adults,0,0,0,NA,NA,NA,NA,NA,NA,NA,NA,NA,NA,NA   NA   NA   NA,NA   NA   NA   NA
STTD_2018-01-30 09:50:00,1/30/2018 9:50,STTD,2018,A,FALSE,FOG,NA,NA,10.3,0.33,478,665,7.77,8.86,26.2,10,Low,690602,693000,2398,2398,15.77671676,15.77671676,1,low tide - sampled from screw trap,NA,Aquatic Non-Insects,20,Family,Physidae,Physidae,NotDetermined,2,0.127,0.127,NA,NA,NA,NA,NA,NA,NA,NA,NA,NA,NA   NA   NA   NA,NA   NA   NA   NA
STTD_2018-01-30 09:50:00,1/30/2018 9:50,STTD,2018,A,FALSE,FOG,NA,NA,10.3,0.33,478,665,7.77,8.86,26.2,10,Low,690602,693000,2398,2398,15.77671676,15.77671676,1,low tide - sampled from screw trap,NA,Aquatic Non-Insects,21,Family,Planorbidae,Planorbidae,Larvae,0,0,0,NA,NA,NA,NA,NA,NA,NA,NA,NA,NA,NA   NA   NA   NA,NA   NA   NA   NA
STTD_2018-01-30 09:50:00,1/30/2018 9:50,STTD,2018,A,FALSE,FOG,NA,NA,10.3,0.33,478,665,7.77,8.86,26.2,10,Low,690602,693000,2398,2398,15.77671676,15.77671676,1,low tide - sampled from screw trap,NA,Aquatic Non-Insects,21,Family,Planorbidae,Planorbidae,Pupae,0,0,0,NA,NA,NA,NA,NA,NA,NA,NA,NA,NA,NA   NA   NA   NA,NA   NA   NA   NA
STTD_2018-01-30 09:50:00,1/30/2018 9:50,STTD,2018,A,FALSE,FOG,NA,NA,10.3,0.33,478,665,7.77,8.86,26.2,10,Low,690602,693000,2398,2398,15.77671676,15.77671676,1,low tide - sampled from screw trap,NA,Aquatic Non-Insects,21,Family,Planorbidae,Planorbidae,Nymphs,0,0,0,NA,NA,NA,NA,NA,NA,NA,NA,NA,NA,NA   NA   NA   NA,NA   NA   NA   NA
STTD_2018-01-30 09:50:00,1/30/2018 9:50,STTD,2018,A,FALSE,FOG,NA,NA,10.3,0.33,478,665,7.77,8.86,26.2,10,Low,690602,693000,2398,2398,15.77671676,15.77671676,1,low tide - sampled from screw trap,NA,Aquatic Non-Insects,21,Family,Planorbidae,Planorbidae,Emergents,0,0,0,NA,NA,NA,NA,NA,NA,NA,NA,NA,NA,NA   NA   NA   NA,NA   NA   NA   NA
STTD_2018-01-30 09:50:00,1/30/2018 9:50,STTD,2018,A,FALSE,FOG,NA,NA,10.3,0.33,478,665,7.77,8.86,26.2,10,Low,690602,693000,2398,2398,15.77671676,15.77671676,1,low tide - sampled from screw trap,NA,Aquatic Non-Insects,21,Family,Planorbidae,Planorbidae,Adults,0,0,0,NA,NA,NA,NA,NA,NA,NA,NA,NA,NA,NA   NA   NA   NA,NA   NA   NA   NA
STTD_2018-01-30 09:50:00,1/30/2018 9:50,STTD,2018,A,FALSE,FOG,NA,NA,10.3,0.33,478,665,7.77,8.86,26.2,10,Low,690602,693000,2398,2398,15.77671676,15.77671676,1,low tide - sampled from screw trap,NA,Aquatic Non-Insects,21,Family,Planorbidae,Planorbidae,NotDetermined,3,0.19,0.19,NA,NA,NA,NA,NA,NA,NA,NA,NA,NA,NA   NA   NA   NA,NA   NA   NA   NA
STTD_2018-01-30 09:50:00,1/30/2018 9:50,STTD,2018,A,FALSE,FOG,NA,NA,10.3,0.33,478,665,7.77,8.86,26.2,10,Low,690602,693000,2398,2398,15.77671676,15.77671676,1,low tide - sampled from screw trap,NA,Terrestrial Insects,63,Order,Coleoptera,Coleoptera,Larvae,0,0,0,NA,NA,NA,NA,NA,NA,NA,NA,NA,NA,NA   NA   NA   NA,NA   NA   NA   NA
STTD_2018-01-30 09:50:00,1/30/2018 9:50,STTD,2018,A,FALSE,FOG,NA,NA,10.3,0.33,478,665,7.77,8.86,26.2,10,Low,690602,693000,2398,2398,15.77671676,15.77671676,1,low tide - sampled from screw trap,NA,Terrestrial Insects,63,Order,Coleoptera,Coleoptera,Pupae,0,0,0,NA,NA,NA,NA,NA,NA,NA,NA,NA,NA,NA   NA   NA   NA,NA   NA   NA   NA
STTD_2018-01-30 09:50:00,1/30/2018 9:50,STTD,2018,A,FALSE,FOG,NA,NA,10.3,0.33,478,665,7.77,8.86,26.2,10,Low,690602,693000,2398,2398,15.77671676,15.77671676,1,low tide - sampled from screw trap,NA,Terrestrial Insects,63,Order,Coleoptera,Coleoptera,Nymphs,0,0,0,NA,NA,NA,NA,NA,NA,NA,NA,NA,NA,NA   NA   NA   NA,NA   NA   NA   NA
STTD_2018-01-30 09:50:00,1/30/2018 9:50,STTD,2018,A,FALSE,FOG,NA,NA,10.3,0.33,478,665,7.77,8.86,26.2,10,Low,690602,693000,2398,2398,15.77671676,15.77671676,1,low tide - sampled from screw trap,NA,Terrestrial Insects,63,Order,Coleoptera,Coleoptera,Emergents,0,0,0,NA,NA,NA,NA,NA,NA,NA,NA,NA,NA,NA   NA   NA   NA,NA   NA   NA   NA
STTD_2018-01-30 09:50:00,1/30/2018 9:50,STTD,2018,A,FALSE,FOG,NA,NA,10.3,0.33,478,665,7.77,8.86,26.2,10,Low,690602,693000,2398,2398,15.77671676,15.77671676,1,low tide - sampled from screw trap,NA,Terrestrial Insects,63,Order,Coleoptera,Coleoptera,Adults,4,0.254,0.254,NA,NA,NA,NA,NA,NA,NA,NA,NA,NA,NA   NA   NA   NA,NA   NA   NA   NA
STTD_2018-01-30 09:50:00,1/30/2018 9:50,STTD,2018,A,FALSE,FOG,NA,NA,10.3,0.33,478,665,7.77,8.86,26.2,10,Low,690602,693000,2398,2398,15.77671676,15.77671676,1,low tide - sampled from screw trap,NA,Terrestrial Insects,63,Order,Coleoptera,Coleoptera,NotDetermined,0,0,0,NA,NA,NA,NA,NA,NA,NA,NA,NA,NA,NA   NA   NA   NA,NA   NA   NA   NA
STTD_2018-01-30 09:50:00,1/30/2018 9:50,STTD,2018,A,FALSE,FOG,NA,NA,10.3,0.33,478,665,7.77,8.86,26.2,10,Low,690602,693000,2398,2398,15.77671676,15.77671676,1,low tide - sampled from screw trap,NA,Terrestrial Insects,64,Order,Diptera,Diptera,Larvae,0,0,0,NA,NA,NA,NA,NA,NA,NA,NA,NA,NA,NA   NA   NA   NA,NA   NA   NA   NA
STTD_2018-01-30 09:50:00,1/30/2018 9:50,STTD,2018,A,FALSE,FOG,NA,NA,10.3,0.33,478,665,7.77,8.86,26.2,10,Low,690602,693000,2398,2398,15.77671676,15.77671676,1,low tide - sampled from screw trap,NA,Terrestrial Insects,64,Order,Diptera,Diptera,Pupae,0,0,0,NA,NA,NA,NA,NA,NA,NA,NA,NA,NA,NA   NA   NA   NA,NA   NA   NA   NA
STTD_2018-01-30 09:50:00,1/30/2018 9:50,STTD,2018,A,FALSE,FOG,NA,NA,10.3,0.33,478,665,7.77,8.86,26.2,10,Low,690602,693000,2398,2398,15.77671676,15.77671676,1,low tide - sampled from screw trap,NA,Terrestrial Insects,64,Order,Diptera,Diptera,Nymphs,0,0,0,NA,NA,NA,NA,NA,NA,NA,NA,NA,NA,NA   NA   NA   NA,NA   NA   NA   NA
STTD_2018-01-30 09:50:00,1/30/2018 9:50,STTD,2018,A,FALSE,FOG,NA,NA,10.3,0.33,478,665,7.77,8.86,26.2,10,Low,690602,693000,2398,2398,15.77671676,15.77671676,1,low tide - sampled from screw trap,NA,Terrestrial Insects,64,Order,Diptera,Diptera,Emergents,0,0,0,NA,NA,NA,NA,NA,NA,NA,NA,NA,NA,NA   NA   NA   NA,NA   NA   NA   NA
STTD_2018-01-30 09:50:00,1/30/2018 9:50,STTD,2018,A,FALSE,FOG,NA,NA,10.3,0.33,478,665,7.77,8.86,26.2,10,Low,690602,693000,2398,2398,15.77671676,15.77671676,1,low tide - sampled from screw trap,NA,Terrestrial Insects,64,Order,Diptera,Diptera,Adults,1,0.063,0.063,NA,NA,NA,NA,NA,NA,NA,NA,NA,NA,NA   NA   NA   NA,NA   NA   NA   NA
STTD_2018-01-30 09:50:00,1/30/2018 9:50,STTD,2018,A,FALSE,FOG,NA,NA,10.3,0.33,478,665,7.77,8.86,26.2,10,Low,690602,693000,2398,2398,15.77671676,15.77671676,1,low tide - sampled from screw trap,NA,Terrestrial Insects,64,Order,Diptera,Diptera,NotDetermined,0,0,0,NA,NA,NA,NA,NA,NA,NA,NA,NA,NA,NA   NA   NA   NA,NA   NA   NA   NA
STTD_2018-01-30 09:50:00,1/30/2018 9:50,STTD,2018,A,FALSE,FOG,NA,NA,10.3,0.33,478,665,7.77,8.86,26.2,10,Low,690602,693000,2398,2398,15.77671676,15.77671676,1,low tide - sampled from screw trap,NA,Terrestrial Insects,67,Order,Psocoptera,Psocoptera,Larvae,1,0.063,0.063,NA,NA,NA,NA,NA,NA,NA,NA,NA,NA,NA   NA   NA   NA,NA   NA   NA   NA
STTD_2018-01-30 09:50:00,1/30/2018 9:50,STTD,2018,A,FALSE,FOG,NA,NA,10.3,0.33,478,665,7.77,8.86,26.2,10,Low,690602,693000,2398,2398,15.77671676,15.77671676,1,low tide - sampled from screw trap,NA,Terrestrial Insects,67,Order,Psocoptera,Psocoptera,Pupae,0,0,0,NA,NA,NA,NA,NA,NA,NA,NA,NA,NA,NA   NA   NA   NA,NA   NA   NA   NA
STTD_2018-01-30 09:50:00,1/30/2018 9:50,STTD,2018,A,FALSE,FOG,NA,NA,10.3,0.33,478,665,7.77,8.86,26.2,10,Low,690602,693000,2398,2398,15.77671676,15.77671676,1,low tide - sampled from screw trap,NA,Terrestrial Insects,67,Order,Psocoptera,Psocoptera,Nymphs,0,0,0,NA,NA,NA,NA,NA,NA,NA,NA,NA,NA,NA   NA   NA   NA,NA   NA   NA   NA
STTD_2018-01-30 09:50:00,1/30/2018 9:50,STTD,2018,A,FALSE,FOG,NA,NA,10.3,0.33,478,665,7.77,8.86,26.2,10,Low,690602,693000,2398,2398,15.77671676,15.77671676,1,low tide - sampled from screw trap,NA,Terrestrial Insects,67,Order,Psocoptera,Psocoptera,Emergents,0,0,0,NA,NA,NA,NA,NA,NA,NA,NA,NA,NA,NA   NA   NA   NA,NA   NA   NA   NA
STTD_2018-01-30 09:50:00,1/30/2018 9:50,STTD,2018,A,FALSE,FOG,NA,NA,10.3,0.33,478,665,7.77,8.86,26.2,10,Low,690602,693000,2398,2398,15.77671676,15.77671676,1,low tide - sampled from screw trap,NA,Terrestrial Insects,67,Order,Psocoptera,Psocoptera,Adults,0,0,0,NA,NA,NA,NA,NA,NA,NA,NA,NA,NA,NA   NA   NA   NA,NA   NA   NA   NA
STTD_2018-01-30 09:50:00,1/30/2018 9:50,STTD,2018,A,FALSE,FOG,NA,NA,10.3,0.33,478,665,7.77,8.86,26.2,10,Low,690602,693000,2398,2398,15.77671676,15.77671676,1,low tide - sampled from screw trap,NA,Terrestrial Insects,67,Order,Psocoptera,Psocoptera,NotDetermined,0,0,0,NA,NA,NA,NA,NA,NA,NA,NA,NA,NA,NA   NA   NA   NA,NA   NA   NA   NA
SHR_2018-01-31 10:11:00,1/31/2018 10:11,SHR,2018,A,FALSE,CLR,NA,NA,10,0.5,121,169,7.67,10.81,15.1,10,Low,684407,690000,5593,5593,36.79698784,36.79698784,1,NA,NA,Aquatic Insects,34,Family,Chironomidae,Chironomidae,Larvae,0,0,0,NA,NA,NA,NA,NA,NA,NA,NA,NA,NA,NA   NA   NA   NA,NA   NA   NA   NA
SHR_2018-01-31 10:11:00,1/31/2018 10:11,SHR,2018,A,FALSE,CLR,NA,NA,10,0.5,121,169,7.67,10.81,15.1,10,Low,684407,690000,5593,5593,36.79698784,36.79698784,1,NA,NA,Aquatic Insects,34,Family,Chironomidae,Chironomidae,Pupae,0,0,0,NA,NA,NA,NA,NA,NA,NA,NA,NA,NA,NA   NA   NA   NA,NA   NA   NA   NA
SHR_2018-01-31 10:11:00,1/31/2018 10:11,SHR,2018,A,FALSE,CLR,NA,NA,10,0.5,121,169,7.67,10.81,15.1,10,Low,684407,690000,5593,5593,36.79698784,36.79698784,1,NA,NA,Aquatic Insects,34,Family,Chironomidae,Chironomidae,Nymphs,0,0,0,NA,NA,NA,NA,NA,NA,NA,NA,NA,NA,NA   NA   NA   NA,NA   NA   NA   NA
SHR_2018-01-31 10:11:00,1/31/2018 10:11,SHR,2018,A,FALSE,CLR,NA,NA,10,0.5,121,169,7.67,10.81,15.1,10,Low,684407,690000,5593,5593,36.79698784,36.79698784,1,NA,NA,Aquatic Insects,34,Family,Chironomidae,Chironomidae,Emergents,0,0,0,NA,NA,NA,NA,NA,NA,NA,NA,NA,NA,NA   NA   NA   NA,NA   NA   NA   NA
SHR_2018-01-31 10:11:00,1/31/2018 10:11,SHR,2018,A,FALSE,CLR,NA,NA,10,0.5,121,169,7.67,10.81,15.1,10,Low,684407,690000,5593,5593,36.79698784,36.79698784,1,NA,NA,Aquatic Insects,34,Family,Chironomidae,Chironomidae,Adults,4,0.109,0.109,NA,NA,NA,NA,NA,NA,NA,NA,NA,NA,NA   NA   NA   NA,NA   NA   NA   NA
SHR_2018-01-31 10:11:00,1/31/2018 10:11,SHR,2018,A,FALSE,CLR,NA,NA,10,0.5,121,169,7.67,10.81,15.1,10,Low,684407,690000,5593,5593,36.79698784,36.79698784,1,NA,NA,Aquatic Insects,34,Family,Chironomidae,Chironomidae,NotDetermined,0,0,0,NA,NA,NA,NA,NA,NA,NA,NA,NA,NA,NA   NA   NA   NA,NA   NA   NA   NA
SHR_2018-01-31 10:11:00,1/31/2018 10:11,SHR,2018,A,FALSE,CLR,NA,NA,10,0.5,121,169,7.67,10.81,15.1,10,Low,684407,690000,5593,5593,36.79698784,36.79698784,1,NA,NA,Aquatic Non-Insects,28,Family,Lebertiidae,Lebertiidae,Larvae,0,0,0,NA,NA,NA,NA,NA,NA,NA,NA,NA,NA,NA   NA   NA   NA,NA   NA   NA   NA
SHR_2018-01-31 10:11:00,1/31/2018 10:11,SHR,2018,A,FALSE,CLR,NA,NA,10,0.5,121,169,7.67,10.81,15.1,10,Low,684407,690000,5593,5593,36.79698784,36.79698784,1,NA,NA,Aquatic Non-Insects,120,Family,Lebertiidae,Lebertiidae,Larvae,0,0,0,NA,NA,NA,NA,NA,NA,NA,NA,NA,NA,NA   NA   NA   NA,NA   NA   NA   NA
SHR_2018-01-31 10:11:00,1/31/2018 10:11,SHR,2018,A,FALSE,CLR,NA,NA,10,0.5,121,169,7.67,10.81,15.1,10,Low,684407,690000,5593,5593,36.79698784,36.79698784,1,NA,NA,Aquatic Non-Insects,28,Family,Lebertiidae,Lebertiidae,Pupae,0,0,0,NA,NA,NA,NA,NA,NA,NA,NA,NA,NA,NA   NA   NA   NA,NA   NA   NA   NA
SHR_2018-01-31 10:11:00,1/31/2018 10:11,SHR,2018,A,FALSE,CLR,NA,NA,10,0.5,121,169,7.67,10.81,15.1,10,Low,684407,690000,5593,5593,36.79698784,36.79698784,1,NA,NA,Aquatic Non-Insects,120,Family,Lebertiidae,Lebertiidae,Pupae,0,0,0,NA,NA,NA,NA,NA,NA,NA,NA,NA,NA,NA   NA   NA   NA,NA   NA   NA   NA
SHR_2018-01-31 10:11:00,1/31/2018 10:11,SHR,2018,A,FALSE,CLR,NA,NA,10,0.5,121,169,7.67,10.81,15.1,10,Low,684407,690000,5593,5593,36.79698784,36.79698784,1,NA,NA,Aquatic Non-Insects,28,Family,Lebertiidae,Lebertiidae,Nymphs,0,0,0,NA,NA,NA,NA,NA,NA,NA,NA,NA,NA,NA   NA   NA   NA,NA   NA   NA   NA
SHR_2018-01-31 10:11:00,1/31/2018 10:11,SHR,2018,A,FALSE,CLR,NA,NA,10,0.5,121,169,7.67,10.81,15.1,10,Low,684407,690000,5593,5593,36.79698784,36.79698784,1,NA,NA,Aquatic Non-Insects,120,Family,Lebertiidae,Lebertiidae,Nymphs,0,0,0,NA,NA,NA,NA,NA,NA,NA,NA,NA,NA,NA   NA   NA   NA,NA   NA   NA   NA
SHR_2018-01-31 10:11:00,1/31/2018 10:11,SHR,2018,A,FALSE,CLR,NA,NA,10,0.5,121,169,7.67,10.81,15.1,10,Low,684407,690000,5593,5593,36.79698784,36.79698784,1,NA,NA,Aquatic Non-Insects,28,Family,Lebertiidae,Lebertiidae,Emergents,0,0,0,NA,NA,NA,NA,NA,NA,NA,NA,NA,NA,NA   NA   NA   NA,NA   NA   NA   NA
SHR_2018-01-31 10:11:00,1/31/2018 10:11,SHR,2018,A,FALSE,CLR,NA,NA,10,0.5,121,169,7.67,10.81,15.1,10,Low,684407,690000,5593,5593,36.79698784,36.79698784,1,NA,NA,Aquatic Non-Insects,120,Family,Lebertiidae,Lebertiidae,Emergents,0,0,0,NA,NA,NA,NA,NA,NA,NA,NA,NA,NA,NA   NA   NA   NA,NA   NA   NA   NA
SHR_2018-01-31 10:11:00,1/31/2018 10:11,SHR,2018,A,FALSE,CLR,NA,NA,10,0.5,121,169,7.67,10.81,15.1,10,Low,684407,690000,5593,5593,36.79698784,36.79698784,1,NA,NA,Aquatic Non-Insects,28,Family,Lebertiidae,Lebertiidae,Adults,0,0,0,NA,NA,NA,NA,NA,NA,NA,NA,NA,NA,NA   NA   NA   NA,NA   NA   NA   NA
SHR_2018-01-31 10:11:00,1/31/2018 10:11,SHR,2018,A,FALSE,CLR,NA,NA,10,0.5,121,169,7.67,10.81,15.1,10,Low,684407,690000,5593,5593,36.79698784,36.79698784,1,NA,NA,Aquatic Non-Insects,120,Family,Lebertiidae,Lebertiidae,Adults,0,0,0,NA,NA,NA,NA,NA,NA,NA,NA,NA,NA,NA   NA   NA   NA,NA   NA   NA   NA
SHR_2018-01-31 10:11:00,1/31/2018 10:11,SHR,2018,A,FALSE,CLR,NA,NA,10,0.5,121,169,7.67,10.81,15.1,10,Low,684407,690000,5593,5593,36.79698784,36.79698784,1,NA,NA,Aquatic Non-Insects,28,Family,Lebertiidae,Lebertiidae,NotDetermined,2,0.054,0.054,NA,NA,NA,NA,NA,NA,NA,NA,NA,NA,NA   NA   NA   NA,NA   NA   NA   NA
SHR_2018-01-31 10:11:00,1/31/2018 10:11,SHR,2018,A,FALSE,CLR,NA,NA,10,0.5,121,169,7.67,10.81,15.1,10,Low,684407,690000,5593,5593,36.79698784,36.79698784,1,NA,NA,Aquatic Non-Insects,120,Family,Lebertiidae,Lebertiidae,NotDetermined,2,0.054,0.054,NA,NA,NA,NA,NA,NA,NA,NA,NA,NA,NA   NA   NA   NA,NA   NA   NA   NA
SHR_2018-01-31 10:11:00,1/31/2018 10:11,SHR,2018,A,FALSE,CLR,NA,NA,10,0.5,121,169,7.67,10.81,15.1,10,Low,684407,690000,5593,5593,36.79698784,36.79698784,1,NA,NA,Aquatic Non-Insects,15,Family,Hyalellidae,Hyalellidae,Larvae,0,0,0,NA,NA,NA,NA,NA,NA,NA,NA,NA,NA,NA   NA   NA   NA,NA   NA   NA   NA
SHR_2018-01-31 10:11:00,1/31/2018 10:11,SHR,2018,A,FALSE,CLR,NA,NA,10,0.5,121,169,7.67,10.81,15.1,10,Low,684407,690000,5593,5593,36.79698784,36.79698784,1,NA,NA,Aquatic Non-Insects,15,Family,Hyalellidae,Hyalellidae,Pupae,0,0,0,NA,NA,NA,NA,NA,NA,NA,NA,NA,NA,NA   NA   NA   NA,NA   NA   NA   NA
SHR_2018-01-31 10:11:00,1/31/2018 10:11,SHR,2018,A,FALSE,CLR,NA,NA,10,0.5,121,169,7.67,10.81,15.1,10,Low,684407,690000,5593,5593,36.79698784,36.79698784,1,NA,NA,Aquatic Non-Insects,15,Family,Hyalellidae,Hyalellidae,Nymphs,0,0,0,NA,NA,NA,NA,NA,NA,NA,NA,NA,NA,NA   NA   NA   NA,NA   NA   NA   NA
SHR_2018-01-31 10:11:00,1/31/2018 10:11,SHR,2018,A,FALSE,CLR,NA,NA,10,0.5,121,169,7.67,10.81,15.1,10,Low,684407,690000,5593,5593,36.79698784,36.79698784,1,NA,NA,Aquatic Non-Insects,15,Family,Hyalellidae,Hyalellidae,Emergents,0,0,0,NA,NA,NA,NA,NA,NA,NA,NA,NA,NA,NA   NA   NA   NA,NA   NA   NA   NA
SHR_2018-01-31 10:11:00,1/31/2018 10:11,SHR,2018,A,FALSE,CLR,NA,NA,10,0.5,121,169,7.67,10.81,15.1,10,Low,684407,690000,5593,5593,36.79698784,36.79698784,1,NA,NA,Aquatic Non-Insects,15,Family,Hyalellidae,Hyalellidae,Adults,0,0,0,NA,NA,NA,NA,NA,NA,NA,NA,NA,NA,NA   NA   NA   NA,NA   NA   NA   NA
SHR_2018-01-31 10:11:00,1/31/2018 10:11,SHR,2018,A,FALSE,CLR,NA,NA,10,0.5,121,169,7.67,10.81,15.1,10,Low,684407,690000,5593,5593,36.79698784,36.79698784,1,NA,NA,Aquatic Non-Insects,15,Family,Hyalellidae,Hyalellidae,NotDetermined,1,0.027,0.027,NA,NA,NA,NA,NA,NA,NA,NA,NA,NA,NA   NA   NA   NA,NA   NA   NA   NA
SHR_2018-01-31 10:11:00,1/31/2018 10:11,SHR,2018,A,FALSE,CLR,NA,NA,10,0.5,121,169,7.67,10.81,15.1,10,Low,684407,690000,5593,5593,36.79698784,36.79698784,1,NA,NA,Aquatic Non-Insects,18,Family,Hydridae,Hydridae,Larvae,0,0,0,NA,NA,NA,NA,NA,NA,NA,NA,NA,NA,NA   NA   NA   NA,NA   NA   NA   NA
SHR_2018-01-31 10:11:00,1/31/2018 10:11,SHR,2018,A,FALSE,CLR,NA,NA,10,0.5,121,169,7.67,10.81,15.1,10,Low,684407,690000,5593,5593,36.79698784,36.79698784,1,NA,NA,Aquatic Non-Insects,18,Family,Hydridae,Hydridae,Pupae,0,0,0,NA,NA,NA,NA,NA,NA,NA,NA,NA,NA,NA   NA   NA   NA,NA   NA   NA   NA
SHR_2018-01-31 10:11:00,1/31/2018 10:11,SHR,2018,A,FALSE,CLR,NA,NA,10,0.5,121,169,7.67,10.81,15.1,10,Low,684407,690000,5593,5593,36.79698784,36.79698784,1,NA,NA,Aquatic Non-Insects,18,Family,Hydridae,Hydridae,Nymphs,0,0,0,NA,NA,NA,NA,NA,NA,NA,NA,NA,NA,NA   NA   NA   NA,NA   NA   NA   NA
SHR_2018-01-31 10:11:00,1/31/2018 10:11,SHR,2018,A,FALSE,CLR,NA,NA,10,0.5,121,169,7.67,10.81,15.1,10,Low,684407,690000,5593,5593,36.79698784,36.79698784,1,NA,NA,Aquatic Non-Insects,18,Family,Hydridae,Hydridae,Emergents,0,0,0,NA,NA,NA,NA,NA,NA,NA,NA,NA,NA,NA   NA   NA   NA,NA   NA   NA   NA
SHR_2018-01-31 10:11:00,1/31/2018 10:11,SHR,2018,A,FALSE,CLR,NA,NA,10,0.5,121,169,7.67,10.81,15.1,10,Low,684407,690000,5593,5593,36.79698784,36.79698784,1,NA,NA,Aquatic Non-Insects,18,Family,Hydridae,Hydridae,Adults,0,0,0,NA,NA,NA,NA,NA,NA,NA,NA,NA,NA,NA   NA   NA   NA,NA   NA   NA   NA
SHR_2018-01-31 10:11:00,1/31/2018 10:11,SHR,2018,A,FALSE,CLR,NA,NA,10,0.5,121,169,7.67,10.81,15.1,10,Low,684407,690000,5593,5593,36.79698784,36.79698784,1,NA,NA,Aquatic Non-Insects,18,Family,Hydridae,Hydridae,NotDetermined,4,0.109,0.109,NA,NA,NA,NA,NA,NA,NA,NA,NA,NA,NA   NA   NA   NA,NA   NA   NA   NA
SHR_2018-01-31 10:11:00,1/31/2018 10:11,SHR,2018,A,FALSE,CLR,NA,NA,10,0.5,121,169,7.67,10.81,15.1,10,Low,684407,690000,5593,5593,36.79698784,36.79698784,1,NA,NA,Aquatic Non-Insects,19,Family,Corbiculidae,Corbiculidae,Larvae,0,0,0,NA,NA,NA,NA,NA,NA,NA,NA,NA,NA,NA   NA   NA   NA,NA   NA   NA   NA
SHR_2018-01-31 10:11:00,1/31/2018 10:11,SHR,2018,A,FALSE,CLR,NA,NA,10,0.5,121,169,7.67,10.81,15.1,10,Low,684407,690000,5593,5593,36.79698784,36.79698784,1,NA,NA,Aquatic Non-Insects,19,Family,Corbiculidae,Corbiculidae,Pupae,0,0,0,NA,NA,NA,NA,NA,NA,NA,NA,NA,NA,NA   NA   NA   NA,NA   NA   NA   NA
SHR_2018-01-31 10:11:00,1/31/2018 10:11,SHR,2018,A,FALSE,CLR,NA,NA,10,0.5,121,169,7.67,10.81,15.1,10,Low,684407,690000,5593,5593,36.79698784,36.79698784,1,NA,NA,Aquatic Non-Insects,19,Family,Corbiculidae,Corbiculidae,Nymphs,0,0,0,NA,NA,NA,NA,NA,NA,NA,NA,NA,NA,NA   NA   NA   NA,NA   NA   NA   NA
SHR_2018-01-31 10:11:00,1/31/2018 10:11,SHR,2018,A,FALSE,CLR,NA,NA,10,0.5,121,169,7.67,10.81,15.1,10,Low,684407,690000,5593,5593,36.79698784,36.79698784,1,NA,NA,Aquatic Non-Insects,19,Family,Corbiculidae,Corbiculidae,Emergents,0,0,0,NA,NA,NA,NA,NA,NA,NA,NA,NA,NA,NA   NA   NA   NA,NA   NA   NA   NA
SHR_2018-01-31 10:11:00,1/31/2018 10:11,SHR,2018,A,FALSE,CLR,NA,NA,10,0.5,121,169,7.67,10.81,15.1,10,Low,684407,690000,5593,5593,36.79698784,36.79698784,1,NA,NA,Aquatic Non-Insects,19,Family,Corbiculidae,Corbiculidae,Adults,0,0,0,NA,NA,NA,NA,NA,NA,NA,NA,NA,NA,NA   NA   NA   NA,NA   NA   NA   NA
SHR_2018-01-31 10:11:00,1/31/2018 10:11,SHR,2018,A,FALSE,CLR,NA,NA,10,0.5,121,169,7.67,10.81,15.1,10,Low,684407,690000,5593,5593,36.79698784,36.79698784,1,NA,NA,Aquatic Non-Insects,19,Family,Corbiculidae,Corbiculidae,NotDetermined,1,0.027,0.027,NA,NA,NA,NA,NA,NA,NA,NA,NA,NA,NA   NA   NA   NA,NA   NA   NA   NA
SHR_2018-01-31 10:11:00,1/31/2018 10:11,SHR,2018,A,FALSE,CLR,NA,NA,10,0.5,121,169,7.67,10.81,15.1,10,Low,684407,690000,5593,5593,36.79698784,36.79698784,1,NA,NA,Terrestrial Insects,63,Order,Coleoptera,Coleoptera,Larvae,0,0,0,NA,NA,NA,NA,NA,NA,NA,NA,NA,NA,NA   NA   NA   NA,NA   NA   NA   NA
SHR_2018-01-31 10:11:00,1/31/2018 10:11,SHR,2018,A,FALSE,CLR,NA,NA,10,0.5,121,169,7.67,10.81,15.1,10,Low,684407,690000,5593,5593,36.79698784,36.79698784,1,NA,NA,Terrestrial Insects,63,Order,Coleoptera,Coleoptera,Pupae,0,0,0,NA,NA,NA,NA,NA,NA,NA,NA,NA,NA,NA   NA   NA   NA,NA   NA   NA   NA
SHR_2018-01-31 10:11:00,1/31/2018 10:11,SHR,2018,A,FALSE,CLR,NA,NA,10,0.5,121,169,7.67,10.81,15.1,10,Low,684407,690000,5593,5593,36.79698784,36.79698784,1,NA,NA,Terrestrial Insects,63,Order,Coleoptera,Coleoptera,Nymphs,0,0,0,NA,NA,NA,NA,NA,NA,NA,NA,NA,NA,NA   NA   NA   NA,NA   NA   NA   NA
SHR_2018-01-31 10:11:00,1/31/2018 10:11,SHR,2018,A,FALSE,CLR,NA,NA,10,0.5,121,169,7.67,10.81,15.1,10,Low,684407,690000,5593,5593,36.79698784,36.79698784,1,NA,NA,Terrestrial Insects,63,Order,Coleoptera,Coleoptera,Emergents,0,0,0,NA,NA,NA,NA,NA,NA,NA,NA,NA,NA,NA   NA   NA   NA,NA   NA   NA   NA
SHR_2018-01-31 10:11:00,1/31/2018 10:11,SHR,2018,A,FALSE,CLR,NA,NA,10,0.5,121,169,7.67,10.81,15.1,10,Low,684407,690000,5593,5593,36.79698784,36.79698784,1,NA,NA,Terrestrial Insects,63,Order,Coleoptera,Coleoptera,Adults,1,0.027,0.027,NA,NA,NA,NA,NA,NA,NA,NA,NA,NA,NA   NA   NA   NA,NA   NA   NA   NA
SHR_2018-01-31 10:11:00,1/31/2018 10:11,SHR,2018,A,FALSE,CLR,NA,NA,10,0.5,121,169,7.67,10.81,15.1,10,Low,684407,690000,5593,5593,36.79698784,36.79698784,1,NA,NA,Terrestrial Insects,63,Order,Coleoptera,Coleoptera,NotDetermined,0,0,0,NA,NA,NA,NA,NA,NA,NA,NA,NA,NA,NA   NA   NA   NA,NA   NA   NA   NA
SHR_2018-01-31 10:11:00,1/31/2018 10:11,SHR,2018,A,FALSE,CLR,NA,NA,10,0.5,121,169,7.67,10.81,15.1,10,Low,684407,690000,5593,5593,36.79698784,36.79698784,1,NA,NA,Terrestrial Insects,71,Order,Hemiptera,Hemiptera,Larvae,0,0,0,NA,NA,NA,NA,NA,NA,NA,NA,NA,NA,NA   NA   NA   NA,NA   NA   NA   NA
SHR_2018-01-31 10:11:00,1/31/2018 10:11,SHR,2018,A,FALSE,CLR,NA,NA,10,0.5,121,169,7.67,10.81,15.1,10,Low,684407,690000,5593,5593,36.79698784,36.79698784,1,NA,NA,Terrestrial Insects,71,Order,Hemiptera,Hemiptera,Pupae,0,0,0,NA,NA,NA,NA,NA,NA,NA,NA,NA,NA,NA   NA   NA   NA,NA   NA   NA   NA
SHR_2018-01-31 10:11:00,1/31/2018 10:11,SHR,2018,A,FALSE,CLR,NA,NA,10,0.5,121,169,7.67,10.81,15.1,10,Low,684407,690000,5593,5593,36.79698784,36.79698784,1,NA,NA,Terrestrial Insects,71,Order,Hemiptera,Hemiptera,Nymphs,0,0,0,NA,NA,NA,NA,NA,NA,NA,NA,NA,NA,NA   NA   NA   NA,NA   NA   NA   NA
SHR_2018-01-31 10:11:00,1/31/2018 10:11,SHR,2018,A,FALSE,CLR,NA,NA,10,0.5,121,169,7.67,10.81,15.1,10,Low,684407,690000,5593,5593,36.79698784,36.79698784,1,NA,NA,Terrestrial Insects,71,Order,Hemiptera,Hemiptera,Emergents,0,0,0,NA,NA,NA,NA,NA,NA,NA,NA,NA,NA,NA   NA   NA   NA,NA   NA   NA   NA
SHR_2018-01-31 10:11:00,1/31/2018 10:11,SHR,2018,A,FALSE,CLR,NA,NA,10,0.5,121,169,7.67,10.81,15.1,10,Low,684407,690000,5593,5593,36.79698784,36.79698784,1,NA,NA,Terrestrial Insects,71,Order,Hemiptera,Hemiptera,Adults,1,0.027,0.027,NA,NA,NA,NA,NA,NA,NA,NA,NA,NA,NA   NA   NA   NA,NA   NA   NA   NA
SHR_2018-01-31 10:11:00,1/31/2018 10:11,SHR,2018,A,FALSE,CLR,NA,NA,10,0.5,121,169,7.67,10.81,15.1,10,Low,684407,690000,5593,5593,36.79698784,36.79698784,1,NA,NA,Terrestrial Insects,71,Order,Hemiptera,Hemiptera,NotDetermined,0,0,0,NA,NA,NA,NA,NA,NA,NA,NA,NA,NA,NA   NA   NA   NA,NA   NA   NA   NA
STTD_2018-02-13 09:15:00,2/13/2018 9:15,STTD,2018,A,FALSE,CLR,NA,NA,11.2,0.36,554,752,7.87,8.54,21.3,10,Low,682174,684000,1826,1826,12.01346322,12.01346322,NA,ebb tide - collected from screw trap,NA,Aquatic Insects,34,Family,Chironomidae,Chironomidae,Larvae,0,0,0,NA,NA,NA,NA,NA,NA,NA,NA,NA,NA,NA   NA   NA   NA,NA   NA   NA   NA
STTD_2018-02-13 09:15:00,2/13/2018 9:15,STTD,2018,A,FALSE,CLR,NA,NA,11.2,0.36,554,752,7.87,8.54,21.3,10,Low,682174,684000,1826,1826,12.01346322,12.01346322,NA,ebb tide - collected from screw trap,NA,Aquatic Insects,34,Family,Chironomidae,Chironomidae,Pupae,1,0.083,0.083,NA,NA,NA,NA,NA,NA,NA,NA,NA,NA,NA   NA   NA   NA,NA   NA   NA   NA
STTD_2018-02-13 09:15:00,2/13/2018 9:15,STTD,2018,A,FALSE,CLR,NA,NA,11.2,0.36,554,752,7.87,8.54,21.3,10,Low,682174,684000,1826,1826,12.01346322,12.01346322,NA,ebb tide - collected from screw trap,NA,Aquatic Insects,34,Family,Chironomidae,Chironomidae,Nymphs,0,0,0,NA,NA,NA,NA,NA,NA,NA,NA,NA,NA,NA   NA   NA   NA,NA   NA   NA   NA
STTD_2018-02-13 09:15:00,2/13/2018 9:15,STTD,2018,A,FALSE,CLR,NA,NA,11.2,0.36,554,752,7.87,8.54,21.3,10,Low,682174,684000,1826,1826,12.01346322,12.01346322,NA,ebb tide - collected from screw trap,NA,Aquatic Insects,34,Family,Chironomidae,Chironomidae,Emergents,0,0,0,NA,NA,NA,NA,NA,NA,NA,NA,NA,NA,NA   NA   NA   NA,NA   NA   NA   NA
STTD_2018-02-13 09:15:00,2/13/2018 9:15,STTD,2018,A,FALSE,CLR,NA,NA,11.2,0.36,554,752,7.87,8.54,21.3,10,Low,682174,684000,1826,1826,12.01346322,12.01346322,NA,ebb tide - collected from screw trap,NA,Aquatic Insects,34,Family,Chironomidae,Chironomidae,Adults,4,0.333,0.333,NA,NA,NA,NA,NA,NA,NA,NA,NA,NA,NA   NA   NA   NA,NA   NA   NA   NA
STTD_2018-02-13 09:15:00,2/13/2018 9:15,STTD,2018,A,FALSE,CLR,NA,NA,11.2,0.36,554,752,7.87,8.54,21.3,10,Low,682174,684000,1826,1826,12.01346322,12.01346322,NA,ebb tide - collected from screw trap,NA,Aquatic Insects,34,Family,Chironomidae,Chironomidae,NotDetermined,0,0,0,NA,NA,NA,NA,NA,NA,NA,NA,NA,NA,NA   NA   NA   NA,NA   NA   NA   NA
STTD_2018-02-13 09:15:00,2/13/2018 9:15,STTD,2018,A,FALSE,CLR,NA,NA,11.2,0.36,554,752,7.87,8.54,21.3,10,Low,682174,684000,1826,1826,12.01346322,12.01346322,NA,ebb tide - collected from screw trap,NA,Aquatic Insects,44,Family,Corixidae,Corixidae,Larvae,27,2.247,2.247,NA,NA,NA,NA,NA,NA,NA,NA,NA,NA,NA   NA   NA   NA,NA   NA   NA   NA
STTD_2018-02-13 09:15:00,2/13/2018 9:15,STTD,2018,A,FALSE,CLR,NA,NA,11.2,0.36,554,752,7.87,8.54,21.3,10,Low,682174,684000,1826,1826,12.01346322,12.01346322,NA,ebb tide - collected from screw trap,NA,Aquatic Insects,44,Family,Corixidae,Corixidae,Pupae,0,0,0,NA,NA,NA,NA,NA,NA,NA,NA,NA,NA,NA   NA   NA   NA,NA   NA   NA   NA
STTD_2018-02-13 09:15:00,2/13/2018 9:15,STTD,2018,A,FALSE,CLR,NA,NA,11.2,0.36,554,752,7.87,8.54,21.3,10,Low,682174,684000,1826,1826,12.01346322,12.01346322,NA,ebb tide - collected from screw trap,NA,Aquatic Insects,44,Family,Corixidae,Corixidae,Nymphs,0,0,0,NA,NA,NA,NA,NA,NA,NA,NA,NA,NA,NA   NA   NA   NA,NA   NA   NA   NA
STTD_2018-02-13 09:15:00,2/13/2018 9:15,STTD,2018,A,FALSE,CLR,NA,NA,11.2,0.36,554,752,7.87,8.54,21.3,10,Low,682174,684000,1826,1826,12.01346322,12.01346322,NA,ebb tide - collected from screw trap,NA,Aquatic Insects,44,Family,Corixidae,Corixidae,Emergents,0,0,0,NA,NA,NA,NA,NA,NA,NA,NA,NA,NA,NA   NA   NA   NA,NA   NA   NA   NA
STTD_2018-02-13 09:15:00,2/13/2018 9:15,STTD,2018,A,FALSE,CLR,NA,NA,11.2,0.36,554,752,7.87,8.54,21.3,10,Low,682174,684000,1826,1826,12.01346322,12.01346322,NA,ebb tide - collected from screw trap,NA,Aquatic Insects,44,Family,Corixidae,Corixidae,Adults,0,0,0,NA,NA,NA,NA,NA,NA,NA,NA,NA,NA,NA   NA   NA   NA,NA   NA   NA   NA
STTD_2018-02-13 09:15:00,2/13/2018 9:15,STTD,2018,A,FALSE,CLR,NA,NA,11.2,0.36,554,752,7.87,8.54,21.3,10,Low,682174,684000,1826,1826,12.01346322,12.01346322,NA,ebb tide - collected from screw trap,NA,Aquatic Insects,44,Family,Corixidae,Corixidae,NotDetermined,0,0,0,NA,NA,NA,NA,NA,NA,NA,NA,NA,NA,NA   NA   NA   NA,NA   NA   NA   NA
STTD_2018-02-13 09:15:00,2/13/2018 9:15,STTD,2018,A,FALSE,CLR,NA,NA,11.2,0.36,554,752,7.87,8.54,21.3,10,Low,682174,684000,1826,1826,12.01346322,12.01346322,NA,ebb tide - collected from screw trap,NA,Aquatic Non-Insects,19,Family,Corbiculidae,Corbiculidae,Larvae,0,0,0,NA,NA,NA,NA,NA,NA,NA,NA,NA,NA,NA   NA   NA   NA,NA   NA   NA   NA
STTD_2018-02-13 09:15:00,2/13/2018 9:15,STTD,2018,A,FALSE,CLR,NA,NA,11.2,0.36,554,752,7.87,8.54,21.3,10,Low,682174,684000,1826,1826,12.01346322,12.01346322,NA,ebb tide - collected from screw trap,NA,Aquatic Non-Insects,19,Family,Corbiculidae,Corbiculidae,Pupae,0,0,0,NA,NA,NA,NA,NA,NA,NA,NA,NA,NA,NA   NA   NA   NA,NA   NA   NA   NA
STTD_2018-02-13 09:15:00,2/13/2018 9:15,STTD,2018,A,FALSE,CLR,NA,NA,11.2,0.36,554,752,7.87,8.54,21.3,10,Low,682174,684000,1826,1826,12.01346322,12.01346322,NA,ebb tide - collected from screw trap,NA,Aquatic Non-Insects,19,Family,Corbiculidae,Corbiculidae,Nymphs,0,0,0,NA,NA,NA,NA,NA,NA,NA,NA,NA,NA,NA   NA   NA   NA,NA   NA   NA   NA
STTD_2018-02-13 09:15:00,2/13/2018 9:15,STTD,2018,A,FALSE,CLR,NA,NA,11.2,0.36,554,752,7.87,8.54,21.3,10,Low,682174,684000,1826,1826,12.01346322,12.01346322,NA,ebb tide - collected from screw trap,NA,Aquatic Non-Insects,19,Family,Corbiculidae,Corbiculidae,Emergents,0,0,0,NA,NA,NA,NA,NA,NA,NA,NA,NA,NA,NA   NA   NA   NA,NA   NA   NA   NA
STTD_2018-02-13 09:15:00,2/13/2018 9:15,STTD,2018,A,FALSE,CLR,NA,NA,11.2,0.36,554,752,7.87,8.54,21.3,10,Low,682174,684000,1826,1826,12.01346322,12.01346322,NA,ebb tide - collected from screw trap,NA,Aquatic Non-Insects,19,Family,Corbiculidae,Corbiculidae,Adults,0,0,0,NA,NA,NA,NA,NA,NA,NA,NA,NA,NA,NA   NA   NA   NA,NA   NA   NA   NA
STTD_2018-02-13 09:15:00,2/13/2018 9:15,STTD,2018,A,FALSE,CLR,NA,NA,11.2,0.36,554,752,7.87,8.54,21.3,10,Low,682174,684000,1826,1826,12.01346322,12.01346322,NA,ebb tide - collected from screw trap,NA,Aquatic Non-Insects,19,Family,Corbiculidae,Corbiculidae,NotDetermined,1,0.083,0.083,NA,NA,NA,NA,NA,NA,NA,NA,NA,NA,NA   NA   NA   NA,NA   NA   NA   NA
SHR_2018-02-14 10:02:00,2/14/2018 10:02,SHR,2018,A,FALSE,CLD,NA,NA,10.5,1,127,176,7.63,10.8,7.2,10,Low,677758,682200,4442,4442,29.22442696,29.22442696,1,NA,NA,Aquatic Insects,30,Family,Dytiscidae,Dytiscidae,Larvae,0,0,0,NA,NA,NA,NA,NA,NA,NA,NA,NA,NA,NA   NA   NA   NA,NA   NA   NA   NA
SHR_2018-02-14 10:02:00,2/14/2018 10:02,SHR,2018,A,FALSE,CLD,NA,NA,10.5,1,127,176,7.63,10.8,7.2,10,Low,677758,682200,4442,4442,29.22442696,29.22442696,1,NA,NA,Aquatic Insects,30,Family,Dytiscidae,Dytiscidae,Pupae,0,0,0,NA,NA,NA,NA,NA,NA,NA,NA,NA,NA,NA   NA   NA   NA,NA   NA   NA   NA
SHR_2018-02-14 10:02:00,2/14/2018 10:02,SHR,2018,A,FALSE,CLD,NA,NA,10.5,1,127,176,7.63,10.8,7.2,10,Low,677758,682200,4442,4442,29.22442696,29.22442696,1,NA,NA,Aquatic Insects,30,Family,Dytiscidae,Dytiscidae,Nymphs,0,0,0,NA,NA,NA,NA,NA,NA,NA,NA,NA,NA,NA   NA   NA   NA,NA   NA   NA   NA
SHR_2018-02-14 10:02:00,2/14/2018 10:02,SHR,2018,A,FALSE,CLD,NA,NA,10.5,1,127,176,7.63,10.8,7.2,10,Low,677758,682200,4442,4442,29.22442696,29.22442696,1,NA,NA,Aquatic Insects,30,Family,Dytiscidae,Dytiscidae,Emergents,0,0,0,NA,NA,NA,NA,NA,NA,NA,NA,NA,NA,NA   NA   NA   NA,NA   NA   NA   NA
SHR_2018-02-14 10:02:00,2/14/2018 10:02,SHR,2018,A,FALSE,CLD,NA,NA,10.5,1,127,176,7.63,10.8,7.2,10,Low,677758,682200,4442,4442,29.22442696,29.22442696,1,NA,NA,Aquatic Insects,30,Family,Dytiscidae,Dytiscidae,Adults,2,0.068,0.068,NA,NA,NA,NA,NA,NA,NA,NA,NA,NA,NA   NA   NA   NA,NA   NA   NA   NA
SHR_2018-02-14 10:02:00,2/14/2018 10:02,SHR,2018,A,FALSE,CLD,NA,NA,10.5,1,127,176,7.63,10.8,7.2,10,Low,677758,682200,4442,4442,29.22442696,29.22442696,1,NA,NA,Aquatic Insects,30,Family,Dytiscidae,Dytiscidae,NotDetermined,0,0,0,NA,NA,NA,NA,NA,NA,NA,NA,NA,NA,NA   NA   NA   NA,NA   NA   NA   NA
SHR_2018-02-14 10:02:00,2/14/2018 10:02,SHR,2018,A,FALSE,CLD,NA,NA,10.5,1,127,176,7.63,10.8,7.2,10,Low,677758,682200,4442,4442,29.22442696,29.22442696,1,NA,NA,Aquatic Insects,34,Family,Chironomidae,Chironomidae,Larvae,15,0.513,0.513,NA,NA,NA,NA,NA,NA,NA,NA,NA,NA,NA   NA   NA   NA,NA   NA   NA   NA
SHR_2018-02-14 10:02:00,2/14/2018 10:02,SHR,2018,A,FALSE,CLD,NA,NA,10.5,1,127,176,7.63,10.8,7.2,10,Low,677758,682200,4442,4442,29.22442696,29.22442696,1,NA,NA,Aquatic Insects,34,Family,Chironomidae,Chironomidae,Pupae,7,0.24,0.24,NA,NA,NA,NA,NA,NA,NA,NA,NA,NA,NA   NA   NA   NA,NA   NA   NA   NA
SHR_2018-02-14 10:02:00,2/14/2018 10:02,SHR,2018,A,FALSE,CLD,NA,NA,10.5,1,127,176,7.63,10.8,7.2,10,Low,677758,682200,4442,4442,29.22442696,29.22442696,1,NA,NA,Aquatic Insects,34,Family,Chironomidae,Chironomidae,Nymphs,0,0,0,NA,NA,NA,NA,NA,NA,NA,NA,NA,NA,NA   NA   NA   NA,NA   NA   NA   NA
SHR_2018-02-14 10:02:00,2/14/2018 10:02,SHR,2018,A,FALSE,CLD,NA,NA,10.5,1,127,176,7.63,10.8,7.2,10,Low,677758,682200,4442,4442,29.22442696,29.22442696,1,NA,NA,Aquatic Insects,34,Family,Chironomidae,Chironomidae,Emergents,0,0,0,NA,NA,NA,NA,NA,NA,NA,NA,NA,NA,NA   NA   NA   NA,NA   NA   NA   NA
SHR_2018-02-14 10:02:00,2/14/2018 10:02,SHR,2018,A,FALSE,CLD,NA,NA,10.5,1,127,176,7.63,10.8,7.2,10,Low,677758,682200,4442,4442,29.22442696,29.22442696,1,NA,NA,Aquatic Insects,34,Family,Chironomidae,Chironomidae,Adults,215,7.357,7.357,NA,NA,NA,NA,NA,NA,NA,NA,NA,NA,NA   NA   NA   NA,NA   NA   NA   NA
SHR_2018-02-14 10:02:00,2/14/2018 10:02,SHR,2018,A,FALSE,CLD,NA,NA,10.5,1,127,176,7.63,10.8,7.2,10,Low,677758,682200,4442,4442,29.22442696,29.22442696,1,NA,NA,Aquatic Insects,34,Family,Chironomidae,Chironomidae,NotDetermined,0,0,0,NA,NA,NA,NA,NA,NA,NA,NA,NA,NA,NA   NA   NA   NA,NA   NA   NA   NA
SHR_2018-02-14 10:02:00,2/14/2018 10:02,SHR,2018,A,FALSE,CLD,NA,NA,10.5,1,127,176,7.63,10.8,7.2,10,Low,677758,682200,4442,4442,29.22442696,29.22442696,1,NA,NA,Aquatic Insects,37,Family,Psychodidae,Psychodidae,Larvae,0,0,0,NA,NA,NA,NA,NA,NA,NA,NA,NA,NA,NA   NA   NA   NA,NA   NA   NA   NA
SHR_2018-02-14 10:02:00,2/14/2018 10:02,SHR,2018,A,FALSE,CLD,NA,NA,10.5,1,127,176,7.63,10.8,7.2,10,Low,677758,682200,4442,4442,29.22442696,29.22442696,1,NA,NA,Aquatic Insects,37,Family,Psychodidae,Psychodidae,Pupae,0,0,0,NA,NA,NA,NA,NA,NA,NA,NA,NA,NA,NA   NA   NA   NA,NA   NA   NA   NA
SHR_2018-02-14 10:02:00,2/14/2018 10:02,SHR,2018,A,FALSE,CLD,NA,NA,10.5,1,127,176,7.63,10.8,7.2,10,Low,677758,682200,4442,4442,29.22442696,29.22442696,1,NA,NA,Aquatic Insects,37,Family,Psychodidae,Psychodidae,Nymphs,0,0,0,NA,NA,NA,NA,NA,NA,NA,NA,NA,NA,NA   NA   NA   NA,NA   NA   NA   NA
SHR_2018-02-14 10:02:00,2/14/2018 10:02,SHR,2018,A,FALSE,CLD,NA,NA,10.5,1,127,176,7.63,10.8,7.2,10,Low,677758,682200,4442,4442,29.22442696,29.22442696,1,NA,NA,Aquatic Insects,37,Family,Psychodidae,Psychodidae,Emergents,0,0,0,NA,NA,NA,NA,NA,NA,NA,NA,NA,NA,NA   NA   NA   NA,NA   NA   NA   NA
SHR_2018-02-14 10:02:00,2/14/2018 10:02,SHR,2018,A,FALSE,CLD,NA,NA,10.5,1,127,176,7.63,10.8,7.2,10,Low,677758,682200,4442,4442,29.22442696,29.22442696,1,NA,NA,Aquatic Insects,37,Family,Psychodidae,Psychodidae,Adults,2,0.068,0.068,NA,NA,NA,NA,NA,NA,NA,NA,NA,NA,NA   NA   NA   NA,NA   NA   NA   NA
SHR_2018-02-14 10:02:00,2/14/2018 10:02,SHR,2018,A,FALSE,CLD,NA,NA,10.5,1,127,176,7.63,10.8,7.2,10,Low,677758,682200,4442,4442,29.22442696,29.22442696,1,NA,NA,Aquatic Insects,37,Family,Psychodidae,Psychodidae,NotDetermined,0,0,0,NA,NA,NA,NA,NA,NA,NA,NA,NA,NA,NA   NA   NA   NA,NA   NA   NA   NA
SHR_2018-02-14 10:02:00,2/14/2018 10:02,SHR,2018,A,FALSE,CLD,NA,NA,10.5,1,127,176,7.63,10.8,7.2,10,Low,677758,682200,4442,4442,29.22442696,29.22442696,1,NA,NA,Aquatic Insects,44,Family,Corixidae,Corixidae,Larvae,0,0,0,NA,NA,NA,NA,NA,NA,NA,NA,NA,NA,NA   NA   NA   NA,NA   NA   NA   NA
SHR_2018-02-14 10:02:00,2/14/2018 10:02,SHR,2018,A,FALSE,CLD,NA,NA,10.5,1,127,176,7.63,10.8,7.2,10,Low,677758,682200,4442,4442,29.22442696,29.22442696,1,NA,NA,Aquatic Insects,44,Family,Corixidae,Corixidae,Pupae,0,0,0,NA,NA,NA,NA,NA,NA,NA,NA,NA,NA,NA   NA   NA   NA,NA   NA   NA   NA
SHR_2018-02-14 10:02:00,2/14/2018 10:02,SHR,2018,A,FALSE,CLD,NA,NA,10.5,1,127,176,7.63,10.8,7.2,10,Low,677758,682200,4442,4442,29.22442696,29.22442696,1,NA,NA,Aquatic Insects,44,Family,Corixidae,Corixidae,Nymphs,0,0,0,NA,NA,NA,NA,NA,NA,NA,NA,NA,NA,NA   NA   NA   NA,NA   NA   NA   NA
SHR_2018-02-14 10:02:00,2/14/2018 10:02,SHR,2018,A,FALSE,CLD,NA,NA,10.5,1,127,176,7.63,10.8,7.2,10,Low,677758,682200,4442,4442,29.22442696,29.22442696,1,NA,NA,Aquatic Insects,44,Family,Corixidae,Corixidae,Emergents,0,0,0,NA,NA,NA,NA,NA,NA,NA,NA,NA,NA,NA   NA   NA   NA,NA   NA   NA   NA
SHR_2018-02-14 10:02:00,2/14/2018 10:02,SHR,2018,A,FALSE,CLD,NA,NA,10.5,1,127,176,7.63,10.8,7.2,10,Low,677758,682200,4442,4442,29.22442696,29.22442696,1,NA,NA,Aquatic Insects,44,Family,Corixidae,Corixidae,Adults,1,0.034,0.034,NA,NA,NA,NA,NA,NA,NA,NA,NA,NA,NA   NA   NA   NA,NA   NA   NA   NA
SHR_2018-02-14 10:02:00,2/14/2018 10:02,SHR,2018,A,FALSE,CLD,NA,NA,10.5,1,127,176,7.63,10.8,7.2,10,Low,677758,682200,4442,4442,29.22442696,29.22442696,1,NA,NA,Aquatic Insects,44,Family,Corixidae,Corixidae,NotDetermined,0,0,0,NA,NA,NA,NA,NA,NA,NA,NA,NA,NA,NA   NA   NA   NA,NA   NA   NA   NA
SHR_2018-02-14 10:02:00,2/14/2018 10:02,SHR,2018,A,FALSE,CLD,NA,NA,10.5,1,127,176,7.63,10.8,7.2,10,Low,677758,682200,4442,4442,29.22442696,29.22442696,1,NA,NA,Aquatic Insects,88,Family,Hydroptilidae,Hydroptilidae,Larvae,0,0,0,NA,NA,NA,NA,NA,NA,NA,NA,NA,NA,NA   NA   NA   NA,NA   NA   NA   NA
SHR_2018-02-14 10:02:00,2/14/2018 10:02,SHR,2018,A,FALSE,CLD,NA,NA,10.5,1,127,176,7.63,10.8,7.2,10,Low,677758,682200,4442,4442,29.22442696,29.22442696,1,NA,NA,Aquatic Insects,88,Family,Hydroptilidae,Hydroptilidae,Pupae,0,0,0,NA,NA,NA,NA,NA,NA,NA,NA,NA,NA,NA   NA   NA   NA,NA   NA   NA   NA
SHR_2018-02-14 10:02:00,2/14/2018 10:02,SHR,2018,A,FALSE,CLD,NA,NA,10.5,1,127,176,7.63,10.8,7.2,10,Low,677758,682200,4442,4442,29.22442696,29.22442696,1,NA,NA,Aquatic Insects,88,Family,Hydroptilidae,Hydroptilidae,Nymphs,0,0,0,NA,NA,NA,NA,NA,NA,NA,NA,NA,NA,NA   NA   NA   NA,NA   NA   NA   NA
SHR_2018-02-14 10:02:00,2/14/2018 10:02,SHR,2018,A,FALSE,CLD,NA,NA,10.5,1,127,176,7.63,10.8,7.2,10,Low,677758,682200,4442,4442,29.22442696,29.22442696,1,NA,NA,Aquatic Insects,88,Family,Hydroptilidae,Hydroptilidae,Emergents,0,0,0,NA,NA,NA,NA,NA,NA,NA,NA,NA,NA,NA   NA   NA   NA,NA   NA   NA   NA
SHR_2018-02-14 10:02:00,2/14/2018 10:02,SHR,2018,A,FALSE,CLD,NA,NA,10.5,1,127,176,7.63,10.8,7.2,10,Low,677758,682200,4442,4442,29.22442696,29.22442696,1,NA,NA,Aquatic Insects,88,Family,Hydroptilidae,Hydroptilidae,Adults,4,0.137,0.137,NA,NA,NA,NA,NA,NA,NA,NA,NA,NA,NA   NA   NA   NA,NA   NA   NA   NA
SHR_2018-02-14 10:02:00,2/14/2018 10:02,SHR,2018,A,FALSE,CLD,NA,NA,10.5,1,127,176,7.63,10.8,7.2,10,Low,677758,682200,4442,4442,29.22442696,29.22442696,1,NA,NA,Aquatic Insects,88,Family,Hydroptilidae,Hydroptilidae,NotDetermined,0,0,0,NA,NA,NA,NA,NA,NA,NA,NA,NA,NA,NA   NA   NA   NA,NA   NA   NA   NA
SHR_2018-02-14 10:02:00,2/14/2018 10:02,SHR,2018,A,FALSE,CLD,NA,NA,10.5,1,127,176,7.63,10.8,7.2,10,Low,677758,682200,4442,4442,29.22442696,29.22442696,1,NA,NA,Aquatic Non-Insects,4,Family,Naididae,Naididae,Larvae,0,0,0,NA,NA,NA,NA,NA,NA,NA,NA,NA,NA,NA   NA   NA   NA,NA   NA   NA   NA
SHR_2018-02-14 10:02:00,2/14/2018 10:02,SHR,2018,A,FALSE,CLD,NA,NA,10.5,1,127,176,7.63,10.8,7.2,10,Low,677758,682200,4442,4442,29.22442696,29.22442696,1,NA,NA,Aquatic Non-Insects,4,Family,Naididae,Naididae,Pupae,0,0,0,NA,NA,NA,NA,NA,NA,NA,NA,NA,NA,NA   NA   NA   NA,NA   NA   NA   NA
SHR_2018-02-14 10:02:00,2/14/2018 10:02,SHR,2018,A,FALSE,CLD,NA,NA,10.5,1,127,176,7.63,10.8,7.2,10,Low,677758,682200,4442,4442,29.22442696,29.22442696,1,NA,NA,Aquatic Non-Insects,4,Family,Naididae,Naididae,Nymphs,0,0,0,NA,NA,NA,NA,NA,NA,NA,NA,NA,NA,NA   NA   NA   NA,NA   NA   NA   NA
SHR_2018-02-14 10:02:00,2/14/2018 10:02,SHR,2018,A,FALSE,CLD,NA,NA,10.5,1,127,176,7.63,10.8,7.2,10,Low,677758,682200,4442,4442,29.22442696,29.22442696,1,NA,NA,Aquatic Non-Insects,4,Family,Naididae,Naididae,Emergents,0,0,0,NA,NA,NA,NA,NA,NA,NA,NA,NA,NA,NA   NA   NA   NA,NA   NA   NA   NA
SHR_2018-02-14 10:02:00,2/14/2018 10:02,SHR,2018,A,FALSE,CLD,NA,NA,10.5,1,127,176,7.63,10.8,7.2,10,Low,677758,682200,4442,4442,29.22442696,29.22442696,1,NA,NA,Aquatic Non-Insects,4,Family,Naididae,Naididae,Adults,0,0,0,NA,NA,NA,NA,NA,NA,NA,NA,NA,NA,NA   NA   NA   NA,NA   NA   NA   NA
SHR_2018-02-14 10:02:00,2/14/2018 10:02,SHR,2018,A,FALSE,CLD,NA,NA,10.5,1,127,176,7.63,10.8,7.2,10,Low,677758,682200,4442,4442,29.22442696,29.22442696,1,NA,NA,Aquatic Non-Insects,4,Family,Naididae,Naididae,NotDetermined,1,0.034,0.034,NA,NA,NA,NA,NA,NA,NA,NA,NA,NA,NA   NA   NA   NA,NA   NA   NA   NA
SHR_2018-02-14 10:02:00,2/14/2018 10:02,SHR,2018,A,FALSE,CLD,NA,NA,10.5,1,127,176,7.63,10.8,7.2,10,Low,677758,682200,4442,4442,29.22442696,29.22442696,1,NA,NA,Aquatic Non-Insects,28,Family,Lebertiidae,Lebertiidae,Larvae,0,0,0,NA,NA,NA,NA,NA,NA,NA,NA,NA,NA,NA   NA   NA   NA,NA   NA   NA   NA
SHR_2018-02-14 10:02:00,2/14/2018 10:02,SHR,2018,A,FALSE,CLD,NA,NA,10.5,1,127,176,7.63,10.8,7.2,10,Low,677758,682200,4442,4442,29.22442696,29.22442696,1,NA,NA,Aquatic Non-Insects,120,Family,Lebertiidae,Lebertiidae,Larvae,0,0,0,NA,NA,NA,NA,NA,NA,NA,NA,NA,NA,NA   NA   NA   NA,NA   NA   NA   NA
SHR_2018-02-14 10:02:00,2/14/2018 10:02,SHR,2018,A,FALSE,CLD,NA,NA,10.5,1,127,176,7.63,10.8,7.2,10,Low,677758,682200,4442,4442,29.22442696,29.22442696,1,NA,NA,Aquatic Non-Insects,28,Family,Lebertiidae,Lebertiidae,Pupae,0,0,0,NA,NA,NA,NA,NA,NA,NA,NA,NA,NA,NA   NA   NA   NA,NA   NA   NA   NA
SHR_2018-02-14 10:02:00,2/14/2018 10:02,SHR,2018,A,FALSE,CLD,NA,NA,10.5,1,127,176,7.63,10.8,7.2,10,Low,677758,682200,4442,4442,29.22442696,29.22442696,1,NA,NA,Aquatic Non-Insects,120,Family,Lebertiidae,Lebertiidae,Pupae,0,0,0,NA,NA,NA,NA,NA,NA,NA,NA,NA,NA,NA   NA   NA   NA,NA   NA   NA   NA
SHR_2018-02-14 10:02:00,2/14/2018 10:02,SHR,2018,A,FALSE,CLD,NA,NA,10.5,1,127,176,7.63,10.8,7.2,10,Low,677758,682200,4442,4442,29.22442696,29.22442696,1,NA,NA,Aquatic Non-Insects,28,Family,Lebertiidae,Lebertiidae,Nymphs,0,0,0,NA,NA,NA,NA,NA,NA,NA,NA,NA,NA,NA   NA   NA   NA,NA   NA   NA   NA
SHR_2018-02-14 10:02:00,2/14/2018 10:02,SHR,2018,A,FALSE,CLD,NA,NA,10.5,1,127,176,7.63,10.8,7.2,10,Low,677758,682200,4442,4442,29.22442696,29.22442696,1,NA,NA,Aquatic Non-Insects,120,Family,Lebertiidae,Lebertiidae,Nymphs,0,0,0,NA,NA,NA,NA,NA,NA,NA,NA,NA,NA,NA   NA   NA   NA,NA   NA   NA   NA
SHR_2018-02-14 10:02:00,2/14/2018 10:02,SHR,2018,A,FALSE,CLD,NA,NA,10.5,1,127,176,7.63,10.8,7.2,10,Low,677758,682200,4442,4442,29.22442696,29.22442696,1,NA,NA,Aquatic Non-Insects,28,Family,Lebertiidae,Lebertiidae,Emergents,0,0,0,NA,NA,NA,NA,NA,NA,NA,NA,NA,NA,NA   NA   NA   NA,NA   NA   NA   NA
SHR_2018-02-14 10:02:00,2/14/2018 10:02,SHR,2018,A,FALSE,CLD,NA,NA,10.5,1,127,176,7.63,10.8,7.2,10,Low,677758,682200,4442,4442,29.22442696,29.22442696,1,NA,NA,Aquatic Non-Insects,120,Family,Lebertiidae,Lebertiidae,Emergents,0,0,0,NA,NA,NA,NA,NA,NA,NA,NA,NA,NA,NA   NA   NA   NA,NA   NA   NA   NA
SHR_2018-02-14 10:02:00,2/14/2018 10:02,SHR,2018,A,FALSE,CLD,NA,NA,10.5,1,127,176,7.63,10.8,7.2,10,Low,677758,682200,4442,4442,29.22442696,29.22442696,1,NA,NA,Aquatic Non-Insects,28,Family,Lebertiidae,Lebertiidae,Adults,0,0,0,NA,NA,NA,NA,NA,NA,NA,NA,NA,NA,NA   NA   NA   NA,NA   NA   NA   NA
SHR_2018-02-14 10:02:00,2/14/2018 10:02,SHR,2018,A,FALSE,CLD,NA,NA,10.5,1,127,176,7.63,10.8,7.2,10,Low,677758,682200,4442,4442,29.22442696,29.22442696,1,NA,NA,Aquatic Non-Insects,120,Family,Lebertiidae,Lebertiidae,Adults,0,0,0,NA,NA,NA,NA,NA,NA,NA,NA,NA,NA,NA   NA   NA   NA,NA   NA   NA   NA
SHR_2018-02-14 10:02:00,2/14/2018 10:02,SHR,2018,A,FALSE,CLD,NA,NA,10.5,1,127,176,7.63,10.8,7.2,10,Low,677758,682200,4442,4442,29.22442696,29.22442696,1,NA,NA,Aquatic Non-Insects,28,Family,Lebertiidae,Lebertiidae,NotDetermined,1,0.034,0.034,NA,NA,NA,NA,NA,NA,NA,NA,NA,NA,NA   NA   NA   NA,NA   NA   NA   NA
SHR_2018-02-14 10:02:00,2/14/2018 10:02,SHR,2018,A,FALSE,CLD,NA,NA,10.5,1,127,176,7.63,10.8,7.2,10,Low,677758,682200,4442,4442,29.22442696,29.22442696,1,NA,NA,Aquatic Non-Insects,120,Family,Lebertiidae,Lebertiidae,NotDetermined,1,0.034,0.034,NA,NA,NA,NA,NA,NA,NA,NA,NA,NA,NA   NA   NA   NA,NA   NA   NA   NA
SHR_2018-02-14 10:02:00,2/14/2018 10:02,SHR,2018,A,FALSE,CLD,NA,NA,10.5,1,127,176,7.63,10.8,7.2,10,Low,677758,682200,4442,4442,29.22442696,29.22442696,1,NA,NA,Aquatic Non-Insects,18,Family,Hydridae,Hydridae,Larvae,0,0,0,NA,NA,NA,NA,NA,NA,NA,NA,NA,NA,NA   NA   NA   NA,NA   NA   NA   NA
SHR_2018-02-14 10:02:00,2/14/2018 10:02,SHR,2018,A,FALSE,CLD,NA,NA,10.5,1,127,176,7.63,10.8,7.2,10,Low,677758,682200,4442,4442,29.22442696,29.22442696,1,NA,NA,Aquatic Non-Insects,18,Family,Hydridae,Hydridae,Pupae,0,0,0,NA,NA,NA,NA,NA,NA,NA,NA,NA,NA,NA   NA   NA   NA,NA   NA   NA   NA
SHR_2018-02-14 10:02:00,2/14/2018 10:02,SHR,2018,A,FALSE,CLD,NA,NA,10.5,1,127,176,7.63,10.8,7.2,10,Low,677758,682200,4442,4442,29.22442696,29.22442696,1,NA,NA,Aquatic Non-Insects,18,Family,Hydridae,Hydridae,Nymphs,0,0,0,NA,NA,NA,NA,NA,NA,NA,NA,NA,NA,NA   NA   NA   NA,NA   NA   NA   NA
SHR_2018-02-14 10:02:00,2/14/2018 10:02,SHR,2018,A,FALSE,CLD,NA,NA,10.5,1,127,176,7.63,10.8,7.2,10,Low,677758,682200,4442,4442,29.22442696,29.22442696,1,NA,NA,Aquatic Non-Insects,18,Family,Hydridae,Hydridae,Emergents,0,0,0,NA,NA,NA,NA,NA,NA,NA,NA,NA,NA,NA   NA   NA   NA,NA   NA   NA   NA
SHR_2018-02-14 10:02:00,2/14/2018 10:02,SHR,2018,A,FALSE,CLD,NA,NA,10.5,1,127,176,7.63,10.8,7.2,10,Low,677758,682200,4442,4442,29.22442696,29.22442696,1,NA,NA,Aquatic Non-Insects,18,Family,Hydridae,Hydridae,Adults,0,0,0,NA,NA,NA,NA,NA,NA,NA,NA,NA,NA,NA   NA   NA   NA,NA   NA   NA   NA
SHR_2018-02-14 10:02:00,2/14/2018 10:02,SHR,2018,A,FALSE,CLD,NA,NA,10.5,1,127,176,7.63,10.8,7.2,10,Low,677758,682200,4442,4442,29.22442696,29.22442696,1,NA,NA,Aquatic Non-Insects,18,Family,Hydridae,Hydridae,NotDetermined,10,0.342,0.342,NA,NA,NA,NA,NA,NA,NA,NA,NA,NA,NA   NA   NA   NA,NA   NA   NA   NA
SHR_2018-02-14 10:02:00,2/14/2018 10:02,SHR,2018,A,FALSE,CLD,NA,NA,10.5,1,127,176,7.63,10.8,7.2,10,Low,677758,682200,4442,4442,29.22442696,29.22442696,1,NA,NA,Aquatic Non-Insects,19,Family,Corbiculidae,Corbiculidae,Larvae,0,0,0,NA,NA,NA,NA,NA,NA,NA,NA,NA,NA,NA   NA   NA   NA,NA   NA   NA   NA
SHR_2018-02-14 10:02:00,2/14/2018 10:02,SHR,2018,A,FALSE,CLD,NA,NA,10.5,1,127,176,7.63,10.8,7.2,10,Low,677758,682200,4442,4442,29.22442696,29.22442696,1,NA,NA,Aquatic Non-Insects,19,Family,Corbiculidae,Corbiculidae,Pupae,0,0,0,NA,NA,NA,NA,NA,NA,NA,NA,NA,NA,NA   NA   NA   NA,NA   NA   NA   NA
SHR_2018-02-14 10:02:00,2/14/2018 10:02,SHR,2018,A,FALSE,CLD,NA,NA,10.5,1,127,176,7.63,10.8,7.2,10,Low,677758,682200,4442,4442,29.22442696,29.22442696,1,NA,NA,Aquatic Non-Insects,19,Family,Corbiculidae,Corbiculidae,Nymphs,0,0,0,NA,NA,NA,NA,NA,NA,NA,NA,NA,NA,NA   NA   NA   NA,NA   NA   NA   NA
SHR_2018-02-14 10:02:00,2/14/2018 10:02,SHR,2018,A,FALSE,CLD,NA,NA,10.5,1,127,176,7.63,10.8,7.2,10,Low,677758,682200,4442,4442,29.22442696,29.22442696,1,NA,NA,Aquatic Non-Insects,19,Family,Corbiculidae,Corbiculidae,Emergents,0,0,0,NA,NA,NA,NA,NA,NA,NA,NA,NA,NA,NA   NA   NA   NA,NA   NA   NA   NA
SHR_2018-02-14 10:02:00,2/14/2018 10:02,SHR,2018,A,FALSE,CLD,NA,NA,10.5,1,127,176,7.63,10.8,7.2,10,Low,677758,682200,4442,4442,29.22442696,29.22442696,1,NA,NA,Aquatic Non-Insects,19,Family,Corbiculidae,Corbiculidae,Adults,0,0,0,NA,NA,NA,NA,NA,NA,NA,NA,NA,NA,NA   NA   NA   NA,NA   NA   NA   NA
SHR_2018-02-14 10:02:00,2/14/2018 10:02,SHR,2018,A,FALSE,CLD,NA,NA,10.5,1,127,176,7.63,10.8,7.2,10,Low,677758,682200,4442,4442,29.22442696,29.22442696,1,NA,NA,Aquatic Non-Insects,19,Family,Corbiculidae,Corbiculidae,NotDetermined,2,0.068,0.068,NA,NA,NA,NA,NA,NA,NA,NA,NA,NA,NA   NA   NA   NA,NA   NA   NA   NA
SHR_2018-02-14 10:02:00,2/14/2018 10:02,SHR,2018,A,FALSE,CLD,NA,NA,10.5,1,127,176,7.63,10.8,7.2,10,Low,677758,682200,4442,4442,29.22442696,29.22442696,1,NA,NA,Aquatic Non-Insects,106,Family,Lymnaeidae,Lymnaeidae,Larvae,0,0,0,NA,NA,NA,NA,NA,NA,NA,NA,NA,NA,NA   NA   NA   NA,NA   NA   NA   NA
SHR_2018-02-14 10:02:00,2/14/2018 10:02,SHR,2018,A,FALSE,CLD,NA,NA,10.5,1,127,176,7.63,10.8,7.2,10,Low,677758,682200,4442,4442,29.22442696,29.22442696,1,NA,NA,Aquatic Non-Insects,106,Family,Lymnaeidae,Lymnaeidae,Pupae,0,0,0,NA,NA,NA,NA,NA,NA,NA,NA,NA,NA,NA   NA   NA   NA,NA   NA   NA   NA
SHR_2018-02-14 10:02:00,2/14/2018 10:02,SHR,2018,A,FALSE,CLD,NA,NA,10.5,1,127,176,7.63,10.8,7.2,10,Low,677758,682200,4442,4442,29.22442696,29.22442696,1,NA,NA,Aquatic Non-Insects,106,Family,Lymnaeidae,Lymnaeidae,Nymphs,0,0,0,NA,NA,NA,NA,NA,NA,NA,NA,NA,NA,NA   NA   NA   NA,NA   NA   NA   NA
SHR_2018-02-14 10:02:00,2/14/2018 10:02,SHR,2018,A,FALSE,CLD,NA,NA,10.5,1,127,176,7.63,10.8,7.2,10,Low,677758,682200,4442,4442,29.22442696,29.22442696,1,NA,NA,Aquatic Non-Insects,106,Family,Lymnaeidae,Lymnaeidae,Emergents,0,0,0,NA,NA,NA,NA,NA,NA,NA,NA,NA,NA,NA   NA   NA   NA,NA   NA   NA   NA
SHR_2018-02-14 10:02:00,2/14/2018 10:02,SHR,2018,A,FALSE,CLD,NA,NA,10.5,1,127,176,7.63,10.8,7.2,10,Low,677758,682200,4442,4442,29.22442696,29.22442696,1,NA,NA,Aquatic Non-Insects,106,Family,Lymnaeidae,Lymnaeidae,Adults,0,0,0,NA,NA,NA,NA,NA,NA,NA,NA,NA,NA,NA   NA   NA   NA,NA   NA   NA   NA
SHR_2018-02-14 10:02:00,2/14/2018 10:02,SHR,2018,A,FALSE,CLD,NA,NA,10.5,1,127,176,7.63,10.8,7.2,10,Low,677758,682200,4442,4442,29.22442696,29.22442696,1,NA,NA,Aquatic Non-Insects,106,Family,Lymnaeidae,Lymnaeidae,NotDetermined,1,0.034,0.034,NA,NA,NA,NA,NA,NA,NA,NA,NA,NA,NA   NA   NA   NA,NA   NA   NA   NA
SHR_2018-02-14 10:02:00,2/14/2018 10:02,SHR,2018,A,FALSE,CLD,NA,NA,10.5,1,127,176,7.63,10.8,7.2,10,Low,677758,682200,4442,4442,29.22442696,29.22442696,1,NA,NA,Aquatic Non-Insects,20,Family,Physidae,Physidae,Larvae,0,0,0,NA,NA,NA,NA,NA,NA,NA,NA,NA,NA,NA   NA   NA   NA,NA   NA   NA   NA
SHR_2018-02-14 10:02:00,2/14/2018 10:02,SHR,2018,A,FALSE,CLD,NA,NA,10.5,1,127,176,7.63,10.8,7.2,10,Low,677758,682200,4442,4442,29.22442696,29.22442696,1,NA,NA,Aquatic Non-Insects,20,Family,Physidae,Physidae,Pupae,0,0,0,NA,NA,NA,NA,NA,NA,NA,NA,NA,NA,NA   NA   NA   NA,NA   NA   NA   NA
SHR_2018-02-14 10:02:00,2/14/2018 10:02,SHR,2018,A,FALSE,CLD,NA,NA,10.5,1,127,176,7.63,10.8,7.2,10,Low,677758,682200,4442,4442,29.22442696,29.22442696,1,NA,NA,Aquatic Non-Insects,20,Family,Physidae,Physidae,Nymphs,0,0,0,NA,NA,NA,NA,NA,NA,NA,NA,NA,NA,NA   NA   NA   NA,NA   NA   NA   NA
SHR_2018-02-14 10:02:00,2/14/2018 10:02,SHR,2018,A,FALSE,CLD,NA,NA,10.5,1,127,176,7.63,10.8,7.2,10,Low,677758,682200,4442,4442,29.22442696,29.22442696,1,NA,NA,Aquatic Non-Insects,20,Family,Physidae,Physidae,Emergents,0,0,0,NA,NA,NA,NA,NA,NA,NA,NA,NA,NA,NA   NA   NA   NA,NA   NA   NA   NA
SHR_2018-02-14 10:02:00,2/14/2018 10:02,SHR,2018,A,FALSE,CLD,NA,NA,10.5,1,127,176,7.63,10.8,7.2,10,Low,677758,682200,4442,4442,29.22442696,29.22442696,1,NA,NA,Aquatic Non-Insects,20,Family,Physidae,Physidae,Adults,0,0,0,NA,NA,NA,NA,NA,NA,NA,NA,NA,NA,NA   NA   NA   NA,NA   NA   NA   NA
SHR_2018-02-14 10:02:00,2/14/2018 10:02,SHR,2018,A,FALSE,CLD,NA,NA,10.5,1,127,176,7.63,10.8,7.2,10,Low,677758,682200,4442,4442,29.22442696,29.22442696,1,NA,NA,Aquatic Non-Insects,20,Family,Physidae,Physidae,NotDetermined,1,0.034,0.034,NA,NA,NA,NA,NA,NA,NA,NA,NA,NA,NA   NA   NA   NA,NA   NA   NA   NA
SHR_2018-02-14 10:02:00,2/14/2018 10:02,SHR,2018,A,FALSE,CLD,NA,NA,10.5,1,127,176,7.63,10.8,7.2,10,Low,677758,682200,4442,4442,29.22442696,29.22442696,1,NA,NA,Aquatic Non-Insects,21,Family,Planorbidae,Planorbidae,Larvae,0,0,0,NA,NA,NA,NA,NA,NA,NA,NA,NA,NA,NA   NA   NA   NA,NA   NA   NA   NA
SHR_2018-02-14 10:02:00,2/14/2018 10:02,SHR,2018,A,FALSE,CLD,NA,NA,10.5,1,127,176,7.63,10.8,7.2,10,Low,677758,682200,4442,4442,29.22442696,29.22442696,1,NA,NA,Aquatic Non-Insects,21,Family,Planorbidae,Planorbidae,Pupae,0,0,0,NA,NA,NA,NA,NA,NA,NA,NA,NA,NA,NA   NA   NA   NA,NA   NA   NA   NA
SHR_2018-02-14 10:02:00,2/14/2018 10:02,SHR,2018,A,FALSE,CLD,NA,NA,10.5,1,127,176,7.63,10.8,7.2,10,Low,677758,682200,4442,4442,29.22442696,29.22442696,1,NA,NA,Aquatic Non-Insects,21,Family,Planorbidae,Planorbidae,Nymphs,0,0,0,NA,NA,NA,NA,NA,NA,NA,NA,NA,NA,NA   NA   NA   NA,NA   NA   NA   NA
SHR_2018-02-14 10:02:00,2/14/2018 10:02,SHR,2018,A,FALSE,CLD,NA,NA,10.5,1,127,176,7.63,10.8,7.2,10,Low,677758,682200,4442,4442,29.22442696,29.22442696,1,NA,NA,Aquatic Non-Insects,21,Family,Planorbidae,Planorbidae,Emergents,0,0,0,NA,NA,NA,NA,NA,NA,NA,NA,NA,NA,NA   NA   NA   NA,NA   NA   NA   NA
SHR_2018-02-14 10:02:00,2/14/2018 10:02,SHR,2018,A,FALSE,CLD,NA,NA,10.5,1,127,176,7.63,10.8,7.2,10,Low,677758,682200,4442,4442,29.22442696,29.22442696,1,NA,NA,Aquatic Non-Insects,21,Family,Planorbidae,Planorbidae,Adults,0,0,0,NA,NA,NA,NA,NA,NA,NA,NA,NA,NA,NA   NA   NA   NA,NA   NA   NA   NA
SHR_2018-02-14 10:02:00,2/14/2018 10:02,SHR,2018,A,FALSE,CLD,NA,NA,10.5,1,127,176,7.63,10.8,7.2,10,Low,677758,682200,4442,4442,29.22442696,29.22442696,1,NA,NA,Aquatic Non-Insects,21,Family,Planorbidae,Planorbidae,NotDetermined,2,0.068,0.068,NA,NA,NA,NA,NA,NA,NA,NA,NA,NA,NA   NA   NA   NA,NA   NA   NA   NA
SHR_2018-02-14 10:02:00,2/14/2018 10:02,SHR,2018,A,FALSE,CLD,NA,NA,10.5,1,127,176,7.63,10.8,7.2,10,Low,677758,682200,4442,4442,29.22442696,29.22442696,1,NA,NA,Terrestrial Non-Insects,57,Subclass,Acari,Acari,Larvae,0,0,0,NA,NA,NA,NA,NA,NA,NA,NA,NA,NA,NA   NA   NA   NA,NA   NA   NA   NA
SHR_2018-02-14 10:02:00,2/14/2018 10:02,SHR,2018,A,FALSE,CLD,NA,NA,10.5,1,127,176,7.63,10.8,7.2,10,Low,677758,682200,4442,4442,29.22442696,29.22442696,1,NA,NA,Terrestrial Non-Insects,57,Subclass,Acari,Acari,Pupae,0,0,0,NA,NA,NA,NA,NA,NA,NA,NA,NA,NA,NA   NA   NA   NA,NA   NA   NA   NA
SHR_2018-02-14 10:02:00,2/14/2018 10:02,SHR,2018,A,FALSE,CLD,NA,NA,10.5,1,127,176,7.63,10.8,7.2,10,Low,677758,682200,4442,4442,29.22442696,29.22442696,1,NA,NA,Terrestrial Non-Insects,57,Subclass,Acari,Acari,Nymphs,0,0,0,NA,NA,NA,NA,NA,NA,NA,NA,NA,NA,NA   NA   NA   NA,NA   NA   NA   NA
SHR_2018-02-14 10:02:00,2/14/2018 10:02,SHR,2018,A,FALSE,CLD,NA,NA,10.5,1,127,176,7.63,10.8,7.2,10,Low,677758,682200,4442,4442,29.22442696,29.22442696,1,NA,NA,Terrestrial Non-Insects,57,Subclass,Acari,Acari,Emergents,0,0,0,NA,NA,NA,NA,NA,NA,NA,NA,NA,NA,NA   NA   NA   NA,NA   NA   NA   NA
SHR_2018-02-14 10:02:00,2/14/2018 10:02,SHR,2018,A,FALSE,CLD,NA,NA,10.5,1,127,176,7.63,10.8,7.2,10,Low,677758,682200,4442,4442,29.22442696,29.22442696,1,NA,NA,Terrestrial Non-Insects,57,Subclass,Acari,Acari,Adults,0,0,0,NA,NA,NA,NA,NA,NA,NA,NA,NA,NA,NA   NA   NA   NA,NA   NA   NA   NA
SHR_2018-02-14 10:02:00,2/14/2018 10:02,SHR,2018,A,FALSE,CLD,NA,NA,10.5,1,127,176,7.63,10.8,7.2,10,Low,677758,682200,4442,4442,29.22442696,29.22442696,1,NA,NA,Terrestrial Non-Insects,57,Subclass,Acari,Acari,NotDetermined,1,0.034,0.034,NA,NA,NA,NA,NA,NA,NA,NA,NA,NA,NA   NA   NA   NA,NA   NA   NA   NA
SHR_2018-02-14 10:02:00,2/14/2018 10:02,SHR,2018,A,FALSE,CLD,NA,NA,10.5,1,127,176,7.63,10.8,7.2,10,Low,677758,682200,4442,4442,29.22442696,29.22442696,1,NA,NA,Terrestrial Insects,63,Order,Coleoptera,Coleoptera,Larvae,2,0.068,0.068,NA,NA,NA,NA,NA,NA,NA,NA,NA,NA,NA   NA   NA   NA,NA   NA   NA   NA
SHR_2018-02-14 10:02:00,2/14/2018 10:02,SHR,2018,A,FALSE,CLD,NA,NA,10.5,1,127,176,7.63,10.8,7.2,10,Low,677758,682200,4442,4442,29.22442696,29.22442696,1,NA,NA,Terrestrial Insects,63,Order,Coleoptera,Coleoptera,Pupae,0,0,0,NA,NA,NA,NA,NA,NA,NA,NA,NA,NA,NA   NA   NA   NA,NA   NA   NA   NA
SHR_2018-02-14 10:02:00,2/14/2018 10:02,SHR,2018,A,FALSE,CLD,NA,NA,10.5,1,127,176,7.63,10.8,7.2,10,Low,677758,682200,4442,4442,29.22442696,29.22442696,1,NA,NA,Terrestrial Insects,63,Order,Coleoptera,Coleoptera,Nymphs,0,0,0,NA,NA,NA,NA,NA,NA,NA,NA,NA,NA,NA   NA   NA   NA,NA   NA   NA   NA
SHR_2018-02-14 10:02:00,2/14/2018 10:02,SHR,2018,A,FALSE,CLD,NA,NA,10.5,1,127,176,7.63,10.8,7.2,10,Low,677758,682200,4442,4442,29.22442696,29.22442696,1,NA,NA,Terrestrial Insects,63,Order,Coleoptera,Coleoptera,Emergents,0,0,0,NA,NA,NA,NA,NA,NA,NA,NA,NA,NA,NA   NA   NA   NA,NA   NA   NA   NA
SHR_2018-02-14 10:02:00,2/14/2018 10:02,SHR,2018,A,FALSE,CLD,NA,NA,10.5,1,127,176,7.63,10.8,7.2,10,Low,677758,682200,4442,4442,29.22442696,29.22442696,1,NA,NA,Terrestrial Insects,63,Order,Coleoptera,Coleoptera,Adults,1,0.034,0.034,NA,NA,NA,NA,NA,NA,NA,NA,NA,NA,NA   NA   NA   NA,NA   NA   NA   NA
SHR_2018-02-14 10:02:00,2/14/2018 10:02,SHR,2018,A,FALSE,CLD,NA,NA,10.5,1,127,176,7.63,10.8,7.2,10,Low,677758,682200,4442,4442,29.22442696,29.22442696,1,NA,NA,Terrestrial Insects,63,Order,Coleoptera,Coleoptera,NotDetermined,0,0,0,NA,NA,NA,NA,NA,NA,NA,NA,NA,NA,NA   NA   NA   NA,NA   NA   NA   NA
SHR_2018-02-14 10:02:00,2/14/2018 10:02,SHR,2018,A,FALSE,CLD,NA,NA,10.5,1,127,176,7.63,10.8,7.2,10,Low,677758,682200,4442,4442,29.22442696,29.22442696,1,NA,NA,Terrestrial Insects,64,Order,Diptera,Diptera,Larvae,0,0,0,NA,NA,NA,NA,NA,NA,NA,NA,NA,NA,NA   NA   NA   NA,NA   NA   NA   NA
SHR_2018-02-14 10:02:00,2/14/2018 10:02,SHR,2018,A,FALSE,CLD,NA,NA,10.5,1,127,176,7.63,10.8,7.2,10,Low,677758,682200,4442,4442,29.22442696,29.22442696,1,NA,NA,Terrestrial Insects,64,Order,Diptera,Diptera,Pupae,0,0,0,NA,NA,NA,NA,NA,NA,NA,NA,NA,NA,NA   NA   NA   NA,NA   NA   NA   NA
SHR_2018-02-14 10:02:00,2/14/2018 10:02,SHR,2018,A,FALSE,CLD,NA,NA,10.5,1,127,176,7.63,10.8,7.2,10,Low,677758,682200,4442,4442,29.22442696,29.22442696,1,NA,NA,Terrestrial Insects,64,Order,Diptera,Diptera,Nymphs,0,0,0,NA,NA,NA,NA,NA,NA,NA,NA,NA,NA,NA   NA   NA   NA,NA   NA   NA   NA
SHR_2018-02-14 10:02:00,2/14/2018 10:02,SHR,2018,A,FALSE,CLD,NA,NA,10.5,1,127,176,7.63,10.8,7.2,10,Low,677758,682200,4442,4442,29.22442696,29.22442696,1,NA,NA,Terrestrial Insects,64,Order,Diptera,Diptera,Emergents,0,0,0,NA,NA,NA,NA,NA,NA,NA,NA,NA,NA,NA   NA   NA   NA,NA   NA   NA   NA
SHR_2018-02-14 10:02:00,2/14/2018 10:02,SHR,2018,A,FALSE,CLD,NA,NA,10.5,1,127,176,7.63,10.8,7.2,10,Low,677758,682200,4442,4442,29.22442696,29.22442696,1,NA,NA,Terrestrial Insects,64,Order,Diptera,Diptera,Adults,44,1.506,1.506,NA,NA,NA,NA,NA,NA,NA,NA,NA,NA,NA   NA   NA   NA,NA   NA   NA   NA
SHR_2018-02-14 10:02:00,2/14/2018 10:02,SHR,2018,A,FALSE,CLD,NA,NA,10.5,1,127,176,7.63,10.8,7.2,10,Low,677758,682200,4442,4442,29.22442696,29.22442696,1,NA,NA,Terrestrial Insects,64,Order,Diptera,Diptera,NotDetermined,0,0,0,NA,NA,NA,NA,NA,NA,NA,NA,NA,NA,NA   NA   NA   NA,NA   NA   NA   NA
SHR_2018-02-14 10:02:00,2/14/2018 10:02,SHR,2018,A,FALSE,CLD,NA,NA,10.5,1,127,176,7.63,10.8,7.2,10,Low,677758,682200,4442,4442,29.22442696,29.22442696,1,NA,NA,Terrestrial Insects,71,Order,Hemiptera,Hemiptera,Larvae,0,0,0,NA,NA,NA,NA,NA,NA,NA,NA,NA,NA,NA   NA   NA   NA,NA   NA   NA   NA
SHR_2018-02-14 10:02:00,2/14/2018 10:02,SHR,2018,A,FALSE,CLD,NA,NA,10.5,1,127,176,7.63,10.8,7.2,10,Low,677758,682200,4442,4442,29.22442696,29.22442696,1,NA,NA,Terrestrial Insects,71,Order,Hemiptera,Hemiptera,Pupae,0,0,0,NA,NA,NA,NA,NA,NA,NA,NA,NA,NA,NA   NA   NA   NA,NA   NA   NA   NA
SHR_2018-02-14 10:02:00,2/14/2018 10:02,SHR,2018,A,FALSE,CLD,NA,NA,10.5,1,127,176,7.63,10.8,7.2,10,Low,677758,682200,4442,4442,29.22442696,29.22442696,1,NA,NA,Terrestrial Insects,71,Order,Hemiptera,Hemiptera,Nymphs,0,0,0,NA,NA,NA,NA,NA,NA,NA,NA,NA,NA,NA   NA   NA   NA,NA   NA   NA   NA
SHR_2018-02-14 10:02:00,2/14/2018 10:02,SHR,2018,A,FALSE,CLD,NA,NA,10.5,1,127,176,7.63,10.8,7.2,10,Low,677758,682200,4442,4442,29.22442696,29.22442696,1,NA,NA,Terrestrial Insects,71,Order,Hemiptera,Hemiptera,Emergents,0,0,0,NA,NA,NA,NA,NA,NA,NA,NA,NA,NA,NA   NA   NA   NA,NA   NA   NA   NA
SHR_2018-02-14 10:02:00,2/14/2018 10:02,SHR,2018,A,FALSE,CLD,NA,NA,10.5,1,127,176,7.63,10.8,7.2,10,Low,677758,682200,4442,4442,29.22442696,29.22442696,1,NA,NA,Terrestrial Insects,71,Order,Hemiptera,Hemiptera,Adults,33,1.129,1.129,NA,NA,NA,NA,NA,NA,NA,NA,NA,NA,NA   NA   NA   NA,NA   NA   NA   NA
SHR_2018-02-14 10:02:00,2/14/2018 10:02,SHR,2018,A,FALSE,CLD,NA,NA,10.5,1,127,176,7.63,10.8,7.2,10,Low,677758,682200,4442,4442,29.22442696,29.22442696,1,NA,NA,Terrestrial Insects,71,Order,Hemiptera,Hemiptera,NotDetermined,0,0,0,NA,NA,NA,NA,NA,NA,NA,NA,NA,NA,NA   NA   NA   NA,NA   NA   NA   NA
SHR_2018-02-14 10:02:00,2/14/2018 10:02,SHR,2018,A,FALSE,CLD,NA,NA,10.5,1,127,176,7.63,10.8,7.2,10,Low,677758,682200,4442,4442,29.22442696,29.22442696,1,NA,NA,Terrestrial Insects,66,Order,Hymenoptera,Hymenoptera,Larvae,0,0,0,NA,NA,NA,NA,NA,NA,NA,NA,NA,NA,NA   NA   NA   NA,NA   NA   NA   NA
SHR_2018-02-14 10:02:00,2/14/2018 10:02,SHR,2018,A,FALSE,CLD,NA,NA,10.5,1,127,176,7.63,10.8,7.2,10,Low,677758,682200,4442,4442,29.22442696,29.22442696,1,NA,NA,Terrestrial Insects,66,Order,Hymenoptera,Hymenoptera,Pupae,0,0,0,NA,NA,NA,NA,NA,NA,NA,NA,NA,NA,NA   NA   NA   NA,NA   NA   NA   NA
SHR_2018-02-14 10:02:00,2/14/2018 10:02,SHR,2018,A,FALSE,CLD,NA,NA,10.5,1,127,176,7.63,10.8,7.2,10,Low,677758,682200,4442,4442,29.22442696,29.22442696,1,NA,NA,Terrestrial Insects,66,Order,Hymenoptera,Hymenoptera,Nymphs,0,0,0,NA,NA,NA,NA,NA,NA,NA,NA,NA,NA,NA   NA   NA   NA,NA   NA   NA   NA
SHR_2018-02-14 10:02:00,2/14/2018 10:02,SHR,2018,A,FALSE,CLD,NA,NA,10.5,1,127,176,7.63,10.8,7.2,10,Low,677758,682200,4442,4442,29.22442696,29.22442696,1,NA,NA,Terrestrial Insects,66,Order,Hymenoptera,Hymenoptera,Emergents,0,0,0,NA,NA,NA,NA,NA,NA,NA,NA,NA,NA,NA   NA   NA   NA,NA   NA   NA   NA
SHR_2018-02-14 10:02:00,2/14/2018 10:02,SHR,2018,A,FALSE,CLD,NA,NA,10.5,1,127,176,7.63,10.8,7.2,10,Low,677758,682200,4442,4442,29.22442696,29.22442696,1,NA,NA,Terrestrial Insects,66,Order,Hymenoptera,Hymenoptera,Adults,28,0.958,0.958,NA,NA,NA,NA,NA,NA,NA,NA,NA,NA,NA   NA   NA   NA,NA   NA   NA   NA
SHR_2018-02-14 10:02:00,2/14/2018 10:02,SHR,2018,A,FALSE,CLD,NA,NA,10.5,1,127,176,7.63,10.8,7.2,10,Low,677758,682200,4442,4442,29.22442696,29.22442696,1,NA,NA,Terrestrial Insects,66,Order,Hymenoptera,Hymenoptera,NotDetermined,0,0,0,NA,NA,NA,NA,NA,NA,NA,NA,NA,NA,NA   NA   NA   NA,NA   NA   NA   NA
SHR_2018-02-14 10:02:00,2/14/2018 10:02,SHR,2018,A,FALSE,CLD,NA,NA,10.5,1,127,176,7.63,10.8,7.2,10,Low,677758,682200,4442,4442,29.22442696,29.22442696,1,NA,NA,Terrestrial Insects,67,Order,Psocoptera,Psocoptera,Larvae,0,0,0,NA,NA,NA,NA,NA,NA,NA,NA,NA,NA,NA   NA   NA   NA,NA   NA   NA   NA
SHR_2018-02-14 10:02:00,2/14/2018 10:02,SHR,2018,A,FALSE,CLD,NA,NA,10.5,1,127,176,7.63,10.8,7.2,10,Low,677758,682200,4442,4442,29.22442696,29.22442696,1,NA,NA,Terrestrial Insects,67,Order,Psocoptera,Psocoptera,Pupae,0,0,0,NA,NA,NA,NA,NA,NA,NA,NA,NA,NA,NA   NA   NA   NA,NA   NA   NA   NA
SHR_2018-02-14 10:02:00,2/14/2018 10:02,SHR,2018,A,FALSE,CLD,NA,NA,10.5,1,127,176,7.63,10.8,7.2,10,Low,677758,682200,4442,4442,29.22442696,29.22442696,1,NA,NA,Terrestrial Insects,67,Order,Psocoptera,Psocoptera,Nymphs,0,0,0,NA,NA,NA,NA,NA,NA,NA,NA,NA,NA,NA   NA   NA   NA,NA   NA   NA   NA
SHR_2018-02-14 10:02:00,2/14/2018 10:02,SHR,2018,A,FALSE,CLD,NA,NA,10.5,1,127,176,7.63,10.8,7.2,10,Low,677758,682200,4442,4442,29.22442696,29.22442696,1,NA,NA,Terrestrial Insects,67,Order,Psocoptera,Psocoptera,Emergents,0,0,0,NA,NA,NA,NA,NA,NA,NA,NA,NA,NA,NA   NA   NA   NA,NA   NA   NA   NA
SHR_2018-02-14 10:02:00,2/14/2018 10:02,SHR,2018,A,FALSE,CLD,NA,NA,10.5,1,127,176,7.63,10.8,7.2,10,Low,677758,682200,4442,4442,29.22442696,29.22442696,1,NA,NA,Terrestrial Insects,67,Order,Psocoptera,Psocoptera,Adults,1,0.034,0.034,NA,NA,NA,NA,NA,NA,NA,NA,NA,NA,NA   NA   NA   NA,NA   NA   NA   NA
SHR_2018-02-14 10:02:00,2/14/2018 10:02,SHR,2018,A,FALSE,CLD,NA,NA,10.5,1,127,176,7.63,10.8,7.2,10,Low,677758,682200,4442,4442,29.22442696,29.22442696,1,NA,NA,Terrestrial Insects,67,Order,Psocoptera,Psocoptera,NotDetermined,0,0,0,NA,NA,NA,NA,NA,NA,NA,NA,NA,NA,NA   NA   NA   NA,NA   NA   NA   NA
SHR_2018-02-14 10:02:00,2/14/2018 10:02,SHR,2018,A,FALSE,CLD,NA,NA,10.5,1,127,176,7.63,10.8,7.2,10,Low,677758,682200,4442,4442,29.22442696,29.22442696,1,NA,NA,Terrestrial Insects,85,Order,Thysanoptera,Thysanoptera,Larvae,0,0,0,NA,NA,NA,NA,NA,NA,NA,NA,NA,NA,NA   NA   NA   NA,NA   NA   NA   NA
SHR_2018-02-14 10:02:00,2/14/2018 10:02,SHR,2018,A,FALSE,CLD,NA,NA,10.5,1,127,176,7.63,10.8,7.2,10,Low,677758,682200,4442,4442,29.22442696,29.22442696,1,NA,NA,Terrestrial Insects,85,Order,Thysanoptera,Thysanoptera,Pupae,0,0,0,NA,NA,NA,NA,NA,NA,NA,NA,NA,NA,NA   NA   NA   NA,NA   NA   NA   NA
SHR_2018-02-14 10:02:00,2/14/2018 10:02,SHR,2018,A,FALSE,CLD,NA,NA,10.5,1,127,176,7.63,10.8,7.2,10,Low,677758,682200,4442,4442,29.22442696,29.22442696,1,NA,NA,Terrestrial Insects,85,Order,Thysanoptera,Thysanoptera,Nymphs,0,0,0,NA,NA,NA,NA,NA,NA,NA,NA,NA,NA,NA   NA   NA   NA,NA   NA   NA   NA
SHR_2018-02-14 10:02:00,2/14/2018 10:02,SHR,2018,A,FALSE,CLD,NA,NA,10.5,1,127,176,7.63,10.8,7.2,10,Low,677758,682200,4442,4442,29.22442696,29.22442696,1,NA,NA,Terrestrial Insects,85,Order,Thysanoptera,Thysanoptera,Emergents,0,0,0,NA,NA,NA,NA,NA,NA,NA,NA,NA,NA,NA   NA   NA   NA,NA   NA   NA   NA
SHR_2018-02-14 10:02:00,2/14/2018 10:02,SHR,2018,A,FALSE,CLD,NA,NA,10.5,1,127,176,7.63,10.8,7.2,10,Low,677758,682200,4442,4442,29.22442696,29.22442696,1,NA,NA,Terrestrial Insects,85,Order,Thysanoptera,Thysanoptera,Adults,1,0.034,0.034,NA,NA,NA,NA,NA,NA,NA,NA,NA,NA,NA   NA   NA   NA,NA   NA   NA   NA
SHR_2018-02-14 10:02:00,2/14/2018 10:02,SHR,2018,A,FALSE,CLD,NA,NA,10.5,1,127,176,7.63,10.8,7.2,10,Low,677758,682200,4442,4442,29.22442696,29.22442696,1,NA,NA,Terrestrial Insects,85,Order,Thysanoptera,Thysanoptera,NotDetermined,0,0,0,NA,NA,NA,NA,NA,NA,NA,NA,NA,NA,NA   NA   NA   NA,NA   NA   NA   NA
SHR_2018-02-27 10:17:00,2/27/2018 10:17,SHR,2018,A,FALSE,CLR,NA,NA,9.2,0.9,123,176,7.48,11.09,9.7,10,Low,672962,677781,4819,4819,31.70475316,31.70475316,1,NA,NA,Aquatic Insects,34,Family,Chironomidae,Chironomidae,Larvae,2,0.063,0.063,NA,NA,NA,NA,NA,NA,NA,NA,NA,NA,NA   NA   NA   NA,NA   NA   NA   NA
SHR_2018-02-27 10:17:00,2/27/2018 10:17,SHR,2018,A,FALSE,CLR,NA,NA,9.2,0.9,123,176,7.48,11.09,9.7,10,Low,672962,677781,4819,4819,31.70475316,31.70475316,1,NA,NA,Aquatic Insects,34,Family,Chironomidae,Chironomidae,Pupae,0,0,0,NA,NA,NA,NA,NA,NA,NA,NA,NA,NA,NA   NA   NA   NA,NA   NA   NA   NA
SHR_2018-02-27 10:17:00,2/27/2018 10:17,SHR,2018,A,FALSE,CLR,NA,NA,9.2,0.9,123,176,7.48,11.09,9.7,10,Low,672962,677781,4819,4819,31.70475316,31.70475316,1,NA,NA,Aquatic Insects,34,Family,Chironomidae,Chironomidae,Nymphs,0,0,0,NA,NA,NA,NA,NA,NA,NA,NA,NA,NA,NA   NA   NA   NA,NA   NA   NA   NA
SHR_2018-02-27 10:17:00,2/27/2018 10:17,SHR,2018,A,FALSE,CLR,NA,NA,9.2,0.9,123,176,7.48,11.09,9.7,10,Low,672962,677781,4819,4819,31.70475316,31.70475316,1,NA,NA,Aquatic Insects,34,Family,Chironomidae,Chironomidae,Emergents,0,0,0,NA,NA,NA,NA,NA,NA,NA,NA,NA,NA,NA   NA   NA   NA,NA   NA   NA   NA
SHR_2018-02-27 10:17:00,2/27/2018 10:17,SHR,2018,A,FALSE,CLR,NA,NA,9.2,0.9,123,176,7.48,11.09,9.7,10,Low,672962,677781,4819,4819,31.70475316,31.70475316,1,NA,NA,Aquatic Insects,34,Family,Chironomidae,Chironomidae,Adults,0,0,0,NA,NA,NA,NA,NA,NA,NA,NA,NA,NA,NA   NA   NA   NA,NA   NA   NA   NA
SHR_2018-02-27 10:17:00,2/27/2018 10:17,SHR,2018,A,FALSE,CLR,NA,NA,9.2,0.9,123,176,7.48,11.09,9.7,10,Low,672962,677781,4819,4819,31.70475316,31.70475316,1,NA,NA,Aquatic Insects,34,Family,Chironomidae,Chironomidae,NotDetermined,0,0,0,NA,NA,NA,NA,NA,NA,NA,NA,NA,NA,NA   NA   NA   NA,NA   NA   NA   NA
SHR_2018-02-27 10:17:00,2/27/2018 10:17,SHR,2018,A,FALSE,CLR,NA,NA,9.2,0.9,123,176,7.48,11.09,9.7,10,Low,672962,677781,4819,4819,31.70475316,31.70475316,1,NA,NA,Aquatic Non-Insects,4,Family,Naididae,Naididae,Larvae,0,0,0,NA,NA,NA,NA,NA,NA,NA,NA,NA,NA,NA   NA   NA   NA,NA   NA   NA   NA
SHR_2018-02-27 10:17:00,2/27/2018 10:17,SHR,2018,A,FALSE,CLR,NA,NA,9.2,0.9,123,176,7.48,11.09,9.7,10,Low,672962,677781,4819,4819,31.70475316,31.70475316,1,NA,NA,Aquatic Non-Insects,4,Family,Naididae,Naididae,Pupae,0,0,0,NA,NA,NA,NA,NA,NA,NA,NA,NA,NA,NA   NA   NA   NA,NA   NA   NA   NA
SHR_2018-02-27 10:17:00,2/27/2018 10:17,SHR,2018,A,FALSE,CLR,NA,NA,9.2,0.9,123,176,7.48,11.09,9.7,10,Low,672962,677781,4819,4819,31.70475316,31.70475316,1,NA,NA,Aquatic Non-Insects,4,Family,Naididae,Naididae,Nymphs,0,0,0,NA,NA,NA,NA,NA,NA,NA,NA,NA,NA,NA   NA   NA   NA,NA   NA   NA   NA
SHR_2018-02-27 10:17:00,2/27/2018 10:17,SHR,2018,A,FALSE,CLR,NA,NA,9.2,0.9,123,176,7.48,11.09,9.7,10,Low,672962,677781,4819,4819,31.70475316,31.70475316,1,NA,NA,Aquatic Non-Insects,4,Family,Naididae,Naididae,Emergents,0,0,0,NA,NA,NA,NA,NA,NA,NA,NA,NA,NA,NA   NA   NA   NA,NA   NA   NA   NA
SHR_2018-02-27 10:17:00,2/27/2018 10:17,SHR,2018,A,FALSE,CLR,NA,NA,9.2,0.9,123,176,7.48,11.09,9.7,10,Low,672962,677781,4819,4819,31.70475316,31.70475316,1,NA,NA,Aquatic Non-Insects,4,Family,Naididae,Naididae,Adults,0,0,0,NA,NA,NA,NA,NA,NA,NA,NA,NA,NA,NA   NA   NA   NA,NA   NA   NA   NA
SHR_2018-02-27 10:17:00,2/27/2018 10:17,SHR,2018,A,FALSE,CLR,NA,NA,9.2,0.9,123,176,7.48,11.09,9.7,10,Low,672962,677781,4819,4819,31.70475316,31.70475316,1,NA,NA,Aquatic Non-Insects,4,Family,Naididae,Naididae,NotDetermined,5,0.158,0.158,NA,NA,NA,NA,NA,NA,NA,NA,NA,NA,NA   NA   NA   NA,NA   NA   NA   NA
SHR_2018-02-27 10:17:00,2/27/2018 10:17,SHR,2018,A,FALSE,CLR,NA,NA,9.2,0.9,123,176,7.48,11.09,9.7,10,Low,672962,677781,4819,4819,31.70475316,31.70475316,1,NA,NA,Aquatic Non-Insects,9,Family,Corophiidae,Corophiidae,Larvae,0,0,0,NA,NA,NA,NA,NA,NA,NA,NA,NA,NA,NA   NA   NA   NA,NA   NA   NA   NA
SHR_2018-02-27 10:17:00,2/27/2018 10:17,SHR,2018,A,FALSE,CLR,NA,NA,9.2,0.9,123,176,7.48,11.09,9.7,10,Low,672962,677781,4819,4819,31.70475316,31.70475316,1,NA,NA,Aquatic Non-Insects,9,Family,Corophiidae,Corophiidae,Pupae,0,0,0,NA,NA,NA,NA,NA,NA,NA,NA,NA,NA,NA   NA   NA   NA,NA   NA   NA   NA
SHR_2018-02-27 10:17:00,2/27/2018 10:17,SHR,2018,A,FALSE,CLR,NA,NA,9.2,0.9,123,176,7.48,11.09,9.7,10,Low,672962,677781,4819,4819,31.70475316,31.70475316,1,NA,NA,Aquatic Non-Insects,9,Family,Corophiidae,Corophiidae,Nymphs,0,0,0,NA,NA,NA,NA,NA,NA,NA,NA,NA,NA,NA   NA   NA   NA,NA   NA   NA   NA
SHR_2018-02-27 10:17:00,2/27/2018 10:17,SHR,2018,A,FALSE,CLR,NA,NA,9.2,0.9,123,176,7.48,11.09,9.7,10,Low,672962,677781,4819,4819,31.70475316,31.70475316,1,NA,NA,Aquatic Non-Insects,9,Family,Corophiidae,Corophiidae,Emergents,0,0,0,NA,NA,NA,NA,NA,NA,NA,NA,NA,NA,NA   NA   NA   NA,NA   NA   NA   NA
SHR_2018-02-27 10:17:00,2/27/2018 10:17,SHR,2018,A,FALSE,CLR,NA,NA,9.2,0.9,123,176,7.48,11.09,9.7,10,Low,672962,677781,4819,4819,31.70475316,31.70475316,1,NA,NA,Aquatic Non-Insects,9,Family,Corophiidae,Corophiidae,Adults,0,0,0,NA,NA,NA,NA,NA,NA,NA,NA,NA,NA,NA   NA   NA   NA,NA   NA   NA   NA
SHR_2018-02-27 10:17:00,2/27/2018 10:17,SHR,2018,A,FALSE,CLR,NA,NA,9.2,0.9,123,176,7.48,11.09,9.7,10,Low,672962,677781,4819,4819,31.70475316,31.70475316,1,NA,NA,Aquatic Non-Insects,9,Family,Corophiidae,Corophiidae,NotDetermined,1,0.032,0.032,NA,NA,NA,NA,NA,NA,NA,NA,NA,NA,NA   NA   NA   NA,NA   NA   NA   NA
SHR_2018-02-27 10:17:00,2/27/2018 10:17,SHR,2018,A,FALSE,CLR,NA,NA,9.2,0.9,123,176,7.48,11.09,9.7,10,Low,672962,677781,4819,4819,31.70475316,31.70475316,1,NA,NA,Aquatic Non-Insects,18,Family,Hydridae,Hydridae,Larvae,0,0,0,NA,NA,NA,NA,NA,NA,NA,NA,NA,NA,NA   NA   NA   NA,NA   NA   NA   NA
SHR_2018-02-27 10:17:00,2/27/2018 10:17,SHR,2018,A,FALSE,CLR,NA,NA,9.2,0.9,123,176,7.48,11.09,9.7,10,Low,672962,677781,4819,4819,31.70475316,31.70475316,1,NA,NA,Aquatic Non-Insects,18,Family,Hydridae,Hydridae,Pupae,0,0,0,NA,NA,NA,NA,NA,NA,NA,NA,NA,NA,NA   NA   NA   NA,NA   NA   NA   NA
SHR_2018-02-27 10:17:00,2/27/2018 10:17,SHR,2018,A,FALSE,CLR,NA,NA,9.2,0.9,123,176,7.48,11.09,9.7,10,Low,672962,677781,4819,4819,31.70475316,31.70475316,1,NA,NA,Aquatic Non-Insects,18,Family,Hydridae,Hydridae,Nymphs,0,0,0,NA,NA,NA,NA,NA,NA,NA,NA,NA,NA,NA   NA   NA   NA,NA   NA   NA   NA
SHR_2018-02-27 10:17:00,2/27/2018 10:17,SHR,2018,A,FALSE,CLR,NA,NA,9.2,0.9,123,176,7.48,11.09,9.7,10,Low,672962,677781,4819,4819,31.70475316,31.70475316,1,NA,NA,Aquatic Non-Insects,18,Family,Hydridae,Hydridae,Emergents,0,0,0,NA,NA,NA,NA,NA,NA,NA,NA,NA,NA,NA   NA   NA   NA,NA   NA   NA   NA
SHR_2018-02-27 10:17:00,2/27/2018 10:17,SHR,2018,A,FALSE,CLR,NA,NA,9.2,0.9,123,176,7.48,11.09,9.7,10,Low,672962,677781,4819,4819,31.70475316,31.70475316,1,NA,NA,Aquatic Non-Insects,18,Family,Hydridae,Hydridae,Adults,0,0,0,NA,NA,NA,NA,NA,NA,NA,NA,NA,NA,NA   NA   NA   NA,NA   NA   NA   NA
SHR_2018-02-27 10:17:00,2/27/2018 10:17,SHR,2018,A,FALSE,CLR,NA,NA,9.2,0.9,123,176,7.48,11.09,9.7,10,Low,672962,677781,4819,4819,31.70475316,31.70475316,1,NA,NA,Aquatic Non-Insects,18,Family,Hydridae,Hydridae,NotDetermined,5,0.158,0.158,NA,NA,NA,NA,NA,NA,NA,NA,NA,NA,NA   NA   NA   NA,NA   NA   NA   NA
SHR_2018-02-27 10:17:00,2/27/2018 10:17,SHR,2018,A,FALSE,CLR,NA,NA,9.2,0.9,123,176,7.48,11.09,9.7,10,Low,672962,677781,4819,4819,31.70475316,31.70475316,1,NA,NA,Aquatic Non-Insects,19,Family,Corbiculidae,Corbiculidae,Larvae,0,0,0,NA,NA,NA,NA,NA,NA,NA,NA,NA,NA,NA   NA   NA   NA,NA   NA   NA   NA
SHR_2018-02-27 10:17:00,2/27/2018 10:17,SHR,2018,A,FALSE,CLR,NA,NA,9.2,0.9,123,176,7.48,11.09,9.7,10,Low,672962,677781,4819,4819,31.70475316,31.70475316,1,NA,NA,Aquatic Non-Insects,19,Family,Corbiculidae,Corbiculidae,Pupae,0,0,0,NA,NA,NA,NA,NA,NA,NA,NA,NA,NA,NA   NA   NA   NA,NA   NA   NA   NA
SHR_2018-02-27 10:17:00,2/27/2018 10:17,SHR,2018,A,FALSE,CLR,NA,NA,9.2,0.9,123,176,7.48,11.09,9.7,10,Low,672962,677781,4819,4819,31.70475316,31.70475316,1,NA,NA,Aquatic Non-Insects,19,Family,Corbiculidae,Corbiculidae,Nymphs,0,0,0,NA,NA,NA,NA,NA,NA,NA,NA,NA,NA,NA   NA   NA   NA,NA   NA   NA   NA
SHR_2018-02-27 10:17:00,2/27/2018 10:17,SHR,2018,A,FALSE,CLR,NA,NA,9.2,0.9,123,176,7.48,11.09,9.7,10,Low,672962,677781,4819,4819,31.70475316,31.70475316,1,NA,NA,Aquatic Non-Insects,19,Family,Corbiculidae,Corbiculidae,Emergents,0,0,0,NA,NA,NA,NA,NA,NA,NA,NA,NA,NA,NA   NA   NA   NA,NA   NA   NA   NA
SHR_2018-02-27 10:17:00,2/27/2018 10:17,SHR,2018,A,FALSE,CLR,NA,NA,9.2,0.9,123,176,7.48,11.09,9.7,10,Low,672962,677781,4819,4819,31.70475316,31.70475316,1,NA,NA,Aquatic Non-Insects,19,Family,Corbiculidae,Corbiculidae,Adults,0,0,0,NA,NA,NA,NA,NA,NA,NA,NA,NA,NA,NA   NA   NA   NA,NA   NA   NA   NA
SHR_2018-02-27 10:17:00,2/27/2018 10:17,SHR,2018,A,FALSE,CLR,NA,NA,9.2,0.9,123,176,7.48,11.09,9.7,10,Low,672962,677781,4819,4819,31.70475316,31.70475316,1,NA,NA,Aquatic Non-Insects,19,Family,Corbiculidae,Corbiculidae,NotDetermined,4,0.126,0.126,NA,NA,NA,NA,NA,NA,NA,NA,NA,NA,NA   NA   NA   NA,NA   NA   NA   NA
SHR_2018-02-27 10:17:00,2/27/2018 10:17,SHR,2018,A,FALSE,CLR,NA,NA,9.2,0.9,123,176,7.48,11.09,9.7,10,Low,672962,677781,4819,4819,31.70475316,31.70475316,1,NA,NA,Aquatic Non-Insects,106,Family,Lymnaeidae,Lymnaeidae,Larvae,0,0,0,NA,NA,NA,NA,NA,NA,NA,NA,NA,NA,NA   NA   NA   NA,NA   NA   NA   NA
SHR_2018-02-27 10:17:00,2/27/2018 10:17,SHR,2018,A,FALSE,CLR,NA,NA,9.2,0.9,123,176,7.48,11.09,9.7,10,Low,672962,677781,4819,4819,31.70475316,31.70475316,1,NA,NA,Aquatic Non-Insects,106,Family,Lymnaeidae,Lymnaeidae,Pupae,0,0,0,NA,NA,NA,NA,NA,NA,NA,NA,NA,NA,NA   NA   NA   NA,NA   NA   NA   NA
SHR_2018-02-27 10:17:00,2/27/2018 10:17,SHR,2018,A,FALSE,CLR,NA,NA,9.2,0.9,123,176,7.48,11.09,9.7,10,Low,672962,677781,4819,4819,31.70475316,31.70475316,1,NA,NA,Aquatic Non-Insects,106,Family,Lymnaeidae,Lymnaeidae,Nymphs,0,0,0,NA,NA,NA,NA,NA,NA,NA,NA,NA,NA,NA   NA   NA   NA,NA   NA   NA   NA
SHR_2018-02-27 10:17:00,2/27/2018 10:17,SHR,2018,A,FALSE,CLR,NA,NA,9.2,0.9,123,176,7.48,11.09,9.7,10,Low,672962,677781,4819,4819,31.70475316,31.70475316,1,NA,NA,Aquatic Non-Insects,106,Family,Lymnaeidae,Lymnaeidae,Emergents,0,0,0,NA,NA,NA,NA,NA,NA,NA,NA,NA,NA,NA   NA   NA   NA,NA   NA   NA   NA
SHR_2018-02-27 10:17:00,2/27/2018 10:17,SHR,2018,A,FALSE,CLR,NA,NA,9.2,0.9,123,176,7.48,11.09,9.7,10,Low,672962,677781,4819,4819,31.70475316,31.70475316,1,NA,NA,Aquatic Non-Insects,106,Family,Lymnaeidae,Lymnaeidae,Adults,0,0,0,NA,NA,NA,NA,NA,NA,NA,NA,NA,NA,NA   NA   NA   NA,NA   NA   NA   NA
SHR_2018-02-27 10:17:00,2/27/2018 10:17,SHR,2018,A,FALSE,CLR,NA,NA,9.2,0.9,123,176,7.48,11.09,9.7,10,Low,672962,677781,4819,4819,31.70475316,31.70475316,1,NA,NA,Aquatic Non-Insects,106,Family,Lymnaeidae,Lymnaeidae,NotDetermined,1,0.032,0.032,NA,NA,NA,NA,NA,NA,NA,NA,NA,NA,NA   NA   NA   NA,NA   NA   NA   NA
SHR_2018-02-27 10:17:00,2/27/2018 10:17,SHR,2018,A,FALSE,CLR,NA,NA,9.2,0.9,123,176,7.48,11.09,9.7,10,Low,672962,677781,4819,4819,31.70475316,31.70475316,1,NA,NA,Terrestrial Non-Insects,57,Subclass,Acari,Acari,Larvae,0,0,0,NA,NA,NA,NA,NA,NA,NA,NA,NA,NA,NA   NA   NA   NA,NA   NA   NA   NA
SHR_2018-02-27 10:17:00,2/27/2018 10:17,SHR,2018,A,FALSE,CLR,NA,NA,9.2,0.9,123,176,7.48,11.09,9.7,10,Low,672962,677781,4819,4819,31.70475316,31.70475316,1,NA,NA,Terrestrial Non-Insects,57,Subclass,Acari,Acari,Pupae,0,0,0,NA,NA,NA,NA,NA,NA,NA,NA,NA,NA,NA   NA   NA   NA,NA   NA   NA   NA
SHR_2018-02-27 10:17:00,2/27/2018 10:17,SHR,2018,A,FALSE,CLR,NA,NA,9.2,0.9,123,176,7.48,11.09,9.7,10,Low,672962,677781,4819,4819,31.70475316,31.70475316,1,NA,NA,Terrestrial Non-Insects,57,Subclass,Acari,Acari,Nymphs,0,0,0,NA,NA,NA,NA,NA,NA,NA,NA,NA,NA,NA   NA   NA   NA,NA   NA   NA   NA
SHR_2018-02-27 10:17:00,2/27/2018 10:17,SHR,2018,A,FALSE,CLR,NA,NA,9.2,0.9,123,176,7.48,11.09,9.7,10,Low,672962,677781,4819,4819,31.70475316,31.70475316,1,NA,NA,Terrestrial Non-Insects,57,Subclass,Acari,Acari,Emergents,0,0,0,NA,NA,NA,NA,NA,NA,NA,NA,NA,NA,NA   NA   NA   NA,NA   NA   NA   NA
SHR_2018-02-27 10:17:00,2/27/2018 10:17,SHR,2018,A,FALSE,CLR,NA,NA,9.2,0.9,123,176,7.48,11.09,9.7,10,Low,672962,677781,4819,4819,31.70475316,31.70475316,1,NA,NA,Terrestrial Non-Insects,57,Subclass,Acari,Acari,Adults,0,0,0,NA,NA,NA,NA,NA,NA,NA,NA,NA,NA,NA   NA   NA   NA,NA   NA   NA   NA
SHR_2018-02-27 10:17:00,2/27/2018 10:17,SHR,2018,A,FALSE,CLR,NA,NA,9.2,0.9,123,176,7.48,11.09,9.7,10,Low,672962,677781,4819,4819,31.70475316,31.70475316,1,NA,NA,Terrestrial Non-Insects,57,Subclass,Acari,Acari,NotDetermined,1,0.032,0.032,NA,NA,NA,NA,NA,NA,NA,NA,NA,NA,NA   NA   NA   NA,NA   NA   NA   NA
SHR_2018-02-27 10:17:00,2/27/2018 10:17,SHR,2018,A,FALSE,CLR,NA,NA,9.2,0.9,123,176,7.48,11.09,9.7,10,Low,672962,677781,4819,4819,31.70475316,31.70475316,1,NA,NA,Terrestrial Insects,71,Order,Hemiptera,Hemiptera,Larvae,0,0,0,NA,NA,NA,NA,NA,NA,NA,NA,NA,NA,NA   NA   NA   NA,NA   NA   NA   NA
SHR_2018-02-27 10:17:00,2/27/2018 10:17,SHR,2018,A,FALSE,CLR,NA,NA,9.2,0.9,123,176,7.48,11.09,9.7,10,Low,672962,677781,4819,4819,31.70475316,31.70475316,1,NA,NA,Terrestrial Insects,71,Order,Hemiptera,Hemiptera,Pupae,0,0,0,NA,NA,NA,NA,NA,NA,NA,NA,NA,NA,NA   NA   NA   NA,NA   NA   NA   NA
SHR_2018-02-27 10:17:00,2/27/2018 10:17,SHR,2018,A,FALSE,CLR,NA,NA,9.2,0.9,123,176,7.48,11.09,9.7,10,Low,672962,677781,4819,4819,31.70475316,31.70475316,1,NA,NA,Terrestrial Insects,71,Order,Hemiptera,Hemiptera,Nymphs,0,0,0,NA,NA,NA,NA,NA,NA,NA,NA,NA,NA,NA   NA   NA   NA,NA   NA   NA   NA
SHR_2018-02-27 10:17:00,2/27/2018 10:17,SHR,2018,A,FALSE,CLR,NA,NA,9.2,0.9,123,176,7.48,11.09,9.7,10,Low,672962,677781,4819,4819,31.70475316,31.70475316,1,NA,NA,Terrestrial Insects,71,Order,Hemiptera,Hemiptera,Emergents,0,0,0,NA,NA,NA,NA,NA,NA,NA,NA,NA,NA,NA   NA   NA   NA,NA   NA   NA   NA
SHR_2018-02-27 10:17:00,2/27/2018 10:17,SHR,2018,A,FALSE,CLR,NA,NA,9.2,0.9,123,176,7.48,11.09,9.7,10,Low,672962,677781,4819,4819,31.70475316,31.70475316,1,NA,NA,Terrestrial Insects,71,Order,Hemiptera,Hemiptera,Adults,0,0,0,NA,NA,NA,NA,NA,NA,NA,NA,NA,NA,NA   NA   NA   NA,NA   NA   NA   NA
SHR_2018-02-27 10:17:00,2/27/2018 10:17,SHR,2018,A,FALSE,CLR,NA,NA,9.2,0.9,123,176,7.48,11.09,9.7,10,Low,672962,677781,4819,4819,31.70475316,31.70475316,1,NA,NA,Terrestrial Insects,71,Order,Hemiptera,Hemiptera,NotDetermined,1,0.032,0.032,NA,NA,NA,NA,NA,NA,NA,NA,NA,NA,NA   NA   NA   NA,NA   NA   NA   NA
STTD_2018-02-28 09:54:00,2/28/2018 9:54,STTD,2018,A,FALSE,CLR,NA,NA,9.2,0.34,615,881,8.09,11.65,17.6,10,Low,670428,673000,2572,2572,16.9214827,16.9214827,1,NA,NA,Aquatic Insects,34,Family,Chironomidae,Chironomidae,Larvae,0,0,0,NA,NA,NA,NA,NA,NA,NA,NA,NA,NA,NA   NA   NA   NA,NA   NA   NA   NA
STTD_2018-02-28 09:54:00,2/28/2018 9:54,STTD,2018,A,FALSE,CLR,NA,NA,9.2,0.34,615,881,8.09,11.65,17.6,10,Low,670428,673000,2572,2572,16.9214827,16.9214827,1,NA,NA,Aquatic Insects,34,Family,Chironomidae,Chironomidae,Pupae,1,0.059,0.059,NA,NA,NA,NA,NA,NA,NA,NA,NA,NA,NA   NA   NA   NA,NA   NA   NA   NA
STTD_2018-02-28 09:54:00,2/28/2018 9:54,STTD,2018,A,FALSE,CLR,NA,NA,9.2,0.34,615,881,8.09,11.65,17.6,10,Low,670428,673000,2572,2572,16.9214827,16.9214827,1,NA,NA,Aquatic Insects,34,Family,Chironomidae,Chironomidae,Nymphs,0,0,0,NA,NA,NA,NA,NA,NA,NA,NA,NA,NA,NA   NA   NA   NA,NA   NA   NA   NA
STTD_2018-02-28 09:54:00,2/28/2018 9:54,STTD,2018,A,FALSE,CLR,NA,NA,9.2,0.34,615,881,8.09,11.65,17.6,10,Low,670428,673000,2572,2572,16.9214827,16.9214827,1,NA,NA,Aquatic Insects,34,Family,Chironomidae,Chironomidae,Emergents,1,0.059,0.059,NA,NA,NA,NA,NA,NA,NA,NA,NA,NA,NA   NA   NA   NA,NA   NA   NA   NA
STTD_2018-02-28 09:54:00,2/28/2018 9:54,STTD,2018,A,FALSE,CLR,NA,NA,9.2,0.34,615,881,8.09,11.65,17.6,10,Low,670428,673000,2572,2572,16.9214827,16.9214827,1,NA,NA,Aquatic Insects,34,Family,Chironomidae,Chironomidae,Adults,0,0,0,NA,NA,NA,NA,NA,NA,NA,NA,NA,NA,NA   NA   NA   NA,NA   NA   NA   NA
STTD_2018-02-28 09:54:00,2/28/2018 9:54,STTD,2018,A,FALSE,CLR,NA,NA,9.2,0.34,615,881,8.09,11.65,17.6,10,Low,670428,673000,2572,2572,16.9214827,16.9214827,1,NA,NA,Aquatic Insects,34,Family,Chironomidae,Chironomidae,NotDetermined,0,0,0,NA,NA,NA,NA,NA,NA,NA,NA,NA,NA,NA   NA   NA   NA,NA   NA   NA   NA
STTD_2018-02-28 09:54:00,2/28/2018 9:54,STTD,2018,A,FALSE,CLR,NA,NA,9.2,0.34,615,881,8.09,11.65,17.6,10,Low,670428,673000,2572,2572,16.9214827,16.9214827,1,NA,NA,Aquatic Non-Insects,148,Family,Cottidae,Unidentified Sculpin,Larvae,0,0,0,NA,NA,NA,NA,NA,NA,NA,NA,NA,NA,NA   NA   NA   NA,NA   NA   NA   NA
STTD_2018-02-28 09:54:00,2/28/2018 9:54,STTD,2018,A,FALSE,CLR,NA,NA,9.2,0.34,615,881,8.09,11.65,17.6,10,Low,670428,673000,2572,2572,16.9214827,16.9214827,1,NA,NA,Aquatic Non-Insects,148,Family,Cottidae,Unidentified Sculpin,Pupae,0,0,0,NA,NA,NA,NA,NA,NA,NA,NA,NA,NA,NA   NA   NA   NA,NA   NA   NA   NA
STTD_2018-02-28 09:54:00,2/28/2018 9:54,STTD,2018,A,FALSE,CLR,NA,NA,9.2,0.34,615,881,8.09,11.65,17.6,10,Low,670428,673000,2572,2572,16.9214827,16.9214827,1,NA,NA,Aquatic Non-Insects,148,Family,Cottidae,Unidentified Sculpin,Nymphs,0,0,0,NA,NA,NA,NA,NA,NA,NA,NA,NA,NA,NA   NA   NA   NA,NA   NA   NA   NA
STTD_2018-02-28 09:54:00,2/28/2018 9:54,STTD,2018,A,FALSE,CLR,NA,NA,9.2,0.34,615,881,8.09,11.65,17.6,10,Low,670428,673000,2572,2572,16.9214827,16.9214827,1,NA,NA,Aquatic Non-Insects,148,Family,Cottidae,Unidentified Sculpin,Emergents,0,0,0,NA,NA,NA,NA,NA,NA,NA,NA,NA,NA,NA   NA   NA   NA,NA   NA   NA   NA
STTD_2018-02-28 09:54:00,2/28/2018 9:54,STTD,2018,A,FALSE,CLR,NA,NA,9.2,0.34,615,881,8.09,11.65,17.6,10,Low,670428,673000,2572,2572,16.9214827,16.9214827,1,NA,NA,Aquatic Non-Insects,148,Family,Cottidae,Unidentified Sculpin,Adults,0,0,0,NA,NA,NA,NA,NA,NA,NA,NA,NA,NA,NA   NA   NA   NA,NA   NA   NA   NA
STTD_2018-02-28 09:54:00,2/28/2018 9:54,STTD,2018,A,FALSE,CLR,NA,NA,9.2,0.34,615,881,8.09,11.65,17.6,10,Low,670428,673000,2572,2572,16.9214827,16.9214827,1,NA,NA,Aquatic Non-Insects,148,Family,Cottidae,Unidentified Sculpin,NotDetermined,1,0.059,0.059,NA,NA,NA,NA,NA,NA,NA,NA,NA,NA,NA   NA   NA   NA,NA   NA   NA   NA
STTD_2018-02-28 09:54:00,2/28/2018 9:54,STTD,2018,A,FALSE,CLR,NA,NA,9.2,0.34,615,881,8.09,11.65,17.6,10,Low,670428,673000,2572,2572,16.9214827,16.9214827,1,NA,NA,Aquatic Non-Insects,18,Family,Hydridae,Hydridae,Larvae,0,0,0,NA,NA,NA,NA,NA,NA,NA,NA,NA,NA,NA   NA   NA   NA,NA   NA   NA   NA
STTD_2018-02-28 09:54:00,2/28/2018 9:54,STTD,2018,A,FALSE,CLR,NA,NA,9.2,0.34,615,881,8.09,11.65,17.6,10,Low,670428,673000,2572,2572,16.9214827,16.9214827,1,NA,NA,Aquatic Non-Insects,18,Family,Hydridae,Hydridae,Pupae,0,0,0,NA,NA,NA,NA,NA,NA,NA,NA,NA,NA,NA   NA   NA   NA,NA   NA   NA   NA
STTD_2018-02-28 09:54:00,2/28/2018 9:54,STTD,2018,A,FALSE,CLR,NA,NA,9.2,0.34,615,881,8.09,11.65,17.6,10,Low,670428,673000,2572,2572,16.9214827,16.9214827,1,NA,NA,Aquatic Non-Insects,18,Family,Hydridae,Hydridae,Nymphs,0,0,0,NA,NA,NA,NA,NA,NA,NA,NA,NA,NA,NA   NA   NA   NA,NA   NA   NA   NA
STTD_2018-02-28 09:54:00,2/28/2018 9:54,STTD,2018,A,FALSE,CLR,NA,NA,9.2,0.34,615,881,8.09,11.65,17.6,10,Low,670428,673000,2572,2572,16.9214827,16.9214827,1,NA,NA,Aquatic Non-Insects,18,Family,Hydridae,Hydridae,Emergents,0,0,0,NA,NA,NA,NA,NA,NA,NA,NA,NA,NA,NA   NA   NA   NA,NA   NA   NA   NA
STTD_2018-02-28 09:54:00,2/28/2018 9:54,STTD,2018,A,FALSE,CLR,NA,NA,9.2,0.34,615,881,8.09,11.65,17.6,10,Low,670428,673000,2572,2572,16.9214827,16.9214827,1,NA,NA,Aquatic Non-Insects,18,Family,Hydridae,Hydridae,Adults,0,0,0,NA,NA,NA,NA,NA,NA,NA,NA,NA,NA,NA   NA   NA   NA,NA   NA   NA   NA
STTD_2018-02-28 09:54:00,2/28/2018 9:54,STTD,2018,A,FALSE,CLR,NA,NA,9.2,0.34,615,881,8.09,11.65,17.6,10,Low,670428,673000,2572,2572,16.9214827,16.9214827,1,NA,NA,Aquatic Non-Insects,18,Family,Hydridae,Hydridae,NotDetermined,18,1.064,1.064,NA,NA,NA,NA,NA,NA,NA,NA,NA,NA,NA   NA   NA   NA,NA   NA   NA   NA
SHR_2018-03-13 09:40:00,3/13/2018 9:40,SHR,2018,A,TRUE,RAN,NA,NA,14,1,129,164,7.71,10.17,6.1,10,Low,664866,670000,5134,5134,33.77717425,33.77717425,1,NA,NA,Aquatic Insects,30,Family,Dytiscidae,Dytiscidae,Larvae,0,0,0,NA,NA,NA,NA,NA,NA,NA,NA,NA,NA,NA   NA   NA   NA,NA   NA   NA   NA
SHR_2018-03-13 09:40:00,3/13/2018 9:40,SHR,2018,A,TRUE,RAN,NA,NA,14,1,129,164,7.71,10.17,6.1,10,Low,664866,670000,5134,5134,33.77717425,33.77717425,1,NA,NA,Aquatic Insects,30,Family,Dytiscidae,Dytiscidae,Pupae,0,0,0,NA,NA,NA,NA,NA,NA,NA,NA,NA,NA,NA   NA   NA   NA,NA   NA   NA   NA
SHR_2018-03-13 09:40:00,3/13/2018 9:40,SHR,2018,A,TRUE,RAN,NA,NA,14,1,129,164,7.71,10.17,6.1,10,Low,664866,670000,5134,5134,33.77717425,33.77717425,1,NA,NA,Aquatic Insects,30,Family,Dytiscidae,Dytiscidae,Nymphs,0,0,0,NA,NA,NA,NA,NA,NA,NA,NA,NA,NA,NA   NA   NA   NA,NA   NA   NA   NA
SHR_2018-03-13 09:40:00,3/13/2018 9:40,SHR,2018,A,TRUE,RAN,NA,NA,14,1,129,164,7.71,10.17,6.1,10,Low,664866,670000,5134,5134,33.77717425,33.77717425,1,NA,NA,Aquatic Insects,30,Family,Dytiscidae,Dytiscidae,Emergents,0,0,0,NA,NA,NA,NA,NA,NA,NA,NA,NA,NA,NA   NA   NA   NA,NA   NA   NA   NA
SHR_2018-03-13 09:40:00,3/13/2018 9:40,SHR,2018,A,TRUE,RAN,NA,NA,14,1,129,164,7.71,10.17,6.1,10,Low,664866,670000,5134,5134,33.77717425,33.77717425,1,NA,NA,Aquatic Insects,30,Family,Dytiscidae,Dytiscidae,Adults,2,0.059,0.059,NA,NA,NA,NA,NA,NA,NA,NA,NA,NA,NA   NA   NA   NA,NA   NA   NA   NA
SHR_2018-03-13 09:40:00,3/13/2018 9:40,SHR,2018,A,TRUE,RAN,NA,NA,14,1,129,164,7.71,10.17,6.1,10,Low,664866,670000,5134,5134,33.77717425,33.77717425,1,NA,NA,Aquatic Insects,30,Family,Dytiscidae,Dytiscidae,NotDetermined,0,0,0,NA,NA,NA,NA,NA,NA,NA,NA,NA,NA,NA   NA   NA   NA,NA   NA   NA   NA
SHR_2018-03-13 09:40:00,3/13/2018 9:40,SHR,2018,A,TRUE,RAN,NA,NA,14,1,129,164,7.71,10.17,6.1,10,Low,664866,670000,5134,5134,33.77717425,33.77717425,1,NA,NA,Aquatic Insects,32,Family,Ceratopogonidae,Ceratopogonidae,Larvae,0,0,0,NA,NA,NA,NA,NA,NA,NA,NA,NA,NA,NA   NA   NA   NA,NA   NA   NA   NA
SHR_2018-03-13 09:40:00,3/13/2018 9:40,SHR,2018,A,TRUE,RAN,NA,NA,14,1,129,164,7.71,10.17,6.1,10,Low,664866,670000,5134,5134,33.77717425,33.77717425,1,NA,NA,Aquatic Insects,32,Family,Ceratopogonidae,Ceratopogonidae,Pupae,1,0.03,0.03,NA,NA,NA,NA,NA,NA,NA,NA,NA,NA,NA   NA   NA   NA,NA   NA   NA   NA
SHR_2018-03-13 09:40:00,3/13/2018 9:40,SHR,2018,A,TRUE,RAN,NA,NA,14,1,129,164,7.71,10.17,6.1,10,Low,664866,670000,5134,5134,33.77717425,33.77717425,1,NA,NA,Aquatic Insects,32,Family,Ceratopogonidae,Ceratopogonidae,Nymphs,0,0,0,NA,NA,NA,NA,NA,NA,NA,NA,NA,NA,NA   NA   NA   NA,NA   NA   NA   NA
SHR_2018-03-13 09:40:00,3/13/2018 9:40,SHR,2018,A,TRUE,RAN,NA,NA,14,1,129,164,7.71,10.17,6.1,10,Low,664866,670000,5134,5134,33.77717425,33.77717425,1,NA,NA,Aquatic Insects,32,Family,Ceratopogonidae,Ceratopogonidae,Emergents,0,0,0,NA,NA,NA,NA,NA,NA,NA,NA,NA,NA,NA   NA   NA   NA,NA   NA   NA   NA
SHR_2018-03-13 09:40:00,3/13/2018 9:40,SHR,2018,A,TRUE,RAN,NA,NA,14,1,129,164,7.71,10.17,6.1,10,Low,664866,670000,5134,5134,33.77717425,33.77717425,1,NA,NA,Aquatic Insects,32,Family,Ceratopogonidae,Ceratopogonidae,Adults,0,0,0,NA,NA,NA,NA,NA,NA,NA,NA,NA,NA,NA   NA   NA   NA,NA   NA   NA   NA
SHR_2018-03-13 09:40:00,3/13/2018 9:40,SHR,2018,A,TRUE,RAN,NA,NA,14,1,129,164,7.71,10.17,6.1,10,Low,664866,670000,5134,5134,33.77717425,33.77717425,1,NA,NA,Aquatic Insects,32,Family,Ceratopogonidae,Ceratopogonidae,NotDetermined,0,0,0,NA,NA,NA,NA,NA,NA,NA,NA,NA,NA,NA   NA   NA   NA,NA   NA   NA   NA
SHR_2018-03-13 09:40:00,3/13/2018 9:40,SHR,2018,A,TRUE,RAN,NA,NA,14,1,129,164,7.71,10.17,6.1,10,Low,664866,670000,5134,5134,33.77717425,33.77717425,1,NA,NA,Aquatic Insects,34,Family,Chironomidae,Chironomidae,Larvae,27,0.799,0.799,NA,NA,NA,NA,NA,NA,NA,NA,NA,NA,NA   NA   NA   NA,NA   NA   NA   NA
SHR_2018-03-13 09:40:00,3/13/2018 9:40,SHR,2018,A,TRUE,RAN,NA,NA,14,1,129,164,7.71,10.17,6.1,10,Low,664866,670000,5134,5134,33.77717425,33.77717425,1,NA,NA,Aquatic Insects,34,Family,Chironomidae,Chironomidae,Pupae,4,0.118,0.118,NA,NA,NA,NA,NA,NA,NA,NA,NA,NA,NA   NA   NA   NA,NA   NA   NA   NA
SHR_2018-03-13 09:40:00,3/13/2018 9:40,SHR,2018,A,TRUE,RAN,NA,NA,14,1,129,164,7.71,10.17,6.1,10,Low,664866,670000,5134,5134,33.77717425,33.77717425,1,NA,NA,Aquatic Insects,34,Family,Chironomidae,Chironomidae,Nymphs,0,0,0,NA,NA,NA,NA,NA,NA,NA,NA,NA,NA,NA   NA   NA   NA,NA   NA   NA   NA
SHR_2018-03-13 09:40:00,3/13/2018 9:40,SHR,2018,A,TRUE,RAN,NA,NA,14,1,129,164,7.71,10.17,6.1,10,Low,664866,670000,5134,5134,33.77717425,33.77717425,1,NA,NA,Aquatic Insects,34,Family,Chironomidae,Chironomidae,Emergents,0,0,0,NA,NA,NA,NA,NA,NA,NA,NA,NA,NA,NA   NA   NA   NA,NA   NA   NA   NA
SHR_2018-03-13 09:40:00,3/13/2018 9:40,SHR,2018,A,TRUE,RAN,NA,NA,14,1,129,164,7.71,10.17,6.1,10,Low,664866,670000,5134,5134,33.77717425,33.77717425,1,NA,NA,Aquatic Insects,34,Family,Chironomidae,Chironomidae,Adults,42,1.243,1.243,NA,NA,NA,NA,NA,NA,NA,NA,NA,NA,NA   NA   NA   NA,NA   NA   NA   NA
SHR_2018-03-13 09:40:00,3/13/2018 9:40,SHR,2018,A,TRUE,RAN,NA,NA,14,1,129,164,7.71,10.17,6.1,10,Low,664866,670000,5134,5134,33.77717425,33.77717425,1,NA,NA,Aquatic Insects,34,Family,Chironomidae,Chironomidae,NotDetermined,0,0,0,NA,NA,NA,NA,NA,NA,NA,NA,NA,NA,NA   NA   NA   NA,NA   NA   NA   NA
SHR_2018-03-13 09:40:00,3/13/2018 9:40,SHR,2018,A,TRUE,RAN,NA,NA,14,1,129,164,7.71,10.17,6.1,10,Low,664866,670000,5134,5134,33.77717425,33.77717425,1,NA,NA,Aquatic Insects,44,Family,Corixidae,Corixidae,Larvae,0,0,0,NA,NA,NA,NA,NA,NA,NA,NA,NA,NA,NA   NA   NA   NA,NA   NA   NA   NA
SHR_2018-03-13 09:40:00,3/13/2018 9:40,SHR,2018,A,TRUE,RAN,NA,NA,14,1,129,164,7.71,10.17,6.1,10,Low,664866,670000,5134,5134,33.77717425,33.77717425,1,NA,NA,Aquatic Insects,44,Family,Corixidae,Corixidae,Pupae,0,0,0,NA,NA,NA,NA,NA,NA,NA,NA,NA,NA,NA   NA   NA   NA,NA   NA   NA   NA
SHR_2018-03-13 09:40:00,3/13/2018 9:40,SHR,2018,A,TRUE,RAN,NA,NA,14,1,129,164,7.71,10.17,6.1,10,Low,664866,670000,5134,5134,33.77717425,33.77717425,1,NA,NA,Aquatic Insects,44,Family,Corixidae,Corixidae,Nymphs,1,0.03,0.03,NA,NA,NA,NA,NA,NA,NA,NA,NA,NA,NA   NA   NA   NA,NA   NA   NA   NA
SHR_2018-03-13 09:40:00,3/13/2018 9:40,SHR,2018,A,TRUE,RAN,NA,NA,14,1,129,164,7.71,10.17,6.1,10,Low,664866,670000,5134,5134,33.77717425,33.77717425,1,NA,NA,Aquatic Insects,44,Family,Corixidae,Corixidae,Emergents,0,0,0,NA,NA,NA,NA,NA,NA,NA,NA,NA,NA,NA   NA   NA   NA,NA   NA   NA   NA
SHR_2018-03-13 09:40:00,3/13/2018 9:40,SHR,2018,A,TRUE,RAN,NA,NA,14,1,129,164,7.71,10.17,6.1,10,Low,664866,670000,5134,5134,33.77717425,33.77717425,1,NA,NA,Aquatic Insects,44,Family,Corixidae,Corixidae,Adults,0,0,0,NA,NA,NA,NA,NA,NA,NA,NA,NA,NA,NA   NA   NA   NA,NA   NA   NA   NA
SHR_2018-03-13 09:40:00,3/13/2018 9:40,SHR,2018,A,TRUE,RAN,NA,NA,14,1,129,164,7.71,10.17,6.1,10,Low,664866,670000,5134,5134,33.77717425,33.77717425,1,NA,NA,Aquatic Insects,44,Family,Corixidae,Corixidae,NotDetermined,0,0,0,NA,NA,NA,NA,NA,NA,NA,NA,NA,NA,NA   NA   NA   NA,NA   NA   NA   NA
SHR_2018-03-13 09:40:00,3/13/2018 9:40,SHR,2018,A,TRUE,RAN,NA,NA,14,1,129,164,7.71,10.17,6.1,10,Low,664866,670000,5134,5134,33.77717425,33.77717425,1,NA,NA,Aquatic Insects,88,Family,Hydroptilidae,Hydroptilidae,Larvae,0,0,0,NA,NA,NA,NA,NA,NA,NA,NA,NA,NA,NA   NA   NA   NA,NA   NA   NA   NA
SHR_2018-03-13 09:40:00,3/13/2018 9:40,SHR,2018,A,TRUE,RAN,NA,NA,14,1,129,164,7.71,10.17,6.1,10,Low,664866,670000,5134,5134,33.77717425,33.77717425,1,NA,NA,Aquatic Insects,88,Family,Hydroptilidae,Hydroptilidae,Pupae,0,0,0,NA,NA,NA,NA,NA,NA,NA,NA,NA,NA,NA   NA   NA   NA,NA   NA   NA   NA
SHR_2018-03-13 09:40:00,3/13/2018 9:40,SHR,2018,A,TRUE,RAN,NA,NA,14,1,129,164,7.71,10.17,6.1,10,Low,664866,670000,5134,5134,33.77717425,33.77717425,1,NA,NA,Aquatic Insects,88,Family,Hydroptilidae,Hydroptilidae,Nymphs,0,0,0,NA,NA,NA,NA,NA,NA,NA,NA,NA,NA,NA   NA   NA   NA,NA   NA   NA   NA
SHR_2018-03-13 09:40:00,3/13/2018 9:40,SHR,2018,A,TRUE,RAN,NA,NA,14,1,129,164,7.71,10.17,6.1,10,Low,664866,670000,5134,5134,33.77717425,33.77717425,1,NA,NA,Aquatic Insects,88,Family,Hydroptilidae,Hydroptilidae,Emergents,0,0,0,NA,NA,NA,NA,NA,NA,NA,NA,NA,NA,NA   NA   NA   NA,NA   NA   NA   NA
SHR_2018-03-13 09:40:00,3/13/2018 9:40,SHR,2018,A,TRUE,RAN,NA,NA,14,1,129,164,7.71,10.17,6.1,10,Low,664866,670000,5134,5134,33.77717425,33.77717425,1,NA,NA,Aquatic Insects,88,Family,Hydroptilidae,Hydroptilidae,Adults,1,0.03,0.03,NA,NA,NA,NA,NA,NA,NA,NA,NA,NA,NA   NA   NA   NA,NA   NA   NA   NA
SHR_2018-03-13 09:40:00,3/13/2018 9:40,SHR,2018,A,TRUE,RAN,NA,NA,14,1,129,164,7.71,10.17,6.1,10,Low,664866,670000,5134,5134,33.77717425,33.77717425,1,NA,NA,Aquatic Insects,88,Family,Hydroptilidae,Hydroptilidae,NotDetermined,0,0,0,NA,NA,NA,NA,NA,NA,NA,NA,NA,NA,NA   NA   NA   NA,NA   NA   NA   NA
SHR_2018-03-13 09:40:00,3/13/2018 9:40,SHR,2018,A,TRUE,RAN,NA,NA,14,1,129,164,7.71,10.17,6.1,10,Low,664866,670000,5134,5134,33.77717425,33.77717425,1,NA,NA,Aquatic Non-Insects,4,Family,Naididae,Naididae,Larvae,0,0,0,NA,NA,NA,NA,NA,NA,NA,NA,NA,NA,NA   NA   NA   NA,NA   NA   NA   NA
SHR_2018-03-13 09:40:00,3/13/2018 9:40,SHR,2018,A,TRUE,RAN,NA,NA,14,1,129,164,7.71,10.17,6.1,10,Low,664866,670000,5134,5134,33.77717425,33.77717425,1,NA,NA,Aquatic Non-Insects,4,Family,Naididae,Naididae,Pupae,0,0,0,NA,NA,NA,NA,NA,NA,NA,NA,NA,NA,NA   NA   NA   NA,NA   NA   NA   NA
SHR_2018-03-13 09:40:00,3/13/2018 9:40,SHR,2018,A,TRUE,RAN,NA,NA,14,1,129,164,7.71,10.17,6.1,10,Low,664866,670000,5134,5134,33.77717425,33.77717425,1,NA,NA,Aquatic Non-Insects,4,Family,Naididae,Naididae,Nymphs,0,0,0,NA,NA,NA,NA,NA,NA,NA,NA,NA,NA,NA   NA   NA   NA,NA   NA   NA   NA
SHR_2018-03-13 09:40:00,3/13/2018 9:40,SHR,2018,A,TRUE,RAN,NA,NA,14,1,129,164,7.71,10.17,6.1,10,Low,664866,670000,5134,5134,33.77717425,33.77717425,1,NA,NA,Aquatic Non-Insects,4,Family,Naididae,Naididae,Emergents,0,0,0,NA,NA,NA,NA,NA,NA,NA,NA,NA,NA,NA   NA   NA   NA,NA   NA   NA   NA
SHR_2018-03-13 09:40:00,3/13/2018 9:40,SHR,2018,A,TRUE,RAN,NA,NA,14,1,129,164,7.71,10.17,6.1,10,Low,664866,670000,5134,5134,33.77717425,33.77717425,1,NA,NA,Aquatic Non-Insects,4,Family,Naididae,Naididae,Adults,0,0,0,NA,NA,NA,NA,NA,NA,NA,NA,NA,NA,NA   NA   NA   NA,NA   NA   NA   NA
SHR_2018-03-13 09:40:00,3/13/2018 9:40,SHR,2018,A,TRUE,RAN,NA,NA,14,1,129,164,7.71,10.17,6.1,10,Low,664866,670000,5134,5134,33.77717425,33.77717425,1,NA,NA,Aquatic Non-Insects,4,Family,Naididae,Naididae,NotDetermined,2,0.059,0.059,NA,NA,NA,NA,NA,NA,NA,NA,NA,NA,NA   NA   NA   NA,NA   NA   NA   NA
SHR_2018-03-13 09:40:00,3/13/2018 9:40,SHR,2018,A,TRUE,RAN,NA,NA,14,1,129,164,7.71,10.17,6.1,10,Low,664866,670000,5134,5134,33.77717425,33.77717425,1,NA,NA,Aquatic Non-Insects,28,Family,Lebertiidae,Lebertiidae,Larvae,0,0,0,NA,NA,NA,NA,NA,NA,NA,NA,NA,NA,NA   NA   NA   NA,NA   NA   NA   NA
SHR_2018-03-13 09:40:00,3/13/2018 9:40,SHR,2018,A,TRUE,RAN,NA,NA,14,1,129,164,7.71,10.17,6.1,10,Low,664866,670000,5134,5134,33.77717425,33.77717425,1,NA,NA,Aquatic Non-Insects,120,Family,Lebertiidae,Lebertiidae,Larvae,0,0,0,NA,NA,NA,NA,NA,NA,NA,NA,NA,NA,NA   NA   NA   NA,NA   NA   NA   NA
SHR_2018-03-13 09:40:00,3/13/2018 9:40,SHR,2018,A,TRUE,RAN,NA,NA,14,1,129,164,7.71,10.17,6.1,10,Low,664866,670000,5134,5134,33.77717425,33.77717425,1,NA,NA,Aquatic Non-Insects,28,Family,Lebertiidae,Lebertiidae,Pupae,0,0,0,NA,NA,NA,NA,NA,NA,NA,NA,NA,NA,NA   NA   NA   NA,NA   NA   NA   NA
SHR_2018-03-13 09:40:00,3/13/2018 9:40,SHR,2018,A,TRUE,RAN,NA,NA,14,1,129,164,7.71,10.17,6.1,10,Low,664866,670000,5134,5134,33.77717425,33.77717425,1,NA,NA,Aquatic Non-Insects,120,Family,Lebertiidae,Lebertiidae,Pupae,0,0,0,NA,NA,NA,NA,NA,NA,NA,NA,NA,NA,NA   NA   NA   NA,NA   NA   NA   NA
SHR_2018-03-13 09:40:00,3/13/2018 9:40,SHR,2018,A,TRUE,RAN,NA,NA,14,1,129,164,7.71,10.17,6.1,10,Low,664866,670000,5134,5134,33.77717425,33.77717425,1,NA,NA,Aquatic Non-Insects,28,Family,Lebertiidae,Lebertiidae,Nymphs,0,0,0,NA,NA,NA,NA,NA,NA,NA,NA,NA,NA,NA   NA   NA   NA,NA   NA   NA   NA
SHR_2018-03-13 09:40:00,3/13/2018 9:40,SHR,2018,A,TRUE,RAN,NA,NA,14,1,129,164,7.71,10.17,6.1,10,Low,664866,670000,5134,5134,33.77717425,33.77717425,1,NA,NA,Aquatic Non-Insects,120,Family,Lebertiidae,Lebertiidae,Nymphs,0,0,0,NA,NA,NA,NA,NA,NA,NA,NA,NA,NA,NA   NA   NA   NA,NA   NA   NA   NA
SHR_2018-03-13 09:40:00,3/13/2018 9:40,SHR,2018,A,TRUE,RAN,NA,NA,14,1,129,164,7.71,10.17,6.1,10,Low,664866,670000,5134,5134,33.77717425,33.77717425,1,NA,NA,Aquatic Non-Insects,28,Family,Lebertiidae,Lebertiidae,Emergents,0,0,0,NA,NA,NA,NA,NA,NA,NA,NA,NA,NA,NA   NA   NA   NA,NA   NA   NA   NA
SHR_2018-03-13 09:40:00,3/13/2018 9:40,SHR,2018,A,TRUE,RAN,NA,NA,14,1,129,164,7.71,10.17,6.1,10,Low,664866,670000,5134,5134,33.77717425,33.77717425,1,NA,NA,Aquatic Non-Insects,120,Family,Lebertiidae,Lebertiidae,Emergents,0,0,0,NA,NA,NA,NA,NA,NA,NA,NA,NA,NA,NA   NA   NA   NA,NA   NA   NA   NA
SHR_2018-03-13 09:40:00,3/13/2018 9:40,SHR,2018,A,TRUE,RAN,NA,NA,14,1,129,164,7.71,10.17,6.1,10,Low,664866,670000,5134,5134,33.77717425,33.77717425,1,NA,NA,Aquatic Non-Insects,28,Family,Lebertiidae,Lebertiidae,Adults,0,0,0,NA,NA,NA,NA,NA,NA,NA,NA,NA,NA,NA   NA   NA   NA,NA   NA   NA   NA
SHR_2018-03-13 09:40:00,3/13/2018 9:40,SHR,2018,A,TRUE,RAN,NA,NA,14,1,129,164,7.71,10.17,6.1,10,Low,664866,670000,5134,5134,33.77717425,33.77717425,1,NA,NA,Aquatic Non-Insects,120,Family,Lebertiidae,Lebertiidae,Adults,0,0,0,NA,NA,NA,NA,NA,NA,NA,NA,NA,NA,NA   NA   NA   NA,NA   NA   NA   NA
SHR_2018-03-13 09:40:00,3/13/2018 9:40,SHR,2018,A,TRUE,RAN,NA,NA,14,1,129,164,7.71,10.17,6.1,10,Low,664866,670000,5134,5134,33.77717425,33.77717425,1,NA,NA,Aquatic Non-Insects,28,Family,Lebertiidae,Lebertiidae,NotDetermined,3,0.089,0.089,NA,NA,NA,NA,NA,NA,NA,NA,NA,NA,NA   NA   NA   NA,NA   NA   NA   NA
SHR_2018-03-13 09:40:00,3/13/2018 9:40,SHR,2018,A,TRUE,RAN,NA,NA,14,1,129,164,7.71,10.17,6.1,10,Low,664866,670000,5134,5134,33.77717425,33.77717425,1,NA,NA,Aquatic Non-Insects,120,Family,Lebertiidae,Lebertiidae,NotDetermined,3,0.089,0.089,NA,NA,NA,NA,NA,NA,NA,NA,NA,NA,NA   NA   NA   NA,NA   NA   NA   NA
SHR_2018-03-13 09:40:00,3/13/2018 9:40,SHR,2018,A,TRUE,RAN,NA,NA,14,1,129,164,7.71,10.17,6.1,10,Low,664866,670000,5134,5134,33.77717425,33.77717425,1,NA,NA,Aquatic Non-Insects,9,Family,Corophiidae,Corophiidae,Larvae,0,0,0,NA,NA,NA,NA,NA,NA,NA,NA,NA,NA,NA   NA   NA   NA,NA   NA   NA   NA
SHR_2018-03-13 09:40:00,3/13/2018 9:40,SHR,2018,A,TRUE,RAN,NA,NA,14,1,129,164,7.71,10.17,6.1,10,Low,664866,670000,5134,5134,33.77717425,33.77717425,1,NA,NA,Aquatic Non-Insects,9,Family,Corophiidae,Corophiidae,Pupae,0,0,0,NA,NA,NA,NA,NA,NA,NA,NA,NA,NA,NA   NA   NA   NA,NA   NA   NA   NA
SHR_2018-03-13 09:40:00,3/13/2018 9:40,SHR,2018,A,TRUE,RAN,NA,NA,14,1,129,164,7.71,10.17,6.1,10,Low,664866,670000,5134,5134,33.77717425,33.77717425,1,NA,NA,Aquatic Non-Insects,9,Family,Corophiidae,Corophiidae,Nymphs,0,0,0,NA,NA,NA,NA,NA,NA,NA,NA,NA,NA,NA   NA   NA   NA,NA   NA   NA   NA
SHR_2018-03-13 09:40:00,3/13/2018 9:40,SHR,2018,A,TRUE,RAN,NA,NA,14,1,129,164,7.71,10.17,6.1,10,Low,664866,670000,5134,5134,33.77717425,33.77717425,1,NA,NA,Aquatic Non-Insects,9,Family,Corophiidae,Corophiidae,Emergents,0,0,0,NA,NA,NA,NA,NA,NA,NA,NA,NA,NA,NA   NA   NA   NA,NA   NA   NA   NA
SHR_2018-03-13 09:40:00,3/13/2018 9:40,SHR,2018,A,TRUE,RAN,NA,NA,14,1,129,164,7.71,10.17,6.1,10,Low,664866,670000,5134,5134,33.77717425,33.77717425,1,NA,NA,Aquatic Non-Insects,9,Family,Corophiidae,Corophiidae,Adults,0,0,0,NA,NA,NA,NA,NA,NA,NA,NA,NA,NA,NA   NA   NA   NA,NA   NA   NA   NA
SHR_2018-03-13 09:40:00,3/13/2018 9:40,SHR,2018,A,TRUE,RAN,NA,NA,14,1,129,164,7.71,10.17,6.1,10,Low,664866,670000,5134,5134,33.77717425,33.77717425,1,NA,NA,Aquatic Non-Insects,9,Family,Corophiidae,Corophiidae,NotDetermined,2,0.059,0.059,NA,NA,NA,NA,NA,NA,NA,NA,NA,NA,NA   NA   NA   NA,NA   NA   NA   NA
SHR_2018-03-13 09:40:00,3/13/2018 9:40,SHR,2018,A,TRUE,RAN,NA,NA,14,1,129,164,7.71,10.17,6.1,10,Low,664866,670000,5134,5134,33.77717425,33.77717425,1,NA,NA,Aquatic Non-Insects,15,Family,Hyalellidae,Hyalellidae,Larvae,0,0,0,NA,NA,NA,NA,NA,NA,NA,NA,NA,NA,NA   NA   NA   NA,NA   NA   NA   NA
SHR_2018-03-13 09:40:00,3/13/2018 9:40,SHR,2018,A,TRUE,RAN,NA,NA,14,1,129,164,7.71,10.17,6.1,10,Low,664866,670000,5134,5134,33.77717425,33.77717425,1,NA,NA,Aquatic Non-Insects,15,Family,Hyalellidae,Hyalellidae,Pupae,0,0,0,NA,NA,NA,NA,NA,NA,NA,NA,NA,NA,NA   NA   NA   NA,NA   NA   NA   NA
SHR_2018-03-13 09:40:00,3/13/2018 9:40,SHR,2018,A,TRUE,RAN,NA,NA,14,1,129,164,7.71,10.17,6.1,10,Low,664866,670000,5134,5134,33.77717425,33.77717425,1,NA,NA,Aquatic Non-Insects,15,Family,Hyalellidae,Hyalellidae,Nymphs,0,0,0,NA,NA,NA,NA,NA,NA,NA,NA,NA,NA,NA   NA   NA   NA,NA   NA   NA   NA
SHR_2018-03-13 09:40:00,3/13/2018 9:40,SHR,2018,A,TRUE,RAN,NA,NA,14,1,129,164,7.71,10.17,6.1,10,Low,664866,670000,5134,5134,33.77717425,33.77717425,1,NA,NA,Aquatic Non-Insects,15,Family,Hyalellidae,Hyalellidae,Emergents,0,0,0,NA,NA,NA,NA,NA,NA,NA,NA,NA,NA,NA   NA   NA   NA,NA   NA   NA   NA
SHR_2018-03-13 09:40:00,3/13/2018 9:40,SHR,2018,A,TRUE,RAN,NA,NA,14,1,129,164,7.71,10.17,6.1,10,Low,664866,670000,5134,5134,33.77717425,33.77717425,1,NA,NA,Aquatic Non-Insects,15,Family,Hyalellidae,Hyalellidae,Adults,0,0,0,NA,NA,NA,NA,NA,NA,NA,NA,NA,NA,NA   NA   NA   NA,NA   NA   NA   NA
SHR_2018-03-13 09:40:00,3/13/2018 9:40,SHR,2018,A,TRUE,RAN,NA,NA,14,1,129,164,7.71,10.17,6.1,10,Low,664866,670000,5134,5134,33.77717425,33.77717425,1,NA,NA,Aquatic Non-Insects,15,Family,Hyalellidae,Hyalellidae,NotDetermined,2,0.059,0.059,NA,NA,NA,NA,NA,NA,NA,NA,NA,NA,NA   NA   NA   NA,NA   NA   NA   NA
SHR_2018-03-13 09:40:00,3/13/2018 9:40,SHR,2018,A,TRUE,RAN,NA,NA,14,1,129,164,7.71,10.17,6.1,10,Low,664866,670000,5134,5134,33.77717425,33.77717425,1,NA,NA,Aquatic Non-Insects,18,Family,Hydridae,Hydridae,Larvae,0,0,0,NA,NA,NA,NA,NA,NA,NA,NA,NA,NA,NA   NA   NA   NA,NA   NA   NA   NA
SHR_2018-03-13 09:40:00,3/13/2018 9:40,SHR,2018,A,TRUE,RAN,NA,NA,14,1,129,164,7.71,10.17,6.1,10,Low,664866,670000,5134,5134,33.77717425,33.77717425,1,NA,NA,Aquatic Non-Insects,18,Family,Hydridae,Hydridae,Pupae,0,0,0,NA,NA,NA,NA,NA,NA,NA,NA,NA,NA,NA   NA   NA   NA,NA   NA   NA   NA
SHR_2018-03-13 09:40:00,3/13/2018 9:40,SHR,2018,A,TRUE,RAN,NA,NA,14,1,129,164,7.71,10.17,6.1,10,Low,664866,670000,5134,5134,33.77717425,33.77717425,1,NA,NA,Aquatic Non-Insects,18,Family,Hydridae,Hydridae,Nymphs,0,0,0,NA,NA,NA,NA,NA,NA,NA,NA,NA,NA,NA   NA   NA   NA,NA   NA   NA   NA
SHR_2018-03-13 09:40:00,3/13/2018 9:40,SHR,2018,A,TRUE,RAN,NA,NA,14,1,129,164,7.71,10.17,6.1,10,Low,664866,670000,5134,5134,33.77717425,33.77717425,1,NA,NA,Aquatic Non-Insects,18,Family,Hydridae,Hydridae,Emergents,0,0,0,NA,NA,NA,NA,NA,NA,NA,NA,NA,NA,NA   NA   NA   NA,NA   NA   NA   NA
SHR_2018-03-13 09:40:00,3/13/2018 9:40,SHR,2018,A,TRUE,RAN,NA,NA,14,1,129,164,7.71,10.17,6.1,10,Low,664866,670000,5134,5134,33.77717425,33.77717425,1,NA,NA,Aquatic Non-Insects,18,Family,Hydridae,Hydridae,Adults,0,0,0,NA,NA,NA,NA,NA,NA,NA,NA,NA,NA,NA   NA   NA   NA,NA   NA   NA   NA
SHR_2018-03-13 09:40:00,3/13/2018 9:40,SHR,2018,A,TRUE,RAN,NA,NA,14,1,129,164,7.71,10.17,6.1,10,Low,664866,670000,5134,5134,33.77717425,33.77717425,1,NA,NA,Aquatic Non-Insects,18,Family,Hydridae,Hydridae,NotDetermined,1,0.03,0.03,NA,NA,NA,NA,NA,NA,NA,NA,NA,NA,NA   NA   NA   NA,NA   NA   NA   NA
SHR_2018-03-13 09:40:00,3/13/2018 9:40,SHR,2018,A,TRUE,RAN,NA,NA,14,1,129,164,7.71,10.17,6.1,10,Low,664866,670000,5134,5134,33.77717425,33.77717425,1,NA,NA,Aquatic Non-Insects,19,Family,Corbiculidae,Corbiculidae,Larvae,0,0,0,NA,NA,NA,NA,NA,NA,NA,NA,NA,NA,NA   NA   NA   NA,NA   NA   NA   NA
SHR_2018-03-13 09:40:00,3/13/2018 9:40,SHR,2018,A,TRUE,RAN,NA,NA,14,1,129,164,7.71,10.17,6.1,10,Low,664866,670000,5134,5134,33.77717425,33.77717425,1,NA,NA,Aquatic Non-Insects,19,Family,Corbiculidae,Corbiculidae,Pupae,0,0,0,NA,NA,NA,NA,NA,NA,NA,NA,NA,NA,NA   NA   NA   NA,NA   NA   NA   NA
SHR_2018-03-13 09:40:00,3/13/2018 9:40,SHR,2018,A,TRUE,RAN,NA,NA,14,1,129,164,7.71,10.17,6.1,10,Low,664866,670000,5134,5134,33.77717425,33.77717425,1,NA,NA,Aquatic Non-Insects,19,Family,Corbiculidae,Corbiculidae,Nymphs,0,0,0,NA,NA,NA,NA,NA,NA,NA,NA,NA,NA,NA   NA   NA   NA,NA   NA   NA   NA
SHR_2018-03-13 09:40:00,3/13/2018 9:40,SHR,2018,A,TRUE,RAN,NA,NA,14,1,129,164,7.71,10.17,6.1,10,Low,664866,670000,5134,5134,33.77717425,33.77717425,1,NA,NA,Aquatic Non-Insects,19,Family,Corbiculidae,Corbiculidae,Emergents,0,0,0,NA,NA,NA,NA,NA,NA,NA,NA,NA,NA,NA   NA   NA   NA,NA   NA   NA   NA
SHR_2018-03-13 09:40:00,3/13/2018 9:40,SHR,2018,A,TRUE,RAN,NA,NA,14,1,129,164,7.71,10.17,6.1,10,Low,664866,670000,5134,5134,33.77717425,33.77717425,1,NA,NA,Aquatic Non-Insects,19,Family,Corbiculidae,Corbiculidae,Adults,0,0,0,NA,NA,NA,NA,NA,NA,NA,NA,NA,NA,NA   NA   NA   NA,NA   NA   NA   NA
SHR_2018-03-13 09:40:00,3/13/2018 9:40,SHR,2018,A,TRUE,RAN,NA,NA,14,1,129,164,7.71,10.17,6.1,10,Low,664866,670000,5134,5134,33.77717425,33.77717425,1,NA,NA,Aquatic Non-Insects,19,Family,Corbiculidae,Corbiculidae,NotDetermined,3,0.089,0.089,NA,NA,NA,NA,NA,NA,NA,NA,NA,NA,NA   NA   NA   NA,NA   NA   NA   NA
SHR_2018-03-13 09:40:00,3/13/2018 9:40,SHR,2018,A,TRUE,RAN,NA,NA,14,1,129,164,7.71,10.17,6.1,10,Low,664866,670000,5134,5134,33.77717425,33.77717425,1,NA,NA,Terrestrial Insects,63,Order,Coleoptera,Coleoptera,Larvae,0,0,0,NA,NA,NA,NA,NA,NA,NA,NA,NA,NA,NA   NA   NA   NA,NA   NA   NA   NA
SHR_2018-03-13 09:40:00,3/13/2018 9:40,SHR,2018,A,TRUE,RAN,NA,NA,14,1,129,164,7.71,10.17,6.1,10,Low,664866,670000,5134,5134,33.77717425,33.77717425,1,NA,NA,Terrestrial Insects,63,Order,Coleoptera,Coleoptera,Pupae,0,0,0,NA,NA,NA,NA,NA,NA,NA,NA,NA,NA,NA   NA   NA   NA,NA   NA   NA   NA
SHR_2018-03-13 09:40:00,3/13/2018 9:40,SHR,2018,A,TRUE,RAN,NA,NA,14,1,129,164,7.71,10.17,6.1,10,Low,664866,670000,5134,5134,33.77717425,33.77717425,1,NA,NA,Terrestrial Insects,63,Order,Coleoptera,Coleoptera,Nymphs,0,0,0,NA,NA,NA,NA,NA,NA,NA,NA,NA,NA,NA   NA   NA   NA,NA   NA   NA   NA
SHR_2018-03-13 09:40:00,3/13/2018 9:40,SHR,2018,A,TRUE,RAN,NA,NA,14,1,129,164,7.71,10.17,6.1,10,Low,664866,670000,5134,5134,33.77717425,33.77717425,1,NA,NA,Terrestrial Insects,63,Order,Coleoptera,Coleoptera,Emergents,0,0,0,NA,NA,NA,NA,NA,NA,NA,NA,NA,NA,NA   NA   NA   NA,NA   NA   NA   NA
SHR_2018-03-13 09:40:00,3/13/2018 9:40,SHR,2018,A,TRUE,RAN,NA,NA,14,1,129,164,7.71,10.17,6.1,10,Low,664866,670000,5134,5134,33.77717425,33.77717425,1,NA,NA,Terrestrial Insects,63,Order,Coleoptera,Coleoptera,Adults,2,0.059,0.059,NA,NA,NA,NA,NA,NA,NA,NA,NA,NA,NA   NA   NA   NA,NA   NA   NA   NA
SHR_2018-03-13 09:40:00,3/13/2018 9:40,SHR,2018,A,TRUE,RAN,NA,NA,14,1,129,164,7.71,10.17,6.1,10,Low,664866,670000,5134,5134,33.77717425,33.77717425,1,NA,NA,Terrestrial Insects,63,Order,Coleoptera,Coleoptera,NotDetermined,0,0,0,NA,NA,NA,NA,NA,NA,NA,NA,NA,NA,NA   NA   NA   NA,NA   NA   NA   NA
SHR_2018-03-13 09:40:00,3/13/2018 9:40,SHR,2018,A,TRUE,RAN,NA,NA,14,1,129,164,7.71,10.17,6.1,10,Low,664866,670000,5134,5134,33.77717425,33.77717425,1,NA,NA,Terrestrial Insects,64,Order,Diptera,Diptera,Larvae,0,0,0,NA,NA,NA,NA,NA,NA,NA,NA,NA,NA,NA   NA   NA   NA,NA   NA   NA   NA
SHR_2018-03-13 09:40:00,3/13/2018 9:40,SHR,2018,A,TRUE,RAN,NA,NA,14,1,129,164,7.71,10.17,6.1,10,Low,664866,670000,5134,5134,33.77717425,33.77717425,1,NA,NA,Terrestrial Insects,64,Order,Diptera,Diptera,Pupae,0,0,0,NA,NA,NA,NA,NA,NA,NA,NA,NA,NA,NA   NA   NA   NA,NA   NA   NA   NA
SHR_2018-03-13 09:40:00,3/13/2018 9:40,SHR,2018,A,TRUE,RAN,NA,NA,14,1,129,164,7.71,10.17,6.1,10,Low,664866,670000,5134,5134,33.77717425,33.77717425,1,NA,NA,Terrestrial Insects,64,Order,Diptera,Diptera,Nymphs,0,0,0,NA,NA,NA,NA,NA,NA,NA,NA,NA,NA,NA   NA   NA   NA,NA   NA   NA   NA
SHR_2018-03-13 09:40:00,3/13/2018 9:40,SHR,2018,A,TRUE,RAN,NA,NA,14,1,129,164,7.71,10.17,6.1,10,Low,664866,670000,5134,5134,33.77717425,33.77717425,1,NA,NA,Terrestrial Insects,64,Order,Diptera,Diptera,Emergents,0,0,0,NA,NA,NA,NA,NA,NA,NA,NA,NA,NA,NA   NA   NA   NA,NA   NA   NA   NA
SHR_2018-03-13 09:40:00,3/13/2018 9:40,SHR,2018,A,TRUE,RAN,NA,NA,14,1,129,164,7.71,10.17,6.1,10,Low,664866,670000,5134,5134,33.77717425,33.77717425,1,NA,NA,Terrestrial Insects,64,Order,Diptera,Diptera,Adults,3,0.089,0.089,NA,NA,NA,NA,NA,NA,NA,NA,NA,NA,NA   NA   NA   NA,NA   NA   NA   NA
SHR_2018-03-13 09:40:00,3/13/2018 9:40,SHR,2018,A,TRUE,RAN,NA,NA,14,1,129,164,7.71,10.17,6.1,10,Low,664866,670000,5134,5134,33.77717425,33.77717425,1,NA,NA,Terrestrial Insects,64,Order,Diptera,Diptera,NotDetermined,0,0,0,NA,NA,NA,NA,NA,NA,NA,NA,NA,NA,NA   NA   NA   NA,NA   NA   NA   NA
SHR_2018-03-13 09:40:00,3/13/2018 9:40,SHR,2018,A,TRUE,RAN,NA,NA,14,1,129,164,7.71,10.17,6.1,10,Low,664866,670000,5134,5134,33.77717425,33.77717425,1,NA,NA,Terrestrial Insects,71,Order,Hemiptera,Hemiptera,Larvae,0,0,0,NA,NA,NA,NA,NA,NA,NA,NA,NA,NA,NA   NA   NA   NA,NA   NA   NA   NA
SHR_2018-03-13 09:40:00,3/13/2018 9:40,SHR,2018,A,TRUE,RAN,NA,NA,14,1,129,164,7.71,10.17,6.1,10,Low,664866,670000,5134,5134,33.77717425,33.77717425,1,NA,NA,Terrestrial Insects,71,Order,Hemiptera,Hemiptera,Pupae,0,0,0,NA,NA,NA,NA,NA,NA,NA,NA,NA,NA,NA   NA   NA   NA,NA   NA   NA   NA
SHR_2018-03-13 09:40:00,3/13/2018 9:40,SHR,2018,A,TRUE,RAN,NA,NA,14,1,129,164,7.71,10.17,6.1,10,Low,664866,670000,5134,5134,33.77717425,33.77717425,1,NA,NA,Terrestrial Insects,71,Order,Hemiptera,Hemiptera,Nymphs,0,0,0,NA,NA,NA,NA,NA,NA,NA,NA,NA,NA,NA   NA   NA   NA,NA   NA   NA   NA
SHR_2018-03-13 09:40:00,3/13/2018 9:40,SHR,2018,A,TRUE,RAN,NA,NA,14,1,129,164,7.71,10.17,6.1,10,Low,664866,670000,5134,5134,33.77717425,33.77717425,1,NA,NA,Terrestrial Insects,71,Order,Hemiptera,Hemiptera,Emergents,0,0,0,NA,NA,NA,NA,NA,NA,NA,NA,NA,NA,NA   NA   NA   NA,NA   NA   NA   NA
SHR_2018-03-13 09:40:00,3/13/2018 9:40,SHR,2018,A,TRUE,RAN,NA,NA,14,1,129,164,7.71,10.17,6.1,10,Low,664866,670000,5134,5134,33.77717425,33.77717425,1,NA,NA,Terrestrial Insects,71,Order,Hemiptera,Hemiptera,Adults,11,0.326,0.326,NA,NA,NA,NA,NA,NA,NA,NA,NA,NA,NA   NA   NA   NA,NA   NA   NA   NA
SHR_2018-03-13 09:40:00,3/13/2018 9:40,SHR,2018,A,TRUE,RAN,NA,NA,14,1,129,164,7.71,10.17,6.1,10,Low,664866,670000,5134,5134,33.77717425,33.77717425,1,NA,NA,Terrestrial Insects,71,Order,Hemiptera,Hemiptera,NotDetermined,0,0,0,NA,NA,NA,NA,NA,NA,NA,NA,NA,NA,NA   NA   NA   NA,NA   NA   NA   NA
SHR_2018-03-13 09:40:00,3/13/2018 9:40,SHR,2018,A,TRUE,RAN,NA,NA,14,1,129,164,7.71,10.17,6.1,10,Low,664866,670000,5134,5134,33.77717425,33.77717425,1,NA,NA,Terrestrial Insects,66,Order,Hymenoptera,Hymenoptera,Larvae,0,0,0,NA,NA,NA,NA,NA,NA,NA,NA,NA,NA,NA   NA   NA   NA,NA   NA   NA   NA
SHR_2018-03-13 09:40:00,3/13/2018 9:40,SHR,2018,A,TRUE,RAN,NA,NA,14,1,129,164,7.71,10.17,6.1,10,Low,664866,670000,5134,5134,33.77717425,33.77717425,1,NA,NA,Terrestrial Insects,66,Order,Hymenoptera,Hymenoptera,Pupae,0,0,0,NA,NA,NA,NA,NA,NA,NA,NA,NA,NA,NA   NA   NA   NA,NA   NA   NA   NA
SHR_2018-03-13 09:40:00,3/13/2018 9:40,SHR,2018,A,TRUE,RAN,NA,NA,14,1,129,164,7.71,10.17,6.1,10,Low,664866,670000,5134,5134,33.77717425,33.77717425,1,NA,NA,Terrestrial Insects,66,Order,Hymenoptera,Hymenoptera,Nymphs,0,0,0,NA,NA,NA,NA,NA,NA,NA,NA,NA,NA,NA   NA   NA   NA,NA   NA   NA   NA
SHR_2018-03-13 09:40:00,3/13/2018 9:40,SHR,2018,A,TRUE,RAN,NA,NA,14,1,129,164,7.71,10.17,6.1,10,Low,664866,670000,5134,5134,33.77717425,33.77717425,1,NA,NA,Terrestrial Insects,66,Order,Hymenoptera,Hymenoptera,Emergents,0,0,0,NA,NA,NA,NA,NA,NA,NA,NA,NA,NA,NA   NA   NA   NA,NA   NA   NA   NA
SHR_2018-03-13 09:40:00,3/13/2018 9:40,SHR,2018,A,TRUE,RAN,NA,NA,14,1,129,164,7.71,10.17,6.1,10,Low,664866,670000,5134,5134,33.77717425,33.77717425,1,NA,NA,Terrestrial Insects,66,Order,Hymenoptera,Hymenoptera,Adults,3,0.089,0.089,NA,NA,NA,NA,NA,NA,NA,NA,NA,NA,NA   NA   NA   NA,NA   NA   NA   NA
SHR_2018-03-13 09:40:00,3/13/2018 9:40,SHR,2018,A,TRUE,RAN,NA,NA,14,1,129,164,7.71,10.17,6.1,10,Low,664866,670000,5134,5134,33.77717425,33.77717425,1,NA,NA,Terrestrial Insects,66,Order,Hymenoptera,Hymenoptera,NotDetermined,0,0,0,NA,NA,NA,NA,NA,NA,NA,NA,NA,NA,NA   NA   NA   NA,NA   NA   NA   NA
SHR_2018-03-13 09:40:00,3/13/2018 9:40,SHR,2018,A,TRUE,RAN,NA,NA,14,1,129,164,7.71,10.17,6.1,10,Low,664866,670000,5134,5134,33.77717425,33.77717425,1,NA,NA,Terrestrial Insects,85,Order,Thysanoptera,Thysanoptera,Larvae,0,0,0,NA,NA,NA,NA,NA,NA,NA,NA,NA,NA,NA   NA   NA   NA,NA   NA   NA   NA
SHR_2018-03-13 09:40:00,3/13/2018 9:40,SHR,2018,A,TRUE,RAN,NA,NA,14,1,129,164,7.71,10.17,6.1,10,Low,664866,670000,5134,5134,33.77717425,33.77717425,1,NA,NA,Terrestrial Insects,85,Order,Thysanoptera,Thysanoptera,Pupae,0,0,0,NA,NA,NA,NA,NA,NA,NA,NA,NA,NA,NA   NA   NA   NA,NA   NA   NA   NA
SHR_2018-03-13 09:40:00,3/13/2018 9:40,SHR,2018,A,TRUE,RAN,NA,NA,14,1,129,164,7.71,10.17,6.1,10,Low,664866,670000,5134,5134,33.77717425,33.77717425,1,NA,NA,Terrestrial Insects,85,Order,Thysanoptera,Thysanoptera,Nymphs,0,0,0,NA,NA,NA,NA,NA,NA,NA,NA,NA,NA,NA   NA   NA   NA,NA   NA   NA   NA
SHR_2018-03-13 09:40:00,3/13/2018 9:40,SHR,2018,A,TRUE,RAN,NA,NA,14,1,129,164,7.71,10.17,6.1,10,Low,664866,670000,5134,5134,33.77717425,33.77717425,1,NA,NA,Terrestrial Insects,85,Order,Thysanoptera,Thysanoptera,Emergents,0,0,0,NA,NA,NA,NA,NA,NA,NA,NA,NA,NA,NA   NA   NA   NA,NA   NA   NA   NA
SHR_2018-03-13 09:40:00,3/13/2018 9:40,SHR,2018,A,TRUE,RAN,NA,NA,14,1,129,164,7.71,10.17,6.1,10,Low,664866,670000,5134,5134,33.77717425,33.77717425,1,NA,NA,Terrestrial Insects,85,Order,Thysanoptera,Thysanoptera,Adults,1,0.03,0.03,NA,NA,NA,NA,NA,NA,NA,NA,NA,NA,NA   NA   NA   NA,NA   NA   NA   NA
SHR_2018-03-13 09:40:00,3/13/2018 9:40,SHR,2018,A,TRUE,RAN,NA,NA,14,1,129,164,7.71,10.17,6.1,10,Low,664866,670000,5134,5134,33.77717425,33.77717425,1,NA,NA,Terrestrial Insects,85,Order,Thysanoptera,Thysanoptera,NotDetermined,0,0,0,NA,NA,NA,NA,NA,NA,NA,NA,NA,NA,NA   NA   NA   NA,NA   NA   NA   NA
STTD_2018-03-14 09:48:00,3/14/2018 9:48,STTD,2018,A,TRUE,CLD,NA,NA,14.9,0.37,640,793,7.95,7.56,21.2,10,Low,663130,665000,1870,1870,12.30294426,12.30294426,1,Ebb tide sampled from RSTR,NA,Aquatic Insects,33,Family,Chaoboridae,Chaoboridae,Larvae,1,0.081,0.081,NA,NA,NA,NA,NA,NA,NA,NA,NA,NA,NA   NA   NA   NA,NA   NA   NA   NA
STTD_2018-03-14 09:48:00,3/14/2018 9:48,STTD,2018,A,TRUE,CLD,NA,NA,14.9,0.37,640,793,7.95,7.56,21.2,10,Low,663130,665000,1870,1870,12.30294426,12.30294426,1,Ebb tide sampled from RSTR,NA,Aquatic Insects,33,Family,Chaoboridae,Chaoboridae,Pupae,0,0,0,NA,NA,NA,NA,NA,NA,NA,NA,NA,NA,NA   NA   NA   NA,NA   NA   NA   NA
STTD_2018-03-14 09:48:00,3/14/2018 9:48,STTD,2018,A,TRUE,CLD,NA,NA,14.9,0.37,640,793,7.95,7.56,21.2,10,Low,663130,665000,1870,1870,12.30294426,12.30294426,1,Ebb tide sampled from RSTR,NA,Aquatic Insects,33,Family,Chaoboridae,Chaoboridae,Nymphs,0,0,0,NA,NA,NA,NA,NA,NA,NA,NA,NA,NA,NA   NA   NA   NA,NA   NA   NA   NA
STTD_2018-03-14 09:48:00,3/14/2018 9:48,STTD,2018,A,TRUE,CLD,NA,NA,14.9,0.37,640,793,7.95,7.56,21.2,10,Low,663130,665000,1870,1870,12.30294426,12.30294426,1,Ebb tide sampled from RSTR,NA,Aquatic Insects,33,Family,Chaoboridae,Chaoboridae,Emergents,0,0,0,NA,NA,NA,NA,NA,NA,NA,NA,NA,NA,NA   NA   NA   NA,NA   NA   NA   NA
STTD_2018-03-14 09:48:00,3/14/2018 9:48,STTD,2018,A,TRUE,CLD,NA,NA,14.9,0.37,640,793,7.95,7.56,21.2,10,Low,663130,665000,1870,1870,12.30294426,12.30294426,1,Ebb tide sampled from RSTR,NA,Aquatic Insects,33,Family,Chaoboridae,Chaoboridae,Adults,0,0,0,NA,NA,NA,NA,NA,NA,NA,NA,NA,NA,NA   NA   NA   NA,NA   NA   NA   NA
STTD_2018-03-14 09:48:00,3/14/2018 9:48,STTD,2018,A,TRUE,CLD,NA,NA,14.9,0.37,640,793,7.95,7.56,21.2,10,Low,663130,665000,1870,1870,12.30294426,12.30294426,1,Ebb tide sampled from RSTR,NA,Aquatic Insects,33,Family,Chaoboridae,Chaoboridae,NotDetermined,0,0,0,NA,NA,NA,NA,NA,NA,NA,NA,NA,NA,NA   NA   NA   NA,NA   NA   NA   NA
STTD_2018-03-14 09:48:00,3/14/2018 9:48,STTD,2018,A,TRUE,CLD,NA,NA,14.9,0.37,640,793,7.95,7.56,21.2,10,Low,663130,665000,1870,1870,12.30294426,12.30294426,1,Ebb tide sampled from RSTR,NA,Aquatic Insects,34,Family,Chironomidae,Chironomidae,Larvae,4,0.325,0.325,NA,NA,NA,NA,NA,NA,NA,NA,NA,NA,NA   NA   NA   NA,NA   NA   NA   NA
STTD_2018-03-14 09:48:00,3/14/2018 9:48,STTD,2018,A,TRUE,CLD,NA,NA,14.9,0.37,640,793,7.95,7.56,21.2,10,Low,663130,665000,1870,1870,12.30294426,12.30294426,1,Ebb tide sampled from RSTR,NA,Aquatic Insects,34,Family,Chironomidae,Chironomidae,Pupae,0,0,0,NA,NA,NA,NA,NA,NA,NA,NA,NA,NA,NA   NA   NA   NA,NA   NA   NA   NA
STTD_2018-03-14 09:48:00,3/14/2018 9:48,STTD,2018,A,TRUE,CLD,NA,NA,14.9,0.37,640,793,7.95,7.56,21.2,10,Low,663130,665000,1870,1870,12.30294426,12.30294426,1,Ebb tide sampled from RSTR,NA,Aquatic Insects,34,Family,Chironomidae,Chironomidae,Nymphs,0,0,0,NA,NA,NA,NA,NA,NA,NA,NA,NA,NA,NA   NA   NA   NA,NA   NA   NA   NA
STTD_2018-03-14 09:48:00,3/14/2018 9:48,STTD,2018,A,TRUE,CLD,NA,NA,14.9,0.37,640,793,7.95,7.56,21.2,10,Low,663130,665000,1870,1870,12.30294426,12.30294426,1,Ebb tide sampled from RSTR,NA,Aquatic Insects,34,Family,Chironomidae,Chironomidae,Emergents,2,0.163,0.163,NA,NA,NA,NA,NA,NA,NA,NA,NA,NA,NA   NA   NA   NA,NA   NA   NA   NA
STTD_2018-03-14 09:48:00,3/14/2018 9:48,STTD,2018,A,TRUE,CLD,NA,NA,14.9,0.37,640,793,7.95,7.56,21.2,10,Low,663130,665000,1870,1870,12.30294426,12.30294426,1,Ebb tide sampled from RSTR,NA,Aquatic Insects,34,Family,Chironomidae,Chironomidae,Adults,6,0.488,0.488,NA,NA,NA,NA,NA,NA,NA,NA,NA,NA,NA   NA   NA   NA,NA   NA   NA   NA
STTD_2018-03-14 09:48:00,3/14/2018 9:48,STTD,2018,A,TRUE,CLD,NA,NA,14.9,0.37,640,793,7.95,7.56,21.2,10,Low,663130,665000,1870,1870,12.30294426,12.30294426,1,Ebb tide sampled from RSTR,NA,Aquatic Insects,34,Family,Chironomidae,Chironomidae,NotDetermined,0,0,0,NA,NA,NA,NA,NA,NA,NA,NA,NA,NA,NA   NA   NA   NA,NA   NA   NA   NA
STTD_2018-03-14 09:48:00,3/14/2018 9:48,STTD,2018,A,TRUE,CLD,NA,NA,14.9,0.37,640,793,7.95,7.56,21.2,10,Low,663130,665000,1870,1870,12.30294426,12.30294426,1,Ebb tide sampled from RSTR,NA,Aquatic Insects,37,Family,Psychodidae,Psychodidae,Larvae,0,0,0,NA,NA,NA,NA,NA,NA,NA,NA,NA,NA,NA   NA   NA   NA,NA   NA   NA   NA
STTD_2018-03-14 09:48:00,3/14/2018 9:48,STTD,2018,A,TRUE,CLD,NA,NA,14.9,0.37,640,793,7.95,7.56,21.2,10,Low,663130,665000,1870,1870,12.30294426,12.30294426,1,Ebb tide sampled from RSTR,NA,Aquatic Insects,37,Family,Psychodidae,Psychodidae,Pupae,0,0,0,NA,NA,NA,NA,NA,NA,NA,NA,NA,NA,NA   NA   NA   NA,NA   NA   NA   NA
STTD_2018-03-14 09:48:00,3/14/2018 9:48,STTD,2018,A,TRUE,CLD,NA,NA,14.9,0.37,640,793,7.95,7.56,21.2,10,Low,663130,665000,1870,1870,12.30294426,12.30294426,1,Ebb tide sampled from RSTR,NA,Aquatic Insects,37,Family,Psychodidae,Psychodidae,Nymphs,0,0,0,NA,NA,NA,NA,NA,NA,NA,NA,NA,NA,NA   NA   NA   NA,NA   NA   NA   NA
STTD_2018-03-14 09:48:00,3/14/2018 9:48,STTD,2018,A,TRUE,CLD,NA,NA,14.9,0.37,640,793,7.95,7.56,21.2,10,Low,663130,665000,1870,1870,12.30294426,12.30294426,1,Ebb tide sampled from RSTR,NA,Aquatic Insects,37,Family,Psychodidae,Psychodidae,Emergents,0,0,0,NA,NA,NA,NA,NA,NA,NA,NA,NA,NA,NA   NA   NA   NA,NA   NA   NA   NA
STTD_2018-03-14 09:48:00,3/14/2018 9:48,STTD,2018,A,TRUE,CLD,NA,NA,14.9,0.37,640,793,7.95,7.56,21.2,10,Low,663130,665000,1870,1870,12.30294426,12.30294426,1,Ebb tide sampled from RSTR,NA,Aquatic Insects,37,Family,Psychodidae,Psychodidae,Adults,1,0.081,0.081,NA,NA,NA,NA,NA,NA,NA,NA,NA,NA,NA   NA   NA   NA,NA   NA   NA   NA
STTD_2018-03-14 09:48:00,3/14/2018 9:48,STTD,2018,A,TRUE,CLD,NA,NA,14.9,0.37,640,793,7.95,7.56,21.2,10,Low,663130,665000,1870,1870,12.30294426,12.30294426,1,Ebb tide sampled from RSTR,NA,Aquatic Insects,37,Family,Psychodidae,Psychodidae,NotDetermined,0,0,0,NA,NA,NA,NA,NA,NA,NA,NA,NA,NA,NA   NA   NA   NA,NA   NA   NA   NA
STTD_2018-03-14 09:48:00,3/14/2018 9:48,STTD,2018,A,TRUE,CLD,NA,NA,14.9,0.37,640,793,7.95,7.56,21.2,10,Low,663130,665000,1870,1870,12.30294426,12.30294426,1,Ebb tide sampled from RSTR,NA,Aquatic Insects,40,Family,Caenidae,Caenidae,Larvae,1,0.081,0.081,NA,NA,NA,NA,NA,NA,NA,NA,NA,NA,NA   NA   NA   NA,NA   NA   NA   NA
STTD_2018-03-14 09:48:00,3/14/2018 9:48,STTD,2018,A,TRUE,CLD,NA,NA,14.9,0.37,640,793,7.95,7.56,21.2,10,Low,663130,665000,1870,1870,12.30294426,12.30294426,1,Ebb tide sampled from RSTR,NA,Aquatic Insects,40,Family,Caenidae,Caenidae,Pupae,0,0,0,NA,NA,NA,NA,NA,NA,NA,NA,NA,NA,NA   NA   NA   NA,NA   NA   NA   NA
STTD_2018-03-14 09:48:00,3/14/2018 9:48,STTD,2018,A,TRUE,CLD,NA,NA,14.9,0.37,640,793,7.95,7.56,21.2,10,Low,663130,665000,1870,1870,12.30294426,12.30294426,1,Ebb tide sampled from RSTR,NA,Aquatic Insects,40,Family,Caenidae,Caenidae,Nymphs,0,0,0,NA,NA,NA,NA,NA,NA,NA,NA,NA,NA,NA   NA   NA   NA,NA   NA   NA   NA
STTD_2018-03-14 09:48:00,3/14/2018 9:48,STTD,2018,A,TRUE,CLD,NA,NA,14.9,0.37,640,793,7.95,7.56,21.2,10,Low,663130,665000,1870,1870,12.30294426,12.30294426,1,Ebb tide sampled from RSTR,NA,Aquatic Insects,40,Family,Caenidae,Caenidae,Emergents,0,0,0,NA,NA,NA,NA,NA,NA,NA,NA,NA,NA,NA   NA   NA   NA,NA   NA   NA   NA
STTD_2018-03-14 09:48:00,3/14/2018 9:48,STTD,2018,A,TRUE,CLD,NA,NA,14.9,0.37,640,793,7.95,7.56,21.2,10,Low,663130,665000,1870,1870,12.30294426,12.30294426,1,Ebb tide sampled from RSTR,NA,Aquatic Insects,40,Family,Caenidae,Caenidae,Adults,0,0,0,NA,NA,NA,NA,NA,NA,NA,NA,NA,NA,NA   NA   NA   NA,NA   NA   NA   NA
STTD_2018-03-14 09:48:00,3/14/2018 9:48,STTD,2018,A,TRUE,CLD,NA,NA,14.9,0.37,640,793,7.95,7.56,21.2,10,Low,663130,665000,1870,1870,12.30294426,12.30294426,1,Ebb tide sampled from RSTR,NA,Aquatic Insects,40,Family,Caenidae,Caenidae,NotDetermined,0,0,0,NA,NA,NA,NA,NA,NA,NA,NA,NA,NA,NA   NA   NA   NA,NA   NA   NA   NA
STTD_2018-03-14 09:48:00,3/14/2018 9:48,STTD,2018,A,TRUE,CLD,NA,NA,14.9,0.37,640,793,7.95,7.56,21.2,10,Low,663130,665000,1870,1870,12.30294426,12.30294426,1,Ebb tide sampled from RSTR,NA,Aquatic Insects,44,Family,Corixidae,Corixidae,Larvae,5,0.406,0.406,NA,NA,NA,NA,NA,NA,NA,NA,NA,NA,NA   NA   NA   NA,NA   NA   NA   NA
STTD_2018-03-14 09:48:00,3/14/2018 9:48,STTD,2018,A,TRUE,CLD,NA,NA,14.9,0.37,640,793,7.95,7.56,21.2,10,Low,663130,665000,1870,1870,12.30294426,12.30294426,1,Ebb tide sampled from RSTR,NA,Aquatic Insects,44,Family,Corixidae,Corixidae,Pupae,0,0,0,NA,NA,NA,NA,NA,NA,NA,NA,NA,NA,NA   NA   NA   NA,NA   NA   NA   NA
STTD_2018-03-14 09:48:00,3/14/2018 9:48,STTD,2018,A,TRUE,CLD,NA,NA,14.9,0.37,640,793,7.95,7.56,21.2,10,Low,663130,665000,1870,1870,12.30294426,12.30294426,1,Ebb tide sampled from RSTR,NA,Aquatic Insects,44,Family,Corixidae,Corixidae,Nymphs,0,0,0,NA,NA,NA,NA,NA,NA,NA,NA,NA,NA,NA   NA   NA   NA,NA   NA   NA   NA
STTD_2018-03-14 09:48:00,3/14/2018 9:48,STTD,2018,A,TRUE,CLD,NA,NA,14.9,0.37,640,793,7.95,7.56,21.2,10,Low,663130,665000,1870,1870,12.30294426,12.30294426,1,Ebb tide sampled from RSTR,NA,Aquatic Insects,44,Family,Corixidae,Corixidae,Emergents,0,0,0,NA,NA,NA,NA,NA,NA,NA,NA,NA,NA,NA   NA   NA   NA,NA   NA   NA   NA
STTD_2018-03-14 09:48:00,3/14/2018 9:48,STTD,2018,A,TRUE,CLD,NA,NA,14.9,0.37,640,793,7.95,7.56,21.2,10,Low,663130,665000,1870,1870,12.30294426,12.30294426,1,Ebb tide sampled from RSTR,NA,Aquatic Insects,44,Family,Corixidae,Corixidae,Adults,0,0,0,NA,NA,NA,NA,NA,NA,NA,NA,NA,NA,NA   NA   NA   NA,NA   NA   NA   NA
STTD_2018-03-14 09:48:00,3/14/2018 9:48,STTD,2018,A,TRUE,CLD,NA,NA,14.9,0.37,640,793,7.95,7.56,21.2,10,Low,663130,665000,1870,1870,12.30294426,12.30294426,1,Ebb tide sampled from RSTR,NA,Aquatic Insects,44,Family,Corixidae,Corixidae,NotDetermined,0,0,0,NA,NA,NA,NA,NA,NA,NA,NA,NA,NA,NA   NA   NA   NA,NA   NA   NA   NA
STTD_2018-03-14 09:48:00,3/14/2018 9:48,STTD,2018,A,TRUE,CLD,NA,NA,14.9,0.37,640,793,7.95,7.56,21.2,10,Low,663130,665000,1870,1870,12.30294426,12.30294426,1,Ebb tide sampled from RSTR,NA,Aquatic Insects,46,Family,Coenagrionidae,Coenagrionidae,Larvae,1,0.081,0.081,NA,NA,NA,NA,NA,NA,NA,NA,NA,NA,NA   NA   NA   NA,NA   NA   NA   NA
STTD_2018-03-14 09:48:00,3/14/2018 9:48,STTD,2018,A,TRUE,CLD,NA,NA,14.9,0.37,640,793,7.95,7.56,21.2,10,Low,663130,665000,1870,1870,12.30294426,12.30294426,1,Ebb tide sampled from RSTR,NA,Aquatic Insects,46,Family,Coenagrionidae,Coenagrionidae,Pupae,0,0,0,NA,NA,NA,NA,NA,NA,NA,NA,NA,NA,NA   NA   NA   NA,NA   NA   NA   NA
STTD_2018-03-14 09:48:00,3/14/2018 9:48,STTD,2018,A,TRUE,CLD,NA,NA,14.9,0.37,640,793,7.95,7.56,21.2,10,Low,663130,665000,1870,1870,12.30294426,12.30294426,1,Ebb tide sampled from RSTR,NA,Aquatic Insects,46,Family,Coenagrionidae,Coenagrionidae,Nymphs,0,0,0,NA,NA,NA,NA,NA,NA,NA,NA,NA,NA,NA   NA   NA   NA,NA   NA   NA   NA
STTD_2018-03-14 09:48:00,3/14/2018 9:48,STTD,2018,A,TRUE,CLD,NA,NA,14.9,0.37,640,793,7.95,7.56,21.2,10,Low,663130,665000,1870,1870,12.30294426,12.30294426,1,Ebb tide sampled from RSTR,NA,Aquatic Insects,46,Family,Coenagrionidae,Coenagrionidae,Emergents,0,0,0,NA,NA,NA,NA,NA,NA,NA,NA,NA,NA,NA   NA   NA   NA,NA   NA   NA   NA
STTD_2018-03-14 09:48:00,3/14/2018 9:48,STTD,2018,A,TRUE,CLD,NA,NA,14.9,0.37,640,793,7.95,7.56,21.2,10,Low,663130,665000,1870,1870,12.30294426,12.30294426,1,Ebb tide sampled from RSTR,NA,Aquatic Insects,46,Family,Coenagrionidae,Coenagrionidae,Adults,0,0,0,NA,NA,NA,NA,NA,NA,NA,NA,NA,NA,NA   NA   NA   NA,NA   NA   NA   NA
STTD_2018-03-14 09:48:00,3/14/2018 9:48,STTD,2018,A,TRUE,CLD,NA,NA,14.9,0.37,640,793,7.95,7.56,21.2,10,Low,663130,665000,1870,1870,12.30294426,12.30294426,1,Ebb tide sampled from RSTR,NA,Aquatic Insects,46,Family,Coenagrionidae,Coenagrionidae,NotDetermined,0,0,0,NA,NA,NA,NA,NA,NA,NA,NA,NA,NA,NA   NA   NA   NA,NA   NA   NA   NA
STTD_2018-03-14 09:48:00,3/14/2018 9:48,STTD,2018,A,TRUE,CLD,NA,NA,14.9,0.37,640,793,7.95,7.56,21.2,10,Low,663130,665000,1870,1870,12.30294426,12.30294426,1,Ebb tide sampled from RSTR,NA,Aquatic Non-Insects,15,Family,Hyalellidae,Hyalellidae,Larvae,0,0,0,NA,NA,NA,NA,NA,NA,NA,NA,NA,NA,NA   NA   NA   NA,NA   NA   NA   NA
STTD_2018-03-14 09:48:00,3/14/2018 9:48,STTD,2018,A,TRUE,CLD,NA,NA,14.9,0.37,640,793,7.95,7.56,21.2,10,Low,663130,665000,1870,1870,12.30294426,12.30294426,1,Ebb tide sampled from RSTR,NA,Aquatic Non-Insects,15,Family,Hyalellidae,Hyalellidae,Pupae,0,0,0,NA,NA,NA,NA,NA,NA,NA,NA,NA,NA,NA   NA   NA   NA,NA   NA   NA   NA
STTD_2018-03-14 09:48:00,3/14/2018 9:48,STTD,2018,A,TRUE,CLD,NA,NA,14.9,0.37,640,793,7.95,7.56,21.2,10,Low,663130,665000,1870,1870,12.30294426,12.30294426,1,Ebb tide sampled from RSTR,NA,Aquatic Non-Insects,15,Family,Hyalellidae,Hyalellidae,Nymphs,0,0,0,NA,NA,NA,NA,NA,NA,NA,NA,NA,NA,NA   NA   NA   NA,NA   NA   NA   NA
STTD_2018-03-14 09:48:00,3/14/2018 9:48,STTD,2018,A,TRUE,CLD,NA,NA,14.9,0.37,640,793,7.95,7.56,21.2,10,Low,663130,665000,1870,1870,12.30294426,12.30294426,1,Ebb tide sampled from RSTR,NA,Aquatic Non-Insects,15,Family,Hyalellidae,Hyalellidae,Emergents,0,0,0,NA,NA,NA,NA,NA,NA,NA,NA,NA,NA,NA   NA   NA   NA,NA   NA   NA   NA
STTD_2018-03-14 09:48:00,3/14/2018 9:48,STTD,2018,A,TRUE,CLD,NA,NA,14.9,0.37,640,793,7.95,7.56,21.2,10,Low,663130,665000,1870,1870,12.30294426,12.30294426,1,Ebb tide sampled from RSTR,NA,Aquatic Non-Insects,15,Family,Hyalellidae,Hyalellidae,Adults,0,0,0,NA,NA,NA,NA,NA,NA,NA,NA,NA,NA,NA   NA   NA   NA,NA   NA   NA   NA
STTD_2018-03-14 09:48:00,3/14/2018 9:48,STTD,2018,A,TRUE,CLD,NA,NA,14.9,0.37,640,793,7.95,7.56,21.2,10,Low,663130,665000,1870,1870,12.30294426,12.30294426,1,Ebb tide sampled from RSTR,NA,Aquatic Non-Insects,15,Family,Hyalellidae,Hyalellidae,NotDetermined,9,0.732,0.732,NA,NA,NA,NA,NA,NA,NA,NA,NA,NA,NA   NA   NA   NA,NA   NA   NA   NA
STTD_2018-03-14 09:48:00,3/14/2018 9:48,STTD,2018,A,TRUE,CLD,NA,NA,14.9,0.37,640,793,7.95,7.56,21.2,10,Low,663130,665000,1870,1870,12.30294426,12.30294426,1,Ebb tide sampled from RSTR,NA,Aquatic Non-Insects,18,Family,Hydridae,Hydridae,Larvae,0,0,0,NA,NA,NA,NA,NA,NA,NA,NA,NA,NA,NA   NA   NA   NA,NA   NA   NA   NA
STTD_2018-03-14 09:48:00,3/14/2018 9:48,STTD,2018,A,TRUE,CLD,NA,NA,14.9,0.37,640,793,7.95,7.56,21.2,10,Low,663130,665000,1870,1870,12.30294426,12.30294426,1,Ebb tide sampled from RSTR,NA,Aquatic Non-Insects,18,Family,Hydridae,Hydridae,Pupae,0,0,0,NA,NA,NA,NA,NA,NA,NA,NA,NA,NA,NA   NA   NA   NA,NA   NA   NA   NA
STTD_2018-03-14 09:48:00,3/14/2018 9:48,STTD,2018,A,TRUE,CLD,NA,NA,14.9,0.37,640,793,7.95,7.56,21.2,10,Low,663130,665000,1870,1870,12.30294426,12.30294426,1,Ebb tide sampled from RSTR,NA,Aquatic Non-Insects,18,Family,Hydridae,Hydridae,Nymphs,0,0,0,NA,NA,NA,NA,NA,NA,NA,NA,NA,NA,NA   NA   NA   NA,NA   NA   NA   NA
STTD_2018-03-14 09:48:00,3/14/2018 9:48,STTD,2018,A,TRUE,CLD,NA,NA,14.9,0.37,640,793,7.95,7.56,21.2,10,Low,663130,665000,1870,1870,12.30294426,12.30294426,1,Ebb tide sampled from RSTR,NA,Aquatic Non-Insects,18,Family,Hydridae,Hydridae,Emergents,0,0,0,NA,NA,NA,NA,NA,NA,NA,NA,NA,NA,NA   NA   NA   NA,NA   NA   NA   NA
STTD_2018-03-14 09:48:00,3/14/2018 9:48,STTD,2018,A,TRUE,CLD,NA,NA,14.9,0.37,640,793,7.95,7.56,21.2,10,Low,663130,665000,1870,1870,12.30294426,12.30294426,1,Ebb tide sampled from RSTR,NA,Aquatic Non-Insects,18,Family,Hydridae,Hydridae,Adults,0,0,0,NA,NA,NA,NA,NA,NA,NA,NA,NA,NA,NA   NA   NA   NA,NA   NA   NA   NA
STTD_2018-03-14 09:48:00,3/14/2018 9:48,STTD,2018,A,TRUE,CLD,NA,NA,14.9,0.37,640,793,7.95,7.56,21.2,10,Low,663130,665000,1870,1870,12.30294426,12.30294426,1,Ebb tide sampled from RSTR,NA,Aquatic Non-Insects,18,Family,Hydridae,Hydridae,NotDetermined,8,0.65,0.65,NA,NA,NA,NA,NA,NA,NA,NA,NA,NA,NA   NA   NA   NA,NA   NA   NA   NA
STTD_2018-03-14 09:48:00,3/14/2018 9:48,STTD,2018,A,TRUE,CLD,NA,NA,14.9,0.37,640,793,7.95,7.56,21.2,10,Low,663130,665000,1870,1870,12.30294426,12.30294426,1,Ebb tide sampled from RSTR,NA,Aquatic Non-Insects,19,Family,Corbiculidae,Corbiculidae,Larvae,0,0,0,NA,NA,NA,NA,NA,NA,NA,NA,NA,NA,NA   NA   NA   NA,NA   NA   NA   NA
STTD_2018-03-14 09:48:00,3/14/2018 9:48,STTD,2018,A,TRUE,CLD,NA,NA,14.9,0.37,640,793,7.95,7.56,21.2,10,Low,663130,665000,1870,1870,12.30294426,12.30294426,1,Ebb tide sampled from RSTR,NA,Aquatic Non-Insects,19,Family,Corbiculidae,Corbiculidae,Pupae,0,0,0,NA,NA,NA,NA,NA,NA,NA,NA,NA,NA,NA   NA   NA   NA,NA   NA   NA   NA
STTD_2018-03-14 09:48:00,3/14/2018 9:48,STTD,2018,A,TRUE,CLD,NA,NA,14.9,0.37,640,793,7.95,7.56,21.2,10,Low,663130,665000,1870,1870,12.30294426,12.30294426,1,Ebb tide sampled from RSTR,NA,Aquatic Non-Insects,19,Family,Corbiculidae,Corbiculidae,Nymphs,0,0,0,NA,NA,NA,NA,NA,NA,NA,NA,NA,NA,NA   NA   NA   NA,NA   NA   NA   NA
STTD_2018-03-14 09:48:00,3/14/2018 9:48,STTD,2018,A,TRUE,CLD,NA,NA,14.9,0.37,640,793,7.95,7.56,21.2,10,Low,663130,665000,1870,1870,12.30294426,12.30294426,1,Ebb tide sampled from RSTR,NA,Aquatic Non-Insects,19,Family,Corbiculidae,Corbiculidae,Emergents,0,0,0,NA,NA,NA,NA,NA,NA,NA,NA,NA,NA,NA   NA   NA   NA,NA   NA   NA   NA
STTD_2018-03-14 09:48:00,3/14/2018 9:48,STTD,2018,A,TRUE,CLD,NA,NA,14.9,0.37,640,793,7.95,7.56,21.2,10,Low,663130,665000,1870,1870,12.30294426,12.30294426,1,Ebb tide sampled from RSTR,NA,Aquatic Non-Insects,19,Family,Corbiculidae,Corbiculidae,Adults,0,0,0,NA,NA,NA,NA,NA,NA,NA,NA,NA,NA,NA   NA   NA   NA,NA   NA   NA   NA
STTD_2018-03-14 09:48:00,3/14/2018 9:48,STTD,2018,A,TRUE,CLD,NA,NA,14.9,0.37,640,793,7.95,7.56,21.2,10,Low,663130,665000,1870,1870,12.30294426,12.30294426,1,Ebb tide sampled from RSTR,NA,Aquatic Non-Insects,19,Family,Corbiculidae,Corbiculidae,NotDetermined,1,0.081,0.081,NA,NA,NA,NA,NA,NA,NA,NA,NA,NA,NA   NA   NA   NA,NA   NA   NA   NA
STTD_2018-03-14 09:48:00,3/14/2018 9:48,STTD,2018,A,TRUE,CLD,NA,NA,14.9,0.37,640,793,7.95,7.56,21.2,10,Low,663130,665000,1870,1870,12.30294426,12.30294426,1,Ebb tide sampled from RSTR,NA,Terrestrial Insects,71,Order,Hemiptera,Hemiptera,Larvae,0,0,0,NA,NA,NA,NA,NA,NA,NA,NA,NA,NA,NA   NA   NA   NA,NA   NA   NA   NA
STTD_2018-03-14 09:48:00,3/14/2018 9:48,STTD,2018,A,TRUE,CLD,NA,NA,14.9,0.37,640,793,7.95,7.56,21.2,10,Low,663130,665000,1870,1870,12.30294426,12.30294426,1,Ebb tide sampled from RSTR,NA,Terrestrial Insects,71,Order,Hemiptera,Hemiptera,Pupae,0,0,0,NA,NA,NA,NA,NA,NA,NA,NA,NA,NA,NA   NA   NA   NA,NA   NA   NA   NA
STTD_2018-03-14 09:48:00,3/14/2018 9:48,STTD,2018,A,TRUE,CLD,NA,NA,14.9,0.37,640,793,7.95,7.56,21.2,10,Low,663130,665000,1870,1870,12.30294426,12.30294426,1,Ebb tide sampled from RSTR,NA,Terrestrial Insects,71,Order,Hemiptera,Hemiptera,Nymphs,0,0,0,NA,NA,NA,NA,NA,NA,NA,NA,NA,NA,NA   NA   NA   NA,NA   NA   NA   NA
STTD_2018-03-14 09:48:00,3/14/2018 9:48,STTD,2018,A,TRUE,CLD,NA,NA,14.9,0.37,640,793,7.95,7.56,21.2,10,Low,663130,665000,1870,1870,12.30294426,12.30294426,1,Ebb tide sampled from RSTR,NA,Terrestrial Insects,71,Order,Hemiptera,Hemiptera,Emergents,0,0,0,NA,NA,NA,NA,NA,NA,NA,NA,NA,NA,NA   NA   NA   NA,NA   NA   NA   NA
STTD_2018-03-14 09:48:00,3/14/2018 9:48,STTD,2018,A,TRUE,CLD,NA,NA,14.9,0.37,640,793,7.95,7.56,21.2,10,Low,663130,665000,1870,1870,12.30294426,12.30294426,1,Ebb tide sampled from RSTR,NA,Terrestrial Insects,71,Order,Hemiptera,Hemiptera,Adults,1,0.081,0.081,NA,NA,NA,NA,NA,NA,NA,NA,NA,NA,NA   NA   NA   NA,NA   NA   NA   NA
STTD_2018-03-14 09:48:00,3/14/2018 9:48,STTD,2018,A,TRUE,CLD,NA,NA,14.9,0.37,640,793,7.95,7.56,21.2,10,Low,663130,665000,1870,1870,12.30294426,12.30294426,1,Ebb tide sampled from RSTR,NA,Terrestrial Insects,71,Order,Hemiptera,Hemiptera,NotDetermined,0,0,0,NA,NA,NA,NA,NA,NA,NA,NA,NA,NA,NA   NA   NA   NA,NA   NA   NA   NA
STTD_2018-03-14 09:48:00,3/14/2018 9:48,STTD,2018,A,TRUE,CLD,NA,NA,14.9,0.37,640,793,7.95,7.56,21.2,10,Low,663130,665000,1870,1870,12.30294426,12.30294426,1,Ebb tide sampled from RSTR,NA,Terrestrial Insects,67,Order,Psocoptera,Psocoptera,Larvae,0,0,0,NA,NA,NA,NA,NA,NA,NA,NA,NA,NA,NA   NA   NA   NA,NA   NA   NA   NA
STTD_2018-03-14 09:48:00,3/14/2018 9:48,STTD,2018,A,TRUE,CLD,NA,NA,14.9,0.37,640,793,7.95,7.56,21.2,10,Low,663130,665000,1870,1870,12.30294426,12.30294426,1,Ebb tide sampled from RSTR,NA,Terrestrial Insects,67,Order,Psocoptera,Psocoptera,Pupae,0,0,0,NA,NA,NA,NA,NA,NA,NA,NA,NA,NA,NA   NA   NA   NA,NA   NA   NA   NA
STTD_2018-03-14 09:48:00,3/14/2018 9:48,STTD,2018,A,TRUE,CLD,NA,NA,14.9,0.37,640,793,7.95,7.56,21.2,10,Low,663130,665000,1870,1870,12.30294426,12.30294426,1,Ebb tide sampled from RSTR,NA,Terrestrial Insects,67,Order,Psocoptera,Psocoptera,Nymphs,0,0,0,NA,NA,NA,NA,NA,NA,NA,NA,NA,NA,NA   NA   NA   NA,NA   NA   NA   NA
STTD_2018-03-14 09:48:00,3/14/2018 9:48,STTD,2018,A,TRUE,CLD,NA,NA,14.9,0.37,640,793,7.95,7.56,21.2,10,Low,663130,665000,1870,1870,12.30294426,12.30294426,1,Ebb tide sampled from RSTR,NA,Terrestrial Insects,67,Order,Psocoptera,Psocoptera,Emergents,0,0,0,NA,NA,NA,NA,NA,NA,NA,NA,NA,NA,NA   NA   NA   NA,NA   NA   NA   NA
STTD_2018-03-14 09:48:00,3/14/2018 9:48,STTD,2018,A,TRUE,CLD,NA,NA,14.9,0.37,640,793,7.95,7.56,21.2,10,Low,663130,665000,1870,1870,12.30294426,12.30294426,1,Ebb tide sampled from RSTR,NA,Terrestrial Insects,67,Order,Psocoptera,Psocoptera,Adults,1,0.081,0.081,NA,NA,NA,NA,NA,NA,NA,NA,NA,NA,NA   NA   NA   NA,NA   NA   NA   NA
STTD_2018-03-14 09:48:00,3/14/2018 9:48,STTD,2018,A,TRUE,CLD,NA,NA,14.9,0.37,640,793,7.95,7.56,21.2,10,Low,663130,665000,1870,1870,12.30294426,12.30294426,1,Ebb tide sampled from RSTR,NA,Terrestrial Insects,67,Order,Psocoptera,Psocoptera,NotDetermined,0,0,0,NA,NA,NA,NA,NA,NA,NA,NA,NA,NA,NA   NA   NA   NA,NA   NA   NA   NA
SHR_2018-03-29 08:57:00,3/29/2018 8:57,SHR,2018,A,TRUE,CLD,NA,NA,12.6,0.44,81,106,7.45,10.2,22.3,10,Low,655580,659000,3420,3420,22.50057186,22.50057186,1,NA,NA,Aquatic Insects,117,Family,Elmidae,Elmidae,Larvae,1,0.044,0.044,NA,NA,NA,NA,NA,NA,NA,NA,NA,NA,NA   NA   NA   NA,NA   NA   NA   NA
SHR_2018-03-29 08:57:00,3/29/2018 8:57,SHR,2018,A,TRUE,CLD,NA,NA,12.6,0.44,81,106,7.45,10.2,22.3,10,Low,655580,659000,3420,3420,22.50057186,22.50057186,1,NA,NA,Aquatic Insects,117,Family,Elmidae,Elmidae,Pupae,0,0,0,NA,NA,NA,NA,NA,NA,NA,NA,NA,NA,NA   NA   NA   NA,NA   NA   NA   NA
SHR_2018-03-29 08:57:00,3/29/2018 8:57,SHR,2018,A,TRUE,CLD,NA,NA,12.6,0.44,81,106,7.45,10.2,22.3,10,Low,655580,659000,3420,3420,22.50057186,22.50057186,1,NA,NA,Aquatic Insects,117,Family,Elmidae,Elmidae,Nymphs,0,0,0,NA,NA,NA,NA,NA,NA,NA,NA,NA,NA,NA   NA   NA   NA,NA   NA   NA   NA
SHR_2018-03-29 08:57:00,3/29/2018 8:57,SHR,2018,A,TRUE,CLD,NA,NA,12.6,0.44,81,106,7.45,10.2,22.3,10,Low,655580,659000,3420,3420,22.50057186,22.50057186,1,NA,NA,Aquatic Insects,117,Family,Elmidae,Elmidae,Emergents,0,0,0,NA,NA,NA,NA,NA,NA,NA,NA,NA,NA,NA   NA   NA   NA,NA   NA   NA   NA
SHR_2018-03-29 08:57:00,3/29/2018 8:57,SHR,2018,A,TRUE,CLD,NA,NA,12.6,0.44,81,106,7.45,10.2,22.3,10,Low,655580,659000,3420,3420,22.50057186,22.50057186,1,NA,NA,Aquatic Insects,117,Family,Elmidae,Elmidae,Adults,0,0,0,NA,NA,NA,NA,NA,NA,NA,NA,NA,NA,NA   NA   NA   NA,NA   NA   NA   NA
SHR_2018-03-29 08:57:00,3/29/2018 8:57,SHR,2018,A,TRUE,CLD,NA,NA,12.6,0.44,81,106,7.45,10.2,22.3,10,Low,655580,659000,3420,3420,22.50057186,22.50057186,1,NA,NA,Aquatic Insects,117,Family,Elmidae,Elmidae,NotDetermined,0,0,0,NA,NA,NA,NA,NA,NA,NA,NA,NA,NA,NA   NA   NA   NA,NA   NA   NA   NA
SHR_2018-03-29 08:57:00,3/29/2018 8:57,SHR,2018,A,TRUE,CLD,NA,NA,12.6,0.44,81,106,7.45,10.2,22.3,10,Low,655580,659000,3420,3420,22.50057186,22.50057186,1,NA,NA,Aquatic Insects,34,Family,Chironomidae,Chironomidae,Larvae,3,0.133,0.133,NA,NA,NA,NA,NA,NA,NA,NA,NA,NA,NA   NA   NA   NA,NA   NA   NA   NA
SHR_2018-03-29 08:57:00,3/29/2018 8:57,SHR,2018,A,TRUE,CLD,NA,NA,12.6,0.44,81,106,7.45,10.2,22.3,10,Low,655580,659000,3420,3420,22.50057186,22.50057186,1,NA,NA,Aquatic Insects,34,Family,Chironomidae,Chironomidae,Pupae,5,0.222,0.222,NA,NA,NA,NA,NA,NA,NA,NA,NA,NA,NA   NA   NA   NA,NA   NA   NA   NA
SHR_2018-03-29 08:57:00,3/29/2018 8:57,SHR,2018,A,TRUE,CLD,NA,NA,12.6,0.44,81,106,7.45,10.2,22.3,10,Low,655580,659000,3420,3420,22.50057186,22.50057186,1,NA,NA,Aquatic Insects,34,Family,Chironomidae,Chironomidae,Nymphs,0,0,0,NA,NA,NA,NA,NA,NA,NA,NA,NA,NA,NA   NA   NA   NA,NA   NA   NA   NA
SHR_2018-03-29 08:57:00,3/29/2018 8:57,SHR,2018,A,TRUE,CLD,NA,NA,12.6,0.44,81,106,7.45,10.2,22.3,10,Low,655580,659000,3420,3420,22.50057186,22.50057186,1,NA,NA,Aquatic Insects,34,Family,Chironomidae,Chironomidae,Emergents,0,0,0,NA,NA,NA,NA,NA,NA,NA,NA,NA,NA,NA   NA   NA   NA,NA   NA   NA   NA
SHR_2018-03-29 08:57:00,3/29/2018 8:57,SHR,2018,A,TRUE,CLD,NA,NA,12.6,0.44,81,106,7.45,10.2,22.3,10,Low,655580,659000,3420,3420,22.50057186,22.50057186,1,NA,NA,Aquatic Insects,34,Family,Chironomidae,Chironomidae,Adults,1,0.044,0.044,NA,NA,NA,NA,NA,NA,NA,NA,NA,NA,NA   NA   NA   NA,NA   NA   NA   NA
SHR_2018-03-29 08:57:00,3/29/2018 8:57,SHR,2018,A,TRUE,CLD,NA,NA,12.6,0.44,81,106,7.45,10.2,22.3,10,Low,655580,659000,3420,3420,22.50057186,22.50057186,1,NA,NA,Aquatic Insects,34,Family,Chironomidae,Chironomidae,NotDetermined,0,0,0,NA,NA,NA,NA,NA,NA,NA,NA,NA,NA,NA   NA   NA   NA,NA   NA   NA   NA
SHR_2018-03-29 08:57:00,3/29/2018 8:57,SHR,2018,A,TRUE,CLD,NA,NA,12.6,0.44,81,106,7.45,10.2,22.3,10,Low,655580,659000,3420,3420,22.50057186,22.50057186,1,NA,NA,Aquatic Insects,38,Family,Simuliidae,Simuliidae,Larvae,1,0.044,0.044,NA,NA,NA,NA,NA,NA,NA,NA,NA,NA,NA   NA   NA   NA,NA   NA   NA   NA
SHR_2018-03-29 08:57:00,3/29/2018 8:57,SHR,2018,A,TRUE,CLD,NA,NA,12.6,0.44,81,106,7.45,10.2,22.3,10,Low,655580,659000,3420,3420,22.50057186,22.50057186,1,NA,NA,Aquatic Insects,38,Family,Simuliidae,Simuliidae,Pupae,0,0,0,NA,NA,NA,NA,NA,NA,NA,NA,NA,NA,NA   NA   NA   NA,NA   NA   NA   NA
SHR_2018-03-29 08:57:00,3/29/2018 8:57,SHR,2018,A,TRUE,CLD,NA,NA,12.6,0.44,81,106,7.45,10.2,22.3,10,Low,655580,659000,3420,3420,22.50057186,22.50057186,1,NA,NA,Aquatic Insects,38,Family,Simuliidae,Simuliidae,Nymphs,0,0,0,NA,NA,NA,NA,NA,NA,NA,NA,NA,NA,NA   NA   NA   NA,NA   NA   NA   NA
SHR_2018-03-29 08:57:00,3/29/2018 8:57,SHR,2018,A,TRUE,CLD,NA,NA,12.6,0.44,81,106,7.45,10.2,22.3,10,Low,655580,659000,3420,3420,22.50057186,22.50057186,1,NA,NA,Aquatic Insects,38,Family,Simuliidae,Simuliidae,Emergents,0,0,0,NA,NA,NA,NA,NA,NA,NA,NA,NA,NA,NA   NA   NA   NA,NA   NA   NA   NA
SHR_2018-03-29 08:57:00,3/29/2018 8:57,SHR,2018,A,TRUE,CLD,NA,NA,12.6,0.44,81,106,7.45,10.2,22.3,10,Low,655580,659000,3420,3420,22.50057186,22.50057186,1,NA,NA,Aquatic Insects,38,Family,Simuliidae,Simuliidae,Adults,0,0,0,NA,NA,NA,NA,NA,NA,NA,NA,NA,NA,NA   NA   NA   NA,NA   NA   NA   NA
SHR_2018-03-29 08:57:00,3/29/2018 8:57,SHR,2018,A,TRUE,CLD,NA,NA,12.6,0.44,81,106,7.45,10.2,22.3,10,Low,655580,659000,3420,3420,22.50057186,22.50057186,1,NA,NA,Aquatic Insects,38,Family,Simuliidae,Simuliidae,NotDetermined,0,0,0,NA,NA,NA,NA,NA,NA,NA,NA,NA,NA,NA   NA   NA   NA,NA   NA   NA   NA
SHR_2018-03-29 08:57:00,3/29/2018 8:57,SHR,2018,A,TRUE,CLD,NA,NA,12.6,0.44,81,106,7.45,10.2,22.3,10,Low,655580,659000,3420,3420,22.50057186,22.50057186,1,NA,NA,Aquatic Non-Insects,4,Family,Naididae,Naididae,Larvae,0,0,0,NA,NA,NA,NA,NA,NA,NA,NA,NA,NA,NA   NA   NA   NA,NA   NA   NA   NA
SHR_2018-03-29 08:57:00,3/29/2018 8:57,SHR,2018,A,TRUE,CLD,NA,NA,12.6,0.44,81,106,7.45,10.2,22.3,10,Low,655580,659000,3420,3420,22.50057186,22.50057186,1,NA,NA,Aquatic Non-Insects,4,Family,Naididae,Naididae,Pupae,0,0,0,NA,NA,NA,NA,NA,NA,NA,NA,NA,NA,NA   NA   NA   NA,NA   NA   NA   NA
SHR_2018-03-29 08:57:00,3/29/2018 8:57,SHR,2018,A,TRUE,CLD,NA,NA,12.6,0.44,81,106,7.45,10.2,22.3,10,Low,655580,659000,3420,3420,22.50057186,22.50057186,1,NA,NA,Aquatic Non-Insects,4,Family,Naididae,Naididae,Nymphs,0,0,0,NA,NA,NA,NA,NA,NA,NA,NA,NA,NA,NA   NA   NA   NA,NA   NA   NA   NA
SHR_2018-03-29 08:57:00,3/29/2018 8:57,SHR,2018,A,TRUE,CLD,NA,NA,12.6,0.44,81,106,7.45,10.2,22.3,10,Low,655580,659000,3420,3420,22.50057186,22.50057186,1,NA,NA,Aquatic Non-Insects,4,Family,Naididae,Naididae,Emergents,0,0,0,NA,NA,NA,NA,NA,NA,NA,NA,NA,NA,NA   NA   NA   NA,NA   NA   NA   NA
SHR_2018-03-29 08:57:00,3/29/2018 8:57,SHR,2018,A,TRUE,CLD,NA,NA,12.6,0.44,81,106,7.45,10.2,22.3,10,Low,655580,659000,3420,3420,22.50057186,22.50057186,1,NA,NA,Aquatic Non-Insects,4,Family,Naididae,Naididae,Adults,0,0,0,NA,NA,NA,NA,NA,NA,NA,NA,NA,NA,NA   NA   NA   NA,NA   NA   NA   NA
SHR_2018-03-29 08:57:00,3/29/2018 8:57,SHR,2018,A,TRUE,CLD,NA,NA,12.6,0.44,81,106,7.45,10.2,22.3,10,Low,655580,659000,3420,3420,22.50057186,22.50057186,1,NA,NA,Aquatic Non-Insects,4,Family,Naididae,Naididae,NotDetermined,4,0.178,0.178,NA,NA,NA,NA,NA,NA,NA,NA,NA,NA,NA   NA   NA   NA,NA   NA   NA   NA
SHR_2018-03-29 08:57:00,3/29/2018 8:57,SHR,2018,A,TRUE,CLD,NA,NA,12.6,0.44,81,106,7.45,10.2,22.3,10,Low,655580,659000,3420,3420,22.50057186,22.50057186,1,NA,NA,Aquatic Non-Insects,3,Suborder,Lumbricina,Lumbricina,Larvae,0,0,0,NA,NA,NA,NA,NA,NA,NA,NA,NA,NA,NA   NA   NA   NA,NA   NA   NA   NA
SHR_2018-03-29 08:57:00,3/29/2018 8:57,SHR,2018,A,TRUE,CLD,NA,NA,12.6,0.44,81,106,7.45,10.2,22.3,10,Low,655580,659000,3420,3420,22.50057186,22.50057186,1,NA,NA,Aquatic Non-Insects,3,Suborder,Lumbricina,Lumbricina,Pupae,0,0,0,NA,NA,NA,NA,NA,NA,NA,NA,NA,NA,NA   NA   NA   NA,NA   NA   NA   NA
SHR_2018-03-29 08:57:00,3/29/2018 8:57,SHR,2018,A,TRUE,CLD,NA,NA,12.6,0.44,81,106,7.45,10.2,22.3,10,Low,655580,659000,3420,3420,22.50057186,22.50057186,1,NA,NA,Aquatic Non-Insects,3,Suborder,Lumbricina,Lumbricina,Nymphs,0,0,0,NA,NA,NA,NA,NA,NA,NA,NA,NA,NA,NA   NA   NA   NA,NA   NA   NA   NA
SHR_2018-03-29 08:57:00,3/29/2018 8:57,SHR,2018,A,TRUE,CLD,NA,NA,12.6,0.44,81,106,7.45,10.2,22.3,10,Low,655580,659000,3420,3420,22.50057186,22.50057186,1,NA,NA,Aquatic Non-Insects,3,Suborder,Lumbricina,Lumbricina,Emergents,0,0,0,NA,NA,NA,NA,NA,NA,NA,NA,NA,NA,NA   NA   NA   NA,NA   NA   NA   NA
SHR_2018-03-29 08:57:00,3/29/2018 8:57,SHR,2018,A,TRUE,CLD,NA,NA,12.6,0.44,81,106,7.45,10.2,22.3,10,Low,655580,659000,3420,3420,22.50057186,22.50057186,1,NA,NA,Aquatic Non-Insects,3,Suborder,Lumbricina,Lumbricina,Adults,0,0,0,NA,NA,NA,NA,NA,NA,NA,NA,NA,NA,NA   NA   NA   NA,NA   NA   NA   NA
SHR_2018-03-29 08:57:00,3/29/2018 8:57,SHR,2018,A,TRUE,CLD,NA,NA,12.6,0.44,81,106,7.45,10.2,22.3,10,Low,655580,659000,3420,3420,22.50057186,22.50057186,1,NA,NA,Aquatic Non-Insects,3,Suborder,Lumbricina,Lumbricina,NotDetermined,1,0.044,0.044,NA,NA,NA,NA,NA,NA,NA,NA,NA,NA,NA   NA   NA   NA,NA   NA   NA   NA
SHR_2018-03-29 08:57:00,3/29/2018 8:57,SHR,2018,A,TRUE,CLD,NA,NA,12.6,0.44,81,106,7.45,10.2,22.3,10,Low,655580,659000,3420,3420,22.50057186,22.50057186,1,NA,NA,Aquatic Non-Insects,9,Family,Corophiidae,Corophiidae,Larvae,0,0,0,NA,NA,NA,NA,NA,NA,NA,NA,NA,NA,NA   NA   NA   NA,NA   NA   NA   NA
SHR_2018-03-29 08:57:00,3/29/2018 8:57,SHR,2018,A,TRUE,CLD,NA,NA,12.6,0.44,81,106,7.45,10.2,22.3,10,Low,655580,659000,3420,3420,22.50057186,22.50057186,1,NA,NA,Aquatic Non-Insects,9,Family,Corophiidae,Corophiidae,Pupae,0,0,0,NA,NA,NA,NA,NA,NA,NA,NA,NA,NA,NA   NA   NA   NA,NA   NA   NA   NA
SHR_2018-03-29 08:57:00,3/29/2018 8:57,SHR,2018,A,TRUE,CLD,NA,NA,12.6,0.44,81,106,7.45,10.2,22.3,10,Low,655580,659000,3420,3420,22.50057186,22.50057186,1,NA,NA,Aquatic Non-Insects,9,Family,Corophiidae,Corophiidae,Nymphs,0,0,0,NA,NA,NA,NA,NA,NA,NA,NA,NA,NA,NA   NA   NA   NA,NA   NA   NA   NA
SHR_2018-03-29 08:57:00,3/29/2018 8:57,SHR,2018,A,TRUE,CLD,NA,NA,12.6,0.44,81,106,7.45,10.2,22.3,10,Low,655580,659000,3420,3420,22.50057186,22.50057186,1,NA,NA,Aquatic Non-Insects,9,Family,Corophiidae,Corophiidae,Emergents,0,0,0,NA,NA,NA,NA,NA,NA,NA,NA,NA,NA,NA   NA   NA   NA,NA   NA   NA   NA
SHR_2018-03-29 08:57:00,3/29/2018 8:57,SHR,2018,A,TRUE,CLD,NA,NA,12.6,0.44,81,106,7.45,10.2,22.3,10,Low,655580,659000,3420,3420,22.50057186,22.50057186,1,NA,NA,Aquatic Non-Insects,9,Family,Corophiidae,Corophiidae,Adults,0,0,0,NA,NA,NA,NA,NA,NA,NA,NA,NA,NA,NA   NA   NA   NA,NA   NA   NA   NA
SHR_2018-03-29 08:57:00,3/29/2018 8:57,SHR,2018,A,TRUE,CLD,NA,NA,12.6,0.44,81,106,7.45,10.2,22.3,10,Low,655580,659000,3420,3420,22.50057186,22.50057186,1,NA,NA,Aquatic Non-Insects,9,Family,Corophiidae,Corophiidae,NotDetermined,5,0.222,0.222,NA,NA,NA,NA,NA,NA,NA,NA,NA,NA,NA   NA   NA   NA,NA   NA   NA   NA
SHR_2018-03-29 08:57:00,3/29/2018 8:57,SHR,2018,A,TRUE,CLD,NA,NA,12.6,0.44,81,106,7.45,10.2,22.3,10,Low,655580,659000,3420,3420,22.50057186,22.50057186,1,NA,NA,Aquatic Non-Insects,118,Class,Ostracoda,Ostracod,Larvae,0,0,0,NA,NA,NA,NA,NA,NA,NA,NA,NA,NA,NA   NA   NA   NA,NA   NA   NA   NA
SHR_2018-03-29 08:57:00,3/29/2018 8:57,SHR,2018,A,TRUE,CLD,NA,NA,12.6,0.44,81,106,7.45,10.2,22.3,10,Low,655580,659000,3420,3420,22.50057186,22.50057186,1,NA,NA,Aquatic Non-Insects,118,Class,Ostracoda,Ostracod,Pupae,0,0,0,NA,NA,NA,NA,NA,NA,NA,NA,NA,NA,NA   NA   NA   NA,NA   NA   NA   NA
SHR_2018-03-29 08:57:00,3/29/2018 8:57,SHR,2018,A,TRUE,CLD,NA,NA,12.6,0.44,81,106,7.45,10.2,22.3,10,Low,655580,659000,3420,3420,22.50057186,22.50057186,1,NA,NA,Aquatic Non-Insects,118,Class,Ostracoda,Ostracod,Nymphs,0,0,0,NA,NA,NA,NA,NA,NA,NA,NA,NA,NA,NA   NA   NA   NA,NA   NA   NA   NA
SHR_2018-03-29 08:57:00,3/29/2018 8:57,SHR,2018,A,TRUE,CLD,NA,NA,12.6,0.44,81,106,7.45,10.2,22.3,10,Low,655580,659000,3420,3420,22.50057186,22.50057186,1,NA,NA,Aquatic Non-Insects,118,Class,Ostracoda,Ostracod,Emergents,0,0,0,NA,NA,NA,NA,NA,NA,NA,NA,NA,NA,NA   NA   NA   NA,NA   NA   NA   NA
SHR_2018-03-29 08:57:00,3/29/2018 8:57,SHR,2018,A,TRUE,CLD,NA,NA,12.6,0.44,81,106,7.45,10.2,22.3,10,Low,655580,659000,3420,3420,22.50057186,22.50057186,1,NA,NA,Aquatic Non-Insects,118,Class,Ostracoda,Ostracod,Adults,0,0,0,NA,NA,NA,NA,NA,NA,NA,NA,NA,NA,NA   NA   NA   NA,NA   NA   NA   NA
SHR_2018-03-29 08:57:00,3/29/2018 8:57,SHR,2018,A,TRUE,CLD,NA,NA,12.6,0.44,81,106,7.45,10.2,22.3,10,Low,655580,659000,3420,3420,22.50057186,22.50057186,1,NA,NA,Aquatic Non-Insects,118,Class,Ostracoda,Ostracod,NotDetermined,2,0.089,0.089,NA,NA,NA,NA,NA,NA,NA,NA,NA,NA,NA   NA   NA   NA,NA   NA   NA   NA
SHR_2018-03-29 08:57:00,3/29/2018 8:57,SHR,2018,A,TRUE,CLD,NA,NA,12.6,0.44,81,106,7.45,10.2,22.3,10,Low,655580,659000,3420,3420,22.50057186,22.50057186,1,NA,NA,Aquatic Non-Insects,162,Class,Actinopterygii,Actinopterygii Fish,Larvae,0,0,0,NA,NA,NA,NA,NA,NA,NA,NA,NA,NA,NA   NA   NA   NA,NA   NA   NA   NA
SHR_2018-03-29 08:57:00,3/29/2018 8:57,SHR,2018,A,TRUE,CLD,NA,NA,12.6,0.44,81,106,7.45,10.2,22.3,10,Low,655580,659000,3420,3420,22.50057186,22.50057186,1,NA,NA,Aquatic Non-Insects,162,Class,Actinopterygii,Actinopterygii Fish,Pupae,0,0,0,NA,NA,NA,NA,NA,NA,NA,NA,NA,NA,NA   NA   NA   NA,NA   NA   NA   NA
SHR_2018-03-29 08:57:00,3/29/2018 8:57,SHR,2018,A,TRUE,CLD,NA,NA,12.6,0.44,81,106,7.45,10.2,22.3,10,Low,655580,659000,3420,3420,22.50057186,22.50057186,1,NA,NA,Aquatic Non-Insects,162,Class,Actinopterygii,Actinopterygii Fish,Nymphs,0,0,0,NA,NA,NA,NA,NA,NA,NA,NA,NA,NA,NA   NA   NA   NA,NA   NA   NA   NA
SHR_2018-03-29 08:57:00,3/29/2018 8:57,SHR,2018,A,TRUE,CLD,NA,NA,12.6,0.44,81,106,7.45,10.2,22.3,10,Low,655580,659000,3420,3420,22.50057186,22.50057186,1,NA,NA,Aquatic Non-Insects,162,Class,Actinopterygii,Actinopterygii Fish,Emergents,0,0,0,NA,NA,NA,NA,NA,NA,NA,NA,NA,NA,NA   NA   NA   NA,NA   NA   NA   NA
SHR_2018-03-29 08:57:00,3/29/2018 8:57,SHR,2018,A,TRUE,CLD,NA,NA,12.6,0.44,81,106,7.45,10.2,22.3,10,Low,655580,659000,3420,3420,22.50057186,22.50057186,1,NA,NA,Aquatic Non-Insects,162,Class,Actinopterygii,Actinopterygii Fish,Adults,0,0,0,NA,NA,NA,NA,NA,NA,NA,NA,NA,NA,NA   NA   NA   NA,NA   NA   NA   NA
SHR_2018-03-29 08:57:00,3/29/2018 8:57,SHR,2018,A,TRUE,CLD,NA,NA,12.6,0.44,81,106,7.45,10.2,22.3,10,Low,655580,659000,3420,3420,22.50057186,22.50057186,1,NA,NA,Aquatic Non-Insects,162,Class,Actinopterygii,Actinopterygii Fish,NotDetermined,1,0.044,0.044,NA,NA,NA,NA,NA,NA,NA,NA,NA,NA,NA   NA   NA   NA,NA   NA   NA   NA
SHR_2018-03-29 08:57:00,3/29/2018 8:57,SHR,2018,A,TRUE,CLD,NA,NA,12.6,0.44,81,106,7.45,10.2,22.3,10,Low,655580,659000,3420,3420,22.50057186,22.50057186,1,NA,NA,Aquatic Non-Insects,18,Family,Hydridae,Hydridae,Larvae,0,0,0,NA,NA,NA,NA,NA,NA,NA,NA,NA,NA,NA   NA   NA   NA,NA   NA   NA   NA
SHR_2018-03-29 08:57:00,3/29/2018 8:57,SHR,2018,A,TRUE,CLD,NA,NA,12.6,0.44,81,106,7.45,10.2,22.3,10,Low,655580,659000,3420,3420,22.50057186,22.50057186,1,NA,NA,Aquatic Non-Insects,18,Family,Hydridae,Hydridae,Pupae,0,0,0,NA,NA,NA,NA,NA,NA,NA,NA,NA,NA,NA   NA   NA   NA,NA   NA   NA   NA
SHR_2018-03-29 08:57:00,3/29/2018 8:57,SHR,2018,A,TRUE,CLD,NA,NA,12.6,0.44,81,106,7.45,10.2,22.3,10,Low,655580,659000,3420,3420,22.50057186,22.50057186,1,NA,NA,Aquatic Non-Insects,18,Family,Hydridae,Hydridae,Nymphs,0,0,0,NA,NA,NA,NA,NA,NA,NA,NA,NA,NA,NA   NA   NA   NA,NA   NA   NA   NA
SHR_2018-03-29 08:57:00,3/29/2018 8:57,SHR,2018,A,TRUE,CLD,NA,NA,12.6,0.44,81,106,7.45,10.2,22.3,10,Low,655580,659000,3420,3420,22.50057186,22.50057186,1,NA,NA,Aquatic Non-Insects,18,Family,Hydridae,Hydridae,Emergents,0,0,0,NA,NA,NA,NA,NA,NA,NA,NA,NA,NA,NA   NA   NA   NA,NA   NA   NA   NA
SHR_2018-03-29 08:57:00,3/29/2018 8:57,SHR,2018,A,TRUE,CLD,NA,NA,12.6,0.44,81,106,7.45,10.2,22.3,10,Low,655580,659000,3420,3420,22.50057186,22.50057186,1,NA,NA,Aquatic Non-Insects,18,Family,Hydridae,Hydridae,Adults,0,0,0,NA,NA,NA,NA,NA,NA,NA,NA,NA,NA,NA   NA   NA   NA,NA   NA   NA   NA
SHR_2018-03-29 08:57:00,3/29/2018 8:57,SHR,2018,A,TRUE,CLD,NA,NA,12.6,0.44,81,106,7.45,10.2,22.3,10,Low,655580,659000,3420,3420,22.50057186,22.50057186,1,NA,NA,Aquatic Non-Insects,18,Family,Hydridae,Hydridae,NotDetermined,5,0.222,0.222,NA,NA,NA,NA,NA,NA,NA,NA,NA,NA,NA   NA   NA   NA,NA   NA   NA   NA
SHR_2018-03-29 08:57:00,3/29/2018 8:57,SHR,2018,A,TRUE,CLD,NA,NA,12.6,0.44,81,106,7.45,10.2,22.3,10,Low,655580,659000,3420,3420,22.50057186,22.50057186,1,NA,NA,Aquatic Non-Insects,19,Family,Corbiculidae,Corbiculidae,Larvae,0,0,0,NA,NA,NA,NA,NA,NA,NA,NA,NA,NA,NA   NA   NA   NA,NA   NA   NA   NA
SHR_2018-03-29 08:57:00,3/29/2018 8:57,SHR,2018,A,TRUE,CLD,NA,NA,12.6,0.44,81,106,7.45,10.2,22.3,10,Low,655580,659000,3420,3420,22.50057186,22.50057186,1,NA,NA,Aquatic Non-Insects,19,Family,Corbiculidae,Corbiculidae,Pupae,0,0,0,NA,NA,NA,NA,NA,NA,NA,NA,NA,NA,NA   NA   NA   NA,NA   NA   NA   NA
SHR_2018-03-29 08:57:00,3/29/2018 8:57,SHR,2018,A,TRUE,CLD,NA,NA,12.6,0.44,81,106,7.45,10.2,22.3,10,Low,655580,659000,3420,3420,22.50057186,22.50057186,1,NA,NA,Aquatic Non-Insects,19,Family,Corbiculidae,Corbiculidae,Nymphs,0,0,0,NA,NA,NA,NA,NA,NA,NA,NA,NA,NA,NA   NA   NA   NA,NA   NA   NA   NA
SHR_2018-03-29 08:57:00,3/29/2018 8:57,SHR,2018,A,TRUE,CLD,NA,NA,12.6,0.44,81,106,7.45,10.2,22.3,10,Low,655580,659000,3420,3420,22.50057186,22.50057186,1,NA,NA,Aquatic Non-Insects,19,Family,Corbiculidae,Corbiculidae,Emergents,0,0,0,NA,NA,NA,NA,NA,NA,NA,NA,NA,NA,NA   NA   NA   NA,NA   NA   NA   NA
SHR_2018-03-29 08:57:00,3/29/2018 8:57,SHR,2018,A,TRUE,CLD,NA,NA,12.6,0.44,81,106,7.45,10.2,22.3,10,Low,655580,659000,3420,3420,22.50057186,22.50057186,1,NA,NA,Aquatic Non-Insects,19,Family,Corbiculidae,Corbiculidae,Adults,0,0,0,NA,NA,NA,NA,NA,NA,NA,NA,NA,NA,NA   NA   NA   NA,NA   NA   NA   NA
SHR_2018-03-29 08:57:00,3/29/2018 8:57,SHR,2018,A,TRUE,CLD,NA,NA,12.6,0.44,81,106,7.45,10.2,22.3,10,Low,655580,659000,3420,3420,22.50057186,22.50057186,1,NA,NA,Aquatic Non-Insects,19,Family,Corbiculidae,Corbiculidae,NotDetermined,2,0.089,0.089,NA,NA,NA,NA,NA,NA,NA,NA,NA,NA,NA   NA   NA   NA,NA   NA   NA   NA
SHR_2018-03-29 08:57:00,3/29/2018 8:57,SHR,2018,A,TRUE,CLD,NA,NA,12.6,0.44,81,106,7.45,10.2,22.3,10,Low,655580,659000,3420,3420,22.50057186,22.50057186,1,NA,NA,Terrestrial Insects,63,Order,Coleoptera,Coleoptera,Larvae,0,0,0,NA,NA,NA,NA,NA,NA,NA,NA,NA,NA,NA   NA   NA   NA,NA   NA   NA   NA
SHR_2018-03-29 08:57:00,3/29/2018 8:57,SHR,2018,A,TRUE,CLD,NA,NA,12.6,0.44,81,106,7.45,10.2,22.3,10,Low,655580,659000,3420,3420,22.50057186,22.50057186,1,NA,NA,Terrestrial Insects,63,Order,Coleoptera,Coleoptera,Pupae,0,0,0,NA,NA,NA,NA,NA,NA,NA,NA,NA,NA,NA   NA   NA   NA,NA   NA   NA   NA
SHR_2018-03-29 08:57:00,3/29/2018 8:57,SHR,2018,A,TRUE,CLD,NA,NA,12.6,0.44,81,106,7.45,10.2,22.3,10,Low,655580,659000,3420,3420,22.50057186,22.50057186,1,NA,NA,Terrestrial Insects,63,Order,Coleoptera,Coleoptera,Nymphs,0,0,0,NA,NA,NA,NA,NA,NA,NA,NA,NA,NA,NA   NA   NA   NA,NA   NA   NA   NA
SHR_2018-03-29 08:57:00,3/29/2018 8:57,SHR,2018,A,TRUE,CLD,NA,NA,12.6,0.44,81,106,7.45,10.2,22.3,10,Low,655580,659000,3420,3420,22.50057186,22.50057186,1,NA,NA,Terrestrial Insects,63,Order,Coleoptera,Coleoptera,Emergents,0,0,0,NA,NA,NA,NA,NA,NA,NA,NA,NA,NA,NA   NA   NA   NA,NA   NA   NA   NA
SHR_2018-03-29 08:57:00,3/29/2018 8:57,SHR,2018,A,TRUE,CLD,NA,NA,12.6,0.44,81,106,7.45,10.2,22.3,10,Low,655580,659000,3420,3420,22.50057186,22.50057186,1,NA,NA,Terrestrial Insects,63,Order,Coleoptera,Coleoptera,Adults,2,0.089,0.089,NA,NA,NA,NA,NA,NA,NA,NA,NA,NA,NA   NA   NA   NA,NA   NA   NA   NA
SHR_2018-03-29 08:57:00,3/29/2018 8:57,SHR,2018,A,TRUE,CLD,NA,NA,12.6,0.44,81,106,7.45,10.2,22.3,10,Low,655580,659000,3420,3420,22.50057186,22.50057186,1,NA,NA,Terrestrial Insects,63,Order,Coleoptera,Coleoptera,NotDetermined,0,0,0,NA,NA,NA,NA,NA,NA,NA,NA,NA,NA,NA   NA   NA   NA,NA   NA   NA   NA
SHR_2018-03-29 08:57:00,3/29/2018 8:57,SHR,2018,A,TRUE,CLD,NA,NA,12.6,0.44,81,106,7.45,10.2,22.3,10,Low,655580,659000,3420,3420,22.50057186,22.50057186,1,NA,NA,Terrestrial Insects,66,Order,Hymenoptera,Hymenoptera,Larvae,0,0,0,NA,NA,NA,NA,NA,NA,NA,NA,NA,NA,NA   NA   NA   NA,NA   NA   NA   NA
SHR_2018-03-29 08:57:00,3/29/2018 8:57,SHR,2018,A,TRUE,CLD,NA,NA,12.6,0.44,81,106,7.45,10.2,22.3,10,Low,655580,659000,3420,3420,22.50057186,22.50057186,1,NA,NA,Terrestrial Insects,66,Order,Hymenoptera,Hymenoptera,Pupae,0,0,0,NA,NA,NA,NA,NA,NA,NA,NA,NA,NA,NA   NA   NA   NA,NA   NA   NA   NA
SHR_2018-03-29 08:57:00,3/29/2018 8:57,SHR,2018,A,TRUE,CLD,NA,NA,12.6,0.44,81,106,7.45,10.2,22.3,10,Low,655580,659000,3420,3420,22.50057186,22.50057186,1,NA,NA,Terrestrial Insects,66,Order,Hymenoptera,Hymenoptera,Nymphs,0,0,0,NA,NA,NA,NA,NA,NA,NA,NA,NA,NA,NA   NA   NA   NA,NA   NA   NA   NA
SHR_2018-03-29 08:57:00,3/29/2018 8:57,SHR,2018,A,TRUE,CLD,NA,NA,12.6,0.44,81,106,7.45,10.2,22.3,10,Low,655580,659000,3420,3420,22.50057186,22.50057186,1,NA,NA,Terrestrial Insects,66,Order,Hymenoptera,Hymenoptera,Emergents,0,0,0,NA,NA,NA,NA,NA,NA,NA,NA,NA,NA,NA   NA   NA   NA,NA   NA   NA   NA
SHR_2018-03-29 08:57:00,3/29/2018 8:57,SHR,2018,A,TRUE,CLD,NA,NA,12.6,0.44,81,106,7.45,10.2,22.3,10,Low,655580,659000,3420,3420,22.50057186,22.50057186,1,NA,NA,Terrestrial Insects,66,Order,Hymenoptera,Hymenoptera,Adults,1,0.044,0.044,NA,NA,NA,NA,NA,NA,NA,NA,NA,NA,NA   NA   NA   NA,NA   NA   NA   NA
SHR_2018-03-29 08:57:00,3/29/2018 8:57,SHR,2018,A,TRUE,CLD,NA,NA,12.6,0.44,81,106,7.45,10.2,22.3,10,Low,655580,659000,3420,3420,22.50057186,22.50057186,1,NA,NA,Terrestrial Insects,66,Order,Hymenoptera,Hymenoptera,NotDetermined,0,0,0,NA,NA,NA,NA,NA,NA,NA,NA,NA,NA,NA   NA   NA   NA,NA   NA   NA   NA
SHR_2018-03-29 08:57:00,3/29/2018 8:57,SHR,2018,A,TRUE,CLD,NA,NA,12.6,0.44,81,106,7.45,10.2,22.3,10,Low,655580,659000,3420,3420,22.50057186,22.50057186,1,NA,NA,Terrestrial Insects,73,Order,Lepidoptera,Lepidoptera,Larvae,1,0.044,0.044,NA,NA,NA,NA,NA,NA,NA,NA,NA,NA,NA   NA   NA   NA,NA   NA   NA   NA
SHR_2018-03-29 08:57:00,3/29/2018 8:57,SHR,2018,A,TRUE,CLD,NA,NA,12.6,0.44,81,106,7.45,10.2,22.3,10,Low,655580,659000,3420,3420,22.50057186,22.50057186,1,NA,NA,Terrestrial Insects,73,Order,Lepidoptera,Lepidoptera,Pupae,0,0,0,NA,NA,NA,NA,NA,NA,NA,NA,NA,NA,NA   NA   NA   NA,NA   NA   NA   NA
SHR_2018-03-29 08:57:00,3/29/2018 8:57,SHR,2018,A,TRUE,CLD,NA,NA,12.6,0.44,81,106,7.45,10.2,22.3,10,Low,655580,659000,3420,3420,22.50057186,22.50057186,1,NA,NA,Terrestrial Insects,73,Order,Lepidoptera,Lepidoptera,Nymphs,0,0,0,NA,NA,NA,NA,NA,NA,NA,NA,NA,NA,NA   NA   NA   NA,NA   NA   NA   NA
SHR_2018-03-29 08:57:00,3/29/2018 8:57,SHR,2018,A,TRUE,CLD,NA,NA,12.6,0.44,81,106,7.45,10.2,22.3,10,Low,655580,659000,3420,3420,22.50057186,22.50057186,1,NA,NA,Terrestrial Insects,73,Order,Lepidoptera,Lepidoptera,Emergents,0,0,0,NA,NA,NA,NA,NA,NA,NA,NA,NA,NA,NA   NA   NA   NA,NA   NA   NA   NA
SHR_2018-03-29 08:57:00,3/29/2018 8:57,SHR,2018,A,TRUE,CLD,NA,NA,12.6,0.44,81,106,7.45,10.2,22.3,10,Low,655580,659000,3420,3420,22.50057186,22.50057186,1,NA,NA,Terrestrial Insects,73,Order,Lepidoptera,Lepidoptera,Adults,0,0,0,NA,NA,NA,NA,NA,NA,NA,NA,NA,NA,NA   NA   NA   NA,NA   NA   NA   NA
SHR_2018-03-29 08:57:00,3/29/2018 8:57,SHR,2018,A,TRUE,CLD,NA,NA,12.6,0.44,81,106,7.45,10.2,22.3,10,Low,655580,659000,3420,3420,22.50057186,22.50057186,1,NA,NA,Terrestrial Insects,73,Order,Lepidoptera,Lepidoptera,NotDetermined,0,0,0,NA,NA,NA,NA,NA,NA,NA,NA,NA,NA,NA   NA   NA   NA,NA   NA   NA   NA
STTD_2018-04-10 11:00:00,4/10/2018 11:00,STTD,2018,A,TRUE,CLD,NA,NA,16.6,0.12,211,252,7.71,7.75,111.2,5,Regular,656000,660722,4722,4722,14.50403368,14.50403368,2,lots of debris (might have lost sample when sorting),NA,Aquatic Insects,30,Family,Dytiscidae,Dytiscidae,Larvae,0,0,0,NA,NA,2,SAMP,NA,NA,NA,NA,NA,NA,2   NA   NA   NA,SAMP   NA   NA   NA
STTD_2018-04-10 11:00:00,4/10/2018 11:00,STTD,2018,A,TRUE,CLD,NA,NA,16.6,0.12,211,252,7.71,7.75,111.2,5,Regular,656000,660722,4722,4722,14.50403368,14.50403368,2,lots of debris (might have lost sample when sorting),NA,Aquatic Insects,30,Family,Dytiscidae,Dytiscidae,Pupae,0,0,0,NA,NA,2,SAMP,NA,NA,NA,NA,NA,NA,2   NA   NA   NA,SAMP   NA   NA   NA
STTD_2018-04-10 11:00:00,4/10/2018 11:00,STTD,2018,A,TRUE,CLD,NA,NA,16.6,0.12,211,252,7.71,7.75,111.2,5,Regular,656000,660722,4722,4722,14.50403368,14.50403368,2,lots of debris (might have lost sample when sorting),NA,Aquatic Insects,30,Family,Dytiscidae,Dytiscidae,Nymphs,0,0,0,NA,NA,2,SAMP,NA,NA,NA,NA,NA,NA,2   NA   NA   NA,SAMP   NA   NA   NA
STTD_2018-04-10 11:00:00,4/10/2018 11:00,STTD,2018,A,TRUE,CLD,NA,NA,16.6,0.12,211,252,7.71,7.75,111.2,5,Regular,656000,660722,4722,4722,14.50403368,14.50403368,2,lots of debris (might have lost sample when sorting),NA,Aquatic Insects,30,Family,Dytiscidae,Dytiscidae,Emergents,0,0,0,NA,NA,2,SAMP,NA,NA,NA,NA,NA,NA,2   NA   NA   NA,SAMP   NA   NA   NA
STTD_2018-04-10 11:00:00,4/10/2018 11:00,STTD,2018,A,TRUE,CLD,NA,NA,16.6,0.12,211,252,7.71,7.75,111.2,5,Regular,656000,660722,4722,4722,14.50403368,14.50403368,2,lots of debris (might have lost sample when sorting),NA,Aquatic Insects,30,Family,Dytiscidae,Dytiscidae,Adults,1,0.069,0.069,NA,NA,2,SAMP,NA,NA,NA,NA,NA,NA,2   NA   NA   NA,SAMP   NA   NA   NA
STTD_2018-04-10 11:00:00,4/10/2018 11:00,STTD,2018,A,TRUE,CLD,NA,NA,16.6,0.12,211,252,7.71,7.75,111.2,5,Regular,656000,660722,4722,4722,14.50403368,14.50403368,2,lots of debris (might have lost sample when sorting),NA,Aquatic Insects,30,Family,Dytiscidae,Dytiscidae,NotDetermined,0,0,0,NA,NA,2,SAMP,NA,NA,NA,NA,NA,NA,2   NA   NA   NA,SAMP   NA   NA   NA
STTD_2018-04-10 11:00:00,4/10/2018 11:00,STTD,2018,A,TRUE,CLD,NA,NA,16.6,0.12,211,252,7.71,7.75,111.2,5,Regular,656000,660722,4722,4722,14.50403368,14.50403368,2,lots of debris (might have lost sample when sorting),NA,Aquatic Insects,32,Family,Ceratopogonidae,Ceratopogonidae,Larvae,0,0,0,NA,NA,2,SAMP,NA,NA,NA,NA,NA,NA,2   NA   NA   NA,SAMP   NA   NA   NA
STTD_2018-04-10 11:00:00,4/10/2018 11:00,STTD,2018,A,TRUE,CLD,NA,NA,16.6,0.12,211,252,7.71,7.75,111.2,5,Regular,656000,660722,4722,4722,14.50403368,14.50403368,2,lots of debris (might have lost sample when sorting),NA,Aquatic Insects,32,Family,Ceratopogonidae,Ceratopogonidae,Pupae,2,0.138,0.138,NA,NA,2,SAMP,NA,NA,NA,NA,NA,NA,2   NA   NA   NA,SAMP   NA   NA   NA
STTD_2018-04-10 11:00:00,4/10/2018 11:00,STTD,2018,A,TRUE,CLD,NA,NA,16.6,0.12,211,252,7.71,7.75,111.2,5,Regular,656000,660722,4722,4722,14.50403368,14.50403368,2,lots of debris (might have lost sample when sorting),NA,Aquatic Insects,32,Family,Ceratopogonidae,Ceratopogonidae,Nymphs,0,0,0,NA,NA,2,SAMP,NA,NA,NA,NA,NA,NA,2   NA   NA   NA,SAMP   NA   NA   NA
STTD_2018-04-10 11:00:00,4/10/2018 11:00,STTD,2018,A,TRUE,CLD,NA,NA,16.6,0.12,211,252,7.71,7.75,111.2,5,Regular,656000,660722,4722,4722,14.50403368,14.50403368,2,lots of debris (might have lost sample when sorting),NA,Aquatic Insects,32,Family,Ceratopogonidae,Ceratopogonidae,Emergents,4,0.276,0.276,NA,NA,2,SAMP,NA,NA,NA,NA,NA,NA,2   NA   NA   NA,SAMP   NA   NA   NA
STTD_2018-04-10 11:00:00,4/10/2018 11:00,STTD,2018,A,TRUE,CLD,NA,NA,16.6,0.12,211,252,7.71,7.75,111.2,5,Regular,656000,660722,4722,4722,14.50403368,14.50403368,2,lots of debris (might have lost sample when sorting),NA,Aquatic Insects,32,Family,Ceratopogonidae,Ceratopogonidae,Adults,2,0.138,0.138,NA,NA,2,SAMP,NA,NA,NA,NA,NA,NA,2   NA   NA   NA,SAMP   NA   NA   NA
STTD_2018-04-10 11:00:00,4/10/2018 11:00,STTD,2018,A,TRUE,CLD,NA,NA,16.6,0.12,211,252,7.71,7.75,111.2,5,Regular,656000,660722,4722,4722,14.50403368,14.50403368,2,lots of debris (might have lost sample when sorting),NA,Aquatic Insects,32,Family,Ceratopogonidae,Ceratopogonidae,NotDetermined,0,0,0,NA,NA,2,SAMP,NA,NA,NA,NA,NA,NA,2   NA   NA   NA,SAMP   NA   NA   NA
STTD_2018-04-10 11:00:00,4/10/2018 11:00,STTD,2018,A,TRUE,CLD,NA,NA,16.6,0.12,211,252,7.71,7.75,111.2,5,Regular,656000,660722,4722,4722,14.50403368,14.50403368,2,lots of debris (might have lost sample when sorting),NA,Aquatic Insects,34,Family,Chironomidae,Chironomidae,Larvae,56,3.861,3.861,NA,NA,2,SAMP,NA,NA,NA,NA,NA,NA,2   NA   NA   NA,SAMP   NA   NA   NA
STTD_2018-04-10 11:00:00,4/10/2018 11:00,STTD,2018,A,TRUE,CLD,NA,NA,16.6,0.12,211,252,7.71,7.75,111.2,5,Regular,656000,660722,4722,4722,14.50403368,14.50403368,2,lots of debris (might have lost sample when sorting),NA,Aquatic Insects,34,Family,Chironomidae,Chironomidae,Pupae,7,0.483,0.483,NA,NA,2,SAMP,NA,NA,NA,NA,NA,NA,2   NA   NA   NA,SAMP   NA   NA   NA
STTD_2018-04-10 11:00:00,4/10/2018 11:00,STTD,2018,A,TRUE,CLD,NA,NA,16.6,0.12,211,252,7.71,7.75,111.2,5,Regular,656000,660722,4722,4722,14.50403368,14.50403368,2,lots of debris (might have lost sample when sorting),NA,Aquatic Insects,34,Family,Chironomidae,Chironomidae,Nymphs,0,0,0,NA,NA,2,SAMP,NA,NA,NA,NA,NA,NA,2   NA   NA   NA,SAMP   NA   NA   NA
STTD_2018-04-10 11:00:00,4/10/2018 11:00,STTD,2018,A,TRUE,CLD,NA,NA,16.6,0.12,211,252,7.71,7.75,111.2,5,Regular,656000,660722,4722,4722,14.50403368,14.50403368,2,lots of debris (might have lost sample when sorting),NA,Aquatic Insects,34,Family,Chironomidae,Chironomidae,Emergents,0,0,0,NA,NA,2,SAMP,NA,NA,NA,NA,NA,NA,2   NA   NA   NA,SAMP   NA   NA   NA
STTD_2018-04-10 11:00:00,4/10/2018 11:00,STTD,2018,A,TRUE,CLD,NA,NA,16.6,0.12,211,252,7.71,7.75,111.2,5,Regular,656000,660722,4722,4722,14.50403368,14.50403368,2,lots of debris (might have lost sample when sorting),NA,Aquatic Insects,34,Family,Chironomidae,Chironomidae,Adults,5,0.345,0.345,NA,NA,2,SAMP,NA,NA,NA,NA,NA,NA,2   NA   NA   NA,SAMP   NA   NA   NA
STTD_2018-04-10 11:00:00,4/10/2018 11:00,STTD,2018,A,TRUE,CLD,NA,NA,16.6,0.12,211,252,7.71,7.75,111.2,5,Regular,656000,660722,4722,4722,14.50403368,14.50403368,2,lots of debris (might have lost sample when sorting),NA,Aquatic Insects,34,Family,Chironomidae,Chironomidae,NotDetermined,0,0,0,NA,NA,2,SAMP,NA,NA,NA,NA,NA,NA,2   NA   NA   NA,SAMP   NA   NA   NA
STTD_2018-04-10 11:00:00,4/10/2018 11:00,STTD,2018,A,TRUE,CLD,NA,NA,16.6,0.12,211,252,7.71,7.75,111.2,5,Regular,656000,660722,4722,4722,14.50403368,14.50403368,2,lots of debris (might have lost sample when sorting),NA,Aquatic Insects,54,Family,Sciomyzidae,Sciomyzidae,Larvae,1,0.069,0.069,NA,NA,2,SAMP,NA,NA,NA,NA,NA,NA,2   NA   NA   NA,SAMP   NA   NA   NA
STTD_2018-04-10 11:00:00,4/10/2018 11:00,STTD,2018,A,TRUE,CLD,NA,NA,16.6,0.12,211,252,7.71,7.75,111.2,5,Regular,656000,660722,4722,4722,14.50403368,14.50403368,2,lots of debris (might have lost sample when sorting),NA,Aquatic Insects,54,Family,Sciomyzidae,Sciomyzidae,Pupae,0,0,0,NA,NA,2,SAMP,NA,NA,NA,NA,NA,NA,2   NA   NA   NA,SAMP   NA   NA   NA
STTD_2018-04-10 11:00:00,4/10/2018 11:00,STTD,2018,A,TRUE,CLD,NA,NA,16.6,0.12,211,252,7.71,7.75,111.2,5,Regular,656000,660722,4722,4722,14.50403368,14.50403368,2,lots of debris (might have lost sample when sorting),NA,Aquatic Insects,54,Family,Sciomyzidae,Sciomyzidae,Nymphs,0,0,0,NA,NA,2,SAMP,NA,NA,NA,NA,NA,NA,2   NA   NA   NA,SAMP   NA   NA   NA
STTD_2018-04-10 11:00:00,4/10/2018 11:00,STTD,2018,A,TRUE,CLD,NA,NA,16.6,0.12,211,252,7.71,7.75,111.2,5,Regular,656000,660722,4722,4722,14.50403368,14.50403368,2,lots of debris (might have lost sample when sorting),NA,Aquatic Insects,54,Family,Sciomyzidae,Sciomyzidae,Emergents,0,0,0,NA,NA,2,SAMP,NA,NA,NA,NA,NA,NA,2   NA   NA   NA,SAMP   NA   NA   NA
STTD_2018-04-10 11:00:00,4/10/2018 11:00,STTD,2018,A,TRUE,CLD,NA,NA,16.6,0.12,211,252,7.71,7.75,111.2,5,Regular,656000,660722,4722,4722,14.50403368,14.50403368,2,lots of debris (might have lost sample when sorting),NA,Aquatic Insects,54,Family,Sciomyzidae,Sciomyzidae,Adults,0,0,0,NA,NA,2,SAMP,NA,NA,NA,NA,NA,NA,2   NA   NA   NA,SAMP   NA   NA   NA
STTD_2018-04-10 11:00:00,4/10/2018 11:00,STTD,2018,A,TRUE,CLD,NA,NA,16.6,0.12,211,252,7.71,7.75,111.2,5,Regular,656000,660722,4722,4722,14.50403368,14.50403368,2,lots of debris (might have lost sample when sorting),NA,Aquatic Insects,54,Family,Sciomyzidae,Sciomyzidae,NotDetermined,0,0,0,NA,NA,2,SAMP,NA,NA,NA,NA,NA,NA,2   NA   NA   NA,SAMP   NA   NA   NA
STTD_2018-04-10 11:00:00,4/10/2018 11:00,STTD,2018,A,TRUE,CLD,NA,NA,16.6,0.12,211,252,7.71,7.75,111.2,5,Regular,656000,660722,4722,4722,14.50403368,14.50403368,2,lots of debris (might have lost sample when sorting),NA,Aquatic Insects,39,Family,Tipulidae,Tipulidae,Larvae,23,1.586,1.586,NA,NA,2,SAMP,NA,NA,NA,NA,NA,NA,2   NA   NA   NA,SAMP   NA   NA   NA
STTD_2018-04-10 11:00:00,4/10/2018 11:00,STTD,2018,A,TRUE,CLD,NA,NA,16.6,0.12,211,252,7.71,7.75,111.2,5,Regular,656000,660722,4722,4722,14.50403368,14.50403368,2,lots of debris (might have lost sample when sorting),NA,Aquatic Insects,39,Family,Tipulidae,Tipulidae,Pupae,0,0,0,NA,NA,2,SAMP,NA,NA,NA,NA,NA,NA,2   NA   NA   NA,SAMP   NA   NA   NA
STTD_2018-04-10 11:00:00,4/10/2018 11:00,STTD,2018,A,TRUE,CLD,NA,NA,16.6,0.12,211,252,7.71,7.75,111.2,5,Regular,656000,660722,4722,4722,14.50403368,14.50403368,2,lots of debris (might have lost sample when sorting),NA,Aquatic Insects,39,Family,Tipulidae,Tipulidae,Nymphs,0,0,0,NA,NA,2,SAMP,NA,NA,NA,NA,NA,NA,2   NA   NA   NA,SAMP   NA   NA   NA
STTD_2018-04-10 11:00:00,4/10/2018 11:00,STTD,2018,A,TRUE,CLD,NA,NA,16.6,0.12,211,252,7.71,7.75,111.2,5,Regular,656000,660722,4722,4722,14.50403368,14.50403368,2,lots of debris (might have lost sample when sorting),NA,Aquatic Insects,39,Family,Tipulidae,Tipulidae,Emergents,0,0,0,NA,NA,2,SAMP,NA,NA,NA,NA,NA,NA,2   NA   NA   NA,SAMP   NA   NA   NA
STTD_2018-04-10 11:00:00,4/10/2018 11:00,STTD,2018,A,TRUE,CLD,NA,NA,16.6,0.12,211,252,7.71,7.75,111.2,5,Regular,656000,660722,4722,4722,14.50403368,14.50403368,2,lots of debris (might have lost sample when sorting),NA,Aquatic Insects,39,Family,Tipulidae,Tipulidae,Adults,0,0,0,NA,NA,2,SAMP,NA,NA,NA,NA,NA,NA,2   NA   NA   NA,SAMP   NA   NA   NA
STTD_2018-04-10 11:00:00,4/10/2018 11:00,STTD,2018,A,TRUE,CLD,NA,NA,16.6,0.12,211,252,7.71,7.75,111.2,5,Regular,656000,660722,4722,4722,14.50403368,14.50403368,2,lots of debris (might have lost sample when sorting),NA,Aquatic Insects,39,Family,Tipulidae,Tipulidae,NotDetermined,0,0,0,NA,NA,2,SAMP,NA,NA,NA,NA,NA,NA,2   NA   NA   NA,SAMP   NA   NA   NA
STTD_2018-04-10 11:00:00,4/10/2018 11:00,STTD,2018,A,TRUE,CLD,NA,NA,16.6,0.12,211,252,7.71,7.75,111.2,5,Regular,656000,660722,4722,4722,14.50403368,14.50403368,2,lots of debris (might have lost sample when sorting),NA,Aquatic Insects,40,Family,Caenidae,Caenidae,Larvae,8,0.552,0.552,NA,NA,2,SAMP,NA,NA,NA,NA,NA,NA,2   NA   NA   NA,SAMP   NA   NA   NA
STTD_2018-04-10 11:00:00,4/10/2018 11:00,STTD,2018,A,TRUE,CLD,NA,NA,16.6,0.12,211,252,7.71,7.75,111.2,5,Regular,656000,660722,4722,4722,14.50403368,14.50403368,2,lots of debris (might have lost sample when sorting),NA,Aquatic Insects,40,Family,Caenidae,Caenidae,Pupae,0,0,0,NA,NA,2,SAMP,NA,NA,NA,NA,NA,NA,2   NA   NA   NA,SAMP   NA   NA   NA
STTD_2018-04-10 11:00:00,4/10/2018 11:00,STTD,2018,A,TRUE,CLD,NA,NA,16.6,0.12,211,252,7.71,7.75,111.2,5,Regular,656000,660722,4722,4722,14.50403368,14.50403368,2,lots of debris (might have lost sample when sorting),NA,Aquatic Insects,40,Family,Caenidae,Caenidae,Nymphs,0,0,0,NA,NA,2,SAMP,NA,NA,NA,NA,NA,NA,2   NA   NA   NA,SAMP   NA   NA   NA
STTD_2018-04-10 11:00:00,4/10/2018 11:00,STTD,2018,A,TRUE,CLD,NA,NA,16.6,0.12,211,252,7.71,7.75,111.2,5,Regular,656000,660722,4722,4722,14.50403368,14.50403368,2,lots of debris (might have lost sample when sorting),NA,Aquatic Insects,40,Family,Caenidae,Caenidae,Emergents,0,0,0,NA,NA,2,SAMP,NA,NA,NA,NA,NA,NA,2   NA   NA   NA,SAMP   NA   NA   NA
STTD_2018-04-10 11:00:00,4/10/2018 11:00,STTD,2018,A,TRUE,CLD,NA,NA,16.6,0.12,211,252,7.71,7.75,111.2,5,Regular,656000,660722,4722,4722,14.50403368,14.50403368,2,lots of debris (might have lost sample when sorting),NA,Aquatic Insects,40,Family,Caenidae,Caenidae,Adults,0,0,0,NA,NA,2,SAMP,NA,NA,NA,NA,NA,NA,2   NA   NA   NA,SAMP   NA   NA   NA
STTD_2018-04-10 11:00:00,4/10/2018 11:00,STTD,2018,A,TRUE,CLD,NA,NA,16.6,0.12,211,252,7.71,7.75,111.2,5,Regular,656000,660722,4722,4722,14.50403368,14.50403368,2,lots of debris (might have lost sample when sorting),NA,Aquatic Insects,40,Family,Caenidae,Caenidae,NotDetermined,0,0,0,NA,NA,2,SAMP,NA,NA,NA,NA,NA,NA,2   NA   NA   NA,SAMP   NA   NA   NA
STTD_2018-04-10 11:00:00,4/10/2018 11:00,STTD,2018,A,TRUE,CLD,NA,NA,16.6,0.12,211,252,7.71,7.75,111.2,5,Regular,656000,660722,4722,4722,14.50403368,14.50403368,2,lots of debris (might have lost sample when sorting),NA,Aquatic Insects,44,Family,Corixidae,Corixidae,Larvae,65,4.482,4.482,NA,NA,2,SAMP,NA,NA,NA,NA,NA,NA,2   NA   NA   NA,SAMP   NA   NA   NA
STTD_2018-04-10 11:00:00,4/10/2018 11:00,STTD,2018,A,TRUE,CLD,NA,NA,16.6,0.12,211,252,7.71,7.75,111.2,5,Regular,656000,660722,4722,4722,14.50403368,14.50403368,2,lots of debris (might have lost sample when sorting),NA,Aquatic Insects,44,Family,Corixidae,Corixidae,Pupae,0,0,0,NA,NA,2,SAMP,NA,NA,NA,NA,NA,NA,2   NA   NA   NA,SAMP   NA   NA   NA
STTD_2018-04-10 11:00:00,4/10/2018 11:00,STTD,2018,A,TRUE,CLD,NA,NA,16.6,0.12,211,252,7.71,7.75,111.2,5,Regular,656000,660722,4722,4722,14.50403368,14.50403368,2,lots of debris (might have lost sample when sorting),NA,Aquatic Insects,44,Family,Corixidae,Corixidae,Nymphs,0,0,0,NA,NA,2,SAMP,NA,NA,NA,NA,NA,NA,2   NA   NA   NA,SAMP   NA   NA   NA
STTD_2018-04-10 11:00:00,4/10/2018 11:00,STTD,2018,A,TRUE,CLD,NA,NA,16.6,0.12,211,252,7.71,7.75,111.2,5,Regular,656000,660722,4722,4722,14.50403368,14.50403368,2,lots of debris (might have lost sample when sorting),NA,Aquatic Insects,44,Family,Corixidae,Corixidae,Emergents,0,0,0,NA,NA,2,SAMP,NA,NA,NA,NA,NA,NA,2   NA   NA   NA,SAMP   NA   NA   NA
STTD_2018-04-10 11:00:00,4/10/2018 11:00,STTD,2018,A,TRUE,CLD,NA,NA,16.6,0.12,211,252,7.71,7.75,111.2,5,Regular,656000,660722,4722,4722,14.50403368,14.50403368,2,lots of debris (might have lost sample when sorting),NA,Aquatic Insects,44,Family,Corixidae,Corixidae,Adults,2,0.138,0.138,NA,NA,2,SAMP,NA,NA,NA,NA,NA,NA,2   NA   NA   NA,SAMP   NA   NA   NA
STTD_2018-04-10 11:00:00,4/10/2018 11:00,STTD,2018,A,TRUE,CLD,NA,NA,16.6,0.12,211,252,7.71,7.75,111.2,5,Regular,656000,660722,4722,4722,14.50403368,14.50403368,2,lots of debris (might have lost sample when sorting),NA,Aquatic Insects,44,Family,Corixidae,Corixidae,NotDetermined,0,0,0,NA,NA,2,SAMP,NA,NA,NA,NA,NA,NA,2   NA   NA   NA,SAMP   NA   NA   NA
STTD_2018-04-10 11:00:00,4/10/2018 11:00,STTD,2018,A,TRUE,CLD,NA,NA,16.6,0.12,211,252,7.71,7.75,111.2,5,Regular,656000,660722,4722,4722,14.50403368,14.50403368,2,lots of debris (might have lost sample when sorting),NA,Aquatic Insects,46,Family,Coenagrionidae,Coenagrionidae,Larvae,8,0.552,0.552,NA,NA,2,SAMP,NA,NA,NA,NA,NA,NA,2   NA   NA   NA,SAMP   NA   NA   NA
STTD_2018-04-10 11:00:00,4/10/2018 11:00,STTD,2018,A,TRUE,CLD,NA,NA,16.6,0.12,211,252,7.71,7.75,111.2,5,Regular,656000,660722,4722,4722,14.50403368,14.50403368,2,lots of debris (might have lost sample when sorting),NA,Aquatic Insects,46,Family,Coenagrionidae,Coenagrionidae,Pupae,0,0,0,NA,NA,2,SAMP,NA,NA,NA,NA,NA,NA,2   NA   NA   NA,SAMP   NA   NA   NA
STTD_2018-04-10 11:00:00,4/10/2018 11:00,STTD,2018,A,TRUE,CLD,NA,NA,16.6,0.12,211,252,7.71,7.75,111.2,5,Regular,656000,660722,4722,4722,14.50403368,14.50403368,2,lots of debris (might have lost sample when sorting),NA,Aquatic Insects,46,Family,Coenagrionidae,Coenagrionidae,Nymphs,0,0,0,NA,NA,2,SAMP,NA,NA,NA,NA,NA,NA,2   NA   NA   NA,SAMP   NA   NA   NA
STTD_2018-04-10 11:00:00,4/10/2018 11:00,STTD,2018,A,TRUE,CLD,NA,NA,16.6,0.12,211,252,7.71,7.75,111.2,5,Regular,656000,660722,4722,4722,14.50403368,14.50403368,2,lots of debris (might have lost sample when sorting),NA,Aquatic Insects,46,Family,Coenagrionidae,Coenagrionidae,Emergents,0,0,0,NA,NA,2,SAMP,NA,NA,NA,NA,NA,NA,2   NA   NA   NA,SAMP   NA   NA   NA
STTD_2018-04-10 11:00:00,4/10/2018 11:00,STTD,2018,A,TRUE,CLD,NA,NA,16.6,0.12,211,252,7.71,7.75,111.2,5,Regular,656000,660722,4722,4722,14.50403368,14.50403368,2,lots of debris (might have lost sample when sorting),NA,Aquatic Insects,46,Family,Coenagrionidae,Coenagrionidae,Adults,0,0,0,NA,NA,2,SAMP,NA,NA,NA,NA,NA,NA,2   NA   NA   NA,SAMP   NA   NA   NA
STTD_2018-04-10 11:00:00,4/10/2018 11:00,STTD,2018,A,TRUE,CLD,NA,NA,16.6,0.12,211,252,7.71,7.75,111.2,5,Regular,656000,660722,4722,4722,14.50403368,14.50403368,2,lots of debris (might have lost sample when sorting),NA,Aquatic Insects,46,Family,Coenagrionidae,Coenagrionidae,NotDetermined,0,0,0,NA,NA,2,SAMP,NA,NA,NA,NA,NA,NA,2   NA   NA   NA,SAMP   NA   NA   NA
STTD_2018-04-10 11:00:00,4/10/2018 11:00,STTD,2018,A,TRUE,CLD,NA,NA,16.6,0.12,211,252,7.71,7.75,111.2,5,Regular,656000,660722,4722,4722,14.50403368,14.50403368,2,lots of debris (might have lost sample when sorting),NA,Aquatic Non-Insects,4,Family,Naididae,Naididae,Larvae,0,0,0,NA,NA,2,SAMP,NA,NA,NA,NA,NA,NA,2   NA   NA   NA,SAMP   NA   NA   NA
STTD_2018-04-10 11:00:00,4/10/2018 11:00,STTD,2018,A,TRUE,CLD,NA,NA,16.6,0.12,211,252,7.71,7.75,111.2,5,Regular,656000,660722,4722,4722,14.50403368,14.50403368,2,lots of debris (might have lost sample when sorting),NA,Aquatic Non-Insects,4,Family,Naididae,Naididae,Pupae,0,0,0,NA,NA,2,SAMP,NA,NA,NA,NA,NA,NA,2   NA   NA   NA,SAMP   NA   NA   NA
STTD_2018-04-10 11:00:00,4/10/2018 11:00,STTD,2018,A,TRUE,CLD,NA,NA,16.6,0.12,211,252,7.71,7.75,111.2,5,Regular,656000,660722,4722,4722,14.50403368,14.50403368,2,lots of debris (might have lost sample when sorting),NA,Aquatic Non-Insects,4,Family,Naididae,Naididae,Nymphs,0,0,0,NA,NA,2,SAMP,NA,NA,NA,NA,NA,NA,2   NA   NA   NA,SAMP   NA   NA   NA
STTD_2018-04-10 11:00:00,4/10/2018 11:00,STTD,2018,A,TRUE,CLD,NA,NA,16.6,0.12,211,252,7.71,7.75,111.2,5,Regular,656000,660722,4722,4722,14.50403368,14.50403368,2,lots of debris (might have lost sample when sorting),NA,Aquatic Non-Insects,4,Family,Naididae,Naididae,Emergents,0,0,0,NA,NA,2,SAMP,NA,NA,NA,NA,NA,NA,2   NA   NA   NA,SAMP   NA   NA   NA
STTD_2018-04-10 11:00:00,4/10/2018 11:00,STTD,2018,A,TRUE,CLD,NA,NA,16.6,0.12,211,252,7.71,7.75,111.2,5,Regular,656000,660722,4722,4722,14.50403368,14.50403368,2,lots of debris (might have lost sample when sorting),NA,Aquatic Non-Insects,4,Family,Naididae,Naididae,Adults,0,0,0,NA,NA,2,SAMP,NA,NA,NA,NA,NA,NA,2   NA   NA   NA,SAMP   NA   NA   NA
STTD_2018-04-10 11:00:00,4/10/2018 11:00,STTD,2018,A,TRUE,CLD,NA,NA,16.6,0.12,211,252,7.71,7.75,111.2,5,Regular,656000,660722,4722,4722,14.50403368,14.50403368,2,lots of debris (might have lost sample when sorting),NA,Aquatic Non-Insects,4,Family,Naididae,Naididae,NotDetermined,11,0.758,0.758,NA,NA,2,SAMP,NA,NA,NA,NA,NA,NA,2   NA   NA   NA,SAMP   NA   NA   NA
STTD_2018-04-10 11:00:00,4/10/2018 11:00,STTD,2018,A,TRUE,CLD,NA,NA,16.6,0.12,211,252,7.71,7.75,111.2,5,Regular,656000,660722,4722,4722,14.50403368,14.50403368,2,lots of debris (might have lost sample when sorting),NA,Aquatic Non-Insects,10,Family,Crangonyctidae,Crangonyctidae,Larvae,0,0,0,NA,NA,2,SAMP,NA,NA,NA,NA,NA,NA,2   NA   NA   NA,SAMP   NA   NA   NA
STTD_2018-04-10 11:00:00,4/10/2018 11:00,STTD,2018,A,TRUE,CLD,NA,NA,16.6,0.12,211,252,7.71,7.75,111.2,5,Regular,656000,660722,4722,4722,14.50403368,14.50403368,2,lots of debris (might have lost sample when sorting),NA,Aquatic Non-Insects,10,Family,Crangonyctidae,Crangonyctidae,Pupae,0,0,0,NA,NA,2,SAMP,NA,NA,NA,NA,NA,NA,2   NA   NA   NA,SAMP   NA   NA   NA
STTD_2018-04-10 11:00:00,4/10/2018 11:00,STTD,2018,A,TRUE,CLD,NA,NA,16.6,0.12,211,252,7.71,7.75,111.2,5,Regular,656000,660722,4722,4722,14.50403368,14.50403368,2,lots of debris (might have lost sample when sorting),NA,Aquatic Non-Insects,10,Family,Crangonyctidae,Crangonyctidae,Nymphs,0,0,0,NA,NA,2,SAMP,NA,NA,NA,NA,NA,NA,2   NA   NA   NA,SAMP   NA   NA   NA
STTD_2018-04-10 11:00:00,4/10/2018 11:00,STTD,2018,A,TRUE,CLD,NA,NA,16.6,0.12,211,252,7.71,7.75,111.2,5,Regular,656000,660722,4722,4722,14.50403368,14.50403368,2,lots of debris (might have lost sample when sorting),NA,Aquatic Non-Insects,10,Family,Crangonyctidae,Crangonyctidae,Emergents,0,0,0,NA,NA,2,SAMP,NA,NA,NA,NA,NA,NA,2   NA   NA   NA,SAMP   NA   NA   NA
STTD_2018-04-10 11:00:00,4/10/2018 11:00,STTD,2018,A,TRUE,CLD,NA,NA,16.6,0.12,211,252,7.71,7.75,111.2,5,Regular,656000,660722,4722,4722,14.50403368,14.50403368,2,lots of debris (might have lost sample when sorting),NA,Aquatic Non-Insects,10,Family,Crangonyctidae,Crangonyctidae,Adults,0,0,0,NA,NA,2,SAMP,NA,NA,NA,NA,NA,NA,2   NA   NA   NA,SAMP   NA   NA   NA
STTD_2018-04-10 11:00:00,4/10/2018 11:00,STTD,2018,A,TRUE,CLD,NA,NA,16.6,0.12,211,252,7.71,7.75,111.2,5,Regular,656000,660722,4722,4722,14.50403368,14.50403368,2,lots of debris (might have lost sample when sorting),NA,Aquatic Non-Insects,10,Family,Crangonyctidae,Crangonyctidae,NotDetermined,2,0.138,0.138,NA,NA,2,SAMP,NA,NA,NA,NA,NA,NA,2   NA   NA   NA,SAMP   NA   NA   NA
STTD_2018-04-10 11:00:00,4/10/2018 11:00,STTD,2018,A,TRUE,CLD,NA,NA,16.6,0.12,211,252,7.71,7.75,111.2,5,Regular,656000,660722,4722,4722,14.50403368,14.50403368,2,lots of debris (might have lost sample when sorting),NA,Aquatic Non-Insects,15,Family,Hyalellidae,Hyalellidae,Larvae,0,0,0,NA,NA,2,SAMP,NA,NA,NA,NA,NA,NA,2   NA   NA   NA,SAMP   NA   NA   NA
STTD_2018-04-10 11:00:00,4/10/2018 11:00,STTD,2018,A,TRUE,CLD,NA,NA,16.6,0.12,211,252,7.71,7.75,111.2,5,Regular,656000,660722,4722,4722,14.50403368,14.50403368,2,lots of debris (might have lost sample when sorting),NA,Aquatic Non-Insects,15,Family,Hyalellidae,Hyalellidae,Pupae,0,0,0,NA,NA,2,SAMP,NA,NA,NA,NA,NA,NA,2   NA   NA   NA,SAMP   NA   NA   NA
STTD_2018-04-10 11:00:00,4/10/2018 11:00,STTD,2018,A,TRUE,CLD,NA,NA,16.6,0.12,211,252,7.71,7.75,111.2,5,Regular,656000,660722,4722,4722,14.50403368,14.50403368,2,lots of debris (might have lost sample when sorting),NA,Aquatic Non-Insects,15,Family,Hyalellidae,Hyalellidae,Nymphs,0,0,0,NA,NA,2,SAMP,NA,NA,NA,NA,NA,NA,2   NA   NA   NA,SAMP   NA   NA   NA
STTD_2018-04-10 11:00:00,4/10/2018 11:00,STTD,2018,A,TRUE,CLD,NA,NA,16.6,0.12,211,252,7.71,7.75,111.2,5,Regular,656000,660722,4722,4722,14.50403368,14.50403368,2,lots of debris (might have lost sample when sorting),NA,Aquatic Non-Insects,15,Family,Hyalellidae,Hyalellidae,Emergents,0,0,0,NA,NA,2,SAMP,NA,NA,NA,NA,NA,NA,2   NA   NA   NA,SAMP   NA   NA   NA
STTD_2018-04-10 11:00:00,4/10/2018 11:00,STTD,2018,A,TRUE,CLD,NA,NA,16.6,0.12,211,252,7.71,7.75,111.2,5,Regular,656000,660722,4722,4722,14.50403368,14.50403368,2,lots of debris (might have lost sample when sorting),NA,Aquatic Non-Insects,15,Family,Hyalellidae,Hyalellidae,Adults,0,0,0,NA,NA,2,SAMP,NA,NA,NA,NA,NA,NA,2   NA   NA   NA,SAMP   NA   NA   NA
STTD_2018-04-10 11:00:00,4/10/2018 11:00,STTD,2018,A,TRUE,CLD,NA,NA,16.6,0.12,211,252,7.71,7.75,111.2,5,Regular,656000,660722,4722,4722,14.50403368,14.50403368,2,lots of debris (might have lost sample when sorting),NA,Aquatic Non-Insects,15,Family,Hyalellidae,Hyalellidae,NotDetermined,157,10.825,10.825,NA,NA,2,SAMP,NA,NA,NA,NA,NA,NA,2   NA   NA   NA,SAMP   NA   NA   NA
STTD_2018-04-10 11:00:00,4/10/2018 11:00,STTD,2018,A,TRUE,CLD,NA,NA,16.6,0.12,211,252,7.71,7.75,111.2,5,Regular,656000,660722,4722,4722,14.50403368,14.50403368,2,lots of debris (might have lost sample when sorting),NA,Aquatic Non-Insects,106,Family,Lymnaeidae,Lymnaeidae,Larvae,0,0,0,NA,NA,2,SAMP,NA,NA,NA,NA,NA,NA,2   NA   NA   NA,SAMP   NA   NA   NA
STTD_2018-04-10 11:00:00,4/10/2018 11:00,STTD,2018,A,TRUE,CLD,NA,NA,16.6,0.12,211,252,7.71,7.75,111.2,5,Regular,656000,660722,4722,4722,14.50403368,14.50403368,2,lots of debris (might have lost sample when sorting),NA,Aquatic Non-Insects,106,Family,Lymnaeidae,Lymnaeidae,Pupae,0,0,0,NA,NA,2,SAMP,NA,NA,NA,NA,NA,NA,2   NA   NA   NA,SAMP   NA   NA   NA
STTD_2018-04-10 11:00:00,4/10/2018 11:00,STTD,2018,A,TRUE,CLD,NA,NA,16.6,0.12,211,252,7.71,7.75,111.2,5,Regular,656000,660722,4722,4722,14.50403368,14.50403368,2,lots of debris (might have lost sample when sorting),NA,Aquatic Non-Insects,106,Family,Lymnaeidae,Lymnaeidae,Nymphs,0,0,0,NA,NA,2,SAMP,NA,NA,NA,NA,NA,NA,2   NA   NA   NA,SAMP   NA   NA   NA
STTD_2018-04-10 11:00:00,4/10/2018 11:00,STTD,2018,A,TRUE,CLD,NA,NA,16.6,0.12,211,252,7.71,7.75,111.2,5,Regular,656000,660722,4722,4722,14.50403368,14.50403368,2,lots of debris (might have lost sample when sorting),NA,Aquatic Non-Insects,106,Family,Lymnaeidae,Lymnaeidae,Emergents,0,0,0,NA,NA,2,SAMP,NA,NA,NA,NA,NA,NA,2   NA   NA   NA,SAMP   NA   NA   NA
STTD_2018-04-10 11:00:00,4/10/2018 11:00,STTD,2018,A,TRUE,CLD,NA,NA,16.6,0.12,211,252,7.71,7.75,111.2,5,Regular,656000,660722,4722,4722,14.50403368,14.50403368,2,lots of debris (might have lost sample when sorting),NA,Aquatic Non-Insects,106,Family,Lymnaeidae,Lymnaeidae,Adults,0,0,0,NA,NA,2,SAMP,NA,NA,NA,NA,NA,NA,2   NA   NA   NA,SAMP   NA   NA   NA
STTD_2018-04-10 11:00:00,4/10/2018 11:00,STTD,2018,A,TRUE,CLD,NA,NA,16.6,0.12,211,252,7.71,7.75,111.2,5,Regular,656000,660722,4722,4722,14.50403368,14.50403368,2,lots of debris (might have lost sample when sorting),NA,Aquatic Non-Insects,106,Family,Lymnaeidae,Lymnaeidae,NotDetermined,3,0.207,0.207,NA,NA,2,SAMP,NA,NA,NA,NA,NA,NA,2   NA   NA   NA,SAMP   NA   NA   NA
STTD_2018-04-10 11:00:00,4/10/2018 11:00,STTD,2018,A,TRUE,CLD,NA,NA,16.6,0.12,211,252,7.71,7.75,111.2,5,Regular,656000,660722,4722,4722,14.50403368,14.50403368,2,lots of debris (might have lost sample when sorting),NA,Aquatic Non-Insects,20,Family,Physidae,Physidae,Larvae,0,0,0,NA,NA,2,SAMP,NA,NA,NA,NA,NA,NA,2   NA   NA   NA,SAMP   NA   NA   NA
STTD_2018-04-10 11:00:00,4/10/2018 11:00,STTD,2018,A,TRUE,CLD,NA,NA,16.6,0.12,211,252,7.71,7.75,111.2,5,Regular,656000,660722,4722,4722,14.50403368,14.50403368,2,lots of debris (might have lost sample when sorting),NA,Aquatic Non-Insects,20,Family,Physidae,Physidae,Pupae,0,0,0,NA,NA,2,SAMP,NA,NA,NA,NA,NA,NA,2   NA   NA   NA,SAMP   NA   NA   NA
STTD_2018-04-10 11:00:00,4/10/2018 11:00,STTD,2018,A,TRUE,CLD,NA,NA,16.6,0.12,211,252,7.71,7.75,111.2,5,Regular,656000,660722,4722,4722,14.50403368,14.50403368,2,lots of debris (might have lost sample when sorting),NA,Aquatic Non-Insects,20,Family,Physidae,Physidae,Nymphs,0,0,0,NA,NA,2,SAMP,NA,NA,NA,NA,NA,NA,2   NA   NA   NA,SAMP   NA   NA   NA
STTD_2018-04-10 11:00:00,4/10/2018 11:00,STTD,2018,A,TRUE,CLD,NA,NA,16.6,0.12,211,252,7.71,7.75,111.2,5,Regular,656000,660722,4722,4722,14.50403368,14.50403368,2,lots of debris (might have lost sample when sorting),NA,Aquatic Non-Insects,20,Family,Physidae,Physidae,Emergents,0,0,0,NA,NA,2,SAMP,NA,NA,NA,NA,NA,NA,2   NA   NA   NA,SAMP   NA   NA   NA
STTD_2018-04-10 11:00:00,4/10/2018 11:00,STTD,2018,A,TRUE,CLD,NA,NA,16.6,0.12,211,252,7.71,7.75,111.2,5,Regular,656000,660722,4722,4722,14.50403368,14.50403368,2,lots of debris (might have lost sample when sorting),NA,Aquatic Non-Insects,20,Family,Physidae,Physidae,Adults,0,0,0,NA,NA,2,SAMP,NA,NA,NA,NA,NA,NA,2   NA   NA   NA,SAMP   NA   NA   NA
STTD_2018-04-10 11:00:00,4/10/2018 11:00,STTD,2018,A,TRUE,CLD,NA,NA,16.6,0.12,211,252,7.71,7.75,111.2,5,Regular,656000,660722,4722,4722,14.50403368,14.50403368,2,lots of debris (might have lost sample when sorting),NA,Aquatic Non-Insects,20,Family,Physidae,Physidae,NotDetermined,3,0.207,0.207,NA,NA,2,SAMP,NA,NA,NA,NA,NA,NA,2   NA   NA   NA,SAMP   NA   NA   NA
STTD_2018-04-10 11:00:00,4/10/2018 11:00,STTD,2018,A,TRUE,CLD,NA,NA,16.6,0.12,211,252,7.71,7.75,111.2,5,Regular,656000,660722,4722,4722,14.50403368,14.50403368,2,lots of debris (might have lost sample when sorting),NA,Terrestrial Insects,63,Order,Coleoptera,Coleoptera,Larvae,106,7.308,7.308,NA,NA,2,SAMP,NA,NA,NA,NA,NA,NA,2   NA   NA   NA,SAMP   NA   NA   NA
STTD_2018-04-10 11:00:00,4/10/2018 11:00,STTD,2018,A,TRUE,CLD,NA,NA,16.6,0.12,211,252,7.71,7.75,111.2,5,Regular,656000,660722,4722,4722,14.50403368,14.50403368,2,lots of debris (might have lost sample when sorting),NA,Terrestrial Insects,63,Order,Coleoptera,Coleoptera,Pupae,1,0.069,0.069,NA,NA,2,SAMP,NA,NA,NA,NA,NA,NA,2   NA   NA   NA,SAMP   NA   NA   NA
STTD_2018-04-10 11:00:00,4/10/2018 11:00,STTD,2018,A,TRUE,CLD,NA,NA,16.6,0.12,211,252,7.71,7.75,111.2,5,Regular,656000,660722,4722,4722,14.50403368,14.50403368,2,lots of debris (might have lost sample when sorting),NA,Terrestrial Insects,63,Order,Coleoptera,Coleoptera,Nymphs,0,0,0,NA,NA,2,SAMP,NA,NA,NA,NA,NA,NA,2   NA   NA   NA,SAMP   NA   NA   NA
STTD_2018-04-10 11:00:00,4/10/2018 11:00,STTD,2018,A,TRUE,CLD,NA,NA,16.6,0.12,211,252,7.71,7.75,111.2,5,Regular,656000,660722,4722,4722,14.50403368,14.50403368,2,lots of debris (might have lost sample when sorting),NA,Terrestrial Insects,63,Order,Coleoptera,Coleoptera,Emergents,0,0,0,NA,NA,2,SAMP,NA,NA,NA,NA,NA,NA,2   NA   NA   NA,SAMP   NA   NA   NA
STTD_2018-04-10 11:00:00,4/10/2018 11:00,STTD,2018,A,TRUE,CLD,NA,NA,16.6,0.12,211,252,7.71,7.75,111.2,5,Regular,656000,660722,4722,4722,14.50403368,14.50403368,2,lots of debris (might have lost sample when sorting),NA,Terrestrial Insects,63,Order,Coleoptera,Coleoptera,Adults,15,1.034,1.034,NA,NA,2,SAMP,NA,NA,NA,NA,NA,NA,2   NA   NA   NA,SAMP   NA   NA   NA
STTD_2018-04-10 11:00:00,4/10/2018 11:00,STTD,2018,A,TRUE,CLD,NA,NA,16.6,0.12,211,252,7.71,7.75,111.2,5,Regular,656000,660722,4722,4722,14.50403368,14.50403368,2,lots of debris (might have lost sample when sorting),NA,Terrestrial Insects,63,Order,Coleoptera,Coleoptera,NotDetermined,0,0,0,NA,NA,2,SAMP,NA,NA,NA,NA,NA,NA,2   NA   NA   NA,SAMP   NA   NA   NA
STTD_2018-04-10 11:00:00,4/10/2018 11:00,STTD,2018,A,TRUE,CLD,NA,NA,16.6,0.12,211,252,7.71,7.75,111.2,5,Regular,656000,660722,4722,4722,14.50403368,14.50403368,2,lots of debris (might have lost sample when sorting),NA,Terrestrial Insects,64,Order,Diptera,Diptera,Larvae,0,0,0,NA,NA,2,SAMP,NA,NA,NA,NA,NA,NA,2   NA   NA   NA,SAMP   NA   NA   NA
STTD_2018-04-10 11:00:00,4/10/2018 11:00,STTD,2018,A,TRUE,CLD,NA,NA,16.6,0.12,211,252,7.71,7.75,111.2,5,Regular,656000,660722,4722,4722,14.50403368,14.50403368,2,lots of debris (might have lost sample when sorting),NA,Terrestrial Insects,64,Order,Diptera,Diptera,Pupae,0,0,0,NA,NA,2,SAMP,NA,NA,NA,NA,NA,NA,2   NA   NA   NA,SAMP   NA   NA   NA
STTD_2018-04-10 11:00:00,4/10/2018 11:00,STTD,2018,A,TRUE,CLD,NA,NA,16.6,0.12,211,252,7.71,7.75,111.2,5,Regular,656000,660722,4722,4722,14.50403368,14.50403368,2,lots of debris (might have lost sample when sorting),NA,Terrestrial Insects,64,Order,Diptera,Diptera,Nymphs,0,0,0,NA,NA,2,SAMP,NA,NA,NA,NA,NA,NA,2   NA   NA   NA,SAMP   NA   NA   NA
STTD_2018-04-10 11:00:00,4/10/2018 11:00,STTD,2018,A,TRUE,CLD,NA,NA,16.6,0.12,211,252,7.71,7.75,111.2,5,Regular,656000,660722,4722,4722,14.50403368,14.50403368,2,lots of debris (might have lost sample when sorting),NA,Terrestrial Insects,64,Order,Diptera,Diptera,Emergents,0,0,0,NA,NA,2,SAMP,NA,NA,NA,NA,NA,NA,2   NA   NA   NA,SAMP   NA   NA   NA
STTD_2018-04-10 11:00:00,4/10/2018 11:00,STTD,2018,A,TRUE,CLD,NA,NA,16.6,0.12,211,252,7.71,7.75,111.2,5,Regular,656000,660722,4722,4722,14.50403368,14.50403368,2,lots of debris (might have lost sample when sorting),NA,Terrestrial Insects,64,Order,Diptera,Diptera,Adults,1,0.069,0.069,NA,NA,2,SAMP,NA,NA,NA,NA,NA,NA,2   NA   NA   NA,SAMP   NA   NA   NA
STTD_2018-04-10 11:00:00,4/10/2018 11:00,STTD,2018,A,TRUE,CLD,NA,NA,16.6,0.12,211,252,7.71,7.75,111.2,5,Regular,656000,660722,4722,4722,14.50403368,14.50403368,2,lots of debris (might have lost sample when sorting),NA,Terrestrial Insects,64,Order,Diptera,Diptera,NotDetermined,0,0,0,NA,NA,2,SAMP,NA,NA,NA,NA,NA,NA,2   NA   NA   NA,SAMP   NA   NA   NA
STTD_2018-04-10 11:00:00,4/10/2018 11:00,STTD,2018,A,TRUE,CLD,NA,NA,16.6,0.12,211,252,7.71,7.75,111.2,5,Regular,656000,660722,4722,4722,14.50403368,14.50403368,2,lots of debris (might have lost sample when sorting),NA,Terrestrial Insects,71,Order,Hemiptera,Hemiptera,Larvae,31,2.137,2.137,NA,NA,2,SAMP,NA,NA,NA,NA,NA,NA,2   NA   NA   NA,SAMP   NA   NA   NA
STTD_2018-04-10 11:00:00,4/10/2018 11:00,STTD,2018,A,TRUE,CLD,NA,NA,16.6,0.12,211,252,7.71,7.75,111.2,5,Regular,656000,660722,4722,4722,14.50403368,14.50403368,2,lots of debris (might have lost sample when sorting),NA,Terrestrial Insects,71,Order,Hemiptera,Hemiptera,Pupae,0,0,0,NA,NA,2,SAMP,NA,NA,NA,NA,NA,NA,2   NA   NA   NA,SAMP   NA   NA   NA
STTD_2018-04-10 11:00:00,4/10/2018 11:00,STTD,2018,A,TRUE,CLD,NA,NA,16.6,0.12,211,252,7.71,7.75,111.2,5,Regular,656000,660722,4722,4722,14.50403368,14.50403368,2,lots of debris (might have lost sample when sorting),NA,Terrestrial Insects,71,Order,Hemiptera,Hemiptera,Nymphs,0,0,0,NA,NA,2,SAMP,NA,NA,NA,NA,NA,NA,2   NA   NA   NA,SAMP   NA   NA   NA
STTD_2018-04-10 11:00:00,4/10/2018 11:00,STTD,2018,A,TRUE,CLD,NA,NA,16.6,0.12,211,252,7.71,7.75,111.2,5,Regular,656000,660722,4722,4722,14.50403368,14.50403368,2,lots of debris (might have lost sample when sorting),NA,Terrestrial Insects,71,Order,Hemiptera,Hemiptera,Emergents,0,0,0,NA,NA,2,SAMP,NA,NA,NA,NA,NA,NA,2   NA   NA   NA,SAMP   NA   NA   NA
STTD_2018-04-10 11:00:00,4/10/2018 11:00,STTD,2018,A,TRUE,CLD,NA,NA,16.6,0.12,211,252,7.71,7.75,111.2,5,Regular,656000,660722,4722,4722,14.50403368,14.50403368,2,lots of debris (might have lost sample when sorting),NA,Terrestrial Insects,71,Order,Hemiptera,Hemiptera,Adults,9,0.621,0.621,NA,NA,2,SAMP,NA,NA,NA,NA,NA,NA,2   NA   NA   NA,SAMP   NA   NA   NA
STTD_2018-04-10 11:00:00,4/10/2018 11:00,STTD,2018,A,TRUE,CLD,NA,NA,16.6,0.12,211,252,7.71,7.75,111.2,5,Regular,656000,660722,4722,4722,14.50403368,14.50403368,2,lots of debris (might have lost sample when sorting),NA,Terrestrial Insects,71,Order,Hemiptera,Hemiptera,NotDetermined,0,0,0,NA,NA,2,SAMP,NA,NA,NA,NA,NA,NA,2   NA   NA   NA,SAMP   NA   NA   NA
STTD_2018-04-10 11:00:00,4/10/2018 11:00,STTD,2018,A,TRUE,CLD,NA,NA,16.6,0.12,211,252,7.71,7.75,111.2,5,Regular,656000,660722,4722,4722,14.50403368,14.50403368,2,lots of debris (might have lost sample when sorting),NA,Terrestrial Insects,66,Order,Hymenoptera,Hymenoptera,Larvae,0,0,0,NA,NA,2,SAMP,NA,NA,NA,NA,NA,NA,2   NA   NA   NA,SAMP   NA   NA   NA
STTD_2018-04-10 11:00:00,4/10/2018 11:00,STTD,2018,A,TRUE,CLD,NA,NA,16.6,0.12,211,252,7.71,7.75,111.2,5,Regular,656000,660722,4722,4722,14.50403368,14.50403368,2,lots of debris (might have lost sample when sorting),NA,Terrestrial Insects,66,Order,Hymenoptera,Hymenoptera,Pupae,2,0.138,0.138,NA,NA,2,SAMP,NA,NA,NA,NA,NA,NA,2   NA   NA   NA,SAMP   NA   NA   NA
STTD_2018-04-10 11:00:00,4/10/2018 11:00,STTD,2018,A,TRUE,CLD,NA,NA,16.6,0.12,211,252,7.71,7.75,111.2,5,Regular,656000,660722,4722,4722,14.50403368,14.50403368,2,lots of debris (might have lost sample when sorting),NA,Terrestrial Insects,66,Order,Hymenoptera,Hymenoptera,Nymphs,0,0,0,NA,NA,2,SAMP,NA,NA,NA,NA,NA,NA,2   NA   NA   NA,SAMP   NA   NA   NA
STTD_2018-04-10 11:00:00,4/10/2018 11:00,STTD,2018,A,TRUE,CLD,NA,NA,16.6,0.12,211,252,7.71,7.75,111.2,5,Regular,656000,660722,4722,4722,14.50403368,14.50403368,2,lots of debris (might have lost sample when sorting),NA,Terrestrial Insects,66,Order,Hymenoptera,Hymenoptera,Emergents,0,0,0,NA,NA,2,SAMP,NA,NA,NA,NA,NA,NA,2   NA   NA   NA,SAMP   NA   NA   NA
STTD_2018-04-10 11:00:00,4/10/2018 11:00,STTD,2018,A,TRUE,CLD,NA,NA,16.6,0.12,211,252,7.71,7.75,111.2,5,Regular,656000,660722,4722,4722,14.50403368,14.50403368,2,lots of debris (might have lost sample when sorting),NA,Terrestrial Insects,66,Order,Hymenoptera,Hymenoptera,Adults,2,0.138,0.138,NA,NA,2,SAMP,NA,NA,NA,NA,NA,NA,2   NA   NA   NA,SAMP   NA   NA   NA
STTD_2018-04-10 11:00:00,4/10/2018 11:00,STTD,2018,A,TRUE,CLD,NA,NA,16.6,0.12,211,252,7.71,7.75,111.2,5,Regular,656000,660722,4722,4722,14.50403368,14.50403368,2,lots of debris (might have lost sample when sorting),NA,Terrestrial Insects,66,Order,Hymenoptera,Hymenoptera,NotDetermined,0,0,0,NA,NA,2,SAMP,NA,NA,NA,NA,NA,NA,2   NA   NA   NA,SAMP   NA   NA   NA
STTD_2018-04-10 11:00:00,4/10/2018 11:00,STTD,2018,A,TRUE,CLD,NA,NA,16.6,0.12,211,252,7.71,7.75,111.2,5,Regular,656000,660722,4722,4722,14.50403368,14.50403368,2,lots of debris (might have lost sample when sorting),NA,Terrestrial Insects,67,Order,Psocoptera,Psocoptera,Larvae,0,0,0,NA,NA,2,SAMP,NA,NA,NA,NA,NA,NA,2   NA   NA   NA,SAMP   NA   NA   NA
STTD_2018-04-10 11:00:00,4/10/2018 11:00,STTD,2018,A,TRUE,CLD,NA,NA,16.6,0.12,211,252,7.71,7.75,111.2,5,Regular,656000,660722,4722,4722,14.50403368,14.50403368,2,lots of debris (might have lost sample when sorting),NA,Terrestrial Insects,67,Order,Psocoptera,Psocoptera,Pupae,0,0,0,NA,NA,2,SAMP,NA,NA,NA,NA,NA,NA,2   NA   NA   NA,SAMP   NA   NA   NA
STTD_2018-04-10 11:00:00,4/10/2018 11:00,STTD,2018,A,TRUE,CLD,NA,NA,16.6,0.12,211,252,7.71,7.75,111.2,5,Regular,656000,660722,4722,4722,14.50403368,14.50403368,2,lots of debris (might have lost sample when sorting),NA,Terrestrial Insects,67,Order,Psocoptera,Psocoptera,Nymphs,0,0,0,NA,NA,2,SAMP,NA,NA,NA,NA,NA,NA,2   NA   NA   NA,SAMP   NA   NA   NA
STTD_2018-04-10 11:00:00,4/10/2018 11:00,STTD,2018,A,TRUE,CLD,NA,NA,16.6,0.12,211,252,7.71,7.75,111.2,5,Regular,656000,660722,4722,4722,14.50403368,14.50403368,2,lots of debris (might have lost sample when sorting),NA,Terrestrial Insects,67,Order,Psocoptera,Psocoptera,Emergents,0,0,0,NA,NA,2,SAMP,NA,NA,NA,NA,NA,NA,2   NA   NA   NA,SAMP   NA   NA   NA
STTD_2018-04-10 11:00:00,4/10/2018 11:00,STTD,2018,A,TRUE,CLD,NA,NA,16.6,0.12,211,252,7.71,7.75,111.2,5,Regular,656000,660722,4722,4722,14.50403368,14.50403368,2,lots of debris (might have lost sample when sorting),NA,Terrestrial Insects,67,Order,Psocoptera,Psocoptera,Adults,1,0.069,0.069,NA,NA,2,SAMP,NA,NA,NA,NA,NA,NA,2   NA   NA   NA,SAMP   NA   NA   NA
STTD_2018-04-10 11:00:00,4/10/2018 11:00,STTD,2018,A,TRUE,CLD,NA,NA,16.6,0.12,211,252,7.71,7.75,111.2,5,Regular,656000,660722,4722,4722,14.50403368,14.50403368,2,lots of debris (might have lost sample when sorting),NA,Terrestrial Insects,67,Order,Psocoptera,Psocoptera,NotDetermined,0,0,0,NA,NA,2,SAMP,NA,NA,NA,NA,NA,NA,2   NA   NA   NA,SAMP   NA   NA   NA
STTD_2018-04-10 11:00:00,4/10/2018 11:00,STTD,2018,A,TRUE,CLD,NA,NA,16.6,0.12,211,252,7.71,7.75,111.2,5,Regular,656000,660722,4722,4722,14.50403368,14.50403368,2,lots of debris (might have lost sample when sorting),NA,Terrestrial Insects,85,Order,Thysanoptera,Thysanoptera,Larvae,1,0.069,0.069,NA,NA,2,SAMP,NA,NA,NA,NA,NA,NA,2   NA   NA   NA,SAMP   NA   NA   NA
STTD_2018-04-10 11:00:00,4/10/2018 11:00,STTD,2018,A,TRUE,CLD,NA,NA,16.6,0.12,211,252,7.71,7.75,111.2,5,Regular,656000,660722,4722,4722,14.50403368,14.50403368,2,lots of debris (might have lost sample when sorting),NA,Terrestrial Insects,85,Order,Thysanoptera,Thysanoptera,Pupae,0,0,0,NA,NA,2,SAMP,NA,NA,NA,NA,NA,NA,2   NA   NA   NA,SAMP   NA   NA   NA
STTD_2018-04-10 11:00:00,4/10/2018 11:00,STTD,2018,A,TRUE,CLD,NA,NA,16.6,0.12,211,252,7.71,7.75,111.2,5,Regular,656000,660722,4722,4722,14.50403368,14.50403368,2,lots of debris (might have lost sample when sorting),NA,Terrestrial Insects,85,Order,Thysanoptera,Thysanoptera,Nymphs,0,0,0,NA,NA,2,SAMP,NA,NA,NA,NA,NA,NA,2   NA   NA   NA,SAMP   NA   NA   NA
STTD_2018-04-10 11:00:00,4/10/2018 11:00,STTD,2018,A,TRUE,CLD,NA,NA,16.6,0.12,211,252,7.71,7.75,111.2,5,Regular,656000,660722,4722,4722,14.50403368,14.50403368,2,lots of debris (might have lost sample when sorting),NA,Terrestrial Insects,85,Order,Thysanoptera,Thysanoptera,Emergents,0,0,0,NA,NA,2,SAMP,NA,NA,NA,NA,NA,NA,2   NA   NA   NA,SAMP   NA   NA   NA
STTD_2018-04-10 11:00:00,4/10/2018 11:00,STTD,2018,A,TRUE,CLD,NA,NA,16.6,0.12,211,252,7.71,7.75,111.2,5,Regular,656000,660722,4722,4722,14.50403368,14.50403368,2,lots of debris (might have lost sample when sorting),NA,Terrestrial Insects,85,Order,Thysanoptera,Thysanoptera,Adults,0,0,0,NA,NA,2,SAMP,NA,NA,NA,NA,NA,NA,2   NA   NA   NA,SAMP   NA   NA   NA
STTD_2018-04-10 11:00:00,4/10/2018 11:00,STTD,2018,A,TRUE,CLD,NA,NA,16.6,0.12,211,252,7.71,7.75,111.2,5,Regular,656000,660722,4722,4722,14.50403368,14.50403368,2,lots of debris (might have lost sample when sorting),NA,Terrestrial Insects,85,Order,Thysanoptera,Thysanoptera,NotDetermined,0,0,0,NA,NA,2,SAMP,NA,NA,NA,NA,NA,NA,2   NA   NA   NA,SAMP   NA   NA   NA
STTD_2018-04-10 11:00:00,4/10/2018 11:00,STTD,2018,A,TRUE,CLD,NA,NA,16.6,0.12,211,252,7.71,7.75,111.2,5,Regular,656000,660722,4722,4722,14.50403368,14.50403368,2,lots of debris (might have lost sample when sorting),NA,Terrestrial Non-Insects,57,Subclass,Acari,Acari,Larvae,0,0,0,NA,NA,2,SAMP,NA,NA,NA,NA,NA,NA,2   NA   NA   NA,SAMP   NA   NA   NA
STTD_2018-04-10 11:00:00,4/10/2018 11:00,STTD,2018,A,TRUE,CLD,NA,NA,16.6,0.12,211,252,7.71,7.75,111.2,5,Regular,656000,660722,4722,4722,14.50403368,14.50403368,2,lots of debris (might have lost sample when sorting),NA,Terrestrial Non-Insects,57,Subclass,Acari,Acari,Pupae,0,0,0,NA,NA,2,SAMP,NA,NA,NA,NA,NA,NA,2   NA   NA   NA,SAMP   NA   NA   NA
STTD_2018-04-10 11:00:00,4/10/2018 11:00,STTD,2018,A,TRUE,CLD,NA,NA,16.6,0.12,211,252,7.71,7.75,111.2,5,Regular,656000,660722,4722,4722,14.50403368,14.50403368,2,lots of debris (might have lost sample when sorting),NA,Terrestrial Non-Insects,57,Subclass,Acari,Acari,Nymphs,0,0,0,NA,NA,2,SAMP,NA,NA,NA,NA,NA,NA,2   NA   NA   NA,SAMP   NA   NA   NA
STTD_2018-04-10 11:00:00,4/10/2018 11:00,STTD,2018,A,TRUE,CLD,NA,NA,16.6,0.12,211,252,7.71,7.75,111.2,5,Regular,656000,660722,4722,4722,14.50403368,14.50403368,2,lots of debris (might have lost sample when sorting),NA,Terrestrial Non-Insects,57,Subclass,Acari,Acari,Emergents,0,0,0,NA,NA,2,SAMP,NA,NA,NA,NA,NA,NA,2   NA   NA   NA,SAMP   NA   NA   NA
STTD_2018-04-10 11:00:00,4/10/2018 11:00,STTD,2018,A,TRUE,CLD,NA,NA,16.6,0.12,211,252,7.71,7.75,111.2,5,Regular,656000,660722,4722,4722,14.50403368,14.50403368,2,lots of debris (might have lost sample when sorting),NA,Terrestrial Non-Insects,57,Subclass,Acari,Acari,Adults,0,0,0,NA,NA,2,SAMP,NA,NA,NA,NA,NA,NA,2   NA   NA   NA,SAMP   NA   NA   NA
STTD_2018-04-10 11:00:00,4/10/2018 11:00,STTD,2018,A,TRUE,CLD,NA,NA,16.6,0.12,211,252,7.71,7.75,111.2,5,Regular,656000,660722,4722,4722,14.50403368,14.50403368,2,lots of debris (might have lost sample when sorting),NA,Terrestrial Non-Insects,57,Subclass,Acari,Acari,NotDetermined,5,0.345,0.345,NA,NA,2,SAMP,NA,NA,NA,NA,NA,NA,2   NA   NA   NA,SAMP   NA   NA   NA
STTD_2018-04-10 11:00:00,4/10/2018 11:00,STTD,2018,A,TRUE,CLD,NA,NA,16.6,0.12,211,252,7.71,7.75,111.2,5,Regular,656000,660722,4722,4722,14.50403368,14.50403368,2,lots of debris (might have lost sample when sorting),NA,Terrestrial Non-Insects,157,Order,Araneae,Araneae,Larvae,0,0,0,NA,NA,2,SAMP,NA,NA,NA,NA,NA,NA,2   NA   NA   NA,SAMP   NA   NA   NA
STTD_2018-04-10 11:00:00,4/10/2018 11:00,STTD,2018,A,TRUE,CLD,NA,NA,16.6,0.12,211,252,7.71,7.75,111.2,5,Regular,656000,660722,4722,4722,14.50403368,14.50403368,2,lots of debris (might have lost sample when sorting),NA,Terrestrial Non-Insects,157,Order,Araneae,Araneae,Pupae,0,0,0,NA,NA,2,SAMP,NA,NA,NA,NA,NA,NA,2   NA   NA   NA,SAMP   NA   NA   NA
STTD_2018-04-10 11:00:00,4/10/2018 11:00,STTD,2018,A,TRUE,CLD,NA,NA,16.6,0.12,211,252,7.71,7.75,111.2,5,Regular,656000,660722,4722,4722,14.50403368,14.50403368,2,lots of debris (might have lost sample when sorting),NA,Terrestrial Non-Insects,157,Order,Araneae,Araneae,Nymphs,0,0,0,NA,NA,2,SAMP,NA,NA,NA,NA,NA,NA,2   NA   NA   NA,SAMP   NA   NA   NA
STTD_2018-04-10 11:00:00,4/10/2018 11:00,STTD,2018,A,TRUE,CLD,NA,NA,16.6,0.12,211,252,7.71,7.75,111.2,5,Regular,656000,660722,4722,4722,14.50403368,14.50403368,2,lots of debris (might have lost sample when sorting),NA,Terrestrial Non-Insects,157,Order,Araneae,Araneae,Emergents,0,0,0,NA,NA,2,SAMP,NA,NA,NA,NA,NA,NA,2   NA   NA   NA,SAMP   NA   NA   NA
STTD_2018-04-10 11:00:00,4/10/2018 11:00,STTD,2018,A,TRUE,CLD,NA,NA,16.6,0.12,211,252,7.71,7.75,111.2,5,Regular,656000,660722,4722,4722,14.50403368,14.50403368,2,lots of debris (might have lost sample when sorting),NA,Terrestrial Non-Insects,157,Order,Araneae,Araneae,Adults,0,0,0,NA,NA,2,SAMP,NA,NA,NA,NA,NA,NA,2   NA   NA   NA,SAMP   NA   NA   NA
STTD_2018-04-10 11:00:00,4/10/2018 11:00,STTD,2018,A,TRUE,CLD,NA,NA,16.6,0.12,211,252,7.71,7.75,111.2,5,Regular,656000,660722,4722,4722,14.50403368,14.50403368,2,lots of debris (might have lost sample when sorting),NA,Terrestrial Non-Insects,157,Order,Araneae,Araneae,NotDetermined,1,0.069,0.069,NA,NA,2,SAMP,NA,NA,NA,NA,NA,NA,2   NA   NA   NA,SAMP   NA   NA   NA
STTD_2018-04-10 11:00:00,4/10/2018 11:00,STTD,2018,A,TRUE,CLD,NA,NA,16.6,0.12,211,252,7.71,7.75,111.2,5,Regular,656000,660722,4722,4722,14.50403368,14.50403368,2,lots of debris (might have lost sample when sorting),NA,Terrestrial Non-Insects,143,Order,Opiliones,Opiliones,Larvae,0,0,0,NA,NA,2,SAMP,NA,NA,NA,NA,NA,NA,2   NA   NA   NA,SAMP   NA   NA   NA
STTD_2018-04-10 11:00:00,4/10/2018 11:00,STTD,2018,A,TRUE,CLD,NA,NA,16.6,0.12,211,252,7.71,7.75,111.2,5,Regular,656000,660722,4722,4722,14.50403368,14.50403368,2,lots of debris (might have lost sample when sorting),NA,Terrestrial Non-Insects,143,Order,Opiliones,Opiliones,Pupae,0,0,0,NA,NA,2,SAMP,NA,NA,NA,NA,NA,NA,2   NA   NA   NA,SAMP   NA   NA   NA
STTD_2018-04-10 11:00:00,4/10/2018 11:00,STTD,2018,A,TRUE,CLD,NA,NA,16.6,0.12,211,252,7.71,7.75,111.2,5,Regular,656000,660722,4722,4722,14.50403368,14.50403368,2,lots of debris (might have lost sample when sorting),NA,Terrestrial Non-Insects,143,Order,Opiliones,Opiliones,Nymphs,0,0,0,NA,NA,2,SAMP,NA,NA,NA,NA,NA,NA,2   NA   NA   NA,SAMP   NA   NA   NA
STTD_2018-04-10 11:00:00,4/10/2018 11:00,STTD,2018,A,TRUE,CLD,NA,NA,16.6,0.12,211,252,7.71,7.75,111.2,5,Regular,656000,660722,4722,4722,14.50403368,14.50403368,2,lots of debris (might have lost sample when sorting),NA,Terrestrial Non-Insects,143,Order,Opiliones,Opiliones,Emergents,0,0,0,NA,NA,2,SAMP,NA,NA,NA,NA,NA,NA,2   NA   NA   NA,SAMP   NA   NA   NA
STTD_2018-04-10 11:00:00,4/10/2018 11:00,STTD,2018,A,TRUE,CLD,NA,NA,16.6,0.12,211,252,7.71,7.75,111.2,5,Regular,656000,660722,4722,4722,14.50403368,14.50403368,2,lots of debris (might have lost sample when sorting),NA,Terrestrial Non-Insects,143,Order,Opiliones,Opiliones,Adults,0,0,0,NA,NA,2,SAMP,NA,NA,NA,NA,NA,NA,2   NA   NA   NA,SAMP   NA   NA   NA
STTD_2018-04-10 11:00:00,4/10/2018 11:00,STTD,2018,A,TRUE,CLD,NA,NA,16.6,0.12,211,252,7.71,7.75,111.2,5,Regular,656000,660722,4722,4722,14.50403368,14.50403368,2,lots of debris (might have lost sample when sorting),NA,Terrestrial Non-Insects,143,Order,Opiliones,Opiliones,NotDetermined,1,0.069,0.069,NA,NA,2,SAMP,NA,NA,NA,NA,NA,NA,2   NA   NA   NA,SAMP   NA   NA   NA
SHR_2018-04-11 09:18:00,4/11/2018 9:18,SHR,2018,A,TRUE,CLD,NA,NA,13.9,0.25,80,102,7.36,9.63,44.7,10,Regular,660000,670042,10042,10042,30.84487637,30.84487637,1,NA,NA,Aquatic Insects,34,Family,Chironomidae,Chironomidae,Larvae,1,0.032,0.032,NA,NA,NA,NA,NA,NA,NA,NA,NA,NA,NA   NA   NA   NA,NA   NA   NA   NA
SHR_2018-04-11 09:18:00,4/11/2018 9:18,SHR,2018,A,TRUE,CLD,NA,NA,13.9,0.25,80,102,7.36,9.63,44.7,10,Regular,660000,670042,10042,10042,30.84487637,30.84487637,1,NA,NA,Aquatic Insects,34,Family,Chironomidae,Chironomidae,Pupae,2,0.065,0.065,NA,NA,NA,NA,NA,NA,NA,NA,NA,NA,NA   NA   NA   NA,NA   NA   NA   NA
SHR_2018-04-11 09:18:00,4/11/2018 9:18,SHR,2018,A,TRUE,CLD,NA,NA,13.9,0.25,80,102,7.36,9.63,44.7,10,Regular,660000,670042,10042,10042,30.84487637,30.84487637,1,NA,NA,Aquatic Insects,34,Family,Chironomidae,Chironomidae,Nymphs,0,0,0,NA,NA,NA,NA,NA,NA,NA,NA,NA,NA,NA   NA   NA   NA,NA   NA   NA   NA
SHR_2018-04-11 09:18:00,4/11/2018 9:18,SHR,2018,A,TRUE,CLD,NA,NA,13.9,0.25,80,102,7.36,9.63,44.7,10,Regular,660000,670042,10042,10042,30.84487637,30.84487637,1,NA,NA,Aquatic Insects,34,Family,Chironomidae,Chironomidae,Emergents,0,0,0,NA,NA,NA,NA,NA,NA,NA,NA,NA,NA,NA   NA   NA   NA,NA   NA   NA   NA
SHR_2018-04-11 09:18:00,4/11/2018 9:18,SHR,2018,A,TRUE,CLD,NA,NA,13.9,0.25,80,102,7.36,9.63,44.7,10,Regular,660000,670042,10042,10042,30.84487637,30.84487637,1,NA,NA,Aquatic Insects,34,Family,Chironomidae,Chironomidae,Adults,2,0.065,0.065,NA,NA,NA,NA,NA,NA,NA,NA,NA,NA,NA   NA   NA   NA,NA   NA   NA   NA
SHR_2018-04-11 09:18:00,4/11/2018 9:18,SHR,2018,A,TRUE,CLD,NA,NA,13.9,0.25,80,102,7.36,9.63,44.7,10,Regular,660000,670042,10042,10042,30.84487637,30.84487637,1,NA,NA,Aquatic Insects,34,Family,Chironomidae,Chironomidae,NotDetermined,0,0,0,NA,NA,NA,NA,NA,NA,NA,NA,NA,NA,NA   NA   NA   NA,NA   NA   NA   NA
SHR_2018-04-11 09:18:00,4/11/2018 9:18,SHR,2018,A,TRUE,CLD,NA,NA,13.9,0.25,80,102,7.36,9.63,44.7,10,Regular,660000,670042,10042,10042,30.84487637,30.84487637,1,NA,NA,Aquatic Insects,38,Family,Simuliidae,Simuliidae,Larvae,1,0.032,0.032,NA,NA,NA,NA,NA,NA,NA,NA,NA,NA,NA   NA   NA   NA,NA   NA   NA   NA
SHR_2018-04-11 09:18:00,4/11/2018 9:18,SHR,2018,A,TRUE,CLD,NA,NA,13.9,0.25,80,102,7.36,9.63,44.7,10,Regular,660000,670042,10042,10042,30.84487637,30.84487637,1,NA,NA,Aquatic Insects,38,Family,Simuliidae,Simuliidae,Pupae,0,0,0,NA,NA,NA,NA,NA,NA,NA,NA,NA,NA,NA   NA   NA   NA,NA   NA   NA   NA
SHR_2018-04-11 09:18:00,4/11/2018 9:18,SHR,2018,A,TRUE,CLD,NA,NA,13.9,0.25,80,102,7.36,9.63,44.7,10,Regular,660000,670042,10042,10042,30.84487637,30.84487637,1,NA,NA,Aquatic Insects,38,Family,Simuliidae,Simuliidae,Nymphs,0,0,0,NA,NA,NA,NA,NA,NA,NA,NA,NA,NA,NA   NA   NA   NA,NA   NA   NA   NA
SHR_2018-04-11 09:18:00,4/11/2018 9:18,SHR,2018,A,TRUE,CLD,NA,NA,13.9,0.25,80,102,7.36,9.63,44.7,10,Regular,660000,670042,10042,10042,30.84487637,30.84487637,1,NA,NA,Aquatic Insects,38,Family,Simuliidae,Simuliidae,Emergents,0,0,0,NA,NA,NA,NA,NA,NA,NA,NA,NA,NA,NA   NA   NA   NA,NA   NA   NA   NA
SHR_2018-04-11 09:18:00,4/11/2018 9:18,SHR,2018,A,TRUE,CLD,NA,NA,13.9,0.25,80,102,7.36,9.63,44.7,10,Regular,660000,670042,10042,10042,30.84487637,30.84487637,1,NA,NA,Aquatic Insects,38,Family,Simuliidae,Simuliidae,Adults,0,0,0,NA,NA,NA,NA,NA,NA,NA,NA,NA,NA,NA   NA   NA   NA,NA   NA   NA   NA
SHR_2018-04-11 09:18:00,4/11/2018 9:18,SHR,2018,A,TRUE,CLD,NA,NA,13.9,0.25,80,102,7.36,9.63,44.7,10,Regular,660000,670042,10042,10042,30.84487637,30.84487637,1,NA,NA,Aquatic Insects,38,Family,Simuliidae,Simuliidae,NotDetermined,0,0,0,NA,NA,NA,NA,NA,NA,NA,NA,NA,NA,NA   NA   NA   NA,NA   NA   NA   NA
SHR_2018-04-11 09:18:00,4/11/2018 9:18,SHR,2018,A,TRUE,CLD,NA,NA,13.9,0.25,80,102,7.36,9.63,44.7,10,Regular,660000,670042,10042,10042,30.84487637,30.84487637,1,NA,NA,Aquatic Insects,114,Family,Glossosomatidae,Glossosomatidae,Larvae,1,0.032,0.032,NA,NA,NA,NA,NA,NA,NA,NA,NA,NA,NA   NA   NA   NA,NA   NA   NA   NA
SHR_2018-04-11 09:18:00,4/11/2018 9:18,SHR,2018,A,TRUE,CLD,NA,NA,13.9,0.25,80,102,7.36,9.63,44.7,10,Regular,660000,670042,10042,10042,30.84487637,30.84487637,1,NA,NA,Aquatic Insects,114,Family,Glossosomatidae,Glossosomatidae,Pupae,0,0,0,NA,NA,NA,NA,NA,NA,NA,NA,NA,NA,NA   NA   NA   NA,NA   NA   NA   NA
SHR_2018-04-11 09:18:00,4/11/2018 9:18,SHR,2018,A,TRUE,CLD,NA,NA,13.9,0.25,80,102,7.36,9.63,44.7,10,Regular,660000,670042,10042,10042,30.84487637,30.84487637,1,NA,NA,Aquatic Insects,114,Family,Glossosomatidae,Glossosomatidae,Nymphs,0,0,0,NA,NA,NA,NA,NA,NA,NA,NA,NA,NA,NA   NA   NA   NA,NA   NA   NA   NA
SHR_2018-04-11 09:18:00,4/11/2018 9:18,SHR,2018,A,TRUE,CLD,NA,NA,13.9,0.25,80,102,7.36,9.63,44.7,10,Regular,660000,670042,10042,10042,30.84487637,30.84487637,1,NA,NA,Aquatic Insects,114,Family,Glossosomatidae,Glossosomatidae,Emergents,0,0,0,NA,NA,NA,NA,NA,NA,NA,NA,NA,NA,NA   NA   NA   NA,NA   NA   NA   NA
SHR_2018-04-11 09:18:00,4/11/2018 9:18,SHR,2018,A,TRUE,CLD,NA,NA,13.9,0.25,80,102,7.36,9.63,44.7,10,Regular,660000,670042,10042,10042,30.84487637,30.84487637,1,NA,NA,Aquatic Insects,114,Family,Glossosomatidae,Glossosomatidae,Adults,0,0,0,NA,NA,NA,NA,NA,NA,NA,NA,NA,NA,NA   NA   NA   NA,NA   NA   NA   NA
SHR_2018-04-11 09:18:00,4/11/2018 9:18,SHR,2018,A,TRUE,CLD,NA,NA,13.9,0.25,80,102,7.36,9.63,44.7,10,Regular,660000,670042,10042,10042,30.84487637,30.84487637,1,NA,NA,Aquatic Insects,114,Family,Glossosomatidae,Glossosomatidae,NotDetermined,0,0,0,NA,NA,NA,NA,NA,NA,NA,NA,NA,NA,NA   NA   NA   NA,NA   NA   NA   NA
SHR_2018-04-11 09:18:00,4/11/2018 9:18,SHR,2018,A,TRUE,CLD,NA,NA,13.9,0.25,80,102,7.36,9.63,44.7,10,Regular,660000,670042,10042,10042,30.84487637,30.84487637,1,NA,NA,Aquatic Non-Insects,4,Family,Naididae,Naididae,Larvae,0,0,0,NA,NA,NA,NA,NA,NA,NA,NA,NA,NA,NA   NA   NA   NA,NA   NA   NA   NA
SHR_2018-04-11 09:18:00,4/11/2018 9:18,SHR,2018,A,TRUE,CLD,NA,NA,13.9,0.25,80,102,7.36,9.63,44.7,10,Regular,660000,670042,10042,10042,30.84487637,30.84487637,1,NA,NA,Aquatic Non-Insects,4,Family,Naididae,Naididae,Pupae,0,0,0,NA,NA,NA,NA,NA,NA,NA,NA,NA,NA,NA   NA   NA   NA,NA   NA   NA   NA
SHR_2018-04-11 09:18:00,4/11/2018 9:18,SHR,2018,A,TRUE,CLD,NA,NA,13.9,0.25,80,102,7.36,9.63,44.7,10,Regular,660000,670042,10042,10042,30.84487637,30.84487637,1,NA,NA,Aquatic Non-Insects,4,Family,Naididae,Naididae,Nymphs,0,0,0,NA,NA,NA,NA,NA,NA,NA,NA,NA,NA,NA   NA   NA   NA,NA   NA   NA   NA
SHR_2018-04-11 09:18:00,4/11/2018 9:18,SHR,2018,A,TRUE,CLD,NA,NA,13.9,0.25,80,102,7.36,9.63,44.7,10,Regular,660000,670042,10042,10042,30.84487637,30.84487637,1,NA,NA,Aquatic Non-Insects,4,Family,Naididae,Naididae,Emergents,0,0,0,NA,NA,NA,NA,NA,NA,NA,NA,NA,NA,NA   NA   NA   NA,NA   NA   NA   NA
SHR_2018-04-11 09:18:00,4/11/2018 9:18,SHR,2018,A,TRUE,CLD,NA,NA,13.9,0.25,80,102,7.36,9.63,44.7,10,Regular,660000,670042,10042,10042,30.84487637,30.84487637,1,NA,NA,Aquatic Non-Insects,4,Family,Naididae,Naididae,Adults,0,0,0,NA,NA,NA,NA,NA,NA,NA,NA,NA,NA,NA   NA   NA   NA,NA   NA   NA   NA
SHR_2018-04-11 09:18:00,4/11/2018 9:18,SHR,2018,A,TRUE,CLD,NA,NA,13.9,0.25,80,102,7.36,9.63,44.7,10,Regular,660000,670042,10042,10042,30.84487637,30.84487637,1,NA,NA,Aquatic Non-Insects,4,Family,Naididae,Naididae,NotDetermined,3,0.097,0.097,NA,NA,NA,NA,NA,NA,NA,NA,NA,NA,NA   NA   NA   NA,NA   NA   NA   NA
SHR_2018-04-11 09:18:00,4/11/2018 9:18,SHR,2018,A,TRUE,CLD,NA,NA,13.9,0.25,80,102,7.36,9.63,44.7,10,Regular,660000,670042,10042,10042,30.84487637,30.84487637,1,NA,NA,Aquatic Non-Insects,9,Family,Corophiidae,Corophiidae,Larvae,0,0,0,NA,NA,NA,NA,NA,NA,NA,NA,NA,NA,NA   NA   NA   NA,NA   NA   NA   NA
SHR_2018-04-11 09:18:00,4/11/2018 9:18,SHR,2018,A,TRUE,CLD,NA,NA,13.9,0.25,80,102,7.36,9.63,44.7,10,Regular,660000,670042,10042,10042,30.84487637,30.84487637,1,NA,NA,Aquatic Non-Insects,9,Family,Corophiidae,Corophiidae,Pupae,0,0,0,NA,NA,NA,NA,NA,NA,NA,NA,NA,NA,NA   NA   NA   NA,NA   NA   NA   NA
SHR_2018-04-11 09:18:00,4/11/2018 9:18,SHR,2018,A,TRUE,CLD,NA,NA,13.9,0.25,80,102,7.36,9.63,44.7,10,Regular,660000,670042,10042,10042,30.84487637,30.84487637,1,NA,NA,Aquatic Non-Insects,9,Family,Corophiidae,Corophiidae,Nymphs,0,0,0,NA,NA,NA,NA,NA,NA,NA,NA,NA,NA,NA   NA   NA   NA,NA   NA   NA   NA
SHR_2018-04-11 09:18:00,4/11/2018 9:18,SHR,2018,A,TRUE,CLD,NA,NA,13.9,0.25,80,102,7.36,9.63,44.7,10,Regular,660000,670042,10042,10042,30.84487637,30.84487637,1,NA,NA,Aquatic Non-Insects,9,Family,Corophiidae,Corophiidae,Emergents,0,0,0,NA,NA,NA,NA,NA,NA,NA,NA,NA,NA,NA   NA   NA   NA,NA   NA   NA   NA
SHR_2018-04-11 09:18:00,4/11/2018 9:18,SHR,2018,A,TRUE,CLD,NA,NA,13.9,0.25,80,102,7.36,9.63,44.7,10,Regular,660000,670042,10042,10042,30.84487637,30.84487637,1,NA,NA,Aquatic Non-Insects,9,Family,Corophiidae,Corophiidae,Adults,0,0,0,NA,NA,NA,NA,NA,NA,NA,NA,NA,NA,NA   NA   NA   NA,NA   NA   NA   NA
SHR_2018-04-11 09:18:00,4/11/2018 9:18,SHR,2018,A,TRUE,CLD,NA,NA,13.9,0.25,80,102,7.36,9.63,44.7,10,Regular,660000,670042,10042,10042,30.84487637,30.84487637,1,NA,NA,Aquatic Non-Insects,9,Family,Corophiidae,Corophiidae,NotDetermined,4,0.13,0.13,NA,NA,NA,NA,NA,NA,NA,NA,NA,NA,NA   NA   NA   NA,NA   NA   NA   NA
SHR_2018-04-11 09:18:00,4/11/2018 9:18,SHR,2018,A,TRUE,CLD,NA,NA,13.9,0.25,80,102,7.36,9.63,44.7,10,Regular,660000,670042,10042,10042,30.84487637,30.84487637,1,NA,NA,Aquatic Non-Insects,10,Family,Crangonyctidae,Crangonyctidae,Larvae,0,0,0,NA,NA,NA,NA,NA,NA,NA,NA,NA,NA,NA   NA   NA   NA,NA   NA   NA   NA
SHR_2018-04-11 09:18:00,4/11/2018 9:18,SHR,2018,A,TRUE,CLD,NA,NA,13.9,0.25,80,102,7.36,9.63,44.7,10,Regular,660000,670042,10042,10042,30.84487637,30.84487637,1,NA,NA,Aquatic Non-Insects,10,Family,Crangonyctidae,Crangonyctidae,Pupae,0,0,0,NA,NA,NA,NA,NA,NA,NA,NA,NA,NA,NA   NA   NA   NA,NA   NA   NA   NA
SHR_2018-04-11 09:18:00,4/11/2018 9:18,SHR,2018,A,TRUE,CLD,NA,NA,13.9,0.25,80,102,7.36,9.63,44.7,10,Regular,660000,670042,10042,10042,30.84487637,30.84487637,1,NA,NA,Aquatic Non-Insects,10,Family,Crangonyctidae,Crangonyctidae,Nymphs,0,0,0,NA,NA,NA,NA,NA,NA,NA,NA,NA,NA,NA   NA   NA   NA,NA   NA   NA   NA
SHR_2018-04-11 09:18:00,4/11/2018 9:18,SHR,2018,A,TRUE,CLD,NA,NA,13.9,0.25,80,102,7.36,9.63,44.7,10,Regular,660000,670042,10042,10042,30.84487637,30.84487637,1,NA,NA,Aquatic Non-Insects,10,Family,Crangonyctidae,Crangonyctidae,Emergents,0,0,0,NA,NA,NA,NA,NA,NA,NA,NA,NA,NA,NA   NA   NA   NA,NA   NA   NA   NA
SHR_2018-04-11 09:18:00,4/11/2018 9:18,SHR,2018,A,TRUE,CLD,NA,NA,13.9,0.25,80,102,7.36,9.63,44.7,10,Regular,660000,670042,10042,10042,30.84487637,30.84487637,1,NA,NA,Aquatic Non-Insects,10,Family,Crangonyctidae,Crangonyctidae,Adults,0,0,0,NA,NA,NA,NA,NA,NA,NA,NA,NA,NA,NA   NA   NA   NA,NA   NA   NA   NA
SHR_2018-04-11 09:18:00,4/11/2018 9:18,SHR,2018,A,TRUE,CLD,NA,NA,13.9,0.25,80,102,7.36,9.63,44.7,10,Regular,660000,670042,10042,10042,30.84487637,30.84487637,1,NA,NA,Aquatic Non-Insects,10,Family,Crangonyctidae,Crangonyctidae,NotDetermined,1,0.032,0.032,NA,NA,NA,NA,NA,NA,NA,NA,NA,NA,NA   NA   NA   NA,NA   NA   NA   NA
SHR_2018-04-24 10:50:00,4/24/2018 10:50,SHR,2018,A,FALSE,CLR,NA,NA,17.3,0.7,120.7,141.4,7.67,9.36,10.2,10,Regular,670000,679837,9837,9837,30.21520104,30.21520104,1,NA,NA,Aquatic Insects,30,Family,Dytiscidae,Dytiscidae,Larvae,0,0,0,NA,NA,NA,NA,NA,NA,NA,NA,NA,NA,NA   NA   NA   NA,NA   NA   NA   NA
SHR_2018-04-24 10:50:00,4/24/2018 10:50,SHR,2018,A,FALSE,CLR,NA,NA,17.3,0.7,120.7,141.4,7.67,9.36,10.2,10,Regular,670000,679837,9837,9837,30.21520104,30.21520104,1,NA,NA,Aquatic Insects,30,Family,Dytiscidae,Dytiscidae,Pupae,0,0,0,NA,NA,NA,NA,NA,NA,NA,NA,NA,NA,NA   NA   NA   NA,NA   NA   NA   NA
SHR_2018-04-24 10:50:00,4/24/2018 10:50,SHR,2018,A,FALSE,CLR,NA,NA,17.3,0.7,120.7,141.4,7.67,9.36,10.2,10,Regular,670000,679837,9837,9837,30.21520104,30.21520104,1,NA,NA,Aquatic Insects,30,Family,Dytiscidae,Dytiscidae,Nymphs,0,0,0,NA,NA,NA,NA,NA,NA,NA,NA,NA,NA,NA   NA   NA   NA,NA   NA   NA   NA
SHR_2018-04-24 10:50:00,4/24/2018 10:50,SHR,2018,A,FALSE,CLR,NA,NA,17.3,0.7,120.7,141.4,7.67,9.36,10.2,10,Regular,670000,679837,9837,9837,30.21520104,30.21520104,1,NA,NA,Aquatic Insects,30,Family,Dytiscidae,Dytiscidae,Emergents,0,0,0,NA,NA,NA,NA,NA,NA,NA,NA,NA,NA,NA   NA   NA   NA,NA   NA   NA   NA
SHR_2018-04-24 10:50:00,4/24/2018 10:50,SHR,2018,A,FALSE,CLR,NA,NA,17.3,0.7,120.7,141.4,7.67,9.36,10.2,10,Regular,670000,679837,9837,9837,30.21520104,30.21520104,1,NA,NA,Aquatic Insects,30,Family,Dytiscidae,Dytiscidae,Adults,5,0.165,0.165,NA,NA,NA,NA,NA,NA,NA,NA,NA,NA,NA   NA   NA   NA,NA   NA   NA   NA
SHR_2018-04-24 10:50:00,4/24/2018 10:50,SHR,2018,A,FALSE,CLR,NA,NA,17.3,0.7,120.7,141.4,7.67,9.36,10.2,10,Regular,670000,679837,9837,9837,30.21520104,30.21520104,1,NA,NA,Aquatic Insects,30,Family,Dytiscidae,Dytiscidae,NotDetermined,0,0,0,NA,NA,NA,NA,NA,NA,NA,NA,NA,NA,NA   NA   NA   NA,NA   NA   NA   NA
SHR_2018-04-24 10:50:00,4/24/2018 10:50,SHR,2018,A,FALSE,CLR,NA,NA,17.3,0.7,120.7,141.4,7.67,9.36,10.2,10,Regular,670000,679837,9837,9837,30.21520104,30.21520104,1,NA,NA,Aquatic Insects,32,Family,Ceratopogonidae,Ceratopogonidae,Larvae,0,0,0,NA,NA,NA,NA,NA,NA,NA,NA,NA,NA,NA   NA   NA   NA,NA   NA   NA   NA
SHR_2018-04-24 10:50:00,4/24/2018 10:50,SHR,2018,A,FALSE,CLR,NA,NA,17.3,0.7,120.7,141.4,7.67,9.36,10.2,10,Regular,670000,679837,9837,9837,30.21520104,30.21520104,1,NA,NA,Aquatic Insects,32,Family,Ceratopogonidae,Ceratopogonidae,Pupae,3,0.099,0.099,NA,NA,NA,NA,NA,NA,NA,NA,NA,NA,NA   NA   NA   NA,NA   NA   NA   NA
SHR_2018-04-24 10:50:00,4/24/2018 10:50,SHR,2018,A,FALSE,CLR,NA,NA,17.3,0.7,120.7,141.4,7.67,9.36,10.2,10,Regular,670000,679837,9837,9837,30.21520104,30.21520104,1,NA,NA,Aquatic Insects,32,Family,Ceratopogonidae,Ceratopogonidae,Nymphs,0,0,0,NA,NA,NA,NA,NA,NA,NA,NA,NA,NA,NA   NA   NA   NA,NA   NA   NA   NA
SHR_2018-04-24 10:50:00,4/24/2018 10:50,SHR,2018,A,FALSE,CLR,NA,NA,17.3,0.7,120.7,141.4,7.67,9.36,10.2,10,Regular,670000,679837,9837,9837,30.21520104,30.21520104,1,NA,NA,Aquatic Insects,32,Family,Ceratopogonidae,Ceratopogonidae,Emergents,0,0,0,NA,NA,NA,NA,NA,NA,NA,NA,NA,NA,NA   NA   NA   NA,NA   NA   NA   NA
SHR_2018-04-24 10:50:00,4/24/2018 10:50,SHR,2018,A,FALSE,CLR,NA,NA,17.3,0.7,120.7,141.4,7.67,9.36,10.2,10,Regular,670000,679837,9837,9837,30.21520104,30.21520104,1,NA,NA,Aquatic Insects,32,Family,Ceratopogonidae,Ceratopogonidae,Adults,0,0,0,NA,NA,NA,NA,NA,NA,NA,NA,NA,NA,NA   NA   NA   NA,NA   NA   NA   NA
SHR_2018-04-24 10:50:00,4/24/2018 10:50,SHR,2018,A,FALSE,CLR,NA,NA,17.3,0.7,120.7,141.4,7.67,9.36,10.2,10,Regular,670000,679837,9837,9837,30.21520104,30.21520104,1,NA,NA,Aquatic Insects,32,Family,Ceratopogonidae,Ceratopogonidae,NotDetermined,0,0,0,NA,NA,NA,NA,NA,NA,NA,NA,NA,NA,NA   NA   NA   NA,NA   NA   NA   NA
SHR_2018-04-24 10:50:00,4/24/2018 10:50,SHR,2018,A,FALSE,CLR,NA,NA,17.3,0.7,120.7,141.4,7.67,9.36,10.2,10,Regular,670000,679837,9837,9837,30.21520104,30.21520104,1,NA,NA,Aquatic Insects,34,Family,Chironomidae,Chironomidae,Larvae,9,0.298,0.298,NA,NA,NA,NA,NA,NA,NA,NA,NA,NA,NA   NA   NA   NA,NA   NA   NA   NA
SHR_2018-04-24 10:50:00,4/24/2018 10:50,SHR,2018,A,FALSE,CLR,NA,NA,17.3,0.7,120.7,141.4,7.67,9.36,10.2,10,Regular,670000,679837,9837,9837,30.21520104,30.21520104,1,NA,NA,Aquatic Insects,34,Family,Chironomidae,Chironomidae,Pupae,10,0.331,0.331,NA,NA,NA,NA,NA,NA,NA,NA,NA,NA,NA   NA   NA   NA,NA   NA   NA   NA
SHR_2018-04-24 10:50:00,4/24/2018 10:50,SHR,2018,A,FALSE,CLR,NA,NA,17.3,0.7,120.7,141.4,7.67,9.36,10.2,10,Regular,670000,679837,9837,9837,30.21520104,30.21520104,1,NA,NA,Aquatic Insects,34,Family,Chironomidae,Chironomidae,Nymphs,0,0,0,NA,NA,NA,NA,NA,NA,NA,NA,NA,NA,NA   NA   NA   NA,NA   NA   NA   NA
SHR_2018-04-24 10:50:00,4/24/2018 10:50,SHR,2018,A,FALSE,CLR,NA,NA,17.3,0.7,120.7,141.4,7.67,9.36,10.2,10,Regular,670000,679837,9837,9837,30.21520104,30.21520104,1,NA,NA,Aquatic Insects,34,Family,Chironomidae,Chironomidae,Emergents,0,0,0,NA,NA,NA,NA,NA,NA,NA,NA,NA,NA,NA   NA   NA   NA,NA   NA   NA   NA
SHR_2018-04-24 10:50:00,4/24/2018 10:50,SHR,2018,A,FALSE,CLR,NA,NA,17.3,0.7,120.7,141.4,7.67,9.36,10.2,10,Regular,670000,679837,9837,9837,30.21520104,30.21520104,1,NA,NA,Aquatic Insects,34,Family,Chironomidae,Chironomidae,Adults,268,8.87,8.87,NA,NA,NA,NA,NA,NA,NA,NA,NA,NA,NA   NA   NA   NA,NA   NA   NA   NA
SHR_2018-04-24 10:50:00,4/24/2018 10:50,SHR,2018,A,FALSE,CLR,NA,NA,17.3,0.7,120.7,141.4,7.67,9.36,10.2,10,Regular,670000,679837,9837,9837,30.21520104,30.21520104,1,NA,NA,Aquatic Insects,34,Family,Chironomidae,Chironomidae,NotDetermined,0,0,0,NA,NA,NA,NA,NA,NA,NA,NA,NA,NA,NA   NA   NA   NA,NA   NA   NA   NA
SHR_2018-04-24 10:50:00,4/24/2018 10:50,SHR,2018,A,FALSE,CLR,NA,NA,17.3,0.7,120.7,141.4,7.67,9.36,10.2,10,Regular,670000,679837,9837,9837,30.21520104,30.21520104,1,NA,NA,Aquatic Insects,36,Family,Ephydridae,Ephydridae,Larvae,0,0,0,NA,NA,NA,NA,NA,NA,NA,NA,NA,NA,NA   NA   NA   NA,NA   NA   NA   NA
SHR_2018-04-24 10:50:00,4/24/2018 10:50,SHR,2018,A,FALSE,CLR,NA,NA,17.3,0.7,120.7,141.4,7.67,9.36,10.2,10,Regular,670000,679837,9837,9837,30.21520104,30.21520104,1,NA,NA,Aquatic Insects,36,Family,Ephydridae,Ephydridae,Pupae,0,0,0,NA,NA,NA,NA,NA,NA,NA,NA,NA,NA,NA   NA   NA   NA,NA   NA   NA   NA
SHR_2018-04-24 10:50:00,4/24/2018 10:50,SHR,2018,A,FALSE,CLR,NA,NA,17.3,0.7,120.7,141.4,7.67,9.36,10.2,10,Regular,670000,679837,9837,9837,30.21520104,30.21520104,1,NA,NA,Aquatic Insects,36,Family,Ephydridae,Ephydridae,Nymphs,0,0,0,NA,NA,NA,NA,NA,NA,NA,NA,NA,NA,NA   NA   NA   NA,NA   NA   NA   NA
SHR_2018-04-24 10:50:00,4/24/2018 10:50,SHR,2018,A,FALSE,CLR,NA,NA,17.3,0.7,120.7,141.4,7.67,9.36,10.2,10,Regular,670000,679837,9837,9837,30.21520104,30.21520104,1,NA,NA,Aquatic Insects,36,Family,Ephydridae,Ephydridae,Emergents,0,0,0,NA,NA,NA,NA,NA,NA,NA,NA,NA,NA,NA   NA   NA   NA,NA   NA   NA   NA
SHR_2018-04-24 10:50:00,4/24/2018 10:50,SHR,2018,A,FALSE,CLR,NA,NA,17.3,0.7,120.7,141.4,7.67,9.36,10.2,10,Regular,670000,679837,9837,9837,30.21520104,30.21520104,1,NA,NA,Aquatic Insects,36,Family,Ephydridae,Ephydridae,Adults,1,0.033,0.033,NA,NA,NA,NA,NA,NA,NA,NA,NA,NA,NA   NA   NA   NA,NA   NA   NA   NA
SHR_2018-04-24 10:50:00,4/24/2018 10:50,SHR,2018,A,FALSE,CLR,NA,NA,17.3,0.7,120.7,141.4,7.67,9.36,10.2,10,Regular,670000,679837,9837,9837,30.21520104,30.21520104,1,NA,NA,Aquatic Insects,36,Family,Ephydridae,Ephydridae,NotDetermined,0,0,0,NA,NA,NA,NA,NA,NA,NA,NA,NA,NA,NA   NA   NA   NA,NA   NA   NA   NA
SHR_2018-04-24 10:50:00,4/24/2018 10:50,SHR,2018,A,FALSE,CLR,NA,NA,17.3,0.7,120.7,141.4,7.67,9.36,10.2,10,Regular,670000,679837,9837,9837,30.21520104,30.21520104,1,NA,NA,Aquatic Insects,37,Family,Psychodidae,Psychodidae,Larvae,0,0,0,NA,NA,NA,NA,NA,NA,NA,NA,NA,NA,NA   NA   NA   NA,NA   NA   NA   NA
SHR_2018-04-24 10:50:00,4/24/2018 10:50,SHR,2018,A,FALSE,CLR,NA,NA,17.3,0.7,120.7,141.4,7.67,9.36,10.2,10,Regular,670000,679837,9837,9837,30.21520104,30.21520104,1,NA,NA,Aquatic Insects,37,Family,Psychodidae,Psychodidae,Pupae,0,0,0,NA,NA,NA,NA,NA,NA,NA,NA,NA,NA,NA   NA   NA   NA,NA   NA   NA   NA
SHR_2018-04-24 10:50:00,4/24/2018 10:50,SHR,2018,A,FALSE,CLR,NA,NA,17.3,0.7,120.7,141.4,7.67,9.36,10.2,10,Regular,670000,679837,9837,9837,30.21520104,30.21520104,1,NA,NA,Aquatic Insects,37,Family,Psychodidae,Psychodidae,Nymphs,0,0,0,NA,NA,NA,NA,NA,NA,NA,NA,NA,NA,NA   NA   NA   NA,NA   NA   NA   NA
SHR_2018-04-24 10:50:00,4/24/2018 10:50,SHR,2018,A,FALSE,CLR,NA,NA,17.3,0.7,120.7,141.4,7.67,9.36,10.2,10,Regular,670000,679837,9837,9837,30.21520104,30.21520104,1,NA,NA,Aquatic Insects,37,Family,Psychodidae,Psychodidae,Emergents,0,0,0,NA,NA,NA,NA,NA,NA,NA,NA,NA,NA,NA   NA   NA   NA,NA   NA   NA   NA
SHR_2018-04-24 10:50:00,4/24/2018 10:50,SHR,2018,A,FALSE,CLR,NA,NA,17.3,0.7,120.7,141.4,7.67,9.36,10.2,10,Regular,670000,679837,9837,9837,30.21520104,30.21520104,1,NA,NA,Aquatic Insects,37,Family,Psychodidae,Psychodidae,Adults,3,0.099,0.099,NA,NA,NA,NA,NA,NA,NA,NA,NA,NA,NA   NA   NA   NA,NA   NA   NA   NA
SHR_2018-04-24 10:50:00,4/24/2018 10:50,SHR,2018,A,FALSE,CLR,NA,NA,17.3,0.7,120.7,141.4,7.67,9.36,10.2,10,Regular,670000,679837,9837,9837,30.21520104,30.21520104,1,NA,NA,Aquatic Insects,37,Family,Psychodidae,Psychodidae,NotDetermined,0,0,0,NA,NA,NA,NA,NA,NA,NA,NA,NA,NA,NA   NA   NA   NA,NA   NA   NA   NA
SHR_2018-04-24 10:50:00,4/24/2018 10:50,SHR,2018,A,FALSE,CLR,NA,NA,17.3,0.7,120.7,141.4,7.67,9.36,10.2,10,Regular,670000,679837,9837,9837,30.21520104,30.21520104,1,NA,NA,Aquatic Insects,38,Family,Simuliidae,Simuliidae,Larvae,0,0,0,NA,NA,NA,NA,NA,NA,NA,NA,NA,NA,NA   NA   NA   NA,NA   NA   NA   NA
SHR_2018-04-24 10:50:00,4/24/2018 10:50,SHR,2018,A,FALSE,CLR,NA,NA,17.3,0.7,120.7,141.4,7.67,9.36,10.2,10,Regular,670000,679837,9837,9837,30.21520104,30.21520104,1,NA,NA,Aquatic Insects,38,Family,Simuliidae,Simuliidae,Pupae,0,0,0,NA,NA,NA,NA,NA,NA,NA,NA,NA,NA,NA   NA   NA   NA,NA   NA   NA   NA
SHR_2018-04-24 10:50:00,4/24/2018 10:50,SHR,2018,A,FALSE,CLR,NA,NA,17.3,0.7,120.7,141.4,7.67,9.36,10.2,10,Regular,670000,679837,9837,9837,30.21520104,30.21520104,1,NA,NA,Aquatic Insects,38,Family,Simuliidae,Simuliidae,Nymphs,0,0,0,NA,NA,NA,NA,NA,NA,NA,NA,NA,NA,NA   NA   NA   NA,NA   NA   NA   NA
SHR_2018-04-24 10:50:00,4/24/2018 10:50,SHR,2018,A,FALSE,CLR,NA,NA,17.3,0.7,120.7,141.4,7.67,9.36,10.2,10,Regular,670000,679837,9837,9837,30.21520104,30.21520104,1,NA,NA,Aquatic Insects,38,Family,Simuliidae,Simuliidae,Emergents,0,0,0,NA,NA,NA,NA,NA,NA,NA,NA,NA,NA,NA   NA   NA   NA,NA   NA   NA   NA
SHR_2018-04-24 10:50:00,4/24/2018 10:50,SHR,2018,A,FALSE,CLR,NA,NA,17.3,0.7,120.7,141.4,7.67,9.36,10.2,10,Regular,670000,679837,9837,9837,30.21520104,30.21520104,1,NA,NA,Aquatic Insects,38,Family,Simuliidae,Simuliidae,Adults,3,0.099,0.099,NA,NA,NA,NA,NA,NA,NA,NA,NA,NA,NA   NA   NA   NA,NA   NA   NA   NA
SHR_2018-04-24 10:50:00,4/24/2018 10:50,SHR,2018,A,FALSE,CLR,NA,NA,17.3,0.7,120.7,141.4,7.67,9.36,10.2,10,Regular,670000,679837,9837,9837,30.21520104,30.21520104,1,NA,NA,Aquatic Insects,38,Family,Simuliidae,Simuliidae,NotDetermined,0,0,0,NA,NA,NA,NA,NA,NA,NA,NA,NA,NA,NA   NA   NA   NA,NA   NA   NA   NA
SHR_2018-04-24 10:50:00,4/24/2018 10:50,SHR,2018,A,FALSE,CLR,NA,NA,17.3,0.7,120.7,141.4,7.67,9.36,10.2,10,Regular,670000,679837,9837,9837,30.21520104,30.21520104,1,NA,NA,Aquatic Insects,35,Family,Empididae,Empididae,Larvae,0,0,0,NA,NA,NA,NA,NA,NA,NA,NA,NA,NA,NA   NA   NA   NA,NA   NA   NA   NA
SHR_2018-04-24 10:50:00,4/24/2018 10:50,SHR,2018,A,FALSE,CLR,NA,NA,17.3,0.7,120.7,141.4,7.67,9.36,10.2,10,Regular,670000,679837,9837,9837,30.21520104,30.21520104,1,NA,NA,Aquatic Insects,35,Family,Empididae,Empididae,Pupae,0,0,0,NA,NA,NA,NA,NA,NA,NA,NA,NA,NA,NA   NA   NA   NA,NA   NA   NA   NA
SHR_2018-04-24 10:50:00,4/24/2018 10:50,SHR,2018,A,FALSE,CLR,NA,NA,17.3,0.7,120.7,141.4,7.67,9.36,10.2,10,Regular,670000,679837,9837,9837,30.21520104,30.21520104,1,NA,NA,Aquatic Insects,35,Family,Empididae,Empididae,Nymphs,0,0,0,NA,NA,NA,NA,NA,NA,NA,NA,NA,NA,NA   NA   NA   NA,NA   NA   NA   NA
SHR_2018-04-24 10:50:00,4/24/2018 10:50,SHR,2018,A,FALSE,CLR,NA,NA,17.3,0.7,120.7,141.4,7.67,9.36,10.2,10,Regular,670000,679837,9837,9837,30.21520104,30.21520104,1,NA,NA,Aquatic Insects,35,Family,Empididae,Empididae,Emergents,0,0,0,NA,NA,NA,NA,NA,NA,NA,NA,NA,NA,NA   NA   NA   NA,NA   NA   NA   NA
SHR_2018-04-24 10:50:00,4/24/2018 10:50,SHR,2018,A,FALSE,CLR,NA,NA,17.3,0.7,120.7,141.4,7.67,9.36,10.2,10,Regular,670000,679837,9837,9837,30.21520104,30.21520104,1,NA,NA,Aquatic Insects,35,Family,Empididae,Empididae,Adults,1,0.033,0.033,NA,NA,NA,NA,NA,NA,NA,NA,NA,NA,NA   NA   NA   NA,NA   NA   NA   NA
SHR_2018-04-24 10:50:00,4/24/2018 10:50,SHR,2018,A,FALSE,CLR,NA,NA,17.3,0.7,120.7,141.4,7.67,9.36,10.2,10,Regular,670000,679837,9837,9837,30.21520104,30.21520104,1,NA,NA,Aquatic Insects,35,Family,Empididae,Empididae,NotDetermined,0,0,0,NA,NA,NA,NA,NA,NA,NA,NA,NA,NA,NA   NA   NA   NA,NA   NA   NA   NA
SHR_2018-04-24 10:50:00,4/24/2018 10:50,SHR,2018,A,FALSE,CLR,NA,NA,17.3,0.7,120.7,141.4,7.67,9.36,10.2,10,Regular,670000,679837,9837,9837,30.21520104,30.21520104,1,NA,NA,Aquatic Insects,44,Family,Corixidae,Corixidae,Larvae,3,0.099,0.099,NA,NA,NA,NA,NA,NA,NA,NA,NA,NA,NA   NA   NA   NA,NA   NA   NA   NA
SHR_2018-04-24 10:50:00,4/24/2018 10:50,SHR,2018,A,FALSE,CLR,NA,NA,17.3,0.7,120.7,141.4,7.67,9.36,10.2,10,Regular,670000,679837,9837,9837,30.21520104,30.21520104,1,NA,NA,Aquatic Insects,44,Family,Corixidae,Corixidae,Pupae,0,0,0,NA,NA,NA,NA,NA,NA,NA,NA,NA,NA,NA   NA   NA   NA,NA   NA   NA   NA
SHR_2018-04-24 10:50:00,4/24/2018 10:50,SHR,2018,A,FALSE,CLR,NA,NA,17.3,0.7,120.7,141.4,7.67,9.36,10.2,10,Regular,670000,679837,9837,9837,30.21520104,30.21520104,1,NA,NA,Aquatic Insects,44,Family,Corixidae,Corixidae,Nymphs,0,0,0,NA,NA,NA,NA,NA,NA,NA,NA,NA,NA,NA   NA   NA   NA,NA   NA   NA   NA
SHR_2018-04-24 10:50:00,4/24/2018 10:50,SHR,2018,A,FALSE,CLR,NA,NA,17.3,0.7,120.7,141.4,7.67,9.36,10.2,10,Regular,670000,679837,9837,9837,30.21520104,30.21520104,1,NA,NA,Aquatic Insects,44,Family,Corixidae,Corixidae,Emergents,0,0,0,NA,NA,NA,NA,NA,NA,NA,NA,NA,NA,NA   NA   NA   NA,NA   NA   NA   NA
SHR_2018-04-24 10:50:00,4/24/2018 10:50,SHR,2018,A,FALSE,CLR,NA,NA,17.3,0.7,120.7,141.4,7.67,9.36,10.2,10,Regular,670000,679837,9837,9837,30.21520104,30.21520104,1,NA,NA,Aquatic Insects,44,Family,Corixidae,Corixidae,Adults,1,0.033,0.033,NA,NA,NA,NA,NA,NA,NA,NA,NA,NA,NA   NA   NA   NA,NA   NA   NA   NA
SHR_2018-04-24 10:50:00,4/24/2018 10:50,SHR,2018,A,FALSE,CLR,NA,NA,17.3,0.7,120.7,141.4,7.67,9.36,10.2,10,Regular,670000,679837,9837,9837,30.21520104,30.21520104,1,NA,NA,Aquatic Insects,44,Family,Corixidae,Corixidae,NotDetermined,0,0,0,NA,NA,NA,NA,NA,NA,NA,NA,NA,NA,NA   NA   NA   NA,NA   NA   NA   NA
SHR_2018-04-24 10:50:00,4/24/2018 10:50,SHR,2018,A,FALSE,CLR,NA,NA,17.3,0.7,120.7,141.4,7.67,9.36,10.2,10,Regular,670000,679837,9837,9837,30.21520104,30.21520104,1,NA,NA,Aquatic Insects,88,Family,Hydroptilidae,Hydroptilidae,Larvae,0,0,0,NA,NA,NA,NA,NA,NA,NA,NA,NA,NA,NA   NA   NA   NA,NA   NA   NA   NA
SHR_2018-04-24 10:50:00,4/24/2018 10:50,SHR,2018,A,FALSE,CLR,NA,NA,17.3,0.7,120.7,141.4,7.67,9.36,10.2,10,Regular,670000,679837,9837,9837,30.21520104,30.21520104,1,NA,NA,Aquatic Insects,88,Family,Hydroptilidae,Hydroptilidae,Pupae,0,0,0,NA,NA,NA,NA,NA,NA,NA,NA,NA,NA,NA   NA   NA   NA,NA   NA   NA   NA
SHR_2018-04-24 10:50:00,4/24/2018 10:50,SHR,2018,A,FALSE,CLR,NA,NA,17.3,0.7,120.7,141.4,7.67,9.36,10.2,10,Regular,670000,679837,9837,9837,30.21520104,30.21520104,1,NA,NA,Aquatic Insects,88,Family,Hydroptilidae,Hydroptilidae,Nymphs,0,0,0,NA,NA,NA,NA,NA,NA,NA,NA,NA,NA,NA   NA   NA   NA,NA   NA   NA   NA
SHR_2018-04-24 10:50:00,4/24/2018 10:50,SHR,2018,A,FALSE,CLR,NA,NA,17.3,0.7,120.7,141.4,7.67,9.36,10.2,10,Regular,670000,679837,9837,9837,30.21520104,30.21520104,1,NA,NA,Aquatic Insects,88,Family,Hydroptilidae,Hydroptilidae,Emergents,0,0,0,NA,NA,NA,NA,NA,NA,NA,NA,NA,NA,NA   NA   NA   NA,NA   NA   NA   NA
SHR_2018-04-24 10:50:00,4/24/2018 10:50,SHR,2018,A,FALSE,CLR,NA,NA,17.3,0.7,120.7,141.4,7.67,9.36,10.2,10,Regular,670000,679837,9837,9837,30.21520104,30.21520104,1,NA,NA,Aquatic Insects,88,Family,Hydroptilidae,Hydroptilidae,Adults,1,0.033,0.033,NA,NA,NA,NA,NA,NA,NA,NA,NA,NA,NA   NA   NA   NA,NA   NA   NA   NA
SHR_2018-04-24 10:50:00,4/24/2018 10:50,SHR,2018,A,FALSE,CLR,NA,NA,17.3,0.7,120.7,141.4,7.67,9.36,10.2,10,Regular,670000,679837,9837,9837,30.21520104,30.21520104,1,NA,NA,Aquatic Insects,88,Family,Hydroptilidae,Hydroptilidae,NotDetermined,0,0,0,NA,NA,NA,NA,NA,NA,NA,NA,NA,NA,NA   NA   NA   NA,NA   NA   NA   NA
SHR_2018-04-24 10:50:00,4/24/2018 10:50,SHR,2018,A,FALSE,CLR,NA,NA,17.3,0.7,120.7,141.4,7.67,9.36,10.2,10,Regular,670000,679837,9837,9837,30.21520104,30.21520104,1,NA,NA,Aquatic Non-Insects,4,Family,Naididae,Naididae,Larvae,0,0,0,NA,NA,NA,NA,NA,NA,NA,NA,NA,NA,NA   NA   NA   NA,NA   NA   NA   NA
SHR_2018-04-24 10:50:00,4/24/2018 10:50,SHR,2018,A,FALSE,CLR,NA,NA,17.3,0.7,120.7,141.4,7.67,9.36,10.2,10,Regular,670000,679837,9837,9837,30.21520104,30.21520104,1,NA,NA,Aquatic Non-Insects,4,Family,Naididae,Naididae,Pupae,0,0,0,NA,NA,NA,NA,NA,NA,NA,NA,NA,NA,NA   NA   NA   NA,NA   NA   NA   NA
SHR_2018-04-24 10:50:00,4/24/2018 10:50,SHR,2018,A,FALSE,CLR,NA,NA,17.3,0.7,120.7,141.4,7.67,9.36,10.2,10,Regular,670000,679837,9837,9837,30.21520104,30.21520104,1,NA,NA,Aquatic Non-Insects,4,Family,Naididae,Naididae,Nymphs,0,0,0,NA,NA,NA,NA,NA,NA,NA,NA,NA,NA,NA   NA   NA   NA,NA   NA   NA   NA
SHR_2018-04-24 10:50:00,4/24/2018 10:50,SHR,2018,A,FALSE,CLR,NA,NA,17.3,0.7,120.7,141.4,7.67,9.36,10.2,10,Regular,670000,679837,9837,9837,30.21520104,30.21520104,1,NA,NA,Aquatic Non-Insects,4,Family,Naididae,Naididae,Emergents,0,0,0,NA,NA,NA,NA,NA,NA,NA,NA,NA,NA,NA   NA   NA   NA,NA   NA   NA   NA
SHR_2018-04-24 10:50:00,4/24/2018 10:50,SHR,2018,A,FALSE,CLR,NA,NA,17.3,0.7,120.7,141.4,7.67,9.36,10.2,10,Regular,670000,679837,9837,9837,30.21520104,30.21520104,1,NA,NA,Aquatic Non-Insects,4,Family,Naididae,Naididae,Adults,0,0,0,NA,NA,NA,NA,NA,NA,NA,NA,NA,NA,NA   NA   NA   NA,NA   NA   NA   NA
SHR_2018-04-24 10:50:00,4/24/2018 10:50,SHR,2018,A,FALSE,CLR,NA,NA,17.3,0.7,120.7,141.4,7.67,9.36,10.2,10,Regular,670000,679837,9837,9837,30.21520104,30.21520104,1,NA,NA,Aquatic Non-Insects,4,Family,Naididae,Naididae,NotDetermined,5,0.165,0.165,NA,NA,NA,NA,NA,NA,NA,NA,NA,NA,NA   NA   NA   NA,NA   NA   NA   NA
SHR_2018-04-24 10:50:00,4/24/2018 10:50,SHR,2018,A,FALSE,CLR,NA,NA,17.3,0.7,120.7,141.4,7.67,9.36,10.2,10,Regular,670000,679837,9837,9837,30.21520104,30.21520104,1,NA,NA,Aquatic Non-Insects,28,Family,Lebertiidae,Lebertiidae,Larvae,0,0,0,NA,NA,NA,NA,NA,NA,NA,NA,NA,NA,NA   NA   NA   NA,NA   NA   NA   NA
SHR_2018-04-24 10:50:00,4/24/2018 10:50,SHR,2018,A,FALSE,CLR,NA,NA,17.3,0.7,120.7,141.4,7.67,9.36,10.2,10,Regular,670000,679837,9837,9837,30.21520104,30.21520104,1,NA,NA,Aquatic Non-Insects,120,Family,Lebertiidae,Lebertiidae,Larvae,0,0,0,NA,NA,NA,NA,NA,NA,NA,NA,NA,NA,NA   NA   NA   NA,NA   NA   NA   NA
SHR_2018-04-24 10:50:00,4/24/2018 10:50,SHR,2018,A,FALSE,CLR,NA,NA,17.3,0.7,120.7,141.4,7.67,9.36,10.2,10,Regular,670000,679837,9837,9837,30.21520104,30.21520104,1,NA,NA,Aquatic Non-Insects,28,Family,Lebertiidae,Lebertiidae,Pupae,0,0,0,NA,NA,NA,NA,NA,NA,NA,NA,NA,NA,NA   NA   NA   NA,NA   NA   NA   NA
SHR_2018-04-24 10:50:00,4/24/2018 10:50,SHR,2018,A,FALSE,CLR,NA,NA,17.3,0.7,120.7,141.4,7.67,9.36,10.2,10,Regular,670000,679837,9837,9837,30.21520104,30.21520104,1,NA,NA,Aquatic Non-Insects,120,Family,Lebertiidae,Lebertiidae,Pupae,0,0,0,NA,NA,NA,NA,NA,NA,NA,NA,NA,NA,NA   NA   NA   NA,NA   NA   NA   NA
SHR_2018-04-24 10:50:00,4/24/2018 10:50,SHR,2018,A,FALSE,CLR,NA,NA,17.3,0.7,120.7,141.4,7.67,9.36,10.2,10,Regular,670000,679837,9837,9837,30.21520104,30.21520104,1,NA,NA,Aquatic Non-Insects,28,Family,Lebertiidae,Lebertiidae,Nymphs,0,0,0,NA,NA,NA,NA,NA,NA,NA,NA,NA,NA,NA   NA   NA   NA,NA   NA   NA   NA
SHR_2018-04-24 10:50:00,4/24/2018 10:50,SHR,2018,A,FALSE,CLR,NA,NA,17.3,0.7,120.7,141.4,7.67,9.36,10.2,10,Regular,670000,679837,9837,9837,30.21520104,30.21520104,1,NA,NA,Aquatic Non-Insects,120,Family,Lebertiidae,Lebertiidae,Nymphs,0,0,0,NA,NA,NA,NA,NA,NA,NA,NA,NA,NA,NA   NA   NA   NA,NA   NA   NA   NA
SHR_2018-04-24 10:50:00,4/24/2018 10:50,SHR,2018,A,FALSE,CLR,NA,NA,17.3,0.7,120.7,141.4,7.67,9.36,10.2,10,Regular,670000,679837,9837,9837,30.21520104,30.21520104,1,NA,NA,Aquatic Non-Insects,28,Family,Lebertiidae,Lebertiidae,Emergents,0,0,0,NA,NA,NA,NA,NA,NA,NA,NA,NA,NA,NA   NA   NA   NA,NA   NA   NA   NA
SHR_2018-04-24 10:50:00,4/24/2018 10:50,SHR,2018,A,FALSE,CLR,NA,NA,17.3,0.7,120.7,141.4,7.67,9.36,10.2,10,Regular,670000,679837,9837,9837,30.21520104,30.21520104,1,NA,NA,Aquatic Non-Insects,120,Family,Lebertiidae,Lebertiidae,Emergents,0,0,0,NA,NA,NA,NA,NA,NA,NA,NA,NA,NA,NA   NA   NA   NA,NA   NA   NA   NA
SHR_2018-04-24 10:50:00,4/24/2018 10:50,SHR,2018,A,FALSE,CLR,NA,NA,17.3,0.7,120.7,141.4,7.67,9.36,10.2,10,Regular,670000,679837,9837,9837,30.21520104,30.21520104,1,NA,NA,Aquatic Non-Insects,28,Family,Lebertiidae,Lebertiidae,Adults,0,0,0,NA,NA,NA,NA,NA,NA,NA,NA,NA,NA,NA   NA   NA   NA,NA   NA   NA   NA
SHR_2018-04-24 10:50:00,4/24/2018 10:50,SHR,2018,A,FALSE,CLR,NA,NA,17.3,0.7,120.7,141.4,7.67,9.36,10.2,10,Regular,670000,679837,9837,9837,30.21520104,30.21520104,1,NA,NA,Aquatic Non-Insects,120,Family,Lebertiidae,Lebertiidae,Adults,0,0,0,NA,NA,NA,NA,NA,NA,NA,NA,NA,NA,NA   NA   NA   NA,NA   NA   NA   NA
SHR_2018-04-24 10:50:00,4/24/2018 10:50,SHR,2018,A,FALSE,CLR,NA,NA,17.3,0.7,120.7,141.4,7.67,9.36,10.2,10,Regular,670000,679837,9837,9837,30.21520104,30.21520104,1,NA,NA,Aquatic Non-Insects,28,Family,Lebertiidae,Lebertiidae,NotDetermined,4,0.132,0.132,NA,NA,NA,NA,NA,NA,NA,NA,NA,NA,NA   NA   NA   NA,NA   NA   NA   NA
SHR_2018-04-24 10:50:00,4/24/2018 10:50,SHR,2018,A,FALSE,CLR,NA,NA,17.3,0.7,120.7,141.4,7.67,9.36,10.2,10,Regular,670000,679837,9837,9837,30.21520104,30.21520104,1,NA,NA,Aquatic Non-Insects,120,Family,Lebertiidae,Lebertiidae,NotDetermined,4,0.132,0.132,NA,NA,NA,NA,NA,NA,NA,NA,NA,NA,NA   NA   NA   NA,NA   NA   NA   NA
SHR_2018-04-24 10:50:00,4/24/2018 10:50,SHR,2018,A,FALSE,CLR,NA,NA,17.3,0.7,120.7,141.4,7.67,9.36,10.2,10,Regular,670000,679837,9837,9837,30.21520104,30.21520104,1,NA,NA,Aquatic Non-Insects,77,Family,Hygrobatidae,Hygrobatidae,Larvae,0,0,0,NA,NA,NA,NA,NA,NA,NA,NA,NA,NA,NA   NA   NA   NA,NA   NA   NA   NA
SHR_2018-04-24 10:50:00,4/24/2018 10:50,SHR,2018,A,FALSE,CLR,NA,NA,17.3,0.7,120.7,141.4,7.67,9.36,10.2,10,Regular,670000,679837,9837,9837,30.21520104,30.21520104,1,NA,NA,Aquatic Non-Insects,77,Family,Hygrobatidae,Hygrobatidae,Pupae,0,0,0,NA,NA,NA,NA,NA,NA,NA,NA,NA,NA,NA   NA   NA   NA,NA   NA   NA   NA
SHR_2018-04-24 10:50:00,4/24/2018 10:50,SHR,2018,A,FALSE,CLR,NA,NA,17.3,0.7,120.7,141.4,7.67,9.36,10.2,10,Regular,670000,679837,9837,9837,30.21520104,30.21520104,1,NA,NA,Aquatic Non-Insects,77,Family,Hygrobatidae,Hygrobatidae,Nymphs,0,0,0,NA,NA,NA,NA,NA,NA,NA,NA,NA,NA,NA   NA   NA   NA,NA   NA   NA   NA
SHR_2018-04-24 10:50:00,4/24/2018 10:50,SHR,2018,A,FALSE,CLR,NA,NA,17.3,0.7,120.7,141.4,7.67,9.36,10.2,10,Regular,670000,679837,9837,9837,30.21520104,30.21520104,1,NA,NA,Aquatic Non-Insects,77,Family,Hygrobatidae,Hygrobatidae,Emergents,0,0,0,NA,NA,NA,NA,NA,NA,NA,NA,NA,NA,NA   NA   NA   NA,NA   NA   NA   NA
SHR_2018-04-24 10:50:00,4/24/2018 10:50,SHR,2018,A,FALSE,CLR,NA,NA,17.3,0.7,120.7,141.4,7.67,9.36,10.2,10,Regular,670000,679837,9837,9837,30.21520104,30.21520104,1,NA,NA,Aquatic Non-Insects,77,Family,Hygrobatidae,Hygrobatidae,Adults,0,0,0,NA,NA,NA,NA,NA,NA,NA,NA,NA,NA,NA   NA   NA   NA,NA   NA   NA   NA
SHR_2018-04-24 10:50:00,4/24/2018 10:50,SHR,2018,A,FALSE,CLR,NA,NA,17.3,0.7,120.7,141.4,7.67,9.36,10.2,10,Regular,670000,679837,9837,9837,30.21520104,30.21520104,1,NA,NA,Aquatic Non-Insects,77,Family,Hygrobatidae,Hygrobatidae,NotDetermined,1,0.033,0.033,NA,NA,NA,NA,NA,NA,NA,NA,NA,NA,NA   NA   NA   NA,NA   NA   NA   NA
SHR_2018-04-24 10:50:00,4/24/2018 10:50,SHR,2018,A,FALSE,CLR,NA,NA,17.3,0.7,120.7,141.4,7.67,9.36,10.2,10,Regular,670000,679837,9837,9837,30.21520104,30.21520104,1,NA,NA,Aquatic Non-Insects,128,Family,Mideopsidae,Mideopsidae,Larvae,0,0,0,NA,NA,NA,NA,NA,NA,NA,NA,NA,NA,NA   NA   NA   NA,NA   NA   NA   NA
SHR_2018-04-24 10:50:00,4/24/2018 10:50,SHR,2018,A,FALSE,CLR,NA,NA,17.3,0.7,120.7,141.4,7.67,9.36,10.2,10,Regular,670000,679837,9837,9837,30.21520104,30.21520104,1,NA,NA,Aquatic Non-Insects,128,Family,Mideopsidae,Mideopsidae,Pupae,0,0,0,NA,NA,NA,NA,NA,NA,NA,NA,NA,NA,NA   NA   NA   NA,NA   NA   NA   NA
SHR_2018-04-24 10:50:00,4/24/2018 10:50,SHR,2018,A,FALSE,CLR,NA,NA,17.3,0.7,120.7,141.4,7.67,9.36,10.2,10,Regular,670000,679837,9837,9837,30.21520104,30.21520104,1,NA,NA,Aquatic Non-Insects,128,Family,Mideopsidae,Mideopsidae,Nymphs,0,0,0,NA,NA,NA,NA,NA,NA,NA,NA,NA,NA,NA   NA   NA   NA,NA   NA   NA   NA
SHR_2018-04-24 10:50:00,4/24/2018 10:50,SHR,2018,A,FALSE,CLR,NA,NA,17.3,0.7,120.7,141.4,7.67,9.36,10.2,10,Regular,670000,679837,9837,9837,30.21520104,30.21520104,1,NA,NA,Aquatic Non-Insects,128,Family,Mideopsidae,Mideopsidae,Emergents,0,0,0,NA,NA,NA,NA,NA,NA,NA,NA,NA,NA,NA   NA   NA   NA,NA   NA   NA   NA
SHR_2018-04-24 10:50:00,4/24/2018 10:50,SHR,2018,A,FALSE,CLR,NA,NA,17.3,0.7,120.7,141.4,7.67,9.36,10.2,10,Regular,670000,679837,9837,9837,30.21520104,30.21520104,1,NA,NA,Aquatic Non-Insects,128,Family,Mideopsidae,Mideopsidae,Adults,0,0,0,NA,NA,NA,NA,NA,NA,NA,NA,NA,NA,NA   NA   NA   NA,NA   NA   NA   NA
SHR_2018-04-24 10:50:00,4/24/2018 10:50,SHR,2018,A,FALSE,CLR,NA,NA,17.3,0.7,120.7,141.4,7.67,9.36,10.2,10,Regular,670000,679837,9837,9837,30.21520104,30.21520104,1,NA,NA,Aquatic Non-Insects,128,Family,Mideopsidae,Mideopsidae,NotDetermined,1,0.033,0.033,NA,NA,NA,NA,NA,NA,NA,NA,NA,NA,NA   NA   NA   NA,NA   NA   NA   NA
SHR_2018-04-24 10:50:00,4/24/2018 10:50,SHR,2018,A,FALSE,CLR,NA,NA,17.3,0.7,120.7,141.4,7.67,9.36,10.2,10,Regular,670000,679837,9837,9837,30.21520104,30.21520104,1,NA,NA,Aquatic Non-Insects,123,Family,Pionidae,Pionidae,Larvae,0,0,0,NA,NA,NA,NA,NA,NA,NA,NA,NA,NA,NA   NA   NA   NA,NA   NA   NA   NA
SHR_2018-04-24 10:50:00,4/24/2018 10:50,SHR,2018,A,FALSE,CLR,NA,NA,17.3,0.7,120.7,141.4,7.67,9.36,10.2,10,Regular,670000,679837,9837,9837,30.21520104,30.21520104,1,NA,NA,Aquatic Non-Insects,123,Family,Pionidae,Pionidae,Pupae,0,0,0,NA,NA,NA,NA,NA,NA,NA,NA,NA,NA,NA   NA   NA   NA,NA   NA   NA   NA
SHR_2018-04-24 10:50:00,4/24/2018 10:50,SHR,2018,A,FALSE,CLR,NA,NA,17.3,0.7,120.7,141.4,7.67,9.36,10.2,10,Regular,670000,679837,9837,9837,30.21520104,30.21520104,1,NA,NA,Aquatic Non-Insects,123,Family,Pionidae,Pionidae,Nymphs,0,0,0,NA,NA,NA,NA,NA,NA,NA,NA,NA,NA,NA   NA   NA   NA,NA   NA   NA   NA
SHR_2018-04-24 10:50:00,4/24/2018 10:50,SHR,2018,A,FALSE,CLR,NA,NA,17.3,0.7,120.7,141.4,7.67,9.36,10.2,10,Regular,670000,679837,9837,9837,30.21520104,30.21520104,1,NA,NA,Aquatic Non-Insects,123,Family,Pionidae,Pionidae,Emergents,0,0,0,NA,NA,NA,NA,NA,NA,NA,NA,NA,NA,NA   NA   NA   NA,NA   NA   NA   NA
SHR_2018-04-24 10:50:00,4/24/2018 10:50,SHR,2018,A,FALSE,CLR,NA,NA,17.3,0.7,120.7,141.4,7.67,9.36,10.2,10,Regular,670000,679837,9837,9837,30.21520104,30.21520104,1,NA,NA,Aquatic Non-Insects,123,Family,Pionidae,Pionidae,Adults,0,0,0,NA,NA,NA,NA,NA,NA,NA,NA,NA,NA,NA   NA   NA   NA,NA   NA   NA   NA
SHR_2018-04-24 10:50:00,4/24/2018 10:50,SHR,2018,A,FALSE,CLR,NA,NA,17.3,0.7,120.7,141.4,7.67,9.36,10.2,10,Regular,670000,679837,9837,9837,30.21520104,30.21520104,1,NA,NA,Aquatic Non-Insects,123,Family,Pionidae,Pionidae,NotDetermined,1,0.033,0.033,NA,NA,NA,NA,NA,NA,NA,NA,NA,NA,NA   NA   NA   NA,NA   NA   NA   NA
SHR_2018-04-24 10:50:00,4/24/2018 10:50,SHR,2018,A,FALSE,CLR,NA,NA,17.3,0.7,120.7,141.4,7.67,9.36,10.2,10,Regular,670000,679837,9837,9837,30.21520104,30.21520104,1,NA,NA,Aquatic Non-Insects,9,Family,Corophiidae,Corophiidae,Larvae,0,0,0,NA,NA,NA,NA,NA,NA,NA,NA,NA,NA,NA   NA   NA   NA,NA   NA   NA   NA
SHR_2018-04-24 10:50:00,4/24/2018 10:50,SHR,2018,A,FALSE,CLR,NA,NA,17.3,0.7,120.7,141.4,7.67,9.36,10.2,10,Regular,670000,679837,9837,9837,30.21520104,30.21520104,1,NA,NA,Aquatic Non-Insects,9,Family,Corophiidae,Corophiidae,Pupae,0,0,0,NA,NA,NA,NA,NA,NA,NA,NA,NA,NA,NA   NA   NA   NA,NA   NA   NA   NA
SHR_2018-04-24 10:50:00,4/24/2018 10:50,SHR,2018,A,FALSE,CLR,NA,NA,17.3,0.7,120.7,141.4,7.67,9.36,10.2,10,Regular,670000,679837,9837,9837,30.21520104,30.21520104,1,NA,NA,Aquatic Non-Insects,9,Family,Corophiidae,Corophiidae,Nymphs,0,0,0,NA,NA,NA,NA,NA,NA,NA,NA,NA,NA,NA   NA   NA   NA,NA   NA   NA   NA
SHR_2018-04-24 10:50:00,4/24/2018 10:50,SHR,2018,A,FALSE,CLR,NA,NA,17.3,0.7,120.7,141.4,7.67,9.36,10.2,10,Regular,670000,679837,9837,9837,30.21520104,30.21520104,1,NA,NA,Aquatic Non-Insects,9,Family,Corophiidae,Corophiidae,Emergents,0,0,0,NA,NA,NA,NA,NA,NA,NA,NA,NA,NA,NA   NA   NA   NA,NA   NA   NA   NA
SHR_2018-04-24 10:50:00,4/24/2018 10:50,SHR,2018,A,FALSE,CLR,NA,NA,17.3,0.7,120.7,141.4,7.67,9.36,10.2,10,Regular,670000,679837,9837,9837,30.21520104,30.21520104,1,NA,NA,Aquatic Non-Insects,9,Family,Corophiidae,Corophiidae,Adults,0,0,0,NA,NA,NA,NA,NA,NA,NA,NA,NA,NA,NA   NA   NA   NA,NA   NA   NA   NA
SHR_2018-04-24 10:50:00,4/24/2018 10:50,SHR,2018,A,FALSE,CLR,NA,NA,17.3,0.7,120.7,141.4,7.67,9.36,10.2,10,Regular,670000,679837,9837,9837,30.21520104,30.21520104,1,NA,NA,Aquatic Non-Insects,9,Family,Corophiidae,Corophiidae,NotDetermined,1,0.033,0.033,NA,NA,NA,NA,NA,NA,NA,NA,NA,NA,NA   NA   NA   NA,NA   NA   NA   NA
SHR_2018-04-24 10:50:00,4/24/2018 10:50,SHR,2018,A,FALSE,CLR,NA,NA,17.3,0.7,120.7,141.4,7.67,9.36,10.2,10,Regular,670000,679837,9837,9837,30.21520104,30.21520104,1,NA,NA,Aquatic Non-Insects,15,Family,Hyalellidae,Hyalellidae,Larvae,0,0,0,NA,NA,NA,NA,NA,NA,NA,NA,NA,NA,NA   NA   NA   NA,NA   NA   NA   NA
SHR_2018-04-24 10:50:00,4/24/2018 10:50,SHR,2018,A,FALSE,CLR,NA,NA,17.3,0.7,120.7,141.4,7.67,9.36,10.2,10,Regular,670000,679837,9837,9837,30.21520104,30.21520104,1,NA,NA,Aquatic Non-Insects,15,Family,Hyalellidae,Hyalellidae,Pupae,0,0,0,NA,NA,NA,NA,NA,NA,NA,NA,NA,NA,NA   NA   NA   NA,NA   NA   NA   NA
SHR_2018-04-24 10:50:00,4/24/2018 10:50,SHR,2018,A,FALSE,CLR,NA,NA,17.3,0.7,120.7,141.4,7.67,9.36,10.2,10,Regular,670000,679837,9837,9837,30.21520104,30.21520104,1,NA,NA,Aquatic Non-Insects,15,Family,Hyalellidae,Hyalellidae,Nymphs,0,0,0,NA,NA,NA,NA,NA,NA,NA,NA,NA,NA,NA   NA   NA   NA,NA   NA   NA   NA
SHR_2018-04-24 10:50:00,4/24/2018 10:50,SHR,2018,A,FALSE,CLR,NA,NA,17.3,0.7,120.7,141.4,7.67,9.36,10.2,10,Regular,670000,679837,9837,9837,30.21520104,30.21520104,1,NA,NA,Aquatic Non-Insects,15,Family,Hyalellidae,Hyalellidae,Emergents,0,0,0,NA,NA,NA,NA,NA,NA,NA,NA,NA,NA,NA   NA   NA   NA,NA   NA   NA   NA
SHR_2018-04-24 10:50:00,4/24/2018 10:50,SHR,2018,A,FALSE,CLR,NA,NA,17.3,0.7,120.7,141.4,7.67,9.36,10.2,10,Regular,670000,679837,9837,9837,30.21520104,30.21520104,1,NA,NA,Aquatic Non-Insects,15,Family,Hyalellidae,Hyalellidae,Adults,0,0,0,NA,NA,NA,NA,NA,NA,NA,NA,NA,NA,NA   NA   NA   NA,NA   NA   NA   NA
SHR_2018-04-24 10:50:00,4/24/2018 10:50,SHR,2018,A,FALSE,CLR,NA,NA,17.3,0.7,120.7,141.4,7.67,9.36,10.2,10,Regular,670000,679837,9837,9837,30.21520104,30.21520104,1,NA,NA,Aquatic Non-Insects,15,Family,Hyalellidae,Hyalellidae,NotDetermined,1,0.033,0.033,NA,NA,NA,NA,NA,NA,NA,NA,NA,NA,NA   NA   NA   NA,NA   NA   NA   NA
SHR_2018-04-24 10:50:00,4/24/2018 10:50,SHR,2018,A,FALSE,CLR,NA,NA,17.3,0.7,120.7,141.4,7.67,9.36,10.2,10,Regular,670000,679837,9837,9837,30.21520104,30.21520104,1,NA,NA,Aquatic Non-Insects,19,Family,Corbiculidae,Corbiculidae,Larvae,0,0,0,NA,NA,NA,NA,NA,NA,NA,NA,NA,NA,NA   NA   NA   NA,NA   NA   NA   NA
SHR_2018-04-24 10:50:00,4/24/2018 10:50,SHR,2018,A,FALSE,CLR,NA,NA,17.3,0.7,120.7,141.4,7.67,9.36,10.2,10,Regular,670000,679837,9837,9837,30.21520104,30.21520104,1,NA,NA,Aquatic Non-Insects,19,Family,Corbiculidae,Corbiculidae,Pupae,0,0,0,NA,NA,NA,NA,NA,NA,NA,NA,NA,NA,NA   NA   NA   NA,NA   NA   NA   NA
SHR_2018-04-24 10:50:00,4/24/2018 10:50,SHR,2018,A,FALSE,CLR,NA,NA,17.3,0.7,120.7,141.4,7.67,9.36,10.2,10,Regular,670000,679837,9837,9837,30.21520104,30.21520104,1,NA,NA,Aquatic Non-Insects,19,Family,Corbiculidae,Corbiculidae,Nymphs,0,0,0,NA,NA,NA,NA,NA,NA,NA,NA,NA,NA,NA   NA   NA   NA,NA   NA   NA   NA
SHR_2018-04-24 10:50:00,4/24/2018 10:50,SHR,2018,A,FALSE,CLR,NA,NA,17.3,0.7,120.7,141.4,7.67,9.36,10.2,10,Regular,670000,679837,9837,9837,30.21520104,30.21520104,1,NA,NA,Aquatic Non-Insects,19,Family,Corbiculidae,Corbiculidae,Emergents,0,0,0,NA,NA,NA,NA,NA,NA,NA,NA,NA,NA,NA   NA   NA   NA,NA   NA   NA   NA
SHR_2018-04-24 10:50:00,4/24/2018 10:50,SHR,2018,A,FALSE,CLR,NA,NA,17.3,0.7,120.7,141.4,7.67,9.36,10.2,10,Regular,670000,679837,9837,9837,30.21520104,30.21520104,1,NA,NA,Aquatic Non-Insects,19,Family,Corbiculidae,Corbiculidae,Adults,0,0,0,NA,NA,NA,NA,NA,NA,NA,NA,NA,NA,NA   NA   NA   NA,NA   NA   NA   NA
SHR_2018-04-24 10:50:00,4/24/2018 10:50,SHR,2018,A,FALSE,CLR,NA,NA,17.3,0.7,120.7,141.4,7.67,9.36,10.2,10,Regular,670000,679837,9837,9837,30.21520104,30.21520104,1,NA,NA,Aquatic Non-Insects,19,Family,Corbiculidae,Corbiculidae,NotDetermined,2,0.066,0.066,NA,NA,NA,NA,NA,NA,NA,NA,NA,NA,NA   NA   NA   NA,NA   NA   NA   NA
SHR_2018-04-24 10:50:00,4/24/2018 10:50,SHR,2018,A,FALSE,CLR,NA,NA,17.3,0.7,120.7,141.4,7.67,9.36,10.2,10,Regular,670000,679837,9837,9837,30.21520104,30.21520104,1,NA,NA,Terrestrial Non-Insects,57,Subclass,Acari,Acari,Larvae,0,0,0,NA,NA,NA,NA,NA,NA,NA,NA,NA,NA,NA   NA   NA   NA,NA   NA   NA   NA
SHR_2018-04-24 10:50:00,4/24/2018 10:50,SHR,2018,A,FALSE,CLR,NA,NA,17.3,0.7,120.7,141.4,7.67,9.36,10.2,10,Regular,670000,679837,9837,9837,30.21520104,30.21520104,1,NA,NA,Terrestrial Non-Insects,57,Subclass,Acari,Acari,Pupae,0,0,0,NA,NA,NA,NA,NA,NA,NA,NA,NA,NA,NA   NA   NA   NA,NA   NA   NA   NA
SHR_2018-04-24 10:50:00,4/24/2018 10:50,SHR,2018,A,FALSE,CLR,NA,NA,17.3,0.7,120.7,141.4,7.67,9.36,10.2,10,Regular,670000,679837,9837,9837,30.21520104,30.21520104,1,NA,NA,Terrestrial Non-Insects,57,Subclass,Acari,Acari,Nymphs,0,0,0,NA,NA,NA,NA,NA,NA,NA,NA,NA,NA,NA   NA   NA   NA,NA   NA   NA   NA
SHR_2018-04-24 10:50:00,4/24/2018 10:50,SHR,2018,A,FALSE,CLR,NA,NA,17.3,0.7,120.7,141.4,7.67,9.36,10.2,10,Regular,670000,679837,9837,9837,30.21520104,30.21520104,1,NA,NA,Terrestrial Non-Insects,57,Subclass,Acari,Acari,Emergents,0,0,0,NA,NA,NA,NA,NA,NA,NA,NA,NA,NA,NA   NA   NA   NA,NA   NA   NA   NA
SHR_2018-04-24 10:50:00,4/24/2018 10:50,SHR,2018,A,FALSE,CLR,NA,NA,17.3,0.7,120.7,141.4,7.67,9.36,10.2,10,Regular,670000,679837,9837,9837,30.21520104,30.21520104,1,NA,NA,Terrestrial Non-Insects,57,Subclass,Acari,Acari,Adults,0,0,0,NA,NA,NA,NA,NA,NA,NA,NA,NA,NA,NA   NA   NA   NA,NA   NA   NA   NA
SHR_2018-04-24 10:50:00,4/24/2018 10:50,SHR,2018,A,FALSE,CLR,NA,NA,17.3,0.7,120.7,141.4,7.67,9.36,10.2,10,Regular,670000,679837,9837,9837,30.21520104,30.21520104,1,NA,NA,Terrestrial Non-Insects,57,Subclass,Acari,Acari,NotDetermined,1,0.033,0.033,NA,NA,NA,NA,NA,NA,NA,NA,NA,NA,NA   NA   NA   NA,NA   NA   NA   NA
SHR_2018-04-24 10:50:00,4/24/2018 10:50,SHR,2018,A,FALSE,CLR,NA,NA,17.3,0.7,120.7,141.4,7.67,9.36,10.2,10,Regular,670000,679837,9837,9837,30.21520104,30.21520104,1,NA,NA,Terrestrial Non-Insects,157,Order,Araneae,Araneae,Larvae,0,0,0,NA,NA,NA,NA,NA,NA,NA,NA,NA,NA,NA   NA   NA   NA,NA   NA   NA   NA
SHR_2018-04-24 10:50:00,4/24/2018 10:50,SHR,2018,A,FALSE,CLR,NA,NA,17.3,0.7,120.7,141.4,7.67,9.36,10.2,10,Regular,670000,679837,9837,9837,30.21520104,30.21520104,1,NA,NA,Terrestrial Non-Insects,157,Order,Araneae,Araneae,Pupae,0,0,0,NA,NA,NA,NA,NA,NA,NA,NA,NA,NA,NA   NA   NA   NA,NA   NA   NA   NA
SHR_2018-04-24 10:50:00,4/24/2018 10:50,SHR,2018,A,FALSE,CLR,NA,NA,17.3,0.7,120.7,141.4,7.67,9.36,10.2,10,Regular,670000,679837,9837,9837,30.21520104,30.21520104,1,NA,NA,Terrestrial Non-Insects,157,Order,Araneae,Araneae,Nymphs,0,0,0,NA,NA,NA,NA,NA,NA,NA,NA,NA,NA,NA   NA   NA   NA,NA   NA   NA   NA
SHR_2018-04-24 10:50:00,4/24/2018 10:50,SHR,2018,A,FALSE,CLR,NA,NA,17.3,0.7,120.7,141.4,7.67,9.36,10.2,10,Regular,670000,679837,9837,9837,30.21520104,30.21520104,1,NA,NA,Terrestrial Non-Insects,157,Order,Araneae,Araneae,Emergents,0,0,0,NA,NA,NA,NA,NA,NA,NA,NA,NA,NA,NA   NA   NA   NA,NA   NA   NA   NA
SHR_2018-04-24 10:50:00,4/24/2018 10:50,SHR,2018,A,FALSE,CLR,NA,NA,17.3,0.7,120.7,141.4,7.67,9.36,10.2,10,Regular,670000,679837,9837,9837,30.21520104,30.21520104,1,NA,NA,Terrestrial Non-Insects,157,Order,Araneae,Araneae,Adults,0,0,0,NA,NA,NA,NA,NA,NA,NA,NA,NA,NA,NA   NA   NA   NA,NA   NA   NA   NA
SHR_2018-04-24 10:50:00,4/24/2018 10:50,SHR,2018,A,FALSE,CLR,NA,NA,17.3,0.7,120.7,141.4,7.67,9.36,10.2,10,Regular,670000,679837,9837,9837,30.21520104,30.21520104,1,NA,NA,Terrestrial Non-Insects,157,Order,Araneae,Araneae,NotDetermined,2,0.066,0.066,NA,NA,NA,NA,NA,NA,NA,NA,NA,NA,NA   NA   NA   NA,NA   NA   NA   NA
SHR_2018-04-24 10:50:00,4/24/2018 10:50,SHR,2018,A,FALSE,CLR,NA,NA,17.3,0.7,120.7,141.4,7.67,9.36,10.2,10,Regular,670000,679837,9837,9837,30.21520104,30.21520104,1,NA,NA,Terrestrial Insects,63,Order,Coleoptera,Coleoptera,Larvae,0,0,0,NA,NA,NA,NA,NA,NA,NA,NA,NA,NA,NA   NA   NA   NA,NA   NA   NA   NA
SHR_2018-04-24 10:50:00,4/24/2018 10:50,SHR,2018,A,FALSE,CLR,NA,NA,17.3,0.7,120.7,141.4,7.67,9.36,10.2,10,Regular,670000,679837,9837,9837,30.21520104,30.21520104,1,NA,NA,Terrestrial Insects,63,Order,Coleoptera,Coleoptera,Pupae,0,0,0,NA,NA,NA,NA,NA,NA,NA,NA,NA,NA,NA   NA   NA   NA,NA   NA   NA   NA
SHR_2018-04-24 10:50:00,4/24/2018 10:50,SHR,2018,A,FALSE,CLR,NA,NA,17.3,0.7,120.7,141.4,7.67,9.36,10.2,10,Regular,670000,679837,9837,9837,30.21520104,30.21520104,1,NA,NA,Terrestrial Insects,63,Order,Coleoptera,Coleoptera,Nymphs,0,0,0,NA,NA,NA,NA,NA,NA,NA,NA,NA,NA,NA   NA   NA   NA,NA   NA   NA   NA
SHR_2018-04-24 10:50:00,4/24/2018 10:50,SHR,2018,A,FALSE,CLR,NA,NA,17.3,0.7,120.7,141.4,7.67,9.36,10.2,10,Regular,670000,679837,9837,9837,30.21520104,30.21520104,1,NA,NA,Terrestrial Insects,63,Order,Coleoptera,Coleoptera,Emergents,0,0,0,NA,NA,NA,NA,NA,NA,NA,NA,NA,NA,NA   NA   NA   NA,NA   NA   NA   NA
SHR_2018-04-24 10:50:00,4/24/2018 10:50,SHR,2018,A,FALSE,CLR,NA,NA,17.3,0.7,120.7,141.4,7.67,9.36,10.2,10,Regular,670000,679837,9837,9837,30.21520104,30.21520104,1,NA,NA,Terrestrial Insects,63,Order,Coleoptera,Coleoptera,Adults,10,0.331,0.331,NA,NA,NA,NA,NA,NA,NA,NA,NA,NA,NA   NA   NA   NA,NA   NA   NA   NA
SHR_2018-04-24 10:50:00,4/24/2018 10:50,SHR,2018,A,FALSE,CLR,NA,NA,17.3,0.7,120.7,141.4,7.67,9.36,10.2,10,Regular,670000,679837,9837,9837,30.21520104,30.21520104,1,NA,NA,Terrestrial Insects,63,Order,Coleoptera,Coleoptera,NotDetermined,0,0,0,NA,NA,NA,NA,NA,NA,NA,NA,NA,NA,NA   NA   NA   NA,NA   NA   NA   NA
SHR_2018-04-24 10:50:00,4/24/2018 10:50,SHR,2018,A,FALSE,CLR,NA,NA,17.3,0.7,120.7,141.4,7.67,9.36,10.2,10,Regular,670000,679837,9837,9837,30.21520104,30.21520104,1,NA,NA,Terrestrial Insects,64,Order,Diptera,Diptera,Larvae,0,0,0,NA,NA,NA,NA,NA,NA,NA,NA,NA,NA,NA   NA   NA   NA,NA   NA   NA   NA
SHR_2018-04-24 10:50:00,4/24/2018 10:50,SHR,2018,A,FALSE,CLR,NA,NA,17.3,0.7,120.7,141.4,7.67,9.36,10.2,10,Regular,670000,679837,9837,9837,30.21520104,30.21520104,1,NA,NA,Terrestrial Insects,64,Order,Diptera,Diptera,Pupae,0,0,0,NA,NA,NA,NA,NA,NA,NA,NA,NA,NA,NA   NA   NA   NA,NA   NA   NA   NA
SHR_2018-04-24 10:50:00,4/24/2018 10:50,SHR,2018,A,FALSE,CLR,NA,NA,17.3,0.7,120.7,141.4,7.67,9.36,10.2,10,Regular,670000,679837,9837,9837,30.21520104,30.21520104,1,NA,NA,Terrestrial Insects,64,Order,Diptera,Diptera,Nymphs,0,0,0,NA,NA,NA,NA,NA,NA,NA,NA,NA,NA,NA   NA   NA   NA,NA   NA   NA   NA
SHR_2018-04-24 10:50:00,4/24/2018 10:50,SHR,2018,A,FALSE,CLR,NA,NA,17.3,0.7,120.7,141.4,7.67,9.36,10.2,10,Regular,670000,679837,9837,9837,30.21520104,30.21520104,1,NA,NA,Terrestrial Insects,64,Order,Diptera,Diptera,Emergents,0,0,0,NA,NA,NA,NA,NA,NA,NA,NA,NA,NA,NA   NA   NA   NA,NA   NA   NA   NA
SHR_2018-04-24 10:50:00,4/24/2018 10:50,SHR,2018,A,FALSE,CLR,NA,NA,17.3,0.7,120.7,141.4,7.67,9.36,10.2,10,Regular,670000,679837,9837,9837,30.21520104,30.21520104,1,NA,NA,Terrestrial Insects,64,Order,Diptera,Diptera,Adults,78,2.581,2.581,NA,NA,NA,NA,NA,NA,NA,NA,NA,NA,NA   NA   NA   NA,NA   NA   NA   NA
SHR_2018-04-24 10:50:00,4/24/2018 10:50,SHR,2018,A,FALSE,CLR,NA,NA,17.3,0.7,120.7,141.4,7.67,9.36,10.2,10,Regular,670000,679837,9837,9837,30.21520104,30.21520104,1,NA,NA,Terrestrial Insects,64,Order,Diptera,Diptera,NotDetermined,0,0,0,NA,NA,NA,NA,NA,NA,NA,NA,NA,NA,NA   NA   NA   NA,NA   NA   NA   NA
SHR_2018-04-24 10:50:00,4/24/2018 10:50,SHR,2018,A,FALSE,CLR,NA,NA,17.3,0.7,120.7,141.4,7.67,9.36,10.2,10,Regular,670000,679837,9837,9837,30.21520104,30.21520104,1,NA,NA,Terrestrial Insects,71,Order,Hemiptera,Hemiptera,Larvae,2,0.066,0.066,NA,NA,NA,NA,NA,NA,NA,NA,NA,NA,NA   NA   NA   NA,NA   NA   NA   NA
SHR_2018-04-24 10:50:00,4/24/2018 10:50,SHR,2018,A,FALSE,CLR,NA,NA,17.3,0.7,120.7,141.4,7.67,9.36,10.2,10,Regular,670000,679837,9837,9837,30.21520104,30.21520104,1,NA,NA,Terrestrial Insects,71,Order,Hemiptera,Hemiptera,Pupae,0,0,0,NA,NA,NA,NA,NA,NA,NA,NA,NA,NA,NA   NA   NA   NA,NA   NA   NA   NA
SHR_2018-04-24 10:50:00,4/24/2018 10:50,SHR,2018,A,FALSE,CLR,NA,NA,17.3,0.7,120.7,141.4,7.67,9.36,10.2,10,Regular,670000,679837,9837,9837,30.21520104,30.21520104,1,NA,NA,Terrestrial Insects,71,Order,Hemiptera,Hemiptera,Nymphs,0,0,0,NA,NA,NA,NA,NA,NA,NA,NA,NA,NA,NA   NA   NA   NA,NA   NA   NA   NA
SHR_2018-04-24 10:50:00,4/24/2018 10:50,SHR,2018,A,FALSE,CLR,NA,NA,17.3,0.7,120.7,141.4,7.67,9.36,10.2,10,Regular,670000,679837,9837,9837,30.21520104,30.21520104,1,NA,NA,Terrestrial Insects,71,Order,Hemiptera,Hemiptera,Emergents,0,0,0,NA,NA,NA,NA,NA,NA,NA,NA,NA,NA,NA   NA   NA   NA,NA   NA   NA   NA
SHR_2018-04-24 10:50:00,4/24/2018 10:50,SHR,2018,A,FALSE,CLR,NA,NA,17.3,0.7,120.7,141.4,7.67,9.36,10.2,10,Regular,670000,679837,9837,9837,30.21520104,30.21520104,1,NA,NA,Terrestrial Insects,71,Order,Hemiptera,Hemiptera,Adults,18,0.596,0.596,NA,NA,NA,NA,NA,NA,NA,NA,NA,NA,NA   NA   NA   NA,NA   NA   NA   NA
SHR_2018-04-24 10:50:00,4/24/2018 10:50,SHR,2018,A,FALSE,CLR,NA,NA,17.3,0.7,120.7,141.4,7.67,9.36,10.2,10,Regular,670000,679837,9837,9837,30.21520104,30.21520104,1,NA,NA,Terrestrial Insects,71,Order,Hemiptera,Hemiptera,NotDetermined,0,0,0,NA,NA,NA,NA,NA,NA,NA,NA,NA,NA,NA   NA   NA   NA,NA   NA   NA   NA
SHR_2018-04-24 10:50:00,4/24/2018 10:50,SHR,2018,A,FALSE,CLR,NA,NA,17.3,0.7,120.7,141.4,7.67,9.36,10.2,10,Regular,670000,679837,9837,9837,30.21520104,30.21520104,1,NA,NA,Terrestrial Insects,66,Order,Hymenoptera,Hymenoptera,Larvae,0,0,0,NA,NA,NA,NA,NA,NA,NA,NA,NA,NA,NA   NA   NA   NA,NA   NA   NA   NA
SHR_2018-04-24 10:50:00,4/24/2018 10:50,SHR,2018,A,FALSE,CLR,NA,NA,17.3,0.7,120.7,141.4,7.67,9.36,10.2,10,Regular,670000,679837,9837,9837,30.21520104,30.21520104,1,NA,NA,Terrestrial Insects,66,Order,Hymenoptera,Hymenoptera,Pupae,0,0,0,NA,NA,NA,NA,NA,NA,NA,NA,NA,NA,NA   NA   NA   NA,NA   NA   NA   NA
SHR_2018-04-24 10:50:00,4/24/2018 10:50,SHR,2018,A,FALSE,CLR,NA,NA,17.3,0.7,120.7,141.4,7.67,9.36,10.2,10,Regular,670000,679837,9837,9837,30.21520104,30.21520104,1,NA,NA,Terrestrial Insects,66,Order,Hymenoptera,Hymenoptera,Nymphs,0,0,0,NA,NA,NA,NA,NA,NA,NA,NA,NA,NA,NA   NA   NA   NA,NA   NA   NA   NA
SHR_2018-04-24 10:50:00,4/24/2018 10:50,SHR,2018,A,FALSE,CLR,NA,NA,17.3,0.7,120.7,141.4,7.67,9.36,10.2,10,Regular,670000,679837,9837,9837,30.21520104,30.21520104,1,NA,NA,Terrestrial Insects,66,Order,Hymenoptera,Hymenoptera,Emergents,0,0,0,NA,NA,NA,NA,NA,NA,NA,NA,NA,NA,NA   NA   NA   NA,NA   NA   NA   NA
SHR_2018-04-24 10:50:00,4/24/2018 10:50,SHR,2018,A,FALSE,CLR,NA,NA,17.3,0.7,120.7,141.4,7.67,9.36,10.2,10,Regular,670000,679837,9837,9837,30.21520104,30.21520104,1,NA,NA,Terrestrial Insects,66,Order,Hymenoptera,Hymenoptera,Adults,16,0.53,0.53,NA,NA,NA,NA,NA,NA,NA,NA,NA,NA,NA   NA   NA   NA,NA   NA   NA   NA
SHR_2018-04-24 10:50:00,4/24/2018 10:50,SHR,2018,A,FALSE,CLR,NA,NA,17.3,0.7,120.7,141.4,7.67,9.36,10.2,10,Regular,670000,679837,9837,9837,30.21520104,30.21520104,1,NA,NA,Terrestrial Insects,66,Order,Hymenoptera,Hymenoptera,NotDetermined,0,0,0,NA,NA,NA,NA,NA,NA,NA,NA,NA,NA,NA   NA   NA   NA,NA   NA   NA   NA
SHR_2018-04-24 10:50:00,4/24/2018 10:50,SHR,2018,A,FALSE,CLR,NA,NA,17.3,0.7,120.7,141.4,7.67,9.36,10.2,10,Regular,670000,679837,9837,9837,30.21520104,30.21520104,1,NA,NA,Terrestrial Insects,67,Order,Psocoptera,Psocoptera,Larvae,0,0,0,NA,NA,NA,NA,NA,NA,NA,NA,NA,NA,NA   NA   NA   NA,NA   NA   NA   NA
SHR_2018-04-24 10:50:00,4/24/2018 10:50,SHR,2018,A,FALSE,CLR,NA,NA,17.3,0.7,120.7,141.4,7.67,9.36,10.2,10,Regular,670000,679837,9837,9837,30.21520104,30.21520104,1,NA,NA,Terrestrial Insects,67,Order,Psocoptera,Psocoptera,Pupae,0,0,0,NA,NA,NA,NA,NA,NA,NA,NA,NA,NA,NA   NA   NA   NA,NA   NA   NA   NA
SHR_2018-04-24 10:50:00,4/24/2018 10:50,SHR,2018,A,FALSE,CLR,NA,NA,17.3,0.7,120.7,141.4,7.67,9.36,10.2,10,Regular,670000,679837,9837,9837,30.21520104,30.21520104,1,NA,NA,Terrestrial Insects,67,Order,Psocoptera,Psocoptera,Nymphs,0,0,0,NA,NA,NA,NA,NA,NA,NA,NA,NA,NA,NA   NA   NA   NA,NA   NA   NA   NA
SHR_2018-04-24 10:50:00,4/24/2018 10:50,SHR,2018,A,FALSE,CLR,NA,NA,17.3,0.7,120.7,141.4,7.67,9.36,10.2,10,Regular,670000,679837,9837,9837,30.21520104,30.21520104,1,NA,NA,Terrestrial Insects,67,Order,Psocoptera,Psocoptera,Emergents,0,0,0,NA,NA,NA,NA,NA,NA,NA,NA,NA,NA,NA   NA   NA   NA,NA   NA   NA   NA
SHR_2018-04-24 10:50:00,4/24/2018 10:50,SHR,2018,A,FALSE,CLR,NA,NA,17.3,0.7,120.7,141.4,7.67,9.36,10.2,10,Regular,670000,679837,9837,9837,30.21520104,30.21520104,1,NA,NA,Terrestrial Insects,67,Order,Psocoptera,Psocoptera,Adults,1,0.033,0.033,NA,NA,NA,NA,NA,NA,NA,NA,NA,NA,NA   NA   NA   NA,NA   NA   NA   NA
SHR_2018-04-24 10:50:00,4/24/2018 10:50,SHR,2018,A,FALSE,CLR,NA,NA,17.3,0.7,120.7,141.4,7.67,9.36,10.2,10,Regular,670000,679837,9837,9837,30.21520104,30.21520104,1,NA,NA,Terrestrial Insects,67,Order,Psocoptera,Psocoptera,NotDetermined,0,0,0,NA,NA,NA,NA,NA,NA,NA,NA,NA,NA,NA   NA   NA   NA,NA   NA   NA   NA
SHR_2018-04-24 10:50:00,4/24/2018 10:50,SHR,2018,A,FALSE,CLR,NA,NA,17.3,0.7,120.7,141.4,7.67,9.36,10.2,10,Regular,670000,679837,9837,9837,30.21520104,30.21520104,1,NA,NA,Terrestrial Insects,85,Order,Thysanoptera,Thysanoptera,Larvae,0,0,0,NA,NA,NA,NA,NA,NA,NA,NA,NA,NA,NA   NA   NA   NA,NA   NA   NA   NA
SHR_2018-04-24 10:50:00,4/24/2018 10:50,SHR,2018,A,FALSE,CLR,NA,NA,17.3,0.7,120.7,141.4,7.67,9.36,10.2,10,Regular,670000,679837,9837,9837,30.21520104,30.21520104,1,NA,NA,Terrestrial Insects,85,Order,Thysanoptera,Thysanoptera,Pupae,0,0,0,NA,NA,NA,NA,NA,NA,NA,NA,NA,NA,NA   NA   NA   NA,NA   NA   NA   NA
SHR_2018-04-24 10:50:00,4/24/2018 10:50,SHR,2018,A,FALSE,CLR,NA,NA,17.3,0.7,120.7,141.4,7.67,9.36,10.2,10,Regular,670000,679837,9837,9837,30.21520104,30.21520104,1,NA,NA,Terrestrial Insects,85,Order,Thysanoptera,Thysanoptera,Nymphs,0,0,0,NA,NA,NA,NA,NA,NA,NA,NA,NA,NA,NA   NA   NA   NA,NA   NA   NA   NA
SHR_2018-04-24 10:50:00,4/24/2018 10:50,SHR,2018,A,FALSE,CLR,NA,NA,17.3,0.7,120.7,141.4,7.67,9.36,10.2,10,Regular,670000,679837,9837,9837,30.21520104,30.21520104,1,NA,NA,Terrestrial Insects,85,Order,Thysanoptera,Thysanoptera,Emergents,0,0,0,NA,NA,NA,NA,NA,NA,NA,NA,NA,NA,NA   NA   NA   NA,NA   NA   NA   NA
SHR_2018-04-24 10:50:00,4/24/2018 10:50,SHR,2018,A,FALSE,CLR,NA,NA,17.3,0.7,120.7,141.4,7.67,9.36,10.2,10,Regular,670000,679837,9837,9837,30.21520104,30.21520104,1,NA,NA,Terrestrial Insects,85,Order,Thysanoptera,Thysanoptera,Adults,2,0.066,0.066,NA,NA,NA,NA,NA,NA,NA,NA,NA,NA,NA   NA   NA   NA,NA   NA   NA   NA
SHR_2018-04-24 10:50:00,4/24/2018 10:50,SHR,2018,A,FALSE,CLR,NA,NA,17.3,0.7,120.7,141.4,7.67,9.36,10.2,10,Regular,670000,679837,9837,9837,30.21520104,30.21520104,1,NA,NA,Terrestrial Insects,85,Order,Thysanoptera,Thysanoptera,NotDetermined,0,0,0,NA,NA,NA,NA,NA,NA,NA,NA,NA,NA,NA   NA   NA   NA,NA   NA   NA   NA
STTD_2018-04-25 09:45:00,4/25/2018 9:45,STTD,2018,A,FALSE,CLR,NA,NA,19.9,0.32,598,662,8.08,7.59,19.8,10,Low,677680,680000,2320,2320,15.26354582,15.26354582,1,ebb tide,NA,Aquatic Insects,34,Family,Chironomidae,Chironomidae,Larvae,0,0,0,NA,NA,NA,NA,NA,NA,NA,NA,NA,NA,NA   NA   NA   NA,NA   NA   NA   NA
STTD_2018-04-25 09:45:00,4/25/2018 9:45,STTD,2018,A,FALSE,CLR,NA,NA,19.9,0.32,598,662,8.08,7.59,19.8,10,Low,677680,680000,2320,2320,15.26354582,15.26354582,1,ebb tide,NA,Aquatic Insects,34,Family,Chironomidae,Chironomidae,Pupae,0,0,0,NA,NA,NA,NA,NA,NA,NA,NA,NA,NA,NA   NA   NA   NA,NA   NA   NA   NA
STTD_2018-04-25 09:45:00,4/25/2018 9:45,STTD,2018,A,FALSE,CLR,NA,NA,19.9,0.32,598,662,8.08,7.59,19.8,10,Low,677680,680000,2320,2320,15.26354582,15.26354582,1,ebb tide,NA,Aquatic Insects,34,Family,Chironomidae,Chironomidae,Nymphs,0,0,0,NA,NA,NA,NA,NA,NA,NA,NA,NA,NA,NA   NA   NA   NA,NA   NA   NA   NA
STTD_2018-04-25 09:45:00,4/25/2018 9:45,STTD,2018,A,FALSE,CLR,NA,NA,19.9,0.32,598,662,8.08,7.59,19.8,10,Low,677680,680000,2320,2320,15.26354582,15.26354582,1,ebb tide,NA,Aquatic Insects,34,Family,Chironomidae,Chironomidae,Emergents,0,0,0,NA,NA,NA,NA,NA,NA,NA,NA,NA,NA,NA   NA   NA   NA,NA   NA   NA   NA
STTD_2018-04-25 09:45:00,4/25/2018 9:45,STTD,2018,A,FALSE,CLR,NA,NA,19.9,0.32,598,662,8.08,7.59,19.8,10,Low,677680,680000,2320,2320,15.26354582,15.26354582,1,ebb tide,NA,Aquatic Insects,34,Family,Chironomidae,Chironomidae,Adults,4,0.262,0.262,NA,NA,NA,NA,NA,NA,NA,NA,NA,NA,NA   NA   NA   NA,NA   NA   NA   NA
STTD_2018-04-25 09:45:00,4/25/2018 9:45,STTD,2018,A,FALSE,CLR,NA,NA,19.9,0.32,598,662,8.08,7.59,19.8,10,Low,677680,680000,2320,2320,15.26354582,15.26354582,1,ebb tide,NA,Aquatic Insects,34,Family,Chironomidae,Chironomidae,NotDetermined,0,0,0,NA,NA,NA,NA,NA,NA,NA,NA,NA,NA,NA   NA   NA   NA,NA   NA   NA   NA
STTD_2018-04-25 09:45:00,4/25/2018 9:45,STTD,2018,A,FALSE,CLR,NA,NA,19.9,0.32,598,662,8.08,7.59,19.8,10,Low,677680,680000,2320,2320,15.26354582,15.26354582,1,ebb tide,NA,Aquatic Insects,44,Family,Corixidae,Corixidae,Larvae,2,0.131,0.131,NA,NA,NA,NA,NA,NA,NA,NA,NA,NA,NA   NA   NA   NA,NA   NA   NA   NA
STTD_2018-04-25 09:45:00,4/25/2018 9:45,STTD,2018,A,FALSE,CLR,NA,NA,19.9,0.32,598,662,8.08,7.59,19.8,10,Low,677680,680000,2320,2320,15.26354582,15.26354582,1,ebb tide,NA,Aquatic Insects,44,Family,Corixidae,Corixidae,Pupae,0,0,0,NA,NA,NA,NA,NA,NA,NA,NA,NA,NA,NA   NA   NA   NA,NA   NA   NA   NA
STTD_2018-04-25 09:45:00,4/25/2018 9:45,STTD,2018,A,FALSE,CLR,NA,NA,19.9,0.32,598,662,8.08,7.59,19.8,10,Low,677680,680000,2320,2320,15.26354582,15.26354582,1,ebb tide,NA,Aquatic Insects,44,Family,Corixidae,Corixidae,Nymphs,0,0,0,NA,NA,NA,NA,NA,NA,NA,NA,NA,NA,NA   NA   NA   NA,NA   NA   NA   NA
STTD_2018-04-25 09:45:00,4/25/2018 9:45,STTD,2018,A,FALSE,CLR,NA,NA,19.9,0.32,598,662,8.08,7.59,19.8,10,Low,677680,680000,2320,2320,15.26354582,15.26354582,1,ebb tide,NA,Aquatic Insects,44,Family,Corixidae,Corixidae,Emergents,0,0,0,NA,NA,NA,NA,NA,NA,NA,NA,NA,NA,NA   NA   NA   NA,NA   NA   NA   NA
STTD_2018-04-25 09:45:00,4/25/2018 9:45,STTD,2018,A,FALSE,CLR,NA,NA,19.9,0.32,598,662,8.08,7.59,19.8,10,Low,677680,680000,2320,2320,15.26354582,15.26354582,1,ebb tide,NA,Aquatic Insects,44,Family,Corixidae,Corixidae,Adults,0,0,0,NA,NA,NA,NA,NA,NA,NA,NA,NA,NA,NA   NA   NA   NA,NA   NA   NA   NA
STTD_2018-04-25 09:45:00,4/25/2018 9:45,STTD,2018,A,FALSE,CLR,NA,NA,19.9,0.32,598,662,8.08,7.59,19.8,10,Low,677680,680000,2320,2320,15.26354582,15.26354582,1,ebb tide,NA,Aquatic Insects,44,Family,Corixidae,Corixidae,NotDetermined,0,0,0,NA,NA,NA,NA,NA,NA,NA,NA,NA,NA,NA   NA   NA   NA,NA   NA   NA   NA
STTD_2018-04-25 09:45:00,4/25/2018 9:45,STTD,2018,A,FALSE,CLR,NA,NA,19.9,0.32,598,662,8.08,7.59,19.8,10,Low,677680,680000,2320,2320,15.26354582,15.26354582,1,ebb tide,NA,Aquatic Non-Insects,15,Family,Hyalellidae,Hyalellidae,Larvae,0,0,0,NA,NA,NA,NA,NA,NA,NA,NA,NA,NA,NA   NA   NA   NA,NA   NA   NA   NA
STTD_2018-04-25 09:45:00,4/25/2018 9:45,STTD,2018,A,FALSE,CLR,NA,NA,19.9,0.32,598,662,8.08,7.59,19.8,10,Low,677680,680000,2320,2320,15.26354582,15.26354582,1,ebb tide,NA,Aquatic Non-Insects,15,Family,Hyalellidae,Hyalellidae,Pupae,0,0,0,NA,NA,NA,NA,NA,NA,NA,NA,NA,NA,NA   NA   NA   NA,NA   NA   NA   NA
STTD_2018-04-25 09:45:00,4/25/2018 9:45,STTD,2018,A,FALSE,CLR,NA,NA,19.9,0.32,598,662,8.08,7.59,19.8,10,Low,677680,680000,2320,2320,15.26354582,15.26354582,1,ebb tide,NA,Aquatic Non-Insects,15,Family,Hyalellidae,Hyalellidae,Nymphs,0,0,0,NA,NA,NA,NA,NA,NA,NA,NA,NA,NA,NA   NA   NA   NA,NA   NA   NA   NA
STTD_2018-04-25 09:45:00,4/25/2018 9:45,STTD,2018,A,FALSE,CLR,NA,NA,19.9,0.32,598,662,8.08,7.59,19.8,10,Low,677680,680000,2320,2320,15.26354582,15.26354582,1,ebb tide,NA,Aquatic Non-Insects,15,Family,Hyalellidae,Hyalellidae,Emergents,0,0,0,NA,NA,NA,NA,NA,NA,NA,NA,NA,NA,NA   NA   NA   NA,NA   NA   NA   NA
STTD_2018-04-25 09:45:00,4/25/2018 9:45,STTD,2018,A,FALSE,CLR,NA,NA,19.9,0.32,598,662,8.08,7.59,19.8,10,Low,677680,680000,2320,2320,15.26354582,15.26354582,1,ebb tide,NA,Aquatic Non-Insects,15,Family,Hyalellidae,Hyalellidae,Adults,0,0,0,NA,NA,NA,NA,NA,NA,NA,NA,NA,NA,NA   NA   NA   NA,NA   NA   NA   NA
STTD_2018-04-25 09:45:00,4/25/2018 9:45,STTD,2018,A,FALSE,CLR,NA,NA,19.9,0.32,598,662,8.08,7.59,19.8,10,Low,677680,680000,2320,2320,15.26354582,15.26354582,1,ebb tide,NA,Aquatic Non-Insects,15,Family,Hyalellidae,Hyalellidae,NotDetermined,1,0.066,0.066,NA,NA,NA,NA,NA,NA,NA,NA,NA,NA,NA   NA   NA   NA,NA   NA   NA   NA
STTD_2018-04-25 09:45:00,4/25/2018 9:45,STTD,2018,A,FALSE,CLR,NA,NA,19.9,0.32,598,662,8.08,7.59,19.8,10,Low,677680,680000,2320,2320,15.26354582,15.26354582,1,ebb tide,NA,Aquatic Non-Insects,18,Family,Hydridae,Hydridae,Larvae,0,0,0,NA,NA,NA,NA,NA,NA,NA,NA,NA,NA,NA   NA   NA   NA,NA   NA   NA   NA
STTD_2018-04-25 09:45:00,4/25/2018 9:45,STTD,2018,A,FALSE,CLR,NA,NA,19.9,0.32,598,662,8.08,7.59,19.8,10,Low,677680,680000,2320,2320,15.26354582,15.26354582,1,ebb tide,NA,Aquatic Non-Insects,18,Family,Hydridae,Hydridae,Pupae,0,0,0,NA,NA,NA,NA,NA,NA,NA,NA,NA,NA,NA   NA   NA   NA,NA   NA   NA   NA
STTD_2018-04-25 09:45:00,4/25/2018 9:45,STTD,2018,A,FALSE,CLR,NA,NA,19.9,0.32,598,662,8.08,7.59,19.8,10,Low,677680,680000,2320,2320,15.26354582,15.26354582,1,ebb tide,NA,Aquatic Non-Insects,18,Family,Hydridae,Hydridae,Nymphs,0,0,0,NA,NA,NA,NA,NA,NA,NA,NA,NA,NA,NA   NA   NA   NA,NA   NA   NA   NA
STTD_2018-04-25 09:45:00,4/25/2018 9:45,STTD,2018,A,FALSE,CLR,NA,NA,19.9,0.32,598,662,8.08,7.59,19.8,10,Low,677680,680000,2320,2320,15.26354582,15.26354582,1,ebb tide,NA,Aquatic Non-Insects,18,Family,Hydridae,Hydridae,Emergents,0,0,0,NA,NA,NA,NA,NA,NA,NA,NA,NA,NA,NA   NA   NA   NA,NA   NA   NA   NA
STTD_2018-04-25 09:45:00,4/25/2018 9:45,STTD,2018,A,FALSE,CLR,NA,NA,19.9,0.32,598,662,8.08,7.59,19.8,10,Low,677680,680000,2320,2320,15.26354582,15.26354582,1,ebb tide,NA,Aquatic Non-Insects,18,Family,Hydridae,Hydridae,Adults,0,0,0,NA,NA,NA,NA,NA,NA,NA,NA,NA,NA,NA   NA   NA   NA,NA   NA   NA   NA
STTD_2018-04-25 09:45:00,4/25/2018 9:45,STTD,2018,A,FALSE,CLR,NA,NA,19.9,0.32,598,662,8.08,7.59,19.8,10,Low,677680,680000,2320,2320,15.26354582,15.26354582,1,ebb tide,NA,Aquatic Non-Insects,18,Family,Hydridae,Hydridae,NotDetermined,1,0.066,0.066,NA,NA,NA,NA,NA,NA,NA,NA,NA,NA,NA   NA   NA   NA,NA   NA   NA   NA
STTD_2018-04-25 09:45:00,4/25/2018 9:45,STTD,2018,A,FALSE,CLR,NA,NA,19.9,0.32,598,662,8.08,7.59,19.8,10,Low,677680,680000,2320,2320,15.26354582,15.26354582,1,ebb tide,NA,Terrestrial Insects,71,Order,Hemiptera,Hemiptera,Larvae,0,0,0,NA,NA,NA,NA,NA,NA,NA,NA,NA,NA,NA   NA   NA   NA,NA   NA   NA   NA
STTD_2018-04-25 09:45:00,4/25/2018 9:45,STTD,2018,A,FALSE,CLR,NA,NA,19.9,0.32,598,662,8.08,7.59,19.8,10,Low,677680,680000,2320,2320,15.26354582,15.26354582,1,ebb tide,NA,Terrestrial Insects,71,Order,Hemiptera,Hemiptera,Pupae,0,0,0,NA,NA,NA,NA,NA,NA,NA,NA,NA,NA,NA   NA   NA   NA,NA   NA   NA   NA
STTD_2018-04-25 09:45:00,4/25/2018 9:45,STTD,2018,A,FALSE,CLR,NA,NA,19.9,0.32,598,662,8.08,7.59,19.8,10,Low,677680,680000,2320,2320,15.26354582,15.26354582,1,ebb tide,NA,Terrestrial Insects,71,Order,Hemiptera,Hemiptera,Nymphs,0,0,0,NA,NA,NA,NA,NA,NA,NA,NA,NA,NA,NA   NA   NA   NA,NA   NA   NA   NA
STTD_2018-04-25 09:45:00,4/25/2018 9:45,STTD,2018,A,FALSE,CLR,NA,NA,19.9,0.32,598,662,8.08,7.59,19.8,10,Low,677680,680000,2320,2320,15.26354582,15.26354582,1,ebb tide,NA,Terrestrial Insects,71,Order,Hemiptera,Hemiptera,Emergents,0,0,0,NA,NA,NA,NA,NA,NA,NA,NA,NA,NA,NA   NA   NA   NA,NA   NA   NA   NA
STTD_2018-04-25 09:45:00,4/25/2018 9:45,STTD,2018,A,FALSE,CLR,NA,NA,19.9,0.32,598,662,8.08,7.59,19.8,10,Low,677680,680000,2320,2320,15.26354582,15.26354582,1,ebb tide,NA,Terrestrial Insects,71,Order,Hemiptera,Hemiptera,Adults,1,0.066,0.066,NA,NA,NA,NA,NA,NA,NA,NA,NA,NA,NA   NA   NA   NA,NA   NA   NA   NA
STTD_2018-04-25 09:45:00,4/25/2018 9:45,STTD,2018,A,FALSE,CLR,NA,NA,19.9,0.32,598,662,8.08,7.59,19.8,10,Low,677680,680000,2320,2320,15.26354582,15.26354582,1,ebb tide,NA,Terrestrial Insects,71,Order,Hemiptera,Hemiptera,NotDetermined,0,0,0,NA,NA,NA,NA,NA,NA,NA,NA,NA,NA,NA   NA   NA   NA,NA   NA   NA   NA
STTD_2018-05-01 09:40:00,5/1/2018 9:40,STTD,2018,A,FALSE,CLR,NA,NA,18.6,0.27,607,691,8.22,8.18,28.6,10,Low,674087,678000,3913,3913,25.74407535,25.74407535,1,NA,NA,Aquatic Insects,32,Family,Ceratopogonidae,Ceratopogonidae,Larvae,0,0,0,NA,NA,NA,NA,NA,NA,NA,NA,NA,NA,NA   NA   NA   NA,NA   NA   NA   NA
STTD_2018-05-01 09:40:00,5/1/2018 9:40,STTD,2018,A,FALSE,CLR,NA,NA,18.6,0.27,607,691,8.22,8.18,28.6,10,Low,674087,678000,3913,3913,25.74407535,25.74407535,1,NA,NA,Aquatic Insects,32,Family,Ceratopogonidae,Ceratopogonidae,Pupae,1,0.039,0.039,NA,NA,NA,NA,NA,NA,NA,NA,NA,NA,NA   NA   NA   NA,NA   NA   NA   NA
STTD_2018-05-01 09:40:00,5/1/2018 9:40,STTD,2018,A,FALSE,CLR,NA,NA,18.6,0.27,607,691,8.22,8.18,28.6,10,Low,674087,678000,3913,3913,25.74407535,25.74407535,1,NA,NA,Aquatic Insects,32,Family,Ceratopogonidae,Ceratopogonidae,Nymphs,0,0,0,NA,NA,NA,NA,NA,NA,NA,NA,NA,NA,NA   NA   NA   NA,NA   NA   NA   NA
STTD_2018-05-01 09:40:00,5/1/2018 9:40,STTD,2018,A,FALSE,CLR,NA,NA,18.6,0.27,607,691,8.22,8.18,28.6,10,Low,674087,678000,3913,3913,25.74407535,25.74407535,1,NA,NA,Aquatic Insects,32,Family,Ceratopogonidae,Ceratopogonidae,Emergents,0,0,0,NA,NA,NA,NA,NA,NA,NA,NA,NA,NA,NA   NA   NA   NA,NA   NA   NA   NA
STTD_2018-05-01 09:40:00,5/1/2018 9:40,STTD,2018,A,FALSE,CLR,NA,NA,18.6,0.27,607,691,8.22,8.18,28.6,10,Low,674087,678000,3913,3913,25.74407535,25.74407535,1,NA,NA,Aquatic Insects,32,Family,Ceratopogonidae,Ceratopogonidae,Adults,0,0,0,NA,NA,NA,NA,NA,NA,NA,NA,NA,NA,NA   NA   NA   NA,NA   NA   NA   NA
STTD_2018-05-01 09:40:00,5/1/2018 9:40,STTD,2018,A,FALSE,CLR,NA,NA,18.6,0.27,607,691,8.22,8.18,28.6,10,Low,674087,678000,3913,3913,25.74407535,25.74407535,1,NA,NA,Aquatic Insects,32,Family,Ceratopogonidae,Ceratopogonidae,NotDetermined,0,0,0,NA,NA,NA,NA,NA,NA,NA,NA,NA,NA,NA   NA   NA   NA,NA   NA   NA   NA
STTD_2018-05-01 09:40:00,5/1/2018 9:40,STTD,2018,A,FALSE,CLR,NA,NA,18.6,0.27,607,691,8.22,8.18,28.6,10,Low,674087,678000,3913,3913,25.74407535,25.74407535,1,NA,NA,Aquatic Insects,34,Family,Chironomidae,Chironomidae,Larvae,0,0,0,NA,NA,NA,NA,NA,NA,NA,NA,NA,NA,NA   NA   NA   NA,NA   NA   NA   NA
STTD_2018-05-01 09:40:00,5/1/2018 9:40,STTD,2018,A,FALSE,CLR,NA,NA,18.6,0.27,607,691,8.22,8.18,28.6,10,Low,674087,678000,3913,3913,25.74407535,25.74407535,1,NA,NA,Aquatic Insects,34,Family,Chironomidae,Chironomidae,Pupae,0,0,0,NA,NA,NA,NA,NA,NA,NA,NA,NA,NA,NA   NA   NA   NA,NA   NA   NA   NA
STTD_2018-05-01 09:40:00,5/1/2018 9:40,STTD,2018,A,FALSE,CLR,NA,NA,18.6,0.27,607,691,8.22,8.18,28.6,10,Low,674087,678000,3913,3913,25.74407535,25.74407535,1,NA,NA,Aquatic Insects,34,Family,Chironomidae,Chironomidae,Nymphs,0,0,0,NA,NA,NA,NA,NA,NA,NA,NA,NA,NA,NA   NA   NA   NA,NA   NA   NA   NA
STTD_2018-05-01 09:40:00,5/1/2018 9:40,STTD,2018,A,FALSE,CLR,NA,NA,18.6,0.27,607,691,8.22,8.18,28.6,10,Low,674087,678000,3913,3913,25.74407535,25.74407535,1,NA,NA,Aquatic Insects,34,Family,Chironomidae,Chironomidae,Emergents,0,0,0,NA,NA,NA,NA,NA,NA,NA,NA,NA,NA,NA   NA   NA   NA,NA   NA   NA   NA
STTD_2018-05-01 09:40:00,5/1/2018 9:40,STTD,2018,A,FALSE,CLR,NA,NA,18.6,0.27,607,691,8.22,8.18,28.6,10,Low,674087,678000,3913,3913,25.74407535,25.74407535,1,NA,NA,Aquatic Insects,34,Family,Chironomidae,Chironomidae,Adults,3,0.117,0.117,NA,NA,NA,NA,NA,NA,NA,NA,NA,NA,NA   NA   NA   NA,NA   NA   NA   NA
STTD_2018-05-01 09:40:00,5/1/2018 9:40,STTD,2018,A,FALSE,CLR,NA,NA,18.6,0.27,607,691,8.22,8.18,28.6,10,Low,674087,678000,3913,3913,25.74407535,25.74407535,1,NA,NA,Aquatic Insects,34,Family,Chironomidae,Chironomidae,NotDetermined,0,0,0,NA,NA,NA,NA,NA,NA,NA,NA,NA,NA,NA   NA   NA   NA,NA   NA   NA   NA
STTD_2018-05-01 09:40:00,5/1/2018 9:40,STTD,2018,A,FALSE,CLR,NA,NA,18.6,0.27,607,691,8.22,8.18,28.6,10,Low,674087,678000,3913,3913,25.74407535,25.74407535,1,NA,NA,Aquatic Non-Insects,15,Family,Hyalellidae,Hyalellidae,Larvae,0,0,0,NA,NA,NA,NA,NA,NA,NA,NA,NA,NA,NA   NA   NA   NA,NA   NA   NA   NA
STTD_2018-05-01 09:40:00,5/1/2018 9:40,STTD,2018,A,FALSE,CLR,NA,NA,18.6,0.27,607,691,8.22,8.18,28.6,10,Low,674087,678000,3913,3913,25.74407535,25.74407535,1,NA,NA,Aquatic Non-Insects,15,Family,Hyalellidae,Hyalellidae,Pupae,0,0,0,NA,NA,NA,NA,NA,NA,NA,NA,NA,NA,NA   NA   NA   NA,NA   NA   NA   NA
STTD_2018-05-01 09:40:00,5/1/2018 9:40,STTD,2018,A,FALSE,CLR,NA,NA,18.6,0.27,607,691,8.22,8.18,28.6,10,Low,674087,678000,3913,3913,25.74407535,25.74407535,1,NA,NA,Aquatic Non-Insects,15,Family,Hyalellidae,Hyalellidae,Nymphs,0,0,0,NA,NA,NA,NA,NA,NA,NA,NA,NA,NA,NA   NA   NA   NA,NA   NA   NA   NA
STTD_2018-05-01 09:40:00,5/1/2018 9:40,STTD,2018,A,FALSE,CLR,NA,NA,18.6,0.27,607,691,8.22,8.18,28.6,10,Low,674087,678000,3913,3913,25.74407535,25.74407535,1,NA,NA,Aquatic Non-Insects,15,Family,Hyalellidae,Hyalellidae,Emergents,0,0,0,NA,NA,NA,NA,NA,NA,NA,NA,NA,NA,NA   NA   NA   NA,NA   NA   NA   NA
STTD_2018-05-01 09:40:00,5/1/2018 9:40,STTD,2018,A,FALSE,CLR,NA,NA,18.6,0.27,607,691,8.22,8.18,28.6,10,Low,674087,678000,3913,3913,25.74407535,25.74407535,1,NA,NA,Aquatic Non-Insects,15,Family,Hyalellidae,Hyalellidae,Adults,0,0,0,NA,NA,NA,NA,NA,NA,NA,NA,NA,NA,NA   NA   NA   NA,NA   NA   NA   NA
STTD_2018-05-01 09:40:00,5/1/2018 9:40,STTD,2018,A,FALSE,CLR,NA,NA,18.6,0.27,607,691,8.22,8.18,28.6,10,Low,674087,678000,3913,3913,25.74407535,25.74407535,1,NA,NA,Aquatic Non-Insects,15,Family,Hyalellidae,Hyalellidae,NotDetermined,2,0.078,0.078,NA,NA,NA,NA,NA,NA,NA,NA,NA,NA,NA   NA   NA   NA,NA   NA   NA   NA
STTD_2018-05-01 09:40:00,5/1/2018 9:40,STTD,2018,A,FALSE,CLR,NA,NA,18.6,0.27,607,691,8.22,8.18,28.6,10,Low,674087,678000,3913,3913,25.74407535,25.74407535,1,NA,NA,Aquatic Non-Insects,18,Family,Hydridae,Hydridae,Larvae,0,0,0,NA,NA,NA,NA,NA,NA,NA,NA,NA,NA,NA   NA   NA   NA,NA   NA   NA   NA
STTD_2018-05-01 09:40:00,5/1/2018 9:40,STTD,2018,A,FALSE,CLR,NA,NA,18.6,0.27,607,691,8.22,8.18,28.6,10,Low,674087,678000,3913,3913,25.74407535,25.74407535,1,NA,NA,Aquatic Non-Insects,18,Family,Hydridae,Hydridae,Pupae,0,0,0,NA,NA,NA,NA,NA,NA,NA,NA,NA,NA,NA   NA   NA   NA,NA   NA   NA   NA
STTD_2018-05-01 09:40:00,5/1/2018 9:40,STTD,2018,A,FALSE,CLR,NA,NA,18.6,0.27,607,691,8.22,8.18,28.6,10,Low,674087,678000,3913,3913,25.74407535,25.74407535,1,NA,NA,Aquatic Non-Insects,18,Family,Hydridae,Hydridae,Nymphs,0,0,0,NA,NA,NA,NA,NA,NA,NA,NA,NA,NA,NA   NA   NA   NA,NA   NA   NA   NA
STTD_2018-05-01 09:40:00,5/1/2018 9:40,STTD,2018,A,FALSE,CLR,NA,NA,18.6,0.27,607,691,8.22,8.18,28.6,10,Low,674087,678000,3913,3913,25.74407535,25.74407535,1,NA,NA,Aquatic Non-Insects,18,Family,Hydridae,Hydridae,Emergents,0,0,0,NA,NA,NA,NA,NA,NA,NA,NA,NA,NA,NA   NA   NA   NA,NA   NA   NA   NA
STTD_2018-05-01 09:40:00,5/1/2018 9:40,STTD,2018,A,FALSE,CLR,NA,NA,18.6,0.27,607,691,8.22,8.18,28.6,10,Low,674087,678000,3913,3913,25.74407535,25.74407535,1,NA,NA,Aquatic Non-Insects,18,Family,Hydridae,Hydridae,Adults,0,0,0,NA,NA,NA,NA,NA,NA,NA,NA,NA,NA,NA   NA   NA   NA,NA   NA   NA   NA
STTD_2018-05-01 09:40:00,5/1/2018 9:40,STTD,2018,A,FALSE,CLR,NA,NA,18.6,0.27,607,691,8.22,8.18,28.6,10,Low,674087,678000,3913,3913,25.74407535,25.74407535,1,NA,NA,Aquatic Non-Insects,18,Family,Hydridae,Hydridae,NotDetermined,2,0.078,0.078,NA,NA,NA,NA,NA,NA,NA,NA,NA,NA,NA   NA   NA   NA,NA   NA   NA   NA
STTD_2018-05-01 09:40:00,5/1/2018 9:40,STTD,2018,A,FALSE,CLR,NA,NA,18.6,0.27,607,691,8.22,8.18,28.6,10,Low,674087,678000,3913,3913,25.74407535,25.74407535,1,NA,NA,Aquatic Non-Insects,172,Family,Murchisonellidae,Murchisonellidae,Larvae,0,0,0,NA,NA,NA,NA,NA,NA,NA,NA,NA,NA,NA   NA   NA   NA,NA   NA   NA   NA
STTD_2018-05-01 09:40:00,5/1/2018 9:40,STTD,2018,A,FALSE,CLR,NA,NA,18.6,0.27,607,691,8.22,8.18,28.6,10,Low,674087,678000,3913,3913,25.74407535,25.74407535,1,NA,NA,Aquatic Non-Insects,172,Family,Murchisonellidae,Murchisonellidae,Pupae,0,0,0,NA,NA,NA,NA,NA,NA,NA,NA,NA,NA,NA   NA   NA   NA,NA   NA   NA   NA
STTD_2018-05-01 09:40:00,5/1/2018 9:40,STTD,2018,A,FALSE,CLR,NA,NA,18.6,0.27,607,691,8.22,8.18,28.6,10,Low,674087,678000,3913,3913,25.74407535,25.74407535,1,NA,NA,Aquatic Non-Insects,172,Family,Murchisonellidae,Murchisonellidae,Nymphs,0,0,0,NA,NA,NA,NA,NA,NA,NA,NA,NA,NA,NA   NA   NA   NA,NA   NA   NA   NA
STTD_2018-05-01 09:40:00,5/1/2018 9:40,STTD,2018,A,FALSE,CLR,NA,NA,18.6,0.27,607,691,8.22,8.18,28.6,10,Low,674087,678000,3913,3913,25.74407535,25.74407535,1,NA,NA,Aquatic Non-Insects,172,Family,Murchisonellidae,Murchisonellidae,Emergents,0,0,0,NA,NA,NA,NA,NA,NA,NA,NA,NA,NA,NA   NA   NA   NA,NA   NA   NA   NA
STTD_2018-05-01 09:40:00,5/1/2018 9:40,STTD,2018,A,FALSE,CLR,NA,NA,18.6,0.27,607,691,8.22,8.18,28.6,10,Low,674087,678000,3913,3913,25.74407535,25.74407535,1,NA,NA,Aquatic Non-Insects,172,Family,Murchisonellidae,Murchisonellidae,Adults,0,0,0,NA,NA,NA,NA,NA,NA,NA,NA,NA,NA,NA   NA   NA   NA,NA   NA   NA   NA
STTD_2018-05-01 09:40:00,5/1/2018 9:40,STTD,2018,A,FALSE,CLR,NA,NA,18.6,0.27,607,691,8.22,8.18,28.6,10,Low,674087,678000,3913,3913,25.74407535,25.74407535,1,NA,NA,Aquatic Non-Insects,172,Family,Murchisonellidae,Murchisonellidae,NotDetermined,3,0.117,0.117,NA,NA,NA,NA,NA,NA,NA,NA,NA,NA,NA   NA   NA   NA,NA   NA   NA   NA
STTD_2018-05-01 09:40:00,5/1/2018 9:40,STTD,2018,A,FALSE,CLR,NA,NA,18.6,0.27,607,691,8.22,8.18,28.6,10,Low,674087,678000,3913,3913,25.74407535,25.74407535,1,NA,NA,Terrestrial Insects,71,Order,Hemiptera,Hemiptera,Larvae,0,0,0,NA,NA,NA,NA,NA,NA,NA,NA,NA,NA,NA   NA   NA   NA,NA   NA   NA   NA
STTD_2018-05-01 09:40:00,5/1/2018 9:40,STTD,2018,A,FALSE,CLR,NA,NA,18.6,0.27,607,691,8.22,8.18,28.6,10,Low,674087,678000,3913,3913,25.74407535,25.74407535,1,NA,NA,Terrestrial Insects,71,Order,Hemiptera,Hemiptera,Pupae,0,0,0,NA,NA,NA,NA,NA,NA,NA,NA,NA,NA,NA   NA   NA   NA,NA   NA   NA   NA
STTD_2018-05-01 09:40:00,5/1/2018 9:40,STTD,2018,A,FALSE,CLR,NA,NA,18.6,0.27,607,691,8.22,8.18,28.6,10,Low,674087,678000,3913,3913,25.74407535,25.74407535,1,NA,NA,Terrestrial Insects,71,Order,Hemiptera,Hemiptera,Nymphs,0,0,0,NA,NA,NA,NA,NA,NA,NA,NA,NA,NA,NA   NA   NA   NA,NA   NA   NA   NA
STTD_2018-05-01 09:40:00,5/1/2018 9:40,STTD,2018,A,FALSE,CLR,NA,NA,18.6,0.27,607,691,8.22,8.18,28.6,10,Low,674087,678000,3913,3913,25.74407535,25.74407535,1,NA,NA,Terrestrial Insects,71,Order,Hemiptera,Hemiptera,Emergents,0,0,0,NA,NA,NA,NA,NA,NA,NA,NA,NA,NA,NA   NA   NA   NA,NA   NA   NA   NA
STTD_2018-05-01 09:40:00,5/1/2018 9:40,STTD,2018,A,FALSE,CLR,NA,NA,18.6,0.27,607,691,8.22,8.18,28.6,10,Low,674087,678000,3913,3913,25.74407535,25.74407535,1,NA,NA,Terrestrial Insects,71,Order,Hemiptera,Hemiptera,Adults,1,0.039,0.039,NA,NA,NA,NA,NA,NA,NA,NA,NA,NA,NA   NA   NA   NA,NA   NA   NA   NA
STTD_2018-05-01 09:40:00,5/1/2018 9:40,STTD,2018,A,FALSE,CLR,NA,NA,18.6,0.27,607,691,8.22,8.18,28.6,10,Low,674087,678000,3913,3913,25.74407535,25.74407535,1,NA,NA,Terrestrial Insects,71,Order,Hemiptera,Hemiptera,NotDetermined,0,0,0,NA,NA,NA,NA,NA,NA,NA,NA,NA,NA,NA   NA   NA   NA,NA   NA   NA   NA
STTD_2018-05-01 09:40:00,5/1/2018 9:40,STTD,2018,A,FALSE,CLR,NA,NA,18.6,0.27,607,691,8.22,8.18,28.6,10,Low,674087,678000,3913,3913,25.74407535,25.74407535,1,NA,NA,Terrestrial Insects,66,Order,Hymenoptera,Hymenoptera,Larvae,0,0,0,NA,NA,NA,NA,NA,NA,NA,NA,NA,NA,NA   NA   NA   NA,NA   NA   NA   NA
STTD_2018-05-01 09:40:00,5/1/2018 9:40,STTD,2018,A,FALSE,CLR,NA,NA,18.6,0.27,607,691,8.22,8.18,28.6,10,Low,674087,678000,3913,3913,25.74407535,25.74407535,1,NA,NA,Terrestrial Insects,66,Order,Hymenoptera,Hymenoptera,Pupae,0,0,0,NA,NA,NA,NA,NA,NA,NA,NA,NA,NA,NA   NA   NA   NA,NA   NA   NA   NA
STTD_2018-05-01 09:40:00,5/1/2018 9:40,STTD,2018,A,FALSE,CLR,NA,NA,18.6,0.27,607,691,8.22,8.18,28.6,10,Low,674087,678000,3913,3913,25.74407535,25.74407535,1,NA,NA,Terrestrial Insects,66,Order,Hymenoptera,Hymenoptera,Nymphs,0,0,0,NA,NA,NA,NA,NA,NA,NA,NA,NA,NA,NA   NA   NA   NA,NA   NA   NA   NA
STTD_2018-05-01 09:40:00,5/1/2018 9:40,STTD,2018,A,FALSE,CLR,NA,NA,18.6,0.27,607,691,8.22,8.18,28.6,10,Low,674087,678000,3913,3913,25.74407535,25.74407535,1,NA,NA,Terrestrial Insects,66,Order,Hymenoptera,Hymenoptera,Emergents,0,0,0,NA,NA,NA,NA,NA,NA,NA,NA,NA,NA,NA   NA   NA   NA,NA   NA   NA   NA
STTD_2018-05-01 09:40:00,5/1/2018 9:40,STTD,2018,A,FALSE,CLR,NA,NA,18.6,0.27,607,691,8.22,8.18,28.6,10,Low,674087,678000,3913,3913,25.74407535,25.74407535,1,NA,NA,Terrestrial Insects,66,Order,Hymenoptera,Hymenoptera,Adults,1,0.039,0.039,NA,NA,NA,NA,NA,NA,NA,NA,NA,NA,NA   NA   NA   NA,NA   NA   NA   NA
STTD_2018-05-01 09:40:00,5/1/2018 9:40,STTD,2018,A,FALSE,CLR,NA,NA,18.6,0.27,607,691,8.22,8.18,28.6,10,Low,674087,678000,3913,3913,25.74407535,25.74407535,1,NA,NA,Terrestrial Insects,66,Order,Hymenoptera,Hymenoptera,NotDetermined,0,0,0,NA,NA,NA,NA,NA,NA,NA,NA,NA,NA,NA   NA   NA   NA,NA   NA   NA   NA
SHR_2018-05-02 10:12:00,5/2/2018 10:12,SHR,2018,A,FALSE,NA,NA,1,16.9,1.45,110,142,7.93,9.65,2.9,10,Low,669385,674000,4615,4615,30.36261378,30.36261378,1,NA,NA,Aquatic Insects,34,Family,Chironomidae,Chironomidae,Larvae,0,0,0,NA,NA,NA,NA,NA,NA,NA,NA,NA,NA,NA   NA   NA   NA,NA   NA   NA   NA
SHR_2018-05-02 10:12:00,5/2/2018 10:12,SHR,2018,A,FALSE,NA,NA,1,16.9,1.45,110,142,7.93,9.65,2.9,10,Low,669385,674000,4615,4615,30.36261378,30.36261378,1,NA,NA,Aquatic Insects,34,Family,Chironomidae,Chironomidae,Pupae,0,0,0,NA,NA,NA,NA,NA,NA,NA,NA,NA,NA,NA   NA   NA   NA,NA   NA   NA   NA
SHR_2018-05-02 10:12:00,5/2/2018 10:12,SHR,2018,A,FALSE,NA,NA,1,16.9,1.45,110,142,7.93,9.65,2.9,10,Low,669385,674000,4615,4615,30.36261378,30.36261378,1,NA,NA,Aquatic Insects,34,Family,Chironomidae,Chironomidae,Nymphs,0,0,0,NA,NA,NA,NA,NA,NA,NA,NA,NA,NA,NA   NA   NA   NA,NA   NA   NA   NA
SHR_2018-05-02 10:12:00,5/2/2018 10:12,SHR,2018,A,FALSE,NA,NA,1,16.9,1.45,110,142,7.93,9.65,2.9,10,Low,669385,674000,4615,4615,30.36261378,30.36261378,1,NA,NA,Aquatic Insects,34,Family,Chironomidae,Chironomidae,Emergents,0,0,0,NA,NA,NA,NA,NA,NA,NA,NA,NA,NA,NA   NA   NA   NA,NA   NA   NA   NA
SHR_2018-05-02 10:12:00,5/2/2018 10:12,SHR,2018,A,FALSE,NA,NA,1,16.9,1.45,110,142,7.93,9.65,2.9,10,Low,669385,674000,4615,4615,30.36261378,30.36261378,1,NA,NA,Aquatic Insects,34,Family,Chironomidae,Chironomidae,Adults,6,0.198,0.198,NA,NA,NA,NA,NA,NA,NA,NA,NA,NA,NA   NA   NA   NA,NA   NA   NA   NA
SHR_2018-05-02 10:12:00,5/2/2018 10:12,SHR,2018,A,FALSE,NA,NA,1,16.9,1.45,110,142,7.93,9.65,2.9,10,Low,669385,674000,4615,4615,30.36261378,30.36261378,1,NA,NA,Aquatic Insects,34,Family,Chironomidae,Chironomidae,NotDetermined,0,0,0,NA,NA,NA,NA,NA,NA,NA,NA,NA,NA,NA   NA   NA   NA,NA   NA   NA   NA
SHR_2018-05-02 10:12:00,5/2/2018 10:12,SHR,2018,A,FALSE,NA,NA,1,16.9,1.45,110,142,7.93,9.65,2.9,10,Low,669385,674000,4615,4615,30.36261378,30.36261378,1,NA,NA,Aquatic Insects,44,Family,Corixidae,Corixidae,Larvae,0,0,0,NA,NA,NA,NA,NA,NA,NA,NA,NA,NA,NA   NA   NA   NA,NA   NA   NA   NA
SHR_2018-05-02 10:12:00,5/2/2018 10:12,SHR,2018,A,FALSE,NA,NA,1,16.9,1.45,110,142,7.93,9.65,2.9,10,Low,669385,674000,4615,4615,30.36261378,30.36261378,1,NA,NA,Aquatic Insects,44,Family,Corixidae,Corixidae,Pupae,0,0,0,NA,NA,NA,NA,NA,NA,NA,NA,NA,NA,NA   NA   NA   NA,NA   NA   NA   NA
SHR_2018-05-02 10:12:00,5/2/2018 10:12,SHR,2018,A,FALSE,NA,NA,1,16.9,1.45,110,142,7.93,9.65,2.9,10,Low,669385,674000,4615,4615,30.36261378,30.36261378,1,NA,NA,Aquatic Insects,44,Family,Corixidae,Corixidae,Nymphs,1,0.033,0.033,NA,NA,NA,NA,NA,NA,NA,NA,NA,NA,NA   NA   NA   NA,NA   NA   NA   NA
SHR_2018-05-02 10:12:00,5/2/2018 10:12,SHR,2018,A,FALSE,NA,NA,1,16.9,1.45,110,142,7.93,9.65,2.9,10,Low,669385,674000,4615,4615,30.36261378,30.36261378,1,NA,NA,Aquatic Insects,44,Family,Corixidae,Corixidae,Emergents,0,0,0,NA,NA,NA,NA,NA,NA,NA,NA,NA,NA,NA   NA   NA   NA,NA   NA   NA   NA
SHR_2018-05-02 10:12:00,5/2/2018 10:12,SHR,2018,A,FALSE,NA,NA,1,16.9,1.45,110,142,7.93,9.65,2.9,10,Low,669385,674000,4615,4615,30.36261378,30.36261378,1,NA,NA,Aquatic Insects,44,Family,Corixidae,Corixidae,Adults,0,0,0,NA,NA,NA,NA,NA,NA,NA,NA,NA,NA,NA   NA   NA   NA,NA   NA   NA   NA
SHR_2018-05-02 10:12:00,5/2/2018 10:12,SHR,2018,A,FALSE,NA,NA,1,16.9,1.45,110,142,7.93,9.65,2.9,10,Low,669385,674000,4615,4615,30.36261378,30.36261378,1,NA,NA,Aquatic Insects,44,Family,Corixidae,Corixidae,NotDetermined,0,0,0,NA,NA,NA,NA,NA,NA,NA,NA,NA,NA,NA   NA   NA   NA,NA   NA   NA   NA
SHR_2018-05-02 10:12:00,5/2/2018 10:12,SHR,2018,A,FALSE,NA,NA,1,16.9,1.45,110,142,7.93,9.65,2.9,10,Low,669385,674000,4615,4615,30.36261378,30.36261378,1,NA,NA,Aquatic Non-Insects,9,Family,Corophiidae,Corophiidae,Larvae,0,0,0,NA,NA,NA,NA,NA,NA,NA,NA,NA,NA,NA   NA   NA   NA,NA   NA   NA   NA
SHR_2018-05-02 10:12:00,5/2/2018 10:12,SHR,2018,A,FALSE,NA,NA,1,16.9,1.45,110,142,7.93,9.65,2.9,10,Low,669385,674000,4615,4615,30.36261378,30.36261378,1,NA,NA,Aquatic Non-Insects,9,Family,Corophiidae,Corophiidae,Pupae,0,0,0,NA,NA,NA,NA,NA,NA,NA,NA,NA,NA,NA   NA   NA   NA,NA   NA   NA   NA
SHR_2018-05-02 10:12:00,5/2/2018 10:12,SHR,2018,A,FALSE,NA,NA,1,16.9,1.45,110,142,7.93,9.65,2.9,10,Low,669385,674000,4615,4615,30.36261378,30.36261378,1,NA,NA,Aquatic Non-Insects,9,Family,Corophiidae,Corophiidae,Nymphs,0,0,0,NA,NA,NA,NA,NA,NA,NA,NA,NA,NA,NA   NA   NA   NA,NA   NA   NA   NA
SHR_2018-05-02 10:12:00,5/2/2018 10:12,SHR,2018,A,FALSE,NA,NA,1,16.9,1.45,110,142,7.93,9.65,2.9,10,Low,669385,674000,4615,4615,30.36261378,30.36261378,1,NA,NA,Aquatic Non-Insects,9,Family,Corophiidae,Corophiidae,Emergents,0,0,0,NA,NA,NA,NA,NA,NA,NA,NA,NA,NA,NA   NA   NA   NA,NA   NA   NA   NA
SHR_2018-05-02 10:12:00,5/2/2018 10:12,SHR,2018,A,FALSE,NA,NA,1,16.9,1.45,110,142,7.93,9.65,2.9,10,Low,669385,674000,4615,4615,30.36261378,30.36261378,1,NA,NA,Aquatic Non-Insects,9,Family,Corophiidae,Corophiidae,Adults,0,0,0,NA,NA,NA,NA,NA,NA,NA,NA,NA,NA,NA   NA   NA   NA,NA   NA   NA   NA
SHR_2018-05-02 10:12:00,5/2/2018 10:12,SHR,2018,A,FALSE,NA,NA,1,16.9,1.45,110,142,7.93,9.65,2.9,10,Low,669385,674000,4615,4615,30.36261378,30.36261378,1,NA,NA,Aquatic Non-Insects,9,Family,Corophiidae,Corophiidae,NotDetermined,1,0.033,0.033,NA,NA,NA,NA,NA,NA,NA,NA,NA,NA,NA   NA   NA   NA,NA   NA   NA   NA
SHR_2018-05-02 10:12:00,5/2/2018 10:12,SHR,2018,A,FALSE,NA,NA,1,16.9,1.45,110,142,7.93,9.65,2.9,10,Low,669385,674000,4615,4615,30.36261378,30.36261378,1,NA,NA,Aquatic Non-Insects,19,Family,Corbiculidae,Corbiculidae,Larvae,0,0,0,NA,NA,NA,NA,NA,NA,NA,NA,NA,NA,NA   NA   NA   NA,NA   NA   NA   NA
SHR_2018-05-02 10:12:00,5/2/2018 10:12,SHR,2018,A,FALSE,NA,NA,1,16.9,1.45,110,142,7.93,9.65,2.9,10,Low,669385,674000,4615,4615,30.36261378,30.36261378,1,NA,NA,Aquatic Non-Insects,19,Family,Corbiculidae,Corbiculidae,Pupae,0,0,0,NA,NA,NA,NA,NA,NA,NA,NA,NA,NA,NA   NA   NA   NA,NA   NA   NA   NA
SHR_2018-05-02 10:12:00,5/2/2018 10:12,SHR,2018,A,FALSE,NA,NA,1,16.9,1.45,110,142,7.93,9.65,2.9,10,Low,669385,674000,4615,4615,30.36261378,30.36261378,1,NA,NA,Aquatic Non-Insects,19,Family,Corbiculidae,Corbiculidae,Nymphs,0,0,0,NA,NA,NA,NA,NA,NA,NA,NA,NA,NA,NA   NA   NA   NA,NA   NA   NA   NA
SHR_2018-05-02 10:12:00,5/2/2018 10:12,SHR,2018,A,FALSE,NA,NA,1,16.9,1.45,110,142,7.93,9.65,2.9,10,Low,669385,674000,4615,4615,30.36261378,30.36261378,1,NA,NA,Aquatic Non-Insects,19,Family,Corbiculidae,Corbiculidae,Emergents,0,0,0,NA,NA,NA,NA,NA,NA,NA,NA,NA,NA,NA   NA   NA   NA,NA   NA   NA   NA
SHR_2018-05-02 10:12:00,5/2/2018 10:12,SHR,2018,A,FALSE,NA,NA,1,16.9,1.45,110,142,7.93,9.65,2.9,10,Low,669385,674000,4615,4615,30.36261378,30.36261378,1,NA,NA,Aquatic Non-Insects,19,Family,Corbiculidae,Corbiculidae,Adults,0,0,0,NA,NA,NA,NA,NA,NA,NA,NA,NA,NA,NA   NA   NA   NA,NA   NA   NA   NA
SHR_2018-05-02 10:12:00,5/2/2018 10:12,SHR,2018,A,FALSE,NA,NA,1,16.9,1.45,110,142,7.93,9.65,2.9,10,Low,669385,674000,4615,4615,30.36261378,30.36261378,1,NA,NA,Aquatic Non-Insects,19,Family,Corbiculidae,Corbiculidae,NotDetermined,1,0.033,0.033,NA,NA,NA,NA,NA,NA,NA,NA,NA,NA,NA   NA   NA   NA,NA   NA   NA   NA
SHR_2018-05-02 10:12:00,5/2/2018 10:12,SHR,2018,A,FALSE,NA,NA,1,16.9,1.45,110,142,7.93,9.65,2.9,10,Low,669385,674000,4615,4615,30.36261378,30.36261378,1,NA,NA,Aquatic Non-Insects,172,Family,Murchisonellidae,Murchisonellidae,Larvae,0,0,0,NA,NA,NA,NA,NA,NA,NA,NA,NA,NA,NA   NA   NA   NA,NA   NA   NA   NA
SHR_2018-05-02 10:12:00,5/2/2018 10:12,SHR,2018,A,FALSE,NA,NA,1,16.9,1.45,110,142,7.93,9.65,2.9,10,Low,669385,674000,4615,4615,30.36261378,30.36261378,1,NA,NA,Aquatic Non-Insects,172,Family,Murchisonellidae,Murchisonellidae,Pupae,0,0,0,NA,NA,NA,NA,NA,NA,NA,NA,NA,NA,NA   NA   NA   NA,NA   NA   NA   NA
SHR_2018-05-02 10:12:00,5/2/2018 10:12,SHR,2018,A,FALSE,NA,NA,1,16.9,1.45,110,142,7.93,9.65,2.9,10,Low,669385,674000,4615,4615,30.36261378,30.36261378,1,NA,NA,Aquatic Non-Insects,172,Family,Murchisonellidae,Murchisonellidae,Nymphs,0,0,0,NA,NA,NA,NA,NA,NA,NA,NA,NA,NA,NA   NA   NA   NA,NA   NA   NA   NA
SHR_2018-05-02 10:12:00,5/2/2018 10:12,SHR,2018,A,FALSE,NA,NA,1,16.9,1.45,110,142,7.93,9.65,2.9,10,Low,669385,674000,4615,4615,30.36261378,30.36261378,1,NA,NA,Aquatic Non-Insects,172,Family,Murchisonellidae,Murchisonellidae,Emergents,0,0,0,NA,NA,NA,NA,NA,NA,NA,NA,NA,NA,NA   NA   NA   NA,NA   NA   NA   NA
SHR_2018-05-02 10:12:00,5/2/2018 10:12,SHR,2018,A,FALSE,NA,NA,1,16.9,1.45,110,142,7.93,9.65,2.9,10,Low,669385,674000,4615,4615,30.36261378,30.36261378,1,NA,NA,Aquatic Non-Insects,172,Family,Murchisonellidae,Murchisonellidae,Adults,0,0,0,NA,NA,NA,NA,NA,NA,NA,NA,NA,NA,NA   NA   NA   NA,NA   NA   NA   NA
SHR_2018-05-02 10:12:00,5/2/2018 10:12,SHR,2018,A,FALSE,NA,NA,1,16.9,1.45,110,142,7.93,9.65,2.9,10,Low,669385,674000,4615,4615,30.36261378,30.36261378,1,NA,NA,Aquatic Non-Insects,172,Family,Murchisonellidae,Murchisonellidae,NotDetermined,1,0.033,0.033,NA,NA,NA,NA,NA,NA,NA,NA,NA,NA,NA   NA   NA   NA,NA   NA   NA   NA
SHR_2018-05-02 10:12:00,5/2/2018 10:12,SHR,2018,A,FALSE,NA,NA,1,16.9,1.45,110,142,7.93,9.65,2.9,10,Low,669385,674000,4615,4615,30.36261378,30.36261378,1,NA,NA,Terrestrial Non-Insects,157,Order,Araneae,Araneae,Larvae,0,0,0,NA,NA,NA,NA,NA,NA,NA,NA,NA,NA,NA   NA   NA   NA,NA   NA   NA   NA
SHR_2018-05-02 10:12:00,5/2/2018 10:12,SHR,2018,A,FALSE,NA,NA,1,16.9,1.45,110,142,7.93,9.65,2.9,10,Low,669385,674000,4615,4615,30.36261378,30.36261378,1,NA,NA,Terrestrial Non-Insects,157,Order,Araneae,Araneae,Pupae,0,0,0,NA,NA,NA,NA,NA,NA,NA,NA,NA,NA,NA   NA   NA   NA,NA   NA   NA   NA
SHR_2018-05-02 10:12:00,5/2/2018 10:12,SHR,2018,A,FALSE,NA,NA,1,16.9,1.45,110,142,7.93,9.65,2.9,10,Low,669385,674000,4615,4615,30.36261378,30.36261378,1,NA,NA,Terrestrial Non-Insects,157,Order,Araneae,Araneae,Nymphs,0,0,0,NA,NA,NA,NA,NA,NA,NA,NA,NA,NA,NA   NA   NA   NA,NA   NA   NA   NA
SHR_2018-05-02 10:12:00,5/2/2018 10:12,SHR,2018,A,FALSE,NA,NA,1,16.9,1.45,110,142,7.93,9.65,2.9,10,Low,669385,674000,4615,4615,30.36261378,30.36261378,1,NA,NA,Terrestrial Non-Insects,157,Order,Araneae,Araneae,Emergents,0,0,0,NA,NA,NA,NA,NA,NA,NA,NA,NA,NA,NA   NA   NA   NA,NA   NA   NA   NA
SHR_2018-05-02 10:12:00,5/2/2018 10:12,SHR,2018,A,FALSE,NA,NA,1,16.9,1.45,110,142,7.93,9.65,2.9,10,Low,669385,674000,4615,4615,30.36261378,30.36261378,1,NA,NA,Terrestrial Non-Insects,157,Order,Araneae,Araneae,Adults,0,0,0,NA,NA,NA,NA,NA,NA,NA,NA,NA,NA,NA   NA   NA   NA,NA   NA   NA   NA
SHR_2018-05-02 10:12:00,5/2/2018 10:12,SHR,2018,A,FALSE,NA,NA,1,16.9,1.45,110,142,7.93,9.65,2.9,10,Low,669385,674000,4615,4615,30.36261378,30.36261378,1,NA,NA,Terrestrial Non-Insects,157,Order,Araneae,Araneae,NotDetermined,2,0.066,0.066,NA,NA,NA,NA,NA,NA,NA,NA,NA,NA,NA   NA   NA   NA,NA   NA   NA   NA
SHR_2018-05-02 10:12:00,5/2/2018 10:12,SHR,2018,A,FALSE,NA,NA,1,16.9,1.45,110,142,7.93,9.65,2.9,10,Low,669385,674000,4615,4615,30.36261378,30.36261378,1,NA,NA,Terrestrial Insects,64,Order,Diptera,Diptera,Larvae,0,0,0,NA,NA,NA,NA,NA,NA,NA,NA,NA,NA,NA   NA   NA   NA,NA   NA   NA   NA
SHR_2018-05-02 10:12:00,5/2/2018 10:12,SHR,2018,A,FALSE,NA,NA,1,16.9,1.45,110,142,7.93,9.65,2.9,10,Low,669385,674000,4615,4615,30.36261378,30.36261378,1,NA,NA,Terrestrial Insects,64,Order,Diptera,Diptera,Pupae,0,0,0,NA,NA,NA,NA,NA,NA,NA,NA,NA,NA,NA   NA   NA   NA,NA   NA   NA   NA
SHR_2018-05-02 10:12:00,5/2/2018 10:12,SHR,2018,A,FALSE,NA,NA,1,16.9,1.45,110,142,7.93,9.65,2.9,10,Low,669385,674000,4615,4615,30.36261378,30.36261378,1,NA,NA,Terrestrial Insects,64,Order,Diptera,Diptera,Nymphs,0,0,0,NA,NA,NA,NA,NA,NA,NA,NA,NA,NA,NA   NA   NA   NA,NA   NA   NA   NA
SHR_2018-05-02 10:12:00,5/2/2018 10:12,SHR,2018,A,FALSE,NA,NA,1,16.9,1.45,110,142,7.93,9.65,2.9,10,Low,669385,674000,4615,4615,30.36261378,30.36261378,1,NA,NA,Terrestrial Insects,64,Order,Diptera,Diptera,Emergents,0,0,0,NA,NA,NA,NA,NA,NA,NA,NA,NA,NA,NA   NA   NA   NA,NA   NA   NA   NA
SHR_2018-05-02 10:12:00,5/2/2018 10:12,SHR,2018,A,FALSE,NA,NA,1,16.9,1.45,110,142,7.93,9.65,2.9,10,Low,669385,674000,4615,4615,30.36261378,30.36261378,1,NA,NA,Terrestrial Insects,64,Order,Diptera,Diptera,Adults,6,0.198,0.198,NA,NA,NA,NA,NA,NA,NA,NA,NA,NA,NA   NA   NA   NA,NA   NA   NA   NA
SHR_2018-05-02 10:12:00,5/2/2018 10:12,SHR,2018,A,FALSE,NA,NA,1,16.9,1.45,110,142,7.93,9.65,2.9,10,Low,669385,674000,4615,4615,30.36261378,30.36261378,1,NA,NA,Terrestrial Insects,64,Order,Diptera,Diptera,NotDetermined,0,0,0,NA,NA,NA,NA,NA,NA,NA,NA,NA,NA,NA   NA   NA   NA,NA   NA   NA   NA
SHR_2018-05-02 10:12:00,5/2/2018 10:12,SHR,2018,A,FALSE,NA,NA,1,16.9,1.45,110,142,7.93,9.65,2.9,10,Low,669385,674000,4615,4615,30.36261378,30.36261378,1,NA,NA,Terrestrial Insects,71,Order,Hemiptera,Hemiptera,Larvae,0,0,0,NA,NA,NA,NA,NA,NA,NA,NA,NA,NA,NA   NA   NA   NA,NA   NA   NA   NA
SHR_2018-05-02 10:12:00,5/2/2018 10:12,SHR,2018,A,FALSE,NA,NA,1,16.9,1.45,110,142,7.93,9.65,2.9,10,Low,669385,674000,4615,4615,30.36261378,30.36261378,1,NA,NA,Terrestrial Insects,71,Order,Hemiptera,Hemiptera,Pupae,0,0,0,NA,NA,NA,NA,NA,NA,NA,NA,NA,NA,NA   NA   NA   NA,NA   NA   NA   NA
SHR_2018-05-02 10:12:00,5/2/2018 10:12,SHR,2018,A,FALSE,NA,NA,1,16.9,1.45,110,142,7.93,9.65,2.9,10,Low,669385,674000,4615,4615,30.36261378,30.36261378,1,NA,NA,Terrestrial Insects,71,Order,Hemiptera,Hemiptera,Nymphs,1,0.033,0.033,NA,NA,NA,NA,NA,NA,NA,NA,NA,NA,NA   NA   NA   NA,NA   NA   NA   NA
SHR_2018-05-02 10:12:00,5/2/2018 10:12,SHR,2018,A,FALSE,NA,NA,1,16.9,1.45,110,142,7.93,9.65,2.9,10,Low,669385,674000,4615,4615,30.36261378,30.36261378,1,NA,NA,Terrestrial Insects,71,Order,Hemiptera,Hemiptera,Emergents,0,0,0,NA,NA,NA,NA,NA,NA,NA,NA,NA,NA,NA   NA   NA   NA,NA   NA   NA   NA
SHR_2018-05-02 10:12:00,5/2/2018 10:12,SHR,2018,A,FALSE,NA,NA,1,16.9,1.45,110,142,7.93,9.65,2.9,10,Low,669385,674000,4615,4615,30.36261378,30.36261378,1,NA,NA,Terrestrial Insects,71,Order,Hemiptera,Hemiptera,Adults,1,0.033,0.033,NA,NA,NA,NA,NA,NA,NA,NA,NA,NA,NA   NA   NA   NA,NA   NA   NA   NA
SHR_2018-05-02 10:12:00,5/2/2018 10:12,SHR,2018,A,FALSE,NA,NA,1,16.9,1.45,110,142,7.93,9.65,2.9,10,Low,669385,674000,4615,4615,30.36261378,30.36261378,1,NA,NA,Terrestrial Insects,71,Order,Hemiptera,Hemiptera,NotDetermined,0,0,0,NA,NA,NA,NA,NA,NA,NA,NA,NA,NA,NA   NA   NA   NA,NA   NA   NA   NA
SHR_2018-05-02 10:12:00,5/2/2018 10:12,SHR,2018,A,FALSE,NA,NA,1,16.9,1.45,110,142,7.93,9.65,2.9,10,Low,669385,674000,4615,4615,30.36261378,30.36261378,1,NA,NA,Terrestrial Insects,66,Order,Hymenoptera,Hymenoptera,Larvae,0,0,0,NA,NA,NA,NA,NA,NA,NA,NA,NA,NA,NA   NA   NA   NA,NA   NA   NA   NA
SHR_2018-05-02 10:12:00,5/2/2018 10:12,SHR,2018,A,FALSE,NA,NA,1,16.9,1.45,110,142,7.93,9.65,2.9,10,Low,669385,674000,4615,4615,30.36261378,30.36261378,1,NA,NA,Terrestrial Insects,66,Order,Hymenoptera,Hymenoptera,Pupae,0,0,0,NA,NA,NA,NA,NA,NA,NA,NA,NA,NA,NA   NA   NA   NA,NA   NA   NA   NA
SHR_2018-05-02 10:12:00,5/2/2018 10:12,SHR,2018,A,FALSE,NA,NA,1,16.9,1.45,110,142,7.93,9.65,2.9,10,Low,669385,674000,4615,4615,30.36261378,30.36261378,1,NA,NA,Terrestrial Insects,66,Order,Hymenoptera,Hymenoptera,Nymphs,0,0,0,NA,NA,NA,NA,NA,NA,NA,NA,NA,NA,NA   NA   NA   NA,NA   NA   NA   NA
SHR_2018-05-02 10:12:00,5/2/2018 10:12,SHR,2018,A,FALSE,NA,NA,1,16.9,1.45,110,142,7.93,9.65,2.9,10,Low,669385,674000,4615,4615,30.36261378,30.36261378,1,NA,NA,Terrestrial Insects,66,Order,Hymenoptera,Hymenoptera,Emergents,0,0,0,NA,NA,NA,NA,NA,NA,NA,NA,NA,NA,NA   NA   NA   NA,NA   NA   NA   NA
SHR_2018-05-02 10:12:00,5/2/2018 10:12,SHR,2018,A,FALSE,NA,NA,1,16.9,1.45,110,142,7.93,9.65,2.9,10,Low,669385,674000,4615,4615,30.36261378,30.36261378,1,NA,NA,Terrestrial Insects,66,Order,Hymenoptera,Hymenoptera,Adults,1,0.033,0.033,NA,NA,NA,NA,NA,NA,NA,NA,NA,NA,NA   NA   NA   NA,NA   NA   NA   NA
SHR_2018-05-02 10:12:00,5/2/2018 10:12,SHR,2018,A,FALSE,NA,NA,1,16.9,1.45,110,142,7.93,9.65,2.9,10,Low,669385,674000,4615,4615,30.36261378,30.36261378,1,NA,NA,Terrestrial Insects,66,Order,Hymenoptera,Hymenoptera,NotDetermined,0,0,0,NA,NA,NA,NA,NA,NA,NA,NA,NA,NA,NA   NA   NA   NA,NA   NA   NA   NA
STTD_2018-05-15 09:24:00,5/15/2018 9:24,STTD,2018,A,FALSE,CLR,NA,NA,18,0.22,403,465,8.38,8.13,29.3,10,Low,666718,669000,2282,2282,15.01353947,15.01353947,1,NA,NA,Aquatic Insects,34,Family,Chironomidae,Chironomidae,Larvae,1,0.067,0.067,NA,NA,NA,NA,NA,NA,NA,NA,NA,NA,NA   NA   NA   NA,NA   NA   NA   NA
STTD_2018-05-15 09:24:00,5/15/2018 9:24,STTD,2018,A,FALSE,CLR,NA,NA,18,0.22,403,465,8.38,8.13,29.3,10,Low,666718,669000,2282,2282,15.01353947,15.01353947,1,NA,NA,Aquatic Insects,34,Family,Chironomidae,Chironomidae,Pupae,2,0.133,0.133,NA,NA,NA,NA,NA,NA,NA,NA,NA,NA,NA   NA   NA   NA,NA   NA   NA   NA
STTD_2018-05-15 09:24:00,5/15/2018 9:24,STTD,2018,A,FALSE,CLR,NA,NA,18,0.22,403,465,8.38,8.13,29.3,10,Low,666718,669000,2282,2282,15.01353947,15.01353947,1,NA,NA,Aquatic Insects,34,Family,Chironomidae,Chironomidae,Nymphs,0,0,0,NA,NA,NA,NA,NA,NA,NA,NA,NA,NA,NA   NA   NA   NA,NA   NA   NA   NA
STTD_2018-05-15 09:24:00,5/15/2018 9:24,STTD,2018,A,FALSE,CLR,NA,NA,18,0.22,403,465,8.38,8.13,29.3,10,Low,666718,669000,2282,2282,15.01353947,15.01353947,1,NA,NA,Aquatic Insects,34,Family,Chironomidae,Chironomidae,Emergents,0,0,0,NA,NA,NA,NA,NA,NA,NA,NA,NA,NA,NA   NA   NA   NA,NA   NA   NA   NA
STTD_2018-05-15 09:24:00,5/15/2018 9:24,STTD,2018,A,FALSE,CLR,NA,NA,18,0.22,403,465,8.38,8.13,29.3,10,Low,666718,669000,2282,2282,15.01353947,15.01353947,1,NA,NA,Aquatic Insects,34,Family,Chironomidae,Chironomidae,Adults,2,0.133,0.133,NA,NA,NA,NA,NA,NA,NA,NA,NA,NA,NA   NA   NA   NA,NA   NA   NA   NA
STTD_2018-05-15 09:24:00,5/15/2018 9:24,STTD,2018,A,FALSE,CLR,NA,NA,18,0.22,403,465,8.38,8.13,29.3,10,Low,666718,669000,2282,2282,15.01353947,15.01353947,1,NA,NA,Aquatic Insects,34,Family,Chironomidae,Chironomidae,NotDetermined,0,0,0,NA,NA,NA,NA,NA,NA,NA,NA,NA,NA,NA   NA   NA   NA,NA   NA   NA   NA
STTD_2018-05-15 09:24:00,5/15/2018 9:24,STTD,2018,A,FALSE,CLR,NA,NA,18,0.22,403,465,8.38,8.13,29.3,10,Low,666718,669000,2282,2282,15.01353947,15.01353947,1,NA,NA,Aquatic Insects,44,Family,Corixidae,Corixidae,Larvae,0,0,0,NA,NA,NA,NA,NA,NA,NA,NA,NA,NA,NA   NA   NA   NA,NA   NA   NA   NA
STTD_2018-05-15 09:24:00,5/15/2018 9:24,STTD,2018,A,FALSE,CLR,NA,NA,18,0.22,403,465,8.38,8.13,29.3,10,Low,666718,669000,2282,2282,15.01353947,15.01353947,1,NA,NA,Aquatic Insects,44,Family,Corixidae,Corixidae,Pupae,0,0,0,NA,NA,NA,NA,NA,NA,NA,NA,NA,NA,NA   NA   NA   NA,NA   NA   NA   NA
STTD_2018-05-15 09:24:00,5/15/2018 9:24,STTD,2018,A,FALSE,CLR,NA,NA,18,0.22,403,465,8.38,8.13,29.3,10,Low,666718,669000,2282,2282,15.01353947,15.01353947,1,NA,NA,Aquatic Insects,44,Family,Corixidae,Corixidae,Nymphs,18,1.199,1.199,NA,NA,NA,NA,NA,NA,NA,NA,NA,NA,NA   NA   NA   NA,NA   NA   NA   NA
STTD_2018-05-15 09:24:00,5/15/2018 9:24,STTD,2018,A,FALSE,CLR,NA,NA,18,0.22,403,465,8.38,8.13,29.3,10,Low,666718,669000,2282,2282,15.01353947,15.01353947,1,NA,NA,Aquatic Insects,44,Family,Corixidae,Corixidae,Emergents,0,0,0,NA,NA,NA,NA,NA,NA,NA,NA,NA,NA,NA   NA   NA   NA,NA   NA   NA   NA
STTD_2018-05-15 09:24:00,5/15/2018 9:24,STTD,2018,A,FALSE,CLR,NA,NA,18,0.22,403,465,8.38,8.13,29.3,10,Low,666718,669000,2282,2282,15.01353947,15.01353947,1,NA,NA,Aquatic Insects,44,Family,Corixidae,Corixidae,Adults,0,0,0,NA,NA,NA,NA,NA,NA,NA,NA,NA,NA,NA   NA   NA   NA,NA   NA   NA   NA
STTD_2018-05-15 09:24:00,5/15/2018 9:24,STTD,2018,A,FALSE,CLR,NA,NA,18,0.22,403,465,8.38,8.13,29.3,10,Low,666718,669000,2282,2282,15.01353947,15.01353947,1,NA,NA,Aquatic Insects,44,Family,Corixidae,Corixidae,NotDetermined,0,0,0,NA,NA,NA,NA,NA,NA,NA,NA,NA,NA,NA   NA   NA   NA,NA   NA   NA   NA
STTD_2018-05-15 09:24:00,5/15/2018 9:24,STTD,2018,A,FALSE,CLR,NA,NA,18,0.22,403,465,8.38,8.13,29.3,10,Low,666718,669000,2282,2282,15.01353947,15.01353947,1,NA,NA,Aquatic Non-Insects,15,Family,Hyalellidae,Hyalellidae,Larvae,0,0,0,NA,NA,NA,NA,NA,NA,NA,NA,NA,NA,NA   NA   NA   NA,NA   NA   NA   NA
STTD_2018-05-15 09:24:00,5/15/2018 9:24,STTD,2018,A,FALSE,CLR,NA,NA,18,0.22,403,465,8.38,8.13,29.3,10,Low,666718,669000,2282,2282,15.01353947,15.01353947,1,NA,NA,Aquatic Non-Insects,15,Family,Hyalellidae,Hyalellidae,Pupae,0,0,0,NA,NA,NA,NA,NA,NA,NA,NA,NA,NA,NA   NA   NA   NA,NA   NA   NA   NA
STTD_2018-05-15 09:24:00,5/15/2018 9:24,STTD,2018,A,FALSE,CLR,NA,NA,18,0.22,403,465,8.38,8.13,29.3,10,Low,666718,669000,2282,2282,15.01353947,15.01353947,1,NA,NA,Aquatic Non-Insects,15,Family,Hyalellidae,Hyalellidae,Nymphs,0,0,0,NA,NA,NA,NA,NA,NA,NA,NA,NA,NA,NA   NA   NA   NA,NA   NA   NA   NA
STTD_2018-05-15 09:24:00,5/15/2018 9:24,STTD,2018,A,FALSE,CLR,NA,NA,18,0.22,403,465,8.38,8.13,29.3,10,Low,666718,669000,2282,2282,15.01353947,15.01353947,1,NA,NA,Aquatic Non-Insects,15,Family,Hyalellidae,Hyalellidae,Emergents,0,0,0,NA,NA,NA,NA,NA,NA,NA,NA,NA,NA,NA   NA   NA   NA,NA   NA   NA   NA
STTD_2018-05-15 09:24:00,5/15/2018 9:24,STTD,2018,A,FALSE,CLR,NA,NA,18,0.22,403,465,8.38,8.13,29.3,10,Low,666718,669000,2282,2282,15.01353947,15.01353947,1,NA,NA,Aquatic Non-Insects,15,Family,Hyalellidae,Hyalellidae,Adults,0,0,0,NA,NA,NA,NA,NA,NA,NA,NA,NA,NA,NA   NA   NA   NA,NA   NA   NA   NA
STTD_2018-05-15 09:24:00,5/15/2018 9:24,STTD,2018,A,FALSE,CLR,NA,NA,18,0.22,403,465,8.38,8.13,29.3,10,Low,666718,669000,2282,2282,15.01353947,15.01353947,1,NA,NA,Aquatic Non-Insects,15,Family,Hyalellidae,Hyalellidae,NotDetermined,5,0.333,0.333,NA,NA,NA,NA,NA,NA,NA,NA,NA,NA,NA   NA   NA   NA,NA   NA   NA   NA
STTD_2018-05-15 09:24:00,5/15/2018 9:24,STTD,2018,A,FALSE,CLR,NA,NA,18,0.22,403,465,8.38,8.13,29.3,10,Low,666718,669000,2282,2282,15.01353947,15.01353947,1,NA,NA,Aquatic Non-Insects,164,Family,Cyprinidae,Cyprinidae,Larvae,0,0,0,NA,NA,NA,NA,NA,NA,NA,NA,NA,NA,NA   NA   NA   NA,NA   NA   NA   NA
STTD_2018-05-15 09:24:00,5/15/2018 9:24,STTD,2018,A,FALSE,CLR,NA,NA,18,0.22,403,465,8.38,8.13,29.3,10,Low,666718,669000,2282,2282,15.01353947,15.01353947,1,NA,NA,Aquatic Non-Insects,164,Family,Cyprinidae,Cyprinidae,Pupae,0,0,0,NA,NA,NA,NA,NA,NA,NA,NA,NA,NA,NA   NA   NA   NA,NA   NA   NA   NA
STTD_2018-05-15 09:24:00,5/15/2018 9:24,STTD,2018,A,FALSE,CLR,NA,NA,18,0.22,403,465,8.38,8.13,29.3,10,Low,666718,669000,2282,2282,15.01353947,15.01353947,1,NA,NA,Aquatic Non-Insects,164,Family,Cyprinidae,Cyprinidae,Nymphs,0,0,0,NA,NA,NA,NA,NA,NA,NA,NA,NA,NA,NA   NA   NA   NA,NA   NA   NA   NA
STTD_2018-05-15 09:24:00,5/15/2018 9:24,STTD,2018,A,FALSE,CLR,NA,NA,18,0.22,403,465,8.38,8.13,29.3,10,Low,666718,669000,2282,2282,15.01353947,15.01353947,1,NA,NA,Aquatic Non-Insects,164,Family,Cyprinidae,Cyprinidae,Emergents,0,0,0,NA,NA,NA,NA,NA,NA,NA,NA,NA,NA,NA   NA   NA   NA,NA   NA   NA   NA
STTD_2018-05-15 09:24:00,5/15/2018 9:24,STTD,2018,A,FALSE,CLR,NA,NA,18,0.22,403,465,8.38,8.13,29.3,10,Low,666718,669000,2282,2282,15.01353947,15.01353947,1,NA,NA,Aquatic Non-Insects,164,Family,Cyprinidae,Cyprinidae,Adults,0,0,0,NA,NA,NA,NA,NA,NA,NA,NA,NA,NA,NA   NA   NA   NA,NA   NA   NA   NA
STTD_2018-05-15 09:24:00,5/15/2018 9:24,STTD,2018,A,FALSE,CLR,NA,NA,18,0.22,403,465,8.38,8.13,29.3,10,Low,666718,669000,2282,2282,15.01353947,15.01353947,1,NA,NA,Aquatic Non-Insects,164,Family,Cyprinidae,Cyprinidae,NotDetermined,2,0.133,0.133,NA,NA,NA,NA,NA,NA,NA,NA,NA,NA,NA   NA   NA   NA,NA   NA   NA   NA
STTD_2018-05-15 09:24:00,5/15/2018 9:24,STTD,2018,A,FALSE,CLR,NA,NA,18,0.22,403,465,8.38,8.13,29.3,10,Low,666718,669000,2282,2282,15.01353947,15.01353947,1,NA,NA,Aquatic Non-Insects,21,Family,Planorbidae,Planorbidae,Larvae,0,0,0,NA,NA,NA,NA,NA,NA,NA,NA,NA,NA,NA   NA   NA   NA,NA   NA   NA   NA
STTD_2018-05-15 09:24:00,5/15/2018 9:24,STTD,2018,A,FALSE,CLR,NA,NA,18,0.22,403,465,8.38,8.13,29.3,10,Low,666718,669000,2282,2282,15.01353947,15.01353947,1,NA,NA,Aquatic Non-Insects,21,Family,Planorbidae,Planorbidae,Pupae,0,0,0,NA,NA,NA,NA,NA,NA,NA,NA,NA,NA,NA   NA   NA   NA,NA   NA   NA   NA
STTD_2018-05-15 09:24:00,5/15/2018 9:24,STTD,2018,A,FALSE,CLR,NA,NA,18,0.22,403,465,8.38,8.13,29.3,10,Low,666718,669000,2282,2282,15.01353947,15.01353947,1,NA,NA,Aquatic Non-Insects,21,Family,Planorbidae,Planorbidae,Nymphs,0,0,0,NA,NA,NA,NA,NA,NA,NA,NA,NA,NA,NA   NA   NA   NA,NA   NA   NA   NA
STTD_2018-05-15 09:24:00,5/15/2018 9:24,STTD,2018,A,FALSE,CLR,NA,NA,18,0.22,403,465,8.38,8.13,29.3,10,Low,666718,669000,2282,2282,15.01353947,15.01353947,1,NA,NA,Aquatic Non-Insects,21,Family,Planorbidae,Planorbidae,Emergents,0,0,0,NA,NA,NA,NA,NA,NA,NA,NA,NA,NA,NA   NA   NA   NA,NA   NA   NA   NA
STTD_2018-05-15 09:24:00,5/15/2018 9:24,STTD,2018,A,FALSE,CLR,NA,NA,18,0.22,403,465,8.38,8.13,29.3,10,Low,666718,669000,2282,2282,15.01353947,15.01353947,1,NA,NA,Aquatic Non-Insects,21,Family,Planorbidae,Planorbidae,Adults,0,0,0,NA,NA,NA,NA,NA,NA,NA,NA,NA,NA,NA   NA   NA   NA,NA   NA   NA   NA
STTD_2018-05-15 09:24:00,5/15/2018 9:24,STTD,2018,A,FALSE,CLR,NA,NA,18,0.22,403,465,8.38,8.13,29.3,10,Low,666718,669000,2282,2282,15.01353947,15.01353947,1,NA,NA,Aquatic Non-Insects,21,Family,Planorbidae,Planorbidae,NotDetermined,1,0.067,0.067,NA,NA,NA,NA,NA,NA,NA,NA,NA,NA,NA   NA   NA   NA,NA   NA   NA   NA
STTD_2018-05-15 09:24:00,5/15/2018 9:24,STTD,2018,A,FALSE,CLR,NA,NA,18,0.22,403,465,8.38,8.13,29.3,10,Low,666718,669000,2282,2282,15.01353947,15.01353947,1,NA,NA,Terrestrial Insects,63,Order,Coleoptera,Coleoptera,Larvae,0,0,0,NA,NA,NA,NA,NA,NA,NA,NA,NA,NA,NA   NA   NA   NA,NA   NA   NA   NA
STTD_2018-05-15 09:24:00,5/15/2018 9:24,STTD,2018,A,FALSE,CLR,NA,NA,18,0.22,403,465,8.38,8.13,29.3,10,Low,666718,669000,2282,2282,15.01353947,15.01353947,1,NA,NA,Terrestrial Insects,63,Order,Coleoptera,Coleoptera,Pupae,0,0,0,NA,NA,NA,NA,NA,NA,NA,NA,NA,NA,NA   NA   NA   NA,NA   NA   NA   NA
STTD_2018-05-15 09:24:00,5/15/2018 9:24,STTD,2018,A,FALSE,CLR,NA,NA,18,0.22,403,465,8.38,8.13,29.3,10,Low,666718,669000,2282,2282,15.01353947,15.01353947,1,NA,NA,Terrestrial Insects,63,Order,Coleoptera,Coleoptera,Nymphs,0,0,0,NA,NA,NA,NA,NA,NA,NA,NA,NA,NA,NA   NA   NA   NA,NA   NA   NA   NA
STTD_2018-05-15 09:24:00,5/15/2018 9:24,STTD,2018,A,FALSE,CLR,NA,NA,18,0.22,403,465,8.38,8.13,29.3,10,Low,666718,669000,2282,2282,15.01353947,15.01353947,1,NA,NA,Terrestrial Insects,63,Order,Coleoptera,Coleoptera,Emergents,0,0,0,NA,NA,NA,NA,NA,NA,NA,NA,NA,NA,NA   NA   NA   NA,NA   NA   NA   NA
STTD_2018-05-15 09:24:00,5/15/2018 9:24,STTD,2018,A,FALSE,CLR,NA,NA,18,0.22,403,465,8.38,8.13,29.3,10,Low,666718,669000,2282,2282,15.01353947,15.01353947,1,NA,NA,Terrestrial Insects,63,Order,Coleoptera,Coleoptera,Adults,1,0.067,0.067,NA,NA,NA,NA,NA,NA,NA,NA,NA,NA,NA   NA   NA   NA,NA   NA   NA   NA
STTD_2018-05-15 09:24:00,5/15/2018 9:24,STTD,2018,A,FALSE,CLR,NA,NA,18,0.22,403,465,8.38,8.13,29.3,10,Low,666718,669000,2282,2282,15.01353947,15.01353947,1,NA,NA,Terrestrial Insects,63,Order,Coleoptera,Coleoptera,NotDetermined,0,0,0,NA,NA,NA,NA,NA,NA,NA,NA,NA,NA,NA   NA   NA   NA,NA   NA   NA   NA
STTD_2018-05-15 09:24:00,5/15/2018 9:24,STTD,2018,A,FALSE,CLR,NA,NA,18,0.22,403,465,8.38,8.13,29.3,10,Low,666718,669000,2282,2282,15.01353947,15.01353947,1,NA,NA,Terrestrial Insects,71,Order,Hemiptera,Hemiptera,Larvae,0,0,0,NA,NA,NA,NA,NA,NA,NA,NA,NA,NA,NA   NA   NA   NA,NA   NA   NA   NA
STTD_2018-05-15 09:24:00,5/15/2018 9:24,STTD,2018,A,FALSE,CLR,NA,NA,18,0.22,403,465,8.38,8.13,29.3,10,Low,666718,669000,2282,2282,15.01353947,15.01353947,1,NA,NA,Terrestrial Insects,71,Order,Hemiptera,Hemiptera,Pupae,0,0,0,NA,NA,NA,NA,NA,NA,NA,NA,NA,NA,NA   NA   NA   NA,NA   NA   NA   NA
STTD_2018-05-15 09:24:00,5/15/2018 9:24,STTD,2018,A,FALSE,CLR,NA,NA,18,0.22,403,465,8.38,8.13,29.3,10,Low,666718,669000,2282,2282,15.01353947,15.01353947,1,NA,NA,Terrestrial Insects,71,Order,Hemiptera,Hemiptera,Nymphs,2,0.133,0.133,NA,NA,NA,NA,NA,NA,NA,NA,NA,NA,NA   NA   NA   NA,NA   NA   NA   NA
STTD_2018-05-15 09:24:00,5/15/2018 9:24,STTD,2018,A,FALSE,CLR,NA,NA,18,0.22,403,465,8.38,8.13,29.3,10,Low,666718,669000,2282,2282,15.01353947,15.01353947,1,NA,NA,Terrestrial Insects,71,Order,Hemiptera,Hemiptera,Emergents,0,0,0,NA,NA,NA,NA,NA,NA,NA,NA,NA,NA,NA   NA   NA   NA,NA   NA   NA   NA
STTD_2018-05-15 09:24:00,5/15/2018 9:24,STTD,2018,A,FALSE,CLR,NA,NA,18,0.22,403,465,8.38,8.13,29.3,10,Low,666718,669000,2282,2282,15.01353947,15.01353947,1,NA,NA,Terrestrial Insects,71,Order,Hemiptera,Hemiptera,Adults,4,0.266,0.266,NA,NA,NA,NA,NA,NA,NA,NA,NA,NA,NA   NA   NA   NA,NA   NA   NA   NA
STTD_2018-05-15 09:24:00,5/15/2018 9:24,STTD,2018,A,FALSE,CLR,NA,NA,18,0.22,403,465,8.38,8.13,29.3,10,Low,666718,669000,2282,2282,15.01353947,15.01353947,1,NA,NA,Terrestrial Insects,71,Order,Hemiptera,Hemiptera,NotDetermined,0,0,0,NA,NA,NA,NA,NA,NA,NA,NA,NA,NA,NA   NA   NA   NA,NA   NA   NA   NA
STTD_2018-05-15 09:24:00,5/15/2018 9:24,STTD,2018,A,FALSE,CLR,NA,NA,18,0.22,403,465,8.38,8.13,29.3,10,Low,666718,669000,2282,2282,15.01353947,15.01353947,1,NA,NA,Terrestrial Insects,67,Order,Psocoptera,Psocoptera,Larvae,0,0,0,NA,NA,NA,NA,NA,NA,NA,NA,NA,NA,NA   NA   NA   NA,NA   NA   NA   NA
STTD_2018-05-15 09:24:00,5/15/2018 9:24,STTD,2018,A,FALSE,CLR,NA,NA,18,0.22,403,465,8.38,8.13,29.3,10,Low,666718,669000,2282,2282,15.01353947,15.01353947,1,NA,NA,Terrestrial Insects,67,Order,Psocoptera,Psocoptera,Pupae,0,0,0,NA,NA,NA,NA,NA,NA,NA,NA,NA,NA,NA   NA   NA   NA,NA   NA   NA   NA
STTD_2018-05-15 09:24:00,5/15/2018 9:24,STTD,2018,A,FALSE,CLR,NA,NA,18,0.22,403,465,8.38,8.13,29.3,10,Low,666718,669000,2282,2282,15.01353947,15.01353947,1,NA,NA,Terrestrial Insects,67,Order,Psocoptera,Psocoptera,Nymphs,0,0,0,NA,NA,NA,NA,NA,NA,NA,NA,NA,NA,NA   NA   NA   NA,NA   NA   NA   NA
STTD_2018-05-15 09:24:00,5/15/2018 9:24,STTD,2018,A,FALSE,CLR,NA,NA,18,0.22,403,465,8.38,8.13,29.3,10,Low,666718,669000,2282,2282,15.01353947,15.01353947,1,NA,NA,Terrestrial Insects,67,Order,Psocoptera,Psocoptera,Emergents,0,0,0,NA,NA,NA,NA,NA,NA,NA,NA,NA,NA,NA   NA   NA   NA,NA   NA   NA   NA
STTD_2018-05-15 09:24:00,5/15/2018 9:24,STTD,2018,A,FALSE,CLR,NA,NA,18,0.22,403,465,8.38,8.13,29.3,10,Low,666718,669000,2282,2282,15.01353947,15.01353947,1,NA,NA,Terrestrial Insects,67,Order,Psocoptera,Psocoptera,Adults,1,0.067,0.067,NA,NA,NA,NA,NA,NA,NA,NA,NA,NA,NA   NA   NA   NA,NA   NA   NA   NA
STTD_2018-05-15 09:24:00,5/15/2018 9:24,STTD,2018,A,FALSE,CLR,NA,NA,18,0.22,403,465,8.38,8.13,29.3,10,Low,666718,669000,2282,2282,15.01353947,15.01353947,1,NA,NA,Terrestrial Insects,67,Order,Psocoptera,Psocoptera,NotDetermined,0,0,0,NA,NA,NA,NA,NA,NA,NA,NA,NA,NA,NA   NA   NA   NA,NA   NA   NA   NA
SHR_2018-05-16 09:47:00,5/16/2018 9:47,SHR,2018,A,FALSE,RAN,NA,NA,18.7,1.4,109,124,7.82,9.06,3.3,10,Low,662742,666720,3978,3978,26.1717178,26.1717178,1,NA,NA,Aquatic Insects,32,Family,Ceratopogonidae,Ceratopogonidae,Larvae,0,0,0,NA,NA,NA,NA,NA,NA,NA,NA,NA,NA,NA   NA   NA   NA,NA   NA   NA   NA
SHR_2018-05-16 09:47:00,5/16/2018 9:47,SHR,2018,A,FALSE,RAN,NA,NA,18.7,1.4,109,124,7.82,9.06,3.3,10,Low,662742,666720,3978,3978,26.1717178,26.1717178,1,NA,NA,Aquatic Insects,32,Family,Ceratopogonidae,Ceratopogonidae,Pupae,29,1.108,1.108,NA,NA,NA,NA,NA,NA,NA,NA,NA,NA,NA   NA   NA   NA,NA   NA   NA   NA
SHR_2018-05-16 09:47:00,5/16/2018 9:47,SHR,2018,A,FALSE,RAN,NA,NA,18.7,1.4,109,124,7.82,9.06,3.3,10,Low,662742,666720,3978,3978,26.1717178,26.1717178,1,NA,NA,Aquatic Insects,32,Family,Ceratopogonidae,Ceratopogonidae,Nymphs,0,0,0,NA,NA,NA,NA,NA,NA,NA,NA,NA,NA,NA   NA   NA   NA,NA   NA   NA   NA
SHR_2018-05-16 09:47:00,5/16/2018 9:47,SHR,2018,A,FALSE,RAN,NA,NA,18.7,1.4,109,124,7.82,9.06,3.3,10,Low,662742,666720,3978,3978,26.1717178,26.1717178,1,NA,NA,Aquatic Insects,32,Family,Ceratopogonidae,Ceratopogonidae,Emergents,0,0,0,NA,NA,NA,NA,NA,NA,NA,NA,NA,NA,NA   NA   NA   NA,NA   NA   NA   NA
SHR_2018-05-16 09:47:00,5/16/2018 9:47,SHR,2018,A,FALSE,RAN,NA,NA,18.7,1.4,109,124,7.82,9.06,3.3,10,Low,662742,666720,3978,3978,26.1717178,26.1717178,1,NA,NA,Aquatic Insects,32,Family,Ceratopogonidae,Ceratopogonidae,Adults,0,0,0,NA,NA,NA,NA,NA,NA,NA,NA,NA,NA,NA   NA   NA   NA,NA   NA   NA   NA
SHR_2018-05-16 09:47:00,5/16/2018 9:47,SHR,2018,A,FALSE,RAN,NA,NA,18.7,1.4,109,124,7.82,9.06,3.3,10,Low,662742,666720,3978,3978,26.1717178,26.1717178,1,NA,NA,Aquatic Insects,32,Family,Ceratopogonidae,Ceratopogonidae,NotDetermined,0,0,0,NA,NA,NA,NA,NA,NA,NA,NA,NA,NA,NA   NA   NA   NA,NA   NA   NA   NA
SHR_2018-05-16 09:47:00,5/16/2018 9:47,SHR,2018,A,FALSE,RAN,NA,NA,18.7,1.4,109,124,7.82,9.06,3.3,10,Low,662742,666720,3978,3978,26.1717178,26.1717178,1,NA,NA,Aquatic Insects,34,Family,Chironomidae,Chironomidae,Larvae,5,0.191,0.191,NA,NA,NA,NA,NA,NA,NA,NA,NA,NA,NA   NA   NA   NA,NA   NA   NA   NA
SHR_2018-05-16 09:47:00,5/16/2018 9:47,SHR,2018,A,FALSE,RAN,NA,NA,18.7,1.4,109,124,7.82,9.06,3.3,10,Low,662742,666720,3978,3978,26.1717178,26.1717178,1,NA,NA,Aquatic Insects,34,Family,Chironomidae,Chironomidae,Pupae,9,0.344,0.344,NA,NA,NA,NA,NA,NA,NA,NA,NA,NA,NA   NA   NA   NA,NA   NA   NA   NA
SHR_2018-05-16 09:47:00,5/16/2018 9:47,SHR,2018,A,FALSE,RAN,NA,NA,18.7,1.4,109,124,7.82,9.06,3.3,10,Low,662742,666720,3978,3978,26.1717178,26.1717178,1,NA,NA,Aquatic Insects,34,Family,Chironomidae,Chironomidae,Nymphs,0,0,0,NA,NA,NA,NA,NA,NA,NA,NA,NA,NA,NA   NA   NA   NA,NA   NA   NA   NA
SHR_2018-05-16 09:47:00,5/16/2018 9:47,SHR,2018,A,FALSE,RAN,NA,NA,18.7,1.4,109,124,7.82,9.06,3.3,10,Low,662742,666720,3978,3978,26.1717178,26.1717178,1,NA,NA,Aquatic Insects,34,Family,Chironomidae,Chironomidae,Emergents,0,0,0,NA,NA,NA,NA,NA,NA,NA,NA,NA,NA,NA   NA   NA   NA,NA   NA   NA   NA
SHR_2018-05-16 09:47:00,5/16/2018 9:47,SHR,2018,A,FALSE,RAN,NA,NA,18.7,1.4,109,124,7.82,9.06,3.3,10,Low,662742,666720,3978,3978,26.1717178,26.1717178,1,NA,NA,Aquatic Insects,34,Family,Chironomidae,Chironomidae,Adults,34,1.299,1.299,NA,NA,NA,NA,NA,NA,NA,NA,NA,NA,NA   NA   NA   NA,NA   NA   NA   NA
SHR_2018-05-16 09:47:00,5/16/2018 9:47,SHR,2018,A,FALSE,RAN,NA,NA,18.7,1.4,109,124,7.82,9.06,3.3,10,Low,662742,666720,3978,3978,26.1717178,26.1717178,1,NA,NA,Aquatic Insects,34,Family,Chironomidae,Chironomidae,NotDetermined,0,0,0,NA,NA,NA,NA,NA,NA,NA,NA,NA,NA,NA   NA   NA   NA,NA   NA   NA   NA
SHR_2018-05-16 09:47:00,5/16/2018 9:47,SHR,2018,A,FALSE,RAN,NA,NA,18.7,1.4,109,124,7.82,9.06,3.3,10,Low,662742,666720,3978,3978,26.1717178,26.1717178,1,NA,NA,Aquatic Insects,44,Family,Corixidae,Corixidae,Larvae,0,0,0,NA,NA,NA,NA,NA,NA,NA,NA,NA,NA,NA   NA   NA   NA,NA   NA   NA   NA
SHR_2018-05-16 09:47:00,5/16/2018 9:47,SHR,2018,A,FALSE,RAN,NA,NA,18.7,1.4,109,124,7.82,9.06,3.3,10,Low,662742,666720,3978,3978,26.1717178,26.1717178,1,NA,NA,Aquatic Insects,44,Family,Corixidae,Corixidae,Pupae,0,0,0,NA,NA,NA,NA,NA,NA,NA,NA,NA,NA,NA   NA   NA   NA,NA   NA   NA   NA
SHR_2018-05-16 09:47:00,5/16/2018 9:47,SHR,2018,A,FALSE,RAN,NA,NA,18.7,1.4,109,124,7.82,9.06,3.3,10,Low,662742,666720,3978,3978,26.1717178,26.1717178,1,NA,NA,Aquatic Insects,44,Family,Corixidae,Corixidae,Nymphs,2,0.076,0.076,NA,NA,NA,NA,NA,NA,NA,NA,NA,NA,NA   NA   NA   NA,NA   NA   NA   NA
SHR_2018-05-16 09:47:00,5/16/2018 9:47,SHR,2018,A,FALSE,RAN,NA,NA,18.7,1.4,109,124,7.82,9.06,3.3,10,Low,662742,666720,3978,3978,26.1717178,26.1717178,1,NA,NA,Aquatic Insects,44,Family,Corixidae,Corixidae,Emergents,0,0,0,NA,NA,NA,NA,NA,NA,NA,NA,NA,NA,NA   NA   NA   NA,NA   NA   NA   NA
SHR_2018-05-16 09:47:00,5/16/2018 9:47,SHR,2018,A,FALSE,RAN,NA,NA,18.7,1.4,109,124,7.82,9.06,3.3,10,Low,662742,666720,3978,3978,26.1717178,26.1717178,1,NA,NA,Aquatic Insects,44,Family,Corixidae,Corixidae,Adults,0,0,0,NA,NA,NA,NA,NA,NA,NA,NA,NA,NA,NA   NA   NA   NA,NA   NA   NA   NA
SHR_2018-05-16 09:47:00,5/16/2018 9:47,SHR,2018,A,FALSE,RAN,NA,NA,18.7,1.4,109,124,7.82,9.06,3.3,10,Low,662742,666720,3978,3978,26.1717178,26.1717178,1,NA,NA,Aquatic Insects,44,Family,Corixidae,Corixidae,NotDetermined,0,0,0,NA,NA,NA,NA,NA,NA,NA,NA,NA,NA,NA   NA   NA   NA,NA   NA   NA   NA
SHR_2018-05-16 09:47:00,5/16/2018 9:47,SHR,2018,A,FALSE,RAN,NA,NA,18.7,1.4,109,124,7.82,9.06,3.3,10,Low,662742,666720,3978,3978,26.1717178,26.1717178,1,NA,NA,Aquatic Insects,88,Family,Hydroptilidae,Hydroptilidae,Larvae,1,0.038,0.038,NA,NA,NA,NA,NA,NA,NA,NA,NA,NA,NA   NA   NA   NA,NA   NA   NA   NA
SHR_2018-05-16 09:47:00,5/16/2018 9:47,SHR,2018,A,FALSE,RAN,NA,NA,18.7,1.4,109,124,7.82,9.06,3.3,10,Low,662742,666720,3978,3978,26.1717178,26.1717178,1,NA,NA,Aquatic Insects,88,Family,Hydroptilidae,Hydroptilidae,Pupae,0,0,0,NA,NA,NA,NA,NA,NA,NA,NA,NA,NA,NA   NA   NA   NA,NA   NA   NA   NA
SHR_2018-05-16 09:47:00,5/16/2018 9:47,SHR,2018,A,FALSE,RAN,NA,NA,18.7,1.4,109,124,7.82,9.06,3.3,10,Low,662742,666720,3978,3978,26.1717178,26.1717178,1,NA,NA,Aquatic Insects,88,Family,Hydroptilidae,Hydroptilidae,Nymphs,0,0,0,NA,NA,NA,NA,NA,NA,NA,NA,NA,NA,NA   NA   NA   NA,NA   NA   NA   NA
SHR_2018-05-16 09:47:00,5/16/2018 9:47,SHR,2018,A,FALSE,RAN,NA,NA,18.7,1.4,109,124,7.82,9.06,3.3,10,Low,662742,666720,3978,3978,26.1717178,26.1717178,1,NA,NA,Aquatic Insects,88,Family,Hydroptilidae,Hydroptilidae,Emergents,0,0,0,NA,NA,NA,NA,NA,NA,NA,NA,NA,NA,NA   NA   NA   NA,NA   NA   NA   NA
SHR_2018-05-16 09:47:00,5/16/2018 9:47,SHR,2018,A,FALSE,RAN,NA,NA,18.7,1.4,109,124,7.82,9.06,3.3,10,Low,662742,666720,3978,3978,26.1717178,26.1717178,1,NA,NA,Aquatic Insects,88,Family,Hydroptilidae,Hydroptilidae,Adults,1,0.038,0.038,NA,NA,NA,NA,NA,NA,NA,NA,NA,NA,NA   NA   NA   NA,NA   NA   NA   NA
SHR_2018-05-16 09:47:00,5/16/2018 9:47,SHR,2018,A,FALSE,RAN,NA,NA,18.7,1.4,109,124,7.82,9.06,3.3,10,Low,662742,666720,3978,3978,26.1717178,26.1717178,1,NA,NA,Aquatic Insects,88,Family,Hydroptilidae,Hydroptilidae,NotDetermined,0,0,0,NA,NA,NA,NA,NA,NA,NA,NA,NA,NA,NA   NA   NA   NA,NA   NA   NA   NA
SHR_2018-05-16 09:47:00,5/16/2018 9:47,SHR,2018,A,FALSE,RAN,NA,NA,18.7,1.4,109,124,7.82,9.06,3.3,10,Low,662742,666720,3978,3978,26.1717178,26.1717178,1,NA,NA,Aquatic Non-Insects,28,Family,Lebertiidae,Lebertiidae,Larvae,0,0,0,NA,NA,NA,NA,NA,NA,NA,NA,NA,NA,NA   NA   NA   NA,NA   NA   NA   NA
SHR_2018-05-16 09:47:00,5/16/2018 9:47,SHR,2018,A,FALSE,RAN,NA,NA,18.7,1.4,109,124,7.82,9.06,3.3,10,Low,662742,666720,3978,3978,26.1717178,26.1717178,1,NA,NA,Aquatic Non-Insects,120,Family,Lebertiidae,Lebertiidae,Larvae,0,0,0,NA,NA,NA,NA,NA,NA,NA,NA,NA,NA,NA   NA   NA   NA,NA   NA   NA   NA
SHR_2018-05-16 09:47:00,5/16/2018 9:47,SHR,2018,A,FALSE,RAN,NA,NA,18.7,1.4,109,124,7.82,9.06,3.3,10,Low,662742,666720,3978,3978,26.1717178,26.1717178,1,NA,NA,Aquatic Non-Insects,28,Family,Lebertiidae,Lebertiidae,Pupae,0,0,0,NA,NA,NA,NA,NA,NA,NA,NA,NA,NA,NA   NA   NA   NA,NA   NA   NA   NA
SHR_2018-05-16 09:47:00,5/16/2018 9:47,SHR,2018,A,FALSE,RAN,NA,NA,18.7,1.4,109,124,7.82,9.06,3.3,10,Low,662742,666720,3978,3978,26.1717178,26.1717178,1,NA,NA,Aquatic Non-Insects,120,Family,Lebertiidae,Lebertiidae,Pupae,0,0,0,NA,NA,NA,NA,NA,NA,NA,NA,NA,NA,NA   NA   NA   NA,NA   NA   NA   NA
SHR_2018-05-16 09:47:00,5/16/2018 9:47,SHR,2018,A,FALSE,RAN,NA,NA,18.7,1.4,109,124,7.82,9.06,3.3,10,Low,662742,666720,3978,3978,26.1717178,26.1717178,1,NA,NA,Aquatic Non-Insects,28,Family,Lebertiidae,Lebertiidae,Nymphs,0,0,0,NA,NA,NA,NA,NA,NA,NA,NA,NA,NA,NA   NA   NA   NA,NA   NA   NA   NA
SHR_2018-05-16 09:47:00,5/16/2018 9:47,SHR,2018,A,FALSE,RAN,NA,NA,18.7,1.4,109,124,7.82,9.06,3.3,10,Low,662742,666720,3978,3978,26.1717178,26.1717178,1,NA,NA,Aquatic Non-Insects,120,Family,Lebertiidae,Lebertiidae,Nymphs,0,0,0,NA,NA,NA,NA,NA,NA,NA,NA,NA,NA,NA   NA   NA   NA,NA   NA   NA   NA
SHR_2018-05-16 09:47:00,5/16/2018 9:47,SHR,2018,A,FALSE,RAN,NA,NA,18.7,1.4,109,124,7.82,9.06,3.3,10,Low,662742,666720,3978,3978,26.1717178,26.1717178,1,NA,NA,Aquatic Non-Insects,28,Family,Lebertiidae,Lebertiidae,Emergents,0,0,0,NA,NA,NA,NA,NA,NA,NA,NA,NA,NA,NA   NA   NA   NA,NA   NA   NA   NA
SHR_2018-05-16 09:47:00,5/16/2018 9:47,SHR,2018,A,FALSE,RAN,NA,NA,18.7,1.4,109,124,7.82,9.06,3.3,10,Low,662742,666720,3978,3978,26.1717178,26.1717178,1,NA,NA,Aquatic Non-Insects,120,Family,Lebertiidae,Lebertiidae,Emergents,0,0,0,NA,NA,NA,NA,NA,NA,NA,NA,NA,NA,NA   NA   NA   NA,NA   NA   NA   NA
SHR_2018-05-16 09:47:00,5/16/2018 9:47,SHR,2018,A,FALSE,RAN,NA,NA,18.7,1.4,109,124,7.82,9.06,3.3,10,Low,662742,666720,3978,3978,26.1717178,26.1717178,1,NA,NA,Aquatic Non-Insects,28,Family,Lebertiidae,Lebertiidae,Adults,0,0,0,NA,NA,NA,NA,NA,NA,NA,NA,NA,NA,NA   NA   NA   NA,NA   NA   NA   NA
SHR_2018-05-16 09:47:00,5/16/2018 9:47,SHR,2018,A,FALSE,RAN,NA,NA,18.7,1.4,109,124,7.82,9.06,3.3,10,Low,662742,666720,3978,3978,26.1717178,26.1717178,1,NA,NA,Aquatic Non-Insects,120,Family,Lebertiidae,Lebertiidae,Adults,0,0,0,NA,NA,NA,NA,NA,NA,NA,NA,NA,NA,NA   NA   NA   NA,NA   NA   NA   NA
SHR_2018-05-16 09:47:00,5/16/2018 9:47,SHR,2018,A,FALSE,RAN,NA,NA,18.7,1.4,109,124,7.82,9.06,3.3,10,Low,662742,666720,3978,3978,26.1717178,26.1717178,1,NA,NA,Aquatic Non-Insects,28,Family,Lebertiidae,Lebertiidae,NotDetermined,2,0.076,0.076,NA,NA,NA,NA,NA,NA,NA,NA,NA,NA,NA   NA   NA   NA,NA   NA   NA   NA
SHR_2018-05-16 09:47:00,5/16/2018 9:47,SHR,2018,A,FALSE,RAN,NA,NA,18.7,1.4,109,124,7.82,9.06,3.3,10,Low,662742,666720,3978,3978,26.1717178,26.1717178,1,NA,NA,Aquatic Non-Insects,120,Family,Lebertiidae,Lebertiidae,NotDetermined,2,0.076,0.076,NA,NA,NA,NA,NA,NA,NA,NA,NA,NA,NA   NA   NA   NA,NA   NA   NA   NA
SHR_2018-05-16 09:47:00,5/16/2018 9:47,SHR,2018,A,FALSE,RAN,NA,NA,18.7,1.4,109,124,7.82,9.06,3.3,10,Low,662742,666720,3978,3978,26.1717178,26.1717178,1,NA,NA,Aquatic Non-Insects,19,Family,Corbiculidae,Corbiculidae,Larvae,0,0,0,NA,NA,NA,NA,NA,NA,NA,NA,NA,NA,NA   NA   NA   NA,NA   NA   NA   NA
SHR_2018-05-16 09:47:00,5/16/2018 9:47,SHR,2018,A,FALSE,RAN,NA,NA,18.7,1.4,109,124,7.82,9.06,3.3,10,Low,662742,666720,3978,3978,26.1717178,26.1717178,1,NA,NA,Aquatic Non-Insects,19,Family,Corbiculidae,Corbiculidae,Pupae,0,0,0,NA,NA,NA,NA,NA,NA,NA,NA,NA,NA,NA   NA   NA   NA,NA   NA   NA   NA
SHR_2018-05-16 09:47:00,5/16/2018 9:47,SHR,2018,A,FALSE,RAN,NA,NA,18.7,1.4,109,124,7.82,9.06,3.3,10,Low,662742,666720,3978,3978,26.1717178,26.1717178,1,NA,NA,Aquatic Non-Insects,19,Family,Corbiculidae,Corbiculidae,Nymphs,0,0,0,NA,NA,NA,NA,NA,NA,NA,NA,NA,NA,NA   NA   NA   NA,NA   NA   NA   NA
SHR_2018-05-16 09:47:00,5/16/2018 9:47,SHR,2018,A,FALSE,RAN,NA,NA,18.7,1.4,109,124,7.82,9.06,3.3,10,Low,662742,666720,3978,3978,26.1717178,26.1717178,1,NA,NA,Aquatic Non-Insects,19,Family,Corbiculidae,Corbiculidae,Emergents,0,0,0,NA,NA,NA,NA,NA,NA,NA,NA,NA,NA,NA   NA   NA   NA,NA   NA   NA   NA
SHR_2018-05-16 09:47:00,5/16/2018 9:47,SHR,2018,A,FALSE,RAN,NA,NA,18.7,1.4,109,124,7.82,9.06,3.3,10,Low,662742,666720,3978,3978,26.1717178,26.1717178,1,NA,NA,Aquatic Non-Insects,19,Family,Corbiculidae,Corbiculidae,Adults,0,0,0,NA,NA,NA,NA,NA,NA,NA,NA,NA,NA,NA   NA   NA   NA,NA   NA   NA   NA
SHR_2018-05-16 09:47:00,5/16/2018 9:47,SHR,2018,A,FALSE,RAN,NA,NA,18.7,1.4,109,124,7.82,9.06,3.3,10,Low,662742,666720,3978,3978,26.1717178,26.1717178,1,NA,NA,Aquatic Non-Insects,19,Family,Corbiculidae,Corbiculidae,NotDetermined,2,0.076,0.076,NA,NA,NA,NA,NA,NA,NA,NA,NA,NA,NA   NA   NA   NA,NA   NA   NA   NA
SHR_2018-05-16 09:47:00,5/16/2018 9:47,SHR,2018,A,FALSE,RAN,NA,NA,18.7,1.4,109,124,7.82,9.06,3.3,10,Low,662742,666720,3978,3978,26.1717178,26.1717178,1,NA,NA,Terrestrial Insects,71,Order,Hemiptera,Hemiptera,Larvae,1,0.038,0.038,NA,NA,NA,NA,NA,NA,NA,NA,NA,NA,NA   NA   NA   NA,NA   NA   NA   NA
SHR_2018-05-16 09:47:00,5/16/2018 9:47,SHR,2018,A,FALSE,RAN,NA,NA,18.7,1.4,109,124,7.82,9.06,3.3,10,Low,662742,666720,3978,3978,26.1717178,26.1717178,1,NA,NA,Terrestrial Insects,71,Order,Hemiptera,Hemiptera,Pupae,0,0,0,NA,NA,NA,NA,NA,NA,NA,NA,NA,NA,NA   NA   NA   NA,NA   NA   NA   NA
SHR_2018-05-16 09:47:00,5/16/2018 9:47,SHR,2018,A,FALSE,RAN,NA,NA,18.7,1.4,109,124,7.82,9.06,3.3,10,Low,662742,666720,3978,3978,26.1717178,26.1717178,1,NA,NA,Terrestrial Insects,71,Order,Hemiptera,Hemiptera,Nymphs,0,0,0,NA,NA,NA,NA,NA,NA,NA,NA,NA,NA,NA   NA   NA   NA,NA   NA   NA   NA
SHR_2018-05-16 09:47:00,5/16/2018 9:47,SHR,2018,A,FALSE,RAN,NA,NA,18.7,1.4,109,124,7.82,9.06,3.3,10,Low,662742,666720,3978,3978,26.1717178,26.1717178,1,NA,NA,Terrestrial Insects,71,Order,Hemiptera,Hemiptera,Emergents,0,0,0,NA,NA,NA,NA,NA,NA,NA,NA,NA,NA,NA   NA   NA   NA,NA   NA   NA   NA
SHR_2018-05-16 09:47:00,5/16/2018 9:47,SHR,2018,A,FALSE,RAN,NA,NA,18.7,1.4,109,124,7.82,9.06,3.3,10,Low,662742,666720,3978,3978,26.1717178,26.1717178,1,NA,NA,Terrestrial Insects,71,Order,Hemiptera,Hemiptera,Adults,3,0.115,0.115,NA,NA,NA,NA,NA,NA,NA,NA,NA,NA,NA   NA   NA   NA,NA   NA   NA   NA
SHR_2018-05-16 09:47:00,5/16/2018 9:47,SHR,2018,A,FALSE,RAN,NA,NA,18.7,1.4,109,124,7.82,9.06,3.3,10,Low,662742,666720,3978,3978,26.1717178,26.1717178,1,NA,NA,Terrestrial Insects,71,Order,Hemiptera,Hemiptera,NotDetermined,0,0,0,NA,NA,NA,NA,NA,NA,NA,NA,NA,NA,NA   NA   NA   NA,NA   NA   NA   NA
SHR_2018-05-16 09:47:00,5/16/2018 9:47,SHR,2018,A,FALSE,RAN,NA,NA,18.7,1.4,109,124,7.82,9.06,3.3,10,Low,662742,666720,3978,3978,26.1717178,26.1717178,1,NA,NA,Terrestrial Insects,66,Order,Hymenoptera,Hymenoptera,Larvae,0,0,0,NA,NA,NA,NA,NA,NA,NA,NA,NA,NA,NA   NA   NA   NA,NA   NA   NA   NA
SHR_2018-05-16 09:47:00,5/16/2018 9:47,SHR,2018,A,FALSE,RAN,NA,NA,18.7,1.4,109,124,7.82,9.06,3.3,10,Low,662742,666720,3978,3978,26.1717178,26.1717178,1,NA,NA,Terrestrial Insects,66,Order,Hymenoptera,Hymenoptera,Pupae,0,0,0,NA,NA,NA,NA,NA,NA,NA,NA,NA,NA,NA   NA   NA   NA,NA   NA   NA   NA
SHR_2018-05-16 09:47:00,5/16/2018 9:47,SHR,2018,A,FALSE,RAN,NA,NA,18.7,1.4,109,124,7.82,9.06,3.3,10,Low,662742,666720,3978,3978,26.1717178,26.1717178,1,NA,NA,Terrestrial Insects,66,Order,Hymenoptera,Hymenoptera,Nymphs,0,0,0,NA,NA,NA,NA,NA,NA,NA,NA,NA,NA,NA   NA   NA   NA,NA   NA   NA   NA
SHR_2018-05-16 09:47:00,5/16/2018 9:47,SHR,2018,A,FALSE,RAN,NA,NA,18.7,1.4,109,124,7.82,9.06,3.3,10,Low,662742,666720,3978,3978,26.1717178,26.1717178,1,NA,NA,Terrestrial Insects,66,Order,Hymenoptera,Hymenoptera,Emergents,0,0,0,NA,NA,NA,NA,NA,NA,NA,NA,NA,NA,NA   NA   NA   NA,NA   NA   NA   NA
SHR_2018-05-16 09:47:00,5/16/2018 9:47,SHR,2018,A,FALSE,RAN,NA,NA,18.7,1.4,109,124,7.82,9.06,3.3,10,Low,662742,666720,3978,3978,26.1717178,26.1717178,1,NA,NA,Terrestrial Insects,66,Order,Hymenoptera,Hymenoptera,Adults,7,0.267,0.267,NA,NA,NA,NA,NA,NA,NA,NA,NA,NA,NA   NA   NA   NA,NA   NA   NA   NA
SHR_2018-05-16 09:47:00,5/16/2018 9:47,SHR,2018,A,FALSE,RAN,NA,NA,18.7,1.4,109,124,7.82,9.06,3.3,10,Low,662742,666720,3978,3978,26.1717178,26.1717178,1,NA,NA,Terrestrial Insects,66,Order,Hymenoptera,Hymenoptera,NotDetermined,0,0,0,NA,NA,NA,NA,NA,NA,NA,NA,NA,NA,NA   NA   NA   NA,NA   NA   NA   NA
SHR_2018-05-16 09:47:00,5/16/2018 9:47,SHR,2018,A,FALSE,RAN,NA,NA,18.7,1.4,109,124,7.82,9.06,3.3,10,Low,662742,666720,3978,3978,26.1717178,26.1717178,1,NA,NA,Terrestrial Insects,74,Order,Neuroptera,Neuroptera,Larvae,0,0,0,NA,NA,NA,NA,NA,NA,NA,NA,NA,NA,NA   NA   NA   NA,NA   NA   NA   NA
SHR_2018-05-16 09:47:00,5/16/2018 9:47,SHR,2018,A,FALSE,RAN,NA,NA,18.7,1.4,109,124,7.82,9.06,3.3,10,Low,662742,666720,3978,3978,26.1717178,26.1717178,1,NA,NA,Terrestrial Insects,74,Order,Neuroptera,Neuroptera,Pupae,0,0,0,NA,NA,NA,NA,NA,NA,NA,NA,NA,NA,NA   NA   NA   NA,NA   NA   NA   NA
SHR_2018-05-16 09:47:00,5/16/2018 9:47,SHR,2018,A,FALSE,RAN,NA,NA,18.7,1.4,109,124,7.82,9.06,3.3,10,Low,662742,666720,3978,3978,26.1717178,26.1717178,1,NA,NA,Terrestrial Insects,74,Order,Neuroptera,Neuroptera,Nymphs,0,0,0,NA,NA,NA,NA,NA,NA,NA,NA,NA,NA,NA   NA   NA   NA,NA   NA   NA   NA
SHR_2018-05-16 09:47:00,5/16/2018 9:47,SHR,2018,A,FALSE,RAN,NA,NA,18.7,1.4,109,124,7.82,9.06,3.3,10,Low,662742,666720,3978,3978,26.1717178,26.1717178,1,NA,NA,Terrestrial Insects,74,Order,Neuroptera,Neuroptera,Emergents,0,0,0,NA,NA,NA,NA,NA,NA,NA,NA,NA,NA,NA   NA   NA   NA,NA   NA   NA   NA
SHR_2018-05-16 09:47:00,5/16/2018 9:47,SHR,2018,A,FALSE,RAN,NA,NA,18.7,1.4,109,124,7.82,9.06,3.3,10,Low,662742,666720,3978,3978,26.1717178,26.1717178,1,NA,NA,Terrestrial Insects,74,Order,Neuroptera,Neuroptera,Adults,1,0.038,0.038,NA,NA,NA,NA,NA,NA,NA,NA,NA,NA,NA   NA   NA   NA,NA   NA   NA   NA
SHR_2018-05-16 09:47:00,5/16/2018 9:47,SHR,2018,A,FALSE,RAN,NA,NA,18.7,1.4,109,124,7.82,9.06,3.3,10,Low,662742,666720,3978,3978,26.1717178,26.1717178,1,NA,NA,Terrestrial Insects,74,Order,Neuroptera,Neuroptera,NotDetermined,0,0,0,NA,NA,NA,NA,NA,NA,NA,NA,NA,NA,NA   NA   NA   NA,NA   NA   NA   NA
SHR_2018-05-29 09:46:00,5/29/2018 9:46,SHR,2018,A,FALSE,CLR,NA,1,20.1,0.75,135,149,7.56,8.91,8.3,10,Low,658565,663000,4435,4435,29.17837316,29.17837316,1,NA,NA,Aquatic Insects,32,Family,Ceratopogonidae,Ceratopogonidae,Larvae,0,0,0,NA,NA,NA,NA,NA,NA,NA,NA,NA,NA,NA   NA   NA   NA,NA   NA   NA   NA
SHR_2018-05-29 09:46:00,5/29/2018 9:46,SHR,2018,A,FALSE,CLR,NA,1,20.1,0.75,135,149,7.56,8.91,8.3,10,Low,658565,663000,4435,4435,29.17837316,29.17837316,1,NA,NA,Aquatic Insects,32,Family,Ceratopogonidae,Ceratopogonidae,Pupae,1,0.034,0.034,NA,NA,NA,NA,NA,NA,NA,NA,NA,NA,NA   NA   NA   NA,NA   NA   NA   NA
SHR_2018-05-29 09:46:00,5/29/2018 9:46,SHR,2018,A,FALSE,CLR,NA,1,20.1,0.75,135,149,7.56,8.91,8.3,10,Low,658565,663000,4435,4435,29.17837316,29.17837316,1,NA,NA,Aquatic Insects,32,Family,Ceratopogonidae,Ceratopogonidae,Nymphs,0,0,0,NA,NA,NA,NA,NA,NA,NA,NA,NA,NA,NA   NA   NA   NA,NA   NA   NA   NA
SHR_2018-05-29 09:46:00,5/29/2018 9:46,SHR,2018,A,FALSE,CLR,NA,1,20.1,0.75,135,149,7.56,8.91,8.3,10,Low,658565,663000,4435,4435,29.17837316,29.17837316,1,NA,NA,Aquatic Insects,32,Family,Ceratopogonidae,Ceratopogonidae,Emergents,0,0,0,NA,NA,NA,NA,NA,NA,NA,NA,NA,NA,NA   NA   NA   NA,NA   NA   NA   NA
SHR_2018-05-29 09:46:00,5/29/2018 9:46,SHR,2018,A,FALSE,CLR,NA,1,20.1,0.75,135,149,7.56,8.91,8.3,10,Low,658565,663000,4435,4435,29.17837316,29.17837316,1,NA,NA,Aquatic Insects,32,Family,Ceratopogonidae,Ceratopogonidae,Adults,0,0,0,NA,NA,NA,NA,NA,NA,NA,NA,NA,NA,NA   NA   NA   NA,NA   NA   NA   NA
SHR_2018-05-29 09:46:00,5/29/2018 9:46,SHR,2018,A,FALSE,CLR,NA,1,20.1,0.75,135,149,7.56,8.91,8.3,10,Low,658565,663000,4435,4435,29.17837316,29.17837316,1,NA,NA,Aquatic Insects,32,Family,Ceratopogonidae,Ceratopogonidae,NotDetermined,0,0,0,NA,NA,NA,NA,NA,NA,NA,NA,NA,NA,NA   NA   NA   NA,NA   NA   NA   NA
SHR_2018-05-29 09:46:00,5/29/2018 9:46,SHR,2018,A,FALSE,CLR,NA,1,20.1,0.75,135,149,7.56,8.91,8.3,10,Low,658565,663000,4435,4435,29.17837316,29.17837316,1,NA,NA,Aquatic Insects,34,Family,Chironomidae,Chironomidae,Larvae,0,0,0,NA,NA,NA,NA,NA,NA,NA,NA,NA,NA,NA   NA   NA   NA,NA   NA   NA   NA
SHR_2018-05-29 09:46:00,5/29/2018 9:46,SHR,2018,A,FALSE,CLR,NA,1,20.1,0.75,135,149,7.56,8.91,8.3,10,Low,658565,663000,4435,4435,29.17837316,29.17837316,1,NA,NA,Aquatic Insects,34,Family,Chironomidae,Chironomidae,Pupae,6,0.206,0.206,NA,NA,NA,NA,NA,NA,NA,NA,NA,NA,NA   NA   NA   NA,NA   NA   NA   NA
SHR_2018-05-29 09:46:00,5/29/2018 9:46,SHR,2018,A,FALSE,CLR,NA,1,20.1,0.75,135,149,7.56,8.91,8.3,10,Low,658565,663000,4435,4435,29.17837316,29.17837316,1,NA,NA,Aquatic Insects,34,Family,Chironomidae,Chironomidae,Nymphs,0,0,0,NA,NA,NA,NA,NA,NA,NA,NA,NA,NA,NA   NA   NA   NA,NA   NA   NA   NA
SHR_2018-05-29 09:46:00,5/29/2018 9:46,SHR,2018,A,FALSE,CLR,NA,1,20.1,0.75,135,149,7.56,8.91,8.3,10,Low,658565,663000,4435,4435,29.17837316,29.17837316,1,NA,NA,Aquatic Insects,34,Family,Chironomidae,Chironomidae,Emergents,0,0,0,NA,NA,NA,NA,NA,NA,NA,NA,NA,NA,NA   NA   NA   NA,NA   NA   NA   NA
SHR_2018-05-29 09:46:00,5/29/2018 9:46,SHR,2018,A,FALSE,CLR,NA,1,20.1,0.75,135,149,7.56,8.91,8.3,10,Low,658565,663000,4435,4435,29.17837316,29.17837316,1,NA,NA,Aquatic Insects,34,Family,Chironomidae,Chironomidae,Adults,26,0.891,0.891,NA,NA,NA,NA,NA,NA,NA,NA,NA,NA,NA   NA   NA   NA,NA   NA   NA   NA
SHR_2018-05-29 09:46:00,5/29/2018 9:46,SHR,2018,A,FALSE,CLR,NA,1,20.1,0.75,135,149,7.56,8.91,8.3,10,Low,658565,663000,4435,4435,29.17837316,29.17837316,1,NA,NA,Aquatic Insects,34,Family,Chironomidae,Chironomidae,NotDetermined,0,0,0,NA,NA,NA,NA,NA,NA,NA,NA,NA,NA,NA   NA   NA   NA,NA   NA   NA   NA
SHR_2018-05-29 09:46:00,5/29/2018 9:46,SHR,2018,A,FALSE,CLR,NA,1,20.1,0.75,135,149,7.56,8.91,8.3,10,Low,658565,663000,4435,4435,29.17837316,29.17837316,1,NA,NA,Aquatic Insects,36,Family,Ephydridae,Ephydridae,Larvae,0,0,0,NA,NA,NA,NA,NA,NA,NA,NA,NA,NA,NA   NA   NA   NA,NA   NA   NA   NA
SHR_2018-05-29 09:46:00,5/29/2018 9:46,SHR,2018,A,FALSE,CLR,NA,1,20.1,0.75,135,149,7.56,8.91,8.3,10,Low,658565,663000,4435,4435,29.17837316,29.17837316,1,NA,NA,Aquatic Insects,36,Family,Ephydridae,Ephydridae,Pupae,0,0,0,NA,NA,NA,NA,NA,NA,NA,NA,NA,NA,NA   NA   NA   NA,NA   NA   NA   NA
SHR_2018-05-29 09:46:00,5/29/2018 9:46,SHR,2018,A,FALSE,CLR,NA,1,20.1,0.75,135,149,7.56,8.91,8.3,10,Low,658565,663000,4435,4435,29.17837316,29.17837316,1,NA,NA,Aquatic Insects,36,Family,Ephydridae,Ephydridae,Nymphs,0,0,0,NA,NA,NA,NA,NA,NA,NA,NA,NA,NA,NA   NA   NA   NA,NA   NA   NA   NA
SHR_2018-05-29 09:46:00,5/29/2018 9:46,SHR,2018,A,FALSE,CLR,NA,1,20.1,0.75,135,149,7.56,8.91,8.3,10,Low,658565,663000,4435,4435,29.17837316,29.17837316,1,NA,NA,Aquatic Insects,36,Family,Ephydridae,Ephydridae,Emergents,0,0,0,NA,NA,NA,NA,NA,NA,NA,NA,NA,NA,NA   NA   NA   NA,NA   NA   NA   NA
SHR_2018-05-29 09:46:00,5/29/2018 9:46,SHR,2018,A,FALSE,CLR,NA,1,20.1,0.75,135,149,7.56,8.91,8.3,10,Low,658565,663000,4435,4435,29.17837316,29.17837316,1,NA,NA,Aquatic Insects,36,Family,Ephydridae,Ephydridae,Adults,1,0.034,0.034,NA,NA,NA,NA,NA,NA,NA,NA,NA,NA,NA   NA   NA   NA,NA   NA   NA   NA
SHR_2018-05-29 09:46:00,5/29/2018 9:46,SHR,2018,A,FALSE,CLR,NA,1,20.1,0.75,135,149,7.56,8.91,8.3,10,Low,658565,663000,4435,4435,29.17837316,29.17837316,1,NA,NA,Aquatic Insects,36,Family,Ephydridae,Ephydridae,NotDetermined,0,0,0,NA,NA,NA,NA,NA,NA,NA,NA,NA,NA,NA   NA   NA   NA,NA   NA   NA   NA
SHR_2018-05-29 09:46:00,5/29/2018 9:46,SHR,2018,A,FALSE,CLR,NA,1,20.1,0.75,135,149,7.56,8.91,8.3,10,Low,658565,663000,4435,4435,29.17837316,29.17837316,1,NA,NA,Aquatic Insects,44,Family,Corixidae,Corixidae,Larvae,0,0,0,NA,NA,NA,NA,NA,NA,NA,NA,NA,NA,NA   NA   NA   NA,NA   NA   NA   NA
SHR_2018-05-29 09:46:00,5/29/2018 9:46,SHR,2018,A,FALSE,CLR,NA,1,20.1,0.75,135,149,7.56,8.91,8.3,10,Low,658565,663000,4435,4435,29.17837316,29.17837316,1,NA,NA,Aquatic Insects,44,Family,Corixidae,Corixidae,Pupae,0,0,0,NA,NA,NA,NA,NA,NA,NA,NA,NA,NA,NA   NA   NA   NA,NA   NA   NA   NA
SHR_2018-05-29 09:46:00,5/29/2018 9:46,SHR,2018,A,FALSE,CLR,NA,1,20.1,0.75,135,149,7.56,8.91,8.3,10,Low,658565,663000,4435,4435,29.17837316,29.17837316,1,NA,NA,Aquatic Insects,44,Family,Corixidae,Corixidae,Nymphs,7,0.24,0.24,NA,NA,NA,NA,NA,NA,NA,NA,NA,NA,NA   NA   NA   NA,NA   NA   NA   NA
SHR_2018-05-29 09:46:00,5/29/2018 9:46,SHR,2018,A,FALSE,CLR,NA,1,20.1,0.75,135,149,7.56,8.91,8.3,10,Low,658565,663000,4435,4435,29.17837316,29.17837316,1,NA,NA,Aquatic Insects,44,Family,Corixidae,Corixidae,Emergents,0,0,0,NA,NA,NA,NA,NA,NA,NA,NA,NA,NA,NA   NA   NA   NA,NA   NA   NA   NA
SHR_2018-05-29 09:46:00,5/29/2018 9:46,SHR,2018,A,FALSE,CLR,NA,1,20.1,0.75,135,149,7.56,8.91,8.3,10,Low,658565,663000,4435,4435,29.17837316,29.17837316,1,NA,NA,Aquatic Insects,44,Family,Corixidae,Corixidae,Adults,0,0,0,NA,NA,NA,NA,NA,NA,NA,NA,NA,NA,NA   NA   NA   NA,NA   NA   NA   NA
SHR_2018-05-29 09:46:00,5/29/2018 9:46,SHR,2018,A,FALSE,CLR,NA,1,20.1,0.75,135,149,7.56,8.91,8.3,10,Low,658565,663000,4435,4435,29.17837316,29.17837316,1,NA,NA,Aquatic Insects,44,Family,Corixidae,Corixidae,NotDetermined,0,0,0,NA,NA,NA,NA,NA,NA,NA,NA,NA,NA,NA   NA   NA   NA,NA   NA   NA   NA
SHR_2018-05-29 09:46:00,5/29/2018 9:46,SHR,2018,A,FALSE,CLR,NA,1,20.1,0.75,135,149,7.56,8.91,8.3,10,Low,658565,663000,4435,4435,29.17837316,29.17837316,1,NA,NA,Aquatic Non-Insects,4,Family,Naididae,Naididae,Larvae,0,0,0,NA,NA,NA,NA,NA,NA,NA,NA,NA,NA,NA   NA   NA   NA,NA   NA   NA   NA
SHR_2018-05-29 09:46:00,5/29/2018 9:46,SHR,2018,A,FALSE,CLR,NA,1,20.1,0.75,135,149,7.56,8.91,8.3,10,Low,658565,663000,4435,4435,29.17837316,29.17837316,1,NA,NA,Aquatic Non-Insects,4,Family,Naididae,Naididae,Pupae,0,0,0,NA,NA,NA,NA,NA,NA,NA,NA,NA,NA,NA   NA   NA   NA,NA   NA   NA   NA
SHR_2018-05-29 09:46:00,5/29/2018 9:46,SHR,2018,A,FALSE,CLR,NA,1,20.1,0.75,135,149,7.56,8.91,8.3,10,Low,658565,663000,4435,4435,29.17837316,29.17837316,1,NA,NA,Aquatic Non-Insects,4,Family,Naididae,Naididae,Nymphs,0,0,0,NA,NA,NA,NA,NA,NA,NA,NA,NA,NA,NA   NA   NA   NA,NA   NA   NA   NA
SHR_2018-05-29 09:46:00,5/29/2018 9:46,SHR,2018,A,FALSE,CLR,NA,1,20.1,0.75,135,149,7.56,8.91,8.3,10,Low,658565,663000,4435,4435,29.17837316,29.17837316,1,NA,NA,Aquatic Non-Insects,4,Family,Naididae,Naididae,Emergents,0,0,0,NA,NA,NA,NA,NA,NA,NA,NA,NA,NA,NA   NA   NA   NA,NA   NA   NA   NA
SHR_2018-05-29 09:46:00,5/29/2018 9:46,SHR,2018,A,FALSE,CLR,NA,1,20.1,0.75,135,149,7.56,8.91,8.3,10,Low,658565,663000,4435,4435,29.17837316,29.17837316,1,NA,NA,Aquatic Non-Insects,4,Family,Naididae,Naididae,Adults,0,0,0,NA,NA,NA,NA,NA,NA,NA,NA,NA,NA,NA   NA   NA   NA,NA   NA   NA   NA
SHR_2018-05-29 09:46:00,5/29/2018 9:46,SHR,2018,A,FALSE,CLR,NA,1,20.1,0.75,135,149,7.56,8.91,8.3,10,Low,658565,663000,4435,4435,29.17837316,29.17837316,1,NA,NA,Aquatic Non-Insects,4,Family,Naididae,Naididae,NotDetermined,1,0.034,0.034,NA,NA,NA,NA,NA,NA,NA,NA,NA,NA,NA   NA   NA   NA,NA   NA   NA   NA
SHR_2018-05-29 09:46:00,5/29/2018 9:46,SHR,2018,A,FALSE,CLR,NA,1,20.1,0.75,135,149,7.56,8.91,8.3,10,Low,658565,663000,4435,4435,29.17837316,29.17837316,1,NA,NA,Aquatic Non-Insects,77,Family,Hygrobatidae,Hygrobatidae,Larvae,0,0,0,NA,NA,NA,NA,NA,NA,NA,NA,NA,NA,NA   NA   NA   NA,NA   NA   NA   NA
SHR_2018-05-29 09:46:00,5/29/2018 9:46,SHR,2018,A,FALSE,CLR,NA,1,20.1,0.75,135,149,7.56,8.91,8.3,10,Low,658565,663000,4435,4435,29.17837316,29.17837316,1,NA,NA,Aquatic Non-Insects,77,Family,Hygrobatidae,Hygrobatidae,Pupae,0,0,0,NA,NA,NA,NA,NA,NA,NA,NA,NA,NA,NA   NA   NA   NA,NA   NA   NA   NA
SHR_2018-05-29 09:46:00,5/29/2018 9:46,SHR,2018,A,FALSE,CLR,NA,1,20.1,0.75,135,149,7.56,8.91,8.3,10,Low,658565,663000,4435,4435,29.17837316,29.17837316,1,NA,NA,Aquatic Non-Insects,77,Family,Hygrobatidae,Hygrobatidae,Nymphs,0,0,0,NA,NA,NA,NA,NA,NA,NA,NA,NA,NA,NA   NA   NA   NA,NA   NA   NA   NA
SHR_2018-05-29 09:46:00,5/29/2018 9:46,SHR,2018,A,FALSE,CLR,NA,1,20.1,0.75,135,149,7.56,8.91,8.3,10,Low,658565,663000,4435,4435,29.17837316,29.17837316,1,NA,NA,Aquatic Non-Insects,77,Family,Hygrobatidae,Hygrobatidae,Emergents,0,0,0,NA,NA,NA,NA,NA,NA,NA,NA,NA,NA,NA   NA   NA   NA,NA   NA   NA   NA
SHR_2018-05-29 09:46:00,5/29/2018 9:46,SHR,2018,A,FALSE,CLR,NA,1,20.1,0.75,135,149,7.56,8.91,8.3,10,Low,658565,663000,4435,4435,29.17837316,29.17837316,1,NA,NA,Aquatic Non-Insects,77,Family,Hygrobatidae,Hygrobatidae,Adults,0,0,0,NA,NA,NA,NA,NA,NA,NA,NA,NA,NA,NA   NA   NA   NA,NA   NA   NA   NA
SHR_2018-05-29 09:46:00,5/29/2018 9:46,SHR,2018,A,FALSE,CLR,NA,1,20.1,0.75,135,149,7.56,8.91,8.3,10,Low,658565,663000,4435,4435,29.17837316,29.17837316,1,NA,NA,Aquatic Non-Insects,77,Family,Hygrobatidae,Hygrobatidae,NotDetermined,1,0.034,0.034,NA,NA,NA,NA,NA,NA,NA,NA,NA,NA,NA   NA   NA   NA,NA   NA   NA   NA
SHR_2018-05-29 09:46:00,5/29/2018 9:46,SHR,2018,A,FALSE,CLR,NA,1,20.1,0.75,135,149,7.56,8.91,8.3,10,Low,658565,663000,4435,4435,29.17837316,29.17837316,1,NA,NA,Aquatic Non-Insects,9,Family,Corophiidae,Corophiidae,Larvae,0,0,0,NA,NA,NA,NA,NA,NA,NA,NA,NA,NA,NA   NA   NA   NA,NA   NA   NA   NA
SHR_2018-05-29 09:46:00,5/29/2018 9:46,SHR,2018,A,FALSE,CLR,NA,1,20.1,0.75,135,149,7.56,8.91,8.3,10,Low,658565,663000,4435,4435,29.17837316,29.17837316,1,NA,NA,Aquatic Non-Insects,9,Family,Corophiidae,Corophiidae,Pupae,0,0,0,NA,NA,NA,NA,NA,NA,NA,NA,NA,NA,NA   NA   NA   NA,NA   NA   NA   NA
SHR_2018-05-29 09:46:00,5/29/2018 9:46,SHR,2018,A,FALSE,CLR,NA,1,20.1,0.75,135,149,7.56,8.91,8.3,10,Low,658565,663000,4435,4435,29.17837316,29.17837316,1,NA,NA,Aquatic Non-Insects,9,Family,Corophiidae,Corophiidae,Nymphs,0,0,0,NA,NA,NA,NA,NA,NA,NA,NA,NA,NA,NA   NA   NA   NA,NA   NA   NA   NA
SHR_2018-05-29 09:46:00,5/29/2018 9:46,SHR,2018,A,FALSE,CLR,NA,1,20.1,0.75,135,149,7.56,8.91,8.3,10,Low,658565,663000,4435,4435,29.17837316,29.17837316,1,NA,NA,Aquatic Non-Insects,9,Family,Corophiidae,Corophiidae,Emergents,0,0,0,NA,NA,NA,NA,NA,NA,NA,NA,NA,NA,NA   NA   NA   NA,NA   NA   NA   NA
SHR_2018-05-29 09:46:00,5/29/2018 9:46,SHR,2018,A,FALSE,CLR,NA,1,20.1,0.75,135,149,7.56,8.91,8.3,10,Low,658565,663000,4435,4435,29.17837316,29.17837316,1,NA,NA,Aquatic Non-Insects,9,Family,Corophiidae,Corophiidae,Adults,0,0,0,NA,NA,NA,NA,NA,NA,NA,NA,NA,NA,NA   NA   NA   NA,NA   NA   NA   NA
SHR_2018-05-29 09:46:00,5/29/2018 9:46,SHR,2018,A,FALSE,CLR,NA,1,20.1,0.75,135,149,7.56,8.91,8.3,10,Low,658565,663000,4435,4435,29.17837316,29.17837316,1,NA,NA,Aquatic Non-Insects,9,Family,Corophiidae,Corophiidae,NotDetermined,1,0.034,0.034,NA,NA,NA,NA,NA,NA,NA,NA,NA,NA,NA   NA   NA   NA,NA   NA   NA   NA
SHR_2018-05-29 09:46:00,5/29/2018 9:46,SHR,2018,A,FALSE,CLR,NA,1,20.1,0.75,135,149,7.56,8.91,8.3,10,Low,658565,663000,4435,4435,29.17837316,29.17837316,1,NA,NA,Aquatic Non-Insects,19,Family,Corbiculidae,Corbiculidae,Larvae,0,0,0,NA,NA,NA,NA,NA,NA,NA,NA,NA,NA,NA   NA   NA   NA,NA   NA   NA   NA
SHR_2018-05-29 09:46:00,5/29/2018 9:46,SHR,2018,A,FALSE,CLR,NA,1,20.1,0.75,135,149,7.56,8.91,8.3,10,Low,658565,663000,4435,4435,29.17837316,29.17837316,1,NA,NA,Aquatic Non-Insects,19,Family,Corbiculidae,Corbiculidae,Pupae,0,0,0,NA,NA,NA,NA,NA,NA,NA,NA,NA,NA,NA   NA   NA   NA,NA   NA   NA   NA
SHR_2018-05-29 09:46:00,5/29/2018 9:46,SHR,2018,A,FALSE,CLR,NA,1,20.1,0.75,135,149,7.56,8.91,8.3,10,Low,658565,663000,4435,4435,29.17837316,29.17837316,1,NA,NA,Aquatic Non-Insects,19,Family,Corbiculidae,Corbiculidae,Nymphs,0,0,0,NA,NA,NA,NA,NA,NA,NA,NA,NA,NA,NA   NA   NA   NA,NA   NA   NA   NA
SHR_2018-05-29 09:46:00,5/29/2018 9:46,SHR,2018,A,FALSE,CLR,NA,1,20.1,0.75,135,149,7.56,8.91,8.3,10,Low,658565,663000,4435,4435,29.17837316,29.17837316,1,NA,NA,Aquatic Non-Insects,19,Family,Corbiculidae,Corbiculidae,Emergents,0,0,0,NA,NA,NA,NA,NA,NA,NA,NA,NA,NA,NA   NA   NA   NA,NA   NA   NA   NA
SHR_2018-05-29 09:46:00,5/29/2018 9:46,SHR,2018,A,FALSE,CLR,NA,1,20.1,0.75,135,149,7.56,8.91,8.3,10,Low,658565,663000,4435,4435,29.17837316,29.17837316,1,NA,NA,Aquatic Non-Insects,19,Family,Corbiculidae,Corbiculidae,Adults,0,0,0,NA,NA,NA,NA,NA,NA,NA,NA,NA,NA,NA   NA   NA   NA,NA   NA   NA   NA
SHR_2018-05-29 09:46:00,5/29/2018 9:46,SHR,2018,A,FALSE,CLR,NA,1,20.1,0.75,135,149,7.56,8.91,8.3,10,Low,658565,663000,4435,4435,29.17837316,29.17837316,1,NA,NA,Aquatic Non-Insects,19,Family,Corbiculidae,Corbiculidae,NotDetermined,1,0.034,0.034,NA,NA,NA,NA,NA,NA,NA,NA,NA,NA,NA   NA   NA   NA,NA   NA   NA   NA
SHR_2018-05-29 09:46:00,5/29/2018 9:46,SHR,2018,A,FALSE,CLR,NA,1,20.1,0.75,135,149,7.56,8.91,8.3,10,Low,658565,663000,4435,4435,29.17837316,29.17837316,1,NA,NA,Terrestrial Non-Insects,157,Order,Araneae,Araneae,Larvae,0,0,0,NA,NA,NA,NA,NA,NA,NA,NA,NA,NA,NA   NA   NA   NA,NA   NA   NA   NA
SHR_2018-05-29 09:46:00,5/29/2018 9:46,SHR,2018,A,FALSE,CLR,NA,1,20.1,0.75,135,149,7.56,8.91,8.3,10,Low,658565,663000,4435,4435,29.17837316,29.17837316,1,NA,NA,Terrestrial Non-Insects,157,Order,Araneae,Araneae,Pupae,0,0,0,NA,NA,NA,NA,NA,NA,NA,NA,NA,NA,NA   NA   NA   NA,NA   NA   NA   NA
SHR_2018-05-29 09:46:00,5/29/2018 9:46,SHR,2018,A,FALSE,CLR,NA,1,20.1,0.75,135,149,7.56,8.91,8.3,10,Low,658565,663000,4435,4435,29.17837316,29.17837316,1,NA,NA,Terrestrial Non-Insects,157,Order,Araneae,Araneae,Nymphs,0,0,0,NA,NA,NA,NA,NA,NA,NA,NA,NA,NA,NA   NA   NA   NA,NA   NA   NA   NA
SHR_2018-05-29 09:46:00,5/29/2018 9:46,SHR,2018,A,FALSE,CLR,NA,1,20.1,0.75,135,149,7.56,8.91,8.3,10,Low,658565,663000,4435,4435,29.17837316,29.17837316,1,NA,NA,Terrestrial Non-Insects,157,Order,Araneae,Araneae,Emergents,0,0,0,NA,NA,NA,NA,NA,NA,NA,NA,NA,NA,NA   NA   NA   NA,NA   NA   NA   NA
SHR_2018-05-29 09:46:00,5/29/2018 9:46,SHR,2018,A,FALSE,CLR,NA,1,20.1,0.75,135,149,7.56,8.91,8.3,10,Low,658565,663000,4435,4435,29.17837316,29.17837316,1,NA,NA,Terrestrial Non-Insects,157,Order,Araneae,Araneae,Adults,0,0,0,NA,NA,NA,NA,NA,NA,NA,NA,NA,NA,NA   NA   NA   NA,NA   NA   NA   NA
SHR_2018-05-29 09:46:00,5/29/2018 9:46,SHR,2018,A,FALSE,CLR,NA,1,20.1,0.75,135,149,7.56,8.91,8.3,10,Low,658565,663000,4435,4435,29.17837316,29.17837316,1,NA,NA,Terrestrial Non-Insects,157,Order,Araneae,Araneae,NotDetermined,2,0.069,0.069,NA,NA,NA,NA,NA,NA,NA,NA,NA,NA,NA   NA   NA   NA,NA   NA   NA   NA
SHR_2018-05-29 09:46:00,5/29/2018 9:46,SHR,2018,A,FALSE,CLR,NA,1,20.1,0.75,135,149,7.56,8.91,8.3,10,Low,658565,663000,4435,4435,29.17837316,29.17837316,1,NA,NA,Terrestrial Insects,63,Order,Coleoptera,Coleoptera,Larvae,1,0.034,0.034,NA,NA,NA,NA,NA,NA,NA,NA,NA,NA,NA   NA   NA   NA,NA   NA   NA   NA
SHR_2018-05-29 09:46:00,5/29/2018 9:46,SHR,2018,A,FALSE,CLR,NA,1,20.1,0.75,135,149,7.56,8.91,8.3,10,Low,658565,663000,4435,4435,29.17837316,29.17837316,1,NA,NA,Terrestrial Insects,63,Order,Coleoptera,Coleoptera,Pupae,0,0,0,NA,NA,NA,NA,NA,NA,NA,NA,NA,NA,NA   NA   NA   NA,NA   NA   NA   NA
SHR_2018-05-29 09:46:00,5/29/2018 9:46,SHR,2018,A,FALSE,CLR,NA,1,20.1,0.75,135,149,7.56,8.91,8.3,10,Low,658565,663000,4435,4435,29.17837316,29.17837316,1,NA,NA,Terrestrial Insects,63,Order,Coleoptera,Coleoptera,Nymphs,0,0,0,NA,NA,NA,NA,NA,NA,NA,NA,NA,NA,NA   NA   NA   NA,NA   NA   NA   NA
SHR_2018-05-29 09:46:00,5/29/2018 9:46,SHR,2018,A,FALSE,CLR,NA,1,20.1,0.75,135,149,7.56,8.91,8.3,10,Low,658565,663000,4435,4435,29.17837316,29.17837316,1,NA,NA,Terrestrial Insects,63,Order,Coleoptera,Coleoptera,Emergents,0,0,0,NA,NA,NA,NA,NA,NA,NA,NA,NA,NA,NA   NA   NA   NA,NA   NA   NA   NA
SHR_2018-05-29 09:46:00,5/29/2018 9:46,SHR,2018,A,FALSE,CLR,NA,1,20.1,0.75,135,149,7.56,8.91,8.3,10,Low,658565,663000,4435,4435,29.17837316,29.17837316,1,NA,NA,Terrestrial Insects,63,Order,Coleoptera,Coleoptera,Adults,1,0.034,0.034,NA,NA,NA,NA,NA,NA,NA,NA,NA,NA,NA   NA   NA   NA,NA   NA   NA   NA
SHR_2018-05-29 09:46:00,5/29/2018 9:46,SHR,2018,A,FALSE,CLR,NA,1,20.1,0.75,135,149,7.56,8.91,8.3,10,Low,658565,663000,4435,4435,29.17837316,29.17837316,1,NA,NA,Terrestrial Insects,63,Order,Coleoptera,Coleoptera,NotDetermined,0,0,0,NA,NA,NA,NA,NA,NA,NA,NA,NA,NA,NA   NA   NA   NA,NA   NA   NA   NA
SHR_2018-05-29 09:46:00,5/29/2018 9:46,SHR,2018,A,FALSE,CLR,NA,1,20.1,0.75,135,149,7.56,8.91,8.3,10,Low,658565,663000,4435,4435,29.17837316,29.17837316,1,NA,NA,Terrestrial Insects,64,Order,Diptera,Diptera,Larvae,0,0,0,NA,NA,NA,NA,NA,NA,NA,NA,NA,NA,NA   NA   NA   NA,NA   NA   NA   NA
SHR_2018-05-29 09:46:00,5/29/2018 9:46,SHR,2018,A,FALSE,CLR,NA,1,20.1,0.75,135,149,7.56,8.91,8.3,10,Low,658565,663000,4435,4435,29.17837316,29.17837316,1,NA,NA,Terrestrial Insects,64,Order,Diptera,Diptera,Pupae,0,0,0,NA,NA,NA,NA,NA,NA,NA,NA,NA,NA,NA   NA   NA   NA,NA   NA   NA   NA
SHR_2018-05-29 09:46:00,5/29/2018 9:46,SHR,2018,A,FALSE,CLR,NA,1,20.1,0.75,135,149,7.56,8.91,8.3,10,Low,658565,663000,4435,4435,29.17837316,29.17837316,1,NA,NA,Terrestrial Insects,64,Order,Diptera,Diptera,Nymphs,0,0,0,NA,NA,NA,NA,NA,NA,NA,NA,NA,NA,NA   NA   NA   NA,NA   NA   NA   NA
SHR_2018-05-29 09:46:00,5/29/2018 9:46,SHR,2018,A,FALSE,CLR,NA,1,20.1,0.75,135,149,7.56,8.91,8.3,10,Low,658565,663000,4435,4435,29.17837316,29.17837316,1,NA,NA,Terrestrial Insects,64,Order,Diptera,Diptera,Emergents,0,0,0,NA,NA,NA,NA,NA,NA,NA,NA,NA,NA,NA   NA   NA   NA,NA   NA   NA   NA
SHR_2018-05-29 09:46:00,5/29/2018 9:46,SHR,2018,A,FALSE,CLR,NA,1,20.1,0.75,135,149,7.56,8.91,8.3,10,Low,658565,663000,4435,4435,29.17837316,29.17837316,1,NA,NA,Terrestrial Insects,64,Order,Diptera,Diptera,Adults,11,0.377,0.377,NA,NA,NA,NA,NA,NA,NA,NA,NA,NA,NA   NA   NA   NA,NA   NA   NA   NA
SHR_2018-05-29 09:46:00,5/29/2018 9:46,SHR,2018,A,FALSE,CLR,NA,1,20.1,0.75,135,149,7.56,8.91,8.3,10,Low,658565,663000,4435,4435,29.17837316,29.17837316,1,NA,NA,Terrestrial Insects,64,Order,Diptera,Diptera,NotDetermined,0,0,0,NA,NA,NA,NA,NA,NA,NA,NA,NA,NA,NA   NA   NA   NA,NA   NA   NA   NA
SHR_2018-05-29 09:46:00,5/29/2018 9:46,SHR,2018,A,FALSE,CLR,NA,1,20.1,0.75,135,149,7.56,8.91,8.3,10,Low,658565,663000,4435,4435,29.17837316,29.17837316,1,NA,NA,Terrestrial Insects,71,Order,Hemiptera,Hemiptera,Larvae,0,0,0,NA,NA,NA,NA,NA,NA,NA,NA,NA,NA,NA   NA   NA   NA,NA   NA   NA   NA
SHR_2018-05-29 09:46:00,5/29/2018 9:46,SHR,2018,A,FALSE,CLR,NA,1,20.1,0.75,135,149,7.56,8.91,8.3,10,Low,658565,663000,4435,4435,29.17837316,29.17837316,1,NA,NA,Terrestrial Insects,71,Order,Hemiptera,Hemiptera,Pupae,0,0,0,NA,NA,NA,NA,NA,NA,NA,NA,NA,NA,NA   NA   NA   NA,NA   NA   NA   NA
SHR_2018-05-29 09:46:00,5/29/2018 9:46,SHR,2018,A,FALSE,CLR,NA,1,20.1,0.75,135,149,7.56,8.91,8.3,10,Low,658565,663000,4435,4435,29.17837316,29.17837316,1,NA,NA,Terrestrial Insects,71,Order,Hemiptera,Hemiptera,Nymphs,0,0,0,NA,NA,NA,NA,NA,NA,NA,NA,NA,NA,NA   NA   NA   NA,NA   NA   NA   NA
SHR_2018-05-29 09:46:00,5/29/2018 9:46,SHR,2018,A,FALSE,CLR,NA,1,20.1,0.75,135,149,7.56,8.91,8.3,10,Low,658565,663000,4435,4435,29.17837316,29.17837316,1,NA,NA,Terrestrial Insects,71,Order,Hemiptera,Hemiptera,Emergents,0,0,0,NA,NA,NA,NA,NA,NA,NA,NA,NA,NA,NA   NA   NA   NA,NA   NA   NA   NA
SHR_2018-05-29 09:46:00,5/29/2018 9:46,SHR,2018,A,FALSE,CLR,NA,1,20.1,0.75,135,149,7.56,8.91,8.3,10,Low,658565,663000,4435,4435,29.17837316,29.17837316,1,NA,NA,Terrestrial Insects,71,Order,Hemiptera,Hemiptera,Adults,7,0.24,0.24,NA,NA,NA,NA,NA,NA,NA,NA,NA,NA,NA   NA   NA   NA,NA   NA   NA   NA
SHR_2018-05-29 09:46:00,5/29/2018 9:46,SHR,2018,A,FALSE,CLR,NA,1,20.1,0.75,135,149,7.56,8.91,8.3,10,Low,658565,663000,4435,4435,29.17837316,29.17837316,1,NA,NA,Terrestrial Insects,71,Order,Hemiptera,Hemiptera,NotDetermined,0,0,0,NA,NA,NA,NA,NA,NA,NA,NA,NA,NA,NA   NA   NA   NA,NA   NA   NA   NA
SHR_2018-05-29 09:46:00,5/29/2018 9:46,SHR,2018,A,FALSE,CLR,NA,1,20.1,0.75,135,149,7.56,8.91,8.3,10,Low,658565,663000,4435,4435,29.17837316,29.17837316,1,NA,NA,Terrestrial Insects,66,Order,Hymenoptera,Hymenoptera,Larvae,0,0,0,NA,NA,NA,NA,NA,NA,NA,NA,NA,NA,NA   NA   NA   NA,NA   NA   NA   NA
SHR_2018-05-29 09:46:00,5/29/2018 9:46,SHR,2018,A,FALSE,CLR,NA,1,20.1,0.75,135,149,7.56,8.91,8.3,10,Low,658565,663000,4435,4435,29.17837316,29.17837316,1,NA,NA,Terrestrial Insects,66,Order,Hymenoptera,Hymenoptera,Pupae,0,0,0,NA,NA,NA,NA,NA,NA,NA,NA,NA,NA,NA   NA   NA   NA,NA   NA   NA   NA
SHR_2018-05-29 09:46:00,5/29/2018 9:46,SHR,2018,A,FALSE,CLR,NA,1,20.1,0.75,135,149,7.56,8.91,8.3,10,Low,658565,663000,4435,4435,29.17837316,29.17837316,1,NA,NA,Terrestrial Insects,66,Order,Hymenoptera,Hymenoptera,Nymphs,0,0,0,NA,NA,NA,NA,NA,NA,NA,NA,NA,NA,NA   NA   NA   NA,NA   NA   NA   NA
SHR_2018-05-29 09:46:00,5/29/2018 9:46,SHR,2018,A,FALSE,CLR,NA,1,20.1,0.75,135,149,7.56,8.91,8.3,10,Low,658565,663000,4435,4435,29.17837316,29.17837316,1,NA,NA,Terrestrial Insects,66,Order,Hymenoptera,Hymenoptera,Emergents,0,0,0,NA,NA,NA,NA,NA,NA,NA,NA,NA,NA,NA   NA   NA   NA,NA   NA   NA   NA
SHR_2018-05-29 09:46:00,5/29/2018 9:46,SHR,2018,A,FALSE,CLR,NA,1,20.1,0.75,135,149,7.56,8.91,8.3,10,Low,658565,663000,4435,4435,29.17837316,29.17837316,1,NA,NA,Terrestrial Insects,66,Order,Hymenoptera,Hymenoptera,Adults,7,0.24,0.24,NA,NA,NA,NA,NA,NA,NA,NA,NA,NA,NA   NA   NA   NA,NA   NA   NA   NA
SHR_2018-05-29 09:46:00,5/29/2018 9:46,SHR,2018,A,FALSE,CLR,NA,1,20.1,0.75,135,149,7.56,8.91,8.3,10,Low,658565,663000,4435,4435,29.17837316,29.17837316,1,NA,NA,Terrestrial Insects,66,Order,Hymenoptera,Hymenoptera,NotDetermined,0,0,0,NA,NA,NA,NA,NA,NA,NA,NA,NA,NA,NA   NA   NA   NA,NA   NA   NA   NA
SHR_2018-05-29 09:46:00,5/29/2018 9:46,SHR,2018,A,FALSE,CLR,NA,1,20.1,0.75,135,149,7.56,8.91,8.3,10,Low,658565,663000,4435,4435,29.17837316,29.17837316,1,NA,NA,Terrestrial Insects,85,Order,Thysanoptera,Thysanoptera,Larvae,0,0,0,NA,NA,NA,NA,NA,NA,NA,NA,NA,NA,NA   NA   NA   NA,NA   NA   NA   NA
SHR_2018-05-29 09:46:00,5/29/2018 9:46,SHR,2018,A,FALSE,CLR,NA,1,20.1,0.75,135,149,7.56,8.91,8.3,10,Low,658565,663000,4435,4435,29.17837316,29.17837316,1,NA,NA,Terrestrial Insects,85,Order,Thysanoptera,Thysanoptera,Pupae,0,0,0,NA,NA,NA,NA,NA,NA,NA,NA,NA,NA,NA   NA   NA   NA,NA   NA   NA   NA
SHR_2018-05-29 09:46:00,5/29/2018 9:46,SHR,2018,A,FALSE,CLR,NA,1,20.1,0.75,135,149,7.56,8.91,8.3,10,Low,658565,663000,4435,4435,29.17837316,29.17837316,1,NA,NA,Terrestrial Insects,85,Order,Thysanoptera,Thysanoptera,Nymphs,0,0,0,NA,NA,NA,NA,NA,NA,NA,NA,NA,NA,NA   NA   NA   NA,NA   NA   NA   NA
SHR_2018-05-29 09:46:00,5/29/2018 9:46,SHR,2018,A,FALSE,CLR,NA,1,20.1,0.75,135,149,7.56,8.91,8.3,10,Low,658565,663000,4435,4435,29.17837316,29.17837316,1,NA,NA,Terrestrial Insects,85,Order,Thysanoptera,Thysanoptera,Emergents,0,0,0,NA,NA,NA,NA,NA,NA,NA,NA,NA,NA,NA   NA   NA   NA,NA   NA   NA   NA
SHR_2018-05-29 09:46:00,5/29/2018 9:46,SHR,2018,A,FALSE,CLR,NA,1,20.1,0.75,135,149,7.56,8.91,8.3,10,Low,658565,663000,4435,4435,29.17837316,29.17837316,1,NA,NA,Terrestrial Insects,85,Order,Thysanoptera,Thysanoptera,Adults,1,0.034,0.034,NA,NA,NA,NA,NA,NA,NA,NA,NA,NA,NA   NA   NA   NA,NA   NA   NA   NA
SHR_2018-05-29 09:46:00,5/29/2018 9:46,SHR,2018,A,FALSE,CLR,NA,1,20.1,0.75,135,149,7.56,8.91,8.3,10,Low,658565,663000,4435,4435,29.17837316,29.17837316,1,NA,NA,Terrestrial Insects,85,Order,Thysanoptera,Thysanoptera,NotDetermined,0,0,0,NA,NA,NA,NA,NA,NA,NA,NA,NA,NA,NA   NA   NA   NA,NA   NA   NA   NA
STTD_2018-05-30 11:40:00,5/30/2018 11:40,STTD,2018,A,FALSE,CLD,NA,NA,22.2,0.38,233,247,8.14,8.04,20.3,10,Low,655864,658600,2736,2736,18.00045749,18.00045749,1,NA,NA,Aquatic Insects,34,Family,Chironomidae,Chironomidae,Larvae,0,0,0,NA,NA,NA,NA,NA,NA,NA,NA,NA,NA,NA   NA   NA   NA,NA   NA   NA   NA
STTD_2018-05-30 11:40:00,5/30/2018 11:40,STTD,2018,A,FALSE,CLD,NA,NA,22.2,0.38,233,247,8.14,8.04,20.3,10,Low,655864,658600,2736,2736,18.00045749,18.00045749,1,NA,NA,Aquatic Insects,34,Family,Chironomidae,Chironomidae,Pupae,0,0,0,NA,NA,NA,NA,NA,NA,NA,NA,NA,NA,NA   NA   NA   NA,NA   NA   NA   NA
STTD_2018-05-30 11:40:00,5/30/2018 11:40,STTD,2018,A,FALSE,CLD,NA,NA,22.2,0.38,233,247,8.14,8.04,20.3,10,Low,655864,658600,2736,2736,18.00045749,18.00045749,1,NA,NA,Aquatic Insects,34,Family,Chironomidae,Chironomidae,Nymphs,0,0,0,NA,NA,NA,NA,NA,NA,NA,NA,NA,NA,NA   NA   NA   NA,NA   NA   NA   NA
STTD_2018-05-30 11:40:00,5/30/2018 11:40,STTD,2018,A,FALSE,CLD,NA,NA,22.2,0.38,233,247,8.14,8.04,20.3,10,Low,655864,658600,2736,2736,18.00045749,18.00045749,1,NA,NA,Aquatic Insects,34,Family,Chironomidae,Chironomidae,Emergents,0,0,0,NA,NA,NA,NA,NA,NA,NA,NA,NA,NA,NA   NA   NA   NA,NA   NA   NA   NA
STTD_2018-05-30 11:40:00,5/30/2018 11:40,STTD,2018,A,FALSE,CLD,NA,NA,22.2,0.38,233,247,8.14,8.04,20.3,10,Low,655864,658600,2736,2736,18.00045749,18.00045749,1,NA,NA,Aquatic Insects,34,Family,Chironomidae,Chironomidae,Adults,1,0.056,0.056,NA,NA,NA,NA,NA,NA,NA,NA,NA,NA,NA   NA   NA   NA,NA   NA   NA   NA
STTD_2018-05-30 11:40:00,5/30/2018 11:40,STTD,2018,A,FALSE,CLD,NA,NA,22.2,0.38,233,247,8.14,8.04,20.3,10,Low,655864,658600,2736,2736,18.00045749,18.00045749,1,NA,NA,Aquatic Insects,34,Family,Chironomidae,Chironomidae,NotDetermined,0,0,0,NA,NA,NA,NA,NA,NA,NA,NA,NA,NA,NA   NA   NA   NA,NA   NA   NA   NA
STTD_2018-05-30 11:40:00,5/30/2018 11:40,STTD,2018,A,FALSE,CLD,NA,NA,22.2,0.38,233,247,8.14,8.04,20.3,10,Low,655864,658600,2736,2736,18.00045749,18.00045749,1,NA,NA,Aquatic Insects,44,Family,Corixidae,Corixidae,Larvae,0,0,0,NA,NA,NA,NA,NA,NA,NA,NA,NA,NA,NA   NA   NA   NA,NA   NA   NA   NA
STTD_2018-05-30 11:40:00,5/30/2018 11:40,STTD,2018,A,FALSE,CLD,NA,NA,22.2,0.38,233,247,8.14,8.04,20.3,10,Low,655864,658600,2736,2736,18.00045749,18.00045749,1,NA,NA,Aquatic Insects,44,Family,Corixidae,Corixidae,Pupae,0,0,0,NA,NA,NA,NA,NA,NA,NA,NA,NA,NA,NA   NA   NA   NA,NA   NA   NA   NA
STTD_2018-05-30 11:40:00,5/30/2018 11:40,STTD,2018,A,FALSE,CLD,NA,NA,22.2,0.38,233,247,8.14,8.04,20.3,10,Low,655864,658600,2736,2736,18.00045749,18.00045749,1,NA,NA,Aquatic Insects,44,Family,Corixidae,Corixidae,Nymphs,3,0.167,0.167,NA,NA,NA,NA,NA,NA,NA,NA,NA,NA,NA   NA   NA   NA,NA   NA   NA   NA
STTD_2018-05-30 11:40:00,5/30/2018 11:40,STTD,2018,A,FALSE,CLD,NA,NA,22.2,0.38,233,247,8.14,8.04,20.3,10,Low,655864,658600,2736,2736,18.00045749,18.00045749,1,NA,NA,Aquatic Insects,44,Family,Corixidae,Corixidae,Emergents,0,0,0,NA,NA,NA,NA,NA,NA,NA,NA,NA,NA,NA   NA   NA   NA,NA   NA   NA   NA
STTD_2018-05-30 11:40:00,5/30/2018 11:40,STTD,2018,A,FALSE,CLD,NA,NA,22.2,0.38,233,247,8.14,8.04,20.3,10,Low,655864,658600,2736,2736,18.00045749,18.00045749,1,NA,NA,Aquatic Insects,44,Family,Corixidae,Corixidae,Adults,0,0,0,NA,NA,NA,NA,NA,NA,NA,NA,NA,NA,NA   NA   NA   NA,NA   NA   NA   NA
STTD_2018-05-30 11:40:00,5/30/2018 11:40,STTD,2018,A,FALSE,CLD,NA,NA,22.2,0.38,233,247,8.14,8.04,20.3,10,Low,655864,658600,2736,2736,18.00045749,18.00045749,1,NA,NA,Aquatic Insects,44,Family,Corixidae,Corixidae,NotDetermined,0,0,0,NA,NA,NA,NA,NA,NA,NA,NA,NA,NA,NA   NA   NA   NA,NA   NA   NA   NA
STTD_2018-05-30 11:40:00,5/30/2018 11:40,STTD,2018,A,FALSE,CLD,NA,NA,22.2,0.38,233,247,8.14,8.04,20.3,10,Low,655864,658600,2736,2736,18.00045749,18.00045749,1,NA,NA,Aquatic Non-Insects,28,Family,Lebertiidae,Lebertiidae,Larvae,0,0,0,NA,NA,NA,NA,NA,NA,NA,NA,NA,NA,NA   NA   NA   NA,NA   NA   NA   NA
STTD_2018-05-30 11:40:00,5/30/2018 11:40,STTD,2018,A,FALSE,CLD,NA,NA,22.2,0.38,233,247,8.14,8.04,20.3,10,Low,655864,658600,2736,2736,18.00045749,18.00045749,1,NA,NA,Aquatic Non-Insects,120,Family,Lebertiidae,Lebertiidae,Larvae,0,0,0,NA,NA,NA,NA,NA,NA,NA,NA,NA,NA,NA   NA   NA   NA,NA   NA   NA   NA
STTD_2018-05-30 11:40:00,5/30/2018 11:40,STTD,2018,A,FALSE,CLD,NA,NA,22.2,0.38,233,247,8.14,8.04,20.3,10,Low,655864,658600,2736,2736,18.00045749,18.00045749,1,NA,NA,Aquatic Non-Insects,28,Family,Lebertiidae,Lebertiidae,Pupae,0,0,0,NA,NA,NA,NA,NA,NA,NA,NA,NA,NA,NA   NA   NA   NA,NA   NA   NA   NA
STTD_2018-05-30 11:40:00,5/30/2018 11:40,STTD,2018,A,FALSE,CLD,NA,NA,22.2,0.38,233,247,8.14,8.04,20.3,10,Low,655864,658600,2736,2736,18.00045749,18.00045749,1,NA,NA,Aquatic Non-Insects,120,Family,Lebertiidae,Lebertiidae,Pupae,0,0,0,NA,NA,NA,NA,NA,NA,NA,NA,NA,NA,NA   NA   NA   NA,NA   NA   NA   NA
STTD_2018-05-30 11:40:00,5/30/2018 11:40,STTD,2018,A,FALSE,CLD,NA,NA,22.2,0.38,233,247,8.14,8.04,20.3,10,Low,655864,658600,2736,2736,18.00045749,18.00045749,1,NA,NA,Aquatic Non-Insects,28,Family,Lebertiidae,Lebertiidae,Nymphs,0,0,0,NA,NA,NA,NA,NA,NA,NA,NA,NA,NA,NA   NA   NA   NA,NA   NA   NA   NA
STTD_2018-05-30 11:40:00,5/30/2018 11:40,STTD,2018,A,FALSE,CLD,NA,NA,22.2,0.38,233,247,8.14,8.04,20.3,10,Low,655864,658600,2736,2736,18.00045749,18.00045749,1,NA,NA,Aquatic Non-Insects,120,Family,Lebertiidae,Lebertiidae,Nymphs,0,0,0,NA,NA,NA,NA,NA,NA,NA,NA,NA,NA,NA   NA   NA   NA,NA   NA   NA   NA
STTD_2018-05-30 11:40:00,5/30/2018 11:40,STTD,2018,A,FALSE,CLD,NA,NA,22.2,0.38,233,247,8.14,8.04,20.3,10,Low,655864,658600,2736,2736,18.00045749,18.00045749,1,NA,NA,Aquatic Non-Insects,28,Family,Lebertiidae,Lebertiidae,Emergents,0,0,0,NA,NA,NA,NA,NA,NA,NA,NA,NA,NA,NA   NA   NA   NA,NA   NA   NA   NA
STTD_2018-05-30 11:40:00,5/30/2018 11:40,STTD,2018,A,FALSE,CLD,NA,NA,22.2,0.38,233,247,8.14,8.04,20.3,10,Low,655864,658600,2736,2736,18.00045749,18.00045749,1,NA,NA,Aquatic Non-Insects,120,Family,Lebertiidae,Lebertiidae,Emergents,0,0,0,NA,NA,NA,NA,NA,NA,NA,NA,NA,NA,NA   NA   NA   NA,NA   NA   NA   NA
STTD_2018-05-30 11:40:00,5/30/2018 11:40,STTD,2018,A,FALSE,CLD,NA,NA,22.2,0.38,233,247,8.14,8.04,20.3,10,Low,655864,658600,2736,2736,18.00045749,18.00045749,1,NA,NA,Aquatic Non-Insects,28,Family,Lebertiidae,Lebertiidae,Adults,0,0,0,NA,NA,NA,NA,NA,NA,NA,NA,NA,NA,NA   NA   NA   NA,NA   NA   NA   NA
STTD_2018-05-30 11:40:00,5/30/2018 11:40,STTD,2018,A,FALSE,CLD,NA,NA,22.2,0.38,233,247,8.14,8.04,20.3,10,Low,655864,658600,2736,2736,18.00045749,18.00045749,1,NA,NA,Aquatic Non-Insects,120,Family,Lebertiidae,Lebertiidae,Adults,0,0,0,NA,NA,NA,NA,NA,NA,NA,NA,NA,NA,NA   NA   NA   NA,NA   NA   NA   NA
STTD_2018-05-30 11:40:00,5/30/2018 11:40,STTD,2018,A,FALSE,CLD,NA,NA,22.2,0.38,233,247,8.14,8.04,20.3,10,Low,655864,658600,2736,2736,18.00045749,18.00045749,1,NA,NA,Aquatic Non-Insects,28,Family,Lebertiidae,Lebertiidae,NotDetermined,1,0.056,0.056,NA,NA,NA,NA,NA,NA,NA,NA,NA,NA,NA   NA   NA   NA,NA   NA   NA   NA
STTD_2018-05-30 11:40:00,5/30/2018 11:40,STTD,2018,A,FALSE,CLD,NA,NA,22.2,0.38,233,247,8.14,8.04,20.3,10,Low,655864,658600,2736,2736,18.00045749,18.00045749,1,NA,NA,Aquatic Non-Insects,120,Family,Lebertiidae,Lebertiidae,NotDetermined,1,0.056,0.056,NA,NA,NA,NA,NA,NA,NA,NA,NA,NA,NA   NA   NA   NA,NA   NA   NA   NA
STTD_2018-05-30 11:40:00,5/30/2018 11:40,STTD,2018,A,FALSE,CLD,NA,NA,22.2,0.38,233,247,8.14,8.04,20.3,10,Low,655864,658600,2736,2736,18.00045749,18.00045749,1,NA,NA,Aquatic Non-Insects,9,Family,Corophiidae,Corophiidae,Larvae,0,0,0,NA,NA,NA,NA,NA,NA,NA,NA,NA,NA,NA   NA   NA   NA,NA   NA   NA   NA
STTD_2018-05-30 11:40:00,5/30/2018 11:40,STTD,2018,A,FALSE,CLD,NA,NA,22.2,0.38,233,247,8.14,8.04,20.3,10,Low,655864,658600,2736,2736,18.00045749,18.00045749,1,NA,NA,Aquatic Non-Insects,9,Family,Corophiidae,Corophiidae,Pupae,0,0,0,NA,NA,NA,NA,NA,NA,NA,NA,NA,NA,NA   NA   NA   NA,NA   NA   NA   NA
STTD_2018-05-30 11:40:00,5/30/2018 11:40,STTD,2018,A,FALSE,CLD,NA,NA,22.2,0.38,233,247,8.14,8.04,20.3,10,Low,655864,658600,2736,2736,18.00045749,18.00045749,1,NA,NA,Aquatic Non-Insects,9,Family,Corophiidae,Corophiidae,Nymphs,0,0,0,NA,NA,NA,NA,NA,NA,NA,NA,NA,NA,NA   NA   NA   NA,NA   NA   NA   NA
STTD_2018-05-30 11:40:00,5/30/2018 11:40,STTD,2018,A,FALSE,CLD,NA,NA,22.2,0.38,233,247,8.14,8.04,20.3,10,Low,655864,658600,2736,2736,18.00045749,18.00045749,1,NA,NA,Aquatic Non-Insects,9,Family,Corophiidae,Corophiidae,Emergents,0,0,0,NA,NA,NA,NA,NA,NA,NA,NA,NA,NA,NA   NA   NA   NA,NA   NA   NA   NA
STTD_2018-05-30 11:40:00,5/30/2018 11:40,STTD,2018,A,FALSE,CLD,NA,NA,22.2,0.38,233,247,8.14,8.04,20.3,10,Low,655864,658600,2736,2736,18.00045749,18.00045749,1,NA,NA,Aquatic Non-Insects,9,Family,Corophiidae,Corophiidae,Adults,0,0,0,NA,NA,NA,NA,NA,NA,NA,NA,NA,NA,NA   NA   NA   NA,NA   NA   NA   NA
STTD_2018-05-30 11:40:00,5/30/2018 11:40,STTD,2018,A,FALSE,CLD,NA,NA,22.2,0.38,233,247,8.14,8.04,20.3,10,Low,655864,658600,2736,2736,18.00045749,18.00045749,1,NA,NA,Aquatic Non-Insects,9,Family,Corophiidae,Corophiidae,NotDetermined,1,0.056,0.056,NA,NA,NA,NA,NA,NA,NA,NA,NA,NA,NA   NA   NA   NA,NA   NA   NA   NA
STTD_2018-05-30 11:40:00,5/30/2018 11:40,STTD,2018,A,FALSE,CLD,NA,NA,22.2,0.38,233,247,8.14,8.04,20.3,10,Low,655864,658600,2736,2736,18.00045749,18.00045749,1,NA,NA,Aquatic Non-Insects,15,Family,Hyalellidae,Hyalellidae,Larvae,0,0,0,NA,NA,NA,NA,NA,NA,NA,NA,NA,NA,NA   NA   NA   NA,NA   NA   NA   NA
STTD_2018-05-30 11:40:00,5/30/2018 11:40,STTD,2018,A,FALSE,CLD,NA,NA,22.2,0.38,233,247,8.14,8.04,20.3,10,Low,655864,658600,2736,2736,18.00045749,18.00045749,1,NA,NA,Aquatic Non-Insects,15,Family,Hyalellidae,Hyalellidae,Pupae,0,0,0,NA,NA,NA,NA,NA,NA,NA,NA,NA,NA,NA   NA   NA   NA,NA   NA   NA   NA
STTD_2018-05-30 11:40:00,5/30/2018 11:40,STTD,2018,A,FALSE,CLD,NA,NA,22.2,0.38,233,247,8.14,8.04,20.3,10,Low,655864,658600,2736,2736,18.00045749,18.00045749,1,NA,NA,Aquatic Non-Insects,15,Family,Hyalellidae,Hyalellidae,Nymphs,0,0,0,NA,NA,NA,NA,NA,NA,NA,NA,NA,NA,NA   NA   NA   NA,NA   NA   NA   NA
STTD_2018-05-30 11:40:00,5/30/2018 11:40,STTD,2018,A,FALSE,CLD,NA,NA,22.2,0.38,233,247,8.14,8.04,20.3,10,Low,655864,658600,2736,2736,18.00045749,18.00045749,1,NA,NA,Aquatic Non-Insects,15,Family,Hyalellidae,Hyalellidae,Emergents,0,0,0,NA,NA,NA,NA,NA,NA,NA,NA,NA,NA,NA   NA   NA   NA,NA   NA   NA   NA
STTD_2018-05-30 11:40:00,5/30/2018 11:40,STTD,2018,A,FALSE,CLD,NA,NA,22.2,0.38,233,247,8.14,8.04,20.3,10,Low,655864,658600,2736,2736,18.00045749,18.00045749,1,NA,NA,Aquatic Non-Insects,15,Family,Hyalellidae,Hyalellidae,Adults,0,0,0,NA,NA,NA,NA,NA,NA,NA,NA,NA,NA,NA   NA   NA   NA,NA   NA   NA   NA
STTD_2018-05-30 11:40:00,5/30/2018 11:40,STTD,2018,A,FALSE,CLD,NA,NA,22.2,0.38,233,247,8.14,8.04,20.3,10,Low,655864,658600,2736,2736,18.00045749,18.00045749,1,NA,NA,Aquatic Non-Insects,15,Family,Hyalellidae,Hyalellidae,NotDetermined,2,0.111,0.111,NA,NA,NA,NA,NA,NA,NA,NA,NA,NA,NA   NA   NA   NA,NA   NA   NA   NA
STTD_2018-05-30 11:40:00,5/30/2018 11:40,STTD,2018,A,FALSE,CLD,NA,NA,22.2,0.38,233,247,8.14,8.04,20.3,10,Low,655864,658600,2736,2736,18.00045749,18.00045749,1,NA,NA,Terrestrial Insects,64,Order,Diptera,Diptera,Larvae,0,0,0,NA,NA,NA,NA,NA,NA,NA,NA,NA,NA,NA   NA   NA   NA,NA   NA   NA   NA
STTD_2018-05-30 11:40:00,5/30/2018 11:40,STTD,2018,A,FALSE,CLD,NA,NA,22.2,0.38,233,247,8.14,8.04,20.3,10,Low,655864,658600,2736,2736,18.00045749,18.00045749,1,NA,NA,Terrestrial Insects,64,Order,Diptera,Diptera,Pupae,0,0,0,NA,NA,NA,NA,NA,NA,NA,NA,NA,NA,NA   NA   NA   NA,NA   NA   NA   NA
STTD_2018-05-30 11:40:00,5/30/2018 11:40,STTD,2018,A,FALSE,CLD,NA,NA,22.2,0.38,233,247,8.14,8.04,20.3,10,Low,655864,658600,2736,2736,18.00045749,18.00045749,1,NA,NA,Terrestrial Insects,64,Order,Diptera,Diptera,Nymphs,0,0,0,NA,NA,NA,NA,NA,NA,NA,NA,NA,NA,NA   NA   NA   NA,NA   NA   NA   NA
STTD_2018-05-30 11:40:00,5/30/2018 11:40,STTD,2018,A,FALSE,CLD,NA,NA,22.2,0.38,233,247,8.14,8.04,20.3,10,Low,655864,658600,2736,2736,18.00045749,18.00045749,1,NA,NA,Terrestrial Insects,64,Order,Diptera,Diptera,Emergents,0,0,0,NA,NA,NA,NA,NA,NA,NA,NA,NA,NA,NA   NA   NA   NA,NA   NA   NA   NA
STTD_2018-05-30 11:40:00,5/30/2018 11:40,STTD,2018,A,FALSE,CLD,NA,NA,22.2,0.38,233,247,8.14,8.04,20.3,10,Low,655864,658600,2736,2736,18.00045749,18.00045749,1,NA,NA,Terrestrial Insects,64,Order,Diptera,Diptera,Adults,1,0.056,0.056,NA,NA,NA,NA,NA,NA,NA,NA,NA,NA,NA   NA   NA   NA,NA   NA   NA   NA
STTD_2018-05-30 11:40:00,5/30/2018 11:40,STTD,2018,A,FALSE,CLD,NA,NA,22.2,0.38,233,247,8.14,8.04,20.3,10,Low,655864,658600,2736,2736,18.00045749,18.00045749,1,NA,NA,Terrestrial Insects,64,Order,Diptera,Diptera,NotDetermined,0,0,0,NA,NA,NA,NA,NA,NA,NA,NA,NA,NA,NA   NA   NA   NA,NA   NA   NA   NA
STTD_2018-05-30 11:40:00,5/30/2018 11:40,STTD,2018,A,FALSE,CLD,NA,NA,22.2,0.38,233,247,8.14,8.04,20.3,10,Low,655864,658600,2736,2736,18.00045749,18.00045749,1,NA,NA,Terrestrial Insects,71,Order,Hemiptera,Hemiptera,Larvae,0,0,0,NA,NA,NA,NA,NA,NA,NA,NA,NA,NA,NA   NA   NA   NA,NA   NA   NA   NA
STTD_2018-05-30 11:40:00,5/30/2018 11:40,STTD,2018,A,FALSE,CLD,NA,NA,22.2,0.38,233,247,8.14,8.04,20.3,10,Low,655864,658600,2736,2736,18.00045749,18.00045749,1,NA,NA,Terrestrial Insects,71,Order,Hemiptera,Hemiptera,Pupae,0,0,0,NA,NA,NA,NA,NA,NA,NA,NA,NA,NA,NA   NA   NA   NA,NA   NA   NA   NA
STTD_2018-05-30 11:40:00,5/30/2018 11:40,STTD,2018,A,FALSE,CLD,NA,NA,22.2,0.38,233,247,8.14,8.04,20.3,10,Low,655864,658600,2736,2736,18.00045749,18.00045749,1,NA,NA,Terrestrial Insects,71,Order,Hemiptera,Hemiptera,Nymphs,1,0.056,0.056,NA,NA,NA,NA,NA,NA,NA,NA,NA,NA,NA   NA   NA   NA,NA   NA   NA   NA
STTD_2018-05-30 11:40:00,5/30/2018 11:40,STTD,2018,A,FALSE,CLD,NA,NA,22.2,0.38,233,247,8.14,8.04,20.3,10,Low,655864,658600,2736,2736,18.00045749,18.00045749,1,NA,NA,Terrestrial Insects,71,Order,Hemiptera,Hemiptera,Emergents,0,0,0,NA,NA,NA,NA,NA,NA,NA,NA,NA,NA,NA   NA   NA   NA,NA   NA   NA   NA
STTD_2018-05-30 11:40:00,5/30/2018 11:40,STTD,2018,A,FALSE,CLD,NA,NA,22.2,0.38,233,247,8.14,8.04,20.3,10,Low,655864,658600,2736,2736,18.00045749,18.00045749,1,NA,NA,Terrestrial Insects,71,Order,Hemiptera,Hemiptera,Adults,1,0.056,0.056,NA,NA,NA,NA,NA,NA,NA,NA,NA,NA,NA   NA   NA   NA,NA   NA   NA   NA
STTD_2018-05-30 11:40:00,5/30/2018 11:40,STTD,2018,A,FALSE,CLD,NA,NA,22.2,0.38,233,247,8.14,8.04,20.3,10,Low,655864,658600,2736,2736,18.00045749,18.00045749,1,NA,NA,Terrestrial Insects,71,Order,Hemiptera,Hemiptera,NotDetermined,0,0,0,NA,NA,NA,NA,NA,NA,NA,NA,NA,NA,NA   NA   NA   NA,NA   NA   NA   NA
STTD_2018-05-30 11:40:00,5/30/2018 11:40,STTD,2018,A,FALSE,CLD,NA,NA,22.2,0.38,233,247,8.14,8.04,20.3,10,Low,655864,658600,2736,2736,18.00045749,18.00045749,1,NA,NA,Terrestrial Non-Insects,157,Order,Araneae,Araneae,Larvae,0,0,0,NA,NA,NA,NA,NA,NA,NA,NA,NA,NA,NA   NA   NA   NA,NA   NA   NA   NA
STTD_2018-05-30 11:40:00,5/30/2018 11:40,STTD,2018,A,FALSE,CLD,NA,NA,22.2,0.38,233,247,8.14,8.04,20.3,10,Low,655864,658600,2736,2736,18.00045749,18.00045749,1,NA,NA,Terrestrial Non-Insects,157,Order,Araneae,Araneae,Pupae,0,0,0,NA,NA,NA,NA,NA,NA,NA,NA,NA,NA,NA   NA   NA   NA,NA   NA   NA   NA
STTD_2018-05-30 11:40:00,5/30/2018 11:40,STTD,2018,A,FALSE,CLD,NA,NA,22.2,0.38,233,247,8.14,8.04,20.3,10,Low,655864,658600,2736,2736,18.00045749,18.00045749,1,NA,NA,Terrestrial Non-Insects,157,Order,Araneae,Araneae,Nymphs,0,0,0,NA,NA,NA,NA,NA,NA,NA,NA,NA,NA,NA   NA   NA   NA,NA   NA   NA   NA
STTD_2018-05-30 11:40:00,5/30/2018 11:40,STTD,2018,A,FALSE,CLD,NA,NA,22.2,0.38,233,247,8.14,8.04,20.3,10,Low,655864,658600,2736,2736,18.00045749,18.00045749,1,NA,NA,Terrestrial Non-Insects,157,Order,Araneae,Araneae,Emergents,0,0,0,NA,NA,NA,NA,NA,NA,NA,NA,NA,NA,NA   NA   NA   NA,NA   NA   NA   NA
STTD_2018-05-30 11:40:00,5/30/2018 11:40,STTD,2018,A,FALSE,CLD,NA,NA,22.2,0.38,233,247,8.14,8.04,20.3,10,Low,655864,658600,2736,2736,18.00045749,18.00045749,1,NA,NA,Terrestrial Non-Insects,157,Order,Araneae,Araneae,Adults,0,0,0,NA,NA,NA,NA,NA,NA,NA,NA,NA,NA,NA   NA   NA   NA,NA   NA   NA   NA
STTD_2018-05-30 11:40:00,5/30/2018 11:40,STTD,2018,A,FALSE,CLD,NA,NA,22.2,0.38,233,247,8.14,8.04,20.3,10,Low,655864,658600,2736,2736,18.00045749,18.00045749,1,NA,NA,Terrestrial Non-Insects,157,Order,Araneae,Araneae,NotDetermined,1,0.056,0.056,NA,NA,NA,NA,NA,NA,NA,NA,NA,NA,NA   NA   NA   NA,NA   NA   NA   NA
SHR_2018-06-13 09:40:00,6/13/2018 9:40,SHR,2018,A,FALSE,CLR,NA,1,21.1,1.32,112.8,121.9,7.58,8.79,3.8,10,Low,648494,653000,4506,4506,29.64549029,29.64549029,1,NA,NA,Aquatic Insects,30,Family,Dytiscidae,Dytiscidae,Larvae,0,0,0,NA,NA,NA,NA,NA,NA,NA,NA,NA,NA,NA   NA   NA   NA,NA   NA   NA   NA
SHR_2018-06-13 09:40:00,6/13/2018 9:40,SHR,2018,A,FALSE,CLR,NA,1,21.1,1.32,112.8,121.9,7.58,8.79,3.8,10,Low,648494,653000,4506,4506,29.64549029,29.64549029,1,NA,NA,Aquatic Insects,30,Family,Dytiscidae,Dytiscidae,Pupae,0,0,0,NA,NA,NA,NA,NA,NA,NA,NA,NA,NA,NA   NA   NA   NA,NA   NA   NA   NA
SHR_2018-06-13 09:40:00,6/13/2018 9:40,SHR,2018,A,FALSE,CLR,NA,1,21.1,1.32,112.8,121.9,7.58,8.79,3.8,10,Low,648494,653000,4506,4506,29.64549029,29.64549029,1,NA,NA,Aquatic Insects,30,Family,Dytiscidae,Dytiscidae,Nymphs,0,0,0,NA,NA,NA,NA,NA,NA,NA,NA,NA,NA,NA   NA   NA   NA,NA   NA   NA   NA
SHR_2018-06-13 09:40:00,6/13/2018 9:40,SHR,2018,A,FALSE,CLR,NA,1,21.1,1.32,112.8,121.9,7.58,8.79,3.8,10,Low,648494,653000,4506,4506,29.64549029,29.64549029,1,NA,NA,Aquatic Insects,30,Family,Dytiscidae,Dytiscidae,Emergents,0,0,0,NA,NA,NA,NA,NA,NA,NA,NA,NA,NA,NA   NA   NA   NA,NA   NA   NA   NA
SHR_2018-06-13 09:40:00,6/13/2018 9:40,SHR,2018,A,FALSE,CLR,NA,1,21.1,1.32,112.8,121.9,7.58,8.79,3.8,10,Low,648494,653000,4506,4506,29.64549029,29.64549029,1,NA,NA,Aquatic Insects,30,Family,Dytiscidae,Dytiscidae,Adults,2,0.067,0.067,NA,NA,NA,NA,NA,NA,NA,NA,NA,NA,NA   NA   NA   NA,NA   NA   NA   NA
SHR_2018-06-13 09:40:00,6/13/2018 9:40,SHR,2018,A,FALSE,CLR,NA,1,21.1,1.32,112.8,121.9,7.58,8.79,3.8,10,Low,648494,653000,4506,4506,29.64549029,29.64549029,1,NA,NA,Aquatic Insects,30,Family,Dytiscidae,Dytiscidae,NotDetermined,0,0,0,NA,NA,NA,NA,NA,NA,NA,NA,NA,NA,NA   NA   NA   NA,NA   NA   NA   NA
SHR_2018-06-13 09:40:00,6/13/2018 9:40,SHR,2018,A,FALSE,CLR,NA,1,21.1,1.32,112.8,121.9,7.58,8.79,3.8,10,Low,648494,653000,4506,4506,29.64549029,29.64549029,1,NA,NA,Aquatic Insects,52,Family,Hydraenidae,Hydraenidae,Larvae,0,0,0,NA,NA,NA,NA,NA,NA,NA,NA,NA,NA,NA   NA   NA   NA,NA   NA   NA   NA
SHR_2018-06-13 09:40:00,6/13/2018 9:40,SHR,2018,A,FALSE,CLR,NA,1,21.1,1.32,112.8,121.9,7.58,8.79,3.8,10,Low,648494,653000,4506,4506,29.64549029,29.64549029,1,NA,NA,Aquatic Insects,52,Family,Hydraenidae,Hydraenidae,Pupae,0,0,0,NA,NA,NA,NA,NA,NA,NA,NA,NA,NA,NA   NA   NA   NA,NA   NA   NA   NA
SHR_2018-06-13 09:40:00,6/13/2018 9:40,SHR,2018,A,FALSE,CLR,NA,1,21.1,1.32,112.8,121.9,7.58,8.79,3.8,10,Low,648494,653000,4506,4506,29.64549029,29.64549029,1,NA,NA,Aquatic Insects,52,Family,Hydraenidae,Hydraenidae,Nymphs,0,0,0,NA,NA,NA,NA,NA,NA,NA,NA,NA,NA,NA   NA   NA   NA,NA   NA   NA   NA
SHR_2018-06-13 09:40:00,6/13/2018 9:40,SHR,2018,A,FALSE,CLR,NA,1,21.1,1.32,112.8,121.9,7.58,8.79,3.8,10,Low,648494,653000,4506,4506,29.64549029,29.64549029,1,NA,NA,Aquatic Insects,52,Family,Hydraenidae,Hydraenidae,Emergents,0,0,0,NA,NA,NA,NA,NA,NA,NA,NA,NA,NA,NA   NA   NA   NA,NA   NA   NA   NA
SHR_2018-06-13 09:40:00,6/13/2018 9:40,SHR,2018,A,FALSE,CLR,NA,1,21.1,1.32,112.8,121.9,7.58,8.79,3.8,10,Low,648494,653000,4506,4506,29.64549029,29.64549029,1,NA,NA,Aquatic Insects,52,Family,Hydraenidae,Hydraenidae,Adults,2,0.067,0.067,NA,NA,NA,NA,NA,NA,NA,NA,NA,NA,NA   NA   NA   NA,NA   NA   NA   NA
SHR_2018-06-13 09:40:00,6/13/2018 9:40,SHR,2018,A,FALSE,CLR,NA,1,21.1,1.32,112.8,121.9,7.58,8.79,3.8,10,Low,648494,653000,4506,4506,29.64549029,29.64549029,1,NA,NA,Aquatic Insects,52,Family,Hydraenidae,Hydraenidae,NotDetermined,0,0,0,NA,NA,NA,NA,NA,NA,NA,NA,NA,NA,NA   NA   NA   NA,NA   NA   NA   NA
SHR_2018-06-13 09:40:00,6/13/2018 9:40,SHR,2018,A,FALSE,CLR,NA,1,21.1,1.32,112.8,121.9,7.58,8.79,3.8,10,Low,648494,653000,4506,4506,29.64549029,29.64549029,1,NA,NA,Aquatic Insects,32,Family,Ceratopogonidae,Ceratopogonidae,Larvae,1,0.034,0.034,NA,NA,NA,NA,NA,NA,NA,NA,NA,NA,NA   NA   NA   NA,NA   NA   NA   NA
SHR_2018-06-13 09:40:00,6/13/2018 9:40,SHR,2018,A,FALSE,CLR,NA,1,21.1,1.32,112.8,121.9,7.58,8.79,3.8,10,Low,648494,653000,4506,4506,29.64549029,29.64549029,1,NA,NA,Aquatic Insects,32,Family,Ceratopogonidae,Ceratopogonidae,Pupae,4,0.135,0.135,NA,NA,NA,NA,NA,NA,NA,NA,NA,NA,NA   NA   NA   NA,NA   NA   NA   NA
SHR_2018-06-13 09:40:00,6/13/2018 9:40,SHR,2018,A,FALSE,CLR,NA,1,21.1,1.32,112.8,121.9,7.58,8.79,3.8,10,Low,648494,653000,4506,4506,29.64549029,29.64549029,1,NA,NA,Aquatic Insects,32,Family,Ceratopogonidae,Ceratopogonidae,Nymphs,0,0,0,NA,NA,NA,NA,NA,NA,NA,NA,NA,NA,NA   NA   NA   NA,NA   NA   NA   NA
SHR_2018-06-13 09:40:00,6/13/2018 9:40,SHR,2018,A,FALSE,CLR,NA,1,21.1,1.32,112.8,121.9,7.58,8.79,3.8,10,Low,648494,653000,4506,4506,29.64549029,29.64549029,1,NA,NA,Aquatic Insects,32,Family,Ceratopogonidae,Ceratopogonidae,Emergents,0,0,0,NA,NA,NA,NA,NA,NA,NA,NA,NA,NA,NA   NA   NA   NA,NA   NA   NA   NA
SHR_2018-06-13 09:40:00,6/13/2018 9:40,SHR,2018,A,FALSE,CLR,NA,1,21.1,1.32,112.8,121.9,7.58,8.79,3.8,10,Low,648494,653000,4506,4506,29.64549029,29.64549029,1,NA,NA,Aquatic Insects,32,Family,Ceratopogonidae,Ceratopogonidae,Adults,0,0,0,NA,NA,NA,NA,NA,NA,NA,NA,NA,NA,NA   NA   NA   NA,NA   NA   NA   NA
SHR_2018-06-13 09:40:00,6/13/2018 9:40,SHR,2018,A,FALSE,CLR,NA,1,21.1,1.32,112.8,121.9,7.58,8.79,3.8,10,Low,648494,653000,4506,4506,29.64549029,29.64549029,1,NA,NA,Aquatic Insects,32,Family,Ceratopogonidae,Ceratopogonidae,NotDetermined,0,0,0,NA,NA,NA,NA,NA,NA,NA,NA,NA,NA,NA   NA   NA   NA,NA   NA   NA   NA
SHR_2018-06-13 09:40:00,6/13/2018 9:40,SHR,2018,A,FALSE,CLR,NA,1,21.1,1.32,112.8,121.9,7.58,8.79,3.8,10,Low,648494,653000,4506,4506,29.64549029,29.64549029,1,NA,NA,Aquatic Insects,34,Family,Chironomidae,Chironomidae,Larvae,5,0.169,0.169,NA,NA,NA,NA,NA,NA,NA,NA,NA,NA,NA   NA   NA   NA,NA   NA   NA   NA
SHR_2018-06-13 09:40:00,6/13/2018 9:40,SHR,2018,A,FALSE,CLR,NA,1,21.1,1.32,112.8,121.9,7.58,8.79,3.8,10,Low,648494,653000,4506,4506,29.64549029,29.64549029,1,NA,NA,Aquatic Insects,34,Family,Chironomidae,Chironomidae,Pupae,9,0.304,0.304,NA,NA,NA,NA,NA,NA,NA,NA,NA,NA,NA   NA   NA   NA,NA   NA   NA   NA
SHR_2018-06-13 09:40:00,6/13/2018 9:40,SHR,2018,A,FALSE,CLR,NA,1,21.1,1.32,112.8,121.9,7.58,8.79,3.8,10,Low,648494,653000,4506,4506,29.64549029,29.64549029,1,NA,NA,Aquatic Insects,34,Family,Chironomidae,Chironomidae,Nymphs,0,0,0,NA,NA,NA,NA,NA,NA,NA,NA,NA,NA,NA   NA   NA   NA,NA   NA   NA   NA
SHR_2018-06-13 09:40:00,6/13/2018 9:40,SHR,2018,A,FALSE,CLR,NA,1,21.1,1.32,112.8,121.9,7.58,8.79,3.8,10,Low,648494,653000,4506,4506,29.64549029,29.64549029,1,NA,NA,Aquatic Insects,34,Family,Chironomidae,Chironomidae,Emergents,0,0,0,NA,NA,NA,NA,NA,NA,NA,NA,NA,NA,NA   NA   NA   NA,NA   NA   NA   NA
SHR_2018-06-13 09:40:00,6/13/2018 9:40,SHR,2018,A,FALSE,CLR,NA,1,21.1,1.32,112.8,121.9,7.58,8.79,3.8,10,Low,648494,653000,4506,4506,29.64549029,29.64549029,1,NA,NA,Aquatic Insects,34,Family,Chironomidae,Chironomidae,Adults,68,2.294,2.294,NA,NA,NA,NA,NA,NA,NA,NA,NA,NA,NA   NA   NA   NA,NA   NA   NA   NA
SHR_2018-06-13 09:40:00,6/13/2018 9:40,SHR,2018,A,FALSE,CLR,NA,1,21.1,1.32,112.8,121.9,7.58,8.79,3.8,10,Low,648494,653000,4506,4506,29.64549029,29.64549029,1,NA,NA,Aquatic Insects,34,Family,Chironomidae,Chironomidae,NotDetermined,0,0,0,NA,NA,NA,NA,NA,NA,NA,NA,NA,NA,NA   NA   NA   NA,NA   NA   NA   NA
SHR_2018-06-13 09:40:00,6/13/2018 9:40,SHR,2018,A,FALSE,CLR,NA,1,21.1,1.32,112.8,121.9,7.58,8.79,3.8,10,Low,648494,653000,4506,4506,29.64549029,29.64549029,1,NA,NA,Aquatic Insects,44,Family,Corixidae,Corixidae,Larvae,0,0,0,NA,NA,NA,NA,NA,NA,NA,NA,NA,NA,NA   NA   NA   NA,NA   NA   NA   NA
SHR_2018-06-13 09:40:00,6/13/2018 9:40,SHR,2018,A,FALSE,CLR,NA,1,21.1,1.32,112.8,121.9,7.58,8.79,3.8,10,Low,648494,653000,4506,4506,29.64549029,29.64549029,1,NA,NA,Aquatic Insects,44,Family,Corixidae,Corixidae,Pupae,0,0,0,NA,NA,NA,NA,NA,NA,NA,NA,NA,NA,NA   NA   NA   NA,NA   NA   NA   NA
SHR_2018-06-13 09:40:00,6/13/2018 9:40,SHR,2018,A,FALSE,CLR,NA,1,21.1,1.32,112.8,121.9,7.58,8.79,3.8,10,Low,648494,653000,4506,4506,29.64549029,29.64549029,1,NA,NA,Aquatic Insects,44,Family,Corixidae,Corixidae,Nymphs,2,0.067,0.067,NA,NA,NA,NA,NA,NA,NA,NA,NA,NA,NA   NA   NA   NA,NA   NA   NA   NA
SHR_2018-06-13 09:40:00,6/13/2018 9:40,SHR,2018,A,FALSE,CLR,NA,1,21.1,1.32,112.8,121.9,7.58,8.79,3.8,10,Low,648494,653000,4506,4506,29.64549029,29.64549029,1,NA,NA,Aquatic Insects,44,Family,Corixidae,Corixidae,Emergents,0,0,0,NA,NA,NA,NA,NA,NA,NA,NA,NA,NA,NA   NA   NA   NA,NA   NA   NA   NA
SHR_2018-06-13 09:40:00,6/13/2018 9:40,SHR,2018,A,FALSE,CLR,NA,1,21.1,1.32,112.8,121.9,7.58,8.79,3.8,10,Low,648494,653000,4506,4506,29.64549029,29.64549029,1,NA,NA,Aquatic Insects,44,Family,Corixidae,Corixidae,Adults,0,0,0,NA,NA,NA,NA,NA,NA,NA,NA,NA,NA,NA   NA   NA   NA,NA   NA   NA   NA
SHR_2018-06-13 09:40:00,6/13/2018 9:40,SHR,2018,A,FALSE,CLR,NA,1,21.1,1.32,112.8,121.9,7.58,8.79,3.8,10,Low,648494,653000,4506,4506,29.64549029,29.64549029,1,NA,NA,Aquatic Insects,44,Family,Corixidae,Corixidae,NotDetermined,0,0,0,NA,NA,NA,NA,NA,NA,NA,NA,NA,NA,NA   NA   NA   NA,NA   NA   NA   NA
SHR_2018-06-13 09:40:00,6/13/2018 9:40,SHR,2018,A,FALSE,CLR,NA,1,21.1,1.32,112.8,121.9,7.58,8.79,3.8,10,Low,648494,653000,4506,4506,29.64549029,29.64549029,1,NA,NA,Aquatic Non-Insects,4,Family,Naididae,Naididae,Larvae,0,0,0,NA,NA,NA,NA,NA,NA,NA,NA,NA,NA,NA   NA   NA   NA,NA   NA   NA   NA
SHR_2018-06-13 09:40:00,6/13/2018 9:40,SHR,2018,A,FALSE,CLR,NA,1,21.1,1.32,112.8,121.9,7.58,8.79,3.8,10,Low,648494,653000,4506,4506,29.64549029,29.64549029,1,NA,NA,Aquatic Non-Insects,4,Family,Naididae,Naididae,Pupae,0,0,0,NA,NA,NA,NA,NA,NA,NA,NA,NA,NA,NA   NA   NA   NA,NA   NA   NA   NA
SHR_2018-06-13 09:40:00,6/13/2018 9:40,SHR,2018,A,FALSE,CLR,NA,1,21.1,1.32,112.8,121.9,7.58,8.79,3.8,10,Low,648494,653000,4506,4506,29.64549029,29.64549029,1,NA,NA,Aquatic Non-Insects,4,Family,Naididae,Naididae,Nymphs,0,0,0,NA,NA,NA,NA,NA,NA,NA,NA,NA,NA,NA   NA   NA   NA,NA   NA   NA   NA
SHR_2018-06-13 09:40:00,6/13/2018 9:40,SHR,2018,A,FALSE,CLR,NA,1,21.1,1.32,112.8,121.9,7.58,8.79,3.8,10,Low,648494,653000,4506,4506,29.64549029,29.64549029,1,NA,NA,Aquatic Non-Insects,4,Family,Naididae,Naididae,Emergents,0,0,0,NA,NA,NA,NA,NA,NA,NA,NA,NA,NA,NA   NA   NA   NA,NA   NA   NA   NA
SHR_2018-06-13 09:40:00,6/13/2018 9:40,SHR,2018,A,FALSE,CLR,NA,1,21.1,1.32,112.8,121.9,7.58,8.79,3.8,10,Low,648494,653000,4506,4506,29.64549029,29.64549029,1,NA,NA,Aquatic Non-Insects,4,Family,Naididae,Naididae,Adults,0,0,0,NA,NA,NA,NA,NA,NA,NA,NA,NA,NA,NA   NA   NA   NA,NA   NA   NA   NA
SHR_2018-06-13 09:40:00,6/13/2018 9:40,SHR,2018,A,FALSE,CLR,NA,1,21.1,1.32,112.8,121.9,7.58,8.79,3.8,10,Low,648494,653000,4506,4506,29.64549029,29.64549029,1,NA,NA,Aquatic Non-Insects,4,Family,Naididae,Naididae,NotDetermined,1,0.034,0.034,NA,NA,NA,NA,NA,NA,NA,NA,NA,NA,NA   NA   NA   NA,NA   NA   NA   NA
SHR_2018-06-13 09:40:00,6/13/2018 9:40,SHR,2018,A,FALSE,CLR,NA,1,21.1,1.32,112.8,121.9,7.58,8.79,3.8,10,Low,648494,653000,4506,4506,29.64549029,29.64549029,1,NA,NA,Aquatic Non-Insects,2,Family,Enchytraeidae,Enchytraeidae,Larvae,0,0,0,NA,NA,NA,NA,NA,NA,NA,NA,NA,NA,NA   NA   NA   NA,NA   NA   NA   NA
SHR_2018-06-13 09:40:00,6/13/2018 9:40,SHR,2018,A,FALSE,CLR,NA,1,21.1,1.32,112.8,121.9,7.58,8.79,3.8,10,Low,648494,653000,4506,4506,29.64549029,29.64549029,1,NA,NA,Aquatic Non-Insects,2,Family,Enchytraeidae,Enchytraeidae,Pupae,0,0,0,NA,NA,NA,NA,NA,NA,NA,NA,NA,NA,NA   NA   NA   NA,NA   NA   NA   NA
SHR_2018-06-13 09:40:00,6/13/2018 9:40,SHR,2018,A,FALSE,CLR,NA,1,21.1,1.32,112.8,121.9,7.58,8.79,3.8,10,Low,648494,653000,4506,4506,29.64549029,29.64549029,1,NA,NA,Aquatic Non-Insects,2,Family,Enchytraeidae,Enchytraeidae,Nymphs,0,0,0,NA,NA,NA,NA,NA,NA,NA,NA,NA,NA,NA   NA   NA   NA,NA   NA   NA   NA
SHR_2018-06-13 09:40:00,6/13/2018 9:40,SHR,2018,A,FALSE,CLR,NA,1,21.1,1.32,112.8,121.9,7.58,8.79,3.8,10,Low,648494,653000,4506,4506,29.64549029,29.64549029,1,NA,NA,Aquatic Non-Insects,2,Family,Enchytraeidae,Enchytraeidae,Emergents,0,0,0,NA,NA,NA,NA,NA,NA,NA,NA,NA,NA,NA   NA   NA   NA,NA   NA   NA   NA
SHR_2018-06-13 09:40:00,6/13/2018 9:40,SHR,2018,A,FALSE,CLR,NA,1,21.1,1.32,112.8,121.9,7.58,8.79,3.8,10,Low,648494,653000,4506,4506,29.64549029,29.64549029,1,NA,NA,Aquatic Non-Insects,2,Family,Enchytraeidae,Enchytraeidae,Adults,0,0,0,NA,NA,NA,NA,NA,NA,NA,NA,NA,NA,NA   NA   NA   NA,NA   NA   NA   NA
SHR_2018-06-13 09:40:00,6/13/2018 9:40,SHR,2018,A,FALSE,CLR,NA,1,21.1,1.32,112.8,121.9,7.58,8.79,3.8,10,Low,648494,653000,4506,4506,29.64549029,29.64549029,1,NA,NA,Aquatic Non-Insects,2,Family,Enchytraeidae,Enchytraeidae,NotDetermined,1,0.034,0.034,NA,NA,NA,NA,NA,NA,NA,NA,NA,NA,NA   NA   NA   NA,NA   NA   NA   NA
SHR_2018-06-13 09:40:00,6/13/2018 9:40,SHR,2018,A,FALSE,CLR,NA,1,21.1,1.32,112.8,121.9,7.58,8.79,3.8,10,Low,648494,653000,4506,4506,29.64549029,29.64549029,1,NA,NA,Aquatic Non-Insects,28,Family,Lebertiidae,Lebertiidae,Larvae,0,0,0,NA,NA,NA,NA,NA,NA,NA,NA,NA,NA,NA   NA   NA   NA,NA   NA   NA   NA
SHR_2018-06-13 09:40:00,6/13/2018 9:40,SHR,2018,A,FALSE,CLR,NA,1,21.1,1.32,112.8,121.9,7.58,8.79,3.8,10,Low,648494,653000,4506,4506,29.64549029,29.64549029,1,NA,NA,Aquatic Non-Insects,120,Family,Lebertiidae,Lebertiidae,Larvae,0,0,0,NA,NA,NA,NA,NA,NA,NA,NA,NA,NA,NA   NA   NA   NA,NA   NA   NA   NA
SHR_2018-06-13 09:40:00,6/13/2018 9:40,SHR,2018,A,FALSE,CLR,NA,1,21.1,1.32,112.8,121.9,7.58,8.79,3.8,10,Low,648494,653000,4506,4506,29.64549029,29.64549029,1,NA,NA,Aquatic Non-Insects,28,Family,Lebertiidae,Lebertiidae,Pupae,0,0,0,NA,NA,NA,NA,NA,NA,NA,NA,NA,NA,NA   NA   NA   NA,NA   NA   NA   NA
SHR_2018-06-13 09:40:00,6/13/2018 9:40,SHR,2018,A,FALSE,CLR,NA,1,21.1,1.32,112.8,121.9,7.58,8.79,3.8,10,Low,648494,653000,4506,4506,29.64549029,29.64549029,1,NA,NA,Aquatic Non-Insects,120,Family,Lebertiidae,Lebertiidae,Pupae,0,0,0,NA,NA,NA,NA,NA,NA,NA,NA,NA,NA,NA   NA   NA   NA,NA   NA   NA   NA
SHR_2018-06-13 09:40:00,6/13/2018 9:40,SHR,2018,A,FALSE,CLR,NA,1,21.1,1.32,112.8,121.9,7.58,8.79,3.8,10,Low,648494,653000,4506,4506,29.64549029,29.64549029,1,NA,NA,Aquatic Non-Insects,28,Family,Lebertiidae,Lebertiidae,Nymphs,0,0,0,NA,NA,NA,NA,NA,NA,NA,NA,NA,NA,NA   NA   NA   NA,NA   NA   NA   NA
SHR_2018-06-13 09:40:00,6/13/2018 9:40,SHR,2018,A,FALSE,CLR,NA,1,21.1,1.32,112.8,121.9,7.58,8.79,3.8,10,Low,648494,653000,4506,4506,29.64549029,29.64549029,1,NA,NA,Aquatic Non-Insects,120,Family,Lebertiidae,Lebertiidae,Nymphs,0,0,0,NA,NA,NA,NA,NA,NA,NA,NA,NA,NA,NA   NA   NA   NA,NA   NA   NA   NA
SHR_2018-06-13 09:40:00,6/13/2018 9:40,SHR,2018,A,FALSE,CLR,NA,1,21.1,1.32,112.8,121.9,7.58,8.79,3.8,10,Low,648494,653000,4506,4506,29.64549029,29.64549029,1,NA,NA,Aquatic Non-Insects,28,Family,Lebertiidae,Lebertiidae,Emergents,0,0,0,NA,NA,NA,NA,NA,NA,NA,NA,NA,NA,NA   NA   NA   NA,NA   NA   NA   NA
SHR_2018-06-13 09:40:00,6/13/2018 9:40,SHR,2018,A,FALSE,CLR,NA,1,21.1,1.32,112.8,121.9,7.58,8.79,3.8,10,Low,648494,653000,4506,4506,29.64549029,29.64549029,1,NA,NA,Aquatic Non-Insects,120,Family,Lebertiidae,Lebertiidae,Emergents,0,0,0,NA,NA,NA,NA,NA,NA,NA,NA,NA,NA,NA   NA   NA   NA,NA   NA   NA   NA
SHR_2018-06-13 09:40:00,6/13/2018 9:40,SHR,2018,A,FALSE,CLR,NA,1,21.1,1.32,112.8,121.9,7.58,8.79,3.8,10,Low,648494,653000,4506,4506,29.64549029,29.64549029,1,NA,NA,Aquatic Non-Insects,28,Family,Lebertiidae,Lebertiidae,Adults,0,0,0,NA,NA,NA,NA,NA,NA,NA,NA,NA,NA,NA   NA   NA   NA,NA   NA   NA   NA
SHR_2018-06-13 09:40:00,6/13/2018 9:40,SHR,2018,A,FALSE,CLR,NA,1,21.1,1.32,112.8,121.9,7.58,8.79,3.8,10,Low,648494,653000,4506,4506,29.64549029,29.64549029,1,NA,NA,Aquatic Non-Insects,120,Family,Lebertiidae,Lebertiidae,Adults,0,0,0,NA,NA,NA,NA,NA,NA,NA,NA,NA,NA,NA   NA   NA   NA,NA   NA   NA   NA
SHR_2018-06-13 09:40:00,6/13/2018 9:40,SHR,2018,A,FALSE,CLR,NA,1,21.1,1.32,112.8,121.9,7.58,8.79,3.8,10,Low,648494,653000,4506,4506,29.64549029,29.64549029,1,NA,NA,Aquatic Non-Insects,28,Family,Lebertiidae,Lebertiidae,NotDetermined,1,0.034,0.034,NA,NA,NA,NA,NA,NA,NA,NA,NA,NA,NA   NA   NA   NA,NA   NA   NA   NA
SHR_2018-06-13 09:40:00,6/13/2018 9:40,SHR,2018,A,FALSE,CLR,NA,1,21.1,1.32,112.8,121.9,7.58,8.79,3.8,10,Low,648494,653000,4506,4506,29.64549029,29.64549029,1,NA,NA,Aquatic Non-Insects,120,Family,Lebertiidae,Lebertiidae,NotDetermined,1,0.034,0.034,NA,NA,NA,NA,NA,NA,NA,NA,NA,NA,NA   NA   NA   NA,NA   NA   NA   NA
SHR_2018-06-13 09:40:00,6/13/2018 9:40,SHR,2018,A,FALSE,CLR,NA,1,21.1,1.32,112.8,121.9,7.58,8.79,3.8,10,Low,648494,653000,4506,4506,29.64549029,29.64549029,1,NA,NA,Aquatic Non-Insects,77,Family,Hygrobatidae,Hygrobatidae,Larvae,0,0,0,NA,NA,NA,NA,NA,NA,NA,NA,NA,NA,NA   NA   NA   NA,NA   NA   NA   NA
SHR_2018-06-13 09:40:00,6/13/2018 9:40,SHR,2018,A,FALSE,CLR,NA,1,21.1,1.32,112.8,121.9,7.58,8.79,3.8,10,Low,648494,653000,4506,4506,29.64549029,29.64549029,1,NA,NA,Aquatic Non-Insects,77,Family,Hygrobatidae,Hygrobatidae,Pupae,0,0,0,NA,NA,NA,NA,NA,NA,NA,NA,NA,NA,NA   NA   NA   NA,NA   NA   NA   NA
SHR_2018-06-13 09:40:00,6/13/2018 9:40,SHR,2018,A,FALSE,CLR,NA,1,21.1,1.32,112.8,121.9,7.58,8.79,3.8,10,Low,648494,653000,4506,4506,29.64549029,29.64549029,1,NA,NA,Aquatic Non-Insects,77,Family,Hygrobatidae,Hygrobatidae,Nymphs,0,0,0,NA,NA,NA,NA,NA,NA,NA,NA,NA,NA,NA   NA   NA   NA,NA   NA   NA   NA
SHR_2018-06-13 09:40:00,6/13/2018 9:40,SHR,2018,A,FALSE,CLR,NA,1,21.1,1.32,112.8,121.9,7.58,8.79,3.8,10,Low,648494,653000,4506,4506,29.64549029,29.64549029,1,NA,NA,Aquatic Non-Insects,77,Family,Hygrobatidae,Hygrobatidae,Emergents,0,0,0,NA,NA,NA,NA,NA,NA,NA,NA,NA,NA,NA   NA   NA   NA,NA   NA   NA   NA
SHR_2018-06-13 09:40:00,6/13/2018 9:40,SHR,2018,A,FALSE,CLR,NA,1,21.1,1.32,112.8,121.9,7.58,8.79,3.8,10,Low,648494,653000,4506,4506,29.64549029,29.64549029,1,NA,NA,Aquatic Non-Insects,77,Family,Hygrobatidae,Hygrobatidae,Adults,0,0,0,NA,NA,NA,NA,NA,NA,NA,NA,NA,NA,NA   NA   NA   NA,NA   NA   NA   NA
SHR_2018-06-13 09:40:00,6/13/2018 9:40,SHR,2018,A,FALSE,CLR,NA,1,21.1,1.32,112.8,121.9,7.58,8.79,3.8,10,Low,648494,653000,4506,4506,29.64549029,29.64549029,1,NA,NA,Aquatic Non-Insects,77,Family,Hygrobatidae,Hygrobatidae,NotDetermined,1,0.034,0.034,NA,NA,NA,NA,NA,NA,NA,NA,NA,NA,NA   NA   NA   NA,NA   NA   NA   NA
SHR_2018-06-13 09:40:00,6/13/2018 9:40,SHR,2018,A,FALSE,CLR,NA,1,21.1,1.32,112.8,121.9,7.58,8.79,3.8,10,Low,648494,653000,4506,4506,29.64549029,29.64549029,1,NA,NA,Aquatic Non-Insects,15,Family,Hyalellidae,Hyalellidae,Larvae,0,0,0,NA,NA,NA,NA,NA,NA,NA,NA,NA,NA,NA   NA   NA   NA,NA   NA   NA   NA
SHR_2018-06-13 09:40:00,6/13/2018 9:40,SHR,2018,A,FALSE,CLR,NA,1,21.1,1.32,112.8,121.9,7.58,8.79,3.8,10,Low,648494,653000,4506,4506,29.64549029,29.64549029,1,NA,NA,Aquatic Non-Insects,15,Family,Hyalellidae,Hyalellidae,Pupae,0,0,0,NA,NA,NA,NA,NA,NA,NA,NA,NA,NA,NA   NA   NA   NA,NA   NA   NA   NA
SHR_2018-06-13 09:40:00,6/13/2018 9:40,SHR,2018,A,FALSE,CLR,NA,1,21.1,1.32,112.8,121.9,7.58,8.79,3.8,10,Low,648494,653000,4506,4506,29.64549029,29.64549029,1,NA,NA,Aquatic Non-Insects,15,Family,Hyalellidae,Hyalellidae,Nymphs,0,0,0,NA,NA,NA,NA,NA,NA,NA,NA,NA,NA,NA   NA   NA   NA,NA   NA   NA   NA
SHR_2018-06-13 09:40:00,6/13/2018 9:40,SHR,2018,A,FALSE,CLR,NA,1,21.1,1.32,112.8,121.9,7.58,8.79,3.8,10,Low,648494,653000,4506,4506,29.64549029,29.64549029,1,NA,NA,Aquatic Non-Insects,15,Family,Hyalellidae,Hyalellidae,Emergents,0,0,0,NA,NA,NA,NA,NA,NA,NA,NA,NA,NA,NA   NA   NA   NA,NA   NA   NA   NA
SHR_2018-06-13 09:40:00,6/13/2018 9:40,SHR,2018,A,FALSE,CLR,NA,1,21.1,1.32,112.8,121.9,7.58,8.79,3.8,10,Low,648494,653000,4506,4506,29.64549029,29.64549029,1,NA,NA,Aquatic Non-Insects,15,Family,Hyalellidae,Hyalellidae,Adults,0,0,0,NA,NA,NA,NA,NA,NA,NA,NA,NA,NA,NA   NA   NA   NA,NA   NA   NA   NA
SHR_2018-06-13 09:40:00,6/13/2018 9:40,SHR,2018,A,FALSE,CLR,NA,1,21.1,1.32,112.8,121.9,7.58,8.79,3.8,10,Low,648494,653000,4506,4506,29.64549029,29.64549029,1,NA,NA,Aquatic Non-Insects,15,Family,Hyalellidae,Hyalellidae,NotDetermined,1,0.034,0.034,NA,NA,NA,NA,NA,NA,NA,NA,NA,NA,NA   NA   NA   NA,NA   NA   NA   NA
SHR_2018-06-13 09:40:00,6/13/2018 9:40,SHR,2018,A,FALSE,CLR,NA,1,21.1,1.32,112.8,121.9,7.58,8.79,3.8,10,Low,648494,653000,4506,4506,29.64549029,29.64549029,1,NA,NA,Aquatic Non-Insects,19,Family,Corbiculidae,Corbiculidae,Larvae,0,0,0,NA,NA,NA,NA,NA,NA,NA,NA,NA,NA,NA   NA   NA   NA,NA   NA   NA   NA
SHR_2018-06-13 09:40:00,6/13/2018 9:40,SHR,2018,A,FALSE,CLR,NA,1,21.1,1.32,112.8,121.9,7.58,8.79,3.8,10,Low,648494,653000,4506,4506,29.64549029,29.64549029,1,NA,NA,Aquatic Non-Insects,19,Family,Corbiculidae,Corbiculidae,Pupae,0,0,0,NA,NA,NA,NA,NA,NA,NA,NA,NA,NA,NA   NA   NA   NA,NA   NA   NA   NA
SHR_2018-06-13 09:40:00,6/13/2018 9:40,SHR,2018,A,FALSE,CLR,NA,1,21.1,1.32,112.8,121.9,7.58,8.79,3.8,10,Low,648494,653000,4506,4506,29.64549029,29.64549029,1,NA,NA,Aquatic Non-Insects,19,Family,Corbiculidae,Corbiculidae,Nymphs,0,0,0,NA,NA,NA,NA,NA,NA,NA,NA,NA,NA,NA   NA   NA   NA,NA   NA   NA   NA
SHR_2018-06-13 09:40:00,6/13/2018 9:40,SHR,2018,A,FALSE,CLR,NA,1,21.1,1.32,112.8,121.9,7.58,8.79,3.8,10,Low,648494,653000,4506,4506,29.64549029,29.64549029,1,NA,NA,Aquatic Non-Insects,19,Family,Corbiculidae,Corbiculidae,Emergents,0,0,0,NA,NA,NA,NA,NA,NA,NA,NA,NA,NA,NA   NA   NA   NA,NA   NA   NA   NA
SHR_2018-06-13 09:40:00,6/13/2018 9:40,SHR,2018,A,FALSE,CLR,NA,1,21.1,1.32,112.8,121.9,7.58,8.79,3.8,10,Low,648494,653000,4506,4506,29.64549029,29.64549029,1,NA,NA,Aquatic Non-Insects,19,Family,Corbiculidae,Corbiculidae,Adults,0,0,0,NA,NA,NA,NA,NA,NA,NA,NA,NA,NA,NA   NA   NA   NA,NA   NA   NA   NA
SHR_2018-06-13 09:40:00,6/13/2018 9:40,SHR,2018,A,FALSE,CLR,NA,1,21.1,1.32,112.8,121.9,7.58,8.79,3.8,10,Low,648494,653000,4506,4506,29.64549029,29.64549029,1,NA,NA,Aquatic Non-Insects,19,Family,Corbiculidae,Corbiculidae,NotDetermined,1,0.034,0.034,NA,NA,NA,NA,NA,NA,NA,NA,NA,NA,NA   NA   NA   NA,NA   NA   NA   NA
SHR_2018-06-13 09:40:00,6/13/2018 9:40,SHR,2018,A,FALSE,CLR,NA,1,21.1,1.32,112.8,121.9,7.58,8.79,3.8,10,Low,648494,653000,4506,4506,29.64549029,29.64549029,1,NA,NA,Terrestrial Insects,64,Order,Diptera,Diptera,Larvae,0,0,0,NA,NA,NA,NA,NA,NA,NA,NA,NA,NA,NA   NA   NA   NA,NA   NA   NA   NA
SHR_2018-06-13 09:40:00,6/13/2018 9:40,SHR,2018,A,FALSE,CLR,NA,1,21.1,1.32,112.8,121.9,7.58,8.79,3.8,10,Low,648494,653000,4506,4506,29.64549029,29.64549029,1,NA,NA,Terrestrial Insects,64,Order,Diptera,Diptera,Pupae,0,0,0,NA,NA,NA,NA,NA,NA,NA,NA,NA,NA,NA   NA   NA   NA,NA   NA   NA   NA
SHR_2018-06-13 09:40:00,6/13/2018 9:40,SHR,2018,A,FALSE,CLR,NA,1,21.1,1.32,112.8,121.9,7.58,8.79,3.8,10,Low,648494,653000,4506,4506,29.64549029,29.64549029,1,NA,NA,Terrestrial Insects,64,Order,Diptera,Diptera,Nymphs,0,0,0,NA,NA,NA,NA,NA,NA,NA,NA,NA,NA,NA   NA   NA   NA,NA   NA   NA   NA
SHR_2018-06-13 09:40:00,6/13/2018 9:40,SHR,2018,A,FALSE,CLR,NA,1,21.1,1.32,112.8,121.9,7.58,8.79,3.8,10,Low,648494,653000,4506,4506,29.64549029,29.64549029,1,NA,NA,Terrestrial Insects,64,Order,Diptera,Diptera,Emergents,0,0,0,NA,NA,NA,NA,NA,NA,NA,NA,NA,NA,NA   NA   NA   NA,NA   NA   NA   NA
SHR_2018-06-13 09:40:00,6/13/2018 9:40,SHR,2018,A,FALSE,CLR,NA,1,21.1,1.32,112.8,121.9,7.58,8.79,3.8,10,Low,648494,653000,4506,4506,29.64549029,29.64549029,1,NA,NA,Terrestrial Insects,64,Order,Diptera,Diptera,Adults,4,0.135,0.135,NA,NA,NA,NA,NA,NA,NA,NA,NA,NA,NA   NA   NA   NA,NA   NA   NA   NA
SHR_2018-06-13 09:40:00,6/13/2018 9:40,SHR,2018,A,FALSE,CLR,NA,1,21.1,1.32,112.8,121.9,7.58,8.79,3.8,10,Low,648494,653000,4506,4506,29.64549029,29.64549029,1,NA,NA,Terrestrial Insects,64,Order,Diptera,Diptera,NotDetermined,0,0,0,NA,NA,NA,NA,NA,NA,NA,NA,NA,NA,NA   NA   NA   NA,NA   NA   NA   NA
SHR_2018-06-13 09:40:00,6/13/2018 9:40,SHR,2018,A,FALSE,CLR,NA,1,21.1,1.32,112.8,121.9,7.58,8.79,3.8,10,Low,648494,653000,4506,4506,29.64549029,29.64549029,1,NA,NA,Terrestrial Insects,71,Order,Hemiptera,Hemiptera,Larvae,0,0,0,NA,NA,NA,NA,NA,NA,NA,NA,NA,NA,NA   NA   NA   NA,NA   NA   NA   NA
SHR_2018-06-13 09:40:00,6/13/2018 9:40,SHR,2018,A,FALSE,CLR,NA,1,21.1,1.32,112.8,121.9,7.58,8.79,3.8,10,Low,648494,653000,4506,4506,29.64549029,29.64549029,1,NA,NA,Terrestrial Insects,71,Order,Hemiptera,Hemiptera,Pupae,0,0,0,NA,NA,NA,NA,NA,NA,NA,NA,NA,NA,NA   NA   NA   NA,NA   NA   NA   NA
SHR_2018-06-13 09:40:00,6/13/2018 9:40,SHR,2018,A,FALSE,CLR,NA,1,21.1,1.32,112.8,121.9,7.58,8.79,3.8,10,Low,648494,653000,4506,4506,29.64549029,29.64549029,1,NA,NA,Terrestrial Insects,71,Order,Hemiptera,Hemiptera,Nymphs,0,0,0,NA,NA,NA,NA,NA,NA,NA,NA,NA,NA,NA   NA   NA   NA,NA   NA   NA   NA
SHR_2018-06-13 09:40:00,6/13/2018 9:40,SHR,2018,A,FALSE,CLR,NA,1,21.1,1.32,112.8,121.9,7.58,8.79,3.8,10,Low,648494,653000,4506,4506,29.64549029,29.64549029,1,NA,NA,Terrestrial Insects,71,Order,Hemiptera,Hemiptera,Emergents,0,0,0,NA,NA,NA,NA,NA,NA,NA,NA,NA,NA,NA   NA   NA   NA,NA   NA   NA   NA
SHR_2018-06-13 09:40:00,6/13/2018 9:40,SHR,2018,A,FALSE,CLR,NA,1,21.1,1.32,112.8,121.9,7.58,8.79,3.8,10,Low,648494,653000,4506,4506,29.64549029,29.64549029,1,NA,NA,Terrestrial Insects,71,Order,Hemiptera,Hemiptera,Adults,2,0.067,0.067,NA,NA,NA,NA,NA,NA,NA,NA,NA,NA,NA   NA   NA   NA,NA   NA   NA   NA
SHR_2018-06-13 09:40:00,6/13/2018 9:40,SHR,2018,A,FALSE,CLR,NA,1,21.1,1.32,112.8,121.9,7.58,8.79,3.8,10,Low,648494,653000,4506,4506,29.64549029,29.64549029,1,NA,NA,Terrestrial Insects,71,Order,Hemiptera,Hemiptera,NotDetermined,0,0,0,NA,NA,NA,NA,NA,NA,NA,NA,NA,NA,NA   NA   NA   NA,NA   NA   NA   NA
SHR_2018-06-13 09:40:00,6/13/2018 9:40,SHR,2018,A,FALSE,CLR,NA,1,21.1,1.32,112.8,121.9,7.58,8.79,3.8,10,Low,648494,653000,4506,4506,29.64549029,29.64549029,1,NA,NA,Terrestrial Insects,66,Order,Hymenoptera,Hymenoptera,Larvae,0,0,0,NA,NA,NA,NA,NA,NA,NA,NA,NA,NA,NA   NA   NA   NA,NA   NA   NA   NA
SHR_2018-06-13 09:40:00,6/13/2018 9:40,SHR,2018,A,FALSE,CLR,NA,1,21.1,1.32,112.8,121.9,7.58,8.79,3.8,10,Low,648494,653000,4506,4506,29.64549029,29.64549029,1,NA,NA,Terrestrial Insects,66,Order,Hymenoptera,Hymenoptera,Pupae,0,0,0,NA,NA,NA,NA,NA,NA,NA,NA,NA,NA,NA   NA   NA   NA,NA   NA   NA   NA
SHR_2018-06-13 09:40:00,6/13/2018 9:40,SHR,2018,A,FALSE,CLR,NA,1,21.1,1.32,112.8,121.9,7.58,8.79,3.8,10,Low,648494,653000,4506,4506,29.64549029,29.64549029,1,NA,NA,Terrestrial Insects,66,Order,Hymenoptera,Hymenoptera,Nymphs,0,0,0,NA,NA,NA,NA,NA,NA,NA,NA,NA,NA,NA   NA   NA   NA,NA   NA   NA   NA
SHR_2018-06-13 09:40:00,6/13/2018 9:40,SHR,2018,A,FALSE,CLR,NA,1,21.1,1.32,112.8,121.9,7.58,8.79,3.8,10,Low,648494,653000,4506,4506,29.64549029,29.64549029,1,NA,NA,Terrestrial Insects,66,Order,Hymenoptera,Hymenoptera,Emergents,0,0,0,NA,NA,NA,NA,NA,NA,NA,NA,NA,NA,NA   NA   NA   NA,NA   NA   NA   NA
SHR_2018-06-13 09:40:00,6/13/2018 9:40,SHR,2018,A,FALSE,CLR,NA,1,21.1,1.32,112.8,121.9,7.58,8.79,3.8,10,Low,648494,653000,4506,4506,29.64549029,29.64549029,1,NA,NA,Terrestrial Insects,66,Order,Hymenoptera,Hymenoptera,Adults,9,0.304,0.304,NA,NA,NA,NA,NA,NA,NA,NA,NA,NA,NA   NA   NA   NA,NA   NA   NA   NA
SHR_2018-06-13 09:40:00,6/13/2018 9:40,SHR,2018,A,FALSE,CLR,NA,1,21.1,1.32,112.8,121.9,7.58,8.79,3.8,10,Low,648494,653000,4506,4506,29.64549029,29.64549029,1,NA,NA,Terrestrial Insects,66,Order,Hymenoptera,Hymenoptera,NotDetermined,0,0,0,NA,NA,NA,NA,NA,NA,NA,NA,NA,NA,NA   NA   NA   NA,NA   NA   NA   NA
SHR_2018-06-13 09:40:00,6/13/2018 9:40,SHR,2018,A,FALSE,CLR,NA,1,21.1,1.32,112.8,121.9,7.58,8.79,3.8,10,Low,648494,653000,4506,4506,29.64549029,29.64549029,1,NA,NA,Terrestrial Insects,67,Order,Psocoptera,Psocoptera,Larvae,0,0,0,NA,NA,NA,NA,NA,NA,NA,NA,NA,NA,NA   NA   NA   NA,NA   NA   NA   NA
SHR_2018-06-13 09:40:00,6/13/2018 9:40,SHR,2018,A,FALSE,CLR,NA,1,21.1,1.32,112.8,121.9,7.58,8.79,3.8,10,Low,648494,653000,4506,4506,29.64549029,29.64549029,1,NA,NA,Terrestrial Insects,67,Order,Psocoptera,Psocoptera,Pupae,0,0,0,NA,NA,NA,NA,NA,NA,NA,NA,NA,NA,NA   NA   NA   NA,NA   NA   NA   NA
SHR_2018-06-13 09:40:00,6/13/2018 9:40,SHR,2018,A,FALSE,CLR,NA,1,21.1,1.32,112.8,121.9,7.58,8.79,3.8,10,Low,648494,653000,4506,4506,29.64549029,29.64549029,1,NA,NA,Terrestrial Insects,67,Order,Psocoptera,Psocoptera,Nymphs,0,0,0,NA,NA,NA,NA,NA,NA,NA,NA,NA,NA,NA   NA   NA   NA,NA   NA   NA   NA
SHR_2018-06-13 09:40:00,6/13/2018 9:40,SHR,2018,A,FALSE,CLR,NA,1,21.1,1.32,112.8,121.9,7.58,8.79,3.8,10,Low,648494,653000,4506,4506,29.64549029,29.64549029,1,NA,NA,Terrestrial Insects,67,Order,Psocoptera,Psocoptera,Emergents,0,0,0,NA,NA,NA,NA,NA,NA,NA,NA,NA,NA,NA   NA   NA   NA,NA   NA   NA   NA
SHR_2018-06-13 09:40:00,6/13/2018 9:40,SHR,2018,A,FALSE,CLR,NA,1,21.1,1.32,112.8,121.9,7.58,8.79,3.8,10,Low,648494,653000,4506,4506,29.64549029,29.64549029,1,NA,NA,Terrestrial Insects,67,Order,Psocoptera,Psocoptera,Adults,2,0.067,0.067,NA,NA,NA,NA,NA,NA,NA,NA,NA,NA,NA   NA   NA   NA,NA   NA   NA   NA
SHR_2018-06-13 09:40:00,6/13/2018 9:40,SHR,2018,A,FALSE,CLR,NA,1,21.1,1.32,112.8,121.9,7.58,8.79,3.8,10,Low,648494,653000,4506,4506,29.64549029,29.64549029,1,NA,NA,Terrestrial Insects,67,Order,Psocoptera,Psocoptera,NotDetermined,0,0,0,NA,NA,NA,NA,NA,NA,NA,NA,NA,NA,NA   NA   NA   NA,NA   NA   NA   NA
SHR_2018-06-13 09:40:00,6/13/2018 9:40,SHR,2018,A,FALSE,CLR,NA,1,21.1,1.32,112.8,121.9,7.58,8.79,3.8,10,Low,648494,653000,4506,4506,29.64549029,29.64549029,1,NA,NA,Terrestrial Insects,108,Order,Orthoptera,Orthoptera,Larvae,1,0.034,0.034,NA,NA,NA,NA,NA,NA,NA,NA,NA,NA,NA   NA   NA   NA,NA   NA   NA   NA
SHR_2018-06-13 09:40:00,6/13/2018 9:40,SHR,2018,A,FALSE,CLR,NA,1,21.1,1.32,112.8,121.9,7.58,8.79,3.8,10,Low,648494,653000,4506,4506,29.64549029,29.64549029,1,NA,NA,Terrestrial Insects,108,Order,Orthoptera,Orthoptera,Pupae,0,0,0,NA,NA,NA,NA,NA,NA,NA,NA,NA,NA,NA   NA   NA   NA,NA   NA   NA   NA
SHR_2018-06-13 09:40:00,6/13/2018 9:40,SHR,2018,A,FALSE,CLR,NA,1,21.1,1.32,112.8,121.9,7.58,8.79,3.8,10,Low,648494,653000,4506,4506,29.64549029,29.64549029,1,NA,NA,Terrestrial Insects,108,Order,Orthoptera,Orthoptera,Nymphs,0,0,0,NA,NA,NA,NA,NA,NA,NA,NA,NA,NA,NA   NA   NA   NA,NA   NA   NA   NA
SHR_2018-06-13 09:40:00,6/13/2018 9:40,SHR,2018,A,FALSE,CLR,NA,1,21.1,1.32,112.8,121.9,7.58,8.79,3.8,10,Low,648494,653000,4506,4506,29.64549029,29.64549029,1,NA,NA,Terrestrial Insects,108,Order,Orthoptera,Orthoptera,Emergents,0,0,0,NA,NA,NA,NA,NA,NA,NA,NA,NA,NA,NA   NA   NA   NA,NA   NA   NA   NA
SHR_2018-06-13 09:40:00,6/13/2018 9:40,SHR,2018,A,FALSE,CLR,NA,1,21.1,1.32,112.8,121.9,7.58,8.79,3.8,10,Low,648494,653000,4506,4506,29.64549029,29.64549029,1,NA,NA,Terrestrial Insects,108,Order,Orthoptera,Orthoptera,Adults,0,0,0,NA,NA,NA,NA,NA,NA,NA,NA,NA,NA,NA   NA   NA   NA,NA   NA   NA   NA
SHR_2018-06-13 09:40:00,6/13/2018 9:40,SHR,2018,A,FALSE,CLR,NA,1,21.1,1.32,112.8,121.9,7.58,8.79,3.8,10,Low,648494,653000,4506,4506,29.64549029,29.64549029,1,NA,NA,Terrestrial Insects,108,Order,Orthoptera,Orthoptera,NotDetermined,0,0,0,NA,NA,NA,NA,NA,NA,NA,NA,NA,NA,NA   NA   NA   NA,NA   NA   NA   NA
SHR_2018-06-27 09:35:00,6/27/2018 9:35,SHR,2018,A,FALSE,CLR,NA,1,21.6,1.25,100,106,7.57,8.58,4.9,10,Low,641189,646000,4811,4811,31.65212024,31.65212024,1,NA,NA,Aquatic Insects,34,Family,Chironomidae,Chironomidae,Larvae,1,0.032,0.032,NA,NA,NA,NA,NA,NA,NA,NA,NA,NA,NA   NA   NA   NA,NA   NA   NA   NA
SHR_2018-06-27 09:35:00,6/27/2018 9:35,SHR,2018,A,FALSE,CLR,NA,1,21.6,1.25,100,106,7.57,8.58,4.9,10,Low,641189,646000,4811,4811,31.65212024,31.65212024,1,NA,NA,Aquatic Insects,34,Family,Chironomidae,Chironomidae,Pupae,0,0,0,NA,NA,NA,NA,NA,NA,NA,NA,NA,NA,NA   NA   NA   NA,NA   NA   NA   NA
SHR_2018-06-27 09:35:00,6/27/2018 9:35,SHR,2018,A,FALSE,CLR,NA,1,21.6,1.25,100,106,7.57,8.58,4.9,10,Low,641189,646000,4811,4811,31.65212024,31.65212024,1,NA,NA,Aquatic Insects,34,Family,Chironomidae,Chironomidae,Nymphs,0,0,0,NA,NA,NA,NA,NA,NA,NA,NA,NA,NA,NA   NA   NA   NA,NA   NA   NA   NA
SHR_2018-06-27 09:35:00,6/27/2018 9:35,SHR,2018,A,FALSE,CLR,NA,1,21.6,1.25,100,106,7.57,8.58,4.9,10,Low,641189,646000,4811,4811,31.65212024,31.65212024,1,NA,NA,Aquatic Insects,34,Family,Chironomidae,Chironomidae,Emergents,0,0,0,NA,NA,NA,NA,NA,NA,NA,NA,NA,NA,NA   NA   NA   NA,NA   NA   NA   NA
SHR_2018-06-27 09:35:00,6/27/2018 9:35,SHR,2018,A,FALSE,CLR,NA,1,21.6,1.25,100,106,7.57,8.58,4.9,10,Low,641189,646000,4811,4811,31.65212024,31.65212024,1,NA,NA,Aquatic Insects,34,Family,Chironomidae,Chironomidae,Adults,39,1.232,1.232,NA,NA,NA,NA,NA,NA,NA,NA,NA,NA,NA   NA   NA   NA,NA   NA   NA   NA
SHR_2018-06-27 09:35:00,6/27/2018 9:35,SHR,2018,A,FALSE,CLR,NA,1,21.6,1.25,100,106,7.57,8.58,4.9,10,Low,641189,646000,4811,4811,31.65212024,31.65212024,1,NA,NA,Aquatic Insects,34,Family,Chironomidae,Chironomidae,NotDetermined,0,0,0,NA,NA,NA,NA,NA,NA,NA,NA,NA,NA,NA   NA   NA   NA,NA   NA   NA   NA
SHR_2018-06-27 09:35:00,6/27/2018 9:35,SHR,2018,A,FALSE,CLR,NA,1,21.6,1.25,100,106,7.57,8.58,4.9,10,Low,641189,646000,4811,4811,31.65212024,31.65212024,1,NA,NA,Aquatic Insects,144,Order,Ephemeroptera,Ephemerpotera,Larvae,0,0,0,NA,NA,NA,NA,NA,NA,NA,NA,NA,NA,NA   NA   NA   NA,NA   NA   NA   NA
SHR_2018-06-27 09:35:00,6/27/2018 9:35,SHR,2018,A,FALSE,CLR,NA,1,21.6,1.25,100,106,7.57,8.58,4.9,10,Low,641189,646000,4811,4811,31.65212024,31.65212024,1,NA,NA,Aquatic Insects,144,Order,Ephemeroptera,Ephemerpotera,Pupae,0,0,0,NA,NA,NA,NA,NA,NA,NA,NA,NA,NA,NA   NA   NA   NA,NA   NA   NA   NA
SHR_2018-06-27 09:35:00,6/27/2018 9:35,SHR,2018,A,FALSE,CLR,NA,1,21.6,1.25,100,106,7.57,8.58,4.9,10,Low,641189,646000,4811,4811,31.65212024,31.65212024,1,NA,NA,Aquatic Insects,144,Order,Ephemeroptera,Ephemerpotera,Nymphs,0,0,0,NA,NA,NA,NA,NA,NA,NA,NA,NA,NA,NA   NA   NA   NA,NA   NA   NA   NA
SHR_2018-06-27 09:35:00,6/27/2018 9:35,SHR,2018,A,FALSE,CLR,NA,1,21.6,1.25,100,106,7.57,8.58,4.9,10,Low,641189,646000,4811,4811,31.65212024,31.65212024,1,NA,NA,Aquatic Insects,144,Order,Ephemeroptera,Ephemerpotera,Emergents,0,0,0,NA,NA,NA,NA,NA,NA,NA,NA,NA,NA,NA   NA   NA   NA,NA   NA   NA   NA
SHR_2018-06-27 09:35:00,6/27/2018 9:35,SHR,2018,A,FALSE,CLR,NA,1,21.6,1.25,100,106,7.57,8.58,4.9,10,Low,641189,646000,4811,4811,31.65212024,31.65212024,1,NA,NA,Aquatic Insects,144,Order,Ephemeroptera,Ephemerpotera,Adults,1,0.032,0.032,NA,NA,NA,NA,NA,NA,NA,NA,NA,NA,NA   NA   NA   NA,NA   NA   NA   NA
SHR_2018-06-27 09:35:00,6/27/2018 9:35,SHR,2018,A,FALSE,CLR,NA,1,21.6,1.25,100,106,7.57,8.58,4.9,10,Low,641189,646000,4811,4811,31.65212024,31.65212024,1,NA,NA,Aquatic Insects,144,Order,Ephemeroptera,Ephemerpotera,NotDetermined,0,0,0,NA,NA,NA,NA,NA,NA,NA,NA,NA,NA,NA   NA   NA   NA,NA   NA   NA   NA
SHR_2018-06-27 09:35:00,6/27/2018 9:35,SHR,2018,A,FALSE,CLR,NA,1,21.6,1.25,100,106,7.57,8.58,4.9,10,Low,641189,646000,4811,4811,31.65212024,31.65212024,1,NA,NA,Aquatic Insects,44,Family,Corixidae,Corixidae,Larvae,1,0.032,0.032,NA,NA,NA,NA,NA,NA,NA,NA,NA,NA,NA   NA   NA   NA,NA   NA   NA   NA
SHR_2018-06-27 09:35:00,6/27/2018 9:35,SHR,2018,A,FALSE,CLR,NA,1,21.6,1.25,100,106,7.57,8.58,4.9,10,Low,641189,646000,4811,4811,31.65212024,31.65212024,1,NA,NA,Aquatic Insects,44,Family,Corixidae,Corixidae,Pupae,0,0,0,NA,NA,NA,NA,NA,NA,NA,NA,NA,NA,NA   NA   NA   NA,NA   NA   NA   NA
SHR_2018-06-27 09:35:00,6/27/2018 9:35,SHR,2018,A,FALSE,CLR,NA,1,21.6,1.25,100,106,7.57,8.58,4.9,10,Low,641189,646000,4811,4811,31.65212024,31.65212024,1,NA,NA,Aquatic Insects,44,Family,Corixidae,Corixidae,Nymphs,0,0,0,NA,NA,NA,NA,NA,NA,NA,NA,NA,NA,NA   NA   NA   NA,NA   NA   NA   NA
SHR_2018-06-27 09:35:00,6/27/2018 9:35,SHR,2018,A,FALSE,CLR,NA,1,21.6,1.25,100,106,7.57,8.58,4.9,10,Low,641189,646000,4811,4811,31.65212024,31.65212024,1,NA,NA,Aquatic Insects,44,Family,Corixidae,Corixidae,Emergents,0,0,0,NA,NA,NA,NA,NA,NA,NA,NA,NA,NA,NA   NA   NA   NA,NA   NA   NA   NA
SHR_2018-06-27 09:35:00,6/27/2018 9:35,SHR,2018,A,FALSE,CLR,NA,1,21.6,1.25,100,106,7.57,8.58,4.9,10,Low,641189,646000,4811,4811,31.65212024,31.65212024,1,NA,NA,Aquatic Insects,44,Family,Corixidae,Corixidae,Adults,0,0,0,NA,NA,NA,NA,NA,NA,NA,NA,NA,NA,NA   NA   NA   NA,NA   NA   NA   NA
SHR_2018-06-27 09:35:00,6/27/2018 9:35,SHR,2018,A,FALSE,CLR,NA,1,21.6,1.25,100,106,7.57,8.58,4.9,10,Low,641189,646000,4811,4811,31.65212024,31.65212024,1,NA,NA,Aquatic Insects,44,Family,Corixidae,Corixidae,NotDetermined,0,0,0,NA,NA,NA,NA,NA,NA,NA,NA,NA,NA,NA   NA   NA   NA,NA   NA   NA   NA
SHR_2018-06-27 09:35:00,6/27/2018 9:35,SHR,2018,A,FALSE,CLR,NA,1,21.6,1.25,100,106,7.57,8.58,4.9,10,Low,641189,646000,4811,4811,31.65212024,31.65212024,1,NA,NA,Aquatic Insects,95,Family,Veliidae,Veliidae,Larvae,1,0.032,0.032,NA,NA,NA,NA,NA,NA,NA,NA,NA,NA,NA   NA   NA   NA,NA   NA   NA   NA
SHR_2018-06-27 09:35:00,6/27/2018 9:35,SHR,2018,A,FALSE,CLR,NA,1,21.6,1.25,100,106,7.57,8.58,4.9,10,Low,641189,646000,4811,4811,31.65212024,31.65212024,1,NA,NA,Aquatic Insects,95,Family,Veliidae,Veliidae,Pupae,0,0,0,NA,NA,NA,NA,NA,NA,NA,NA,NA,NA,NA   NA   NA   NA,NA   NA   NA   NA
SHR_2018-06-27 09:35:00,6/27/2018 9:35,SHR,2018,A,FALSE,CLR,NA,1,21.6,1.25,100,106,7.57,8.58,4.9,10,Low,641189,646000,4811,4811,31.65212024,31.65212024,1,NA,NA,Aquatic Insects,95,Family,Veliidae,Veliidae,Nymphs,0,0,0,NA,NA,NA,NA,NA,NA,NA,NA,NA,NA,NA   NA   NA   NA,NA   NA   NA   NA
SHR_2018-06-27 09:35:00,6/27/2018 9:35,SHR,2018,A,FALSE,CLR,NA,1,21.6,1.25,100,106,7.57,8.58,4.9,10,Low,641189,646000,4811,4811,31.65212024,31.65212024,1,NA,NA,Aquatic Insects,95,Family,Veliidae,Veliidae,Emergents,0,0,0,NA,NA,NA,NA,NA,NA,NA,NA,NA,NA,NA   NA   NA   NA,NA   NA   NA   NA
SHR_2018-06-27 09:35:00,6/27/2018 9:35,SHR,2018,A,FALSE,CLR,NA,1,21.6,1.25,100,106,7.57,8.58,4.9,10,Low,641189,646000,4811,4811,31.65212024,31.65212024,1,NA,NA,Aquatic Insects,95,Family,Veliidae,Veliidae,Adults,0,0,0,NA,NA,NA,NA,NA,NA,NA,NA,NA,NA,NA   NA   NA   NA,NA   NA   NA   NA
SHR_2018-06-27 09:35:00,6/27/2018 9:35,SHR,2018,A,FALSE,CLR,NA,1,21.6,1.25,100,106,7.57,8.58,4.9,10,Low,641189,646000,4811,4811,31.65212024,31.65212024,1,NA,NA,Aquatic Insects,95,Family,Veliidae,Veliidae,NotDetermined,0,0,0,NA,NA,NA,NA,NA,NA,NA,NA,NA,NA,NA   NA   NA   NA,NA   NA   NA   NA
SHR_2018-06-27 09:35:00,6/27/2018 9:35,SHR,2018,A,FALSE,CLR,NA,1,21.6,1.25,100,106,7.57,8.58,4.9,10,Low,641189,646000,4811,4811,31.65212024,31.65212024,1,NA,NA,Aquatic Non-Insects,18,Family,Hydridae,Hydridae,Larvae,0,0,0,NA,NA,NA,NA,NA,NA,NA,NA,NA,NA,NA   NA   NA   NA,NA   NA   NA   NA
SHR_2018-06-27 09:35:00,6/27/2018 9:35,SHR,2018,A,FALSE,CLR,NA,1,21.6,1.25,100,106,7.57,8.58,4.9,10,Low,641189,646000,4811,4811,31.65212024,31.65212024,1,NA,NA,Aquatic Non-Insects,18,Family,Hydridae,Hydridae,Pupae,0,0,0,NA,NA,NA,NA,NA,NA,NA,NA,NA,NA,NA   NA   NA   NA,NA   NA   NA   NA
SHR_2018-06-27 09:35:00,6/27/2018 9:35,SHR,2018,A,FALSE,CLR,NA,1,21.6,1.25,100,106,7.57,8.58,4.9,10,Low,641189,646000,4811,4811,31.65212024,31.65212024,1,NA,NA,Aquatic Non-Insects,18,Family,Hydridae,Hydridae,Nymphs,0,0,0,NA,NA,NA,NA,NA,NA,NA,NA,NA,NA,NA   NA   NA   NA,NA   NA   NA   NA
SHR_2018-06-27 09:35:00,6/27/2018 9:35,SHR,2018,A,FALSE,CLR,NA,1,21.6,1.25,100,106,7.57,8.58,4.9,10,Low,641189,646000,4811,4811,31.65212024,31.65212024,1,NA,NA,Aquatic Non-Insects,18,Family,Hydridae,Hydridae,Emergents,0,0,0,NA,NA,NA,NA,NA,NA,NA,NA,NA,NA,NA   NA   NA   NA,NA   NA   NA   NA
SHR_2018-06-27 09:35:00,6/27/2018 9:35,SHR,2018,A,FALSE,CLR,NA,1,21.6,1.25,100,106,7.57,8.58,4.9,10,Low,641189,646000,4811,4811,31.65212024,31.65212024,1,NA,NA,Aquatic Non-Insects,18,Family,Hydridae,Hydridae,Adults,0,0,0,NA,NA,NA,NA,NA,NA,NA,NA,NA,NA,NA   NA   NA   NA,NA   NA   NA   NA
SHR_2018-06-27 09:35:00,6/27/2018 9:35,SHR,2018,A,FALSE,CLR,NA,1,21.6,1.25,100,106,7.57,8.58,4.9,10,Low,641189,646000,4811,4811,31.65212024,31.65212024,1,NA,NA,Aquatic Non-Insects,18,Family,Hydridae,Hydridae,NotDetermined,1,0.032,0.032,NA,NA,NA,NA,NA,NA,NA,NA,NA,NA,NA   NA   NA   NA,NA   NA   NA   NA
SHR_2018-06-27 09:35:00,6/27/2018 9:35,SHR,2018,A,FALSE,CLR,NA,1,21.6,1.25,100,106,7.57,8.58,4.9,10,Low,641189,646000,4811,4811,31.65212024,31.65212024,1,NA,NA,Terrestrial Non-Insects,157,Order,Araneae,Araneae,Larvae,0,0,0,NA,NA,NA,NA,NA,NA,NA,NA,NA,NA,NA   NA   NA   NA,NA   NA   NA   NA
SHR_2018-06-27 09:35:00,6/27/2018 9:35,SHR,2018,A,FALSE,CLR,NA,1,21.6,1.25,100,106,7.57,8.58,4.9,10,Low,641189,646000,4811,4811,31.65212024,31.65212024,1,NA,NA,Terrestrial Non-Insects,157,Order,Araneae,Araneae,Pupae,0,0,0,NA,NA,NA,NA,NA,NA,NA,NA,NA,NA,NA   NA   NA   NA,NA   NA   NA   NA
SHR_2018-06-27 09:35:00,6/27/2018 9:35,SHR,2018,A,FALSE,CLR,NA,1,21.6,1.25,100,106,7.57,8.58,4.9,10,Low,641189,646000,4811,4811,31.65212024,31.65212024,1,NA,NA,Terrestrial Non-Insects,157,Order,Araneae,Araneae,Nymphs,0,0,0,NA,NA,NA,NA,NA,NA,NA,NA,NA,NA,NA   NA   NA   NA,NA   NA   NA   NA
SHR_2018-06-27 09:35:00,6/27/2018 9:35,SHR,2018,A,FALSE,CLR,NA,1,21.6,1.25,100,106,7.57,8.58,4.9,10,Low,641189,646000,4811,4811,31.65212024,31.65212024,1,NA,NA,Terrestrial Non-Insects,157,Order,Araneae,Araneae,Emergents,0,0,0,NA,NA,NA,NA,NA,NA,NA,NA,NA,NA,NA   NA   NA   NA,NA   NA   NA   NA
SHR_2018-06-27 09:35:00,6/27/2018 9:35,SHR,2018,A,FALSE,CLR,NA,1,21.6,1.25,100,106,7.57,8.58,4.9,10,Low,641189,646000,4811,4811,31.65212024,31.65212024,1,NA,NA,Terrestrial Non-Insects,157,Order,Araneae,Araneae,Adults,0,0,0,NA,NA,NA,NA,NA,NA,NA,NA,NA,NA,NA   NA   NA   NA,NA   NA   NA   NA
SHR_2018-06-27 09:35:00,6/27/2018 9:35,SHR,2018,A,FALSE,CLR,NA,1,21.6,1.25,100,106,7.57,8.58,4.9,10,Low,641189,646000,4811,4811,31.65212024,31.65212024,1,NA,NA,Terrestrial Non-Insects,157,Order,Araneae,Araneae,NotDetermined,2,0.063,0.063,NA,NA,NA,NA,NA,NA,NA,NA,NA,NA,NA   NA   NA   NA,NA   NA   NA   NA
SHR_2018-06-27 09:35:00,6/27/2018 9:35,SHR,2018,A,FALSE,CLR,NA,1,21.6,1.25,100,106,7.57,8.58,4.9,10,Low,641189,646000,4811,4811,31.65212024,31.65212024,1,NA,NA,Terrestrial Insects,64,Order,Diptera,Diptera,Larvae,0,0,0,NA,NA,NA,NA,NA,NA,NA,NA,NA,NA,NA   NA   NA   NA,NA   NA   NA   NA
SHR_2018-06-27 09:35:00,6/27/2018 9:35,SHR,2018,A,FALSE,CLR,NA,1,21.6,1.25,100,106,7.57,8.58,4.9,10,Low,641189,646000,4811,4811,31.65212024,31.65212024,1,NA,NA,Terrestrial Insects,64,Order,Diptera,Diptera,Pupae,0,0,0,NA,NA,NA,NA,NA,NA,NA,NA,NA,NA,NA   NA   NA   NA,NA   NA   NA   NA
SHR_2018-06-27 09:35:00,6/27/2018 9:35,SHR,2018,A,FALSE,CLR,NA,1,21.6,1.25,100,106,7.57,8.58,4.9,10,Low,641189,646000,4811,4811,31.65212024,31.65212024,1,NA,NA,Terrestrial Insects,64,Order,Diptera,Diptera,Nymphs,0,0,0,NA,NA,NA,NA,NA,NA,NA,NA,NA,NA,NA   NA   NA   NA,NA   NA   NA   NA
SHR_2018-06-27 09:35:00,6/27/2018 9:35,SHR,2018,A,FALSE,CLR,NA,1,21.6,1.25,100,106,7.57,8.58,4.9,10,Low,641189,646000,4811,4811,31.65212024,31.65212024,1,NA,NA,Terrestrial Insects,64,Order,Diptera,Diptera,Emergents,0,0,0,NA,NA,NA,NA,NA,NA,NA,NA,NA,NA,NA   NA   NA   NA,NA   NA   NA   NA
SHR_2018-06-27 09:35:00,6/27/2018 9:35,SHR,2018,A,FALSE,CLR,NA,1,21.6,1.25,100,106,7.57,8.58,4.9,10,Low,641189,646000,4811,4811,31.65212024,31.65212024,1,NA,NA,Terrestrial Insects,64,Order,Diptera,Diptera,Adults,1,0.032,0.032,NA,NA,NA,NA,NA,NA,NA,NA,NA,NA,NA   NA   NA   NA,NA   NA   NA   NA
SHR_2018-06-27 09:35:00,6/27/2018 9:35,SHR,2018,A,FALSE,CLR,NA,1,21.6,1.25,100,106,7.57,8.58,4.9,10,Low,641189,646000,4811,4811,31.65212024,31.65212024,1,NA,NA,Terrestrial Insects,64,Order,Diptera,Diptera,NotDetermined,0,0,0,NA,NA,NA,NA,NA,NA,NA,NA,NA,NA,NA   NA   NA   NA,NA   NA   NA   NA
SHR_2018-06-27 09:35:00,6/27/2018 9:35,SHR,2018,A,FALSE,CLR,NA,1,21.6,1.25,100,106,7.57,8.58,4.9,10,Low,641189,646000,4811,4811,31.65212024,31.65212024,1,NA,NA,Terrestrial Insects,71,Order,Hemiptera,Hemiptera,Larvae,0,0,0,NA,NA,NA,NA,NA,NA,NA,NA,NA,NA,NA   NA   NA   NA,NA   NA   NA   NA
SHR_2018-06-27 09:35:00,6/27/2018 9:35,SHR,2018,A,FALSE,CLR,NA,1,21.6,1.25,100,106,7.57,8.58,4.9,10,Low,641189,646000,4811,4811,31.65212024,31.65212024,1,NA,NA,Terrestrial Insects,71,Order,Hemiptera,Hemiptera,Pupae,0,0,0,NA,NA,NA,NA,NA,NA,NA,NA,NA,NA,NA   NA   NA   NA,NA   NA   NA   NA
SHR_2018-06-27 09:35:00,6/27/2018 9:35,SHR,2018,A,FALSE,CLR,NA,1,21.6,1.25,100,106,7.57,8.58,4.9,10,Low,641189,646000,4811,4811,31.65212024,31.65212024,1,NA,NA,Terrestrial Insects,71,Order,Hemiptera,Hemiptera,Nymphs,0,0,0,NA,NA,NA,NA,NA,NA,NA,NA,NA,NA,NA   NA   NA   NA,NA   NA   NA   NA
SHR_2018-06-27 09:35:00,6/27/2018 9:35,SHR,2018,A,FALSE,CLR,NA,1,21.6,1.25,100,106,7.57,8.58,4.9,10,Low,641189,646000,4811,4811,31.65212024,31.65212024,1,NA,NA,Terrestrial Insects,71,Order,Hemiptera,Hemiptera,Emergents,0,0,0,NA,NA,NA,NA,NA,NA,NA,NA,NA,NA,NA   NA   NA   NA,NA   NA   NA   NA
SHR_2018-06-27 09:35:00,6/27/2018 9:35,SHR,2018,A,FALSE,CLR,NA,1,21.6,1.25,100,106,7.57,8.58,4.9,10,Low,641189,646000,4811,4811,31.65212024,31.65212024,1,NA,NA,Terrestrial Insects,71,Order,Hemiptera,Hemiptera,Adults,2,0.063,0.063,NA,NA,NA,NA,NA,NA,NA,NA,NA,NA,NA   NA   NA   NA,NA   NA   NA   NA
SHR_2018-06-27 09:35:00,6/27/2018 9:35,SHR,2018,A,FALSE,CLR,NA,1,21.6,1.25,100,106,7.57,8.58,4.9,10,Low,641189,646000,4811,4811,31.65212024,31.65212024,1,NA,NA,Terrestrial Insects,71,Order,Hemiptera,Hemiptera,NotDetermined,0,0,0,NA,NA,NA,NA,NA,NA,NA,NA,NA,NA,NA   NA   NA   NA,NA   NA   NA   NA
SHR_2018-07-12 09:15:00,7/12/2018 9:15,SHR,2018,A,FALSE,CLR,NA,1,21.7,1.1,98,104,7.55,8.62,6.7,10,Low,632321,637000,4679,4679,30.78367712,30.78367712,1,Jet boat motor used,NA,Aquatic Insects,30,Family,Dytiscidae,Dytiscidae,Larvae,0,0,0,NA,NA,NA,NA,NA,NA,NA,NA,NA,NA,NA   NA   NA   NA,NA   NA   NA   NA
SHR_2018-07-12 09:15:00,7/12/2018 9:15,SHR,2018,A,FALSE,CLR,NA,1,21.7,1.1,98,104,7.55,8.62,6.7,10,Low,632321,637000,4679,4679,30.78367712,30.78367712,1,Jet boat motor used,NA,Aquatic Insects,30,Family,Dytiscidae,Dytiscidae,Pupae,0,0,0,NA,NA,NA,NA,NA,NA,NA,NA,NA,NA,NA   NA   NA   NA,NA   NA   NA   NA
SHR_2018-07-12 09:15:00,7/12/2018 9:15,SHR,2018,A,FALSE,CLR,NA,1,21.7,1.1,98,104,7.55,8.62,6.7,10,Low,632321,637000,4679,4679,30.78367712,30.78367712,1,Jet boat motor used,NA,Aquatic Insects,30,Family,Dytiscidae,Dytiscidae,Nymphs,0,0,0,NA,NA,NA,NA,NA,NA,NA,NA,NA,NA,NA   NA   NA   NA,NA   NA   NA   NA
SHR_2018-07-12 09:15:00,7/12/2018 9:15,SHR,2018,A,FALSE,CLR,NA,1,21.7,1.1,98,104,7.55,8.62,6.7,10,Low,632321,637000,4679,4679,30.78367712,30.78367712,1,Jet boat motor used,NA,Aquatic Insects,30,Family,Dytiscidae,Dytiscidae,Emergents,0,0,0,NA,NA,NA,NA,NA,NA,NA,NA,NA,NA,NA   NA   NA   NA,NA   NA   NA   NA
SHR_2018-07-12 09:15:00,7/12/2018 9:15,SHR,2018,A,FALSE,CLR,NA,1,21.7,1.1,98,104,7.55,8.62,6.7,10,Low,632321,637000,4679,4679,30.78367712,30.78367712,1,Jet boat motor used,NA,Aquatic Insects,30,Family,Dytiscidae,Dytiscidae,Adults,1,0.032,0.032,NA,NA,NA,NA,NA,NA,NA,NA,NA,NA,NA   NA   NA   NA,NA   NA   NA   NA
SHR_2018-07-12 09:15:00,7/12/2018 9:15,SHR,2018,A,FALSE,CLR,NA,1,21.7,1.1,98,104,7.55,8.62,6.7,10,Low,632321,637000,4679,4679,30.78367712,30.78367712,1,Jet boat motor used,NA,Aquatic Insects,30,Family,Dytiscidae,Dytiscidae,NotDetermined,0,0,0,NA,NA,NA,NA,NA,NA,NA,NA,NA,NA,NA   NA   NA   NA,NA   NA   NA   NA
SHR_2018-07-12 09:15:00,7/12/2018 9:15,SHR,2018,A,FALSE,CLR,NA,1,21.7,1.1,98,104,7.55,8.62,6.7,10,Low,632321,637000,4679,4679,30.78367712,30.78367712,1,Jet boat motor used,NA,Aquatic Insects,32,Family,Ceratopogonidae,Ceratopogonidae,Larvae,0,0,0,NA,NA,NA,NA,NA,NA,NA,NA,NA,NA,NA   NA   NA   NA,NA   NA   NA   NA
SHR_2018-07-12 09:15:00,7/12/2018 9:15,SHR,2018,A,FALSE,CLR,NA,1,21.7,1.1,98,104,7.55,8.62,6.7,10,Low,632321,637000,4679,4679,30.78367712,30.78367712,1,Jet boat motor used,NA,Aquatic Insects,32,Family,Ceratopogonidae,Ceratopogonidae,Pupae,10,0.325,0.325,NA,NA,NA,NA,NA,NA,NA,NA,NA,NA,NA   NA   NA   NA,NA   NA   NA   NA
SHR_2018-07-12 09:15:00,7/12/2018 9:15,SHR,2018,A,FALSE,CLR,NA,1,21.7,1.1,98,104,7.55,8.62,6.7,10,Low,632321,637000,4679,4679,30.78367712,30.78367712,1,Jet boat motor used,NA,Aquatic Insects,32,Family,Ceratopogonidae,Ceratopogonidae,Nymphs,0,0,0,NA,NA,NA,NA,NA,NA,NA,NA,NA,NA,NA   NA   NA   NA,NA   NA   NA   NA
SHR_2018-07-12 09:15:00,7/12/2018 9:15,SHR,2018,A,FALSE,CLR,NA,1,21.7,1.1,98,104,7.55,8.62,6.7,10,Low,632321,637000,4679,4679,30.78367712,30.78367712,1,Jet boat motor used,NA,Aquatic Insects,32,Family,Ceratopogonidae,Ceratopogonidae,Emergents,0,0,0,NA,NA,NA,NA,NA,NA,NA,NA,NA,NA,NA   NA   NA   NA,NA   NA   NA   NA
SHR_2018-07-12 09:15:00,7/12/2018 9:15,SHR,2018,A,FALSE,CLR,NA,1,21.7,1.1,98,104,7.55,8.62,6.7,10,Low,632321,637000,4679,4679,30.78367712,30.78367712,1,Jet boat motor used,NA,Aquatic Insects,32,Family,Ceratopogonidae,Ceratopogonidae,Adults,0,0,0,NA,NA,NA,NA,NA,NA,NA,NA,NA,NA,NA   NA   NA   NA,NA   NA   NA   NA
SHR_2018-07-12 09:15:00,7/12/2018 9:15,SHR,2018,A,FALSE,CLR,NA,1,21.7,1.1,98,104,7.55,8.62,6.7,10,Low,632321,637000,4679,4679,30.78367712,30.78367712,1,Jet boat motor used,NA,Aquatic Insects,32,Family,Ceratopogonidae,Ceratopogonidae,NotDetermined,0,0,0,NA,NA,NA,NA,NA,NA,NA,NA,NA,NA,NA   NA   NA   NA,NA   NA   NA   NA
SHR_2018-07-12 09:15:00,7/12/2018 9:15,SHR,2018,A,FALSE,CLR,NA,1,21.7,1.1,98,104,7.55,8.62,6.7,10,Low,632321,637000,4679,4679,30.78367712,30.78367712,1,Jet boat motor used,NA,Aquatic Insects,34,Family,Chironomidae,Chironomidae,Larvae,246,7.991,7.991,NA,NA,NA,NA,NA,NA,NA,NA,NA,NA,NA   NA   NA   NA,NA   NA   NA   NA
SHR_2018-07-12 09:15:00,7/12/2018 9:15,SHR,2018,A,FALSE,CLR,NA,1,21.7,1.1,98,104,7.55,8.62,6.7,10,Low,632321,637000,4679,4679,30.78367712,30.78367712,1,Jet boat motor used,NA,Aquatic Insects,34,Family,Chironomidae,Chironomidae,Pupae,5,0.162,0.162,NA,NA,NA,NA,NA,NA,NA,NA,NA,NA,NA   NA   NA   NA,NA   NA   NA   NA
SHR_2018-07-12 09:15:00,7/12/2018 9:15,SHR,2018,A,FALSE,CLR,NA,1,21.7,1.1,98,104,7.55,8.62,6.7,10,Low,632321,637000,4679,4679,30.78367712,30.78367712,1,Jet boat motor used,NA,Aquatic Insects,34,Family,Chironomidae,Chironomidae,Nymphs,0,0,0,NA,NA,NA,NA,NA,NA,NA,NA,NA,NA,NA   NA   NA   NA,NA   NA   NA   NA
SHR_2018-07-12 09:15:00,7/12/2018 9:15,SHR,2018,A,FALSE,CLR,NA,1,21.7,1.1,98,104,7.55,8.62,6.7,10,Low,632321,637000,4679,4679,30.78367712,30.78367712,1,Jet boat motor used,NA,Aquatic Insects,34,Family,Chironomidae,Chironomidae,Emergents,0,0,0,NA,NA,NA,NA,NA,NA,NA,NA,NA,NA,NA   NA   NA   NA,NA   NA   NA   NA
SHR_2018-07-12 09:15:00,7/12/2018 9:15,SHR,2018,A,FALSE,CLR,NA,1,21.7,1.1,98,104,7.55,8.62,6.7,10,Low,632321,637000,4679,4679,30.78367712,30.78367712,1,Jet boat motor used,NA,Aquatic Insects,34,Family,Chironomidae,Chironomidae,Adults,35,1.137,1.137,NA,NA,NA,NA,NA,NA,NA,NA,NA,NA,NA   NA   NA   NA,NA   NA   NA   NA
SHR_2018-07-12 09:15:00,7/12/2018 9:15,SHR,2018,A,FALSE,CLR,NA,1,21.7,1.1,98,104,7.55,8.62,6.7,10,Low,632321,637000,4679,4679,30.78367712,30.78367712,1,Jet boat motor used,NA,Aquatic Insects,34,Family,Chironomidae,Chironomidae,NotDetermined,0,0,0,NA,NA,NA,NA,NA,NA,NA,NA,NA,NA,NA   NA   NA   NA,NA   NA   NA   NA
SHR_2018-07-12 09:15:00,7/12/2018 9:15,SHR,2018,A,FALSE,CLR,NA,1,21.7,1.1,98,104,7.55,8.62,6.7,10,Low,632321,637000,4679,4679,30.78367712,30.78367712,1,Jet boat motor used,NA,Aquatic Insects,44,Family,Corixidae,Corixidae,Larvae,14,0.455,0.455,NA,NA,NA,NA,NA,NA,NA,NA,NA,NA,NA   NA   NA   NA,NA   NA   NA   NA
SHR_2018-07-12 09:15:00,7/12/2018 9:15,SHR,2018,A,FALSE,CLR,NA,1,21.7,1.1,98,104,7.55,8.62,6.7,10,Low,632321,637000,4679,4679,30.78367712,30.78367712,1,Jet boat motor used,NA,Aquatic Insects,44,Family,Corixidae,Corixidae,Pupae,0,0,0,NA,NA,NA,NA,NA,NA,NA,NA,NA,NA,NA   NA   NA   NA,NA   NA   NA   NA
SHR_2018-07-12 09:15:00,7/12/2018 9:15,SHR,2018,A,FALSE,CLR,NA,1,21.7,1.1,98,104,7.55,8.62,6.7,10,Low,632321,637000,4679,4679,30.78367712,30.78367712,1,Jet boat motor used,NA,Aquatic Insects,44,Family,Corixidae,Corixidae,Nymphs,0,0,0,NA,NA,NA,NA,NA,NA,NA,NA,NA,NA,NA   NA   NA   NA,NA   NA   NA   NA
SHR_2018-07-12 09:15:00,7/12/2018 9:15,SHR,2018,A,FALSE,CLR,NA,1,21.7,1.1,98,104,7.55,8.62,6.7,10,Low,632321,637000,4679,4679,30.78367712,30.78367712,1,Jet boat motor used,NA,Aquatic Insects,44,Family,Corixidae,Corixidae,Emergents,0,0,0,NA,NA,NA,NA,NA,NA,NA,NA,NA,NA,NA   NA   NA   NA,NA   NA   NA   NA
SHR_2018-07-12 09:15:00,7/12/2018 9:15,SHR,2018,A,FALSE,CLR,NA,1,21.7,1.1,98,104,7.55,8.62,6.7,10,Low,632321,637000,4679,4679,30.78367712,30.78367712,1,Jet boat motor used,NA,Aquatic Insects,44,Family,Corixidae,Corixidae,Adults,0,0,0,NA,NA,NA,NA,NA,NA,NA,NA,NA,NA,NA   NA   NA   NA,NA   NA   NA   NA
SHR_2018-07-12 09:15:00,7/12/2018 9:15,SHR,2018,A,FALSE,CLR,NA,1,21.7,1.1,98,104,7.55,8.62,6.7,10,Low,632321,637000,4679,4679,30.78367712,30.78367712,1,Jet boat motor used,NA,Aquatic Insects,44,Family,Corixidae,Corixidae,NotDetermined,0,0,0,NA,NA,NA,NA,NA,NA,NA,NA,NA,NA,NA   NA   NA   NA,NA   NA   NA   NA
SHR_2018-07-12 09:15:00,7/12/2018 9:15,SHR,2018,A,FALSE,CLR,NA,1,21.7,1.1,98,104,7.55,8.62,6.7,10,Low,632321,637000,4679,4679,30.78367712,30.78367712,1,Jet boat motor used,NA,Aquatic Insects,95,Family,Veliidae,Veliidae,Larvae,0,0,0,NA,NA,NA,NA,NA,NA,NA,NA,NA,NA,NA   NA   NA   NA,NA   NA   NA   NA
SHR_2018-07-12 09:15:00,7/12/2018 9:15,SHR,2018,A,FALSE,CLR,NA,1,21.7,1.1,98,104,7.55,8.62,6.7,10,Low,632321,637000,4679,4679,30.78367712,30.78367712,1,Jet boat motor used,NA,Aquatic Insects,95,Family,Veliidae,Veliidae,Pupae,0,0,0,NA,NA,NA,NA,NA,NA,NA,NA,NA,NA,NA   NA   NA   NA,NA   NA   NA   NA
SHR_2018-07-12 09:15:00,7/12/2018 9:15,SHR,2018,A,FALSE,CLR,NA,1,21.7,1.1,98,104,7.55,8.62,6.7,10,Low,632321,637000,4679,4679,30.78367712,30.78367712,1,Jet boat motor used,NA,Aquatic Insects,95,Family,Veliidae,Veliidae,Nymphs,2,0.065,0.065,NA,NA,NA,NA,NA,NA,NA,NA,NA,NA,NA   NA   NA   NA,NA   NA   NA   NA
SHR_2018-07-12 09:15:00,7/12/2018 9:15,SHR,2018,A,FALSE,CLR,NA,1,21.7,1.1,98,104,7.55,8.62,6.7,10,Low,632321,637000,4679,4679,30.78367712,30.78367712,1,Jet boat motor used,NA,Aquatic Insects,95,Family,Veliidae,Veliidae,Emergents,0,0,0,NA,NA,NA,NA,NA,NA,NA,NA,NA,NA,NA   NA   NA   NA,NA   NA   NA   NA
SHR_2018-07-12 09:15:00,7/12/2018 9:15,SHR,2018,A,FALSE,CLR,NA,1,21.7,1.1,98,104,7.55,8.62,6.7,10,Low,632321,637000,4679,4679,30.78367712,30.78367712,1,Jet boat motor used,NA,Aquatic Insects,95,Family,Veliidae,Veliidae,Adults,0,0,0,NA,NA,NA,NA,NA,NA,NA,NA,NA,NA,NA   NA   NA   NA,NA   NA   NA   NA
SHR_2018-07-12 09:15:00,7/12/2018 9:15,SHR,2018,A,FALSE,CLR,NA,1,21.7,1.1,98,104,7.55,8.62,6.7,10,Low,632321,637000,4679,4679,30.78367712,30.78367712,1,Jet boat motor used,NA,Aquatic Insects,95,Family,Veliidae,Veliidae,NotDetermined,0,0,0,NA,NA,NA,NA,NA,NA,NA,NA,NA,NA,NA   NA   NA   NA,NA   NA   NA   NA
SHR_2018-07-12 09:15:00,7/12/2018 9:15,SHR,2018,A,FALSE,CLR,NA,1,21.7,1.1,98,104,7.55,8.62,6.7,10,Low,632321,637000,4679,4679,30.78367712,30.78367712,1,Jet boat motor used,NA,Aquatic Insects,88,Family,Hydroptilidae,Hydroptilidae,Larvae,0,0,0,NA,NA,NA,NA,NA,NA,NA,NA,NA,NA,NA   NA   NA   NA,NA   NA   NA   NA
SHR_2018-07-12 09:15:00,7/12/2018 9:15,SHR,2018,A,FALSE,CLR,NA,1,21.7,1.1,98,104,7.55,8.62,6.7,10,Low,632321,637000,4679,4679,30.78367712,30.78367712,1,Jet boat motor used,NA,Aquatic Insects,88,Family,Hydroptilidae,Hydroptilidae,Pupae,0,0,0,NA,NA,NA,NA,NA,NA,NA,NA,NA,NA,NA   NA   NA   NA,NA   NA   NA   NA
SHR_2018-07-12 09:15:00,7/12/2018 9:15,SHR,2018,A,FALSE,CLR,NA,1,21.7,1.1,98,104,7.55,8.62,6.7,10,Low,632321,637000,4679,4679,30.78367712,30.78367712,1,Jet boat motor used,NA,Aquatic Insects,88,Family,Hydroptilidae,Hydroptilidae,Nymphs,0,0,0,NA,NA,NA,NA,NA,NA,NA,NA,NA,NA,NA   NA   NA   NA,NA   NA   NA   NA
SHR_2018-07-12 09:15:00,7/12/2018 9:15,SHR,2018,A,FALSE,CLR,NA,1,21.7,1.1,98,104,7.55,8.62,6.7,10,Low,632321,637000,4679,4679,30.78367712,30.78367712,1,Jet boat motor used,NA,Aquatic Insects,88,Family,Hydroptilidae,Hydroptilidae,Emergents,0,0,0,NA,NA,NA,NA,NA,NA,NA,NA,NA,NA,NA   NA   NA   NA,NA   NA   NA   NA
SHR_2018-07-12 09:15:00,7/12/2018 9:15,SHR,2018,A,FALSE,CLR,NA,1,21.7,1.1,98,104,7.55,8.62,6.7,10,Low,632321,637000,4679,4679,30.78367712,30.78367712,1,Jet boat motor used,NA,Aquatic Insects,88,Family,Hydroptilidae,Hydroptilidae,Adults,4,0.13,0.13,NA,NA,NA,NA,NA,NA,NA,NA,NA,NA,NA   NA   NA   NA,NA   NA   NA   NA
SHR_2018-07-12 09:15:00,7/12/2018 9:15,SHR,2018,A,FALSE,CLR,NA,1,21.7,1.1,98,104,7.55,8.62,6.7,10,Low,632321,637000,4679,4679,30.78367712,30.78367712,1,Jet boat motor used,NA,Aquatic Insects,88,Family,Hydroptilidae,Hydroptilidae,NotDetermined,0,0,0,NA,NA,NA,NA,NA,NA,NA,NA,NA,NA,NA   NA   NA   NA,NA   NA   NA   NA
SHR_2018-07-12 09:15:00,7/12/2018 9:15,SHR,2018,A,FALSE,CLR,NA,1,21.7,1.1,98,104,7.55,8.62,6.7,10,Low,632321,637000,4679,4679,30.78367712,30.78367712,1,Jet boat motor used,NA,Aquatic Insects,56,Family,Leptoceridae,Leptoceridae,Larvae,4,0.13,0.13,NA,NA,NA,NA,NA,NA,NA,NA,NA,NA,NA   NA   NA   NA,NA   NA   NA   NA
SHR_2018-07-12 09:15:00,7/12/2018 9:15,SHR,2018,A,FALSE,CLR,NA,1,21.7,1.1,98,104,7.55,8.62,6.7,10,Low,632321,637000,4679,4679,30.78367712,30.78367712,1,Jet boat motor used,NA,Aquatic Insects,56,Family,Leptoceridae,Leptoceridae,Pupae,0,0,0,NA,NA,NA,NA,NA,NA,NA,NA,NA,NA,NA   NA   NA   NA,NA   NA   NA   NA
SHR_2018-07-12 09:15:00,7/12/2018 9:15,SHR,2018,A,FALSE,CLR,NA,1,21.7,1.1,98,104,7.55,8.62,6.7,10,Low,632321,637000,4679,4679,30.78367712,30.78367712,1,Jet boat motor used,NA,Aquatic Insects,56,Family,Leptoceridae,Leptoceridae,Nymphs,0,0,0,NA,NA,NA,NA,NA,NA,NA,NA,NA,NA,NA   NA   NA   NA,NA   NA   NA   NA
SHR_2018-07-12 09:15:00,7/12/2018 9:15,SHR,2018,A,FALSE,CLR,NA,1,21.7,1.1,98,104,7.55,8.62,6.7,10,Low,632321,637000,4679,4679,30.78367712,30.78367712,1,Jet boat motor used,NA,Aquatic Insects,56,Family,Leptoceridae,Leptoceridae,Emergents,0,0,0,NA,NA,NA,NA,NA,NA,NA,NA,NA,NA,NA   NA   NA   NA,NA   NA   NA   NA
SHR_2018-07-12 09:15:00,7/12/2018 9:15,SHR,2018,A,FALSE,CLR,NA,1,21.7,1.1,98,104,7.55,8.62,6.7,10,Low,632321,637000,4679,4679,30.78367712,30.78367712,1,Jet boat motor used,NA,Aquatic Insects,56,Family,Leptoceridae,Leptoceridae,Adults,0,0,0,NA,NA,NA,NA,NA,NA,NA,NA,NA,NA,NA   NA   NA   NA,NA   NA   NA   NA
SHR_2018-07-12 09:15:00,7/12/2018 9:15,SHR,2018,A,FALSE,CLR,NA,1,21.7,1.1,98,104,7.55,8.62,6.7,10,Low,632321,637000,4679,4679,30.78367712,30.78367712,1,Jet boat motor used,NA,Aquatic Insects,56,Family,Leptoceridae,Leptoceridae,NotDetermined,0,0,0,NA,NA,NA,NA,NA,NA,NA,NA,NA,NA,NA   NA   NA   NA,NA   NA   NA   NA
SHR_2018-07-12 09:15:00,7/12/2018 9:15,SHR,2018,A,FALSE,CLR,NA,1,21.7,1.1,98,104,7.55,8.62,6.7,10,Low,632321,637000,4679,4679,30.78367712,30.78367712,1,Jet boat motor used,NA,Aquatic Non-Insects,28,Family,Lebertiidae,Lebertiidae,Larvae,0,0,0,NA,NA,NA,NA,NA,NA,NA,NA,NA,NA,NA   NA   NA   NA,NA   NA   NA   NA
SHR_2018-07-12 09:15:00,7/12/2018 9:15,SHR,2018,A,FALSE,CLR,NA,1,21.7,1.1,98,104,7.55,8.62,6.7,10,Low,632321,637000,4679,4679,30.78367712,30.78367712,1,Jet boat motor used,NA,Aquatic Non-Insects,120,Family,Lebertiidae,Lebertiidae,Larvae,0,0,0,NA,NA,NA,NA,NA,NA,NA,NA,NA,NA,NA   NA   NA   NA,NA   NA   NA   NA
SHR_2018-07-12 09:15:00,7/12/2018 9:15,SHR,2018,A,FALSE,CLR,NA,1,21.7,1.1,98,104,7.55,8.62,6.7,10,Low,632321,637000,4679,4679,30.78367712,30.78367712,1,Jet boat motor used,NA,Aquatic Non-Insects,28,Family,Lebertiidae,Lebertiidae,Pupae,0,0,0,NA,NA,NA,NA,NA,NA,NA,NA,NA,NA,NA   NA   NA   NA,NA   NA   NA   NA
SHR_2018-07-12 09:15:00,7/12/2018 9:15,SHR,2018,A,FALSE,CLR,NA,1,21.7,1.1,98,104,7.55,8.62,6.7,10,Low,632321,637000,4679,4679,30.78367712,30.78367712,1,Jet boat motor used,NA,Aquatic Non-Insects,120,Family,Lebertiidae,Lebertiidae,Pupae,0,0,0,NA,NA,NA,NA,NA,NA,NA,NA,NA,NA,NA   NA   NA   NA,NA   NA   NA   NA
SHR_2018-07-12 09:15:00,7/12/2018 9:15,SHR,2018,A,FALSE,CLR,NA,1,21.7,1.1,98,104,7.55,8.62,6.7,10,Low,632321,637000,4679,4679,30.78367712,30.78367712,1,Jet boat motor used,NA,Aquatic Non-Insects,28,Family,Lebertiidae,Lebertiidae,Nymphs,0,0,0,NA,NA,NA,NA,NA,NA,NA,NA,NA,NA,NA   NA   NA   NA,NA   NA   NA   NA
SHR_2018-07-12 09:15:00,7/12/2018 9:15,SHR,2018,A,FALSE,CLR,NA,1,21.7,1.1,98,104,7.55,8.62,6.7,10,Low,632321,637000,4679,4679,30.78367712,30.78367712,1,Jet boat motor used,NA,Aquatic Non-Insects,120,Family,Lebertiidae,Lebertiidae,Nymphs,0,0,0,NA,NA,NA,NA,NA,NA,NA,NA,NA,NA,NA   NA   NA   NA,NA   NA   NA   NA
SHR_2018-07-12 09:15:00,7/12/2018 9:15,SHR,2018,A,FALSE,CLR,NA,1,21.7,1.1,98,104,7.55,8.62,6.7,10,Low,632321,637000,4679,4679,30.78367712,30.78367712,1,Jet boat motor used,NA,Aquatic Non-Insects,28,Family,Lebertiidae,Lebertiidae,Emergents,0,0,0,NA,NA,NA,NA,NA,NA,NA,NA,NA,NA,NA   NA   NA   NA,NA   NA   NA   NA
SHR_2018-07-12 09:15:00,7/12/2018 9:15,SHR,2018,A,FALSE,CLR,NA,1,21.7,1.1,98,104,7.55,8.62,6.7,10,Low,632321,637000,4679,4679,30.78367712,30.78367712,1,Jet boat motor used,NA,Aquatic Non-Insects,120,Family,Lebertiidae,Lebertiidae,Emergents,0,0,0,NA,NA,NA,NA,NA,NA,NA,NA,NA,NA,NA   NA   NA   NA,NA   NA   NA   NA
SHR_2018-07-12 09:15:00,7/12/2018 9:15,SHR,2018,A,FALSE,CLR,NA,1,21.7,1.1,98,104,7.55,8.62,6.7,10,Low,632321,637000,4679,4679,30.78367712,30.78367712,1,Jet boat motor used,NA,Aquatic Non-Insects,28,Family,Lebertiidae,Lebertiidae,Adults,0,0,0,NA,NA,NA,NA,NA,NA,NA,NA,NA,NA,NA   NA   NA   NA,NA   NA   NA   NA
SHR_2018-07-12 09:15:00,7/12/2018 9:15,SHR,2018,A,FALSE,CLR,NA,1,21.7,1.1,98,104,7.55,8.62,6.7,10,Low,632321,637000,4679,4679,30.78367712,30.78367712,1,Jet boat motor used,NA,Aquatic Non-Insects,120,Family,Lebertiidae,Lebertiidae,Adults,0,0,0,NA,NA,NA,NA,NA,NA,NA,NA,NA,NA,NA   NA   NA   NA,NA   NA   NA   NA
SHR_2018-07-12 09:15:00,7/12/2018 9:15,SHR,2018,A,FALSE,CLR,NA,1,21.7,1.1,98,104,7.55,8.62,6.7,10,Low,632321,637000,4679,4679,30.78367712,30.78367712,1,Jet boat motor used,NA,Aquatic Non-Insects,28,Family,Lebertiidae,Lebertiidae,NotDetermined,2,0.065,0.065,NA,NA,NA,NA,NA,NA,NA,NA,NA,NA,NA   NA   NA   NA,NA   NA   NA   NA
SHR_2018-07-12 09:15:00,7/12/2018 9:15,SHR,2018,A,FALSE,CLR,NA,1,21.7,1.1,98,104,7.55,8.62,6.7,10,Low,632321,637000,4679,4679,30.78367712,30.78367712,1,Jet boat motor used,NA,Aquatic Non-Insects,120,Family,Lebertiidae,Lebertiidae,NotDetermined,2,0.065,0.065,NA,NA,NA,NA,NA,NA,NA,NA,NA,NA,NA   NA   NA   NA,NA   NA   NA   NA
SHR_2018-07-12 09:15:00,7/12/2018 9:15,SHR,2018,A,FALSE,CLR,NA,1,21.7,1.1,98,104,7.55,8.62,6.7,10,Low,632321,637000,4679,4679,30.78367712,30.78367712,1,Jet boat motor used,NA,Aquatic Non-Insects,15,Family,Hyalellidae,Hyalellidae,Larvae,0,0,0,NA,NA,NA,NA,NA,NA,NA,NA,NA,NA,NA   NA   NA   NA,NA   NA   NA   NA
SHR_2018-07-12 09:15:00,7/12/2018 9:15,SHR,2018,A,FALSE,CLR,NA,1,21.7,1.1,98,104,7.55,8.62,6.7,10,Low,632321,637000,4679,4679,30.78367712,30.78367712,1,Jet boat motor used,NA,Aquatic Non-Insects,15,Family,Hyalellidae,Hyalellidae,Pupae,0,0,0,NA,NA,NA,NA,NA,NA,NA,NA,NA,NA,NA   NA   NA   NA,NA   NA   NA   NA
SHR_2018-07-12 09:15:00,7/12/2018 9:15,SHR,2018,A,FALSE,CLR,NA,1,21.7,1.1,98,104,7.55,8.62,6.7,10,Low,632321,637000,4679,4679,30.78367712,30.78367712,1,Jet boat motor used,NA,Aquatic Non-Insects,15,Family,Hyalellidae,Hyalellidae,Nymphs,0,0,0,NA,NA,NA,NA,NA,NA,NA,NA,NA,NA,NA   NA   NA   NA,NA   NA   NA   NA
SHR_2018-07-12 09:15:00,7/12/2018 9:15,SHR,2018,A,FALSE,CLR,NA,1,21.7,1.1,98,104,7.55,8.62,6.7,10,Low,632321,637000,4679,4679,30.78367712,30.78367712,1,Jet boat motor used,NA,Aquatic Non-Insects,15,Family,Hyalellidae,Hyalellidae,Emergents,0,0,0,NA,NA,NA,NA,NA,NA,NA,NA,NA,NA,NA   NA   NA   NA,NA   NA   NA   NA
SHR_2018-07-12 09:15:00,7/12/2018 9:15,SHR,2018,A,FALSE,CLR,NA,1,21.7,1.1,98,104,7.55,8.62,6.7,10,Low,632321,637000,4679,4679,30.78367712,30.78367712,1,Jet boat motor used,NA,Aquatic Non-Insects,15,Family,Hyalellidae,Hyalellidae,Adults,0,0,0,NA,NA,NA,NA,NA,NA,NA,NA,NA,NA,NA   NA   NA   NA,NA   NA   NA   NA
SHR_2018-07-12 09:15:00,7/12/2018 9:15,SHR,2018,A,FALSE,CLR,NA,1,21.7,1.1,98,104,7.55,8.62,6.7,10,Low,632321,637000,4679,4679,30.78367712,30.78367712,1,Jet boat motor used,NA,Aquatic Non-Insects,15,Family,Hyalellidae,Hyalellidae,NotDetermined,4,0.13,0.13,NA,NA,NA,NA,NA,NA,NA,NA,NA,NA,NA   NA   NA   NA,NA   NA   NA   NA
SHR_2018-07-12 09:15:00,7/12/2018 9:15,SHR,2018,A,FALSE,CLR,NA,1,21.7,1.1,98,104,7.55,8.62,6.7,10,Low,632321,637000,4679,4679,30.78367712,30.78367712,1,Jet boat motor used,NA,Aquatic Non-Insects,20,Family,Physidae,Physidae,Larvae,0,0,0,NA,NA,NA,NA,NA,NA,NA,NA,NA,NA,NA   NA   NA   NA,NA   NA   NA   NA
SHR_2018-07-12 09:15:00,7/12/2018 9:15,SHR,2018,A,FALSE,CLR,NA,1,21.7,1.1,98,104,7.55,8.62,6.7,10,Low,632321,637000,4679,4679,30.78367712,30.78367712,1,Jet boat motor used,NA,Aquatic Non-Insects,20,Family,Physidae,Physidae,Pupae,0,0,0,NA,NA,NA,NA,NA,NA,NA,NA,NA,NA,NA   NA   NA   NA,NA   NA   NA   NA
SHR_2018-07-12 09:15:00,7/12/2018 9:15,SHR,2018,A,FALSE,CLR,NA,1,21.7,1.1,98,104,7.55,8.62,6.7,10,Low,632321,637000,4679,4679,30.78367712,30.78367712,1,Jet boat motor used,NA,Aquatic Non-Insects,20,Family,Physidae,Physidae,Nymphs,0,0,0,NA,NA,NA,NA,NA,NA,NA,NA,NA,NA,NA   NA   NA   NA,NA   NA   NA   NA
SHR_2018-07-12 09:15:00,7/12/2018 9:15,SHR,2018,A,FALSE,CLR,NA,1,21.7,1.1,98,104,7.55,8.62,6.7,10,Low,632321,637000,4679,4679,30.78367712,30.78367712,1,Jet boat motor used,NA,Aquatic Non-Insects,20,Family,Physidae,Physidae,Emergents,0,0,0,NA,NA,NA,NA,NA,NA,NA,NA,NA,NA,NA   NA   NA   NA,NA   NA   NA   NA
SHR_2018-07-12 09:15:00,7/12/2018 9:15,SHR,2018,A,FALSE,CLR,NA,1,21.7,1.1,98,104,7.55,8.62,6.7,10,Low,632321,637000,4679,4679,30.78367712,30.78367712,1,Jet boat motor used,NA,Aquatic Non-Insects,20,Family,Physidae,Physidae,Adults,0,0,0,NA,NA,NA,NA,NA,NA,NA,NA,NA,NA,NA   NA   NA   NA,NA   NA   NA   NA
SHR_2018-07-12 09:15:00,7/12/2018 9:15,SHR,2018,A,FALSE,CLR,NA,1,21.7,1.1,98,104,7.55,8.62,6.7,10,Low,632321,637000,4679,4679,30.78367712,30.78367712,1,Jet boat motor used,NA,Aquatic Non-Insects,20,Family,Physidae,Physidae,NotDetermined,1,0.032,0.032,NA,NA,NA,NA,NA,NA,NA,NA,NA,NA,NA   NA   NA   NA,NA   NA   NA   NA
SHR_2018-07-12 09:15:00,7/12/2018 9:15,SHR,2018,A,FALSE,CLR,NA,1,21.7,1.1,98,104,7.55,8.62,6.7,10,Low,632321,637000,4679,4679,30.78367712,30.78367712,1,Jet boat motor used,NA,Terrestrial Non-Insects,57,Subclass,Acari,Acari,Larvae,0,0,0,NA,NA,NA,NA,NA,NA,NA,NA,NA,NA,NA   NA   NA   NA,NA   NA   NA   NA
SHR_2018-07-12 09:15:00,7/12/2018 9:15,SHR,2018,A,FALSE,CLR,NA,1,21.7,1.1,98,104,7.55,8.62,6.7,10,Low,632321,637000,4679,4679,30.78367712,30.78367712,1,Jet boat motor used,NA,Terrestrial Non-Insects,57,Subclass,Acari,Acari,Pupae,0,0,0,NA,NA,NA,NA,NA,NA,NA,NA,NA,NA,NA   NA   NA   NA,NA   NA   NA   NA
SHR_2018-07-12 09:15:00,7/12/2018 9:15,SHR,2018,A,FALSE,CLR,NA,1,21.7,1.1,98,104,7.55,8.62,6.7,10,Low,632321,637000,4679,4679,30.78367712,30.78367712,1,Jet boat motor used,NA,Terrestrial Non-Insects,57,Subclass,Acari,Acari,Nymphs,0,0,0,NA,NA,NA,NA,NA,NA,NA,NA,NA,NA,NA   NA   NA   NA,NA   NA   NA   NA
SHR_2018-07-12 09:15:00,7/12/2018 9:15,SHR,2018,A,FALSE,CLR,NA,1,21.7,1.1,98,104,7.55,8.62,6.7,10,Low,632321,637000,4679,4679,30.78367712,30.78367712,1,Jet boat motor used,NA,Terrestrial Non-Insects,57,Subclass,Acari,Acari,Emergents,0,0,0,NA,NA,NA,NA,NA,NA,NA,NA,NA,NA,NA   NA   NA   NA,NA   NA   NA   NA
SHR_2018-07-12 09:15:00,7/12/2018 9:15,SHR,2018,A,FALSE,CLR,NA,1,21.7,1.1,98,104,7.55,8.62,6.7,10,Low,632321,637000,4679,4679,30.78367712,30.78367712,1,Jet boat motor used,NA,Terrestrial Non-Insects,57,Subclass,Acari,Acari,Adults,0,0,0,NA,NA,NA,NA,NA,NA,NA,NA,NA,NA,NA   NA   NA   NA,NA   NA   NA   NA
SHR_2018-07-12 09:15:00,7/12/2018 9:15,SHR,2018,A,FALSE,CLR,NA,1,21.7,1.1,98,104,7.55,8.62,6.7,10,Low,632321,637000,4679,4679,30.78367712,30.78367712,1,Jet boat motor used,NA,Terrestrial Non-Insects,57,Subclass,Acari,Acari,NotDetermined,1,0.032,0.032,NA,NA,NA,NA,NA,NA,NA,NA,NA,NA,NA   NA   NA   NA,NA   NA   NA   NA
SHR_2018-07-12 09:15:00,7/12/2018 9:15,SHR,2018,A,FALSE,CLR,NA,1,21.7,1.1,98,104,7.55,8.62,6.7,10,Low,632321,637000,4679,4679,30.78367712,30.78367712,1,Jet boat motor used,NA,Terrestrial Non-Insects,157,Order,Araneae,Araneae,Larvae,0,0,0,NA,NA,NA,NA,NA,NA,NA,NA,NA,NA,NA   NA   NA   NA,NA   NA   NA   NA
SHR_2018-07-12 09:15:00,7/12/2018 9:15,SHR,2018,A,FALSE,CLR,NA,1,21.7,1.1,98,104,7.55,8.62,6.7,10,Low,632321,637000,4679,4679,30.78367712,30.78367712,1,Jet boat motor used,NA,Terrestrial Non-Insects,157,Order,Araneae,Araneae,Pupae,0,0,0,NA,NA,NA,NA,NA,NA,NA,NA,NA,NA,NA   NA   NA   NA,NA   NA   NA   NA
SHR_2018-07-12 09:15:00,7/12/2018 9:15,SHR,2018,A,FALSE,CLR,NA,1,21.7,1.1,98,104,7.55,8.62,6.7,10,Low,632321,637000,4679,4679,30.78367712,30.78367712,1,Jet boat motor used,NA,Terrestrial Non-Insects,157,Order,Araneae,Araneae,Nymphs,0,0,0,NA,NA,NA,NA,NA,NA,NA,NA,NA,NA,NA   NA   NA   NA,NA   NA   NA   NA
SHR_2018-07-12 09:15:00,7/12/2018 9:15,SHR,2018,A,FALSE,CLR,NA,1,21.7,1.1,98,104,7.55,8.62,6.7,10,Low,632321,637000,4679,4679,30.78367712,30.78367712,1,Jet boat motor used,NA,Terrestrial Non-Insects,157,Order,Araneae,Araneae,Emergents,0,0,0,NA,NA,NA,NA,NA,NA,NA,NA,NA,NA,NA   NA   NA   NA,NA   NA   NA   NA
SHR_2018-07-12 09:15:00,7/12/2018 9:15,SHR,2018,A,FALSE,CLR,NA,1,21.7,1.1,98,104,7.55,8.62,6.7,10,Low,632321,637000,4679,4679,30.78367712,30.78367712,1,Jet boat motor used,NA,Terrestrial Non-Insects,157,Order,Araneae,Araneae,Adults,0,0,0,NA,NA,NA,NA,NA,NA,NA,NA,NA,NA,NA   NA   NA   NA,NA   NA   NA   NA
SHR_2018-07-12 09:15:00,7/12/2018 9:15,SHR,2018,A,FALSE,CLR,NA,1,21.7,1.1,98,104,7.55,8.62,6.7,10,Low,632321,637000,4679,4679,30.78367712,30.78367712,1,Jet boat motor used,NA,Terrestrial Non-Insects,157,Order,Araneae,Araneae,NotDetermined,9,0.292,0.292,NA,NA,NA,NA,NA,NA,NA,NA,NA,NA,NA   NA   NA   NA,NA   NA   NA   NA
SHR_2018-07-12 09:15:00,7/12/2018 9:15,SHR,2018,A,FALSE,CLR,NA,1,21.7,1.1,98,104,7.55,8.62,6.7,10,Low,632321,637000,4679,4679,30.78367712,30.78367712,1,Jet boat motor used,NA,Terrestrial Insects,63,Order,Coleoptera,Coleoptera,Larvae,1,0.032,0.032,NA,NA,NA,NA,NA,NA,NA,NA,NA,NA,NA   NA   NA   NA,NA   NA   NA   NA
SHR_2018-07-12 09:15:00,7/12/2018 9:15,SHR,2018,A,FALSE,CLR,NA,1,21.7,1.1,98,104,7.55,8.62,6.7,10,Low,632321,637000,4679,4679,30.78367712,30.78367712,1,Jet boat motor used,NA,Terrestrial Insects,63,Order,Coleoptera,Coleoptera,Pupae,0,0,0,NA,NA,NA,NA,NA,NA,NA,NA,NA,NA,NA   NA   NA   NA,NA   NA   NA   NA
SHR_2018-07-12 09:15:00,7/12/2018 9:15,SHR,2018,A,FALSE,CLR,NA,1,21.7,1.1,98,104,7.55,8.62,6.7,10,Low,632321,637000,4679,4679,30.78367712,30.78367712,1,Jet boat motor used,NA,Terrestrial Insects,63,Order,Coleoptera,Coleoptera,Nymphs,0,0,0,NA,NA,NA,NA,NA,NA,NA,NA,NA,NA,NA   NA   NA   NA,NA   NA   NA   NA
SHR_2018-07-12 09:15:00,7/12/2018 9:15,SHR,2018,A,FALSE,CLR,NA,1,21.7,1.1,98,104,7.55,8.62,6.7,10,Low,632321,637000,4679,4679,30.78367712,30.78367712,1,Jet boat motor used,NA,Terrestrial Insects,63,Order,Coleoptera,Coleoptera,Emergents,0,0,0,NA,NA,NA,NA,NA,NA,NA,NA,NA,NA,NA   NA   NA   NA,NA   NA   NA   NA
SHR_2018-07-12 09:15:00,7/12/2018 9:15,SHR,2018,A,FALSE,CLR,NA,1,21.7,1.1,98,104,7.55,8.62,6.7,10,Low,632321,637000,4679,4679,30.78367712,30.78367712,1,Jet boat motor used,NA,Terrestrial Insects,63,Order,Coleoptera,Coleoptera,Adults,19,0.617,0.617,NA,NA,NA,NA,NA,NA,NA,NA,NA,NA,NA   NA   NA   NA,NA   NA   NA   NA
SHR_2018-07-12 09:15:00,7/12/2018 9:15,SHR,2018,A,FALSE,CLR,NA,1,21.7,1.1,98,104,7.55,8.62,6.7,10,Low,632321,637000,4679,4679,30.78367712,30.78367712,1,Jet boat motor used,NA,Terrestrial Insects,63,Order,Coleoptera,Coleoptera,NotDetermined,0,0,0,NA,NA,NA,NA,NA,NA,NA,NA,NA,NA,NA   NA   NA   NA,NA   NA   NA   NA
SHR_2018-07-12 09:15:00,7/12/2018 9:15,SHR,2018,A,FALSE,CLR,NA,1,21.7,1.1,98,104,7.55,8.62,6.7,10,Low,632321,637000,4679,4679,30.78367712,30.78367712,1,Jet boat motor used,NA,Terrestrial Insects,64,Order,Diptera,Diptera,Larvae,0,0,0,NA,NA,NA,NA,NA,NA,NA,NA,NA,NA,NA   NA   NA   NA,NA   NA   NA   NA
SHR_2018-07-12 09:15:00,7/12/2018 9:15,SHR,2018,A,FALSE,CLR,NA,1,21.7,1.1,98,104,7.55,8.62,6.7,10,Low,632321,637000,4679,4679,30.78367712,30.78367712,1,Jet boat motor used,NA,Terrestrial Insects,64,Order,Diptera,Diptera,Pupae,1,0.032,0.032,NA,NA,NA,NA,NA,NA,NA,NA,NA,NA,NA   NA   NA   NA,NA   NA   NA   NA
SHR_2018-07-12 09:15:00,7/12/2018 9:15,SHR,2018,A,FALSE,CLR,NA,1,21.7,1.1,98,104,7.55,8.62,6.7,10,Low,632321,637000,4679,4679,30.78367712,30.78367712,1,Jet boat motor used,NA,Terrestrial Insects,64,Order,Diptera,Diptera,Nymphs,0,0,0,NA,NA,NA,NA,NA,NA,NA,NA,NA,NA,NA   NA   NA   NA,NA   NA   NA   NA
SHR_2018-07-12 09:15:00,7/12/2018 9:15,SHR,2018,A,FALSE,CLR,NA,1,21.7,1.1,98,104,7.55,8.62,6.7,10,Low,632321,637000,4679,4679,30.78367712,30.78367712,1,Jet boat motor used,NA,Terrestrial Insects,64,Order,Diptera,Diptera,Emergents,0,0,0,NA,NA,NA,NA,NA,NA,NA,NA,NA,NA,NA   NA   NA   NA,NA   NA   NA   NA
SHR_2018-07-12 09:15:00,7/12/2018 9:15,SHR,2018,A,FALSE,CLR,NA,1,21.7,1.1,98,104,7.55,8.62,6.7,10,Low,632321,637000,4679,4679,30.78367712,30.78367712,1,Jet boat motor used,NA,Terrestrial Insects,64,Order,Diptera,Diptera,Adults,0,0,0,NA,NA,NA,NA,NA,NA,NA,NA,NA,NA,NA   NA   NA   NA,NA   NA   NA   NA
SHR_2018-07-12 09:15:00,7/12/2018 9:15,SHR,2018,A,FALSE,CLR,NA,1,21.7,1.1,98,104,7.55,8.62,6.7,10,Low,632321,637000,4679,4679,30.78367712,30.78367712,1,Jet boat motor used,NA,Terrestrial Insects,64,Order,Diptera,Diptera,NotDetermined,0,0,0,NA,NA,NA,NA,NA,NA,NA,NA,NA,NA,NA   NA   NA   NA,NA   NA   NA   NA
SHR_2018-07-12 09:15:00,7/12/2018 9:15,SHR,2018,A,FALSE,CLR,NA,1,21.7,1.1,98,104,7.55,8.62,6.7,10,Low,632321,637000,4679,4679,30.78367712,30.78367712,1,Jet boat motor used,NA,Terrestrial Insects,71,Order,Hemiptera,Hemiptera,Larvae,0,0,0,NA,NA,NA,NA,NA,NA,NA,NA,NA,NA,NA   NA   NA   NA,NA   NA   NA   NA
SHR_2018-07-12 09:15:00,7/12/2018 9:15,SHR,2018,A,FALSE,CLR,NA,1,21.7,1.1,98,104,7.55,8.62,6.7,10,Low,632321,637000,4679,4679,30.78367712,30.78367712,1,Jet boat motor used,NA,Terrestrial Insects,71,Order,Hemiptera,Hemiptera,Pupae,0,0,0,NA,NA,NA,NA,NA,NA,NA,NA,NA,NA,NA   NA   NA   NA,NA   NA   NA   NA
SHR_2018-07-12 09:15:00,7/12/2018 9:15,SHR,2018,A,FALSE,CLR,NA,1,21.7,1.1,98,104,7.55,8.62,6.7,10,Low,632321,637000,4679,4679,30.78367712,30.78367712,1,Jet boat motor used,NA,Terrestrial Insects,71,Order,Hemiptera,Hemiptera,Nymphs,0,0,0,NA,NA,NA,NA,NA,NA,NA,NA,NA,NA,NA   NA   NA   NA,NA   NA   NA   NA
SHR_2018-07-12 09:15:00,7/12/2018 9:15,SHR,2018,A,FALSE,CLR,NA,1,21.7,1.1,98,104,7.55,8.62,6.7,10,Low,632321,637000,4679,4679,30.78367712,30.78367712,1,Jet boat motor used,NA,Terrestrial Insects,71,Order,Hemiptera,Hemiptera,Emergents,0,0,0,NA,NA,NA,NA,NA,NA,NA,NA,NA,NA,NA   NA   NA   NA,NA   NA   NA   NA
SHR_2018-07-12 09:15:00,7/12/2018 9:15,SHR,2018,A,FALSE,CLR,NA,1,21.7,1.1,98,104,7.55,8.62,6.7,10,Low,632321,637000,4679,4679,30.78367712,30.78367712,1,Jet boat motor used,NA,Terrestrial Insects,71,Order,Hemiptera,Hemiptera,Adults,6,0.195,0.195,NA,NA,NA,NA,NA,NA,NA,NA,NA,NA,NA   NA   NA   NA,NA   NA   NA   NA
SHR_2018-07-12 09:15:00,7/12/2018 9:15,SHR,2018,A,FALSE,CLR,NA,1,21.7,1.1,98,104,7.55,8.62,6.7,10,Low,632321,637000,4679,4679,30.78367712,30.78367712,1,Jet boat motor used,NA,Terrestrial Insects,71,Order,Hemiptera,Hemiptera,NotDetermined,0,0,0,NA,NA,NA,NA,NA,NA,NA,NA,NA,NA,NA   NA   NA   NA,NA   NA   NA   NA
SHR_2018-07-12 09:15:00,7/12/2018 9:15,SHR,2018,A,FALSE,CLR,NA,1,21.7,1.1,98,104,7.55,8.62,6.7,10,Low,632321,637000,4679,4679,30.78367712,30.78367712,1,Jet boat motor used,NA,Terrestrial Insects,85,Order,Thysanoptera,Thysanoptera,Larvae,0,0,0,NA,NA,NA,NA,NA,NA,NA,NA,NA,NA,NA   NA   NA   NA,NA   NA   NA   NA
SHR_2018-07-12 09:15:00,7/12/2018 9:15,SHR,2018,A,FALSE,CLR,NA,1,21.7,1.1,98,104,7.55,8.62,6.7,10,Low,632321,637000,4679,4679,30.78367712,30.78367712,1,Jet boat motor used,NA,Terrestrial Insects,85,Order,Thysanoptera,Thysanoptera,Pupae,0,0,0,NA,NA,NA,NA,NA,NA,NA,NA,NA,NA,NA   NA   NA   NA,NA   NA   NA   NA
SHR_2018-07-12 09:15:00,7/12/2018 9:15,SHR,2018,A,FALSE,CLR,NA,1,21.7,1.1,98,104,7.55,8.62,6.7,10,Low,632321,637000,4679,4679,30.78367712,30.78367712,1,Jet boat motor used,NA,Terrestrial Insects,85,Order,Thysanoptera,Thysanoptera,Nymphs,0,0,0,NA,NA,NA,NA,NA,NA,NA,NA,NA,NA,NA   NA   NA   NA,NA   NA   NA   NA
SHR_2018-07-12 09:15:00,7/12/2018 9:15,SHR,2018,A,FALSE,CLR,NA,1,21.7,1.1,98,104,7.55,8.62,6.7,10,Low,632321,637000,4679,4679,30.78367712,30.78367712,1,Jet boat motor used,NA,Terrestrial Insects,85,Order,Thysanoptera,Thysanoptera,Emergents,0,0,0,NA,NA,NA,NA,NA,NA,NA,NA,NA,NA,NA   NA   NA   NA,NA   NA   NA   NA
SHR_2018-07-12 09:15:00,7/12/2018 9:15,SHR,2018,A,FALSE,CLR,NA,1,21.7,1.1,98,104,7.55,8.62,6.7,10,Low,632321,637000,4679,4679,30.78367712,30.78367712,1,Jet boat motor used,NA,Terrestrial Insects,85,Order,Thysanoptera,Thysanoptera,Adults,1,0.032,0.032,NA,NA,NA,NA,NA,NA,NA,NA,NA,NA,NA   NA   NA   NA,NA   NA   NA   NA
SHR_2018-07-12 09:15:00,7/12/2018 9:15,SHR,2018,A,FALSE,CLR,NA,1,21.7,1.1,98,104,7.55,8.62,6.7,10,Low,632321,637000,4679,4679,30.78367712,30.78367712,1,Jet boat motor used,NA,Terrestrial Insects,85,Order,Thysanoptera,Thysanoptera,NotDetermined,0,0,0,NA,NA,NA,NA,NA,NA,NA,NA,NA,NA,NA   NA   NA   NA,NA   NA   NA   NA
STTD_2018-08-08 13:46:00,8/8/2018 13:46,STTD,2018,A,FALSE,CLD,Flood,1,22.9,0.4,171,178,8.37,7.65,17.9,10,Low,614864,620530,5666,5666,37.27726321,37.27726321,1,Contents sloshed slightly with lid off - did not appear to lose any of the sample.,NA,Aquatic Insects,34,Family,Chironomidae,Chironomidae,Larvae,0,0,0,NA,NA,2,SAMP,NA,NA,NA,NA,NA,NA,2   NA   NA   NA,SAMP   NA   NA   NA
STTD_2018-08-08 13:46:00,8/8/2018 13:46,STTD,2018,A,FALSE,CLD,Flood,1,22.9,0.4,171,178,8.37,7.65,17.9,10,Low,614864,620530,5666,5666,37.27726321,37.27726321,1,Contents sloshed slightly with lid off - did not appear to lose any of the sample.,NA,Aquatic Insects,34,Family,Chironomidae,Chironomidae,Pupae,0,0,0,NA,NA,2,SAMP,NA,NA,NA,NA,NA,NA,2   NA   NA   NA,SAMP   NA   NA   NA
STTD_2018-08-08 13:46:00,8/8/2018 13:46,STTD,2018,A,FALSE,CLD,Flood,1,22.9,0.4,171,178,8.37,7.65,17.9,10,Low,614864,620530,5666,5666,37.27726321,37.27726321,1,Contents sloshed slightly with lid off - did not appear to lose any of the sample.,NA,Aquatic Insects,34,Family,Chironomidae,Chironomidae,Nymphs,0,0,0,NA,NA,2,SAMP,NA,NA,NA,NA,NA,NA,2   NA   NA   NA,SAMP   NA   NA   NA
STTD_2018-08-08 13:46:00,8/8/2018 13:46,STTD,2018,A,FALSE,CLD,Flood,1,22.9,0.4,171,178,8.37,7.65,17.9,10,Low,614864,620530,5666,5666,37.27726321,37.27726321,1,Contents sloshed slightly with lid off - did not appear to lose any of the sample.,NA,Aquatic Insects,34,Family,Chironomidae,Chironomidae,Emergents,0,0,0,NA,NA,2,SAMP,NA,NA,NA,NA,NA,NA,2   NA   NA   NA,SAMP   NA   NA   NA
STTD_2018-08-08 13:46:00,8/8/2018 13:46,STTD,2018,A,FALSE,CLD,Flood,1,22.9,0.4,171,178,8.37,7.65,17.9,10,Low,614864,620530,5666,5666,37.27726321,37.27726321,1,Contents sloshed slightly with lid off - did not appear to lose any of the sample.,NA,Aquatic Insects,34,Family,Chironomidae,Chironomidae,Adults,2,0.054,0.054,NA,NA,2,SAMP,NA,NA,NA,NA,NA,NA,2   NA   NA   NA,SAMP   NA   NA   NA
STTD_2018-08-08 13:46:00,8/8/2018 13:46,STTD,2018,A,FALSE,CLD,Flood,1,22.9,0.4,171,178,8.37,7.65,17.9,10,Low,614864,620530,5666,5666,37.27726321,37.27726321,1,Contents sloshed slightly with lid off - did not appear to lose any of the sample.,NA,Aquatic Insects,34,Family,Chironomidae,Chironomidae,NotDetermined,0,0,0,NA,NA,2,SAMP,NA,NA,NA,NA,NA,NA,2   NA   NA   NA,SAMP   NA   NA   NA
STTD_2018-08-08 13:46:00,8/8/2018 13:46,STTD,2018,A,FALSE,CLD,Flood,1,22.9,0.4,171,178,8.37,7.65,17.9,10,Low,614864,620530,5666,5666,37.27726321,37.27726321,1,Contents sloshed slightly with lid off - did not appear to lose any of the sample.,NA,Aquatic Insects,111,Family,Belostomatidae,Belostomatidae,Larvae,2,0.054,0.054,NA,NA,2,SAMP,NA,NA,NA,NA,NA,NA,2   NA   NA   NA,SAMP   NA   NA   NA
STTD_2018-08-08 13:46:00,8/8/2018 13:46,STTD,2018,A,FALSE,CLD,Flood,1,22.9,0.4,171,178,8.37,7.65,17.9,10,Low,614864,620530,5666,5666,37.27726321,37.27726321,1,Contents sloshed slightly with lid off - did not appear to lose any of the sample.,NA,Aquatic Insects,111,Family,Belostomatidae,Belostomatidae,Pupae,0,0,0,NA,NA,2,SAMP,NA,NA,NA,NA,NA,NA,2   NA   NA   NA,SAMP   NA   NA   NA
STTD_2018-08-08 13:46:00,8/8/2018 13:46,STTD,2018,A,FALSE,CLD,Flood,1,22.9,0.4,171,178,8.37,7.65,17.9,10,Low,614864,620530,5666,5666,37.27726321,37.27726321,1,Contents sloshed slightly with lid off - did not appear to lose any of the sample.,NA,Aquatic Insects,111,Family,Belostomatidae,Belostomatidae,Nymphs,0,0,0,NA,NA,2,SAMP,NA,NA,NA,NA,NA,NA,2   NA   NA   NA,SAMP   NA   NA   NA
STTD_2018-08-08 13:46:00,8/8/2018 13:46,STTD,2018,A,FALSE,CLD,Flood,1,22.9,0.4,171,178,8.37,7.65,17.9,10,Low,614864,620530,5666,5666,37.27726321,37.27726321,1,Contents sloshed slightly with lid off - did not appear to lose any of the sample.,NA,Aquatic Insects,111,Family,Belostomatidae,Belostomatidae,Emergents,0,0,0,NA,NA,2,SAMP,NA,NA,NA,NA,NA,NA,2   NA   NA   NA,SAMP   NA   NA   NA
STTD_2018-08-08 13:46:00,8/8/2018 13:46,STTD,2018,A,FALSE,CLD,Flood,1,22.9,0.4,171,178,8.37,7.65,17.9,10,Low,614864,620530,5666,5666,37.27726321,37.27726321,1,Contents sloshed slightly with lid off - did not appear to lose any of the sample.,NA,Aquatic Insects,111,Family,Belostomatidae,Belostomatidae,Adults,6,0.161,0.161,NA,NA,2,SAMP,NA,NA,NA,NA,NA,NA,2   NA   NA   NA,SAMP   NA   NA   NA
STTD_2018-08-08 13:46:00,8/8/2018 13:46,STTD,2018,A,FALSE,CLD,Flood,1,22.9,0.4,171,178,8.37,7.65,17.9,10,Low,614864,620530,5666,5666,37.27726321,37.27726321,1,Contents sloshed slightly with lid off - did not appear to lose any of the sample.,NA,Aquatic Insects,111,Family,Belostomatidae,Belostomatidae,NotDetermined,0,0,0,NA,NA,2,SAMP,NA,NA,NA,NA,NA,NA,2   NA   NA   NA,SAMP   NA   NA   NA
STTD_2018-08-08 13:46:00,8/8/2018 13:46,STTD,2018,A,FALSE,CLD,Flood,1,22.9,0.4,171,178,8.37,7.65,17.9,10,Low,614864,620530,5666,5666,37.27726321,37.27726321,1,Contents sloshed slightly with lid off - did not appear to lose any of the sample.,NA,Aquatic Insects,46,Family,Coenagrionidae,Coenagrionidae,Larvae,5,0.134,0.134,NA,NA,2,SAMP,NA,NA,NA,NA,NA,NA,2   NA   NA   NA,SAMP   NA   NA   NA
STTD_2018-08-08 13:46:00,8/8/2018 13:46,STTD,2018,A,FALSE,CLD,Flood,1,22.9,0.4,171,178,8.37,7.65,17.9,10,Low,614864,620530,5666,5666,37.27726321,37.27726321,1,Contents sloshed slightly with lid off - did not appear to lose any of the sample.,NA,Aquatic Insects,46,Family,Coenagrionidae,Coenagrionidae,Pupae,0,0,0,NA,NA,2,SAMP,NA,NA,NA,NA,NA,NA,2   NA   NA   NA,SAMP   NA   NA   NA
STTD_2018-08-08 13:46:00,8/8/2018 13:46,STTD,2018,A,FALSE,CLD,Flood,1,22.9,0.4,171,178,8.37,7.65,17.9,10,Low,614864,620530,5666,5666,37.27726321,37.27726321,1,Contents sloshed slightly with lid off - did not appear to lose any of the sample.,NA,Aquatic Insects,46,Family,Coenagrionidae,Coenagrionidae,Nymphs,0,0,0,NA,NA,2,SAMP,NA,NA,NA,NA,NA,NA,2   NA   NA   NA,SAMP   NA   NA   NA
STTD_2018-08-08 13:46:00,8/8/2018 13:46,STTD,2018,A,FALSE,CLD,Flood,1,22.9,0.4,171,178,8.37,7.65,17.9,10,Low,614864,620530,5666,5666,37.27726321,37.27726321,1,Contents sloshed slightly with lid off - did not appear to lose any of the sample.,NA,Aquatic Insects,46,Family,Coenagrionidae,Coenagrionidae,Emergents,0,0,0,NA,NA,2,SAMP,NA,NA,NA,NA,NA,NA,2   NA   NA   NA,SAMP   NA   NA   NA
STTD_2018-08-08 13:46:00,8/8/2018 13:46,STTD,2018,A,FALSE,CLD,Flood,1,22.9,0.4,171,178,8.37,7.65,17.9,10,Low,614864,620530,5666,5666,37.27726321,37.27726321,1,Contents sloshed slightly with lid off - did not appear to lose any of the sample.,NA,Aquatic Insects,46,Family,Coenagrionidae,Coenagrionidae,Adults,0,0,0,NA,NA,2,SAMP,NA,NA,NA,NA,NA,NA,2   NA   NA   NA,SAMP   NA   NA   NA
STTD_2018-08-08 13:46:00,8/8/2018 13:46,STTD,2018,A,FALSE,CLD,Flood,1,22.9,0.4,171,178,8.37,7.65,17.9,10,Low,614864,620530,5666,5666,37.27726321,37.27726321,1,Contents sloshed slightly with lid off - did not appear to lose any of the sample.,NA,Aquatic Insects,46,Family,Coenagrionidae,Coenagrionidae,NotDetermined,0,0,0,NA,NA,2,SAMP,NA,NA,NA,NA,NA,NA,2   NA   NA   NA,SAMP   NA   NA   NA
STTD_2018-08-08 13:46:00,8/8/2018 13:46,STTD,2018,A,FALSE,CLD,Flood,1,22.9,0.4,171,178,8.37,7.65,17.9,10,Low,614864,620530,5666,5666,37.27726321,37.27726321,1,Contents sloshed slightly with lid off - did not appear to lose any of the sample.,NA,Aquatic Non-Insects,4,Family,Naididae,Naididae,Larvae,0,0,0,NA,NA,2,SAMP,NA,NA,NA,NA,NA,NA,2   NA   NA   NA,SAMP   NA   NA   NA
STTD_2018-08-08 13:46:00,8/8/2018 13:46,STTD,2018,A,FALSE,CLD,Flood,1,22.9,0.4,171,178,8.37,7.65,17.9,10,Low,614864,620530,5666,5666,37.27726321,37.27726321,1,Contents sloshed slightly with lid off - did not appear to lose any of the sample.,NA,Aquatic Non-Insects,4,Family,Naididae,Naididae,Pupae,0,0,0,NA,NA,2,SAMP,NA,NA,NA,NA,NA,NA,2   NA   NA   NA,SAMP   NA   NA   NA
STTD_2018-08-08 13:46:00,8/8/2018 13:46,STTD,2018,A,FALSE,CLD,Flood,1,22.9,0.4,171,178,8.37,7.65,17.9,10,Low,614864,620530,5666,5666,37.27726321,37.27726321,1,Contents sloshed slightly with lid off - did not appear to lose any of the sample.,NA,Aquatic Non-Insects,4,Family,Naididae,Naididae,Nymphs,0,0,0,NA,NA,2,SAMP,NA,NA,NA,NA,NA,NA,2   NA   NA   NA,SAMP   NA   NA   NA
STTD_2018-08-08 13:46:00,8/8/2018 13:46,STTD,2018,A,FALSE,CLD,Flood,1,22.9,0.4,171,178,8.37,7.65,17.9,10,Low,614864,620530,5666,5666,37.27726321,37.27726321,1,Contents sloshed slightly with lid off - did not appear to lose any of the sample.,NA,Aquatic Non-Insects,4,Family,Naididae,Naididae,Emergents,0,0,0,NA,NA,2,SAMP,NA,NA,NA,NA,NA,NA,2   NA   NA   NA,SAMP   NA   NA   NA
STTD_2018-08-08 13:46:00,8/8/2018 13:46,STTD,2018,A,FALSE,CLD,Flood,1,22.9,0.4,171,178,8.37,7.65,17.9,10,Low,614864,620530,5666,5666,37.27726321,37.27726321,1,Contents sloshed slightly with lid off - did not appear to lose any of the sample.,NA,Aquatic Non-Insects,4,Family,Naididae,Naididae,Adults,0,0,0,NA,NA,2,SAMP,NA,NA,NA,NA,NA,NA,2   NA   NA   NA,SAMP   NA   NA   NA
STTD_2018-08-08 13:46:00,8/8/2018 13:46,STTD,2018,A,FALSE,CLD,Flood,1,22.9,0.4,171,178,8.37,7.65,17.9,10,Low,614864,620530,5666,5666,37.27726321,37.27726321,1,Contents sloshed slightly with lid off - did not appear to lose any of the sample.,NA,Aquatic Non-Insects,4,Family,Naididae,Naididae,NotDetermined,1,0.027,0.027,NA,NA,2,SAMP,NA,NA,NA,NA,NA,NA,2   NA   NA   NA,SAMP   NA   NA   NA
STTD_2018-08-08 13:46:00,8/8/2018 13:46,STTD,2018,A,FALSE,CLD,Flood,1,22.9,0.4,171,178,8.37,7.65,17.9,10,Low,614864,620530,5666,5666,37.27726321,37.27726321,1,Contents sloshed slightly with lid off - did not appear to lose any of the sample.,NA,Aquatic Non-Insects,123,Family,Pionidae,Pionidae,Larvae,0,0,0,NA,NA,2,SAMP,NA,NA,NA,NA,NA,NA,2   NA   NA   NA,SAMP   NA   NA   NA
STTD_2018-08-08 13:46:00,8/8/2018 13:46,STTD,2018,A,FALSE,CLD,Flood,1,22.9,0.4,171,178,8.37,7.65,17.9,10,Low,614864,620530,5666,5666,37.27726321,37.27726321,1,Contents sloshed slightly with lid off - did not appear to lose any of the sample.,NA,Aquatic Non-Insects,123,Family,Pionidae,Pionidae,Pupae,0,0,0,NA,NA,2,SAMP,NA,NA,NA,NA,NA,NA,2   NA   NA   NA,SAMP   NA   NA   NA
STTD_2018-08-08 13:46:00,8/8/2018 13:46,STTD,2018,A,FALSE,CLD,Flood,1,22.9,0.4,171,178,8.37,7.65,17.9,10,Low,614864,620530,5666,5666,37.27726321,37.27726321,1,Contents sloshed slightly with lid off - did not appear to lose any of the sample.,NA,Aquatic Non-Insects,123,Family,Pionidae,Pionidae,Nymphs,0,0,0,NA,NA,2,SAMP,NA,NA,NA,NA,NA,NA,2   NA   NA   NA,SAMP   NA   NA   NA
STTD_2018-08-08 13:46:00,8/8/2018 13:46,STTD,2018,A,FALSE,CLD,Flood,1,22.9,0.4,171,178,8.37,7.65,17.9,10,Low,614864,620530,5666,5666,37.27726321,37.27726321,1,Contents sloshed slightly with lid off - did not appear to lose any of the sample.,NA,Aquatic Non-Insects,123,Family,Pionidae,Pionidae,Emergents,0,0,0,NA,NA,2,SAMP,NA,NA,NA,NA,NA,NA,2   NA   NA   NA,SAMP   NA   NA   NA
STTD_2018-08-08 13:46:00,8/8/2018 13:46,STTD,2018,A,FALSE,CLD,Flood,1,22.9,0.4,171,178,8.37,7.65,17.9,10,Low,614864,620530,5666,5666,37.27726321,37.27726321,1,Contents sloshed slightly with lid off - did not appear to lose any of the sample.,NA,Aquatic Non-Insects,123,Family,Pionidae,Pionidae,Adults,0,0,0,NA,NA,2,SAMP,NA,NA,NA,NA,NA,NA,2   NA   NA   NA,SAMP   NA   NA   NA
STTD_2018-08-08 13:46:00,8/8/2018 13:46,STTD,2018,A,FALSE,CLD,Flood,1,22.9,0.4,171,178,8.37,7.65,17.9,10,Low,614864,620530,5666,5666,37.27726321,37.27726321,1,Contents sloshed slightly with lid off - did not appear to lose any of the sample.,NA,Aquatic Non-Insects,123,Family,Pionidae,Pionidae,NotDetermined,1,0.027,0.027,NA,NA,2,SAMP,NA,NA,NA,NA,NA,NA,2   NA   NA   NA,SAMP   NA   NA   NA
STTD_2018-08-08 13:46:00,8/8/2018 13:46,STTD,2018,A,FALSE,CLD,Flood,1,22.9,0.4,171,178,8.37,7.65,17.9,10,Low,614864,620530,5666,5666,37.27726321,37.27726321,1,Contents sloshed slightly with lid off - did not appear to lose any of the sample.,NA,Aquatic Non-Insects,15,Family,Hyalellidae,Hyalellidae,Larvae,0,0,0,NA,NA,2,SAMP,NA,NA,NA,NA,NA,NA,2   NA   NA   NA,SAMP   NA   NA   NA
STTD_2018-08-08 13:46:00,8/8/2018 13:46,STTD,2018,A,FALSE,CLD,Flood,1,22.9,0.4,171,178,8.37,7.65,17.9,10,Low,614864,620530,5666,5666,37.27726321,37.27726321,1,Contents sloshed slightly with lid off - did not appear to lose any of the sample.,NA,Aquatic Non-Insects,15,Family,Hyalellidae,Hyalellidae,Pupae,0,0,0,NA,NA,2,SAMP,NA,NA,NA,NA,NA,NA,2   NA   NA   NA,SAMP   NA   NA   NA
STTD_2018-08-08 13:46:00,8/8/2018 13:46,STTD,2018,A,FALSE,CLD,Flood,1,22.9,0.4,171,178,8.37,7.65,17.9,10,Low,614864,620530,5666,5666,37.27726321,37.27726321,1,Contents sloshed slightly with lid off - did not appear to lose any of the sample.,NA,Aquatic Non-Insects,15,Family,Hyalellidae,Hyalellidae,Nymphs,0,0,0,NA,NA,2,SAMP,NA,NA,NA,NA,NA,NA,2   NA   NA   NA,SAMP   NA   NA   NA
STTD_2018-08-08 13:46:00,8/8/2018 13:46,STTD,2018,A,FALSE,CLD,Flood,1,22.9,0.4,171,178,8.37,7.65,17.9,10,Low,614864,620530,5666,5666,37.27726321,37.27726321,1,Contents sloshed slightly with lid off - did not appear to lose any of the sample.,NA,Aquatic Non-Insects,15,Family,Hyalellidae,Hyalellidae,Emergents,0,0,0,NA,NA,2,SAMP,NA,NA,NA,NA,NA,NA,2   NA   NA   NA,SAMP   NA   NA   NA
STTD_2018-08-08 13:46:00,8/8/2018 13:46,STTD,2018,A,FALSE,CLD,Flood,1,22.9,0.4,171,178,8.37,7.65,17.9,10,Low,614864,620530,5666,5666,37.27726321,37.27726321,1,Contents sloshed slightly with lid off - did not appear to lose any of the sample.,NA,Aquatic Non-Insects,15,Family,Hyalellidae,Hyalellidae,Adults,0,0,0,NA,NA,2,SAMP,NA,NA,NA,NA,NA,NA,2   NA   NA   NA,SAMP   NA   NA   NA
STTD_2018-08-08 13:46:00,8/8/2018 13:46,STTD,2018,A,FALSE,CLD,Flood,1,22.9,0.4,171,178,8.37,7.65,17.9,10,Low,614864,620530,5666,5666,37.27726321,37.27726321,1,Contents sloshed slightly with lid off - did not appear to lose any of the sample.,NA,Aquatic Non-Insects,15,Family,Hyalellidae,Hyalellidae,NotDetermined,32,0.858,0.858,NA,NA,2,SAMP,NA,NA,NA,NA,NA,NA,2   NA   NA   NA,SAMP   NA   NA   NA
STTD_2018-08-08 13:46:00,8/8/2018 13:46,STTD,2018,A,FALSE,CLD,Flood,1,22.9,0.4,171,178,8.37,7.65,17.9,10,Low,614864,620530,5666,5666,37.27726321,37.27726321,1,Contents sloshed slightly with lid off - did not appear to lose any of the sample.,NA,Aquatic Non-Insects,11,Family,Gammaridae,Gammaridae,Larvae,0,0,0,NA,NA,2,SAMP,NA,NA,NA,NA,NA,NA,2   NA   NA   NA,SAMP   NA   NA   NA
STTD_2018-08-08 13:46:00,8/8/2018 13:46,STTD,2018,A,FALSE,CLD,Flood,1,22.9,0.4,171,178,8.37,7.65,17.9,10,Low,614864,620530,5666,5666,37.27726321,37.27726321,1,Contents sloshed slightly with lid off - did not appear to lose any of the sample.,NA,Aquatic Non-Insects,11,Family,Gammaridae,Gammaridae,Pupae,0,0,0,NA,NA,2,SAMP,NA,NA,NA,NA,NA,NA,2   NA   NA   NA,SAMP   NA   NA   NA
STTD_2018-08-08 13:46:00,8/8/2018 13:46,STTD,2018,A,FALSE,CLD,Flood,1,22.9,0.4,171,178,8.37,7.65,17.9,10,Low,614864,620530,5666,5666,37.27726321,37.27726321,1,Contents sloshed slightly with lid off - did not appear to lose any of the sample.,NA,Aquatic Non-Insects,11,Family,Gammaridae,Gammaridae,Nymphs,0,0,0,NA,NA,2,SAMP,NA,NA,NA,NA,NA,NA,2   NA   NA   NA,SAMP   NA   NA   NA
STTD_2018-08-08 13:46:00,8/8/2018 13:46,STTD,2018,A,FALSE,CLD,Flood,1,22.9,0.4,171,178,8.37,7.65,17.9,10,Low,614864,620530,5666,5666,37.27726321,37.27726321,1,Contents sloshed slightly with lid off - did not appear to lose any of the sample.,NA,Aquatic Non-Insects,11,Family,Gammaridae,Gammaridae,Emergents,0,0,0,NA,NA,2,SAMP,NA,NA,NA,NA,NA,NA,2   NA   NA   NA,SAMP   NA   NA   NA
STTD_2018-08-08 13:46:00,8/8/2018 13:46,STTD,2018,A,FALSE,CLD,Flood,1,22.9,0.4,171,178,8.37,7.65,17.9,10,Low,614864,620530,5666,5666,37.27726321,37.27726321,1,Contents sloshed slightly with lid off - did not appear to lose any of the sample.,NA,Aquatic Non-Insects,11,Family,Gammaridae,Gammaridae,Adults,0,0,0,NA,NA,2,SAMP,NA,NA,NA,NA,NA,NA,2   NA   NA   NA,SAMP   NA   NA   NA
STTD_2018-08-08 13:46:00,8/8/2018 13:46,STTD,2018,A,FALSE,CLD,Flood,1,22.9,0.4,171,178,8.37,7.65,17.9,10,Low,614864,620530,5666,5666,37.27726321,37.27726321,1,Contents sloshed slightly with lid off - did not appear to lose any of the sample.,NA,Aquatic Non-Insects,11,Family,Gammaridae,Gammaridae,NotDetermined,1,0.027,0.027,NA,NA,2,SAMP,NA,NA,NA,NA,NA,NA,2   NA   NA   NA,SAMP   NA   NA   NA
STTD_2018-08-08 13:46:00,8/8/2018 13:46,STTD,2018,A,FALSE,CLD,Flood,1,22.9,0.4,171,178,8.37,7.65,17.9,10,Low,614864,620530,5666,5666,37.27726321,37.27726321,1,Contents sloshed slightly with lid off - did not appear to lose any of the sample.,NA,Aquatic Non-Insects,118,Class,Ostracoda,Ostracod,Larvae,0,0,0,NA,NA,2,SAMP,NA,NA,NA,NA,NA,NA,2   NA   NA   NA,SAMP   NA   NA   NA
STTD_2018-08-08 13:46:00,8/8/2018 13:46,STTD,2018,A,FALSE,CLD,Flood,1,22.9,0.4,171,178,8.37,7.65,17.9,10,Low,614864,620530,5666,5666,37.27726321,37.27726321,1,Contents sloshed slightly with lid off - did not appear to lose any of the sample.,NA,Aquatic Non-Insects,118,Class,Ostracoda,Ostracod,Pupae,0,0,0,NA,NA,2,SAMP,NA,NA,NA,NA,NA,NA,2   NA   NA   NA,SAMP   NA   NA   NA
STTD_2018-08-08 13:46:00,8/8/2018 13:46,STTD,2018,A,FALSE,CLD,Flood,1,22.9,0.4,171,178,8.37,7.65,17.9,10,Low,614864,620530,5666,5666,37.27726321,37.27726321,1,Contents sloshed slightly with lid off - did not appear to lose any of the sample.,NA,Aquatic Non-Insects,118,Class,Ostracoda,Ostracod,Nymphs,0,0,0,NA,NA,2,SAMP,NA,NA,NA,NA,NA,NA,2   NA   NA   NA,SAMP   NA   NA   NA
STTD_2018-08-08 13:46:00,8/8/2018 13:46,STTD,2018,A,FALSE,CLD,Flood,1,22.9,0.4,171,178,8.37,7.65,17.9,10,Low,614864,620530,5666,5666,37.27726321,37.27726321,1,Contents sloshed slightly with lid off - did not appear to lose any of the sample.,NA,Aquatic Non-Insects,118,Class,Ostracoda,Ostracod,Emergents,0,0,0,NA,NA,2,SAMP,NA,NA,NA,NA,NA,NA,2   NA   NA   NA,SAMP   NA   NA   NA
STTD_2018-08-08 13:46:00,8/8/2018 13:46,STTD,2018,A,FALSE,CLD,Flood,1,22.9,0.4,171,178,8.37,7.65,17.9,10,Low,614864,620530,5666,5666,37.27726321,37.27726321,1,Contents sloshed slightly with lid off - did not appear to lose any of the sample.,NA,Aquatic Non-Insects,118,Class,Ostracoda,Ostracod,Adults,0,0,0,NA,NA,2,SAMP,NA,NA,NA,NA,NA,NA,2   NA   NA   NA,SAMP   NA   NA   NA
STTD_2018-08-08 13:46:00,8/8/2018 13:46,STTD,2018,A,FALSE,CLD,Flood,1,22.9,0.4,171,178,8.37,7.65,17.9,10,Low,614864,620530,5666,5666,37.27726321,37.27726321,1,Contents sloshed slightly with lid off - did not appear to lose any of the sample.,NA,Aquatic Non-Insects,118,Class,Ostracoda,Ostracod,NotDetermined,1,0.027,0.027,NA,NA,2,SAMP,NA,NA,NA,NA,NA,NA,2   NA   NA   NA,SAMP   NA   NA   NA
STTD_2018-08-08 13:46:00,8/8/2018 13:46,STTD,2018,A,FALSE,CLD,Flood,1,22.9,0.4,171,178,8.37,7.65,17.9,10,Low,614864,620530,5666,5666,37.27726321,37.27726321,1,Contents sloshed slightly with lid off - did not appear to lose any of the sample.,NA,Aquatic Non-Insects,20,Family,Physidae,Physidae,Larvae,0,0,0,NA,NA,2,SAMP,NA,NA,NA,NA,NA,NA,2   NA   NA   NA,SAMP   NA   NA   NA
STTD_2018-08-08 13:46:00,8/8/2018 13:46,STTD,2018,A,FALSE,CLD,Flood,1,22.9,0.4,171,178,8.37,7.65,17.9,10,Low,614864,620530,5666,5666,37.27726321,37.27726321,1,Contents sloshed slightly with lid off - did not appear to lose any of the sample.,NA,Aquatic Non-Insects,20,Family,Physidae,Physidae,Pupae,0,0,0,NA,NA,2,SAMP,NA,NA,NA,NA,NA,NA,2   NA   NA   NA,SAMP   NA   NA   NA
STTD_2018-08-08 13:46:00,8/8/2018 13:46,STTD,2018,A,FALSE,CLD,Flood,1,22.9,0.4,171,178,8.37,7.65,17.9,10,Low,614864,620530,5666,5666,37.27726321,37.27726321,1,Contents sloshed slightly with lid off - did not appear to lose any of the sample.,NA,Aquatic Non-Insects,20,Family,Physidae,Physidae,Nymphs,0,0,0,NA,NA,2,SAMP,NA,NA,NA,NA,NA,NA,2   NA   NA   NA,SAMP   NA   NA   NA
STTD_2018-08-08 13:46:00,8/8/2018 13:46,STTD,2018,A,FALSE,CLD,Flood,1,22.9,0.4,171,178,8.37,7.65,17.9,10,Low,614864,620530,5666,5666,37.27726321,37.27726321,1,Contents sloshed slightly with lid off - did not appear to lose any of the sample.,NA,Aquatic Non-Insects,20,Family,Physidae,Physidae,Emergents,0,0,0,NA,NA,2,SAMP,NA,NA,NA,NA,NA,NA,2   NA   NA   NA,SAMP   NA   NA   NA
STTD_2018-08-08 13:46:00,8/8/2018 13:46,STTD,2018,A,FALSE,CLD,Flood,1,22.9,0.4,171,178,8.37,7.65,17.9,10,Low,614864,620530,5666,5666,37.27726321,37.27726321,1,Contents sloshed slightly with lid off - did not appear to lose any of the sample.,NA,Aquatic Non-Insects,20,Family,Physidae,Physidae,Adults,0,0,0,NA,NA,2,SAMP,NA,NA,NA,NA,NA,NA,2   NA   NA   NA,SAMP   NA   NA   NA
STTD_2018-08-08 13:46:00,8/8/2018 13:46,STTD,2018,A,FALSE,CLD,Flood,1,22.9,0.4,171,178,8.37,7.65,17.9,10,Low,614864,620530,5666,5666,37.27726321,37.27726321,1,Contents sloshed slightly with lid off - did not appear to lose any of the sample.,NA,Aquatic Non-Insects,20,Family,Physidae,Physidae,NotDetermined,1,0.027,0.027,NA,NA,2,SAMP,NA,NA,NA,NA,NA,NA,2   NA   NA   NA,SAMP   NA   NA   NA
STTD_2018-08-08 13:46:00,8/8/2018 13:46,STTD,2018,A,FALSE,CLD,Flood,1,22.9,0.4,171,178,8.37,7.65,17.9,10,Low,614864,620530,5666,5666,37.27726321,37.27726321,1,Contents sloshed slightly with lid off - did not appear to lose any of the sample.,NA,Terrestrial Insects,63,Order,Coleoptera,Coleoptera,Larvae,0,0,0,NA,NA,2,SAMP,NA,NA,NA,NA,NA,NA,2   NA   NA   NA,SAMP   NA   NA   NA
STTD_2018-08-08 13:46:00,8/8/2018 13:46,STTD,2018,A,FALSE,CLD,Flood,1,22.9,0.4,171,178,8.37,7.65,17.9,10,Low,614864,620530,5666,5666,37.27726321,37.27726321,1,Contents sloshed slightly with lid off - did not appear to lose any of the sample.,NA,Terrestrial Insects,63,Order,Coleoptera,Coleoptera,Pupae,0,0,0,NA,NA,2,SAMP,NA,NA,NA,NA,NA,NA,2   NA   NA   NA,SAMP   NA   NA   NA
STTD_2018-08-08 13:46:00,8/8/2018 13:46,STTD,2018,A,FALSE,CLD,Flood,1,22.9,0.4,171,178,8.37,7.65,17.9,10,Low,614864,620530,5666,5666,37.27726321,37.27726321,1,Contents sloshed slightly with lid off - did not appear to lose any of the sample.,NA,Terrestrial Insects,63,Order,Coleoptera,Coleoptera,Nymphs,0,0,0,NA,NA,2,SAMP,NA,NA,NA,NA,NA,NA,2   NA   NA   NA,SAMP   NA   NA   NA
STTD_2018-08-08 13:46:00,8/8/2018 13:46,STTD,2018,A,FALSE,CLD,Flood,1,22.9,0.4,171,178,8.37,7.65,17.9,10,Low,614864,620530,5666,5666,37.27726321,37.27726321,1,Contents sloshed slightly with lid off - did not appear to lose any of the sample.,NA,Terrestrial Insects,63,Order,Coleoptera,Coleoptera,Emergents,0,0,0,NA,NA,2,SAMP,NA,NA,NA,NA,NA,NA,2   NA   NA   NA,SAMP   NA   NA   NA
STTD_2018-08-08 13:46:00,8/8/2018 13:46,STTD,2018,A,FALSE,CLD,Flood,1,22.9,0.4,171,178,8.37,7.65,17.9,10,Low,614864,620530,5666,5666,37.27726321,37.27726321,1,Contents sloshed slightly with lid off - did not appear to lose any of the sample.,NA,Terrestrial Insects,63,Order,Coleoptera,Coleoptera,Adults,1,0.027,0.027,NA,NA,2,SAMP,NA,NA,NA,NA,NA,NA,2   NA   NA   NA,SAMP   NA   NA   NA
STTD_2018-08-08 13:46:00,8/8/2018 13:46,STTD,2018,A,FALSE,CLD,Flood,1,22.9,0.4,171,178,8.37,7.65,17.9,10,Low,614864,620530,5666,5666,37.27726321,37.27726321,1,Contents sloshed slightly with lid off - did not appear to lose any of the sample.,NA,Terrestrial Insects,63,Order,Coleoptera,Coleoptera,NotDetermined,0,0,0,NA,NA,2,SAMP,NA,NA,NA,NA,NA,NA,2   NA   NA   NA,SAMP   NA   NA   NA
STTD_2018-08-08 13:46:00,8/8/2018 13:46,STTD,2018,A,FALSE,CLD,Flood,1,22.9,0.4,171,178,8.37,7.65,17.9,10,Low,614864,620530,5666,5666,37.27726321,37.27726321,1,Contents sloshed slightly with lid off - did not appear to lose any of the sample.,NA,Terrestrial Insects,66,Order,Hymenoptera,Hymenoptera,Larvae,0,0,0,NA,NA,2,SAMP,NA,NA,NA,NA,NA,NA,2   NA   NA   NA,SAMP   NA   NA   NA
STTD_2018-08-08 13:46:00,8/8/2018 13:46,STTD,2018,A,FALSE,CLD,Flood,1,22.9,0.4,171,178,8.37,7.65,17.9,10,Low,614864,620530,5666,5666,37.27726321,37.27726321,1,Contents sloshed slightly with lid off - did not appear to lose any of the sample.,NA,Terrestrial Insects,66,Order,Hymenoptera,Hymenoptera,Pupae,0,0,0,NA,NA,2,SAMP,NA,NA,NA,NA,NA,NA,2   NA   NA   NA,SAMP   NA   NA   NA
STTD_2018-08-08 13:46:00,8/8/2018 13:46,STTD,2018,A,FALSE,CLD,Flood,1,22.9,0.4,171,178,8.37,7.65,17.9,10,Low,614864,620530,5666,5666,37.27726321,37.27726321,1,Contents sloshed slightly with lid off - did not appear to lose any of the sample.,NA,Terrestrial Insects,66,Order,Hymenoptera,Hymenoptera,Nymphs,0,0,0,NA,NA,2,SAMP,NA,NA,NA,NA,NA,NA,2   NA   NA   NA,SAMP   NA   NA   NA
STTD_2018-08-08 13:46:00,8/8/2018 13:46,STTD,2018,A,FALSE,CLD,Flood,1,22.9,0.4,171,178,8.37,7.65,17.9,10,Low,614864,620530,5666,5666,37.27726321,37.27726321,1,Contents sloshed slightly with lid off - did not appear to lose any of the sample.,NA,Terrestrial Insects,66,Order,Hymenoptera,Hymenoptera,Emergents,0,0,0,NA,NA,2,SAMP,NA,NA,NA,NA,NA,NA,2   NA   NA   NA,SAMP   NA   NA   NA
STTD_2018-08-08 13:46:00,8/8/2018 13:46,STTD,2018,A,FALSE,CLD,Flood,1,22.9,0.4,171,178,8.37,7.65,17.9,10,Low,614864,620530,5666,5666,37.27726321,37.27726321,1,Contents sloshed slightly with lid off - did not appear to lose any of the sample.,NA,Terrestrial Insects,66,Order,Hymenoptera,Hymenoptera,Adults,4,0.107,0.107,NA,NA,2,SAMP,NA,NA,NA,NA,NA,NA,2   NA   NA   NA,SAMP   NA   NA   NA
STTD_2018-08-08 13:46:00,8/8/2018 13:46,STTD,2018,A,FALSE,CLD,Flood,1,22.9,0.4,171,178,8.37,7.65,17.9,10,Low,614864,620530,5666,5666,37.27726321,37.27726321,1,Contents sloshed slightly with lid off - did not appear to lose any of the sample.,NA,Terrestrial Insects,66,Order,Hymenoptera,Hymenoptera,NotDetermined,0,0,0,NA,NA,2,SAMP,NA,NA,NA,NA,NA,NA,2   NA   NA   NA,SAMP   NA   NA   NA
SHR_2018-08-09 09:05:00,8/9/2018 9:05,SHR,2018,A,FALSE,CLR,Ebb,1,20.3,0.9,124,137,7.56,8.56,8.3,10,Low,608975,615000,6025,6025,39.63916534,39.63916534,1,NA,NA,Aquatic Insects,32,Family,Ceratopogonidae,Ceratopogonidae,Larvae,0,0,0,NA,NA,NA,NA,NA,NA,NA,NA,NA,NA,NA   NA   NA   NA,NA   NA   NA   NA
SHR_2018-08-09 09:05:00,8/9/2018 9:05,SHR,2018,A,FALSE,CLR,Ebb,1,20.3,0.9,124,137,7.56,8.56,8.3,10,Low,608975,615000,6025,6025,39.63916534,39.63916534,1,NA,NA,Aquatic Insects,32,Family,Ceratopogonidae,Ceratopogonidae,Pupae,1,0.025,0.025,NA,NA,NA,NA,NA,NA,NA,NA,NA,NA,NA   NA   NA   NA,NA   NA   NA   NA
SHR_2018-08-09 09:05:00,8/9/2018 9:05,SHR,2018,A,FALSE,CLR,Ebb,1,20.3,0.9,124,137,7.56,8.56,8.3,10,Low,608975,615000,6025,6025,39.63916534,39.63916534,1,NA,NA,Aquatic Insects,32,Family,Ceratopogonidae,Ceratopogonidae,Nymphs,0,0,0,NA,NA,NA,NA,NA,NA,NA,NA,NA,NA,NA   NA   NA   NA,NA   NA   NA   NA
SHR_2018-08-09 09:05:00,8/9/2018 9:05,SHR,2018,A,FALSE,CLR,Ebb,1,20.3,0.9,124,137,7.56,8.56,8.3,10,Low,608975,615000,6025,6025,39.63916534,39.63916534,1,NA,NA,Aquatic Insects,32,Family,Ceratopogonidae,Ceratopogonidae,Emergents,0,0,0,NA,NA,NA,NA,NA,NA,NA,NA,NA,NA,NA   NA   NA   NA,NA   NA   NA   NA
SHR_2018-08-09 09:05:00,8/9/2018 9:05,SHR,2018,A,FALSE,CLR,Ebb,1,20.3,0.9,124,137,7.56,8.56,8.3,10,Low,608975,615000,6025,6025,39.63916534,39.63916534,1,NA,NA,Aquatic Insects,32,Family,Ceratopogonidae,Ceratopogonidae,Adults,0,0,0,NA,NA,NA,NA,NA,NA,NA,NA,NA,NA,NA   NA   NA   NA,NA   NA   NA   NA
SHR_2018-08-09 09:05:00,8/9/2018 9:05,SHR,2018,A,FALSE,CLR,Ebb,1,20.3,0.9,124,137,7.56,8.56,8.3,10,Low,608975,615000,6025,6025,39.63916534,39.63916534,1,NA,NA,Aquatic Insects,32,Family,Ceratopogonidae,Ceratopogonidae,NotDetermined,0,0,0,NA,NA,NA,NA,NA,NA,NA,NA,NA,NA,NA   NA   NA   NA,NA   NA   NA   NA
SHR_2018-08-09 09:05:00,8/9/2018 9:05,SHR,2018,A,FALSE,CLR,Ebb,1,20.3,0.9,124,137,7.56,8.56,8.3,10,Low,608975,615000,6025,6025,39.63916534,39.63916534,1,NA,NA,Aquatic Insects,34,Family,Chironomidae,Chironomidae,Larvae,1,0.025,0.025,NA,NA,NA,NA,NA,NA,NA,NA,NA,NA,NA   NA   NA   NA,NA   NA   NA   NA
SHR_2018-08-09 09:05:00,8/9/2018 9:05,SHR,2018,A,FALSE,CLR,Ebb,1,20.3,0.9,124,137,7.56,8.56,8.3,10,Low,608975,615000,6025,6025,39.63916534,39.63916534,1,NA,NA,Aquatic Insects,34,Family,Chironomidae,Chironomidae,Pupae,0,0,0,NA,NA,NA,NA,NA,NA,NA,NA,NA,NA,NA   NA   NA   NA,NA   NA   NA   NA
SHR_2018-08-09 09:05:00,8/9/2018 9:05,SHR,2018,A,FALSE,CLR,Ebb,1,20.3,0.9,124,137,7.56,8.56,8.3,10,Low,608975,615000,6025,6025,39.63916534,39.63916534,1,NA,NA,Aquatic Insects,34,Family,Chironomidae,Chironomidae,Nymphs,0,0,0,NA,NA,NA,NA,NA,NA,NA,NA,NA,NA,NA   NA   NA   NA,NA   NA   NA   NA
SHR_2018-08-09 09:05:00,8/9/2018 9:05,SHR,2018,A,FALSE,CLR,Ebb,1,20.3,0.9,124,137,7.56,8.56,8.3,10,Low,608975,615000,6025,6025,39.63916534,39.63916534,1,NA,NA,Aquatic Insects,34,Family,Chironomidae,Chironomidae,Emergents,0,0,0,NA,NA,NA,NA,NA,NA,NA,NA,NA,NA,NA   NA   NA   NA,NA   NA   NA   NA
SHR_2018-08-09 09:05:00,8/9/2018 9:05,SHR,2018,A,FALSE,CLR,Ebb,1,20.3,0.9,124,137,7.56,8.56,8.3,10,Low,608975,615000,6025,6025,39.63916534,39.63916534,1,NA,NA,Aquatic Insects,34,Family,Chironomidae,Chironomidae,Adults,3,0.076,0.076,NA,NA,NA,NA,NA,NA,NA,NA,NA,NA,NA   NA   NA   NA,NA   NA   NA   NA
SHR_2018-08-09 09:05:00,8/9/2018 9:05,SHR,2018,A,FALSE,CLR,Ebb,1,20.3,0.9,124,137,7.56,8.56,8.3,10,Low,608975,615000,6025,6025,39.63916534,39.63916534,1,NA,NA,Aquatic Insects,34,Family,Chironomidae,Chironomidae,NotDetermined,0,0,0,NA,NA,NA,NA,NA,NA,NA,NA,NA,NA,NA   NA   NA   NA,NA   NA   NA   NA
SHR_2018-08-09 09:05:00,8/9/2018 9:05,SHR,2018,A,FALSE,CLR,Ebb,1,20.3,0.9,124,137,7.56,8.56,8.3,10,Low,608975,615000,6025,6025,39.63916534,39.63916534,1,NA,NA,Aquatic Insects,44,Family,Corixidae,Corixidae,Larvae,1,0.025,0.025,NA,NA,NA,NA,NA,NA,NA,NA,NA,NA,NA   NA   NA   NA,NA   NA   NA   NA
SHR_2018-08-09 09:05:00,8/9/2018 9:05,SHR,2018,A,FALSE,CLR,Ebb,1,20.3,0.9,124,137,7.56,8.56,8.3,10,Low,608975,615000,6025,6025,39.63916534,39.63916534,1,NA,NA,Aquatic Insects,44,Family,Corixidae,Corixidae,Pupae,0,0,0,NA,NA,NA,NA,NA,NA,NA,NA,NA,NA,NA   NA   NA   NA,NA   NA   NA   NA
SHR_2018-08-09 09:05:00,8/9/2018 9:05,SHR,2018,A,FALSE,CLR,Ebb,1,20.3,0.9,124,137,7.56,8.56,8.3,10,Low,608975,615000,6025,6025,39.63916534,39.63916534,1,NA,NA,Aquatic Insects,44,Family,Corixidae,Corixidae,Nymphs,0,0,0,NA,NA,NA,NA,NA,NA,NA,NA,NA,NA,NA   NA   NA   NA,NA   NA   NA   NA
SHR_2018-08-09 09:05:00,8/9/2018 9:05,SHR,2018,A,FALSE,CLR,Ebb,1,20.3,0.9,124,137,7.56,8.56,8.3,10,Low,608975,615000,6025,6025,39.63916534,39.63916534,1,NA,NA,Aquatic Insects,44,Family,Corixidae,Corixidae,Emergents,0,0,0,NA,NA,NA,NA,NA,NA,NA,NA,NA,NA,NA   NA   NA   NA,NA   NA   NA   NA
SHR_2018-08-09 09:05:00,8/9/2018 9:05,SHR,2018,A,FALSE,CLR,Ebb,1,20.3,0.9,124,137,7.56,8.56,8.3,10,Low,608975,615000,6025,6025,39.63916534,39.63916534,1,NA,NA,Aquatic Insects,44,Family,Corixidae,Corixidae,Adults,0,0,0,NA,NA,NA,NA,NA,NA,NA,NA,NA,NA,NA   NA   NA   NA,NA   NA   NA   NA
SHR_2018-08-09 09:05:00,8/9/2018 9:05,SHR,2018,A,FALSE,CLR,Ebb,1,20.3,0.9,124,137,7.56,8.56,8.3,10,Low,608975,615000,6025,6025,39.63916534,39.63916534,1,NA,NA,Aquatic Insects,44,Family,Corixidae,Corixidae,NotDetermined,0,0,0,NA,NA,NA,NA,NA,NA,NA,NA,NA,NA,NA   NA   NA   NA,NA   NA   NA   NA
SHR_2018-08-09 09:05:00,8/9/2018 9:05,SHR,2018,A,FALSE,CLR,Ebb,1,20.3,0.9,124,137,7.56,8.56,8.3,10,Low,608975,615000,6025,6025,39.63916534,39.63916534,1,NA,NA,Aquatic Insects,46,Family,Coenagrionidae,Coenagrionidae,Larvae,1,0.025,0.025,NA,NA,NA,NA,NA,NA,NA,NA,NA,NA,NA   NA   NA   NA,NA   NA   NA   NA
SHR_2018-08-09 09:05:00,8/9/2018 9:05,SHR,2018,A,FALSE,CLR,Ebb,1,20.3,0.9,124,137,7.56,8.56,8.3,10,Low,608975,615000,6025,6025,39.63916534,39.63916534,1,NA,NA,Aquatic Insects,46,Family,Coenagrionidae,Coenagrionidae,Pupae,0,0,0,NA,NA,NA,NA,NA,NA,NA,NA,NA,NA,NA   NA   NA   NA,NA   NA   NA   NA
SHR_2018-08-09 09:05:00,8/9/2018 9:05,SHR,2018,A,FALSE,CLR,Ebb,1,20.3,0.9,124,137,7.56,8.56,8.3,10,Low,608975,615000,6025,6025,39.63916534,39.63916534,1,NA,NA,Aquatic Insects,46,Family,Coenagrionidae,Coenagrionidae,Nymphs,0,0,0,NA,NA,NA,NA,NA,NA,NA,NA,NA,NA,NA   NA   NA   NA,NA   NA   NA   NA
SHR_2018-08-09 09:05:00,8/9/2018 9:05,SHR,2018,A,FALSE,CLR,Ebb,1,20.3,0.9,124,137,7.56,8.56,8.3,10,Low,608975,615000,6025,6025,39.63916534,39.63916534,1,NA,NA,Aquatic Insects,46,Family,Coenagrionidae,Coenagrionidae,Emergents,0,0,0,NA,NA,NA,NA,NA,NA,NA,NA,NA,NA,NA   NA   NA   NA,NA   NA   NA   NA
SHR_2018-08-09 09:05:00,8/9/2018 9:05,SHR,2018,A,FALSE,CLR,Ebb,1,20.3,0.9,124,137,7.56,8.56,8.3,10,Low,608975,615000,6025,6025,39.63916534,39.63916534,1,NA,NA,Aquatic Insects,46,Family,Coenagrionidae,Coenagrionidae,Adults,0,0,0,NA,NA,NA,NA,NA,NA,NA,NA,NA,NA,NA   NA   NA   NA,NA   NA   NA   NA
SHR_2018-08-09 09:05:00,8/9/2018 9:05,SHR,2018,A,FALSE,CLR,Ebb,1,20.3,0.9,124,137,7.56,8.56,8.3,10,Low,608975,615000,6025,6025,39.63916534,39.63916534,1,NA,NA,Aquatic Insects,46,Family,Coenagrionidae,Coenagrionidae,NotDetermined,0,0,0,NA,NA,NA,NA,NA,NA,NA,NA,NA,NA,NA   NA   NA   NA,NA   NA   NA   NA
SHR_2018-08-09 09:05:00,8/9/2018 9:05,SHR,2018,A,FALSE,CLR,Ebb,1,20.3,0.9,124,137,7.56,8.56,8.3,10,Low,608975,615000,6025,6025,39.63916534,39.63916534,1,NA,NA,Aquatic Insects,88,Family,Hydroptilidae,Hydroptilidae,Larvae,1,0.025,0.025,NA,NA,NA,NA,NA,NA,NA,NA,NA,NA,NA   NA   NA   NA,NA   NA   NA   NA
SHR_2018-08-09 09:05:00,8/9/2018 9:05,SHR,2018,A,FALSE,CLR,Ebb,1,20.3,0.9,124,137,7.56,8.56,8.3,10,Low,608975,615000,6025,6025,39.63916534,39.63916534,1,NA,NA,Aquatic Insects,88,Family,Hydroptilidae,Hydroptilidae,Pupae,0,0,0,NA,NA,NA,NA,NA,NA,NA,NA,NA,NA,NA   NA   NA   NA,NA   NA   NA   NA
SHR_2018-08-09 09:05:00,8/9/2018 9:05,SHR,2018,A,FALSE,CLR,Ebb,1,20.3,0.9,124,137,7.56,8.56,8.3,10,Low,608975,615000,6025,6025,39.63916534,39.63916534,1,NA,NA,Aquatic Insects,88,Family,Hydroptilidae,Hydroptilidae,Nymphs,0,0,0,NA,NA,NA,NA,NA,NA,NA,NA,NA,NA,NA   NA   NA   NA,NA   NA   NA   NA
SHR_2018-08-09 09:05:00,8/9/2018 9:05,SHR,2018,A,FALSE,CLR,Ebb,1,20.3,0.9,124,137,7.56,8.56,8.3,10,Low,608975,615000,6025,6025,39.63916534,39.63916534,1,NA,NA,Aquatic Insects,88,Family,Hydroptilidae,Hydroptilidae,Emergents,0,0,0,NA,NA,NA,NA,NA,NA,NA,NA,NA,NA,NA   NA   NA   NA,NA   NA   NA   NA
SHR_2018-08-09 09:05:00,8/9/2018 9:05,SHR,2018,A,FALSE,CLR,Ebb,1,20.3,0.9,124,137,7.56,8.56,8.3,10,Low,608975,615000,6025,6025,39.63916534,39.63916534,1,NA,NA,Aquatic Insects,88,Family,Hydroptilidae,Hydroptilidae,Adults,0,0,0,NA,NA,NA,NA,NA,NA,NA,NA,NA,NA,NA   NA   NA   NA,NA   NA   NA   NA
SHR_2018-08-09 09:05:00,8/9/2018 9:05,SHR,2018,A,FALSE,CLR,Ebb,1,20.3,0.9,124,137,7.56,8.56,8.3,10,Low,608975,615000,6025,6025,39.63916534,39.63916534,1,NA,NA,Aquatic Insects,88,Family,Hydroptilidae,Hydroptilidae,NotDetermined,0,0,0,NA,NA,NA,NA,NA,NA,NA,NA,NA,NA,NA   NA   NA   NA,NA   NA   NA   NA
SHR_2018-08-09 09:05:00,8/9/2018 9:05,SHR,2018,A,FALSE,CLR,Ebb,1,20.3,0.9,124,137,7.56,8.56,8.3,10,Low,608975,615000,6025,6025,39.63916534,39.63916534,1,NA,NA,Aquatic Insects,56,Family,Leptoceridae,Leptoceridae,Larvae,3,0.076,0.076,NA,NA,NA,NA,NA,NA,NA,NA,NA,NA,NA   NA   NA   NA,NA   NA   NA   NA
SHR_2018-08-09 09:05:00,8/9/2018 9:05,SHR,2018,A,FALSE,CLR,Ebb,1,20.3,0.9,124,137,7.56,8.56,8.3,10,Low,608975,615000,6025,6025,39.63916534,39.63916534,1,NA,NA,Aquatic Insects,56,Family,Leptoceridae,Leptoceridae,Pupae,0,0,0,NA,NA,NA,NA,NA,NA,NA,NA,NA,NA,NA   NA   NA   NA,NA   NA   NA   NA
SHR_2018-08-09 09:05:00,8/9/2018 9:05,SHR,2018,A,FALSE,CLR,Ebb,1,20.3,0.9,124,137,7.56,8.56,8.3,10,Low,608975,615000,6025,6025,39.63916534,39.63916534,1,NA,NA,Aquatic Insects,56,Family,Leptoceridae,Leptoceridae,Nymphs,0,0,0,NA,NA,NA,NA,NA,NA,NA,NA,NA,NA,NA   NA   NA   NA,NA   NA   NA   NA
SHR_2018-08-09 09:05:00,8/9/2018 9:05,SHR,2018,A,FALSE,CLR,Ebb,1,20.3,0.9,124,137,7.56,8.56,8.3,10,Low,608975,615000,6025,6025,39.63916534,39.63916534,1,NA,NA,Aquatic Insects,56,Family,Leptoceridae,Leptoceridae,Emergents,0,0,0,NA,NA,NA,NA,NA,NA,NA,NA,NA,NA,NA   NA   NA   NA,NA   NA   NA   NA
SHR_2018-08-09 09:05:00,8/9/2018 9:05,SHR,2018,A,FALSE,CLR,Ebb,1,20.3,0.9,124,137,7.56,8.56,8.3,10,Low,608975,615000,6025,6025,39.63916534,39.63916534,1,NA,NA,Aquatic Insects,56,Family,Leptoceridae,Leptoceridae,Adults,0,0,0,NA,NA,NA,NA,NA,NA,NA,NA,NA,NA,NA   NA   NA   NA,NA   NA   NA   NA
SHR_2018-08-09 09:05:00,8/9/2018 9:05,SHR,2018,A,FALSE,CLR,Ebb,1,20.3,0.9,124,137,7.56,8.56,8.3,10,Low,608975,615000,6025,6025,39.63916534,39.63916534,1,NA,NA,Aquatic Insects,56,Family,Leptoceridae,Leptoceridae,NotDetermined,0,0,0,NA,NA,NA,NA,NA,NA,NA,NA,NA,NA,NA   NA   NA   NA,NA   NA   NA   NA
SHR_2018-08-09 09:05:00,8/9/2018 9:05,SHR,2018,A,FALSE,CLR,Ebb,1,20.3,0.9,124,137,7.56,8.56,8.3,10,Low,608975,615000,6025,6025,39.63916534,39.63916534,1,NA,NA,Aquatic Non-Insects,28,Family,Lebertiidae,Lebertiidae,Larvae,0,0,0,NA,NA,NA,NA,NA,NA,NA,NA,NA,NA,NA   NA   NA   NA,NA   NA   NA   NA
SHR_2018-08-09 09:05:00,8/9/2018 9:05,SHR,2018,A,FALSE,CLR,Ebb,1,20.3,0.9,124,137,7.56,8.56,8.3,10,Low,608975,615000,6025,6025,39.63916534,39.63916534,1,NA,NA,Aquatic Non-Insects,120,Family,Lebertiidae,Lebertiidae,Larvae,0,0,0,NA,NA,NA,NA,NA,NA,NA,NA,NA,NA,NA   NA   NA   NA,NA   NA   NA   NA
SHR_2018-08-09 09:05:00,8/9/2018 9:05,SHR,2018,A,FALSE,CLR,Ebb,1,20.3,0.9,124,137,7.56,8.56,8.3,10,Low,608975,615000,6025,6025,39.63916534,39.63916534,1,NA,NA,Aquatic Non-Insects,28,Family,Lebertiidae,Lebertiidae,Pupae,0,0,0,NA,NA,NA,NA,NA,NA,NA,NA,NA,NA,NA   NA   NA   NA,NA   NA   NA   NA
SHR_2018-08-09 09:05:00,8/9/2018 9:05,SHR,2018,A,FALSE,CLR,Ebb,1,20.3,0.9,124,137,7.56,8.56,8.3,10,Low,608975,615000,6025,6025,39.63916534,39.63916534,1,NA,NA,Aquatic Non-Insects,120,Family,Lebertiidae,Lebertiidae,Pupae,0,0,0,NA,NA,NA,NA,NA,NA,NA,NA,NA,NA,NA   NA   NA   NA,NA   NA   NA   NA
SHR_2018-08-09 09:05:00,8/9/2018 9:05,SHR,2018,A,FALSE,CLR,Ebb,1,20.3,0.9,124,137,7.56,8.56,8.3,10,Low,608975,615000,6025,6025,39.63916534,39.63916534,1,NA,NA,Aquatic Non-Insects,28,Family,Lebertiidae,Lebertiidae,Nymphs,0,0,0,NA,NA,NA,NA,NA,NA,NA,NA,NA,NA,NA   NA   NA   NA,NA   NA   NA   NA
SHR_2018-08-09 09:05:00,8/9/2018 9:05,SHR,2018,A,FALSE,CLR,Ebb,1,20.3,0.9,124,137,7.56,8.56,8.3,10,Low,608975,615000,6025,6025,39.63916534,39.63916534,1,NA,NA,Aquatic Non-Insects,120,Family,Lebertiidae,Lebertiidae,Nymphs,0,0,0,NA,NA,NA,NA,NA,NA,NA,NA,NA,NA,NA   NA   NA   NA,NA   NA   NA   NA
SHR_2018-08-09 09:05:00,8/9/2018 9:05,SHR,2018,A,FALSE,CLR,Ebb,1,20.3,0.9,124,137,7.56,8.56,8.3,10,Low,608975,615000,6025,6025,39.63916534,39.63916534,1,NA,NA,Aquatic Non-Insects,28,Family,Lebertiidae,Lebertiidae,Emergents,0,0,0,NA,NA,NA,NA,NA,NA,NA,NA,NA,NA,NA   NA   NA   NA,NA   NA   NA   NA
SHR_2018-08-09 09:05:00,8/9/2018 9:05,SHR,2018,A,FALSE,CLR,Ebb,1,20.3,0.9,124,137,7.56,8.56,8.3,10,Low,608975,615000,6025,6025,39.63916534,39.63916534,1,NA,NA,Aquatic Non-Insects,120,Family,Lebertiidae,Lebertiidae,Emergents,0,0,0,NA,NA,NA,NA,NA,NA,NA,NA,NA,NA,NA   NA   NA   NA,NA   NA   NA   NA
SHR_2018-08-09 09:05:00,8/9/2018 9:05,SHR,2018,A,FALSE,CLR,Ebb,1,20.3,0.9,124,137,7.56,8.56,8.3,10,Low,608975,615000,6025,6025,39.63916534,39.63916534,1,NA,NA,Aquatic Non-Insects,28,Family,Lebertiidae,Lebertiidae,Adults,0,0,0,NA,NA,NA,NA,NA,NA,NA,NA,NA,NA,NA   NA   NA   NA,NA   NA   NA   NA
SHR_2018-08-09 09:05:00,8/9/2018 9:05,SHR,2018,A,FALSE,CLR,Ebb,1,20.3,0.9,124,137,7.56,8.56,8.3,10,Low,608975,615000,6025,6025,39.63916534,39.63916534,1,NA,NA,Aquatic Non-Insects,120,Family,Lebertiidae,Lebertiidae,Adults,0,0,0,NA,NA,NA,NA,NA,NA,NA,NA,NA,NA,NA   NA   NA   NA,NA   NA   NA   NA
SHR_2018-08-09 09:05:00,8/9/2018 9:05,SHR,2018,A,FALSE,CLR,Ebb,1,20.3,0.9,124,137,7.56,8.56,8.3,10,Low,608975,615000,6025,6025,39.63916534,39.63916534,1,NA,NA,Aquatic Non-Insects,28,Family,Lebertiidae,Lebertiidae,NotDetermined,1,0.025,0.025,NA,NA,NA,NA,NA,NA,NA,NA,NA,NA,NA   NA   NA   NA,NA   NA   NA   NA
SHR_2018-08-09 09:05:00,8/9/2018 9:05,SHR,2018,A,FALSE,CLR,Ebb,1,20.3,0.9,124,137,7.56,8.56,8.3,10,Low,608975,615000,6025,6025,39.63916534,39.63916534,1,NA,NA,Aquatic Non-Insects,120,Family,Lebertiidae,Lebertiidae,NotDetermined,1,0.025,0.025,NA,NA,NA,NA,NA,NA,NA,NA,NA,NA,NA   NA   NA   NA,NA   NA   NA   NA
SHR_2018-08-09 09:05:00,8/9/2018 9:05,SHR,2018,A,FALSE,CLR,Ebb,1,20.3,0.9,124,137,7.56,8.56,8.3,10,Low,608975,615000,6025,6025,39.63916534,39.63916534,1,NA,NA,Aquatic Non-Insects,19,Family,Corbiculidae,Corbiculidae,Larvae,0,0,0,NA,NA,NA,NA,NA,NA,NA,NA,NA,NA,NA   NA   NA   NA,NA   NA   NA   NA
SHR_2018-08-09 09:05:00,8/9/2018 9:05,SHR,2018,A,FALSE,CLR,Ebb,1,20.3,0.9,124,137,7.56,8.56,8.3,10,Low,608975,615000,6025,6025,39.63916534,39.63916534,1,NA,NA,Aquatic Non-Insects,19,Family,Corbiculidae,Corbiculidae,Pupae,0,0,0,NA,NA,NA,NA,NA,NA,NA,NA,NA,NA,NA   NA   NA   NA,NA   NA   NA   NA
SHR_2018-08-09 09:05:00,8/9/2018 9:05,SHR,2018,A,FALSE,CLR,Ebb,1,20.3,0.9,124,137,7.56,8.56,8.3,10,Low,608975,615000,6025,6025,39.63916534,39.63916534,1,NA,NA,Aquatic Non-Insects,19,Family,Corbiculidae,Corbiculidae,Nymphs,0,0,0,NA,NA,NA,NA,NA,NA,NA,NA,NA,NA,NA   NA   NA   NA,NA   NA   NA   NA
SHR_2018-08-09 09:05:00,8/9/2018 9:05,SHR,2018,A,FALSE,CLR,Ebb,1,20.3,0.9,124,137,7.56,8.56,8.3,10,Low,608975,615000,6025,6025,39.63916534,39.63916534,1,NA,NA,Aquatic Non-Insects,19,Family,Corbiculidae,Corbiculidae,Emergents,0,0,0,NA,NA,NA,NA,NA,NA,NA,NA,NA,NA,NA   NA   NA   NA,NA   NA   NA   NA
SHR_2018-08-09 09:05:00,8/9/2018 9:05,SHR,2018,A,FALSE,CLR,Ebb,1,20.3,0.9,124,137,7.56,8.56,8.3,10,Low,608975,615000,6025,6025,39.63916534,39.63916534,1,NA,NA,Aquatic Non-Insects,19,Family,Corbiculidae,Corbiculidae,Adults,0,0,0,NA,NA,NA,NA,NA,NA,NA,NA,NA,NA,NA   NA   NA   NA,NA   NA   NA   NA
SHR_2018-08-09 09:05:00,8/9/2018 9:05,SHR,2018,A,FALSE,CLR,Ebb,1,20.3,0.9,124,137,7.56,8.56,8.3,10,Low,608975,615000,6025,6025,39.63916534,39.63916534,1,NA,NA,Aquatic Non-Insects,19,Family,Corbiculidae,Corbiculidae,NotDetermined,2,0.05,0.05,NA,NA,NA,NA,NA,NA,NA,NA,NA,NA,NA   NA   NA   NA,NA   NA   NA   NA
SHR_2018-08-09 09:05:00,8/9/2018 9:05,SHR,2018,A,FALSE,CLR,Ebb,1,20.3,0.9,124,137,7.56,8.56,8.3,10,Low,608975,615000,6025,6025,39.63916534,39.63916534,1,NA,NA,Aquatic Non-Insects,106,Family,Lymnaeidae,Lymnaeidae,Larvae,0,0,0,NA,NA,NA,NA,NA,NA,NA,NA,NA,NA,NA   NA   NA   NA,NA   NA   NA   NA
SHR_2018-08-09 09:05:00,8/9/2018 9:05,SHR,2018,A,FALSE,CLR,Ebb,1,20.3,0.9,124,137,7.56,8.56,8.3,10,Low,608975,615000,6025,6025,39.63916534,39.63916534,1,NA,NA,Aquatic Non-Insects,106,Family,Lymnaeidae,Lymnaeidae,Pupae,0,0,0,NA,NA,NA,NA,NA,NA,NA,NA,NA,NA,NA   NA   NA   NA,NA   NA   NA   NA
SHR_2018-08-09 09:05:00,8/9/2018 9:05,SHR,2018,A,FALSE,CLR,Ebb,1,20.3,0.9,124,137,7.56,8.56,8.3,10,Low,608975,615000,6025,6025,39.63916534,39.63916534,1,NA,NA,Aquatic Non-Insects,106,Family,Lymnaeidae,Lymnaeidae,Nymphs,0,0,0,NA,NA,NA,NA,NA,NA,NA,NA,NA,NA,NA   NA   NA   NA,NA   NA   NA   NA
SHR_2018-08-09 09:05:00,8/9/2018 9:05,SHR,2018,A,FALSE,CLR,Ebb,1,20.3,0.9,124,137,7.56,8.56,8.3,10,Low,608975,615000,6025,6025,39.63916534,39.63916534,1,NA,NA,Aquatic Non-Insects,106,Family,Lymnaeidae,Lymnaeidae,Emergents,0,0,0,NA,NA,NA,NA,NA,NA,NA,NA,NA,NA,NA   NA   NA   NA,NA   NA   NA   NA
SHR_2018-08-09 09:05:00,8/9/2018 9:05,SHR,2018,A,FALSE,CLR,Ebb,1,20.3,0.9,124,137,7.56,8.56,8.3,10,Low,608975,615000,6025,6025,39.63916534,39.63916534,1,NA,NA,Aquatic Non-Insects,106,Family,Lymnaeidae,Lymnaeidae,Adults,0,0,0,NA,NA,NA,NA,NA,NA,NA,NA,NA,NA,NA   NA   NA   NA,NA   NA   NA   NA
SHR_2018-08-09 09:05:00,8/9/2018 9:05,SHR,2018,A,FALSE,CLR,Ebb,1,20.3,0.9,124,137,7.56,8.56,8.3,10,Low,608975,615000,6025,6025,39.63916534,39.63916534,1,NA,NA,Aquatic Non-Insects,106,Family,Lymnaeidae,Lymnaeidae,NotDetermined,1,0.025,0.025,NA,NA,NA,NA,NA,NA,NA,NA,NA,NA,NA   NA   NA   NA,NA   NA   NA   NA
SHR_2018-08-09 09:05:00,8/9/2018 9:05,SHR,2018,A,FALSE,CLR,Ebb,1,20.3,0.9,124,137,7.56,8.56,8.3,10,Low,608975,615000,6025,6025,39.63916534,39.63916534,1,NA,NA,Terrestrial Insects,71,Order,Hemiptera,Hemiptera,Larvae,1,0.025,0.025,NA,NA,NA,NA,NA,NA,NA,NA,NA,NA,NA   NA   NA   NA,NA   NA   NA   NA
SHR_2018-08-09 09:05:00,8/9/2018 9:05,SHR,2018,A,FALSE,CLR,Ebb,1,20.3,0.9,124,137,7.56,8.56,8.3,10,Low,608975,615000,6025,6025,39.63916534,39.63916534,1,NA,NA,Terrestrial Insects,71,Order,Hemiptera,Hemiptera,Pupae,0,0,0,NA,NA,NA,NA,NA,NA,NA,NA,NA,NA,NA   NA   NA   NA,NA   NA   NA   NA
SHR_2018-08-09 09:05:00,8/9/2018 9:05,SHR,2018,A,FALSE,CLR,Ebb,1,20.3,0.9,124,137,7.56,8.56,8.3,10,Low,608975,615000,6025,6025,39.63916534,39.63916534,1,NA,NA,Terrestrial Insects,71,Order,Hemiptera,Hemiptera,Nymphs,0,0,0,NA,NA,NA,NA,NA,NA,NA,NA,NA,NA,NA   NA   NA   NA,NA   NA   NA   NA
SHR_2018-08-09 09:05:00,8/9/2018 9:05,SHR,2018,A,FALSE,CLR,Ebb,1,20.3,0.9,124,137,7.56,8.56,8.3,10,Low,608975,615000,6025,6025,39.63916534,39.63916534,1,NA,NA,Terrestrial Insects,71,Order,Hemiptera,Hemiptera,Emergents,0,0,0,NA,NA,NA,NA,NA,NA,NA,NA,NA,NA,NA   NA   NA   NA,NA   NA   NA   NA
SHR_2018-08-09 09:05:00,8/9/2018 9:05,SHR,2018,A,FALSE,CLR,Ebb,1,20.3,0.9,124,137,7.56,8.56,8.3,10,Low,608975,615000,6025,6025,39.63916534,39.63916534,1,NA,NA,Terrestrial Insects,71,Order,Hemiptera,Hemiptera,Adults,1,0.025,0.025,NA,NA,NA,NA,NA,NA,NA,NA,NA,NA,NA   NA   NA   NA,NA   NA   NA   NA
SHR_2018-08-09 09:05:00,8/9/2018 9:05,SHR,2018,A,FALSE,CLR,Ebb,1,20.3,0.9,124,137,7.56,8.56,8.3,10,Low,608975,615000,6025,6025,39.63916534,39.63916534,1,NA,NA,Terrestrial Insects,71,Order,Hemiptera,Hemiptera,NotDetermined,0,0,0,NA,NA,NA,NA,NA,NA,NA,NA,NA,NA,NA   NA   NA   NA,NA   NA   NA   NA
SHR_2018-08-09 09:05:00,8/9/2018 9:05,SHR,2018,A,FALSE,CLR,Ebb,1,20.3,0.9,124,137,7.56,8.56,8.3,10,Low,608975,615000,6025,6025,39.63916534,39.63916534,1,NA,NA,Terrestrial Insects,66,Order,Hymenoptera,Hymenoptera,Larvae,0,0,0,NA,NA,NA,NA,NA,NA,NA,NA,NA,NA,NA   NA   NA   NA,NA   NA   NA   NA
SHR_2018-08-09 09:05:00,8/9/2018 9:05,SHR,2018,A,FALSE,CLR,Ebb,1,20.3,0.9,124,137,7.56,8.56,8.3,10,Low,608975,615000,6025,6025,39.63916534,39.63916534,1,NA,NA,Terrestrial Insects,66,Order,Hymenoptera,Hymenoptera,Pupae,0,0,0,NA,NA,NA,NA,NA,NA,NA,NA,NA,NA,NA   NA   NA   NA,NA   NA   NA   NA
SHR_2018-08-09 09:05:00,8/9/2018 9:05,SHR,2018,A,FALSE,CLR,Ebb,1,20.3,0.9,124,137,7.56,8.56,8.3,10,Low,608975,615000,6025,6025,39.63916534,39.63916534,1,NA,NA,Terrestrial Insects,66,Order,Hymenoptera,Hymenoptera,Nymphs,0,0,0,NA,NA,NA,NA,NA,NA,NA,NA,NA,NA,NA   NA   NA   NA,NA   NA   NA   NA
SHR_2018-08-09 09:05:00,8/9/2018 9:05,SHR,2018,A,FALSE,CLR,Ebb,1,20.3,0.9,124,137,7.56,8.56,8.3,10,Low,608975,615000,6025,6025,39.63916534,39.63916534,1,NA,NA,Terrestrial Insects,66,Order,Hymenoptera,Hymenoptera,Emergents,0,0,0,NA,NA,NA,NA,NA,NA,NA,NA,NA,NA,NA   NA   NA   NA,NA   NA   NA   NA
SHR_2018-08-09 09:05:00,8/9/2018 9:05,SHR,2018,A,FALSE,CLR,Ebb,1,20.3,0.9,124,137,7.56,8.56,8.3,10,Low,608975,615000,6025,6025,39.63916534,39.63916534,1,NA,NA,Terrestrial Insects,66,Order,Hymenoptera,Hymenoptera,Adults,2,0.05,0.05,NA,NA,NA,NA,NA,NA,NA,NA,NA,NA,NA   NA   NA   NA,NA   NA   NA   NA
SHR_2018-08-09 09:05:00,8/9/2018 9:05,SHR,2018,A,FALSE,CLR,Ebb,1,20.3,0.9,124,137,7.56,8.56,8.3,10,Low,608975,615000,6025,6025,39.63916534,39.63916534,1,NA,NA,Terrestrial Insects,66,Order,Hymenoptera,Hymenoptera,NotDetermined,0,0,0,NA,NA,NA,NA,NA,NA,NA,NA,NA,NA,NA   NA   NA   NA,NA   NA   NA   NA
STTD_2018-08-22 14:33:00,8/22/2018 14:33,STTD,2018,A,FALSE,CLR,Flood,1,22.3,0.5,176,186,8.09,7.99,15.5,10,Low,602972,609000,6028,6028,39.65890268,39.65890268,1,NA,NA,Aquatic Insects,32,Family,Ceratopogonidae,Ceratopogonidae,Larvae,0,0,0,NA,NA,NA,NA,NA,NA,NA,NA,NA,NA,NA   NA   NA   NA,NA   NA   NA   NA
STTD_2018-08-22 14:33:00,8/22/2018 14:33,STTD,2018,A,FALSE,CLR,Flood,1,22.3,0.5,176,186,8.09,7.99,15.5,10,Low,602972,609000,6028,6028,39.65890268,39.65890268,1,NA,NA,Aquatic Insects,32,Family,Ceratopogonidae,Ceratopogonidae,Pupae,0,0,0,NA,NA,NA,NA,NA,NA,NA,NA,NA,NA,NA   NA   NA   NA,NA   NA   NA   NA
STTD_2018-08-22 14:33:00,8/22/2018 14:33,STTD,2018,A,FALSE,CLR,Flood,1,22.3,0.5,176,186,8.09,7.99,15.5,10,Low,602972,609000,6028,6028,39.65890268,39.65890268,1,NA,NA,Aquatic Insects,32,Family,Ceratopogonidae,Ceratopogonidae,Nymphs,0,0,0,NA,NA,NA,NA,NA,NA,NA,NA,NA,NA,NA   NA   NA   NA,NA   NA   NA   NA
STTD_2018-08-22 14:33:00,8/22/2018 14:33,STTD,2018,A,FALSE,CLR,Flood,1,22.3,0.5,176,186,8.09,7.99,15.5,10,Low,602972,609000,6028,6028,39.65890268,39.65890268,1,NA,NA,Aquatic Insects,32,Family,Ceratopogonidae,Ceratopogonidae,Emergents,0,0,0,NA,NA,NA,NA,NA,NA,NA,NA,NA,NA,NA   NA   NA   NA,NA   NA   NA   NA
STTD_2018-08-22 14:33:00,8/22/2018 14:33,STTD,2018,A,FALSE,CLR,Flood,1,22.3,0.5,176,186,8.09,7.99,15.5,10,Low,602972,609000,6028,6028,39.65890268,39.65890268,1,NA,NA,Aquatic Insects,32,Family,Ceratopogonidae,Ceratopogonidae,Adults,1,0.025,0.025,NA,NA,NA,NA,NA,NA,NA,NA,NA,NA,NA   NA   NA   NA,NA   NA   NA   NA
STTD_2018-08-22 14:33:00,8/22/2018 14:33,STTD,2018,A,FALSE,CLR,Flood,1,22.3,0.5,176,186,8.09,7.99,15.5,10,Low,602972,609000,6028,6028,39.65890268,39.65890268,1,NA,NA,Aquatic Insects,32,Family,Ceratopogonidae,Ceratopogonidae,NotDetermined,0,0,0,NA,NA,NA,NA,NA,NA,NA,NA,NA,NA,NA   NA   NA   NA,NA   NA   NA   NA
STTD_2018-08-22 14:33:00,8/22/2018 14:33,STTD,2018,A,FALSE,CLR,Flood,1,22.3,0.5,176,186,8.09,7.99,15.5,10,Low,602972,609000,6028,6028,39.65890268,39.65890268,1,NA,NA,Aquatic Insects,34,Family,Chironomidae,Chironomidae,Larvae,0,0,0,NA,NA,NA,NA,NA,NA,NA,NA,NA,NA,NA   NA   NA   NA,NA   NA   NA   NA
STTD_2018-08-22 14:33:00,8/22/2018 14:33,STTD,2018,A,FALSE,CLR,Flood,1,22.3,0.5,176,186,8.09,7.99,15.5,10,Low,602972,609000,6028,6028,39.65890268,39.65890268,1,NA,NA,Aquatic Insects,34,Family,Chironomidae,Chironomidae,Pupae,0,0,0,NA,NA,NA,NA,NA,NA,NA,NA,NA,NA,NA   NA   NA   NA,NA   NA   NA   NA
STTD_2018-08-22 14:33:00,8/22/2018 14:33,STTD,2018,A,FALSE,CLR,Flood,1,22.3,0.5,176,186,8.09,7.99,15.5,10,Low,602972,609000,6028,6028,39.65890268,39.65890268,1,NA,NA,Aquatic Insects,34,Family,Chironomidae,Chironomidae,Nymphs,0,0,0,NA,NA,NA,NA,NA,NA,NA,NA,NA,NA,NA   NA   NA   NA,NA   NA   NA   NA
STTD_2018-08-22 14:33:00,8/22/2018 14:33,STTD,2018,A,FALSE,CLR,Flood,1,22.3,0.5,176,186,8.09,7.99,15.5,10,Low,602972,609000,6028,6028,39.65890268,39.65890268,1,NA,NA,Aquatic Insects,34,Family,Chironomidae,Chironomidae,Emergents,0,0,0,NA,NA,NA,NA,NA,NA,NA,NA,NA,NA,NA   NA   NA   NA,NA   NA   NA   NA
STTD_2018-08-22 14:33:00,8/22/2018 14:33,STTD,2018,A,FALSE,CLR,Flood,1,22.3,0.5,176,186,8.09,7.99,15.5,10,Low,602972,609000,6028,6028,39.65890268,39.65890268,1,NA,NA,Aquatic Insects,34,Family,Chironomidae,Chironomidae,Adults,1,0.025,0.025,NA,NA,NA,NA,NA,NA,NA,NA,NA,NA,NA   NA   NA   NA,NA   NA   NA   NA
STTD_2018-08-22 14:33:00,8/22/2018 14:33,STTD,2018,A,FALSE,CLR,Flood,1,22.3,0.5,176,186,8.09,7.99,15.5,10,Low,602972,609000,6028,6028,39.65890268,39.65890268,1,NA,NA,Aquatic Insects,34,Family,Chironomidae,Chironomidae,NotDetermined,0,0,0,NA,NA,NA,NA,NA,NA,NA,NA,NA,NA,NA   NA   NA   NA,NA   NA   NA   NA
STTD_2018-08-22 14:33:00,8/22/2018 14:33,STTD,2018,A,FALSE,CLR,Flood,1,22.3,0.5,176,186,8.09,7.99,15.5,10,Low,602972,609000,6028,6028,39.65890268,39.65890268,1,NA,NA,Aquatic Insects,44,Family,Corixidae,Corixidae,Larvae,0,0,0,NA,NA,NA,NA,NA,NA,NA,NA,NA,NA,NA   NA   NA   NA,NA   NA   NA   NA
STTD_2018-08-22 14:33:00,8/22/2018 14:33,STTD,2018,A,FALSE,CLR,Flood,1,22.3,0.5,176,186,8.09,7.99,15.5,10,Low,602972,609000,6028,6028,39.65890268,39.65890268,1,NA,NA,Aquatic Insects,44,Family,Corixidae,Corixidae,Pupae,0,0,0,NA,NA,NA,NA,NA,NA,NA,NA,NA,NA,NA   NA   NA   NA,NA   NA   NA   NA
STTD_2018-08-22 14:33:00,8/22/2018 14:33,STTD,2018,A,FALSE,CLR,Flood,1,22.3,0.5,176,186,8.09,7.99,15.5,10,Low,602972,609000,6028,6028,39.65890268,39.65890268,1,NA,NA,Aquatic Insects,44,Family,Corixidae,Corixidae,Nymphs,0,0,0,NA,NA,NA,NA,NA,NA,NA,NA,NA,NA,NA   NA   NA   NA,NA   NA   NA   NA
STTD_2018-08-22 14:33:00,8/22/2018 14:33,STTD,2018,A,FALSE,CLR,Flood,1,22.3,0.5,176,186,8.09,7.99,15.5,10,Low,602972,609000,6028,6028,39.65890268,39.65890268,1,NA,NA,Aquatic Insects,44,Family,Corixidae,Corixidae,Emergents,0,0,0,NA,NA,NA,NA,NA,NA,NA,NA,NA,NA,NA   NA   NA   NA,NA   NA   NA   NA
STTD_2018-08-22 14:33:00,8/22/2018 14:33,STTD,2018,A,FALSE,CLR,Flood,1,22.3,0.5,176,186,8.09,7.99,15.5,10,Low,602972,609000,6028,6028,39.65890268,39.65890268,1,NA,NA,Aquatic Insects,44,Family,Corixidae,Corixidae,Adults,1,0.025,0.025,NA,NA,NA,NA,NA,NA,NA,NA,NA,NA,NA   NA   NA   NA,NA   NA   NA   NA
STTD_2018-08-22 14:33:00,8/22/2018 14:33,STTD,2018,A,FALSE,CLR,Flood,1,22.3,0.5,176,186,8.09,7.99,15.5,10,Low,602972,609000,6028,6028,39.65890268,39.65890268,1,NA,NA,Aquatic Insects,44,Family,Corixidae,Corixidae,NotDetermined,0,0,0,NA,NA,NA,NA,NA,NA,NA,NA,NA,NA,NA   NA   NA   NA,NA   NA   NA   NA
STTD_2018-08-22 14:33:00,8/22/2018 14:33,STTD,2018,A,FALSE,CLR,Flood,1,22.3,0.5,176,186,8.09,7.99,15.5,10,Low,602972,609000,6028,6028,39.65890268,39.65890268,1,NA,NA,Aquatic Insects,46,Family,Coenagrionidae,Coenagrionidae,Larvae,1,0.025,0.025,NA,NA,NA,NA,NA,NA,NA,NA,NA,NA,NA   NA   NA   NA,NA   NA   NA   NA
STTD_2018-08-22 14:33:00,8/22/2018 14:33,STTD,2018,A,FALSE,CLR,Flood,1,22.3,0.5,176,186,8.09,7.99,15.5,10,Low,602972,609000,6028,6028,39.65890268,39.65890268,1,NA,NA,Aquatic Insects,46,Family,Coenagrionidae,Coenagrionidae,Pupae,0,0,0,NA,NA,NA,NA,NA,NA,NA,NA,NA,NA,NA   NA   NA   NA,NA   NA   NA   NA
STTD_2018-08-22 14:33:00,8/22/2018 14:33,STTD,2018,A,FALSE,CLR,Flood,1,22.3,0.5,176,186,8.09,7.99,15.5,10,Low,602972,609000,6028,6028,39.65890268,39.65890268,1,NA,NA,Aquatic Insects,46,Family,Coenagrionidae,Coenagrionidae,Nymphs,0,0,0,NA,NA,NA,NA,NA,NA,NA,NA,NA,NA,NA   NA   NA   NA,NA   NA   NA   NA
STTD_2018-08-22 14:33:00,8/22/2018 14:33,STTD,2018,A,FALSE,CLR,Flood,1,22.3,0.5,176,186,8.09,7.99,15.5,10,Low,602972,609000,6028,6028,39.65890268,39.65890268,1,NA,NA,Aquatic Insects,46,Family,Coenagrionidae,Coenagrionidae,Emergents,0,0,0,NA,NA,NA,NA,NA,NA,NA,NA,NA,NA,NA   NA   NA   NA,NA   NA   NA   NA
STTD_2018-08-22 14:33:00,8/22/2018 14:33,STTD,2018,A,FALSE,CLR,Flood,1,22.3,0.5,176,186,8.09,7.99,15.5,10,Low,602972,609000,6028,6028,39.65890268,39.65890268,1,NA,NA,Aquatic Insects,46,Family,Coenagrionidae,Coenagrionidae,Adults,0,0,0,NA,NA,NA,NA,NA,NA,NA,NA,NA,NA,NA   NA   NA   NA,NA   NA   NA   NA
STTD_2018-08-22 14:33:00,8/22/2018 14:33,STTD,2018,A,FALSE,CLR,Flood,1,22.3,0.5,176,186,8.09,7.99,15.5,10,Low,602972,609000,6028,6028,39.65890268,39.65890268,1,NA,NA,Aquatic Insects,46,Family,Coenagrionidae,Coenagrionidae,NotDetermined,0,0,0,NA,NA,NA,NA,NA,NA,NA,NA,NA,NA,NA   NA   NA   NA,NA   NA   NA   NA
STTD_2018-08-22 14:33:00,8/22/2018 14:33,STTD,2018,A,FALSE,CLR,Flood,1,22.3,0.5,176,186,8.09,7.99,15.5,10,Low,602972,609000,6028,6028,39.65890268,39.65890268,1,NA,NA,Aquatic Non-Insects,15,Family,Hyalellidae,Hyalellidae,Larvae,0,0,0,NA,NA,NA,NA,NA,NA,NA,NA,NA,NA,NA   NA   NA   NA,NA   NA   NA   NA
STTD_2018-08-22 14:33:00,8/22/2018 14:33,STTD,2018,A,FALSE,CLR,Flood,1,22.3,0.5,176,186,8.09,7.99,15.5,10,Low,602972,609000,6028,6028,39.65890268,39.65890268,1,NA,NA,Aquatic Non-Insects,15,Family,Hyalellidae,Hyalellidae,Pupae,0,0,0,NA,NA,NA,NA,NA,NA,NA,NA,NA,NA,NA   NA   NA   NA,NA   NA   NA   NA
STTD_2018-08-22 14:33:00,8/22/2018 14:33,STTD,2018,A,FALSE,CLR,Flood,1,22.3,0.5,176,186,8.09,7.99,15.5,10,Low,602972,609000,6028,6028,39.65890268,39.65890268,1,NA,NA,Aquatic Non-Insects,15,Family,Hyalellidae,Hyalellidae,Nymphs,0,0,0,NA,NA,NA,NA,NA,NA,NA,NA,NA,NA,NA   NA   NA   NA,NA   NA   NA   NA
STTD_2018-08-22 14:33:00,8/22/2018 14:33,STTD,2018,A,FALSE,CLR,Flood,1,22.3,0.5,176,186,8.09,7.99,15.5,10,Low,602972,609000,6028,6028,39.65890268,39.65890268,1,NA,NA,Aquatic Non-Insects,15,Family,Hyalellidae,Hyalellidae,Emergents,0,0,0,NA,NA,NA,NA,NA,NA,NA,NA,NA,NA,NA   NA   NA   NA,NA   NA   NA   NA
STTD_2018-08-22 14:33:00,8/22/2018 14:33,STTD,2018,A,FALSE,CLR,Flood,1,22.3,0.5,176,186,8.09,7.99,15.5,10,Low,602972,609000,6028,6028,39.65890268,39.65890268,1,NA,NA,Aquatic Non-Insects,15,Family,Hyalellidae,Hyalellidae,Adults,0,0,0,NA,NA,NA,NA,NA,NA,NA,NA,NA,NA,NA   NA   NA   NA,NA   NA   NA   NA
STTD_2018-08-22 14:33:00,8/22/2018 14:33,STTD,2018,A,FALSE,CLR,Flood,1,22.3,0.5,176,186,8.09,7.99,15.5,10,Low,602972,609000,6028,6028,39.65890268,39.65890268,1,NA,NA,Aquatic Non-Insects,15,Family,Hyalellidae,Hyalellidae,NotDetermined,11,0.277,0.277,NA,NA,NA,NA,NA,NA,NA,NA,NA,NA,NA   NA   NA   NA,NA   NA   NA   NA
STTD_2018-08-22 14:33:00,8/22/2018 14:33,STTD,2018,A,FALSE,CLR,Flood,1,22.3,0.5,176,186,8.09,7.99,15.5,10,Low,602972,609000,6028,6028,39.65890268,39.65890268,1,NA,NA,Terrestrial Insects,63,Order,Coleoptera,Coleoptera,Larvae,2,0.05,0.05,NA,NA,NA,NA,NA,NA,NA,NA,NA,NA,NA   NA   NA   NA,NA   NA   NA   NA
STTD_2018-08-22 14:33:00,8/22/2018 14:33,STTD,2018,A,FALSE,CLR,Flood,1,22.3,0.5,176,186,8.09,7.99,15.5,10,Low,602972,609000,6028,6028,39.65890268,39.65890268,1,NA,NA,Terrestrial Insects,63,Order,Coleoptera,Coleoptera,Pupae,0,0,0,NA,NA,NA,NA,NA,NA,NA,NA,NA,NA,NA   NA   NA   NA,NA   NA   NA   NA
STTD_2018-08-22 14:33:00,8/22/2018 14:33,STTD,2018,A,FALSE,CLR,Flood,1,22.3,0.5,176,186,8.09,7.99,15.5,10,Low,602972,609000,6028,6028,39.65890268,39.65890268,1,NA,NA,Terrestrial Insects,63,Order,Coleoptera,Coleoptera,Nymphs,0,0,0,NA,NA,NA,NA,NA,NA,NA,NA,NA,NA,NA   NA   NA   NA,NA   NA   NA   NA
STTD_2018-08-22 14:33:00,8/22/2018 14:33,STTD,2018,A,FALSE,CLR,Flood,1,22.3,0.5,176,186,8.09,7.99,15.5,10,Low,602972,609000,6028,6028,39.65890268,39.65890268,1,NA,NA,Terrestrial Insects,63,Order,Coleoptera,Coleoptera,Emergents,0,0,0,NA,NA,NA,NA,NA,NA,NA,NA,NA,NA,NA   NA   NA   NA,NA   NA   NA   NA
STTD_2018-08-22 14:33:00,8/22/2018 14:33,STTD,2018,A,FALSE,CLR,Flood,1,22.3,0.5,176,186,8.09,7.99,15.5,10,Low,602972,609000,6028,6028,39.65890268,39.65890268,1,NA,NA,Terrestrial Insects,63,Order,Coleoptera,Coleoptera,Adults,1,0.025,0.025,NA,NA,NA,NA,NA,NA,NA,NA,NA,NA,NA   NA   NA   NA,NA   NA   NA   NA
STTD_2018-08-22 14:33:00,8/22/2018 14:33,STTD,2018,A,FALSE,CLR,Flood,1,22.3,0.5,176,186,8.09,7.99,15.5,10,Low,602972,609000,6028,6028,39.65890268,39.65890268,1,NA,NA,Terrestrial Insects,63,Order,Coleoptera,Coleoptera,NotDetermined,0,0,0,NA,NA,NA,NA,NA,NA,NA,NA,NA,NA,NA   NA   NA   NA,NA   NA   NA   NA
STTD_2018-08-22 14:33:00,8/22/2018 14:33,STTD,2018,A,FALSE,CLR,Flood,1,22.3,0.5,176,186,8.09,7.99,15.5,10,Low,602972,609000,6028,6028,39.65890268,39.65890268,1,NA,NA,Terrestrial Insects,71,Order,Hemiptera,Hemiptera,Larvae,6,0.151,0.151,NA,NA,NA,NA,NA,NA,NA,NA,NA,NA,NA   NA   NA   NA,NA   NA   NA   NA
STTD_2018-08-22 14:33:00,8/22/2018 14:33,STTD,2018,A,FALSE,CLR,Flood,1,22.3,0.5,176,186,8.09,7.99,15.5,10,Low,602972,609000,6028,6028,39.65890268,39.65890268,1,NA,NA,Terrestrial Insects,71,Order,Hemiptera,Hemiptera,Pupae,0,0,0,NA,NA,NA,NA,NA,NA,NA,NA,NA,NA,NA   NA   NA   NA,NA   NA   NA   NA
STTD_2018-08-22 14:33:00,8/22/2018 14:33,STTD,2018,A,FALSE,CLR,Flood,1,22.3,0.5,176,186,8.09,7.99,15.5,10,Low,602972,609000,6028,6028,39.65890268,39.65890268,1,NA,NA,Terrestrial Insects,71,Order,Hemiptera,Hemiptera,Nymphs,0,0,0,NA,NA,NA,NA,NA,NA,NA,NA,NA,NA,NA   NA   NA   NA,NA   NA   NA   NA
STTD_2018-08-22 14:33:00,8/22/2018 14:33,STTD,2018,A,FALSE,CLR,Flood,1,22.3,0.5,176,186,8.09,7.99,15.5,10,Low,602972,609000,6028,6028,39.65890268,39.65890268,1,NA,NA,Terrestrial Insects,71,Order,Hemiptera,Hemiptera,Emergents,0,0,0,NA,NA,NA,NA,NA,NA,NA,NA,NA,NA,NA   NA   NA   NA,NA   NA   NA   NA
STTD_2018-08-22 14:33:00,8/22/2018 14:33,STTD,2018,A,FALSE,CLR,Flood,1,22.3,0.5,176,186,8.09,7.99,15.5,10,Low,602972,609000,6028,6028,39.65890268,39.65890268,1,NA,NA,Terrestrial Insects,71,Order,Hemiptera,Hemiptera,Adults,16,0.403,0.403,NA,NA,NA,NA,NA,NA,NA,NA,NA,NA,NA   NA   NA   NA,NA   NA   NA   NA
STTD_2018-08-22 14:33:00,8/22/2018 14:33,STTD,2018,A,FALSE,CLR,Flood,1,22.3,0.5,176,186,8.09,7.99,15.5,10,Low,602972,609000,6028,6028,39.65890268,39.65890268,1,NA,NA,Terrestrial Insects,71,Order,Hemiptera,Hemiptera,NotDetermined,0,0,0,NA,NA,NA,NA,NA,NA,NA,NA,NA,NA,NA   NA   NA   NA,NA   NA   NA   NA
STTD_2018-08-22 14:33:00,8/22/2018 14:33,STTD,2018,A,FALSE,CLR,Flood,1,22.3,0.5,176,186,8.09,7.99,15.5,10,Low,602972,609000,6028,6028,39.65890268,39.65890268,1,NA,NA,Terrestrial Insects,66,Order,Hymenoptera,Hymenoptera,Larvae,0,0,0,NA,NA,NA,NA,NA,NA,NA,NA,NA,NA,NA   NA   NA   NA,NA   NA   NA   NA
STTD_2018-08-22 14:33:00,8/22/2018 14:33,STTD,2018,A,FALSE,CLR,Flood,1,22.3,0.5,176,186,8.09,7.99,15.5,10,Low,602972,609000,6028,6028,39.65890268,39.65890268,1,NA,NA,Terrestrial Insects,66,Order,Hymenoptera,Hymenoptera,Pupae,0,0,0,NA,NA,NA,NA,NA,NA,NA,NA,NA,NA,NA   NA   NA   NA,NA   NA   NA   NA
STTD_2018-08-22 14:33:00,8/22/2018 14:33,STTD,2018,A,FALSE,CLR,Flood,1,22.3,0.5,176,186,8.09,7.99,15.5,10,Low,602972,609000,6028,6028,39.65890268,39.65890268,1,NA,NA,Terrestrial Insects,66,Order,Hymenoptera,Hymenoptera,Nymphs,0,0,0,NA,NA,NA,NA,NA,NA,NA,NA,NA,NA,NA   NA   NA   NA,NA   NA   NA   NA
STTD_2018-08-22 14:33:00,8/22/2018 14:33,STTD,2018,A,FALSE,CLR,Flood,1,22.3,0.5,176,186,8.09,7.99,15.5,10,Low,602972,609000,6028,6028,39.65890268,39.65890268,1,NA,NA,Terrestrial Insects,66,Order,Hymenoptera,Hymenoptera,Emergents,0,0,0,NA,NA,NA,NA,NA,NA,NA,NA,NA,NA,NA   NA   NA   NA,NA   NA   NA   NA
STTD_2018-08-22 14:33:00,8/22/2018 14:33,STTD,2018,A,FALSE,CLR,Flood,1,22.3,0.5,176,186,8.09,7.99,15.5,10,Low,602972,609000,6028,6028,39.65890268,39.65890268,1,NA,NA,Terrestrial Insects,66,Order,Hymenoptera,Hymenoptera,Adults,9,0.227,0.227,NA,NA,NA,NA,NA,NA,NA,NA,NA,NA,NA   NA   NA   NA,NA   NA   NA   NA
STTD_2018-08-22 14:33:00,8/22/2018 14:33,STTD,2018,A,FALSE,CLR,Flood,1,22.3,0.5,176,186,8.09,7.99,15.5,10,Low,602972,609000,6028,6028,39.65890268,39.65890268,1,NA,NA,Terrestrial Insects,66,Order,Hymenoptera,Hymenoptera,NotDetermined,0,0,0,NA,NA,NA,NA,NA,NA,NA,NA,NA,NA,NA   NA   NA   NA,NA   NA   NA   NA
SHR_2018-08-23 08:55:00,8/23/2018 8:55,SHR,2018,A,FALSE,CLR,NA,1,20.3,1.91,133,146,7.47,8.62,5.5,10,Low,594939,603000,8061,8061,53.03424262,53.03424262,1,lots of leaves/debris in sample,NA,Aquatic Insects,81,Family,Hydrophilidae,Hydrophilidae,Larvae,1,0.019,0.019,NA,NA,1,SAMP,NA,NA,NA,NA,NA,NA,1   NA   NA   NA,SAMP   NA   NA   NA
SHR_2018-08-23 08:55:00,8/23/2018 8:55,SHR,2018,A,FALSE,CLR,NA,1,20.3,1.91,133,146,7.47,8.62,5.5,10,Low,594939,603000,8061,8061,53.03424262,53.03424262,1,lots of leaves/debris in sample,NA,Aquatic Insects,81,Family,Hydrophilidae,Hydrophilidae,Pupae,0,0,0,NA,NA,1,SAMP,NA,NA,NA,NA,NA,NA,1   NA   NA   NA,SAMP   NA   NA   NA
SHR_2018-08-23 08:55:00,8/23/2018 8:55,SHR,2018,A,FALSE,CLR,NA,1,20.3,1.91,133,146,7.47,8.62,5.5,10,Low,594939,603000,8061,8061,53.03424262,53.03424262,1,lots of leaves/debris in sample,NA,Aquatic Insects,81,Family,Hydrophilidae,Hydrophilidae,Nymphs,0,0,0,NA,NA,1,SAMP,NA,NA,NA,NA,NA,NA,1   NA   NA   NA,SAMP   NA   NA   NA
SHR_2018-08-23 08:55:00,8/23/2018 8:55,SHR,2018,A,FALSE,CLR,NA,1,20.3,1.91,133,146,7.47,8.62,5.5,10,Low,594939,603000,8061,8061,53.03424262,53.03424262,1,lots of leaves/debris in sample,NA,Aquatic Insects,81,Family,Hydrophilidae,Hydrophilidae,Emergents,0,0,0,NA,NA,1,SAMP,NA,NA,NA,NA,NA,NA,1   NA   NA   NA,SAMP   NA   NA   NA
SHR_2018-08-23 08:55:00,8/23/2018 8:55,SHR,2018,A,FALSE,CLR,NA,1,20.3,1.91,133,146,7.47,8.62,5.5,10,Low,594939,603000,8061,8061,53.03424262,53.03424262,1,lots of leaves/debris in sample,NA,Aquatic Insects,81,Family,Hydrophilidae,Hydrophilidae,Adults,0,0,0,NA,NA,1,SAMP,NA,NA,NA,NA,NA,NA,1   NA   NA   NA,SAMP   NA   NA   NA
SHR_2018-08-23 08:55:00,8/23/2018 8:55,SHR,2018,A,FALSE,CLR,NA,1,20.3,1.91,133,146,7.47,8.62,5.5,10,Low,594939,603000,8061,8061,53.03424262,53.03424262,1,lots of leaves/debris in sample,NA,Aquatic Insects,81,Family,Hydrophilidae,Hydrophilidae,NotDetermined,0,0,0,NA,NA,1,SAMP,NA,NA,NA,NA,NA,NA,1   NA   NA   NA,SAMP   NA   NA   NA
SHR_2018-08-23 08:55:00,8/23/2018 8:55,SHR,2018,A,FALSE,CLR,NA,1,20.3,1.91,133,146,7.47,8.62,5.5,10,Low,594939,603000,8061,8061,53.03424262,53.03424262,1,lots of leaves/debris in sample,NA,Aquatic Insects,32,Family,Ceratopogonidae,Ceratopogonidae,Larvae,1,0.019,0.019,NA,NA,1,SAMP,NA,NA,NA,NA,NA,NA,1   NA   NA   NA,SAMP   NA   NA   NA
SHR_2018-08-23 08:55:00,8/23/2018 8:55,SHR,2018,A,FALSE,CLR,NA,1,20.3,1.91,133,146,7.47,8.62,5.5,10,Low,594939,603000,8061,8061,53.03424262,53.03424262,1,lots of leaves/debris in sample,NA,Aquatic Insects,32,Family,Ceratopogonidae,Ceratopogonidae,Pupae,2,0.038,0.038,NA,NA,1,SAMP,NA,NA,NA,NA,NA,NA,1   NA   NA   NA,SAMP   NA   NA   NA
SHR_2018-08-23 08:55:00,8/23/2018 8:55,SHR,2018,A,FALSE,CLR,NA,1,20.3,1.91,133,146,7.47,8.62,5.5,10,Low,594939,603000,8061,8061,53.03424262,53.03424262,1,lots of leaves/debris in sample,NA,Aquatic Insects,32,Family,Ceratopogonidae,Ceratopogonidae,Nymphs,0,0,0,NA,NA,1,SAMP,NA,NA,NA,NA,NA,NA,1   NA   NA   NA,SAMP   NA   NA   NA
SHR_2018-08-23 08:55:00,8/23/2018 8:55,SHR,2018,A,FALSE,CLR,NA,1,20.3,1.91,133,146,7.47,8.62,5.5,10,Low,594939,603000,8061,8061,53.03424262,53.03424262,1,lots of leaves/debris in sample,NA,Aquatic Insects,32,Family,Ceratopogonidae,Ceratopogonidae,Emergents,0,0,0,NA,NA,1,SAMP,NA,NA,NA,NA,NA,NA,1   NA   NA   NA,SAMP   NA   NA   NA
SHR_2018-08-23 08:55:00,8/23/2018 8:55,SHR,2018,A,FALSE,CLR,NA,1,20.3,1.91,133,146,7.47,8.62,5.5,10,Low,594939,603000,8061,8061,53.03424262,53.03424262,1,lots of leaves/debris in sample,NA,Aquatic Insects,32,Family,Ceratopogonidae,Ceratopogonidae,Adults,0,0,0,NA,NA,1,SAMP,NA,NA,NA,NA,NA,NA,1   NA   NA   NA,SAMP   NA   NA   NA
SHR_2018-08-23 08:55:00,8/23/2018 8:55,SHR,2018,A,FALSE,CLR,NA,1,20.3,1.91,133,146,7.47,8.62,5.5,10,Low,594939,603000,8061,8061,53.03424262,53.03424262,1,lots of leaves/debris in sample,NA,Aquatic Insects,32,Family,Ceratopogonidae,Ceratopogonidae,NotDetermined,0,0,0,NA,NA,1,SAMP,NA,NA,NA,NA,NA,NA,1   NA   NA   NA,SAMP   NA   NA   NA
SHR_2018-08-23 08:55:00,8/23/2018 8:55,SHR,2018,A,FALSE,CLR,NA,1,20.3,1.91,133,146,7.47,8.62,5.5,10,Low,594939,603000,8061,8061,53.03424262,53.03424262,1,lots of leaves/debris in sample,NA,Aquatic Insects,34,Family,Chironomidae,Chironomidae,Larvae,974,18.365,18.365,NA,NA,1,SAMP,NA,NA,NA,NA,NA,NA,1   NA   NA   NA,SAMP   NA   NA   NA
SHR_2018-08-23 08:55:00,8/23/2018 8:55,SHR,2018,A,FALSE,CLR,NA,1,20.3,1.91,133,146,7.47,8.62,5.5,10,Low,594939,603000,8061,8061,53.03424262,53.03424262,1,lots of leaves/debris in sample,NA,Aquatic Insects,34,Family,Chironomidae,Chironomidae,Pupae,5,0.094,0.094,NA,NA,1,SAMP,NA,NA,NA,NA,NA,NA,1   NA   NA   NA,SAMP   NA   NA   NA
SHR_2018-08-23 08:55:00,8/23/2018 8:55,SHR,2018,A,FALSE,CLR,NA,1,20.3,1.91,133,146,7.47,8.62,5.5,10,Low,594939,603000,8061,8061,53.03424262,53.03424262,1,lots of leaves/debris in sample,NA,Aquatic Insects,34,Family,Chironomidae,Chironomidae,Nymphs,0,0,0,NA,NA,1,SAMP,NA,NA,NA,NA,NA,NA,1   NA   NA   NA,SAMP   NA   NA   NA
SHR_2018-08-23 08:55:00,8/23/2018 8:55,SHR,2018,A,FALSE,CLR,NA,1,20.3,1.91,133,146,7.47,8.62,5.5,10,Low,594939,603000,8061,8061,53.03424262,53.03424262,1,lots of leaves/debris in sample,NA,Aquatic Insects,34,Family,Chironomidae,Chironomidae,Emergents,0,0,0,NA,NA,1,SAMP,NA,NA,NA,NA,NA,NA,1   NA   NA   NA,SAMP   NA   NA   NA
SHR_2018-08-23 08:55:00,8/23/2018 8:55,SHR,2018,A,FALSE,CLR,NA,1,20.3,1.91,133,146,7.47,8.62,5.5,10,Low,594939,603000,8061,8061,53.03424262,53.03424262,1,lots of leaves/debris in sample,NA,Aquatic Insects,34,Family,Chironomidae,Chironomidae,Adults,8,0.151,0.151,NA,NA,1,SAMP,NA,NA,NA,NA,NA,NA,1   NA   NA   NA,SAMP   NA   NA   NA
SHR_2018-08-23 08:55:00,8/23/2018 8:55,SHR,2018,A,FALSE,CLR,NA,1,20.3,1.91,133,146,7.47,8.62,5.5,10,Low,594939,603000,8061,8061,53.03424262,53.03424262,1,lots of leaves/debris in sample,NA,Aquatic Insects,34,Family,Chironomidae,Chironomidae,NotDetermined,0,0,0,NA,NA,1,SAMP,NA,NA,NA,NA,NA,NA,1   NA   NA   NA,SAMP   NA   NA   NA
SHR_2018-08-23 08:55:00,8/23/2018 8:55,SHR,2018,A,FALSE,CLR,NA,1,20.3,1.91,133,146,7.47,8.62,5.5,10,Low,594939,603000,8061,8061,53.03424262,53.03424262,1,lots of leaves/debris in sample,NA,Aquatic Insects,44,Family,Corixidae,Corixidae,Larvae,3,0.057,0.057,NA,NA,1,SAMP,NA,NA,NA,NA,NA,NA,1   NA   NA   NA,SAMP   NA   NA   NA
SHR_2018-08-23 08:55:00,8/23/2018 8:55,SHR,2018,A,FALSE,CLR,NA,1,20.3,1.91,133,146,7.47,8.62,5.5,10,Low,594939,603000,8061,8061,53.03424262,53.03424262,1,lots of leaves/debris in sample,NA,Aquatic Insects,44,Family,Corixidae,Corixidae,Pupae,0,0,0,NA,NA,1,SAMP,NA,NA,NA,NA,NA,NA,1   NA   NA   NA,SAMP   NA   NA   NA
SHR_2018-08-23 08:55:00,8/23/2018 8:55,SHR,2018,A,FALSE,CLR,NA,1,20.3,1.91,133,146,7.47,8.62,5.5,10,Low,594939,603000,8061,8061,53.03424262,53.03424262,1,lots of leaves/debris in sample,NA,Aquatic Insects,44,Family,Corixidae,Corixidae,Nymphs,0,0,0,NA,NA,1,SAMP,NA,NA,NA,NA,NA,NA,1   NA   NA   NA,SAMP   NA   NA   NA
SHR_2018-08-23 08:55:00,8/23/2018 8:55,SHR,2018,A,FALSE,CLR,NA,1,20.3,1.91,133,146,7.47,8.62,5.5,10,Low,594939,603000,8061,8061,53.03424262,53.03424262,1,lots of leaves/debris in sample,NA,Aquatic Insects,44,Family,Corixidae,Corixidae,Emergents,0,0,0,NA,NA,1,SAMP,NA,NA,NA,NA,NA,NA,1   NA   NA   NA,SAMP   NA   NA   NA
SHR_2018-08-23 08:55:00,8/23/2018 8:55,SHR,2018,A,FALSE,CLR,NA,1,20.3,1.91,133,146,7.47,8.62,5.5,10,Low,594939,603000,8061,8061,53.03424262,53.03424262,1,lots of leaves/debris in sample,NA,Aquatic Insects,44,Family,Corixidae,Corixidae,Adults,0,0,0,NA,NA,1,SAMP,NA,NA,NA,NA,NA,NA,1   NA   NA   NA,SAMP   NA   NA   NA
SHR_2018-08-23 08:55:00,8/23/2018 8:55,SHR,2018,A,FALSE,CLR,NA,1,20.3,1.91,133,146,7.47,8.62,5.5,10,Low,594939,603000,8061,8061,53.03424262,53.03424262,1,lots of leaves/debris in sample,NA,Aquatic Insects,44,Family,Corixidae,Corixidae,NotDetermined,0,0,0,NA,NA,1,SAMP,NA,NA,NA,NA,NA,NA,1   NA   NA   NA,SAMP   NA   NA   NA
SHR_2018-08-23 08:55:00,8/23/2018 8:55,SHR,2018,A,FALSE,CLR,NA,1,20.3,1.91,133,146,7.47,8.62,5.5,10,Low,594939,603000,8061,8061,53.03424262,53.03424262,1,lots of leaves/debris in sample,NA,Aquatic Insects,46,Family,Coenagrionidae,Coenagrionidae,Larvae,4,0.075,0.075,NA,NA,1,SAMP,NA,NA,NA,NA,NA,NA,1   NA   NA   NA,SAMP   NA   NA   NA
SHR_2018-08-23 08:55:00,8/23/2018 8:55,SHR,2018,A,FALSE,CLR,NA,1,20.3,1.91,133,146,7.47,8.62,5.5,10,Low,594939,603000,8061,8061,53.03424262,53.03424262,1,lots of leaves/debris in sample,NA,Aquatic Insects,46,Family,Coenagrionidae,Coenagrionidae,Pupae,0,0,0,NA,NA,1,SAMP,NA,NA,NA,NA,NA,NA,1   NA   NA   NA,SAMP   NA   NA   NA
SHR_2018-08-23 08:55:00,8/23/2018 8:55,SHR,2018,A,FALSE,CLR,NA,1,20.3,1.91,133,146,7.47,8.62,5.5,10,Low,594939,603000,8061,8061,53.03424262,53.03424262,1,lots of leaves/debris in sample,NA,Aquatic Insects,46,Family,Coenagrionidae,Coenagrionidae,Nymphs,0,0,0,NA,NA,1,SAMP,NA,NA,NA,NA,NA,NA,1   NA   NA   NA,SAMP   NA   NA   NA
SHR_2018-08-23 08:55:00,8/23/2018 8:55,SHR,2018,A,FALSE,CLR,NA,1,20.3,1.91,133,146,7.47,8.62,5.5,10,Low,594939,603000,8061,8061,53.03424262,53.03424262,1,lots of leaves/debris in sample,NA,Aquatic Insects,46,Family,Coenagrionidae,Coenagrionidae,Emergents,0,0,0,NA,NA,1,SAMP,NA,NA,NA,NA,NA,NA,1   NA   NA   NA,SAMP   NA   NA   NA
SHR_2018-08-23 08:55:00,8/23/2018 8:55,SHR,2018,A,FALSE,CLR,NA,1,20.3,1.91,133,146,7.47,8.62,5.5,10,Low,594939,603000,8061,8061,53.03424262,53.03424262,1,lots of leaves/debris in sample,NA,Aquatic Insects,46,Family,Coenagrionidae,Coenagrionidae,Adults,0,0,0,NA,NA,1,SAMP,NA,NA,NA,NA,NA,NA,1   NA   NA   NA,SAMP   NA   NA   NA
SHR_2018-08-23 08:55:00,8/23/2018 8:55,SHR,2018,A,FALSE,CLR,NA,1,20.3,1.91,133,146,7.47,8.62,5.5,10,Low,594939,603000,8061,8061,53.03424262,53.03424262,1,lots of leaves/debris in sample,NA,Aquatic Insects,46,Family,Coenagrionidae,Coenagrionidae,NotDetermined,0,0,0,NA,NA,1,SAMP,NA,NA,NA,NA,NA,NA,1   NA   NA   NA,SAMP   NA   NA   NA
SHR_2018-08-23 08:55:00,8/23/2018 8:55,SHR,2018,A,FALSE,CLR,NA,1,20.3,1.91,133,146,7.47,8.62,5.5,10,Low,594939,603000,8061,8061,53.03424262,53.03424262,1,lots of leaves/debris in sample,NA,Aquatic Insects,88,Family,Hydroptilidae,Hydroptilidae,Larvae,1,0.019,0.019,NA,NA,1,SAMP,NA,NA,NA,NA,NA,NA,1   NA   NA   NA,SAMP   NA   NA   NA
SHR_2018-08-23 08:55:00,8/23/2018 8:55,SHR,2018,A,FALSE,CLR,NA,1,20.3,1.91,133,146,7.47,8.62,5.5,10,Low,594939,603000,8061,8061,53.03424262,53.03424262,1,lots of leaves/debris in sample,NA,Aquatic Insects,88,Family,Hydroptilidae,Hydroptilidae,Pupae,0,0,0,NA,NA,1,SAMP,NA,NA,NA,NA,NA,NA,1   NA   NA   NA,SAMP   NA   NA   NA
SHR_2018-08-23 08:55:00,8/23/2018 8:55,SHR,2018,A,FALSE,CLR,NA,1,20.3,1.91,133,146,7.47,8.62,5.5,10,Low,594939,603000,8061,8061,53.03424262,53.03424262,1,lots of leaves/debris in sample,NA,Aquatic Insects,88,Family,Hydroptilidae,Hydroptilidae,Nymphs,0,0,0,NA,NA,1,SAMP,NA,NA,NA,NA,NA,NA,1   NA   NA   NA,SAMP   NA   NA   NA
SHR_2018-08-23 08:55:00,8/23/2018 8:55,SHR,2018,A,FALSE,CLR,NA,1,20.3,1.91,133,146,7.47,8.62,5.5,10,Low,594939,603000,8061,8061,53.03424262,53.03424262,1,lots of leaves/debris in sample,NA,Aquatic Insects,88,Family,Hydroptilidae,Hydroptilidae,Emergents,0,0,0,NA,NA,1,SAMP,NA,NA,NA,NA,NA,NA,1   NA   NA   NA,SAMP   NA   NA   NA
SHR_2018-08-23 08:55:00,8/23/2018 8:55,SHR,2018,A,FALSE,CLR,NA,1,20.3,1.91,133,146,7.47,8.62,5.5,10,Low,594939,603000,8061,8061,53.03424262,53.03424262,1,lots of leaves/debris in sample,NA,Aquatic Insects,88,Family,Hydroptilidae,Hydroptilidae,Adults,0,0,0,NA,NA,1,SAMP,NA,NA,NA,NA,NA,NA,1   NA   NA   NA,SAMP   NA   NA   NA
SHR_2018-08-23 08:55:00,8/23/2018 8:55,SHR,2018,A,FALSE,CLR,NA,1,20.3,1.91,133,146,7.47,8.62,5.5,10,Low,594939,603000,8061,8061,53.03424262,53.03424262,1,lots of leaves/debris in sample,NA,Aquatic Insects,88,Family,Hydroptilidae,Hydroptilidae,NotDetermined,0,0,0,NA,NA,1,SAMP,NA,NA,NA,NA,NA,NA,1   NA   NA   NA,SAMP   NA   NA   NA
SHR_2018-08-23 08:55:00,8/23/2018 8:55,SHR,2018,A,FALSE,CLR,NA,1,20.3,1.91,133,146,7.47,8.62,5.5,10,Low,594939,603000,8061,8061,53.03424262,53.03424262,1,lots of leaves/debris in sample,NA,Aquatic Insects,56,Family,Leptoceridae,Leptoceridae,Larvae,2,0.038,0.038,NA,NA,1,SAMP,NA,NA,NA,NA,NA,NA,1   NA   NA   NA,SAMP   NA   NA   NA
SHR_2018-08-23 08:55:00,8/23/2018 8:55,SHR,2018,A,FALSE,CLR,NA,1,20.3,1.91,133,146,7.47,8.62,5.5,10,Low,594939,603000,8061,8061,53.03424262,53.03424262,1,lots of leaves/debris in sample,NA,Aquatic Insects,56,Family,Leptoceridae,Leptoceridae,Pupae,0,0,0,NA,NA,1,SAMP,NA,NA,NA,NA,NA,NA,1   NA   NA   NA,SAMP   NA   NA   NA
SHR_2018-08-23 08:55:00,8/23/2018 8:55,SHR,2018,A,FALSE,CLR,NA,1,20.3,1.91,133,146,7.47,8.62,5.5,10,Low,594939,603000,8061,8061,53.03424262,53.03424262,1,lots of leaves/debris in sample,NA,Aquatic Insects,56,Family,Leptoceridae,Leptoceridae,Nymphs,0,0,0,NA,NA,1,SAMP,NA,NA,NA,NA,NA,NA,1   NA   NA   NA,SAMP   NA   NA   NA
SHR_2018-08-23 08:55:00,8/23/2018 8:55,SHR,2018,A,FALSE,CLR,NA,1,20.3,1.91,133,146,7.47,8.62,5.5,10,Low,594939,603000,8061,8061,53.03424262,53.03424262,1,lots of leaves/debris in sample,NA,Aquatic Insects,56,Family,Leptoceridae,Leptoceridae,Emergents,0,0,0,NA,NA,1,SAMP,NA,NA,NA,NA,NA,NA,1   NA   NA   NA,SAMP   NA   NA   NA
SHR_2018-08-23 08:55:00,8/23/2018 8:55,SHR,2018,A,FALSE,CLR,NA,1,20.3,1.91,133,146,7.47,8.62,5.5,10,Low,594939,603000,8061,8061,53.03424262,53.03424262,1,lots of leaves/debris in sample,NA,Aquatic Insects,56,Family,Leptoceridae,Leptoceridae,Adults,0,0,0,NA,NA,1,SAMP,NA,NA,NA,NA,NA,NA,1   NA   NA   NA,SAMP   NA   NA   NA
SHR_2018-08-23 08:55:00,8/23/2018 8:55,SHR,2018,A,FALSE,CLR,NA,1,20.3,1.91,133,146,7.47,8.62,5.5,10,Low,594939,603000,8061,8061,53.03424262,53.03424262,1,lots of leaves/debris in sample,NA,Aquatic Insects,56,Family,Leptoceridae,Leptoceridae,NotDetermined,0,0,0,NA,NA,1,SAMP,NA,NA,NA,NA,NA,NA,1   NA   NA   NA,SAMP   NA   NA   NA
SHR_2018-08-23 08:55:00,8/23/2018 8:55,SHR,2018,A,FALSE,CLR,NA,1,20.3,1.91,133,146,7.47,8.62,5.5,10,Low,594939,603000,8061,8061,53.03424262,53.03424262,1,lots of leaves/debris in sample,NA,Aquatic Non-Insects,106,Family,Lymnaeidae,Lymnaeidae,Larvae,0,0,0,NA,NA,1,SAMP,NA,NA,NA,NA,NA,NA,1   NA   NA   NA,SAMP   NA   NA   NA
SHR_2018-08-23 08:55:00,8/23/2018 8:55,SHR,2018,A,FALSE,CLR,NA,1,20.3,1.91,133,146,7.47,8.62,5.5,10,Low,594939,603000,8061,8061,53.03424262,53.03424262,1,lots of leaves/debris in sample,NA,Aquatic Non-Insects,106,Family,Lymnaeidae,Lymnaeidae,Pupae,0,0,0,NA,NA,1,SAMP,NA,NA,NA,NA,NA,NA,1   NA   NA   NA,SAMP   NA   NA   NA
SHR_2018-08-23 08:55:00,8/23/2018 8:55,SHR,2018,A,FALSE,CLR,NA,1,20.3,1.91,133,146,7.47,8.62,5.5,10,Low,594939,603000,8061,8061,53.03424262,53.03424262,1,lots of leaves/debris in sample,NA,Aquatic Non-Insects,106,Family,Lymnaeidae,Lymnaeidae,Nymphs,0,0,0,NA,NA,1,SAMP,NA,NA,NA,NA,NA,NA,1   NA   NA   NA,SAMP   NA   NA   NA
SHR_2018-08-23 08:55:00,8/23/2018 8:55,SHR,2018,A,FALSE,CLR,NA,1,20.3,1.91,133,146,7.47,8.62,5.5,10,Low,594939,603000,8061,8061,53.03424262,53.03424262,1,lots of leaves/debris in sample,NA,Aquatic Non-Insects,106,Family,Lymnaeidae,Lymnaeidae,Emergents,0,0,0,NA,NA,1,SAMP,NA,NA,NA,NA,NA,NA,1   NA   NA   NA,SAMP   NA   NA   NA
SHR_2018-08-23 08:55:00,8/23/2018 8:55,SHR,2018,A,FALSE,CLR,NA,1,20.3,1.91,133,146,7.47,8.62,5.5,10,Low,594939,603000,8061,8061,53.03424262,53.03424262,1,lots of leaves/debris in sample,NA,Aquatic Non-Insects,106,Family,Lymnaeidae,Lymnaeidae,Adults,0,0,0,NA,NA,1,SAMP,NA,NA,NA,NA,NA,NA,1   NA   NA   NA,SAMP   NA   NA   NA
SHR_2018-08-23 08:55:00,8/23/2018 8:55,SHR,2018,A,FALSE,CLR,NA,1,20.3,1.91,133,146,7.47,8.62,5.5,10,Low,594939,603000,8061,8061,53.03424262,53.03424262,1,lots of leaves/debris in sample,NA,Aquatic Non-Insects,106,Family,Lymnaeidae,Lymnaeidae,NotDetermined,1,0.019,0.019,NA,NA,1,SAMP,NA,NA,NA,NA,NA,NA,1   NA   NA   NA,SAMP   NA   NA   NA
SHR_2018-08-23 08:55:00,8/23/2018 8:55,SHR,2018,A,FALSE,CLR,NA,1,20.3,1.91,133,146,7.47,8.62,5.5,10,Low,594939,603000,8061,8061,53.03424262,53.03424262,1,lots of leaves/debris in sample,NA,Aquatic Non-Insects,4,Family,Naididae,Naididae,Larvae,0,0,0,NA,NA,1,SAMP,NA,NA,NA,NA,NA,NA,1   NA   NA   NA,SAMP   NA   NA   NA
SHR_2018-08-23 08:55:00,8/23/2018 8:55,SHR,2018,A,FALSE,CLR,NA,1,20.3,1.91,133,146,7.47,8.62,5.5,10,Low,594939,603000,8061,8061,53.03424262,53.03424262,1,lots of leaves/debris in sample,NA,Aquatic Non-Insects,4,Family,Naididae,Naididae,Pupae,0,0,0,NA,NA,1,SAMP,NA,NA,NA,NA,NA,NA,1   NA   NA   NA,SAMP   NA   NA   NA
SHR_2018-08-23 08:55:00,8/23/2018 8:55,SHR,2018,A,FALSE,CLR,NA,1,20.3,1.91,133,146,7.47,8.62,5.5,10,Low,594939,603000,8061,8061,53.03424262,53.03424262,1,lots of leaves/debris in sample,NA,Aquatic Non-Insects,4,Family,Naididae,Naididae,Nymphs,0,0,0,NA,NA,1,SAMP,NA,NA,NA,NA,NA,NA,1   NA   NA   NA,SAMP   NA   NA   NA
SHR_2018-08-23 08:55:00,8/23/2018 8:55,SHR,2018,A,FALSE,CLR,NA,1,20.3,1.91,133,146,7.47,8.62,5.5,10,Low,594939,603000,8061,8061,53.03424262,53.03424262,1,lots of leaves/debris in sample,NA,Aquatic Non-Insects,4,Family,Naididae,Naididae,Emergents,0,0,0,NA,NA,1,SAMP,NA,NA,NA,NA,NA,NA,1   NA   NA   NA,SAMP   NA   NA   NA
SHR_2018-08-23 08:55:00,8/23/2018 8:55,SHR,2018,A,FALSE,CLR,NA,1,20.3,1.91,133,146,7.47,8.62,5.5,10,Low,594939,603000,8061,8061,53.03424262,53.03424262,1,lots of leaves/debris in sample,NA,Aquatic Non-Insects,4,Family,Naididae,Naididae,Adults,0,0,0,NA,NA,1,SAMP,NA,NA,NA,NA,NA,NA,1   NA   NA   NA,SAMP   NA   NA   NA
SHR_2018-08-23 08:55:00,8/23/2018 8:55,SHR,2018,A,FALSE,CLR,NA,1,20.3,1.91,133,146,7.47,8.62,5.5,10,Low,594939,603000,8061,8061,53.03424262,53.03424262,1,lots of leaves/debris in sample,NA,Aquatic Non-Insects,4,Family,Naididae,Naididae,NotDetermined,1,0.019,0.019,NA,NA,1,SAMP,NA,NA,NA,NA,NA,NA,1   NA   NA   NA,SAMP   NA   NA   NA
SHR_2018-08-23 08:55:00,8/23/2018 8:55,SHR,2018,A,FALSE,CLR,NA,1,20.3,1.91,133,146,7.47,8.62,5.5,10,Low,594939,603000,8061,8061,53.03424262,53.03424262,1,lots of leaves/debris in sample,NA,Aquatic Non-Insects,28,Family,Lebertiidae,Lebertiidae,Larvae,0,0,0,NA,NA,1,SAMP,NA,NA,NA,NA,NA,NA,1   NA   NA   NA,SAMP   NA   NA   NA
SHR_2018-08-23 08:55:00,8/23/2018 8:55,SHR,2018,A,FALSE,CLR,NA,1,20.3,1.91,133,146,7.47,8.62,5.5,10,Low,594939,603000,8061,8061,53.03424262,53.03424262,1,lots of leaves/debris in sample,NA,Aquatic Non-Insects,120,Family,Lebertiidae,Lebertiidae,Larvae,0,0,0,NA,NA,1,SAMP,NA,NA,NA,NA,NA,NA,1   NA   NA   NA,SAMP   NA   NA   NA
SHR_2018-08-23 08:55:00,8/23/2018 8:55,SHR,2018,A,FALSE,CLR,NA,1,20.3,1.91,133,146,7.47,8.62,5.5,10,Low,594939,603000,8061,8061,53.03424262,53.03424262,1,lots of leaves/debris in sample,NA,Aquatic Non-Insects,28,Family,Lebertiidae,Lebertiidae,Pupae,0,0,0,NA,NA,1,SAMP,NA,NA,NA,NA,NA,NA,1   NA   NA   NA,SAMP   NA   NA   NA
SHR_2018-08-23 08:55:00,8/23/2018 8:55,SHR,2018,A,FALSE,CLR,NA,1,20.3,1.91,133,146,7.47,8.62,5.5,10,Low,594939,603000,8061,8061,53.03424262,53.03424262,1,lots of leaves/debris in sample,NA,Aquatic Non-Insects,120,Family,Lebertiidae,Lebertiidae,Pupae,0,0,0,NA,NA,1,SAMP,NA,NA,NA,NA,NA,NA,1   NA   NA   NA,SAMP   NA   NA   NA
SHR_2018-08-23 08:55:00,8/23/2018 8:55,SHR,2018,A,FALSE,CLR,NA,1,20.3,1.91,133,146,7.47,8.62,5.5,10,Low,594939,603000,8061,8061,53.03424262,53.03424262,1,lots of leaves/debris in sample,NA,Aquatic Non-Insects,28,Family,Lebertiidae,Lebertiidae,Nymphs,0,0,0,NA,NA,1,SAMP,NA,NA,NA,NA,NA,NA,1   NA   NA   NA,SAMP   NA   NA   NA
SHR_2018-08-23 08:55:00,8/23/2018 8:55,SHR,2018,A,FALSE,CLR,NA,1,20.3,1.91,133,146,7.47,8.62,5.5,10,Low,594939,603000,8061,8061,53.03424262,53.03424262,1,lots of leaves/debris in sample,NA,Aquatic Non-Insects,120,Family,Lebertiidae,Lebertiidae,Nymphs,0,0,0,NA,NA,1,SAMP,NA,NA,NA,NA,NA,NA,1   NA   NA   NA,SAMP   NA   NA   NA
SHR_2018-08-23 08:55:00,8/23/2018 8:55,SHR,2018,A,FALSE,CLR,NA,1,20.3,1.91,133,146,7.47,8.62,5.5,10,Low,594939,603000,8061,8061,53.03424262,53.03424262,1,lots of leaves/debris in sample,NA,Aquatic Non-Insects,28,Family,Lebertiidae,Lebertiidae,Emergents,0,0,0,NA,NA,1,SAMP,NA,NA,NA,NA,NA,NA,1   NA   NA   NA,SAMP   NA   NA   NA
SHR_2018-08-23 08:55:00,8/23/2018 8:55,SHR,2018,A,FALSE,CLR,NA,1,20.3,1.91,133,146,7.47,8.62,5.5,10,Low,594939,603000,8061,8061,53.03424262,53.03424262,1,lots of leaves/debris in sample,NA,Aquatic Non-Insects,120,Family,Lebertiidae,Lebertiidae,Emergents,0,0,0,NA,NA,1,SAMP,NA,NA,NA,NA,NA,NA,1   NA   NA   NA,SAMP   NA   NA   NA
SHR_2018-08-23 08:55:00,8/23/2018 8:55,SHR,2018,A,FALSE,CLR,NA,1,20.3,1.91,133,146,7.47,8.62,5.5,10,Low,594939,603000,8061,8061,53.03424262,53.03424262,1,lots of leaves/debris in sample,NA,Aquatic Non-Insects,28,Family,Lebertiidae,Lebertiidae,Adults,0,0,0,NA,NA,1,SAMP,NA,NA,NA,NA,NA,NA,1   NA   NA   NA,SAMP   NA   NA   NA
SHR_2018-08-23 08:55:00,8/23/2018 8:55,SHR,2018,A,FALSE,CLR,NA,1,20.3,1.91,133,146,7.47,8.62,5.5,10,Low,594939,603000,8061,8061,53.03424262,53.03424262,1,lots of leaves/debris in sample,NA,Aquatic Non-Insects,120,Family,Lebertiidae,Lebertiidae,Adults,0,0,0,NA,NA,1,SAMP,NA,NA,NA,NA,NA,NA,1   NA   NA   NA,SAMP   NA   NA   NA
SHR_2018-08-23 08:55:00,8/23/2018 8:55,SHR,2018,A,FALSE,CLR,NA,1,20.3,1.91,133,146,7.47,8.62,5.5,10,Low,594939,603000,8061,8061,53.03424262,53.03424262,1,lots of leaves/debris in sample,NA,Aquatic Non-Insects,28,Family,Lebertiidae,Lebertiidae,NotDetermined,1,0.019,0.019,NA,NA,1,SAMP,NA,NA,NA,NA,NA,NA,1   NA   NA   NA,SAMP   NA   NA   NA
SHR_2018-08-23 08:55:00,8/23/2018 8:55,SHR,2018,A,FALSE,CLR,NA,1,20.3,1.91,133,146,7.47,8.62,5.5,10,Low,594939,603000,8061,8061,53.03424262,53.03424262,1,lots of leaves/debris in sample,NA,Aquatic Non-Insects,120,Family,Lebertiidae,Lebertiidae,NotDetermined,1,0.019,0.019,NA,NA,1,SAMP,NA,NA,NA,NA,NA,NA,1   NA   NA   NA,SAMP   NA   NA   NA
SHR_2018-08-23 08:55:00,8/23/2018 8:55,SHR,2018,A,FALSE,CLR,NA,1,20.3,1.91,133,146,7.47,8.62,5.5,10,Low,594939,603000,8061,8061,53.03424262,53.03424262,1,lots of leaves/debris in sample,NA,Aquatic Non-Insects,77,Family,Hygrobatidae,Hygrobatidae,Larvae,0,0,0,NA,NA,1,SAMP,NA,NA,NA,NA,NA,NA,1   NA   NA   NA,SAMP   NA   NA   NA
SHR_2018-08-23 08:55:00,8/23/2018 8:55,SHR,2018,A,FALSE,CLR,NA,1,20.3,1.91,133,146,7.47,8.62,5.5,10,Low,594939,603000,8061,8061,53.03424262,53.03424262,1,lots of leaves/debris in sample,NA,Aquatic Non-Insects,77,Family,Hygrobatidae,Hygrobatidae,Pupae,0,0,0,NA,NA,1,SAMP,NA,NA,NA,NA,NA,NA,1   NA   NA   NA,SAMP   NA   NA   NA
SHR_2018-08-23 08:55:00,8/23/2018 8:55,SHR,2018,A,FALSE,CLR,NA,1,20.3,1.91,133,146,7.47,8.62,5.5,10,Low,594939,603000,8061,8061,53.03424262,53.03424262,1,lots of leaves/debris in sample,NA,Aquatic Non-Insects,77,Family,Hygrobatidae,Hygrobatidae,Nymphs,0,0,0,NA,NA,1,SAMP,NA,NA,NA,NA,NA,NA,1   NA   NA   NA,SAMP   NA   NA   NA
SHR_2018-08-23 08:55:00,8/23/2018 8:55,SHR,2018,A,FALSE,CLR,NA,1,20.3,1.91,133,146,7.47,8.62,5.5,10,Low,594939,603000,8061,8061,53.03424262,53.03424262,1,lots of leaves/debris in sample,NA,Aquatic Non-Insects,77,Family,Hygrobatidae,Hygrobatidae,Emergents,0,0,0,NA,NA,1,SAMP,NA,NA,NA,NA,NA,NA,1   NA   NA   NA,SAMP   NA   NA   NA
SHR_2018-08-23 08:55:00,8/23/2018 8:55,SHR,2018,A,FALSE,CLR,NA,1,20.3,1.91,133,146,7.47,8.62,5.5,10,Low,594939,603000,8061,8061,53.03424262,53.03424262,1,lots of leaves/debris in sample,NA,Aquatic Non-Insects,77,Family,Hygrobatidae,Hygrobatidae,Adults,0,0,0,NA,NA,1,SAMP,NA,NA,NA,NA,NA,NA,1   NA   NA   NA,SAMP   NA   NA   NA
SHR_2018-08-23 08:55:00,8/23/2018 8:55,SHR,2018,A,FALSE,CLR,NA,1,20.3,1.91,133,146,7.47,8.62,5.5,10,Low,594939,603000,8061,8061,53.03424262,53.03424262,1,lots of leaves/debris in sample,NA,Aquatic Non-Insects,77,Family,Hygrobatidae,Hygrobatidae,NotDetermined,2,0.038,0.038,NA,NA,1,SAMP,NA,NA,NA,NA,NA,NA,1   NA   NA   NA,SAMP   NA   NA   NA
SHR_2018-08-23 08:55:00,8/23/2018 8:55,SHR,2018,A,FALSE,CLR,NA,1,20.3,1.91,133,146,7.47,8.62,5.5,10,Low,594939,603000,8061,8061,53.03424262,53.03424262,1,lots of leaves/debris in sample,NA,Aquatic Non-Insects,15,Family,Hyalellidae,Hyalellidae,Larvae,0,0,0,NA,NA,1,SAMP,NA,NA,NA,NA,NA,NA,1   NA   NA   NA,SAMP   NA   NA   NA
SHR_2018-08-23 08:55:00,8/23/2018 8:55,SHR,2018,A,FALSE,CLR,NA,1,20.3,1.91,133,146,7.47,8.62,5.5,10,Low,594939,603000,8061,8061,53.03424262,53.03424262,1,lots of leaves/debris in sample,NA,Aquatic Non-Insects,15,Family,Hyalellidae,Hyalellidae,Pupae,0,0,0,NA,NA,1,SAMP,NA,NA,NA,NA,NA,NA,1   NA   NA   NA,SAMP   NA   NA   NA
SHR_2018-08-23 08:55:00,8/23/2018 8:55,SHR,2018,A,FALSE,CLR,NA,1,20.3,1.91,133,146,7.47,8.62,5.5,10,Low,594939,603000,8061,8061,53.03424262,53.03424262,1,lots of leaves/debris in sample,NA,Aquatic Non-Insects,15,Family,Hyalellidae,Hyalellidae,Nymphs,0,0,0,NA,NA,1,SAMP,NA,NA,NA,NA,NA,NA,1   NA   NA   NA,SAMP   NA   NA   NA
SHR_2018-08-23 08:55:00,8/23/2018 8:55,SHR,2018,A,FALSE,CLR,NA,1,20.3,1.91,133,146,7.47,8.62,5.5,10,Low,594939,603000,8061,8061,53.03424262,53.03424262,1,lots of leaves/debris in sample,NA,Aquatic Non-Insects,15,Family,Hyalellidae,Hyalellidae,Emergents,0,0,0,NA,NA,1,SAMP,NA,NA,NA,NA,NA,NA,1   NA   NA   NA,SAMP   NA   NA   NA
SHR_2018-08-23 08:55:00,8/23/2018 8:55,SHR,2018,A,FALSE,CLR,NA,1,20.3,1.91,133,146,7.47,8.62,5.5,10,Low,594939,603000,8061,8061,53.03424262,53.03424262,1,lots of leaves/debris in sample,NA,Aquatic Non-Insects,15,Family,Hyalellidae,Hyalellidae,Adults,0,0,0,NA,NA,1,SAMP,NA,NA,NA,NA,NA,NA,1   NA   NA   NA,SAMP   NA   NA   NA
SHR_2018-08-23 08:55:00,8/23/2018 8:55,SHR,2018,A,FALSE,CLR,NA,1,20.3,1.91,133,146,7.47,8.62,5.5,10,Low,594939,603000,8061,8061,53.03424262,53.03424262,1,lots of leaves/debris in sample,NA,Aquatic Non-Insects,15,Family,Hyalellidae,Hyalellidae,NotDetermined,57,1.075,1.075,NA,NA,1,SAMP,NA,NA,NA,NA,NA,NA,1   NA   NA   NA,SAMP   NA   NA   NA
SHR_2018-08-23 08:55:00,8/23/2018 8:55,SHR,2018,A,FALSE,CLR,NA,1,20.3,1.91,133,146,7.47,8.62,5.5,10,Low,594939,603000,8061,8061,53.03424262,53.03424262,1,lots of leaves/debris in sample,NA,Aquatic Non-Insects,19,Family,Corbiculidae,Corbiculidae,Larvae,0,0,0,NA,NA,1,SAMP,NA,NA,NA,NA,NA,NA,1   NA   NA   NA,SAMP   NA   NA   NA
SHR_2018-08-23 08:55:00,8/23/2018 8:55,SHR,2018,A,FALSE,CLR,NA,1,20.3,1.91,133,146,7.47,8.62,5.5,10,Low,594939,603000,8061,8061,53.03424262,53.03424262,1,lots of leaves/debris in sample,NA,Aquatic Non-Insects,19,Family,Corbiculidae,Corbiculidae,Pupae,0,0,0,NA,NA,1,SAMP,NA,NA,NA,NA,NA,NA,1   NA   NA   NA,SAMP   NA   NA   NA
SHR_2018-08-23 08:55:00,8/23/2018 8:55,SHR,2018,A,FALSE,CLR,NA,1,20.3,1.91,133,146,7.47,8.62,5.5,10,Low,594939,603000,8061,8061,53.03424262,53.03424262,1,lots of leaves/debris in sample,NA,Aquatic Non-Insects,19,Family,Corbiculidae,Corbiculidae,Nymphs,0,0,0,NA,NA,1,SAMP,NA,NA,NA,NA,NA,NA,1   NA   NA   NA,SAMP   NA   NA   NA
SHR_2018-08-23 08:55:00,8/23/2018 8:55,SHR,2018,A,FALSE,CLR,NA,1,20.3,1.91,133,146,7.47,8.62,5.5,10,Low,594939,603000,8061,8061,53.03424262,53.03424262,1,lots of leaves/debris in sample,NA,Aquatic Non-Insects,19,Family,Corbiculidae,Corbiculidae,Emergents,0,0,0,NA,NA,1,SAMP,NA,NA,NA,NA,NA,NA,1   NA   NA   NA,SAMP   NA   NA   NA
SHR_2018-08-23 08:55:00,8/23/2018 8:55,SHR,2018,A,FALSE,CLR,NA,1,20.3,1.91,133,146,7.47,8.62,5.5,10,Low,594939,603000,8061,8061,53.03424262,53.03424262,1,lots of leaves/debris in sample,NA,Aquatic Non-Insects,19,Family,Corbiculidae,Corbiculidae,Adults,0,0,0,NA,NA,1,SAMP,NA,NA,NA,NA,NA,NA,1   NA   NA   NA,SAMP   NA   NA   NA
SHR_2018-08-23 08:55:00,8/23/2018 8:55,SHR,2018,A,FALSE,CLR,NA,1,20.3,1.91,133,146,7.47,8.62,5.5,10,Low,594939,603000,8061,8061,53.03424262,53.03424262,1,lots of leaves/debris in sample,NA,Aquatic Non-Insects,19,Family,Corbiculidae,Corbiculidae,NotDetermined,2,0.038,0.038,NA,NA,1,SAMP,NA,NA,NA,NA,NA,NA,1   NA   NA   NA,SAMP   NA   NA   NA
SHR_2018-08-23 08:55:00,8/23/2018 8:55,SHR,2018,A,FALSE,CLR,NA,1,20.3,1.91,133,146,7.47,8.62,5.5,10,Low,594939,603000,8061,8061,53.03424262,53.03424262,1,lots of leaves/debris in sample,NA,Aquatic Non-Insects,20,Family,Physidae,Physidae,Larvae,0,0,0,NA,NA,1,SAMP,NA,NA,NA,NA,NA,NA,1   NA   NA   NA,SAMP   NA   NA   NA
SHR_2018-08-23 08:55:00,8/23/2018 8:55,SHR,2018,A,FALSE,CLR,NA,1,20.3,1.91,133,146,7.47,8.62,5.5,10,Low,594939,603000,8061,8061,53.03424262,53.03424262,1,lots of leaves/debris in sample,NA,Aquatic Non-Insects,20,Family,Physidae,Physidae,Pupae,0,0,0,NA,NA,1,SAMP,NA,NA,NA,NA,NA,NA,1   NA   NA   NA,SAMP   NA   NA   NA
SHR_2018-08-23 08:55:00,8/23/2018 8:55,SHR,2018,A,FALSE,CLR,NA,1,20.3,1.91,133,146,7.47,8.62,5.5,10,Low,594939,603000,8061,8061,53.03424262,53.03424262,1,lots of leaves/debris in sample,NA,Aquatic Non-Insects,20,Family,Physidae,Physidae,Nymphs,0,0,0,NA,NA,1,SAMP,NA,NA,NA,NA,NA,NA,1   NA   NA   NA,SAMP   NA   NA   NA
SHR_2018-08-23 08:55:00,8/23/2018 8:55,SHR,2018,A,FALSE,CLR,NA,1,20.3,1.91,133,146,7.47,8.62,5.5,10,Low,594939,603000,8061,8061,53.03424262,53.03424262,1,lots of leaves/debris in sample,NA,Aquatic Non-Insects,20,Family,Physidae,Physidae,Emergents,0,0,0,NA,NA,1,SAMP,NA,NA,NA,NA,NA,NA,1   NA   NA   NA,SAMP   NA   NA   NA
SHR_2018-08-23 08:55:00,8/23/2018 8:55,SHR,2018,A,FALSE,CLR,NA,1,20.3,1.91,133,146,7.47,8.62,5.5,10,Low,594939,603000,8061,8061,53.03424262,53.03424262,1,lots of leaves/debris in sample,NA,Aquatic Non-Insects,20,Family,Physidae,Physidae,Adults,0,0,0,NA,NA,1,SAMP,NA,NA,NA,NA,NA,NA,1   NA   NA   NA,SAMP   NA   NA   NA
SHR_2018-08-23 08:55:00,8/23/2018 8:55,SHR,2018,A,FALSE,CLR,NA,1,20.3,1.91,133,146,7.47,8.62,5.5,10,Low,594939,603000,8061,8061,53.03424262,53.03424262,1,lots of leaves/debris in sample,NA,Aquatic Non-Insects,20,Family,Physidae,Physidae,NotDetermined,2,0.038,0.038,NA,NA,1,SAMP,NA,NA,NA,NA,NA,NA,1   NA   NA   NA,SAMP   NA   NA   NA
SHR_2018-08-23 08:55:00,8/23/2018 8:55,SHR,2018,A,FALSE,CLR,NA,1,20.3,1.91,133,146,7.47,8.62,5.5,10,Low,594939,603000,8061,8061,53.03424262,53.03424262,1,lots of leaves/debris in sample,NA,Aquatic Non-Insects,21,Family,Planorbidae,Planorbidae,Larvae,0,0,0,NA,NA,1,SAMP,NA,NA,NA,NA,NA,NA,1   NA   NA   NA,SAMP   NA   NA   NA
SHR_2018-08-23 08:55:00,8/23/2018 8:55,SHR,2018,A,FALSE,CLR,NA,1,20.3,1.91,133,146,7.47,8.62,5.5,10,Low,594939,603000,8061,8061,53.03424262,53.03424262,1,lots of leaves/debris in sample,NA,Aquatic Non-Insects,21,Family,Planorbidae,Planorbidae,Pupae,0,0,0,NA,NA,1,SAMP,NA,NA,NA,NA,NA,NA,1   NA   NA   NA,SAMP   NA   NA   NA
SHR_2018-08-23 08:55:00,8/23/2018 8:55,SHR,2018,A,FALSE,CLR,NA,1,20.3,1.91,133,146,7.47,8.62,5.5,10,Low,594939,603000,8061,8061,53.03424262,53.03424262,1,lots of leaves/debris in sample,NA,Aquatic Non-Insects,21,Family,Planorbidae,Planorbidae,Nymphs,0,0,0,NA,NA,1,SAMP,NA,NA,NA,NA,NA,NA,1   NA   NA   NA,SAMP   NA   NA   NA
SHR_2018-08-23 08:55:00,8/23/2018 8:55,SHR,2018,A,FALSE,CLR,NA,1,20.3,1.91,133,146,7.47,8.62,5.5,10,Low,594939,603000,8061,8061,53.03424262,53.03424262,1,lots of leaves/debris in sample,NA,Aquatic Non-Insects,21,Family,Planorbidae,Planorbidae,Emergents,0,0,0,NA,NA,1,SAMP,NA,NA,NA,NA,NA,NA,1   NA   NA   NA,SAMP   NA   NA   NA
SHR_2018-08-23 08:55:00,8/23/2018 8:55,SHR,2018,A,FALSE,CLR,NA,1,20.3,1.91,133,146,7.47,8.62,5.5,10,Low,594939,603000,8061,8061,53.03424262,53.03424262,1,lots of leaves/debris in sample,NA,Aquatic Non-Insects,21,Family,Planorbidae,Planorbidae,Adults,0,0,0,NA,NA,1,SAMP,NA,NA,NA,NA,NA,NA,1   NA   NA   NA,SAMP   NA   NA   NA
SHR_2018-08-23 08:55:00,8/23/2018 8:55,SHR,2018,A,FALSE,CLR,NA,1,20.3,1.91,133,146,7.47,8.62,5.5,10,Low,594939,603000,8061,8061,53.03424262,53.03424262,1,lots of leaves/debris in sample,NA,Aquatic Non-Insects,21,Family,Planorbidae,Planorbidae,NotDetermined,1,0.019,0.019,NA,NA,1,SAMP,NA,NA,NA,NA,NA,NA,1   NA   NA   NA,SAMP   NA   NA   NA
SHR_2018-08-23 08:55:00,8/23/2018 8:55,SHR,2018,A,FALSE,CLR,NA,1,20.3,1.91,133,146,7.47,8.62,5.5,10,Low,594939,603000,8061,8061,53.03424262,53.03424262,1,lots of leaves/debris in sample,NA,Terrestrial Non-Insects,157,Order,Araneae,Araneae,Larvae,0,0,0,NA,NA,1,SAMP,NA,NA,NA,NA,NA,NA,1   NA   NA   NA,SAMP   NA   NA   NA
SHR_2018-08-23 08:55:00,8/23/2018 8:55,SHR,2018,A,FALSE,CLR,NA,1,20.3,1.91,133,146,7.47,8.62,5.5,10,Low,594939,603000,8061,8061,53.03424262,53.03424262,1,lots of leaves/debris in sample,NA,Terrestrial Non-Insects,157,Order,Araneae,Araneae,Pupae,0,0,0,NA,NA,1,SAMP,NA,NA,NA,NA,NA,NA,1   NA   NA   NA,SAMP   NA   NA   NA
SHR_2018-08-23 08:55:00,8/23/2018 8:55,SHR,2018,A,FALSE,CLR,NA,1,20.3,1.91,133,146,7.47,8.62,5.5,10,Low,594939,603000,8061,8061,53.03424262,53.03424262,1,lots of leaves/debris in sample,NA,Terrestrial Non-Insects,157,Order,Araneae,Araneae,Nymphs,0,0,0,NA,NA,1,SAMP,NA,NA,NA,NA,NA,NA,1   NA   NA   NA,SAMP   NA   NA   NA
SHR_2018-08-23 08:55:00,8/23/2018 8:55,SHR,2018,A,FALSE,CLR,NA,1,20.3,1.91,133,146,7.47,8.62,5.5,10,Low,594939,603000,8061,8061,53.03424262,53.03424262,1,lots of leaves/debris in sample,NA,Terrestrial Non-Insects,157,Order,Araneae,Araneae,Emergents,0,0,0,NA,NA,1,SAMP,NA,NA,NA,NA,NA,NA,1   NA   NA   NA,SAMP   NA   NA   NA
SHR_2018-08-23 08:55:00,8/23/2018 8:55,SHR,2018,A,FALSE,CLR,NA,1,20.3,1.91,133,146,7.47,8.62,5.5,10,Low,594939,603000,8061,8061,53.03424262,53.03424262,1,lots of leaves/debris in sample,NA,Terrestrial Non-Insects,157,Order,Araneae,Araneae,Adults,0,0,0,NA,NA,1,SAMP,NA,NA,NA,NA,NA,NA,1   NA   NA   NA,SAMP   NA   NA   NA
SHR_2018-08-23 08:55:00,8/23/2018 8:55,SHR,2018,A,FALSE,CLR,NA,1,20.3,1.91,133,146,7.47,8.62,5.5,10,Low,594939,603000,8061,8061,53.03424262,53.03424262,1,lots of leaves/debris in sample,NA,Terrestrial Non-Insects,157,Order,Araneae,Araneae,NotDetermined,1,0.019,0.019,NA,NA,1,SAMP,NA,NA,NA,NA,NA,NA,1   NA   NA   NA,SAMP   NA   NA   NA
SHR_2018-08-23 08:55:00,8/23/2018 8:55,SHR,2018,A,FALSE,CLR,NA,1,20.3,1.91,133,146,7.47,8.62,5.5,10,Low,594939,603000,8061,8061,53.03424262,53.03424262,1,lots of leaves/debris in sample,NA,Terrestrial Insects,63,Order,Coleoptera,Coleoptera,Larvae,1,0.019,0.019,NA,NA,1,SAMP,NA,NA,NA,NA,NA,NA,1   NA   NA   NA,SAMP   NA   NA   NA
SHR_2018-08-23 08:55:00,8/23/2018 8:55,SHR,2018,A,FALSE,CLR,NA,1,20.3,1.91,133,146,7.47,8.62,5.5,10,Low,594939,603000,8061,8061,53.03424262,53.03424262,1,lots of leaves/debris in sample,NA,Terrestrial Insects,63,Order,Coleoptera,Coleoptera,Pupae,0,0,0,NA,NA,1,SAMP,NA,NA,NA,NA,NA,NA,1   NA   NA   NA,SAMP   NA   NA   NA
SHR_2018-08-23 08:55:00,8/23/2018 8:55,SHR,2018,A,FALSE,CLR,NA,1,20.3,1.91,133,146,7.47,8.62,5.5,10,Low,594939,603000,8061,8061,53.03424262,53.03424262,1,lots of leaves/debris in sample,NA,Terrestrial Insects,63,Order,Coleoptera,Coleoptera,Nymphs,0,0,0,NA,NA,1,SAMP,NA,NA,NA,NA,NA,NA,1   NA   NA   NA,SAMP   NA   NA   NA
SHR_2018-08-23 08:55:00,8/23/2018 8:55,SHR,2018,A,FALSE,CLR,NA,1,20.3,1.91,133,146,7.47,8.62,5.5,10,Low,594939,603000,8061,8061,53.03424262,53.03424262,1,lots of leaves/debris in sample,NA,Terrestrial Insects,63,Order,Coleoptera,Coleoptera,Emergents,0,0,0,NA,NA,1,SAMP,NA,NA,NA,NA,NA,NA,1   NA   NA   NA,SAMP   NA   NA   NA
SHR_2018-08-23 08:55:00,8/23/2018 8:55,SHR,2018,A,FALSE,CLR,NA,1,20.3,1.91,133,146,7.47,8.62,5.5,10,Low,594939,603000,8061,8061,53.03424262,53.03424262,1,lots of leaves/debris in sample,NA,Terrestrial Insects,63,Order,Coleoptera,Coleoptera,Adults,5,0.094,0.094,NA,NA,1,SAMP,NA,NA,NA,NA,NA,NA,1   NA   NA   NA,SAMP   NA   NA   NA
SHR_2018-08-23 08:55:00,8/23/2018 8:55,SHR,2018,A,FALSE,CLR,NA,1,20.3,1.91,133,146,7.47,8.62,5.5,10,Low,594939,603000,8061,8061,53.03424262,53.03424262,1,lots of leaves/debris in sample,NA,Terrestrial Insects,63,Order,Coleoptera,Coleoptera,NotDetermined,0,0,0,NA,NA,1,SAMP,NA,NA,NA,NA,NA,NA,1   NA   NA   NA,SAMP   NA   NA   NA
SHR_2018-08-23 08:55:00,8/23/2018 8:55,SHR,2018,A,FALSE,CLR,NA,1,20.3,1.91,133,146,7.47,8.62,5.5,10,Low,594939,603000,8061,8061,53.03424262,53.03424262,1,lots of leaves/debris in sample,NA,Terrestrial Insects,71,Order,Hemiptera,Hemiptera,Larvae,4,0.075,0.075,NA,NA,1,SAMP,NA,NA,NA,NA,NA,NA,1   NA   NA   NA,SAMP   NA   NA   NA
SHR_2018-08-23 08:55:00,8/23/2018 8:55,SHR,2018,A,FALSE,CLR,NA,1,20.3,1.91,133,146,7.47,8.62,5.5,10,Low,594939,603000,8061,8061,53.03424262,53.03424262,1,lots of leaves/debris in sample,NA,Terrestrial Insects,71,Order,Hemiptera,Hemiptera,Pupae,0,0,0,NA,NA,1,SAMP,NA,NA,NA,NA,NA,NA,1   NA   NA   NA,SAMP   NA   NA   NA
SHR_2018-08-23 08:55:00,8/23/2018 8:55,SHR,2018,A,FALSE,CLR,NA,1,20.3,1.91,133,146,7.47,8.62,5.5,10,Low,594939,603000,8061,8061,53.03424262,53.03424262,1,lots of leaves/debris in sample,NA,Terrestrial Insects,71,Order,Hemiptera,Hemiptera,Nymphs,0,0,0,NA,NA,1,SAMP,NA,NA,NA,NA,NA,NA,1   NA   NA   NA,SAMP   NA   NA   NA
SHR_2018-08-23 08:55:00,8/23/2018 8:55,SHR,2018,A,FALSE,CLR,NA,1,20.3,1.91,133,146,7.47,8.62,5.5,10,Low,594939,603000,8061,8061,53.03424262,53.03424262,1,lots of leaves/debris in sample,NA,Terrestrial Insects,71,Order,Hemiptera,Hemiptera,Emergents,0,0,0,NA,NA,1,SAMP,NA,NA,NA,NA,NA,NA,1   NA   NA   NA,SAMP   NA   NA   NA
SHR_2018-08-23 08:55:00,8/23/2018 8:55,SHR,2018,A,FALSE,CLR,NA,1,20.3,1.91,133,146,7.47,8.62,5.5,10,Low,594939,603000,8061,8061,53.03424262,53.03424262,1,lots of leaves/debris in sample,NA,Terrestrial Insects,71,Order,Hemiptera,Hemiptera,Adults,17,0.321,0.321,NA,NA,1,SAMP,NA,NA,NA,NA,NA,NA,1   NA   NA   NA,SAMP   NA   NA   NA
SHR_2018-08-23 08:55:00,8/23/2018 8:55,SHR,2018,A,FALSE,CLR,NA,1,20.3,1.91,133,146,7.47,8.62,5.5,10,Low,594939,603000,8061,8061,53.03424262,53.03424262,1,lots of leaves/debris in sample,NA,Terrestrial Insects,71,Order,Hemiptera,Hemiptera,NotDetermined,0,0,0,NA,NA,1,SAMP,NA,NA,NA,NA,NA,NA,1   NA   NA   NA,SAMP   NA   NA   NA
SHR_2018-08-23 08:55:00,8/23/2018 8:55,SHR,2018,A,FALSE,CLR,NA,1,20.3,1.91,133,146,7.47,8.62,5.5,10,Low,594939,603000,8061,8061,53.03424262,53.03424262,1,lots of leaves/debris in sample,NA,Terrestrial Insects,66,Order,Hymenoptera,Hymenoptera,Larvae,3,0.057,0.057,NA,NA,1,SAMP,NA,NA,NA,NA,NA,NA,1   NA   NA   NA,SAMP   NA   NA   NA
SHR_2018-08-23 08:55:00,8/23/2018 8:55,SHR,2018,A,FALSE,CLR,NA,1,20.3,1.91,133,146,7.47,8.62,5.5,10,Low,594939,603000,8061,8061,53.03424262,53.03424262,1,lots of leaves/debris in sample,NA,Terrestrial Insects,66,Order,Hymenoptera,Hymenoptera,Pupae,0,0,0,NA,NA,1,SAMP,NA,NA,NA,NA,NA,NA,1   NA   NA   NA,SAMP   NA   NA   NA
SHR_2018-08-23 08:55:00,8/23/2018 8:55,SHR,2018,A,FALSE,CLR,NA,1,20.3,1.91,133,146,7.47,8.62,5.5,10,Low,594939,603000,8061,8061,53.03424262,53.03424262,1,lots of leaves/debris in sample,NA,Terrestrial Insects,66,Order,Hymenoptera,Hymenoptera,Nymphs,0,0,0,NA,NA,1,SAMP,NA,NA,NA,NA,NA,NA,1   NA   NA   NA,SAMP   NA   NA   NA
SHR_2018-08-23 08:55:00,8/23/2018 8:55,SHR,2018,A,FALSE,CLR,NA,1,20.3,1.91,133,146,7.47,8.62,5.5,10,Low,594939,603000,8061,8061,53.03424262,53.03424262,1,lots of leaves/debris in sample,NA,Terrestrial Insects,66,Order,Hymenoptera,Hymenoptera,Emergents,0,0,0,NA,NA,1,SAMP,NA,NA,NA,NA,NA,NA,1   NA   NA   NA,SAMP   NA   NA   NA
SHR_2018-08-23 08:55:00,8/23/2018 8:55,SHR,2018,A,FALSE,CLR,NA,1,20.3,1.91,133,146,7.47,8.62,5.5,10,Low,594939,603000,8061,8061,53.03424262,53.03424262,1,lots of leaves/debris in sample,NA,Terrestrial Insects,66,Order,Hymenoptera,Hymenoptera,Adults,0,0,0,NA,NA,1,SAMP,NA,NA,NA,NA,NA,NA,1   NA   NA   NA,SAMP   NA   NA   NA
SHR_2018-08-23 08:55:00,8/23/2018 8:55,SHR,2018,A,FALSE,CLR,NA,1,20.3,1.91,133,146,7.47,8.62,5.5,10,Low,594939,603000,8061,8061,53.03424262,53.03424262,1,lots of leaves/debris in sample,NA,Terrestrial Insects,66,Order,Hymenoptera,Hymenoptera,NotDetermined,0,0,0,NA,NA,1,SAMP,NA,NA,NA,NA,NA,NA,1   NA   NA   NA,SAMP   NA   NA   NA
SHR_2018-08-23 08:55:00,8/23/2018 8:55,SHR,2018,A,FALSE,CLR,NA,1,20.3,1.91,133,146,7.47,8.62,5.5,10,Low,594939,603000,8061,8061,53.03424262,53.03424262,1,lots of leaves/debris in sample,NA,Terrestrial Insects,73,Order,Lepidoptera,Lepidoptera,Larvae,0,0,0,NA,NA,1,SAMP,NA,NA,NA,NA,NA,NA,1   NA   NA   NA,SAMP   NA   NA   NA
SHR_2018-08-23 08:55:00,8/23/2018 8:55,SHR,2018,A,FALSE,CLR,NA,1,20.3,1.91,133,146,7.47,8.62,5.5,10,Low,594939,603000,8061,8061,53.03424262,53.03424262,1,lots of leaves/debris in sample,NA,Terrestrial Insects,73,Order,Lepidoptera,Lepidoptera,Pupae,0,0,0,NA,NA,1,SAMP,NA,NA,NA,NA,NA,NA,1   NA   NA   NA,SAMP   NA   NA   NA
SHR_2018-08-23 08:55:00,8/23/2018 8:55,SHR,2018,A,FALSE,CLR,NA,1,20.3,1.91,133,146,7.47,8.62,5.5,10,Low,594939,603000,8061,8061,53.03424262,53.03424262,1,lots of leaves/debris in sample,NA,Terrestrial Insects,73,Order,Lepidoptera,Lepidoptera,Nymphs,0,0,0,NA,NA,1,SAMP,NA,NA,NA,NA,NA,NA,1   NA   NA   NA,SAMP   NA   NA   NA
SHR_2018-08-23 08:55:00,8/23/2018 8:55,SHR,2018,A,FALSE,CLR,NA,1,20.3,1.91,133,146,7.47,8.62,5.5,10,Low,594939,603000,8061,8061,53.03424262,53.03424262,1,lots of leaves/debris in sample,NA,Terrestrial Insects,73,Order,Lepidoptera,Lepidoptera,Emergents,0,0,0,NA,NA,1,SAMP,NA,NA,NA,NA,NA,NA,1   NA   NA   NA,SAMP   NA   NA   NA
SHR_2018-08-23 08:55:00,8/23/2018 8:55,SHR,2018,A,FALSE,CLR,NA,1,20.3,1.91,133,146,7.47,8.62,5.5,10,Low,594939,603000,8061,8061,53.03424262,53.03424262,1,lots of leaves/debris in sample,NA,Terrestrial Insects,73,Order,Lepidoptera,Lepidoptera,Adults,1,0.019,0.019,NA,NA,1,SAMP,NA,NA,NA,NA,NA,NA,1   NA   NA   NA,SAMP   NA   NA   NA
SHR_2018-08-23 08:55:00,8/23/2018 8:55,SHR,2018,A,FALSE,CLR,NA,1,20.3,1.91,133,146,7.47,8.62,5.5,10,Low,594939,603000,8061,8061,53.03424262,53.03424262,1,lots of leaves/debris in sample,NA,Terrestrial Insects,73,Order,Lepidoptera,Lepidoptera,NotDetermined,0,0,0,NA,NA,1,SAMP,NA,NA,NA,NA,NA,NA,1   NA   NA   NA,SAMP   NA   NA   NA
SHR_2018-08-23 08:55:00,8/23/2018 8:55,SHR,2018,A,FALSE,CLR,NA,1,20.3,1.91,133,146,7.47,8.62,5.5,10,Low,594939,603000,8061,8061,53.03424262,53.03424262,1,lots of leaves/debris in sample,NA,Terrestrial Insects,85,Order,Thysanoptera,Thysanoptera,Larvae,0,0,0,NA,NA,1,SAMP,NA,NA,NA,NA,NA,NA,1   NA   NA   NA,SAMP   NA   NA   NA
SHR_2018-08-23 08:55:00,8/23/2018 8:55,SHR,2018,A,FALSE,CLR,NA,1,20.3,1.91,133,146,7.47,8.62,5.5,10,Low,594939,603000,8061,8061,53.03424262,53.03424262,1,lots of leaves/debris in sample,NA,Terrestrial Insects,85,Order,Thysanoptera,Thysanoptera,Pupae,0,0,0,NA,NA,1,SAMP,NA,NA,NA,NA,NA,NA,1   NA   NA   NA,SAMP   NA   NA   NA
SHR_2018-08-23 08:55:00,8/23/2018 8:55,SHR,2018,A,FALSE,CLR,NA,1,20.3,1.91,133,146,7.47,8.62,5.5,10,Low,594939,603000,8061,8061,53.03424262,53.03424262,1,lots of leaves/debris in sample,NA,Terrestrial Insects,85,Order,Thysanoptera,Thysanoptera,Nymphs,0,0,0,NA,NA,1,SAMP,NA,NA,NA,NA,NA,NA,1   NA   NA   NA,SAMP   NA   NA   NA
SHR_2018-08-23 08:55:00,8/23/2018 8:55,SHR,2018,A,FALSE,CLR,NA,1,20.3,1.91,133,146,7.47,8.62,5.5,10,Low,594939,603000,8061,8061,53.03424262,53.03424262,1,lots of leaves/debris in sample,NA,Terrestrial Insects,85,Order,Thysanoptera,Thysanoptera,Emergents,0,0,0,NA,NA,1,SAMP,NA,NA,NA,NA,NA,NA,1   NA   NA   NA,SAMP   NA   NA   NA
SHR_2018-08-23 08:55:00,8/23/2018 8:55,SHR,2018,A,FALSE,CLR,NA,1,20.3,1.91,133,146,7.47,8.62,5.5,10,Low,594939,603000,8061,8061,53.03424262,53.03424262,1,lots of leaves/debris in sample,NA,Terrestrial Insects,85,Order,Thysanoptera,Thysanoptera,Adults,7,0.132,0.132,NA,NA,1,SAMP,NA,NA,NA,NA,NA,NA,1   NA   NA   NA,SAMP   NA   NA   NA
SHR_2018-08-23 08:55:00,8/23/2018 8:55,SHR,2018,A,FALSE,CLR,NA,1,20.3,1.91,133,146,7.47,8.62,5.5,10,Low,594939,603000,8061,8061,53.03424262,53.03424262,1,lots of leaves/debris in sample,NA,Terrestrial Insects,85,Order,Thysanoptera,Thysanoptera,NotDetermined,0,0,0,NA,NA,1,SAMP,NA,NA,NA,NA,NA,NA,1   NA   NA   NA,SAMP   NA   NA   NA
SHR_2018-09-06 09:26:00,9/6/2018 9:26,SHR,2018,A,FALSE,CLR,Ebb,1,19.9,1.3,140,155,7.59,8.54,5.7,10,Low,581223,588100,6877,6877,45.24457096,45.24457096,1,NA,NA,Aquatic Insects,34,Family,Chironomidae,Chironomidae,Larvae,1,0.022,0.022,NA,NA,NA,NA,NA,NA,NA,NA,NA,NA,NA   NA   NA   NA,NA   NA   NA   NA
SHR_2018-09-06 09:26:00,9/6/2018 9:26,SHR,2018,A,FALSE,CLR,Ebb,1,19.9,1.3,140,155,7.59,8.54,5.7,10,Low,581223,588100,6877,6877,45.24457096,45.24457096,1,NA,NA,Aquatic Insects,34,Family,Chironomidae,Chironomidae,Pupae,0,0,0,NA,NA,NA,NA,NA,NA,NA,NA,NA,NA,NA   NA   NA   NA,NA   NA   NA   NA
SHR_2018-09-06 09:26:00,9/6/2018 9:26,SHR,2018,A,FALSE,CLR,Ebb,1,19.9,1.3,140,155,7.59,8.54,5.7,10,Low,581223,588100,6877,6877,45.24457096,45.24457096,1,NA,NA,Aquatic Insects,34,Family,Chironomidae,Chironomidae,Nymphs,0,0,0,NA,NA,NA,NA,NA,NA,NA,NA,NA,NA,NA   NA   NA   NA,NA   NA   NA   NA
SHR_2018-09-06 09:26:00,9/6/2018 9:26,SHR,2018,A,FALSE,CLR,Ebb,1,19.9,1.3,140,155,7.59,8.54,5.7,10,Low,581223,588100,6877,6877,45.24457096,45.24457096,1,NA,NA,Aquatic Insects,34,Family,Chironomidae,Chironomidae,Emergents,0,0,0,NA,NA,NA,NA,NA,NA,NA,NA,NA,NA,NA   NA   NA   NA,NA   NA   NA   NA
SHR_2018-09-06 09:26:00,9/6/2018 9:26,SHR,2018,A,FALSE,CLR,Ebb,1,19.9,1.3,140,155,7.59,8.54,5.7,10,Low,581223,588100,6877,6877,45.24457096,45.24457096,1,NA,NA,Aquatic Insects,34,Family,Chironomidae,Chironomidae,Adults,2,0.044,0.044,NA,NA,NA,NA,NA,NA,NA,NA,NA,NA,NA   NA   NA   NA,NA   NA   NA   NA
SHR_2018-09-06 09:26:00,9/6/2018 9:26,SHR,2018,A,FALSE,CLR,Ebb,1,19.9,1.3,140,155,7.59,8.54,5.7,10,Low,581223,588100,6877,6877,45.24457096,45.24457096,1,NA,NA,Aquatic Insects,34,Family,Chironomidae,Chironomidae,NotDetermined,0,0,0,NA,NA,NA,NA,NA,NA,NA,NA,NA,NA,NA   NA   NA   NA,NA   NA   NA   NA
SHR_2018-09-06 09:26:00,9/6/2018 9:26,SHR,2018,A,FALSE,CLR,Ebb,1,19.9,1.3,140,155,7.59,8.54,5.7,10,Low,581223,588100,6877,6877,45.24457096,45.24457096,1,NA,NA,Aquatic Insects,56,Family,Leptoceridae,Leptoceridae,Larvae,1,0.022,0.022,NA,NA,NA,NA,NA,NA,NA,NA,NA,NA,NA   NA   NA   NA,NA   NA   NA   NA
SHR_2018-09-06 09:26:00,9/6/2018 9:26,SHR,2018,A,FALSE,CLR,Ebb,1,19.9,1.3,140,155,7.59,8.54,5.7,10,Low,581223,588100,6877,6877,45.24457096,45.24457096,1,NA,NA,Aquatic Insects,56,Family,Leptoceridae,Leptoceridae,Pupae,0,0,0,NA,NA,NA,NA,NA,NA,NA,NA,NA,NA,NA   NA   NA   NA,NA   NA   NA   NA
SHR_2018-09-06 09:26:00,9/6/2018 9:26,SHR,2018,A,FALSE,CLR,Ebb,1,19.9,1.3,140,155,7.59,8.54,5.7,10,Low,581223,588100,6877,6877,45.24457096,45.24457096,1,NA,NA,Aquatic Insects,56,Family,Leptoceridae,Leptoceridae,Nymphs,0,0,0,NA,NA,NA,NA,NA,NA,NA,NA,NA,NA,NA   NA   NA   NA,NA   NA   NA   NA
SHR_2018-09-06 09:26:00,9/6/2018 9:26,SHR,2018,A,FALSE,CLR,Ebb,1,19.9,1.3,140,155,7.59,8.54,5.7,10,Low,581223,588100,6877,6877,45.24457096,45.24457096,1,NA,NA,Aquatic Insects,56,Family,Leptoceridae,Leptoceridae,Emergents,0,0,0,NA,NA,NA,NA,NA,NA,NA,NA,NA,NA,NA   NA   NA   NA,NA   NA   NA   NA
SHR_2018-09-06 09:26:00,9/6/2018 9:26,SHR,2018,A,FALSE,CLR,Ebb,1,19.9,1.3,140,155,7.59,8.54,5.7,10,Low,581223,588100,6877,6877,45.24457096,45.24457096,1,NA,NA,Aquatic Insects,56,Family,Leptoceridae,Leptoceridae,Adults,0,0,0,NA,NA,NA,NA,NA,NA,NA,NA,NA,NA,NA   NA   NA   NA,NA   NA   NA   NA
SHR_2018-09-06 09:26:00,9/6/2018 9:26,SHR,2018,A,FALSE,CLR,Ebb,1,19.9,1.3,140,155,7.59,8.54,5.7,10,Low,581223,588100,6877,6877,45.24457096,45.24457096,1,NA,NA,Aquatic Insects,56,Family,Leptoceridae,Leptoceridae,NotDetermined,0,0,0,NA,NA,NA,NA,NA,NA,NA,NA,NA,NA,NA   NA   NA   NA,NA   NA   NA   NA
SHR_2018-09-06 09:26:00,9/6/2018 9:26,SHR,2018,A,FALSE,CLR,Ebb,1,19.9,1.3,140,155,7.59,8.54,5.7,10,Low,581223,588100,6877,6877,45.24457096,45.24457096,1,NA,NA,Aquatic Non-Insects,19,Family,Corbiculidae,Corbiculidae,Larvae,0,0,0,NA,NA,NA,NA,NA,NA,NA,NA,NA,NA,NA   NA   NA   NA,NA   NA   NA   NA
SHR_2018-09-06 09:26:00,9/6/2018 9:26,SHR,2018,A,FALSE,CLR,Ebb,1,19.9,1.3,140,155,7.59,8.54,5.7,10,Low,581223,588100,6877,6877,45.24457096,45.24457096,1,NA,NA,Aquatic Non-Insects,19,Family,Corbiculidae,Corbiculidae,Pupae,0,0,0,NA,NA,NA,NA,NA,NA,NA,NA,NA,NA,NA   NA   NA   NA,NA   NA   NA   NA
SHR_2018-09-06 09:26:00,9/6/2018 9:26,SHR,2018,A,FALSE,CLR,Ebb,1,19.9,1.3,140,155,7.59,8.54,5.7,10,Low,581223,588100,6877,6877,45.24457096,45.24457096,1,NA,NA,Aquatic Non-Insects,19,Family,Corbiculidae,Corbiculidae,Nymphs,0,0,0,NA,NA,NA,NA,NA,NA,NA,NA,NA,NA,NA   NA   NA   NA,NA   NA   NA   NA
SHR_2018-09-06 09:26:00,9/6/2018 9:26,SHR,2018,A,FALSE,CLR,Ebb,1,19.9,1.3,140,155,7.59,8.54,5.7,10,Low,581223,588100,6877,6877,45.24457096,45.24457096,1,NA,NA,Aquatic Non-Insects,19,Family,Corbiculidae,Corbiculidae,Emergents,0,0,0,NA,NA,NA,NA,NA,NA,NA,NA,NA,NA,NA   NA   NA   NA,NA   NA   NA   NA
SHR_2018-09-06 09:26:00,9/6/2018 9:26,SHR,2018,A,FALSE,CLR,Ebb,1,19.9,1.3,140,155,7.59,8.54,5.7,10,Low,581223,588100,6877,6877,45.24457096,45.24457096,1,NA,NA,Aquatic Non-Insects,19,Family,Corbiculidae,Corbiculidae,Adults,0,0,0,NA,NA,NA,NA,NA,NA,NA,NA,NA,NA,NA   NA   NA   NA,NA   NA   NA   NA
SHR_2018-09-06 09:26:00,9/6/2018 9:26,SHR,2018,A,FALSE,CLR,Ebb,1,19.9,1.3,140,155,7.59,8.54,5.7,10,Low,581223,588100,6877,6877,45.24457096,45.24457096,1,NA,NA,Aquatic Non-Insects,19,Family,Corbiculidae,Corbiculidae,NotDetermined,1,0.022,0.022,NA,NA,NA,NA,NA,NA,NA,NA,NA,NA,NA   NA   NA   NA,NA   NA   NA   NA
SHR_2018-09-06 09:26:00,9/6/2018 9:26,SHR,2018,A,FALSE,CLR,Ebb,1,19.9,1.3,140,155,7.59,8.54,5.7,10,Low,581223,588100,6877,6877,45.24457096,45.24457096,1,NA,NA,Terrestrial Insects,71,Order,Hemiptera,Hemiptera,Larvae,0,0,0,NA,NA,NA,NA,NA,NA,NA,NA,NA,NA,NA   NA   NA   NA,NA   NA   NA   NA
SHR_2018-09-06 09:26:00,9/6/2018 9:26,SHR,2018,A,FALSE,CLR,Ebb,1,19.9,1.3,140,155,7.59,8.54,5.7,10,Low,581223,588100,6877,6877,45.24457096,45.24457096,1,NA,NA,Terrestrial Insects,71,Order,Hemiptera,Hemiptera,Pupae,0,0,0,NA,NA,NA,NA,NA,NA,NA,NA,NA,NA,NA   NA   NA   NA,NA   NA   NA   NA
SHR_2018-09-06 09:26:00,9/6/2018 9:26,SHR,2018,A,FALSE,CLR,Ebb,1,19.9,1.3,140,155,7.59,8.54,5.7,10,Low,581223,588100,6877,6877,45.24457096,45.24457096,1,NA,NA,Terrestrial Insects,71,Order,Hemiptera,Hemiptera,Nymphs,0,0,0,NA,NA,NA,NA,NA,NA,NA,NA,NA,NA,NA   NA   NA   NA,NA   NA   NA   NA
SHR_2018-09-06 09:26:00,9/6/2018 9:26,SHR,2018,A,FALSE,CLR,Ebb,1,19.9,1.3,140,155,7.59,8.54,5.7,10,Low,581223,588100,6877,6877,45.24457096,45.24457096,1,NA,NA,Terrestrial Insects,71,Order,Hemiptera,Hemiptera,Emergents,0,0,0,NA,NA,NA,NA,NA,NA,NA,NA,NA,NA,NA   NA   NA   NA,NA   NA   NA   NA
SHR_2018-09-06 09:26:00,9/6/2018 9:26,SHR,2018,A,FALSE,CLR,Ebb,1,19.9,1.3,140,155,7.59,8.54,5.7,10,Low,581223,588100,6877,6877,45.24457096,45.24457096,1,NA,NA,Terrestrial Insects,71,Order,Hemiptera,Hemiptera,Adults,1,0.022,0.022,NA,NA,NA,NA,NA,NA,NA,NA,NA,NA,NA   NA   NA   NA,NA   NA   NA   NA
SHR_2018-09-06 09:26:00,9/6/2018 9:26,SHR,2018,A,FALSE,CLR,Ebb,1,19.9,1.3,140,155,7.59,8.54,5.7,10,Low,581223,588100,6877,6877,45.24457096,45.24457096,1,NA,NA,Terrestrial Insects,71,Order,Hemiptera,Hemiptera,NotDetermined,0,0,0,NA,NA,NA,NA,NA,NA,NA,NA,NA,NA,NA   NA   NA   NA,NA   NA   NA   NA
STTD_2018-09-19 13:31:00,9/19/2018 13:31,STTD,2018,A,FALSE,CLR,Flood,1,20.5,0.4,595,652,7.89,6.77,22.1,10,Low,573926,581200,7274,7274,47.85647945,47.85647945,1,NA,NA,Aquatic Insects,51,Family,Gyrinidae,Gyrinidae,Larvae,1,0.021,0.021,NA,NA,NA,NA,NA,NA,NA,NA,NA,NA,NA   NA   NA   NA,NA   NA   NA   NA
STTD_2018-09-19 13:31:00,9/19/2018 13:31,STTD,2018,A,FALSE,CLR,Flood,1,20.5,0.4,595,652,7.89,6.77,22.1,10,Low,573926,581200,7274,7274,47.85647945,47.85647945,1,NA,NA,Aquatic Insects,51,Family,Gyrinidae,Gyrinidae,Pupae,0,0,0,NA,NA,NA,NA,NA,NA,NA,NA,NA,NA,NA   NA   NA   NA,NA   NA   NA   NA
STTD_2018-09-19 13:31:00,9/19/2018 13:31,STTD,2018,A,FALSE,CLR,Flood,1,20.5,0.4,595,652,7.89,6.77,22.1,10,Low,573926,581200,7274,7274,47.85647945,47.85647945,1,NA,NA,Aquatic Insects,51,Family,Gyrinidae,Gyrinidae,Nymphs,0,0,0,NA,NA,NA,NA,NA,NA,NA,NA,NA,NA,NA   NA   NA   NA,NA   NA   NA   NA
STTD_2018-09-19 13:31:00,9/19/2018 13:31,STTD,2018,A,FALSE,CLR,Flood,1,20.5,0.4,595,652,7.89,6.77,22.1,10,Low,573926,581200,7274,7274,47.85647945,47.85647945,1,NA,NA,Aquatic Insects,51,Family,Gyrinidae,Gyrinidae,Emergents,0,0,0,NA,NA,NA,NA,NA,NA,NA,NA,NA,NA,NA   NA   NA   NA,NA   NA   NA   NA
STTD_2018-09-19 13:31:00,9/19/2018 13:31,STTD,2018,A,FALSE,CLR,Flood,1,20.5,0.4,595,652,7.89,6.77,22.1,10,Low,573926,581200,7274,7274,47.85647945,47.85647945,1,NA,NA,Aquatic Insects,51,Family,Gyrinidae,Gyrinidae,Adults,0,0,0,NA,NA,NA,NA,NA,NA,NA,NA,NA,NA,NA   NA   NA   NA,NA   NA   NA   NA
STTD_2018-09-19 13:31:00,9/19/2018 13:31,STTD,2018,A,FALSE,CLR,Flood,1,20.5,0.4,595,652,7.89,6.77,22.1,10,Low,573926,581200,7274,7274,47.85647945,47.85647945,1,NA,NA,Aquatic Insects,51,Family,Gyrinidae,Gyrinidae,NotDetermined,0,0,0,NA,NA,NA,NA,NA,NA,NA,NA,NA,NA,NA   NA   NA   NA,NA   NA   NA   NA
STTD_2018-09-19 13:31:00,9/19/2018 13:31,STTD,2018,A,FALSE,CLR,Flood,1,20.5,0.4,595,652,7.89,6.77,22.1,10,Low,573926,581200,7274,7274,47.85647945,47.85647945,1,NA,NA,Aquatic Insects,34,Family,Chironomidae,Chironomidae,Larvae,3,0.063,0.063,NA,NA,NA,NA,NA,NA,NA,NA,NA,NA,NA   NA   NA   NA,NA   NA   NA   NA
STTD_2018-09-19 13:31:00,9/19/2018 13:31,STTD,2018,A,FALSE,CLR,Flood,1,20.5,0.4,595,652,7.89,6.77,22.1,10,Low,573926,581200,7274,7274,47.85647945,47.85647945,1,NA,NA,Aquatic Insects,34,Family,Chironomidae,Chironomidae,Pupae,1,0.021,0.021,NA,NA,NA,NA,NA,NA,NA,NA,NA,NA,NA   NA   NA   NA,NA   NA   NA   NA
STTD_2018-09-19 13:31:00,9/19/2018 13:31,STTD,2018,A,FALSE,CLR,Flood,1,20.5,0.4,595,652,7.89,6.77,22.1,10,Low,573926,581200,7274,7274,47.85647945,47.85647945,1,NA,NA,Aquatic Insects,34,Family,Chironomidae,Chironomidae,Nymphs,0,0,0,NA,NA,NA,NA,NA,NA,NA,NA,NA,NA,NA   NA   NA   NA,NA   NA   NA   NA
STTD_2018-09-19 13:31:00,9/19/2018 13:31,STTD,2018,A,FALSE,CLR,Flood,1,20.5,0.4,595,652,7.89,6.77,22.1,10,Low,573926,581200,7274,7274,47.85647945,47.85647945,1,NA,NA,Aquatic Insects,34,Family,Chironomidae,Chironomidae,Emergents,0,0,0,NA,NA,NA,NA,NA,NA,NA,NA,NA,NA,NA   NA   NA   NA,NA   NA   NA   NA
STTD_2018-09-19 13:31:00,9/19/2018 13:31,STTD,2018,A,FALSE,CLR,Flood,1,20.5,0.4,595,652,7.89,6.77,22.1,10,Low,573926,581200,7274,7274,47.85647945,47.85647945,1,NA,NA,Aquatic Insects,34,Family,Chironomidae,Chironomidae,Adults,10,0.209,0.209,NA,NA,NA,NA,NA,NA,NA,NA,NA,NA,NA   NA   NA   NA,NA   NA   NA   NA
STTD_2018-09-19 13:31:00,9/19/2018 13:31,STTD,2018,A,FALSE,CLR,Flood,1,20.5,0.4,595,652,7.89,6.77,22.1,10,Low,573926,581200,7274,7274,47.85647945,47.85647945,1,NA,NA,Aquatic Insects,34,Family,Chironomidae,Chironomidae,NotDetermined,0,0,0,NA,NA,NA,NA,NA,NA,NA,NA,NA,NA,NA   NA   NA   NA,NA   NA   NA   NA
STTD_2018-09-19 13:31:00,9/19/2018 13:31,STTD,2018,A,FALSE,CLR,Flood,1,20.5,0.4,595,652,7.89,6.77,22.1,10,Low,573926,581200,7274,7274,47.85647945,47.85647945,1,NA,NA,Aquatic Insects,46,Family,Coenagrionidae,Coenagrionidae,Larvae,1,0.021,0.021,NA,NA,NA,NA,NA,NA,NA,NA,NA,NA,NA   NA   NA   NA,NA   NA   NA   NA
STTD_2018-09-19 13:31:00,9/19/2018 13:31,STTD,2018,A,FALSE,CLR,Flood,1,20.5,0.4,595,652,7.89,6.77,22.1,10,Low,573926,581200,7274,7274,47.85647945,47.85647945,1,NA,NA,Aquatic Insects,46,Family,Coenagrionidae,Coenagrionidae,Pupae,0,0,0,NA,NA,NA,NA,NA,NA,NA,NA,NA,NA,NA   NA   NA   NA,NA   NA   NA   NA
STTD_2018-09-19 13:31:00,9/19/2018 13:31,STTD,2018,A,FALSE,CLR,Flood,1,20.5,0.4,595,652,7.89,6.77,22.1,10,Low,573926,581200,7274,7274,47.85647945,47.85647945,1,NA,NA,Aquatic Insects,46,Family,Coenagrionidae,Coenagrionidae,Nymphs,0,0,0,NA,NA,NA,NA,NA,NA,NA,NA,NA,NA,NA   NA   NA   NA,NA   NA   NA   NA
STTD_2018-09-19 13:31:00,9/19/2018 13:31,STTD,2018,A,FALSE,CLR,Flood,1,20.5,0.4,595,652,7.89,6.77,22.1,10,Low,573926,581200,7274,7274,47.85647945,47.85647945,1,NA,NA,Aquatic Insects,46,Family,Coenagrionidae,Coenagrionidae,Emergents,0,0,0,NA,NA,NA,NA,NA,NA,NA,NA,NA,NA,NA   NA   NA   NA,NA   NA   NA   NA
STTD_2018-09-19 13:31:00,9/19/2018 13:31,STTD,2018,A,FALSE,CLR,Flood,1,20.5,0.4,595,652,7.89,6.77,22.1,10,Low,573926,581200,7274,7274,47.85647945,47.85647945,1,NA,NA,Aquatic Insects,46,Family,Coenagrionidae,Coenagrionidae,Adults,0,0,0,NA,NA,NA,NA,NA,NA,NA,NA,NA,NA,NA   NA   NA   NA,NA   NA   NA   NA
STTD_2018-09-19 13:31:00,9/19/2018 13:31,STTD,2018,A,FALSE,CLR,Flood,1,20.5,0.4,595,652,7.89,6.77,22.1,10,Low,573926,581200,7274,7274,47.85647945,47.85647945,1,NA,NA,Aquatic Insects,46,Family,Coenagrionidae,Coenagrionidae,NotDetermined,0,0,0,NA,NA,NA,NA,NA,NA,NA,NA,NA,NA,NA   NA   NA   NA,NA   NA   NA   NA
STTD_2018-09-19 13:31:00,9/19/2018 13:31,STTD,2018,A,FALSE,CLR,Flood,1,20.5,0.4,595,652,7.89,6.77,22.1,10,Low,573926,581200,7274,7274,47.85647945,47.85647945,1,NA,NA,Aquatic Non-Insects,9,Family,Corophiidae,Corophiidae,Larvae,0,0,0,NA,NA,NA,NA,NA,NA,NA,NA,NA,NA,NA   NA   NA   NA,NA   NA   NA   NA
STTD_2018-09-19 13:31:00,9/19/2018 13:31,STTD,2018,A,FALSE,CLR,Flood,1,20.5,0.4,595,652,7.89,6.77,22.1,10,Low,573926,581200,7274,7274,47.85647945,47.85647945,1,NA,NA,Aquatic Non-Insects,9,Family,Corophiidae,Corophiidae,Pupae,0,0,0,NA,NA,NA,NA,NA,NA,NA,NA,NA,NA,NA   NA   NA   NA,NA   NA   NA   NA
STTD_2018-09-19 13:31:00,9/19/2018 13:31,STTD,2018,A,FALSE,CLR,Flood,1,20.5,0.4,595,652,7.89,6.77,22.1,10,Low,573926,581200,7274,7274,47.85647945,47.85647945,1,NA,NA,Aquatic Non-Insects,9,Family,Corophiidae,Corophiidae,Nymphs,0,0,0,NA,NA,NA,NA,NA,NA,NA,NA,NA,NA,NA   NA   NA   NA,NA   NA   NA   NA
STTD_2018-09-19 13:31:00,9/19/2018 13:31,STTD,2018,A,FALSE,CLR,Flood,1,20.5,0.4,595,652,7.89,6.77,22.1,10,Low,573926,581200,7274,7274,47.85647945,47.85647945,1,NA,NA,Aquatic Non-Insects,9,Family,Corophiidae,Corophiidae,Emergents,0,0,0,NA,NA,NA,NA,NA,NA,NA,NA,NA,NA,NA   NA   NA   NA,NA   NA   NA   NA
STTD_2018-09-19 13:31:00,9/19/2018 13:31,STTD,2018,A,FALSE,CLR,Flood,1,20.5,0.4,595,652,7.89,6.77,22.1,10,Low,573926,581200,7274,7274,47.85647945,47.85647945,1,NA,NA,Aquatic Non-Insects,9,Family,Corophiidae,Corophiidae,Adults,0,0,0,NA,NA,NA,NA,NA,NA,NA,NA,NA,NA,NA   NA   NA   NA,NA   NA   NA   NA
STTD_2018-09-19 13:31:00,9/19/2018 13:31,STTD,2018,A,FALSE,CLR,Flood,1,20.5,0.4,595,652,7.89,6.77,22.1,10,Low,573926,581200,7274,7274,47.85647945,47.85647945,1,NA,NA,Aquatic Non-Insects,9,Family,Corophiidae,Corophiidae,NotDetermined,1,0.021,0.021,NA,NA,NA,NA,NA,NA,NA,NA,NA,NA,NA   NA   NA   NA,NA   NA   NA   NA
STTD_2018-09-19 13:31:00,9/19/2018 13:31,STTD,2018,A,FALSE,CLR,Flood,1,20.5,0.4,595,652,7.89,6.77,22.1,10,Low,573926,581200,7274,7274,47.85647945,47.85647945,1,NA,NA,Aquatic Non-Insects,15,Family,Hyalellidae,Hyalellidae,Larvae,0,0,0,NA,NA,NA,NA,NA,NA,NA,NA,NA,NA,NA   NA   NA   NA,NA   NA   NA   NA
STTD_2018-09-19 13:31:00,9/19/2018 13:31,STTD,2018,A,FALSE,CLR,Flood,1,20.5,0.4,595,652,7.89,6.77,22.1,10,Low,573926,581200,7274,7274,47.85647945,47.85647945,1,NA,NA,Aquatic Non-Insects,15,Family,Hyalellidae,Hyalellidae,Pupae,0,0,0,NA,NA,NA,NA,NA,NA,NA,NA,NA,NA,NA   NA   NA   NA,NA   NA   NA   NA
STTD_2018-09-19 13:31:00,9/19/2018 13:31,STTD,2018,A,FALSE,CLR,Flood,1,20.5,0.4,595,652,7.89,6.77,22.1,10,Low,573926,581200,7274,7274,47.85647945,47.85647945,1,NA,NA,Aquatic Non-Insects,15,Family,Hyalellidae,Hyalellidae,Nymphs,0,0,0,NA,NA,NA,NA,NA,NA,NA,NA,NA,NA,NA   NA   NA   NA,NA   NA   NA   NA
STTD_2018-09-19 13:31:00,9/19/2018 13:31,STTD,2018,A,FALSE,CLR,Flood,1,20.5,0.4,595,652,7.89,6.77,22.1,10,Low,573926,581200,7274,7274,47.85647945,47.85647945,1,NA,NA,Aquatic Non-Insects,15,Family,Hyalellidae,Hyalellidae,Emergents,0,0,0,NA,NA,NA,NA,NA,NA,NA,NA,NA,NA,NA   NA   NA   NA,NA   NA   NA   NA
STTD_2018-09-19 13:31:00,9/19/2018 13:31,STTD,2018,A,FALSE,CLR,Flood,1,20.5,0.4,595,652,7.89,6.77,22.1,10,Low,573926,581200,7274,7274,47.85647945,47.85647945,1,NA,NA,Aquatic Non-Insects,15,Family,Hyalellidae,Hyalellidae,Adults,0,0,0,NA,NA,NA,NA,NA,NA,NA,NA,NA,NA,NA   NA   NA   NA,NA   NA   NA   NA
STTD_2018-09-19 13:31:00,9/19/2018 13:31,STTD,2018,A,FALSE,CLR,Flood,1,20.5,0.4,595,652,7.89,6.77,22.1,10,Low,573926,581200,7274,7274,47.85647945,47.85647945,1,NA,NA,Aquatic Non-Insects,15,Family,Hyalellidae,Hyalellidae,NotDetermined,3,0.063,0.063,NA,NA,NA,NA,NA,NA,NA,NA,NA,NA,NA   NA   NA   NA,NA   NA   NA   NA
STTD_2018-09-19 13:31:00,9/19/2018 13:31,STTD,2018,A,FALSE,CLR,Flood,1,20.5,0.4,595,652,7.89,6.77,22.1,10,Low,573926,581200,7274,7274,47.85647945,47.85647945,1,NA,NA,Aquatic Non-Insects,104,Family,Palaemonidae,Palaemonidae,Larvae,0,0,0,NA,NA,NA,NA,NA,NA,NA,NA,NA,NA,NA   NA   NA   NA,NA   NA   NA   NA
STTD_2018-09-19 13:31:00,9/19/2018 13:31,STTD,2018,A,FALSE,CLR,Flood,1,20.5,0.4,595,652,7.89,6.77,22.1,10,Low,573926,581200,7274,7274,47.85647945,47.85647945,1,NA,NA,Aquatic Non-Insects,104,Family,Palaemonidae,Palaemonidae,Pupae,0,0,0,NA,NA,NA,NA,NA,NA,NA,NA,NA,NA,NA   NA   NA   NA,NA   NA   NA   NA
STTD_2018-09-19 13:31:00,9/19/2018 13:31,STTD,2018,A,FALSE,CLR,Flood,1,20.5,0.4,595,652,7.89,6.77,22.1,10,Low,573926,581200,7274,7274,47.85647945,47.85647945,1,NA,NA,Aquatic Non-Insects,104,Family,Palaemonidae,Palaemonidae,Nymphs,0,0,0,NA,NA,NA,NA,NA,NA,NA,NA,NA,NA,NA   NA   NA   NA,NA   NA   NA   NA
STTD_2018-09-19 13:31:00,9/19/2018 13:31,STTD,2018,A,FALSE,CLR,Flood,1,20.5,0.4,595,652,7.89,6.77,22.1,10,Low,573926,581200,7274,7274,47.85647945,47.85647945,1,NA,NA,Aquatic Non-Insects,104,Family,Palaemonidae,Palaemonidae,Emergents,0,0,0,NA,NA,NA,NA,NA,NA,NA,NA,NA,NA,NA   NA   NA   NA,NA   NA   NA   NA
STTD_2018-09-19 13:31:00,9/19/2018 13:31,STTD,2018,A,FALSE,CLR,Flood,1,20.5,0.4,595,652,7.89,6.77,22.1,10,Low,573926,581200,7274,7274,47.85647945,47.85647945,1,NA,NA,Aquatic Non-Insects,104,Family,Palaemonidae,Palaemonidae,Adults,0,0,0,NA,NA,NA,NA,NA,NA,NA,NA,NA,NA,NA   NA   NA   NA,NA   NA   NA   NA
STTD_2018-09-19 13:31:00,9/19/2018 13:31,STTD,2018,A,FALSE,CLR,Flood,1,20.5,0.4,595,652,7.89,6.77,22.1,10,Low,573926,581200,7274,7274,47.85647945,47.85647945,1,NA,NA,Aquatic Non-Insects,104,Family,Palaemonidae,Palaemonidae,NotDetermined,1,0.021,0.021,NA,NA,NA,NA,NA,NA,NA,NA,NA,NA,NA   NA   NA   NA,NA   NA   NA   NA
STTD_2018-09-19 13:31:00,9/19/2018 13:31,STTD,2018,A,FALSE,CLR,Flood,1,20.5,0.4,595,652,7.89,6.77,22.1,10,Low,573926,581200,7274,7274,47.85647945,47.85647945,1,NA,NA,Aquatic Non-Insects,18,Family,Hydridae,Hydridae,Larvae,0,0,0,NA,NA,NA,NA,NA,NA,NA,NA,NA,NA,NA   NA   NA   NA,NA   NA   NA   NA
STTD_2018-09-19 13:31:00,9/19/2018 13:31,STTD,2018,A,FALSE,CLR,Flood,1,20.5,0.4,595,652,7.89,6.77,22.1,10,Low,573926,581200,7274,7274,47.85647945,47.85647945,1,NA,NA,Aquatic Non-Insects,18,Family,Hydridae,Hydridae,Pupae,0,0,0,NA,NA,NA,NA,NA,NA,NA,NA,NA,NA,NA   NA   NA   NA,NA   NA   NA   NA
STTD_2018-09-19 13:31:00,9/19/2018 13:31,STTD,2018,A,FALSE,CLR,Flood,1,20.5,0.4,595,652,7.89,6.77,22.1,10,Low,573926,581200,7274,7274,47.85647945,47.85647945,1,NA,NA,Aquatic Non-Insects,18,Family,Hydridae,Hydridae,Nymphs,0,0,0,NA,NA,NA,NA,NA,NA,NA,NA,NA,NA,NA   NA   NA   NA,NA   NA   NA   NA
STTD_2018-09-19 13:31:00,9/19/2018 13:31,STTD,2018,A,FALSE,CLR,Flood,1,20.5,0.4,595,652,7.89,6.77,22.1,10,Low,573926,581200,7274,7274,47.85647945,47.85647945,1,NA,NA,Aquatic Non-Insects,18,Family,Hydridae,Hydridae,Emergents,0,0,0,NA,NA,NA,NA,NA,NA,NA,NA,NA,NA,NA   NA   NA   NA,NA   NA   NA   NA
STTD_2018-09-19 13:31:00,9/19/2018 13:31,STTD,2018,A,FALSE,CLR,Flood,1,20.5,0.4,595,652,7.89,6.77,22.1,10,Low,573926,581200,7274,7274,47.85647945,47.85647945,1,NA,NA,Aquatic Non-Insects,18,Family,Hydridae,Hydridae,Adults,0,0,0,NA,NA,NA,NA,NA,NA,NA,NA,NA,NA,NA   NA   NA   NA,NA   NA   NA   NA
STTD_2018-09-19 13:31:00,9/19/2018 13:31,STTD,2018,A,FALSE,CLR,Flood,1,20.5,0.4,595,652,7.89,6.77,22.1,10,Low,573926,581200,7274,7274,47.85647945,47.85647945,1,NA,NA,Aquatic Non-Insects,18,Family,Hydridae,Hydridae,NotDetermined,2,0.042,0.042,NA,NA,NA,NA,NA,NA,NA,NA,NA,NA,NA   NA   NA   NA,NA   NA   NA   NA
STTD_2018-09-19 13:31:00,9/19/2018 13:31,STTD,2018,A,FALSE,CLR,Flood,1,20.5,0.4,595,652,7.89,6.77,22.1,10,Low,573926,581200,7274,7274,47.85647945,47.85647945,1,NA,NA,Terrestrial Non-Insects,57,Subclass,Acari,Acari,Larvae,0,0,0,NA,NA,NA,NA,NA,NA,NA,NA,NA,NA,NA   NA   NA   NA,NA   NA   NA   NA
STTD_2018-09-19 13:31:00,9/19/2018 13:31,STTD,2018,A,FALSE,CLR,Flood,1,20.5,0.4,595,652,7.89,6.77,22.1,10,Low,573926,581200,7274,7274,47.85647945,47.85647945,1,NA,NA,Terrestrial Non-Insects,57,Subclass,Acari,Acari,Pupae,0,0,0,NA,NA,NA,NA,NA,NA,NA,NA,NA,NA,NA   NA   NA   NA,NA   NA   NA   NA
STTD_2018-09-19 13:31:00,9/19/2018 13:31,STTD,2018,A,FALSE,CLR,Flood,1,20.5,0.4,595,652,7.89,6.77,22.1,10,Low,573926,581200,7274,7274,47.85647945,47.85647945,1,NA,NA,Terrestrial Non-Insects,57,Subclass,Acari,Acari,Nymphs,0,0,0,NA,NA,NA,NA,NA,NA,NA,NA,NA,NA,NA   NA   NA   NA,NA   NA   NA   NA
STTD_2018-09-19 13:31:00,9/19/2018 13:31,STTD,2018,A,FALSE,CLR,Flood,1,20.5,0.4,595,652,7.89,6.77,22.1,10,Low,573926,581200,7274,7274,47.85647945,47.85647945,1,NA,NA,Terrestrial Non-Insects,57,Subclass,Acari,Acari,Emergents,0,0,0,NA,NA,NA,NA,NA,NA,NA,NA,NA,NA,NA   NA   NA   NA,NA   NA   NA   NA
STTD_2018-09-19 13:31:00,9/19/2018 13:31,STTD,2018,A,FALSE,CLR,Flood,1,20.5,0.4,595,652,7.89,6.77,22.1,10,Low,573926,581200,7274,7274,47.85647945,47.85647945,1,NA,NA,Terrestrial Non-Insects,57,Subclass,Acari,Acari,Adults,0,0,0,NA,NA,NA,NA,NA,NA,NA,NA,NA,NA,NA   NA   NA   NA,NA   NA   NA   NA
STTD_2018-09-19 13:31:00,9/19/2018 13:31,STTD,2018,A,FALSE,CLR,Flood,1,20.5,0.4,595,652,7.89,6.77,22.1,10,Low,573926,581200,7274,7274,47.85647945,47.85647945,1,NA,NA,Terrestrial Non-Insects,57,Subclass,Acari,Acari,NotDetermined,2,0.042,0.042,NA,NA,NA,NA,NA,NA,NA,NA,NA,NA,NA   NA   NA   NA,NA   NA   NA   NA
STTD_2018-09-19 13:31:00,9/19/2018 13:31,STTD,2018,A,FALSE,CLR,Flood,1,20.5,0.4,595,652,7.89,6.77,22.1,10,Low,573926,581200,7274,7274,47.85647945,47.85647945,1,NA,NA,Terrestrial Insects,63,Order,Coleoptera,Coleoptera,Larvae,1,0.021,0.021,NA,NA,NA,NA,NA,NA,NA,NA,NA,NA,NA   NA   NA   NA,NA   NA   NA   NA
STTD_2018-09-19 13:31:00,9/19/2018 13:31,STTD,2018,A,FALSE,CLR,Flood,1,20.5,0.4,595,652,7.89,6.77,22.1,10,Low,573926,581200,7274,7274,47.85647945,47.85647945,1,NA,NA,Terrestrial Insects,63,Order,Coleoptera,Coleoptera,Pupae,0,0,0,NA,NA,NA,NA,NA,NA,NA,NA,NA,NA,NA   NA   NA   NA,NA   NA   NA   NA
STTD_2018-09-19 13:31:00,9/19/2018 13:31,STTD,2018,A,FALSE,CLR,Flood,1,20.5,0.4,595,652,7.89,6.77,22.1,10,Low,573926,581200,7274,7274,47.85647945,47.85647945,1,NA,NA,Terrestrial Insects,63,Order,Coleoptera,Coleoptera,Nymphs,0,0,0,NA,NA,NA,NA,NA,NA,NA,NA,NA,NA,NA   NA   NA   NA,NA   NA   NA   NA
STTD_2018-09-19 13:31:00,9/19/2018 13:31,STTD,2018,A,FALSE,CLR,Flood,1,20.5,0.4,595,652,7.89,6.77,22.1,10,Low,573926,581200,7274,7274,47.85647945,47.85647945,1,NA,NA,Terrestrial Insects,63,Order,Coleoptera,Coleoptera,Emergents,0,0,0,NA,NA,NA,NA,NA,NA,NA,NA,NA,NA,NA   NA   NA   NA,NA   NA   NA   NA
STTD_2018-09-19 13:31:00,9/19/2018 13:31,STTD,2018,A,FALSE,CLR,Flood,1,20.5,0.4,595,652,7.89,6.77,22.1,10,Low,573926,581200,7274,7274,47.85647945,47.85647945,1,NA,NA,Terrestrial Insects,63,Order,Coleoptera,Coleoptera,Adults,6,0.125,0.125,NA,NA,NA,NA,NA,NA,NA,NA,NA,NA,NA   NA   NA   NA,NA   NA   NA   NA
STTD_2018-09-19 13:31:00,9/19/2018 13:31,STTD,2018,A,FALSE,CLR,Flood,1,20.5,0.4,595,652,7.89,6.77,22.1,10,Low,573926,581200,7274,7274,47.85647945,47.85647945,1,NA,NA,Terrestrial Insects,63,Order,Coleoptera,Coleoptera,NotDetermined,0,0,0,NA,NA,NA,NA,NA,NA,NA,NA,NA,NA,NA   NA   NA   NA,NA   NA   NA   NA
STTD_2018-09-19 13:31:00,9/19/2018 13:31,STTD,2018,A,FALSE,CLR,Flood,1,20.5,0.4,595,652,7.89,6.77,22.1,10,Low,573926,581200,7274,7274,47.85647945,47.85647945,1,NA,NA,Terrestrial Insects,64,Order,Diptera,Diptera,Larvae,0,0,0,NA,NA,NA,NA,NA,NA,NA,NA,NA,NA,NA   NA   NA   NA,NA   NA   NA   NA
STTD_2018-09-19 13:31:00,9/19/2018 13:31,STTD,2018,A,FALSE,CLR,Flood,1,20.5,0.4,595,652,7.89,6.77,22.1,10,Low,573926,581200,7274,7274,47.85647945,47.85647945,1,NA,NA,Terrestrial Insects,64,Order,Diptera,Diptera,Pupae,0,0,0,NA,NA,NA,NA,NA,NA,NA,NA,NA,NA,NA   NA   NA   NA,NA   NA   NA   NA
STTD_2018-09-19 13:31:00,9/19/2018 13:31,STTD,2018,A,FALSE,CLR,Flood,1,20.5,0.4,595,652,7.89,6.77,22.1,10,Low,573926,581200,7274,7274,47.85647945,47.85647945,1,NA,NA,Terrestrial Insects,64,Order,Diptera,Diptera,Nymphs,0,0,0,NA,NA,NA,NA,NA,NA,NA,NA,NA,NA,NA   NA   NA   NA,NA   NA   NA   NA
STTD_2018-09-19 13:31:00,9/19/2018 13:31,STTD,2018,A,FALSE,CLR,Flood,1,20.5,0.4,595,652,7.89,6.77,22.1,10,Low,573926,581200,7274,7274,47.85647945,47.85647945,1,NA,NA,Terrestrial Insects,64,Order,Diptera,Diptera,Emergents,0,0,0,NA,NA,NA,NA,NA,NA,NA,NA,NA,NA,NA   NA   NA   NA,NA   NA   NA   NA
STTD_2018-09-19 13:31:00,9/19/2018 13:31,STTD,2018,A,FALSE,CLR,Flood,1,20.5,0.4,595,652,7.89,6.77,22.1,10,Low,573926,581200,7274,7274,47.85647945,47.85647945,1,NA,NA,Terrestrial Insects,64,Order,Diptera,Diptera,Adults,9,0.188,0.188,NA,NA,NA,NA,NA,NA,NA,NA,NA,NA,NA   NA   NA   NA,NA   NA   NA   NA
STTD_2018-09-19 13:31:00,9/19/2018 13:31,STTD,2018,A,FALSE,CLR,Flood,1,20.5,0.4,595,652,7.89,6.77,22.1,10,Low,573926,581200,7274,7274,47.85647945,47.85647945,1,NA,NA,Terrestrial Insects,64,Order,Diptera,Diptera,NotDetermined,0,0,0,NA,NA,NA,NA,NA,NA,NA,NA,NA,NA,NA   NA   NA   NA,NA   NA   NA   NA
STTD_2018-09-19 13:31:00,9/19/2018 13:31,STTD,2018,A,FALSE,CLR,Flood,1,20.5,0.4,595,652,7.89,6.77,22.1,10,Low,573926,581200,7274,7274,47.85647945,47.85647945,1,NA,NA,Terrestrial Insects,71,Order,Hemiptera,Hemiptera,Larvae,60,1.254,1.254,NA,NA,NA,NA,NA,NA,NA,NA,NA,NA,NA   NA   NA   NA,NA   NA   NA   NA
STTD_2018-09-19 13:31:00,9/19/2018 13:31,STTD,2018,A,FALSE,CLR,Flood,1,20.5,0.4,595,652,7.89,6.77,22.1,10,Low,573926,581200,7274,7274,47.85647945,47.85647945,1,NA,NA,Terrestrial Insects,71,Order,Hemiptera,Hemiptera,Pupae,0,0,0,NA,NA,NA,NA,NA,NA,NA,NA,NA,NA,NA   NA   NA   NA,NA   NA   NA   NA
STTD_2018-09-19 13:31:00,9/19/2018 13:31,STTD,2018,A,FALSE,CLR,Flood,1,20.5,0.4,595,652,7.89,6.77,22.1,10,Low,573926,581200,7274,7274,47.85647945,47.85647945,1,NA,NA,Terrestrial Insects,71,Order,Hemiptera,Hemiptera,Nymphs,0,0,0,NA,NA,NA,NA,NA,NA,NA,NA,NA,NA,NA   NA   NA   NA,NA   NA   NA   NA
STTD_2018-09-19 13:31:00,9/19/2018 13:31,STTD,2018,A,FALSE,CLR,Flood,1,20.5,0.4,595,652,7.89,6.77,22.1,10,Low,573926,581200,7274,7274,47.85647945,47.85647945,1,NA,NA,Terrestrial Insects,71,Order,Hemiptera,Hemiptera,Emergents,0,0,0,NA,NA,NA,NA,NA,NA,NA,NA,NA,NA,NA   NA   NA   NA,NA   NA   NA   NA
STTD_2018-09-19 13:31:00,9/19/2018 13:31,STTD,2018,A,FALSE,CLR,Flood,1,20.5,0.4,595,652,7.89,6.77,22.1,10,Low,573926,581200,7274,7274,47.85647945,47.85647945,1,NA,NA,Terrestrial Insects,71,Order,Hemiptera,Hemiptera,Adults,9,0.188,0.188,NA,NA,NA,NA,NA,NA,NA,NA,NA,NA,NA   NA   NA   NA,NA   NA   NA   NA
STTD_2018-09-19 13:31:00,9/19/2018 13:31,STTD,2018,A,FALSE,CLR,Flood,1,20.5,0.4,595,652,7.89,6.77,22.1,10,Low,573926,581200,7274,7274,47.85647945,47.85647945,1,NA,NA,Terrestrial Insects,71,Order,Hemiptera,Hemiptera,NotDetermined,0,0,0,NA,NA,NA,NA,NA,NA,NA,NA,NA,NA,NA   NA   NA   NA,NA   NA   NA   NA
STTD_2018-09-19 13:31:00,9/19/2018 13:31,STTD,2018,A,FALSE,CLR,Flood,1,20.5,0.4,595,652,7.89,6.77,22.1,10,Low,573926,581200,7274,7274,47.85647945,47.85647945,1,NA,NA,Terrestrial Insects,66,Order,Hymenoptera,Hymenoptera,Larvae,0,0,0,NA,NA,NA,NA,NA,NA,NA,NA,NA,NA,NA   NA   NA   NA,NA   NA   NA   NA
STTD_2018-09-19 13:31:00,9/19/2018 13:31,STTD,2018,A,FALSE,CLR,Flood,1,20.5,0.4,595,652,7.89,6.77,22.1,10,Low,573926,581200,7274,7274,47.85647945,47.85647945,1,NA,NA,Terrestrial Insects,66,Order,Hymenoptera,Hymenoptera,Pupae,0,0,0,NA,NA,NA,NA,NA,NA,NA,NA,NA,NA,NA   NA   NA   NA,NA   NA   NA   NA
STTD_2018-09-19 13:31:00,9/19/2018 13:31,STTD,2018,A,FALSE,CLR,Flood,1,20.5,0.4,595,652,7.89,6.77,22.1,10,Low,573926,581200,7274,7274,47.85647945,47.85647945,1,NA,NA,Terrestrial Insects,66,Order,Hymenoptera,Hymenoptera,Nymphs,0,0,0,NA,NA,NA,NA,NA,NA,NA,NA,NA,NA,NA   NA   NA   NA,NA   NA   NA   NA
STTD_2018-09-19 13:31:00,9/19/2018 13:31,STTD,2018,A,FALSE,CLR,Flood,1,20.5,0.4,595,652,7.89,6.77,22.1,10,Low,573926,581200,7274,7274,47.85647945,47.85647945,1,NA,NA,Terrestrial Insects,66,Order,Hymenoptera,Hymenoptera,Emergents,0,0,0,NA,NA,NA,NA,NA,NA,NA,NA,NA,NA,NA   NA   NA   NA,NA   NA   NA   NA
STTD_2018-09-19 13:31:00,9/19/2018 13:31,STTD,2018,A,FALSE,CLR,Flood,1,20.5,0.4,595,652,7.89,6.77,22.1,10,Low,573926,581200,7274,7274,47.85647945,47.85647945,1,NA,NA,Terrestrial Insects,66,Order,Hymenoptera,Hymenoptera,Adults,3,0.063,0.063,NA,NA,NA,NA,NA,NA,NA,NA,NA,NA,NA   NA   NA   NA,NA   NA   NA   NA
STTD_2018-09-19 13:31:00,9/19/2018 13:31,STTD,2018,A,FALSE,CLR,Flood,1,20.5,0.4,595,652,7.89,6.77,22.1,10,Low,573926,581200,7274,7274,47.85647945,47.85647945,1,NA,NA,Terrestrial Insects,66,Order,Hymenoptera,Hymenoptera,NotDetermined,0,0,0,NA,NA,NA,NA,NA,NA,NA,NA,NA,NA,NA   NA   NA   NA,NA   NA   NA   NA
STTD_2018-09-19 13:31:00,9/19/2018 13:31,STTD,2018,A,FALSE,CLR,Flood,1,20.5,0.4,595,652,7.89,6.77,22.1,10,Low,573926,581200,7274,7274,47.85647945,47.85647945,1,NA,NA,Terrestrial Insects,74,Order,Neuroptera,Neuroptera,Larvae,1,0.021,0.021,NA,NA,NA,NA,NA,NA,NA,NA,NA,NA,NA   NA   NA   NA,NA   NA   NA   NA
STTD_2018-09-19 13:31:00,9/19/2018 13:31,STTD,2018,A,FALSE,CLR,Flood,1,20.5,0.4,595,652,7.89,6.77,22.1,10,Low,573926,581200,7274,7274,47.85647945,47.85647945,1,NA,NA,Terrestrial Insects,74,Order,Neuroptera,Neuroptera,Pupae,0,0,0,NA,NA,NA,NA,NA,NA,NA,NA,NA,NA,NA   NA   NA   NA,NA   NA   NA   NA
STTD_2018-09-19 13:31:00,9/19/2018 13:31,STTD,2018,A,FALSE,CLR,Flood,1,20.5,0.4,595,652,7.89,6.77,22.1,10,Low,573926,581200,7274,7274,47.85647945,47.85647945,1,NA,NA,Terrestrial Insects,74,Order,Neuroptera,Neuroptera,Nymphs,0,0,0,NA,NA,NA,NA,NA,NA,NA,NA,NA,NA,NA   NA   NA   NA,NA   NA   NA   NA
STTD_2018-09-19 13:31:00,9/19/2018 13:31,STTD,2018,A,FALSE,CLR,Flood,1,20.5,0.4,595,652,7.89,6.77,22.1,10,Low,573926,581200,7274,7274,47.85647945,47.85647945,1,NA,NA,Terrestrial Insects,74,Order,Neuroptera,Neuroptera,Emergents,0,0,0,NA,NA,NA,NA,NA,NA,NA,NA,NA,NA,NA   NA   NA   NA,NA   NA   NA   NA
STTD_2018-09-19 13:31:00,9/19/2018 13:31,STTD,2018,A,FALSE,CLR,Flood,1,20.5,0.4,595,652,7.89,6.77,22.1,10,Low,573926,581200,7274,7274,47.85647945,47.85647945,1,NA,NA,Terrestrial Insects,74,Order,Neuroptera,Neuroptera,Adults,0,0,0,NA,NA,NA,NA,NA,NA,NA,NA,NA,NA,NA   NA   NA   NA,NA   NA   NA   NA
STTD_2018-09-19 13:31:00,9/19/2018 13:31,STTD,2018,A,FALSE,CLR,Flood,1,20.5,0.4,595,652,7.89,6.77,22.1,10,Low,573926,581200,7274,7274,47.85647945,47.85647945,1,NA,NA,Terrestrial Insects,74,Order,Neuroptera,Neuroptera,NotDetermined,0,0,0,NA,NA,NA,NA,NA,NA,NA,NA,NA,NA,NA   NA   NA   NA,NA   NA   NA   NA
SHR_2018-09-20 09:45:00,9/20/2018 9:45,SHR,2018,A,FALSE,CLR,Ebb,1,18,1.7,111,128,7.7,9.06,8,10,Low,567878,573900,6022,6022,39.619428,39.619428,1,NA,NA,Aquatic Insects,30,Family,Dytiscidae,Dytiscidae,Larvae,0,0,0,NA,NA,NA,NA,NA,NA,NA,NA,NA,NA,NA   NA   NA   NA,NA   NA   NA   NA
SHR_2018-09-20 09:45:00,9/20/2018 9:45,SHR,2018,A,FALSE,CLR,Ebb,1,18,1.7,111,128,7.7,9.06,8,10,Low,567878,573900,6022,6022,39.619428,39.619428,1,NA,NA,Aquatic Insects,30,Family,Dytiscidae,Dytiscidae,Pupae,0,0,0,NA,NA,NA,NA,NA,NA,NA,NA,NA,NA,NA   NA   NA   NA,NA   NA   NA   NA
SHR_2018-09-20 09:45:00,9/20/2018 9:45,SHR,2018,A,FALSE,CLR,Ebb,1,18,1.7,111,128,7.7,9.06,8,10,Low,567878,573900,6022,6022,39.619428,39.619428,1,NA,NA,Aquatic Insects,30,Family,Dytiscidae,Dytiscidae,Nymphs,0,0,0,NA,NA,NA,NA,NA,NA,NA,NA,NA,NA,NA   NA   NA   NA,NA   NA   NA   NA
SHR_2018-09-20 09:45:00,9/20/2018 9:45,SHR,2018,A,FALSE,CLR,Ebb,1,18,1.7,111,128,7.7,9.06,8,10,Low,567878,573900,6022,6022,39.619428,39.619428,1,NA,NA,Aquatic Insects,30,Family,Dytiscidae,Dytiscidae,Emergents,0,0,0,NA,NA,NA,NA,NA,NA,NA,NA,NA,NA,NA   NA   NA   NA,NA   NA   NA   NA
SHR_2018-09-20 09:45:00,9/20/2018 9:45,SHR,2018,A,FALSE,CLR,Ebb,1,18,1.7,111,128,7.7,9.06,8,10,Low,567878,573900,6022,6022,39.619428,39.619428,1,NA,NA,Aquatic Insects,30,Family,Dytiscidae,Dytiscidae,Adults,4,0.101,0.101,NA,NA,NA,NA,NA,NA,NA,NA,NA,NA,NA   NA   NA   NA,NA   NA   NA   NA
SHR_2018-09-20 09:45:00,9/20/2018 9:45,SHR,2018,A,FALSE,CLR,Ebb,1,18,1.7,111,128,7.7,9.06,8,10,Low,567878,573900,6022,6022,39.619428,39.619428,1,NA,NA,Aquatic Insects,30,Family,Dytiscidae,Dytiscidae,NotDetermined,0,0,0,NA,NA,NA,NA,NA,NA,NA,NA,NA,NA,NA   NA   NA   NA,NA   NA   NA   NA
SHR_2018-09-20 09:45:00,9/20/2018 9:45,SHR,2018,A,FALSE,CLR,Ebb,1,18,1.7,111,128,7.7,9.06,8,10,Low,567878,573900,6022,6022,39.619428,39.619428,1,NA,NA,Aquatic Insects,34,Family,Chironomidae,Chironomidae,Larvae,40,1.01,1.01,NA,NA,NA,NA,NA,NA,NA,NA,NA,NA,NA   NA   NA   NA,NA   NA   NA   NA
SHR_2018-09-20 09:45:00,9/20/2018 9:45,SHR,2018,A,FALSE,CLR,Ebb,1,18,1.7,111,128,7.7,9.06,8,10,Low,567878,573900,6022,6022,39.619428,39.619428,1,NA,NA,Aquatic Insects,34,Family,Chironomidae,Chironomidae,Pupae,5,0.126,0.126,NA,NA,NA,NA,NA,NA,NA,NA,NA,NA,NA   NA   NA   NA,NA   NA   NA   NA
SHR_2018-09-20 09:45:00,9/20/2018 9:45,SHR,2018,A,FALSE,CLR,Ebb,1,18,1.7,111,128,7.7,9.06,8,10,Low,567878,573900,6022,6022,39.619428,39.619428,1,NA,NA,Aquatic Insects,34,Family,Chironomidae,Chironomidae,Nymphs,0,0,0,NA,NA,NA,NA,NA,NA,NA,NA,NA,NA,NA   NA   NA   NA,NA   NA   NA   NA
SHR_2018-09-20 09:45:00,9/20/2018 9:45,SHR,2018,A,FALSE,CLR,Ebb,1,18,1.7,111,128,7.7,9.06,8,10,Low,567878,573900,6022,6022,39.619428,39.619428,1,NA,NA,Aquatic Insects,34,Family,Chironomidae,Chironomidae,Emergents,0,0,0,NA,NA,NA,NA,NA,NA,NA,NA,NA,NA,NA   NA   NA   NA,NA   NA   NA   NA
SHR_2018-09-20 09:45:00,9/20/2018 9:45,SHR,2018,A,FALSE,CLR,Ebb,1,18,1.7,111,128,7.7,9.06,8,10,Low,567878,573900,6022,6022,39.619428,39.619428,1,NA,NA,Aquatic Insects,34,Family,Chironomidae,Chironomidae,Adults,24,0.606,0.606,NA,NA,NA,NA,NA,NA,NA,NA,NA,NA,NA   NA   NA   NA,NA   NA   NA   NA
SHR_2018-09-20 09:45:00,9/20/2018 9:45,SHR,2018,A,FALSE,CLR,Ebb,1,18,1.7,111,128,7.7,9.06,8,10,Low,567878,573900,6022,6022,39.619428,39.619428,1,NA,NA,Aquatic Insects,34,Family,Chironomidae,Chironomidae,NotDetermined,0,0,0,NA,NA,NA,NA,NA,NA,NA,NA,NA,NA,NA   NA   NA   NA,NA   NA   NA   NA
SHR_2018-09-20 09:45:00,9/20/2018 9:45,SHR,2018,A,FALSE,CLR,Ebb,1,18,1.7,111,128,7.7,9.06,8,10,Low,567878,573900,6022,6022,39.619428,39.619428,1,NA,NA,Aquatic Insects,46,Family,Coenagrionidae,Coenagrionidae,Larvae,1,0.025,0.025,NA,NA,NA,NA,NA,NA,NA,NA,NA,NA,NA   NA   NA   NA,NA   NA   NA   NA
SHR_2018-09-20 09:45:00,9/20/2018 9:45,SHR,2018,A,FALSE,CLR,Ebb,1,18,1.7,111,128,7.7,9.06,8,10,Low,567878,573900,6022,6022,39.619428,39.619428,1,NA,NA,Aquatic Insects,46,Family,Coenagrionidae,Coenagrionidae,Pupae,0,0,0,NA,NA,NA,NA,NA,NA,NA,NA,NA,NA,NA   NA   NA   NA,NA   NA   NA   NA
SHR_2018-09-20 09:45:00,9/20/2018 9:45,SHR,2018,A,FALSE,CLR,Ebb,1,18,1.7,111,128,7.7,9.06,8,10,Low,567878,573900,6022,6022,39.619428,39.619428,1,NA,NA,Aquatic Insects,46,Family,Coenagrionidae,Coenagrionidae,Nymphs,0,0,0,NA,NA,NA,NA,NA,NA,NA,NA,NA,NA,NA   NA   NA   NA,NA   NA   NA   NA
SHR_2018-09-20 09:45:00,9/20/2018 9:45,SHR,2018,A,FALSE,CLR,Ebb,1,18,1.7,111,128,7.7,9.06,8,10,Low,567878,573900,6022,6022,39.619428,39.619428,1,NA,NA,Aquatic Insects,46,Family,Coenagrionidae,Coenagrionidae,Emergents,0,0,0,NA,NA,NA,NA,NA,NA,NA,NA,NA,NA,NA   NA   NA   NA,NA   NA   NA   NA
SHR_2018-09-20 09:45:00,9/20/2018 9:45,SHR,2018,A,FALSE,CLR,Ebb,1,18,1.7,111,128,7.7,9.06,8,10,Low,567878,573900,6022,6022,39.619428,39.619428,1,NA,NA,Aquatic Insects,46,Family,Coenagrionidae,Coenagrionidae,Adults,0,0,0,NA,NA,NA,NA,NA,NA,NA,NA,NA,NA,NA   NA   NA   NA,NA   NA   NA   NA
SHR_2018-09-20 09:45:00,9/20/2018 9:45,SHR,2018,A,FALSE,CLR,Ebb,1,18,1.7,111,128,7.7,9.06,8,10,Low,567878,573900,6022,6022,39.619428,39.619428,1,NA,NA,Aquatic Insects,46,Family,Coenagrionidae,Coenagrionidae,NotDetermined,0,0,0,NA,NA,NA,NA,NA,NA,NA,NA,NA,NA,NA   NA   NA   NA,NA   NA   NA   NA
SHR_2018-09-20 09:45:00,9/20/2018 9:45,SHR,2018,A,FALSE,CLR,Ebb,1,18,1.7,111,128,7.7,9.06,8,10,Low,567878,573900,6022,6022,39.619428,39.619428,1,NA,NA,Aquatic Insects,56,Family,Leptoceridae,Leptoceridae,Larvae,1,0.025,0.025,NA,NA,NA,NA,NA,NA,NA,NA,NA,NA,NA   NA   NA   NA,NA   NA   NA   NA
SHR_2018-09-20 09:45:00,9/20/2018 9:45,SHR,2018,A,FALSE,CLR,Ebb,1,18,1.7,111,128,7.7,9.06,8,10,Low,567878,573900,6022,6022,39.619428,39.619428,1,NA,NA,Aquatic Insects,56,Family,Leptoceridae,Leptoceridae,Pupae,0,0,0,NA,NA,NA,NA,NA,NA,NA,NA,NA,NA,NA   NA   NA   NA,NA   NA   NA   NA
SHR_2018-09-20 09:45:00,9/20/2018 9:45,SHR,2018,A,FALSE,CLR,Ebb,1,18,1.7,111,128,7.7,9.06,8,10,Low,567878,573900,6022,6022,39.619428,39.619428,1,NA,NA,Aquatic Insects,56,Family,Leptoceridae,Leptoceridae,Nymphs,0,0,0,NA,NA,NA,NA,NA,NA,NA,NA,NA,NA,NA   NA   NA   NA,NA   NA   NA   NA
SHR_2018-09-20 09:45:00,9/20/2018 9:45,SHR,2018,A,FALSE,CLR,Ebb,1,18,1.7,111,128,7.7,9.06,8,10,Low,567878,573900,6022,6022,39.619428,39.619428,1,NA,NA,Aquatic Insects,56,Family,Leptoceridae,Leptoceridae,Emergents,0,0,0,NA,NA,NA,NA,NA,NA,NA,NA,NA,NA,NA   NA   NA   NA,NA   NA   NA   NA
SHR_2018-09-20 09:45:00,9/20/2018 9:45,SHR,2018,A,FALSE,CLR,Ebb,1,18,1.7,111,128,7.7,9.06,8,10,Low,567878,573900,6022,6022,39.619428,39.619428,1,NA,NA,Aquatic Insects,56,Family,Leptoceridae,Leptoceridae,Adults,0,0,0,NA,NA,NA,NA,NA,NA,NA,NA,NA,NA,NA   NA   NA   NA,NA   NA   NA   NA
SHR_2018-09-20 09:45:00,9/20/2018 9:45,SHR,2018,A,FALSE,CLR,Ebb,1,18,1.7,111,128,7.7,9.06,8,10,Low,567878,573900,6022,6022,39.619428,39.619428,1,NA,NA,Aquatic Insects,56,Family,Leptoceridae,Leptoceridae,NotDetermined,0,0,0,NA,NA,NA,NA,NA,NA,NA,NA,NA,NA,NA   NA   NA   NA,NA   NA   NA   NA
SHR_2018-09-20 09:45:00,9/20/2018 9:45,SHR,2018,A,FALSE,CLR,Ebb,1,18,1.7,111,128,7.7,9.06,8,10,Low,567878,573900,6022,6022,39.619428,39.619428,1,NA,NA,Aquatic Non-Insects,28,Family,Lebertiidae,Lebertiidae,Larvae,0,0,0,NA,NA,NA,NA,NA,NA,NA,NA,NA,NA,NA   NA   NA   NA,NA   NA   NA   NA
SHR_2018-09-20 09:45:00,9/20/2018 9:45,SHR,2018,A,FALSE,CLR,Ebb,1,18,1.7,111,128,7.7,9.06,8,10,Low,567878,573900,6022,6022,39.619428,39.619428,1,NA,NA,Aquatic Non-Insects,120,Family,Lebertiidae,Lebertiidae,Larvae,0,0,0,NA,NA,NA,NA,NA,NA,NA,NA,NA,NA,NA   NA   NA   NA,NA   NA   NA   NA
SHR_2018-09-20 09:45:00,9/20/2018 9:45,SHR,2018,A,FALSE,CLR,Ebb,1,18,1.7,111,128,7.7,9.06,8,10,Low,567878,573900,6022,6022,39.619428,39.619428,1,NA,NA,Aquatic Non-Insects,28,Family,Lebertiidae,Lebertiidae,Pupae,0,0,0,NA,NA,NA,NA,NA,NA,NA,NA,NA,NA,NA   NA   NA   NA,NA   NA   NA   NA
SHR_2018-09-20 09:45:00,9/20/2018 9:45,SHR,2018,A,FALSE,CLR,Ebb,1,18,1.7,111,128,7.7,9.06,8,10,Low,567878,573900,6022,6022,39.619428,39.619428,1,NA,NA,Aquatic Non-Insects,120,Family,Lebertiidae,Lebertiidae,Pupae,0,0,0,NA,NA,NA,NA,NA,NA,NA,NA,NA,NA,NA   NA   NA   NA,NA   NA   NA   NA
SHR_2018-09-20 09:45:00,9/20/2018 9:45,SHR,2018,A,FALSE,CLR,Ebb,1,18,1.7,111,128,7.7,9.06,8,10,Low,567878,573900,6022,6022,39.619428,39.619428,1,NA,NA,Aquatic Non-Insects,28,Family,Lebertiidae,Lebertiidae,Nymphs,0,0,0,NA,NA,NA,NA,NA,NA,NA,NA,NA,NA,NA   NA   NA   NA,NA   NA   NA   NA
SHR_2018-09-20 09:45:00,9/20/2018 9:45,SHR,2018,A,FALSE,CLR,Ebb,1,18,1.7,111,128,7.7,9.06,8,10,Low,567878,573900,6022,6022,39.619428,39.619428,1,NA,NA,Aquatic Non-Insects,120,Family,Lebertiidae,Lebertiidae,Nymphs,0,0,0,NA,NA,NA,NA,NA,NA,NA,NA,NA,NA,NA   NA   NA   NA,NA   NA   NA   NA
SHR_2018-09-20 09:45:00,9/20/2018 9:45,SHR,2018,A,FALSE,CLR,Ebb,1,18,1.7,111,128,7.7,9.06,8,10,Low,567878,573900,6022,6022,39.619428,39.619428,1,NA,NA,Aquatic Non-Insects,28,Family,Lebertiidae,Lebertiidae,Emergents,0,0,0,NA,NA,NA,NA,NA,NA,NA,NA,NA,NA,NA   NA   NA   NA,NA   NA   NA   NA
SHR_2018-09-20 09:45:00,9/20/2018 9:45,SHR,2018,A,FALSE,CLR,Ebb,1,18,1.7,111,128,7.7,9.06,8,10,Low,567878,573900,6022,6022,39.619428,39.619428,1,NA,NA,Aquatic Non-Insects,120,Family,Lebertiidae,Lebertiidae,Emergents,0,0,0,NA,NA,NA,NA,NA,NA,NA,NA,NA,NA,NA   NA   NA   NA,NA   NA   NA   NA
SHR_2018-09-20 09:45:00,9/20/2018 9:45,SHR,2018,A,FALSE,CLR,Ebb,1,18,1.7,111,128,7.7,9.06,8,10,Low,567878,573900,6022,6022,39.619428,39.619428,1,NA,NA,Aquatic Non-Insects,28,Family,Lebertiidae,Lebertiidae,Adults,0,0,0,NA,NA,NA,NA,NA,NA,NA,NA,NA,NA,NA   NA   NA   NA,NA   NA   NA   NA
SHR_2018-09-20 09:45:00,9/20/2018 9:45,SHR,2018,A,FALSE,CLR,Ebb,1,18,1.7,111,128,7.7,9.06,8,10,Low,567878,573900,6022,6022,39.619428,39.619428,1,NA,NA,Aquatic Non-Insects,120,Family,Lebertiidae,Lebertiidae,Adults,0,0,0,NA,NA,NA,NA,NA,NA,NA,NA,NA,NA,NA   NA   NA   NA,NA   NA   NA   NA
SHR_2018-09-20 09:45:00,9/20/2018 9:45,SHR,2018,A,FALSE,CLR,Ebb,1,18,1.7,111,128,7.7,9.06,8,10,Low,567878,573900,6022,6022,39.619428,39.619428,1,NA,NA,Aquatic Non-Insects,28,Family,Lebertiidae,Lebertiidae,NotDetermined,1,0.025,0.025,NA,NA,NA,NA,NA,NA,NA,NA,NA,NA,NA   NA   NA   NA,NA   NA   NA   NA
SHR_2018-09-20 09:45:00,9/20/2018 9:45,SHR,2018,A,FALSE,CLR,Ebb,1,18,1.7,111,128,7.7,9.06,8,10,Low,567878,573900,6022,6022,39.619428,39.619428,1,NA,NA,Aquatic Non-Insects,120,Family,Lebertiidae,Lebertiidae,NotDetermined,1,0.025,0.025,NA,NA,NA,NA,NA,NA,NA,NA,NA,NA,NA   NA   NA   NA,NA   NA   NA   NA
SHR_2018-09-20 09:45:00,9/20/2018 9:45,SHR,2018,A,FALSE,CLR,Ebb,1,18,1.7,111,128,7.7,9.06,8,10,Low,567878,573900,6022,6022,39.619428,39.619428,1,NA,NA,Aquatic Non-Insects,128,Family,Mideopsidae,Mideopsidae,Larvae,0,0,0,NA,NA,NA,NA,NA,NA,NA,NA,NA,NA,NA   NA   NA   NA,NA   NA   NA   NA
SHR_2018-09-20 09:45:00,9/20/2018 9:45,SHR,2018,A,FALSE,CLR,Ebb,1,18,1.7,111,128,7.7,9.06,8,10,Low,567878,573900,6022,6022,39.619428,39.619428,1,NA,NA,Aquatic Non-Insects,128,Family,Mideopsidae,Mideopsidae,Pupae,0,0,0,NA,NA,NA,NA,NA,NA,NA,NA,NA,NA,NA   NA   NA   NA,NA   NA   NA   NA
SHR_2018-09-20 09:45:00,9/20/2018 9:45,SHR,2018,A,FALSE,CLR,Ebb,1,18,1.7,111,128,7.7,9.06,8,10,Low,567878,573900,6022,6022,39.619428,39.619428,1,NA,NA,Aquatic Non-Insects,128,Family,Mideopsidae,Mideopsidae,Nymphs,0,0,0,NA,NA,NA,NA,NA,NA,NA,NA,NA,NA,NA   NA   NA   NA,NA   NA   NA   NA
SHR_2018-09-20 09:45:00,9/20/2018 9:45,SHR,2018,A,FALSE,CLR,Ebb,1,18,1.7,111,128,7.7,9.06,8,10,Low,567878,573900,6022,6022,39.619428,39.619428,1,NA,NA,Aquatic Non-Insects,128,Family,Mideopsidae,Mideopsidae,Emergents,0,0,0,NA,NA,NA,NA,NA,NA,NA,NA,NA,NA,NA   NA   NA   NA,NA   NA   NA   NA
SHR_2018-09-20 09:45:00,9/20/2018 9:45,SHR,2018,A,FALSE,CLR,Ebb,1,18,1.7,111,128,7.7,9.06,8,10,Low,567878,573900,6022,6022,39.619428,39.619428,1,NA,NA,Aquatic Non-Insects,128,Family,Mideopsidae,Mideopsidae,Adults,0,0,0,NA,NA,NA,NA,NA,NA,NA,NA,NA,NA,NA   NA   NA   NA,NA   NA   NA   NA
SHR_2018-09-20 09:45:00,9/20/2018 9:45,SHR,2018,A,FALSE,CLR,Ebb,1,18,1.7,111,128,7.7,9.06,8,10,Low,567878,573900,6022,6022,39.619428,39.619428,1,NA,NA,Aquatic Non-Insects,128,Family,Mideopsidae,Mideopsidae,NotDetermined,1,0.025,0.025,NA,NA,NA,NA,NA,NA,NA,NA,NA,NA,NA   NA   NA   NA,NA   NA   NA   NA
SHR_2018-09-20 09:45:00,9/20/2018 9:45,SHR,2018,A,FALSE,CLR,Ebb,1,18,1.7,111,128,7.7,9.06,8,10,Low,567878,573900,6022,6022,39.619428,39.619428,1,NA,NA,Aquatic Non-Insects,106,Family,Lymnaeidae,Lymnaeidae,Larvae,0,0,0,NA,NA,NA,NA,NA,NA,NA,NA,NA,NA,NA   NA   NA   NA,NA   NA   NA   NA
SHR_2018-09-20 09:45:00,9/20/2018 9:45,SHR,2018,A,FALSE,CLR,Ebb,1,18,1.7,111,128,7.7,9.06,8,10,Low,567878,573900,6022,6022,39.619428,39.619428,1,NA,NA,Aquatic Non-Insects,106,Family,Lymnaeidae,Lymnaeidae,Pupae,0,0,0,NA,NA,NA,NA,NA,NA,NA,NA,NA,NA,NA   NA   NA   NA,NA   NA   NA   NA
SHR_2018-09-20 09:45:00,9/20/2018 9:45,SHR,2018,A,FALSE,CLR,Ebb,1,18,1.7,111,128,7.7,9.06,8,10,Low,567878,573900,6022,6022,39.619428,39.619428,1,NA,NA,Aquatic Non-Insects,106,Family,Lymnaeidae,Lymnaeidae,Nymphs,0,0,0,NA,NA,NA,NA,NA,NA,NA,NA,NA,NA,NA   NA   NA   NA,NA   NA   NA   NA
SHR_2018-09-20 09:45:00,9/20/2018 9:45,SHR,2018,A,FALSE,CLR,Ebb,1,18,1.7,111,128,7.7,9.06,8,10,Low,567878,573900,6022,6022,39.619428,39.619428,1,NA,NA,Aquatic Non-Insects,106,Family,Lymnaeidae,Lymnaeidae,Emergents,0,0,0,NA,NA,NA,NA,NA,NA,NA,NA,NA,NA,NA   NA   NA   NA,NA   NA   NA   NA
SHR_2018-09-20 09:45:00,9/20/2018 9:45,SHR,2018,A,FALSE,CLR,Ebb,1,18,1.7,111,128,7.7,9.06,8,10,Low,567878,573900,6022,6022,39.619428,39.619428,1,NA,NA,Aquatic Non-Insects,106,Family,Lymnaeidae,Lymnaeidae,Adults,0,0,0,NA,NA,NA,NA,NA,NA,NA,NA,NA,NA,NA   NA   NA   NA,NA   NA   NA   NA
SHR_2018-09-20 09:45:00,9/20/2018 9:45,SHR,2018,A,FALSE,CLR,Ebb,1,18,1.7,111,128,7.7,9.06,8,10,Low,567878,573900,6022,6022,39.619428,39.619428,1,NA,NA,Aquatic Non-Insects,106,Family,Lymnaeidae,Lymnaeidae,NotDetermined,1,0.025,0.025,NA,NA,NA,NA,NA,NA,NA,NA,NA,NA,NA   NA   NA   NA,NA   NA   NA   NA
SHR_2018-09-20 09:45:00,9/20/2018 9:45,SHR,2018,A,FALSE,CLR,Ebb,1,18,1.7,111,128,7.7,9.06,8,10,Low,567878,573900,6022,6022,39.619428,39.619428,1,NA,NA,Terrestrial Non-Insects,157,Order,Araneae,Araneae,Larvae,0,0,0,NA,NA,NA,NA,NA,NA,NA,NA,NA,NA,NA   NA   NA   NA,NA   NA   NA   NA
SHR_2018-09-20 09:45:00,9/20/2018 9:45,SHR,2018,A,FALSE,CLR,Ebb,1,18,1.7,111,128,7.7,9.06,8,10,Low,567878,573900,6022,6022,39.619428,39.619428,1,NA,NA,Terrestrial Non-Insects,157,Order,Araneae,Araneae,Pupae,0,0,0,NA,NA,NA,NA,NA,NA,NA,NA,NA,NA,NA   NA   NA   NA,NA   NA   NA   NA
SHR_2018-09-20 09:45:00,9/20/2018 9:45,SHR,2018,A,FALSE,CLR,Ebb,1,18,1.7,111,128,7.7,9.06,8,10,Low,567878,573900,6022,6022,39.619428,39.619428,1,NA,NA,Terrestrial Non-Insects,157,Order,Araneae,Araneae,Nymphs,0,0,0,NA,NA,NA,NA,NA,NA,NA,NA,NA,NA,NA   NA   NA   NA,NA   NA   NA   NA
SHR_2018-09-20 09:45:00,9/20/2018 9:45,SHR,2018,A,FALSE,CLR,Ebb,1,18,1.7,111,128,7.7,9.06,8,10,Low,567878,573900,6022,6022,39.619428,39.619428,1,NA,NA,Terrestrial Non-Insects,157,Order,Araneae,Araneae,Emergents,0,0,0,NA,NA,NA,NA,NA,NA,NA,NA,NA,NA,NA   NA   NA   NA,NA   NA   NA   NA
SHR_2018-09-20 09:45:00,9/20/2018 9:45,SHR,2018,A,FALSE,CLR,Ebb,1,18,1.7,111,128,7.7,9.06,8,10,Low,567878,573900,6022,6022,39.619428,39.619428,1,NA,NA,Terrestrial Non-Insects,157,Order,Araneae,Araneae,Adults,0,0,0,NA,NA,NA,NA,NA,NA,NA,NA,NA,NA,NA   NA   NA   NA,NA   NA   NA   NA
SHR_2018-09-20 09:45:00,9/20/2018 9:45,SHR,2018,A,FALSE,CLR,Ebb,1,18,1.7,111,128,7.7,9.06,8,10,Low,567878,573900,6022,6022,39.619428,39.619428,1,NA,NA,Terrestrial Non-Insects,157,Order,Araneae,Araneae,NotDetermined,3,0.076,0.076,NA,NA,NA,NA,NA,NA,NA,NA,NA,NA,NA   NA   NA   NA,NA   NA   NA   NA
SHR_2018-09-20 09:45:00,9/20/2018 9:45,SHR,2018,A,FALSE,CLR,Ebb,1,18,1.7,111,128,7.7,9.06,8,10,Low,567878,573900,6022,6022,39.619428,39.619428,1,NA,NA,Terrestrial Insects,63,Order,Coleoptera,Coleoptera,Larvae,0,0,0,NA,NA,NA,NA,NA,NA,NA,NA,NA,NA,NA   NA   NA   NA,NA   NA   NA   NA
SHR_2018-09-20 09:45:00,9/20/2018 9:45,SHR,2018,A,FALSE,CLR,Ebb,1,18,1.7,111,128,7.7,9.06,8,10,Low,567878,573900,6022,6022,39.619428,39.619428,1,NA,NA,Terrestrial Insects,63,Order,Coleoptera,Coleoptera,Pupae,0,0,0,NA,NA,NA,NA,NA,NA,NA,NA,NA,NA,NA   NA   NA   NA,NA   NA   NA   NA
SHR_2018-09-20 09:45:00,9/20/2018 9:45,SHR,2018,A,FALSE,CLR,Ebb,1,18,1.7,111,128,7.7,9.06,8,10,Low,567878,573900,6022,6022,39.619428,39.619428,1,NA,NA,Terrestrial Insects,63,Order,Coleoptera,Coleoptera,Nymphs,0,0,0,NA,NA,NA,NA,NA,NA,NA,NA,NA,NA,NA   NA   NA   NA,NA   NA   NA   NA
SHR_2018-09-20 09:45:00,9/20/2018 9:45,SHR,2018,A,FALSE,CLR,Ebb,1,18,1.7,111,128,7.7,9.06,8,10,Low,567878,573900,6022,6022,39.619428,39.619428,1,NA,NA,Terrestrial Insects,63,Order,Coleoptera,Coleoptera,Emergents,0,0,0,NA,NA,NA,NA,NA,NA,NA,NA,NA,NA,NA   NA   NA   NA,NA   NA   NA   NA
SHR_2018-09-20 09:45:00,9/20/2018 9:45,SHR,2018,A,FALSE,CLR,Ebb,1,18,1.7,111,128,7.7,9.06,8,10,Low,567878,573900,6022,6022,39.619428,39.619428,1,NA,NA,Terrestrial Insects,63,Order,Coleoptera,Coleoptera,Adults,2,0.05,0.05,NA,NA,NA,NA,NA,NA,NA,NA,NA,NA,NA   NA   NA   NA,NA   NA   NA   NA
SHR_2018-09-20 09:45:00,9/20/2018 9:45,SHR,2018,A,FALSE,CLR,Ebb,1,18,1.7,111,128,7.7,9.06,8,10,Low,567878,573900,6022,6022,39.619428,39.619428,1,NA,NA,Terrestrial Insects,63,Order,Coleoptera,Coleoptera,NotDetermined,0,0,0,NA,NA,NA,NA,NA,NA,NA,NA,NA,NA,NA   NA   NA   NA,NA   NA   NA   NA
SHR_2018-09-20 09:45:00,9/20/2018 9:45,SHR,2018,A,FALSE,CLR,Ebb,1,18,1.7,111,128,7.7,9.06,8,10,Low,567878,573900,6022,6022,39.619428,39.619428,1,NA,NA,Terrestrial Insects,64,Order,Diptera,Diptera,Larvae,0,0,0,NA,NA,NA,NA,NA,NA,NA,NA,NA,NA,NA   NA   NA   NA,NA   NA   NA   NA
SHR_2018-09-20 09:45:00,9/20/2018 9:45,SHR,2018,A,FALSE,CLR,Ebb,1,18,1.7,111,128,7.7,9.06,8,10,Low,567878,573900,6022,6022,39.619428,39.619428,1,NA,NA,Terrestrial Insects,64,Order,Diptera,Diptera,Pupae,0,0,0,NA,NA,NA,NA,NA,NA,NA,NA,NA,NA,NA   NA   NA   NA,NA   NA   NA   NA
SHR_2018-09-20 09:45:00,9/20/2018 9:45,SHR,2018,A,FALSE,CLR,Ebb,1,18,1.7,111,128,7.7,9.06,8,10,Low,567878,573900,6022,6022,39.619428,39.619428,1,NA,NA,Terrestrial Insects,64,Order,Diptera,Diptera,Nymphs,0,0,0,NA,NA,NA,NA,NA,NA,NA,NA,NA,NA,NA   NA   NA   NA,NA   NA   NA   NA
SHR_2018-09-20 09:45:00,9/20/2018 9:45,SHR,2018,A,FALSE,CLR,Ebb,1,18,1.7,111,128,7.7,9.06,8,10,Low,567878,573900,6022,6022,39.619428,39.619428,1,NA,NA,Terrestrial Insects,64,Order,Diptera,Diptera,Emergents,0,0,0,NA,NA,NA,NA,NA,NA,NA,NA,NA,NA,NA   NA   NA   NA,NA   NA   NA   NA
SHR_2018-09-20 09:45:00,9/20/2018 9:45,SHR,2018,A,FALSE,CLR,Ebb,1,18,1.7,111,128,7.7,9.06,8,10,Low,567878,573900,6022,6022,39.619428,39.619428,1,NA,NA,Terrestrial Insects,64,Order,Diptera,Diptera,Adults,2,0.05,0.05,NA,NA,NA,NA,NA,NA,NA,NA,NA,NA,NA   NA   NA   NA,NA   NA   NA   NA
SHR_2018-09-20 09:45:00,9/20/2018 9:45,SHR,2018,A,FALSE,CLR,Ebb,1,18,1.7,111,128,7.7,9.06,8,10,Low,567878,573900,6022,6022,39.619428,39.619428,1,NA,NA,Terrestrial Insects,64,Order,Diptera,Diptera,NotDetermined,0,0,0,NA,NA,NA,NA,NA,NA,NA,NA,NA,NA,NA   NA   NA   NA,NA   NA   NA   NA
SHR_2018-09-20 09:45:00,9/20/2018 9:45,SHR,2018,A,FALSE,CLR,Ebb,1,18,1.7,111,128,7.7,9.06,8,10,Low,567878,573900,6022,6022,39.619428,39.619428,1,NA,NA,Terrestrial Insects,71,Order,Hemiptera,Hemiptera,Larvae,9,0.227,0.227,NA,NA,NA,NA,NA,NA,NA,NA,NA,NA,NA   NA   NA   NA,NA   NA   NA   NA
SHR_2018-09-20 09:45:00,9/20/2018 9:45,SHR,2018,A,FALSE,CLR,Ebb,1,18,1.7,111,128,7.7,9.06,8,10,Low,567878,573900,6022,6022,39.619428,39.619428,1,NA,NA,Terrestrial Insects,71,Order,Hemiptera,Hemiptera,Pupae,0,0,0,NA,NA,NA,NA,NA,NA,NA,NA,NA,NA,NA   NA   NA   NA,NA   NA   NA   NA
SHR_2018-09-20 09:45:00,9/20/2018 9:45,SHR,2018,A,FALSE,CLR,Ebb,1,18,1.7,111,128,7.7,9.06,8,10,Low,567878,573900,6022,6022,39.619428,39.619428,1,NA,NA,Terrestrial Insects,71,Order,Hemiptera,Hemiptera,Nymphs,0,0,0,NA,NA,NA,NA,NA,NA,NA,NA,NA,NA,NA   NA   NA   NA,NA   NA   NA   NA
SHR_2018-09-20 09:45:00,9/20/2018 9:45,SHR,2018,A,FALSE,CLR,Ebb,1,18,1.7,111,128,7.7,9.06,8,10,Low,567878,573900,6022,6022,39.619428,39.619428,1,NA,NA,Terrestrial Insects,71,Order,Hemiptera,Hemiptera,Emergents,0,0,0,NA,NA,NA,NA,NA,NA,NA,NA,NA,NA,NA   NA   NA   NA,NA   NA   NA   NA
SHR_2018-09-20 09:45:00,9/20/2018 9:45,SHR,2018,A,FALSE,CLR,Ebb,1,18,1.7,111,128,7.7,9.06,8,10,Low,567878,573900,6022,6022,39.619428,39.619428,1,NA,NA,Terrestrial Insects,71,Order,Hemiptera,Hemiptera,Adults,23,0.581,0.581,NA,NA,NA,NA,NA,NA,NA,NA,NA,NA,NA   NA   NA   NA,NA   NA   NA   NA
SHR_2018-09-20 09:45:00,9/20/2018 9:45,SHR,2018,A,FALSE,CLR,Ebb,1,18,1.7,111,128,7.7,9.06,8,10,Low,567878,573900,6022,6022,39.619428,39.619428,1,NA,NA,Terrestrial Insects,71,Order,Hemiptera,Hemiptera,NotDetermined,0,0,0,NA,NA,NA,NA,NA,NA,NA,NA,NA,NA,NA   NA   NA   NA,NA   NA   NA   NA
SHR_2018-09-20 09:45:00,9/20/2018 9:45,SHR,2018,A,FALSE,CLR,Ebb,1,18,1.7,111,128,7.7,9.06,8,10,Low,567878,573900,6022,6022,39.619428,39.619428,1,NA,NA,Terrestrial Insects,66,Order,Hymenoptera,Hymenoptera,Larvae,0,0,0,NA,NA,NA,NA,NA,NA,NA,NA,NA,NA,NA   NA   NA   NA,NA   NA   NA   NA
SHR_2018-09-20 09:45:00,9/20/2018 9:45,SHR,2018,A,FALSE,CLR,Ebb,1,18,1.7,111,128,7.7,9.06,8,10,Low,567878,573900,6022,6022,39.619428,39.619428,1,NA,NA,Terrestrial Insects,66,Order,Hymenoptera,Hymenoptera,Pupae,0,0,0,NA,NA,NA,NA,NA,NA,NA,NA,NA,NA,NA   NA   NA   NA,NA   NA   NA   NA
SHR_2018-09-20 09:45:00,9/20/2018 9:45,SHR,2018,A,FALSE,CLR,Ebb,1,18,1.7,111,128,7.7,9.06,8,10,Low,567878,573900,6022,6022,39.619428,39.619428,1,NA,NA,Terrestrial Insects,66,Order,Hymenoptera,Hymenoptera,Nymphs,0,0,0,NA,NA,NA,NA,NA,NA,NA,NA,NA,NA,NA   NA   NA   NA,NA   NA   NA   NA
SHR_2018-09-20 09:45:00,9/20/2018 9:45,SHR,2018,A,FALSE,CLR,Ebb,1,18,1.7,111,128,7.7,9.06,8,10,Low,567878,573900,6022,6022,39.619428,39.619428,1,NA,NA,Terrestrial Insects,66,Order,Hymenoptera,Hymenoptera,Emergents,0,0,0,NA,NA,NA,NA,NA,NA,NA,NA,NA,NA,NA   NA   NA   NA,NA   NA   NA   NA
SHR_2018-09-20 09:45:00,9/20/2018 9:45,SHR,2018,A,FALSE,CLR,Ebb,1,18,1.7,111,128,7.7,9.06,8,10,Low,567878,573900,6022,6022,39.619428,39.619428,1,NA,NA,Terrestrial Insects,66,Order,Hymenoptera,Hymenoptera,Adults,6,0.151,0.151,NA,NA,NA,NA,NA,NA,NA,NA,NA,NA,NA   NA   NA   NA,NA   NA   NA   NA
SHR_2018-09-20 09:45:00,9/20/2018 9:45,SHR,2018,A,FALSE,CLR,Ebb,1,18,1.7,111,128,7.7,9.06,8,10,Low,567878,573900,6022,6022,39.619428,39.619428,1,NA,NA,Terrestrial Insects,66,Order,Hymenoptera,Hymenoptera,NotDetermined,0,0,0,NA,NA,NA,NA,NA,NA,NA,NA,NA,NA,NA   NA   NA   NA,NA   NA   NA   NA
SHR_2018-09-20 09:45:00,9/20/2018 9:45,SHR,2018,A,FALSE,CLR,Ebb,1,18,1.7,111,128,7.7,9.06,8,10,Low,567878,573900,6022,6022,39.619428,39.619428,1,NA,NA,Terrestrial Insects,67,Order,Psocoptera,Psocoptera,Larvae,0,0,0,NA,NA,NA,NA,NA,NA,NA,NA,NA,NA,NA   NA   NA   NA,NA   NA   NA   NA
SHR_2018-09-20 09:45:00,9/20/2018 9:45,SHR,2018,A,FALSE,CLR,Ebb,1,18,1.7,111,128,7.7,9.06,8,10,Low,567878,573900,6022,6022,39.619428,39.619428,1,NA,NA,Terrestrial Insects,67,Order,Psocoptera,Psocoptera,Pupae,0,0,0,NA,NA,NA,NA,NA,NA,NA,NA,NA,NA,NA   NA   NA   NA,NA   NA   NA   NA
SHR_2018-09-20 09:45:00,9/20/2018 9:45,SHR,2018,A,FALSE,CLR,Ebb,1,18,1.7,111,128,7.7,9.06,8,10,Low,567878,573900,6022,6022,39.619428,39.619428,1,NA,NA,Terrestrial Insects,67,Order,Psocoptera,Psocoptera,Nymphs,0,0,0,NA,NA,NA,NA,NA,NA,NA,NA,NA,NA,NA   NA   NA   NA,NA   NA   NA   NA
SHR_2018-09-20 09:45:00,9/20/2018 9:45,SHR,2018,A,FALSE,CLR,Ebb,1,18,1.7,111,128,7.7,9.06,8,10,Low,567878,573900,6022,6022,39.619428,39.619428,1,NA,NA,Terrestrial Insects,67,Order,Psocoptera,Psocoptera,Emergents,0,0,0,NA,NA,NA,NA,NA,NA,NA,NA,NA,NA,NA   NA   NA   NA,NA   NA   NA   NA
SHR_2018-09-20 09:45:00,9/20/2018 9:45,SHR,2018,A,FALSE,CLR,Ebb,1,18,1.7,111,128,7.7,9.06,8,10,Low,567878,573900,6022,6022,39.619428,39.619428,1,NA,NA,Terrestrial Insects,67,Order,Psocoptera,Psocoptera,Adults,1,0.025,0.025,NA,NA,NA,NA,NA,NA,NA,NA,NA,NA,NA   NA   NA   NA,NA   NA   NA   NA
SHR_2018-09-20 09:45:00,9/20/2018 9:45,SHR,2018,A,FALSE,CLR,Ebb,1,18,1.7,111,128,7.7,9.06,8,10,Low,567878,573900,6022,6022,39.619428,39.619428,1,NA,NA,Terrestrial Insects,67,Order,Psocoptera,Psocoptera,NotDetermined,0,0,0,NA,NA,NA,NA,NA,NA,NA,NA,NA,NA,NA   NA   NA   NA,NA   NA   NA   NA
STTD_2019-01-22 11:37:00,1/22/2019 11:37,STTD,2019,W,TRUE,CLR,NA,1,10.6,0.12,272,374,8.25,7.2,147.3,10,Regular,499500,523900,24400,24400,74.94672211,74.94672211,1,NA,NA,Aquatic Insects,30,Family,Dytiscidae,Dytiscidae,Larvae,1,0.013,0.013,NA,NA,NA,NA,NA,NA,NA,NA,NA,NA,NA   NA   NA   NA,NA   NA   NA   NA
STTD_2019-01-22 11:37:00,1/22/2019 11:37,STTD,2019,W,TRUE,CLR,NA,1,10.6,0.12,272,374,8.25,7.2,147.3,10,Regular,499500,523900,24400,24400,74.94672211,74.94672211,1,NA,NA,Aquatic Insects,30,Family,Dytiscidae,Dytiscidae,Pupae,0,0,0,NA,NA,NA,NA,NA,NA,NA,NA,NA,NA,NA   NA   NA   NA,NA   NA   NA   NA
STTD_2019-01-22 11:37:00,1/22/2019 11:37,STTD,2019,W,TRUE,CLR,NA,1,10.6,0.12,272,374,8.25,7.2,147.3,10,Regular,499500,523900,24400,24400,74.94672211,74.94672211,1,NA,NA,Aquatic Insects,30,Family,Dytiscidae,Dytiscidae,Nymphs,0,0,0,NA,NA,NA,NA,NA,NA,NA,NA,NA,NA,NA   NA   NA   NA,NA   NA   NA   NA
STTD_2019-01-22 11:37:00,1/22/2019 11:37,STTD,2019,W,TRUE,CLR,NA,1,10.6,0.12,272,374,8.25,7.2,147.3,10,Regular,499500,523900,24400,24400,74.94672211,74.94672211,1,NA,NA,Aquatic Insects,30,Family,Dytiscidae,Dytiscidae,Emergents,0,0,0,NA,NA,NA,NA,NA,NA,NA,NA,NA,NA,NA   NA   NA   NA,NA   NA   NA   NA
STTD_2019-01-22 11:37:00,1/22/2019 11:37,STTD,2019,W,TRUE,CLR,NA,1,10.6,0.12,272,374,8.25,7.2,147.3,10,Regular,499500,523900,24400,24400,74.94672211,74.94672211,1,NA,NA,Aquatic Insects,30,Family,Dytiscidae,Dytiscidae,Adults,0,0,0,NA,NA,NA,NA,NA,NA,NA,NA,NA,NA,NA   NA   NA   NA,NA   NA   NA   NA
STTD_2019-01-22 11:37:00,1/22/2019 11:37,STTD,2019,W,TRUE,CLR,NA,1,10.6,0.12,272,374,8.25,7.2,147.3,10,Regular,499500,523900,24400,24400,74.94672211,74.94672211,1,NA,NA,Aquatic Insects,30,Family,Dytiscidae,Dytiscidae,NotDetermined,0,0,0,NA,NA,NA,NA,NA,NA,NA,NA,NA,NA,NA   NA   NA   NA,NA   NA   NA   NA
STTD_2019-01-22 11:37:00,1/22/2019 11:37,STTD,2019,W,TRUE,CLR,NA,1,10.6,0.12,272,374,8.25,7.2,147.3,10,Regular,499500,523900,24400,24400,74.94672211,74.94672211,1,NA,NA,Aquatic Insects,34,Family,Chironomidae,Chironomidae,Larvae,52,0.694,0.694,NA,NA,NA,NA,NA,NA,NA,NA,NA,NA,NA   NA   NA   NA,NA   NA   NA   NA
STTD_2019-01-22 11:37:00,1/22/2019 11:37,STTD,2019,W,TRUE,CLR,NA,1,10.6,0.12,272,374,8.25,7.2,147.3,10,Regular,499500,523900,24400,24400,74.94672211,74.94672211,1,NA,NA,Aquatic Insects,34,Family,Chironomidae,Chironomidae,Pupae,4,0.053,0.053,NA,NA,NA,NA,NA,NA,NA,NA,NA,NA,NA   NA   NA   NA,NA   NA   NA   NA
STTD_2019-01-22 11:37:00,1/22/2019 11:37,STTD,2019,W,TRUE,CLR,NA,1,10.6,0.12,272,374,8.25,7.2,147.3,10,Regular,499500,523900,24400,24400,74.94672211,74.94672211,1,NA,NA,Aquatic Insects,34,Family,Chironomidae,Chironomidae,Nymphs,0,0,0,NA,NA,NA,NA,NA,NA,NA,NA,NA,NA,NA   NA   NA   NA,NA   NA   NA   NA
STTD_2019-01-22 11:37:00,1/22/2019 11:37,STTD,2019,W,TRUE,CLR,NA,1,10.6,0.12,272,374,8.25,7.2,147.3,10,Regular,499500,523900,24400,24400,74.94672211,74.94672211,1,NA,NA,Aquatic Insects,34,Family,Chironomidae,Chironomidae,Emergents,0,0,0,NA,NA,NA,NA,NA,NA,NA,NA,NA,NA,NA   NA   NA   NA,NA   NA   NA   NA
STTD_2019-01-22 11:37:00,1/22/2019 11:37,STTD,2019,W,TRUE,CLR,NA,1,10.6,0.12,272,374,8.25,7.2,147.3,10,Regular,499500,523900,24400,24400,74.94672211,74.94672211,1,NA,NA,Aquatic Insects,34,Family,Chironomidae,Chironomidae,Adults,7,0.093,0.093,NA,NA,NA,NA,NA,NA,NA,NA,NA,NA,NA   NA   NA   NA,NA   NA   NA   NA
STTD_2019-01-22 11:37:00,1/22/2019 11:37,STTD,2019,W,TRUE,CLR,NA,1,10.6,0.12,272,374,8.25,7.2,147.3,10,Regular,499500,523900,24400,24400,74.94672211,74.94672211,1,NA,NA,Aquatic Insects,34,Family,Chironomidae,Chironomidae,NotDetermined,0,0,0,NA,NA,NA,NA,NA,NA,NA,NA,NA,NA,NA   NA   NA   NA,NA   NA   NA   NA
STTD_2019-01-22 11:37:00,1/22/2019 11:37,STTD,2019,W,TRUE,CLR,NA,1,10.6,0.12,272,374,8.25,7.2,147.3,10,Regular,499500,523900,24400,24400,74.94672211,74.94672211,1,NA,NA,Aquatic Insects,37,Family,Psychodidae,Psychodidae,Larvae,1,0.013,0.013,NA,NA,NA,NA,NA,NA,NA,NA,NA,NA,NA   NA   NA   NA,NA   NA   NA   NA
STTD_2019-01-22 11:37:00,1/22/2019 11:37,STTD,2019,W,TRUE,CLR,NA,1,10.6,0.12,272,374,8.25,7.2,147.3,10,Regular,499500,523900,24400,24400,74.94672211,74.94672211,1,NA,NA,Aquatic Insects,37,Family,Psychodidae,Psychodidae,Pupae,1,0.013,0.013,NA,NA,NA,NA,NA,NA,NA,NA,NA,NA,NA   NA   NA   NA,NA   NA   NA   NA
STTD_2019-01-22 11:37:00,1/22/2019 11:37,STTD,2019,W,TRUE,CLR,NA,1,10.6,0.12,272,374,8.25,7.2,147.3,10,Regular,499500,523900,24400,24400,74.94672211,74.94672211,1,NA,NA,Aquatic Insects,37,Family,Psychodidae,Psychodidae,Nymphs,0,0,0,NA,NA,NA,NA,NA,NA,NA,NA,NA,NA,NA   NA   NA   NA,NA   NA   NA   NA
STTD_2019-01-22 11:37:00,1/22/2019 11:37,STTD,2019,W,TRUE,CLR,NA,1,10.6,0.12,272,374,8.25,7.2,147.3,10,Regular,499500,523900,24400,24400,74.94672211,74.94672211,1,NA,NA,Aquatic Insects,37,Family,Psychodidae,Psychodidae,Emergents,0,0,0,NA,NA,NA,NA,NA,NA,NA,NA,NA,NA,NA   NA   NA   NA,NA   NA   NA   NA
STTD_2019-01-22 11:37:00,1/22/2019 11:37,STTD,2019,W,TRUE,CLR,NA,1,10.6,0.12,272,374,8.25,7.2,147.3,10,Regular,499500,523900,24400,24400,74.94672211,74.94672211,1,NA,NA,Aquatic Insects,37,Family,Psychodidae,Psychodidae,Adults,0,0,0,NA,NA,NA,NA,NA,NA,NA,NA,NA,NA,NA   NA   NA   NA,NA   NA   NA   NA
STTD_2019-01-22 11:37:00,1/22/2019 11:37,STTD,2019,W,TRUE,CLR,NA,1,10.6,0.12,272,374,8.25,7.2,147.3,10,Regular,499500,523900,24400,24400,74.94672211,74.94672211,1,NA,NA,Aquatic Insects,37,Family,Psychodidae,Psychodidae,NotDetermined,0,0,0,NA,NA,NA,NA,NA,NA,NA,NA,NA,NA,NA   NA   NA   NA,NA   NA   NA   NA
STTD_2019-01-22 11:37:00,1/22/2019 11:37,STTD,2019,W,TRUE,CLR,NA,1,10.6,0.12,272,374,8.25,7.2,147.3,10,Regular,499500,523900,24400,24400,74.94672211,74.94672211,1,NA,NA,Aquatic Insects,44,Family,Corixidae,Corixidae,Larvae,0,0,0,NA,NA,NA,NA,NA,NA,NA,NA,NA,NA,NA   NA   NA   NA,NA   NA   NA   NA
STTD_2019-01-22 11:37:00,1/22/2019 11:37,STTD,2019,W,TRUE,CLR,NA,1,10.6,0.12,272,374,8.25,7.2,147.3,10,Regular,499500,523900,24400,24400,74.94672211,74.94672211,1,NA,NA,Aquatic Insects,44,Family,Corixidae,Corixidae,Pupae,0,0,0,NA,NA,NA,NA,NA,NA,NA,NA,NA,NA,NA   NA   NA   NA,NA   NA   NA   NA
STTD_2019-01-22 11:37:00,1/22/2019 11:37,STTD,2019,W,TRUE,CLR,NA,1,10.6,0.12,272,374,8.25,7.2,147.3,10,Regular,499500,523900,24400,24400,74.94672211,74.94672211,1,NA,NA,Aquatic Insects,44,Family,Corixidae,Corixidae,Nymphs,59,0.787,0.787,NA,NA,NA,NA,NA,NA,NA,NA,NA,NA,NA   NA   NA   NA,NA   NA   NA   NA
STTD_2019-01-22 11:37:00,1/22/2019 11:37,STTD,2019,W,TRUE,CLR,NA,1,10.6,0.12,272,374,8.25,7.2,147.3,10,Regular,499500,523900,24400,24400,74.94672211,74.94672211,1,NA,NA,Aquatic Insects,44,Family,Corixidae,Corixidae,Emergents,0,0,0,NA,NA,NA,NA,NA,NA,NA,NA,NA,NA,NA   NA   NA   NA,NA   NA   NA   NA
STTD_2019-01-22 11:37:00,1/22/2019 11:37,STTD,2019,W,TRUE,CLR,NA,1,10.6,0.12,272,374,8.25,7.2,147.3,10,Regular,499500,523900,24400,24400,74.94672211,74.94672211,1,NA,NA,Aquatic Insects,44,Family,Corixidae,Corixidae,Adults,1,0.013,0.013,NA,NA,NA,NA,NA,NA,NA,NA,NA,NA,NA   NA   NA   NA,NA   NA   NA   NA
STTD_2019-01-22 11:37:00,1/22/2019 11:37,STTD,2019,W,TRUE,CLR,NA,1,10.6,0.12,272,374,8.25,7.2,147.3,10,Regular,499500,523900,24400,24400,74.94672211,74.94672211,1,NA,NA,Aquatic Insects,44,Family,Corixidae,Corixidae,NotDetermined,0,0,0,NA,NA,NA,NA,NA,NA,NA,NA,NA,NA,NA   NA   NA   NA,NA   NA   NA   NA
STTD_2019-01-22 11:37:00,1/22/2019 11:37,STTD,2019,W,TRUE,CLR,NA,1,10.6,0.12,272,374,8.25,7.2,147.3,10,Regular,499500,523900,24400,24400,74.94672211,74.94672211,1,NA,NA,Aquatic Insects,46,Family,Coenagrionidae,Coenagrionidae,Larvae,2,0.027,0.027,NA,NA,NA,NA,NA,NA,NA,NA,NA,NA,NA   NA   NA   NA,NA   NA   NA   NA
STTD_2019-01-22 11:37:00,1/22/2019 11:37,STTD,2019,W,TRUE,CLR,NA,1,10.6,0.12,272,374,8.25,7.2,147.3,10,Regular,499500,523900,24400,24400,74.94672211,74.94672211,1,NA,NA,Aquatic Insects,46,Family,Coenagrionidae,Coenagrionidae,Pupae,0,0,0,NA,NA,NA,NA,NA,NA,NA,NA,NA,NA,NA   NA   NA   NA,NA   NA   NA   NA
STTD_2019-01-22 11:37:00,1/22/2019 11:37,STTD,2019,W,TRUE,CLR,NA,1,10.6,0.12,272,374,8.25,7.2,147.3,10,Regular,499500,523900,24400,24400,74.94672211,74.94672211,1,NA,NA,Aquatic Insects,46,Family,Coenagrionidae,Coenagrionidae,Nymphs,0,0,0,NA,NA,NA,NA,NA,NA,NA,NA,NA,NA,NA   NA   NA   NA,NA   NA   NA   NA
STTD_2019-01-22 11:37:00,1/22/2019 11:37,STTD,2019,W,TRUE,CLR,NA,1,10.6,0.12,272,374,8.25,7.2,147.3,10,Regular,499500,523900,24400,24400,74.94672211,74.94672211,1,NA,NA,Aquatic Insects,46,Family,Coenagrionidae,Coenagrionidae,Emergents,0,0,0,NA,NA,NA,NA,NA,NA,NA,NA,NA,NA,NA   NA   NA   NA,NA   NA   NA   NA
STTD_2019-01-22 11:37:00,1/22/2019 11:37,STTD,2019,W,TRUE,CLR,NA,1,10.6,0.12,272,374,8.25,7.2,147.3,10,Regular,499500,523900,24400,24400,74.94672211,74.94672211,1,NA,NA,Aquatic Insects,46,Family,Coenagrionidae,Coenagrionidae,Adults,0,0,0,NA,NA,NA,NA,NA,NA,NA,NA,NA,NA,NA   NA   NA   NA,NA   NA   NA   NA
STTD_2019-01-22 11:37:00,1/22/2019 11:37,STTD,2019,W,TRUE,CLR,NA,1,10.6,0.12,272,374,8.25,7.2,147.3,10,Regular,499500,523900,24400,24400,74.94672211,74.94672211,1,NA,NA,Aquatic Insects,46,Family,Coenagrionidae,Coenagrionidae,NotDetermined,0,0,0,NA,NA,NA,NA,NA,NA,NA,NA,NA,NA,NA   NA   NA   NA,NA   NA   NA   NA
STTD_2019-01-22 11:37:00,1/22/2019 11:37,STTD,2019,W,TRUE,CLR,NA,1,10.6,0.12,272,374,8.25,7.2,147.3,10,Regular,499500,523900,24400,24400,74.94672211,74.94672211,1,NA,NA,Aquatic Non-Insects,4,Family,Naididae,Naididae,Larvae,0,0,0,NA,NA,NA,NA,NA,NA,NA,NA,NA,NA,NA   NA   NA   NA,NA   NA   NA   NA
STTD_2019-01-22 11:37:00,1/22/2019 11:37,STTD,2019,W,TRUE,CLR,NA,1,10.6,0.12,272,374,8.25,7.2,147.3,10,Regular,499500,523900,24400,24400,74.94672211,74.94672211,1,NA,NA,Aquatic Non-Insects,4,Family,Naididae,Naididae,Pupae,0,0,0,NA,NA,NA,NA,NA,NA,NA,NA,NA,NA,NA   NA   NA   NA,NA   NA   NA   NA
STTD_2019-01-22 11:37:00,1/22/2019 11:37,STTD,2019,W,TRUE,CLR,NA,1,10.6,0.12,272,374,8.25,7.2,147.3,10,Regular,499500,523900,24400,24400,74.94672211,74.94672211,1,NA,NA,Aquatic Non-Insects,4,Family,Naididae,Naididae,Nymphs,0,0,0,NA,NA,NA,NA,NA,NA,NA,NA,NA,NA,NA   NA   NA   NA,NA   NA   NA   NA
STTD_2019-01-22 11:37:00,1/22/2019 11:37,STTD,2019,W,TRUE,CLR,NA,1,10.6,0.12,272,374,8.25,7.2,147.3,10,Regular,499500,523900,24400,24400,74.94672211,74.94672211,1,NA,NA,Aquatic Non-Insects,4,Family,Naididae,Naididae,Emergents,0,0,0,NA,NA,NA,NA,NA,NA,NA,NA,NA,NA,NA   NA   NA   NA,NA   NA   NA   NA
STTD_2019-01-22 11:37:00,1/22/2019 11:37,STTD,2019,W,TRUE,CLR,NA,1,10.6,0.12,272,374,8.25,7.2,147.3,10,Regular,499500,523900,24400,24400,74.94672211,74.94672211,1,NA,NA,Aquatic Non-Insects,4,Family,Naididae,Naididae,Adults,0,0,0,NA,NA,NA,NA,NA,NA,NA,NA,NA,NA,NA   NA   NA   NA,NA   NA   NA   NA
STTD_2019-01-22 11:37:00,1/22/2019 11:37,STTD,2019,W,TRUE,CLR,NA,1,10.6,0.12,272,374,8.25,7.2,147.3,10,Regular,499500,523900,24400,24400,74.94672211,74.94672211,1,NA,NA,Aquatic Non-Insects,4,Family,Naididae,Naididae,NotDetermined,26,0.347,0.347,NA,NA,NA,NA,NA,NA,NA,NA,NA,NA,NA   NA   NA   NA,NA   NA   NA   NA
STTD_2019-01-22 11:37:00,1/22/2019 11:37,STTD,2019,W,TRUE,CLR,NA,1,10.6,0.12,272,374,8.25,7.2,147.3,10,Regular,499500,523900,24400,24400,74.94672211,74.94672211,1,NA,NA,Aquatic Non-Insects,123,Family,Pionidae,Pionidae,Larvae,0,0,0,NA,NA,NA,NA,NA,NA,NA,NA,NA,NA,NA   NA   NA   NA,NA   NA   NA   NA
STTD_2019-01-22 11:37:00,1/22/2019 11:37,STTD,2019,W,TRUE,CLR,NA,1,10.6,0.12,272,374,8.25,7.2,147.3,10,Regular,499500,523900,24400,24400,74.94672211,74.94672211,1,NA,NA,Aquatic Non-Insects,123,Family,Pionidae,Pionidae,Pupae,0,0,0,NA,NA,NA,NA,NA,NA,NA,NA,NA,NA,NA   NA   NA   NA,NA   NA   NA   NA
STTD_2019-01-22 11:37:00,1/22/2019 11:37,STTD,2019,W,TRUE,CLR,NA,1,10.6,0.12,272,374,8.25,7.2,147.3,10,Regular,499500,523900,24400,24400,74.94672211,74.94672211,1,NA,NA,Aquatic Non-Insects,123,Family,Pionidae,Pionidae,Nymphs,0,0,0,NA,NA,NA,NA,NA,NA,NA,NA,NA,NA,NA   NA   NA   NA,NA   NA   NA   NA
STTD_2019-01-22 11:37:00,1/22/2019 11:37,STTD,2019,W,TRUE,CLR,NA,1,10.6,0.12,272,374,8.25,7.2,147.3,10,Regular,499500,523900,24400,24400,74.94672211,74.94672211,1,NA,NA,Aquatic Non-Insects,123,Family,Pionidae,Pionidae,Emergents,0,0,0,NA,NA,NA,NA,NA,NA,NA,NA,NA,NA,NA   NA   NA   NA,NA   NA   NA   NA
STTD_2019-01-22 11:37:00,1/22/2019 11:37,STTD,2019,W,TRUE,CLR,NA,1,10.6,0.12,272,374,8.25,7.2,147.3,10,Regular,499500,523900,24400,24400,74.94672211,74.94672211,1,NA,NA,Aquatic Non-Insects,123,Family,Pionidae,Pionidae,Adults,0,0,0,NA,NA,NA,NA,NA,NA,NA,NA,NA,NA,NA   NA   NA   NA,NA   NA   NA   NA
STTD_2019-01-22 11:37:00,1/22/2019 11:37,STTD,2019,W,TRUE,CLR,NA,1,10.6,0.12,272,374,8.25,7.2,147.3,10,Regular,499500,523900,24400,24400,74.94672211,74.94672211,1,NA,NA,Aquatic Non-Insects,123,Family,Pionidae,Pionidae,NotDetermined,1,0.013,0.013,NA,NA,NA,NA,NA,NA,NA,NA,NA,NA,NA   NA   NA   NA,NA   NA   NA   NA
STTD_2019-01-22 11:37:00,1/22/2019 11:37,STTD,2019,W,TRUE,CLR,NA,1,10.6,0.12,272,374,8.25,7.2,147.3,10,Regular,499500,523900,24400,24400,74.94672211,74.94672211,1,NA,NA,Aquatic Non-Insects,9,Family,Corophiidae,Corophiidae,Larvae,0,0,0,NA,NA,NA,NA,NA,NA,NA,NA,NA,NA,NA   NA   NA   NA,NA   NA   NA   NA
STTD_2019-01-22 11:37:00,1/22/2019 11:37,STTD,2019,W,TRUE,CLR,NA,1,10.6,0.12,272,374,8.25,7.2,147.3,10,Regular,499500,523900,24400,24400,74.94672211,74.94672211,1,NA,NA,Aquatic Non-Insects,9,Family,Corophiidae,Corophiidae,Pupae,0,0,0,NA,NA,NA,NA,NA,NA,NA,NA,NA,NA,NA   NA   NA   NA,NA   NA   NA   NA
STTD_2019-01-22 11:37:00,1/22/2019 11:37,STTD,2019,W,TRUE,CLR,NA,1,10.6,0.12,272,374,8.25,7.2,147.3,10,Regular,499500,523900,24400,24400,74.94672211,74.94672211,1,NA,NA,Aquatic Non-Insects,9,Family,Corophiidae,Corophiidae,Nymphs,0,0,0,NA,NA,NA,NA,NA,NA,NA,NA,NA,NA,NA   NA   NA   NA,NA   NA   NA   NA
STTD_2019-01-22 11:37:00,1/22/2019 11:37,STTD,2019,W,TRUE,CLR,NA,1,10.6,0.12,272,374,8.25,7.2,147.3,10,Regular,499500,523900,24400,24400,74.94672211,74.94672211,1,NA,NA,Aquatic Non-Insects,9,Family,Corophiidae,Corophiidae,Emergents,0,0,0,NA,NA,NA,NA,NA,NA,NA,NA,NA,NA,NA   NA   NA   NA,NA   NA   NA   NA
STTD_2019-01-22 11:37:00,1/22/2019 11:37,STTD,2019,W,TRUE,CLR,NA,1,10.6,0.12,272,374,8.25,7.2,147.3,10,Regular,499500,523900,24400,24400,74.94672211,74.94672211,1,NA,NA,Aquatic Non-Insects,9,Family,Corophiidae,Corophiidae,Adults,0,0,0,NA,NA,NA,NA,NA,NA,NA,NA,NA,NA,NA   NA   NA   NA,NA   NA   NA   NA
STTD_2019-01-22 11:37:00,1/22/2019 11:37,STTD,2019,W,TRUE,CLR,NA,1,10.6,0.12,272,374,8.25,7.2,147.3,10,Regular,499500,523900,24400,24400,74.94672211,74.94672211,1,NA,NA,Aquatic Non-Insects,9,Family,Corophiidae,Corophiidae,NotDetermined,5,0.067,0.067,NA,NA,NA,NA,NA,NA,NA,NA,NA,NA,NA   NA   NA   NA,NA   NA   NA   NA
STTD_2019-01-22 11:37:00,1/22/2019 11:37,STTD,2019,W,TRUE,CLR,NA,1,10.6,0.12,272,374,8.25,7.2,147.3,10,Regular,499500,523900,24400,24400,74.94672211,74.94672211,1,NA,NA,Aquatic Non-Insects,15,Family,Hyalellidae,Hyalellidae,Larvae,0,0,0,NA,NA,NA,NA,NA,NA,NA,NA,NA,NA,NA   NA   NA   NA,NA   NA   NA   NA
STTD_2019-01-22 11:37:00,1/22/2019 11:37,STTD,2019,W,TRUE,CLR,NA,1,10.6,0.12,272,374,8.25,7.2,147.3,10,Regular,499500,523900,24400,24400,74.94672211,74.94672211,1,NA,NA,Aquatic Non-Insects,15,Family,Hyalellidae,Hyalellidae,Pupae,0,0,0,NA,NA,NA,NA,NA,NA,NA,NA,NA,NA,NA   NA   NA   NA,NA   NA   NA   NA
STTD_2019-01-22 11:37:00,1/22/2019 11:37,STTD,2019,W,TRUE,CLR,NA,1,10.6,0.12,272,374,8.25,7.2,147.3,10,Regular,499500,523900,24400,24400,74.94672211,74.94672211,1,NA,NA,Aquatic Non-Insects,15,Family,Hyalellidae,Hyalellidae,Nymphs,0,0,0,NA,NA,NA,NA,NA,NA,NA,NA,NA,NA,NA   NA   NA   NA,NA   NA   NA   NA
STTD_2019-01-22 11:37:00,1/22/2019 11:37,STTD,2019,W,TRUE,CLR,NA,1,10.6,0.12,272,374,8.25,7.2,147.3,10,Regular,499500,523900,24400,24400,74.94672211,74.94672211,1,NA,NA,Aquatic Non-Insects,15,Family,Hyalellidae,Hyalellidae,Emergents,0,0,0,NA,NA,NA,NA,NA,NA,NA,NA,NA,NA,NA   NA   NA   NA,NA   NA   NA   NA
STTD_2019-01-22 11:37:00,1/22/2019 11:37,STTD,2019,W,TRUE,CLR,NA,1,10.6,0.12,272,374,8.25,7.2,147.3,10,Regular,499500,523900,24400,24400,74.94672211,74.94672211,1,NA,NA,Aquatic Non-Insects,15,Family,Hyalellidae,Hyalellidae,Adults,0,0,0,NA,NA,NA,NA,NA,NA,NA,NA,NA,NA,NA   NA   NA   NA,NA   NA   NA   NA
STTD_2019-01-22 11:37:00,1/22/2019 11:37,STTD,2019,W,TRUE,CLR,NA,1,10.6,0.12,272,374,8.25,7.2,147.3,10,Regular,499500,523900,24400,24400,74.94672211,74.94672211,1,NA,NA,Aquatic Non-Insects,15,Family,Hyalellidae,Hyalellidae,NotDetermined,33,0.44,0.44,NA,NA,NA,NA,NA,NA,NA,NA,NA,NA,NA   NA   NA   NA,NA   NA   NA   NA
STTD_2019-01-22 11:37:00,1/22/2019 11:37,STTD,2019,W,TRUE,CLR,NA,1,10.6,0.12,272,374,8.25,7.2,147.3,10,Regular,499500,523900,24400,24400,74.94672211,74.94672211,1,NA,NA,Aquatic Non-Insects,118,Class,Ostracoda,Ostracod,Larvae,0,0,0,NA,NA,NA,NA,NA,NA,NA,NA,NA,NA,NA   NA   NA   NA,NA   NA   NA   NA
STTD_2019-01-22 11:37:00,1/22/2019 11:37,STTD,2019,W,TRUE,CLR,NA,1,10.6,0.12,272,374,8.25,7.2,147.3,10,Regular,499500,523900,24400,24400,74.94672211,74.94672211,1,NA,NA,Aquatic Non-Insects,118,Class,Ostracoda,Ostracod,Pupae,0,0,0,NA,NA,NA,NA,NA,NA,NA,NA,NA,NA,NA   NA   NA   NA,NA   NA   NA   NA
STTD_2019-01-22 11:37:00,1/22/2019 11:37,STTD,2019,W,TRUE,CLR,NA,1,10.6,0.12,272,374,8.25,7.2,147.3,10,Regular,499500,523900,24400,24400,74.94672211,74.94672211,1,NA,NA,Aquatic Non-Insects,118,Class,Ostracoda,Ostracod,Nymphs,0,0,0,NA,NA,NA,NA,NA,NA,NA,NA,NA,NA,NA   NA   NA   NA,NA   NA   NA   NA
STTD_2019-01-22 11:37:00,1/22/2019 11:37,STTD,2019,W,TRUE,CLR,NA,1,10.6,0.12,272,374,8.25,7.2,147.3,10,Regular,499500,523900,24400,24400,74.94672211,74.94672211,1,NA,NA,Aquatic Non-Insects,118,Class,Ostracoda,Ostracod,Emergents,0,0,0,NA,NA,NA,NA,NA,NA,NA,NA,NA,NA,NA   NA   NA   NA,NA   NA   NA   NA
STTD_2019-01-22 11:37:00,1/22/2019 11:37,STTD,2019,W,TRUE,CLR,NA,1,10.6,0.12,272,374,8.25,7.2,147.3,10,Regular,499500,523900,24400,24400,74.94672211,74.94672211,1,NA,NA,Aquatic Non-Insects,118,Class,Ostracoda,Ostracod,Adults,0,0,0,NA,NA,NA,NA,NA,NA,NA,NA,NA,NA,NA   NA   NA   NA,NA   NA   NA   NA
STTD_2019-01-22 11:37:00,1/22/2019 11:37,STTD,2019,W,TRUE,CLR,NA,1,10.6,0.12,272,374,8.25,7.2,147.3,10,Regular,499500,523900,24400,24400,74.94672211,74.94672211,1,NA,NA,Aquatic Non-Insects,118,Class,Ostracoda,Ostracod,NotDetermined,18,0.24,0.24,NA,NA,NA,NA,NA,NA,NA,NA,NA,NA,NA   NA   NA   NA,NA   NA   NA   NA
STTD_2019-01-22 11:37:00,1/22/2019 11:37,STTD,2019,W,TRUE,CLR,NA,1,10.6,0.12,272,374,8.25,7.2,147.3,10,Regular,499500,523900,24400,24400,74.94672211,74.94672211,1,NA,NA,Aquatic Non-Insects,18,Family,Hydridae,Hydridae,Larvae,0,0,0,NA,NA,NA,NA,NA,NA,NA,NA,NA,NA,NA   NA   NA   NA,NA   NA   NA   NA
STTD_2019-01-22 11:37:00,1/22/2019 11:37,STTD,2019,W,TRUE,CLR,NA,1,10.6,0.12,272,374,8.25,7.2,147.3,10,Regular,499500,523900,24400,24400,74.94672211,74.94672211,1,NA,NA,Aquatic Non-Insects,18,Family,Hydridae,Hydridae,Pupae,0,0,0,NA,NA,NA,NA,NA,NA,NA,NA,NA,NA,NA   NA   NA   NA,NA   NA   NA   NA
STTD_2019-01-22 11:37:00,1/22/2019 11:37,STTD,2019,W,TRUE,CLR,NA,1,10.6,0.12,272,374,8.25,7.2,147.3,10,Regular,499500,523900,24400,24400,74.94672211,74.94672211,1,NA,NA,Aquatic Non-Insects,18,Family,Hydridae,Hydridae,Nymphs,0,0,0,NA,NA,NA,NA,NA,NA,NA,NA,NA,NA,NA   NA   NA   NA,NA   NA   NA   NA
STTD_2019-01-22 11:37:00,1/22/2019 11:37,STTD,2019,W,TRUE,CLR,NA,1,10.6,0.12,272,374,8.25,7.2,147.3,10,Regular,499500,523900,24400,24400,74.94672211,74.94672211,1,NA,NA,Aquatic Non-Insects,18,Family,Hydridae,Hydridae,Emergents,0,0,0,NA,NA,NA,NA,NA,NA,NA,NA,NA,NA,NA   NA   NA   NA,NA   NA   NA   NA
STTD_2019-01-22 11:37:00,1/22/2019 11:37,STTD,2019,W,TRUE,CLR,NA,1,10.6,0.12,272,374,8.25,7.2,147.3,10,Regular,499500,523900,24400,24400,74.94672211,74.94672211,1,NA,NA,Aquatic Non-Insects,18,Family,Hydridae,Hydridae,Adults,0,0,0,NA,NA,NA,NA,NA,NA,NA,NA,NA,NA,NA   NA   NA   NA,NA   NA   NA   NA
STTD_2019-01-22 11:37:00,1/22/2019 11:37,STTD,2019,W,TRUE,CLR,NA,1,10.6,0.12,272,374,8.25,7.2,147.3,10,Regular,499500,523900,24400,24400,74.94672211,74.94672211,1,NA,NA,Aquatic Non-Insects,18,Family,Hydridae,Hydridae,NotDetermined,1,0.013,0.013,NA,NA,NA,NA,NA,NA,NA,NA,NA,NA,NA   NA   NA   NA,NA   NA   NA   NA
STTD_2019-01-22 11:37:00,1/22/2019 11:37,STTD,2019,W,TRUE,CLR,NA,1,10.6,0.12,272,374,8.25,7.2,147.3,10,Regular,499500,523900,24400,24400,74.94672211,74.94672211,1,NA,NA,Aquatic Non-Insects,20,Family,Physidae,Physidae,Larvae,0,0,0,NA,NA,NA,NA,NA,NA,NA,NA,NA,NA,NA   NA   NA   NA,NA   NA   NA   NA
STTD_2019-01-22 11:37:00,1/22/2019 11:37,STTD,2019,W,TRUE,CLR,NA,1,10.6,0.12,272,374,8.25,7.2,147.3,10,Regular,499500,523900,24400,24400,74.94672211,74.94672211,1,NA,NA,Aquatic Non-Insects,20,Family,Physidae,Physidae,Pupae,0,0,0,NA,NA,NA,NA,NA,NA,NA,NA,NA,NA,NA   NA   NA   NA,NA   NA   NA   NA
STTD_2019-01-22 11:37:00,1/22/2019 11:37,STTD,2019,W,TRUE,CLR,NA,1,10.6,0.12,272,374,8.25,7.2,147.3,10,Regular,499500,523900,24400,24400,74.94672211,74.94672211,1,NA,NA,Aquatic Non-Insects,20,Family,Physidae,Physidae,Nymphs,0,0,0,NA,NA,NA,NA,NA,NA,NA,NA,NA,NA,NA   NA   NA   NA,NA   NA   NA   NA
STTD_2019-01-22 11:37:00,1/22/2019 11:37,STTD,2019,W,TRUE,CLR,NA,1,10.6,0.12,272,374,8.25,7.2,147.3,10,Regular,499500,523900,24400,24400,74.94672211,74.94672211,1,NA,NA,Aquatic Non-Insects,20,Family,Physidae,Physidae,Emergents,0,0,0,NA,NA,NA,NA,NA,NA,NA,NA,NA,NA,NA   NA   NA   NA,NA   NA   NA   NA
STTD_2019-01-22 11:37:00,1/22/2019 11:37,STTD,2019,W,TRUE,CLR,NA,1,10.6,0.12,272,374,8.25,7.2,147.3,10,Regular,499500,523900,24400,24400,74.94672211,74.94672211,1,NA,NA,Aquatic Non-Insects,20,Family,Physidae,Physidae,Adults,0,0,0,NA,NA,NA,NA,NA,NA,NA,NA,NA,NA,NA   NA   NA   NA,NA   NA   NA   NA
STTD_2019-01-22 11:37:00,1/22/2019 11:37,STTD,2019,W,TRUE,CLR,NA,1,10.6,0.12,272,374,8.25,7.2,147.3,10,Regular,499500,523900,24400,24400,74.94672211,74.94672211,1,NA,NA,Aquatic Non-Insects,20,Family,Physidae,Physidae,NotDetermined,1,0.013,0.013,NA,NA,NA,NA,NA,NA,NA,NA,NA,NA,NA   NA   NA   NA,NA   NA   NA   NA
STTD_2019-01-22 11:37:00,1/22/2019 11:37,STTD,2019,W,TRUE,CLR,NA,1,10.6,0.12,272,374,8.25,7.2,147.3,10,Regular,499500,523900,24400,24400,74.94672211,74.94672211,1,NA,NA,Terrestrial Non-Insects,57,Subclass,Acari,Acari,Larvae,0,0,0,NA,NA,NA,NA,NA,NA,NA,NA,NA,NA,NA   NA   NA   NA,NA   NA   NA   NA
STTD_2019-01-22 11:37:00,1/22/2019 11:37,STTD,2019,W,TRUE,CLR,NA,1,10.6,0.12,272,374,8.25,7.2,147.3,10,Regular,499500,523900,24400,24400,74.94672211,74.94672211,1,NA,NA,Terrestrial Non-Insects,57,Subclass,Acari,Acari,Pupae,0,0,0,NA,NA,NA,NA,NA,NA,NA,NA,NA,NA,NA   NA   NA   NA,NA   NA   NA   NA
STTD_2019-01-22 11:37:00,1/22/2019 11:37,STTD,2019,W,TRUE,CLR,NA,1,10.6,0.12,272,374,8.25,7.2,147.3,10,Regular,499500,523900,24400,24400,74.94672211,74.94672211,1,NA,NA,Terrestrial Non-Insects,57,Subclass,Acari,Acari,Nymphs,0,0,0,NA,NA,NA,NA,NA,NA,NA,NA,NA,NA,NA   NA   NA   NA,NA   NA   NA   NA
STTD_2019-01-22 11:37:00,1/22/2019 11:37,STTD,2019,W,TRUE,CLR,NA,1,10.6,0.12,272,374,8.25,7.2,147.3,10,Regular,499500,523900,24400,24400,74.94672211,74.94672211,1,NA,NA,Terrestrial Non-Insects,57,Subclass,Acari,Acari,Emergents,0,0,0,NA,NA,NA,NA,NA,NA,NA,NA,NA,NA,NA   NA   NA   NA,NA   NA   NA   NA
STTD_2019-01-22 11:37:00,1/22/2019 11:37,STTD,2019,W,TRUE,CLR,NA,1,10.6,0.12,272,374,8.25,7.2,147.3,10,Regular,499500,523900,24400,24400,74.94672211,74.94672211,1,NA,NA,Terrestrial Non-Insects,57,Subclass,Acari,Acari,Adults,0,0,0,NA,NA,NA,NA,NA,NA,NA,NA,NA,NA,NA   NA   NA   NA,NA   NA   NA   NA
STTD_2019-01-22 11:37:00,1/22/2019 11:37,STTD,2019,W,TRUE,CLR,NA,1,10.6,0.12,272,374,8.25,7.2,147.3,10,Regular,499500,523900,24400,24400,74.94672211,74.94672211,1,NA,NA,Terrestrial Non-Insects,57,Subclass,Acari,Acari,NotDetermined,3,0.04,0.04,NA,NA,NA,NA,NA,NA,NA,NA,NA,NA,NA   NA   NA   NA,NA   NA   NA   NA
STTD_2019-01-22 11:37:00,1/22/2019 11:37,STTD,2019,W,TRUE,CLR,NA,1,10.6,0.12,272,374,8.25,7.2,147.3,10,Regular,499500,523900,24400,24400,74.94672211,74.94672211,1,NA,NA,Terrestrial Insects,63,Order,Coleoptera,Coleoptera,Larvae,0,0,0,NA,NA,NA,NA,NA,NA,NA,NA,NA,NA,NA   NA   NA   NA,NA   NA   NA   NA
STTD_2019-01-22 11:37:00,1/22/2019 11:37,STTD,2019,W,TRUE,CLR,NA,1,10.6,0.12,272,374,8.25,7.2,147.3,10,Regular,499500,523900,24400,24400,74.94672211,74.94672211,1,NA,NA,Terrestrial Insects,63,Order,Coleoptera,Coleoptera,Pupae,0,0,0,NA,NA,NA,NA,NA,NA,NA,NA,NA,NA,NA   NA   NA   NA,NA   NA   NA   NA
STTD_2019-01-22 11:37:00,1/22/2019 11:37,STTD,2019,W,TRUE,CLR,NA,1,10.6,0.12,272,374,8.25,7.2,147.3,10,Regular,499500,523900,24400,24400,74.94672211,74.94672211,1,NA,NA,Terrestrial Insects,63,Order,Coleoptera,Coleoptera,Nymphs,0,0,0,NA,NA,NA,NA,NA,NA,NA,NA,NA,NA,NA   NA   NA   NA,NA   NA   NA   NA
STTD_2019-01-22 11:37:00,1/22/2019 11:37,STTD,2019,W,TRUE,CLR,NA,1,10.6,0.12,272,374,8.25,7.2,147.3,10,Regular,499500,523900,24400,24400,74.94672211,74.94672211,1,NA,NA,Terrestrial Insects,63,Order,Coleoptera,Coleoptera,Emergents,0,0,0,NA,NA,NA,NA,NA,NA,NA,NA,NA,NA,NA   NA   NA   NA,NA   NA   NA   NA
STTD_2019-01-22 11:37:00,1/22/2019 11:37,STTD,2019,W,TRUE,CLR,NA,1,10.6,0.12,272,374,8.25,7.2,147.3,10,Regular,499500,523900,24400,24400,74.94672211,74.94672211,1,NA,NA,Terrestrial Insects,63,Order,Coleoptera,Coleoptera,Adults,10,0.133,0.133,NA,NA,NA,NA,NA,NA,NA,NA,NA,NA,NA   NA   NA   NA,NA   NA   NA   NA
STTD_2019-01-22 11:37:00,1/22/2019 11:37,STTD,2019,W,TRUE,CLR,NA,1,10.6,0.12,272,374,8.25,7.2,147.3,10,Regular,499500,523900,24400,24400,74.94672211,74.94672211,1,NA,NA,Terrestrial Insects,63,Order,Coleoptera,Coleoptera,NotDetermined,0,0,0,NA,NA,NA,NA,NA,NA,NA,NA,NA,NA,NA   NA   NA   NA,NA   NA   NA   NA
STTD_2019-01-22 11:37:00,1/22/2019 11:37,STTD,2019,W,TRUE,CLR,NA,1,10.6,0.12,272,374,8.25,7.2,147.3,10,Regular,499500,523900,24400,24400,74.94672211,74.94672211,1,NA,NA,Terrestrial Non-Insects,68,Order,Collembola,Collembola,Larvae,0,0,0,NA,NA,NA,NA,NA,NA,NA,NA,NA,NA,NA   NA   NA   NA,NA   NA   NA   NA
STTD_2019-01-22 11:37:00,1/22/2019 11:37,STTD,2019,W,TRUE,CLR,NA,1,10.6,0.12,272,374,8.25,7.2,147.3,10,Regular,499500,523900,24400,24400,74.94672211,74.94672211,1,NA,NA,Terrestrial Non-Insects,68,Order,Collembola,Collembola,Pupae,0,0,0,NA,NA,NA,NA,NA,NA,NA,NA,NA,NA,NA   NA   NA   NA,NA   NA   NA   NA
STTD_2019-01-22 11:37:00,1/22/2019 11:37,STTD,2019,W,TRUE,CLR,NA,1,10.6,0.12,272,374,8.25,7.2,147.3,10,Regular,499500,523900,24400,24400,74.94672211,74.94672211,1,NA,NA,Terrestrial Non-Insects,68,Order,Collembola,Collembola,Nymphs,0,0,0,NA,NA,NA,NA,NA,NA,NA,NA,NA,NA,NA   NA   NA   NA,NA   NA   NA   NA
STTD_2019-01-22 11:37:00,1/22/2019 11:37,STTD,2019,W,TRUE,CLR,NA,1,10.6,0.12,272,374,8.25,7.2,147.3,10,Regular,499500,523900,24400,24400,74.94672211,74.94672211,1,NA,NA,Terrestrial Non-Insects,68,Order,Collembola,Collembola,Emergents,0,0,0,NA,NA,NA,NA,NA,NA,NA,NA,NA,NA,NA   NA   NA   NA,NA   NA   NA   NA
STTD_2019-01-22 11:37:00,1/22/2019 11:37,STTD,2019,W,TRUE,CLR,NA,1,10.6,0.12,272,374,8.25,7.2,147.3,10,Regular,499500,523900,24400,24400,74.94672211,74.94672211,1,NA,NA,Terrestrial Non-Insects,68,Order,Collembola,Collembola,Adults,8,0.107,0.107,NA,NA,NA,NA,NA,NA,NA,NA,NA,NA,NA   NA   NA   NA,NA   NA   NA   NA
STTD_2019-01-22 11:37:00,1/22/2019 11:37,STTD,2019,W,TRUE,CLR,NA,1,10.6,0.12,272,374,8.25,7.2,147.3,10,Regular,499500,523900,24400,24400,74.94672211,74.94672211,1,NA,NA,Terrestrial Non-Insects,68,Order,Collembola,Collembola,NotDetermined,0,0,0,NA,NA,NA,NA,NA,NA,NA,NA,NA,NA,NA   NA   NA   NA,NA   NA   NA   NA
STTD_2019-01-22 11:37:00,1/22/2019 11:37,STTD,2019,W,TRUE,CLR,NA,1,10.6,0.12,272,374,8.25,7.2,147.3,10,Regular,499500,523900,24400,24400,74.94672211,74.94672211,1,NA,NA,Terrestrial Insects,192,Family,Phoridae,Phoridae,Larvae,0,0,0,NA,NA,NA,NA,NA,NA,NA,NA,NA,NA,NA   NA   NA   NA,NA   NA   NA   NA
STTD_2019-01-22 11:37:00,1/22/2019 11:37,STTD,2019,W,TRUE,CLR,NA,1,10.6,0.12,272,374,8.25,7.2,147.3,10,Regular,499500,523900,24400,24400,74.94672211,74.94672211,1,NA,NA,Terrestrial Insects,192,Family,Phoridae,Phoridae,Pupae,0,0,0,NA,NA,NA,NA,NA,NA,NA,NA,NA,NA,NA   NA   NA   NA,NA   NA   NA   NA
STTD_2019-01-22 11:37:00,1/22/2019 11:37,STTD,2019,W,TRUE,CLR,NA,1,10.6,0.12,272,374,8.25,7.2,147.3,10,Regular,499500,523900,24400,24400,74.94672211,74.94672211,1,NA,NA,Terrestrial Insects,192,Family,Phoridae,Phoridae,Nymphs,0,0,0,NA,NA,NA,NA,NA,NA,NA,NA,NA,NA,NA   NA   NA   NA,NA   NA   NA   NA
STTD_2019-01-22 11:37:00,1/22/2019 11:37,STTD,2019,W,TRUE,CLR,NA,1,10.6,0.12,272,374,8.25,7.2,147.3,10,Regular,499500,523900,24400,24400,74.94672211,74.94672211,1,NA,NA,Terrestrial Insects,192,Family,Phoridae,Phoridae,Emergents,0,0,0,NA,NA,NA,NA,NA,NA,NA,NA,NA,NA,NA   NA   NA   NA,NA   NA   NA   NA
STTD_2019-01-22 11:37:00,1/22/2019 11:37,STTD,2019,W,TRUE,CLR,NA,1,10.6,0.12,272,374,8.25,7.2,147.3,10,Regular,499500,523900,24400,24400,74.94672211,74.94672211,1,NA,NA,Terrestrial Insects,192,Family,Phoridae,Phoridae,Adults,2,0.027,0.027,NA,NA,NA,NA,NA,NA,NA,NA,NA,NA,NA   NA   NA   NA,NA   NA   NA   NA
STTD_2019-01-22 11:37:00,1/22/2019 11:37,STTD,2019,W,TRUE,CLR,NA,1,10.6,0.12,272,374,8.25,7.2,147.3,10,Regular,499500,523900,24400,24400,74.94672211,74.94672211,1,NA,NA,Terrestrial Insects,192,Family,Phoridae,Phoridae,NotDetermined,0,0,0,NA,NA,NA,NA,NA,NA,NA,NA,NA,NA,NA   NA   NA   NA,NA   NA   NA   NA
STTD_2019-01-22 11:37:00,1/22/2019 11:37,STTD,2019,W,TRUE,CLR,NA,1,10.6,0.12,272,374,8.25,7.2,147.3,10,Regular,499500,523900,24400,24400,74.94672211,74.94672211,1,NA,NA,Terrestrial Insects,193,Family,Mesoveliidae,Mesoveliidae,Larvae,0,0,0,NA,NA,NA,NA,NA,NA,NA,NA,NA,NA,NA   NA   NA   NA,NA   NA   NA   NA
STTD_2019-01-22 11:37:00,1/22/2019 11:37,STTD,2019,W,TRUE,CLR,NA,1,10.6,0.12,272,374,8.25,7.2,147.3,10,Regular,499500,523900,24400,24400,74.94672211,74.94672211,1,NA,NA,Terrestrial Insects,193,Family,Mesoveliidae,Mesoveliidae,Pupae,0,0,0,NA,NA,NA,NA,NA,NA,NA,NA,NA,NA,NA   NA   NA   NA,NA   NA   NA   NA
STTD_2019-01-22 11:37:00,1/22/2019 11:37,STTD,2019,W,TRUE,CLR,NA,1,10.6,0.12,272,374,8.25,7.2,147.3,10,Regular,499500,523900,24400,24400,74.94672211,74.94672211,1,NA,NA,Terrestrial Insects,193,Family,Mesoveliidae,Mesoveliidae,Nymphs,0,0,0,NA,NA,NA,NA,NA,NA,NA,NA,NA,NA,NA   NA   NA   NA,NA   NA   NA   NA
STTD_2019-01-22 11:37:00,1/22/2019 11:37,STTD,2019,W,TRUE,CLR,NA,1,10.6,0.12,272,374,8.25,7.2,147.3,10,Regular,499500,523900,24400,24400,74.94672211,74.94672211,1,NA,NA,Terrestrial Insects,193,Family,Mesoveliidae,Mesoveliidae,Emergents,0,0,0,NA,NA,NA,NA,NA,NA,NA,NA,NA,NA,NA   NA   NA   NA,NA   NA   NA   NA
STTD_2019-01-22 11:37:00,1/22/2019 11:37,STTD,2019,W,TRUE,CLR,NA,1,10.6,0.12,272,374,8.25,7.2,147.3,10,Regular,499500,523900,24400,24400,74.94672211,74.94672211,1,NA,NA,Terrestrial Insects,193,Family,Mesoveliidae,Mesoveliidae,Adults,1,0.013,0.013,NA,NA,NA,NA,NA,NA,NA,NA,NA,NA,NA   NA   NA   NA,NA   NA   NA   NA
STTD_2019-01-22 11:37:00,1/22/2019 11:37,STTD,2019,W,TRUE,CLR,NA,1,10.6,0.12,272,374,8.25,7.2,147.3,10,Regular,499500,523900,24400,24400,74.94672211,74.94672211,1,NA,NA,Terrestrial Insects,193,Family,Mesoveliidae,Mesoveliidae,NotDetermined,0,0,0,NA,NA,NA,NA,NA,NA,NA,NA,NA,NA,NA   NA   NA   NA,NA   NA   NA   NA
SHR_2019-01-23 09:45:00,1/23/2019 9:45,SHR,2019,W,TRUE,CLR,NA,1,10.4,0.14,108,150,7.67,9.7,74,10,Regular,524000,536626,12626,12626,38.7818571,38.7818571,1,NA,NA,Aquatic Insects,34,Family,Chironomidae,Chironomidae,Larvae,1,0.026,0.026,NA,NA,NA,NA,NA,NA,NA,NA,NA,NA,NA   NA   NA   NA,NA   NA   NA   NA
SHR_2019-01-23 09:45:00,1/23/2019 9:45,SHR,2019,W,TRUE,CLR,NA,1,10.4,0.14,108,150,7.67,9.7,74,10,Regular,524000,536626,12626,12626,38.7818571,38.7818571,1,NA,NA,Aquatic Insects,34,Family,Chironomidae,Chironomidae,Pupae,1,0.026,0.026,NA,NA,NA,NA,NA,NA,NA,NA,NA,NA,NA   NA   NA   NA,NA   NA   NA   NA
SHR_2019-01-23 09:45:00,1/23/2019 9:45,SHR,2019,W,TRUE,CLR,NA,1,10.4,0.14,108,150,7.67,9.7,74,10,Regular,524000,536626,12626,12626,38.7818571,38.7818571,1,NA,NA,Aquatic Insects,34,Family,Chironomidae,Chironomidae,Nymphs,0,0,0,NA,NA,NA,NA,NA,NA,NA,NA,NA,NA,NA   NA   NA   NA,NA   NA   NA   NA
SHR_2019-01-23 09:45:00,1/23/2019 9:45,SHR,2019,W,TRUE,CLR,NA,1,10.4,0.14,108,150,7.67,9.7,74,10,Regular,524000,536626,12626,12626,38.7818571,38.7818571,1,NA,NA,Aquatic Insects,34,Family,Chironomidae,Chironomidae,Emergents,0,0,0,NA,NA,NA,NA,NA,NA,NA,NA,NA,NA,NA   NA   NA   NA,NA   NA   NA   NA
SHR_2019-01-23 09:45:00,1/23/2019 9:45,SHR,2019,W,TRUE,CLR,NA,1,10.4,0.14,108,150,7.67,9.7,74,10,Regular,524000,536626,12626,12626,38.7818571,38.7818571,1,NA,NA,Aquatic Insects,34,Family,Chironomidae,Chironomidae,Adults,1,0.026,0.026,NA,NA,NA,NA,NA,NA,NA,NA,NA,NA,NA   NA   NA   NA,NA   NA   NA   NA
SHR_2019-01-23 09:45:00,1/23/2019 9:45,SHR,2019,W,TRUE,CLR,NA,1,10.4,0.14,108,150,7.67,9.7,74,10,Regular,524000,536626,12626,12626,38.7818571,38.7818571,1,NA,NA,Aquatic Insects,34,Family,Chironomidae,Chironomidae,NotDetermined,0,0,0,NA,NA,NA,NA,NA,NA,NA,NA,NA,NA,NA   NA   NA   NA,NA   NA   NA   NA
SHR_2019-01-23 09:45:00,1/23/2019 9:45,SHR,2019,W,TRUE,CLR,NA,1,10.4,0.14,108,150,7.67,9.7,74,10,Regular,524000,536626,12626,12626,38.7818571,38.7818571,1,NA,NA,Aquatic Insects,44,Family,Corixidae,Corixidae,Larvae,0,0,0,NA,NA,NA,NA,NA,NA,NA,NA,NA,NA,NA   NA   NA   NA,NA   NA   NA   NA
SHR_2019-01-23 09:45:00,1/23/2019 9:45,SHR,2019,W,TRUE,CLR,NA,1,10.4,0.14,108,150,7.67,9.7,74,10,Regular,524000,536626,12626,12626,38.7818571,38.7818571,1,NA,NA,Aquatic Insects,44,Family,Corixidae,Corixidae,Pupae,0,0,0,NA,NA,NA,NA,NA,NA,NA,NA,NA,NA,NA   NA   NA   NA,NA   NA   NA   NA
SHR_2019-01-23 09:45:00,1/23/2019 9:45,SHR,2019,W,TRUE,CLR,NA,1,10.4,0.14,108,150,7.67,9.7,74,10,Regular,524000,536626,12626,12626,38.7818571,38.7818571,1,NA,NA,Aquatic Insects,44,Family,Corixidae,Corixidae,Nymphs,1,0.026,0.026,NA,NA,NA,NA,NA,NA,NA,NA,NA,NA,NA   NA   NA   NA,NA   NA   NA   NA
SHR_2019-01-23 09:45:00,1/23/2019 9:45,SHR,2019,W,TRUE,CLR,NA,1,10.4,0.14,108,150,7.67,9.7,74,10,Regular,524000,536626,12626,12626,38.7818571,38.7818571,1,NA,NA,Aquatic Insects,44,Family,Corixidae,Corixidae,Emergents,0,0,0,NA,NA,NA,NA,NA,NA,NA,NA,NA,NA,NA   NA   NA   NA,NA   NA   NA   NA
SHR_2019-01-23 09:45:00,1/23/2019 9:45,SHR,2019,W,TRUE,CLR,NA,1,10.4,0.14,108,150,7.67,9.7,74,10,Regular,524000,536626,12626,12626,38.7818571,38.7818571,1,NA,NA,Aquatic Insects,44,Family,Corixidae,Corixidae,Adults,0,0,0,NA,NA,NA,NA,NA,NA,NA,NA,NA,NA,NA   NA   NA   NA,NA   NA   NA   NA
SHR_2019-01-23 09:45:00,1/23/2019 9:45,SHR,2019,W,TRUE,CLR,NA,1,10.4,0.14,108,150,7.67,9.7,74,10,Regular,524000,536626,12626,12626,38.7818571,38.7818571,1,NA,NA,Aquatic Insects,44,Family,Corixidae,Corixidae,NotDetermined,0,0,0,NA,NA,NA,NA,NA,NA,NA,NA,NA,NA,NA   NA   NA   NA,NA   NA   NA   NA
SHR_2019-01-23 09:45:00,1/23/2019 9:45,SHR,2019,W,TRUE,CLR,NA,1,10.4,0.14,108,150,7.67,9.7,74,10,Regular,524000,536626,12626,12626,38.7818571,38.7818571,1,NA,NA,Aquatic Non-Insects,4,Family,Naididae,Naididae,Larvae,0,0,0,NA,NA,NA,NA,NA,NA,NA,NA,NA,NA,NA   NA   NA   NA,NA   NA   NA   NA
SHR_2019-01-23 09:45:00,1/23/2019 9:45,SHR,2019,W,TRUE,CLR,NA,1,10.4,0.14,108,150,7.67,9.7,74,10,Regular,524000,536626,12626,12626,38.7818571,38.7818571,1,NA,NA,Aquatic Non-Insects,4,Family,Naididae,Naididae,Pupae,0,0,0,NA,NA,NA,NA,NA,NA,NA,NA,NA,NA,NA   NA   NA   NA,NA   NA   NA   NA
SHR_2019-01-23 09:45:00,1/23/2019 9:45,SHR,2019,W,TRUE,CLR,NA,1,10.4,0.14,108,150,7.67,9.7,74,10,Regular,524000,536626,12626,12626,38.7818571,38.7818571,1,NA,NA,Aquatic Non-Insects,4,Family,Naididae,Naididae,Nymphs,0,0,0,NA,NA,NA,NA,NA,NA,NA,NA,NA,NA,NA   NA   NA   NA,NA   NA   NA   NA
SHR_2019-01-23 09:45:00,1/23/2019 9:45,SHR,2019,W,TRUE,CLR,NA,1,10.4,0.14,108,150,7.67,9.7,74,10,Regular,524000,536626,12626,12626,38.7818571,38.7818571,1,NA,NA,Aquatic Non-Insects,4,Family,Naididae,Naididae,Emergents,0,0,0,NA,NA,NA,NA,NA,NA,NA,NA,NA,NA,NA   NA   NA   NA,NA   NA   NA   NA
SHR_2019-01-23 09:45:00,1/23/2019 9:45,SHR,2019,W,TRUE,CLR,NA,1,10.4,0.14,108,150,7.67,9.7,74,10,Regular,524000,536626,12626,12626,38.7818571,38.7818571,1,NA,NA,Aquatic Non-Insects,4,Family,Naididae,Naididae,Adults,0,0,0,NA,NA,NA,NA,NA,NA,NA,NA,NA,NA,NA   NA   NA   NA,NA   NA   NA   NA
SHR_2019-01-23 09:45:00,1/23/2019 9:45,SHR,2019,W,TRUE,CLR,NA,1,10.4,0.14,108,150,7.67,9.7,74,10,Regular,524000,536626,12626,12626,38.7818571,38.7818571,1,NA,NA,Aquatic Non-Insects,4,Family,Naididae,Naididae,NotDetermined,8,0.206,0.206,NA,NA,NA,NA,NA,NA,NA,NA,NA,NA,NA   NA   NA   NA,NA   NA   NA   NA
SHR_2019-01-23 09:45:00,1/23/2019 9:45,SHR,2019,W,TRUE,CLR,NA,1,10.4,0.14,108,150,7.67,9.7,74,10,Regular,524000,536626,12626,12626,38.7818571,38.7818571,1,NA,NA,Aquatic Non-Insects,9,Family,Corophiidae,Corophiidae,Larvae,0,0,0,NA,NA,NA,NA,NA,NA,NA,NA,NA,NA,NA   NA   NA   NA,NA   NA   NA   NA
SHR_2019-01-23 09:45:00,1/23/2019 9:45,SHR,2019,W,TRUE,CLR,NA,1,10.4,0.14,108,150,7.67,9.7,74,10,Regular,524000,536626,12626,12626,38.7818571,38.7818571,1,NA,NA,Aquatic Non-Insects,9,Family,Corophiidae,Corophiidae,Pupae,0,0,0,NA,NA,NA,NA,NA,NA,NA,NA,NA,NA,NA   NA   NA   NA,NA   NA   NA   NA
SHR_2019-01-23 09:45:00,1/23/2019 9:45,SHR,2019,W,TRUE,CLR,NA,1,10.4,0.14,108,150,7.67,9.7,74,10,Regular,524000,536626,12626,12626,38.7818571,38.7818571,1,NA,NA,Aquatic Non-Insects,9,Family,Corophiidae,Corophiidae,Nymphs,0,0,0,NA,NA,NA,NA,NA,NA,NA,NA,NA,NA,NA   NA   NA   NA,NA   NA   NA   NA
SHR_2019-01-23 09:45:00,1/23/2019 9:45,SHR,2019,W,TRUE,CLR,NA,1,10.4,0.14,108,150,7.67,9.7,74,10,Regular,524000,536626,12626,12626,38.7818571,38.7818571,1,NA,NA,Aquatic Non-Insects,9,Family,Corophiidae,Corophiidae,Emergents,0,0,0,NA,NA,NA,NA,NA,NA,NA,NA,NA,NA,NA   NA   NA   NA,NA   NA   NA   NA
SHR_2019-01-23 09:45:00,1/23/2019 9:45,SHR,2019,W,TRUE,CLR,NA,1,10.4,0.14,108,150,7.67,9.7,74,10,Regular,524000,536626,12626,12626,38.7818571,38.7818571,1,NA,NA,Aquatic Non-Insects,9,Family,Corophiidae,Corophiidae,Adults,0,0,0,NA,NA,NA,NA,NA,NA,NA,NA,NA,NA,NA   NA   NA   NA,NA   NA   NA   NA
SHR_2019-01-23 09:45:00,1/23/2019 9:45,SHR,2019,W,TRUE,CLR,NA,1,10.4,0.14,108,150,7.67,9.7,74,10,Regular,524000,536626,12626,12626,38.7818571,38.7818571,1,NA,NA,Aquatic Non-Insects,9,Family,Corophiidae,Corophiidae,NotDetermined,2,0.052,0.052,NA,NA,NA,NA,NA,NA,NA,NA,NA,NA,NA   NA   NA   NA,NA   NA   NA   NA
SHR_2019-01-23 09:45:00,1/23/2019 9:45,SHR,2019,W,TRUE,CLR,NA,1,10.4,0.14,108,150,7.67,9.7,74,10,Regular,524000,536626,12626,12626,38.7818571,38.7818571,1,NA,NA,Aquatic Non-Insects,10,Family,Crangonyctidae,Crangonyctidae,Larvae,0,0,0,NA,NA,NA,NA,NA,NA,NA,NA,NA,NA,NA   NA   NA   NA,NA   NA   NA   NA
SHR_2019-01-23 09:45:00,1/23/2019 9:45,SHR,2019,W,TRUE,CLR,NA,1,10.4,0.14,108,150,7.67,9.7,74,10,Regular,524000,536626,12626,12626,38.7818571,38.7818571,1,NA,NA,Aquatic Non-Insects,10,Family,Crangonyctidae,Crangonyctidae,Pupae,0,0,0,NA,NA,NA,NA,NA,NA,NA,NA,NA,NA,NA   NA   NA   NA,NA   NA   NA   NA
SHR_2019-01-23 09:45:00,1/23/2019 9:45,SHR,2019,W,TRUE,CLR,NA,1,10.4,0.14,108,150,7.67,9.7,74,10,Regular,524000,536626,12626,12626,38.7818571,38.7818571,1,NA,NA,Aquatic Non-Insects,10,Family,Crangonyctidae,Crangonyctidae,Nymphs,0,0,0,NA,NA,NA,NA,NA,NA,NA,NA,NA,NA,NA   NA   NA   NA,NA   NA   NA   NA
SHR_2019-01-23 09:45:00,1/23/2019 9:45,SHR,2019,W,TRUE,CLR,NA,1,10.4,0.14,108,150,7.67,9.7,74,10,Regular,524000,536626,12626,12626,38.7818571,38.7818571,1,NA,NA,Aquatic Non-Insects,10,Family,Crangonyctidae,Crangonyctidae,Emergents,0,0,0,NA,NA,NA,NA,NA,NA,NA,NA,NA,NA,NA   NA   NA   NA,NA   NA   NA   NA
SHR_2019-01-23 09:45:00,1/23/2019 9:45,SHR,2019,W,TRUE,CLR,NA,1,10.4,0.14,108,150,7.67,9.7,74,10,Regular,524000,536626,12626,12626,38.7818571,38.7818571,1,NA,NA,Aquatic Non-Insects,10,Family,Crangonyctidae,Crangonyctidae,Adults,0,0,0,NA,NA,NA,NA,NA,NA,NA,NA,NA,NA,NA   NA   NA   NA,NA   NA   NA   NA
SHR_2019-01-23 09:45:00,1/23/2019 9:45,SHR,2019,W,TRUE,CLR,NA,1,10.4,0.14,108,150,7.67,9.7,74,10,Regular,524000,536626,12626,12626,38.7818571,38.7818571,1,NA,NA,Aquatic Non-Insects,10,Family,Crangonyctidae,Crangonyctidae,NotDetermined,1,0.026,0.026,NA,NA,NA,NA,NA,NA,NA,NA,NA,NA,NA   NA   NA   NA,NA   NA   NA   NA
SHR_2019-01-23 09:45:00,1/23/2019 9:45,SHR,2019,W,TRUE,CLR,NA,1,10.4,0.14,108,150,7.67,9.7,74,10,Regular,524000,536626,12626,12626,38.7818571,38.7818571,1,NA,NA,Aquatic Non-Insects,118,Class,Ostracoda,Ostracod,Larvae,0,0,0,NA,NA,NA,NA,NA,NA,NA,NA,NA,NA,NA   NA   NA   NA,NA   NA   NA   NA
SHR_2019-01-23 09:45:00,1/23/2019 9:45,SHR,2019,W,TRUE,CLR,NA,1,10.4,0.14,108,150,7.67,9.7,74,10,Regular,524000,536626,12626,12626,38.7818571,38.7818571,1,NA,NA,Aquatic Non-Insects,118,Class,Ostracoda,Ostracod,Pupae,0,0,0,NA,NA,NA,NA,NA,NA,NA,NA,NA,NA,NA   NA   NA   NA,NA   NA   NA   NA
SHR_2019-01-23 09:45:00,1/23/2019 9:45,SHR,2019,W,TRUE,CLR,NA,1,10.4,0.14,108,150,7.67,9.7,74,10,Regular,524000,536626,12626,12626,38.7818571,38.7818571,1,NA,NA,Aquatic Non-Insects,118,Class,Ostracoda,Ostracod,Nymphs,0,0,0,NA,NA,NA,NA,NA,NA,NA,NA,NA,NA,NA   NA   NA   NA,NA   NA   NA   NA
SHR_2019-01-23 09:45:00,1/23/2019 9:45,SHR,2019,W,TRUE,CLR,NA,1,10.4,0.14,108,150,7.67,9.7,74,10,Regular,524000,536626,12626,12626,38.7818571,38.7818571,1,NA,NA,Aquatic Non-Insects,118,Class,Ostracoda,Ostracod,Emergents,0,0,0,NA,NA,NA,NA,NA,NA,NA,NA,NA,NA,NA   NA   NA   NA,NA   NA   NA   NA
SHR_2019-01-23 09:45:00,1/23/2019 9:45,SHR,2019,W,TRUE,CLR,NA,1,10.4,0.14,108,150,7.67,9.7,74,10,Regular,524000,536626,12626,12626,38.7818571,38.7818571,1,NA,NA,Aquatic Non-Insects,118,Class,Ostracoda,Ostracod,Adults,0,0,0,NA,NA,NA,NA,NA,NA,NA,NA,NA,NA,NA   NA   NA   NA,NA   NA   NA   NA
SHR_2019-01-23 09:45:00,1/23/2019 9:45,SHR,2019,W,TRUE,CLR,NA,1,10.4,0.14,108,150,7.67,9.7,74,10,Regular,524000,536626,12626,12626,38.7818571,38.7818571,1,NA,NA,Aquatic Non-Insects,118,Class,Ostracoda,Ostracod,NotDetermined,1,0.026,0.026,NA,NA,NA,NA,NA,NA,NA,NA,NA,NA,NA   NA   NA   NA,NA   NA   NA   NA
SHR_2019-01-23 09:45:00,1/23/2019 9:45,SHR,2019,W,TRUE,CLR,NA,1,10.4,0.14,108,150,7.67,9.7,74,10,Regular,524000,536626,12626,12626,38.7818571,38.7818571,1,NA,NA,Terrestrial Insects,63,Order,Coleoptera,Coleoptera,Larvae,0,0,0,NA,NA,NA,NA,NA,NA,NA,NA,NA,NA,NA   NA   NA   NA,NA   NA   NA   NA
SHR_2019-01-23 09:45:00,1/23/2019 9:45,SHR,2019,W,TRUE,CLR,NA,1,10.4,0.14,108,150,7.67,9.7,74,10,Regular,524000,536626,12626,12626,38.7818571,38.7818571,1,NA,NA,Terrestrial Insects,63,Order,Coleoptera,Coleoptera,Pupae,0,0,0,NA,NA,NA,NA,NA,NA,NA,NA,NA,NA,NA   NA   NA   NA,NA   NA   NA   NA
SHR_2019-01-23 09:45:00,1/23/2019 9:45,SHR,2019,W,TRUE,CLR,NA,1,10.4,0.14,108,150,7.67,9.7,74,10,Regular,524000,536626,12626,12626,38.7818571,38.7818571,1,NA,NA,Terrestrial Insects,63,Order,Coleoptera,Coleoptera,Nymphs,0,0,0,NA,NA,NA,NA,NA,NA,NA,NA,NA,NA,NA   NA   NA   NA,NA   NA   NA   NA
SHR_2019-01-23 09:45:00,1/23/2019 9:45,SHR,2019,W,TRUE,CLR,NA,1,10.4,0.14,108,150,7.67,9.7,74,10,Regular,524000,536626,12626,12626,38.7818571,38.7818571,1,NA,NA,Terrestrial Insects,63,Order,Coleoptera,Coleoptera,Emergents,0,0,0,NA,NA,NA,NA,NA,NA,NA,NA,NA,NA,NA   NA   NA   NA,NA   NA   NA   NA
SHR_2019-01-23 09:45:00,1/23/2019 9:45,SHR,2019,W,TRUE,CLR,NA,1,10.4,0.14,108,150,7.67,9.7,74,10,Regular,524000,536626,12626,12626,38.7818571,38.7818571,1,NA,NA,Terrestrial Insects,63,Order,Coleoptera,Coleoptera,Adults,1,0.026,0.026,NA,NA,NA,NA,NA,NA,NA,NA,NA,NA,NA   NA   NA   NA,NA   NA   NA   NA
SHR_2019-01-23 09:45:00,1/23/2019 9:45,SHR,2019,W,TRUE,CLR,NA,1,10.4,0.14,108,150,7.67,9.7,74,10,Regular,524000,536626,12626,12626,38.7818571,38.7818571,1,NA,NA,Terrestrial Insects,63,Order,Coleoptera,Coleoptera,NotDetermined,0,0,0,NA,NA,NA,NA,NA,NA,NA,NA,NA,NA,NA   NA   NA   NA,NA   NA   NA   NA
SHR_2019-01-23 09:45:00,1/23/2019 9:45,SHR,2019,W,TRUE,CLR,NA,1,10.4,0.14,108,150,7.67,9.7,74,10,Regular,524000,536626,12626,12626,38.7818571,38.7818571,1,NA,NA,Aquatic Insects,55,Family,Staphylinidae,Staphylinidae,Larvae,0,0,0,NA,NA,NA,NA,NA,NA,NA,NA,NA,NA,NA   NA   NA   NA,NA   NA   NA   NA
SHR_2019-01-23 09:45:00,1/23/2019 9:45,SHR,2019,W,TRUE,CLR,NA,1,10.4,0.14,108,150,7.67,9.7,74,10,Regular,524000,536626,12626,12626,38.7818571,38.7818571,1,NA,NA,Aquatic Insects,55,Family,Staphylinidae,Staphylinidae,Pupae,0,0,0,NA,NA,NA,NA,NA,NA,NA,NA,NA,NA,NA   NA   NA   NA,NA   NA   NA   NA
SHR_2019-01-23 09:45:00,1/23/2019 9:45,SHR,2019,W,TRUE,CLR,NA,1,10.4,0.14,108,150,7.67,9.7,74,10,Regular,524000,536626,12626,12626,38.7818571,38.7818571,1,NA,NA,Aquatic Insects,55,Family,Staphylinidae,Staphylinidae,Nymphs,0,0,0,NA,NA,NA,NA,NA,NA,NA,NA,NA,NA,NA   NA   NA   NA,NA   NA   NA   NA
SHR_2019-01-23 09:45:00,1/23/2019 9:45,SHR,2019,W,TRUE,CLR,NA,1,10.4,0.14,108,150,7.67,9.7,74,10,Regular,524000,536626,12626,12626,38.7818571,38.7818571,1,NA,NA,Aquatic Insects,55,Family,Staphylinidae,Staphylinidae,Emergents,0,0,0,NA,NA,NA,NA,NA,NA,NA,NA,NA,NA,NA   NA   NA   NA,NA   NA   NA   NA
SHR_2019-01-23 09:45:00,1/23/2019 9:45,SHR,2019,W,TRUE,CLR,NA,1,10.4,0.14,108,150,7.67,9.7,74,10,Regular,524000,536626,12626,12626,38.7818571,38.7818571,1,NA,NA,Aquatic Insects,55,Family,Staphylinidae,Staphylinidae,Adults,1,0.026,0.026,NA,NA,NA,NA,NA,NA,NA,NA,NA,NA,NA   NA   NA   NA,NA   NA   NA   NA
SHR_2019-01-23 09:45:00,1/23/2019 9:45,SHR,2019,W,TRUE,CLR,NA,1,10.4,0.14,108,150,7.67,9.7,74,10,Regular,524000,536626,12626,12626,38.7818571,38.7818571,1,NA,NA,Aquatic Insects,55,Family,Staphylinidae,Staphylinidae,NotDetermined,0,0,0,NA,NA,NA,NA,NA,NA,NA,NA,NA,NA,NA   NA   NA   NA,NA   NA   NA   NA
SHR_2019-01-23 09:45:00,1/23/2019 9:45,SHR,2019,W,TRUE,CLR,NA,1,10.4,0.14,108,150,7.67,9.7,74,10,Regular,524000,536626,12626,12626,38.7818571,38.7818571,1,NA,NA,Terrestrial Non-Insects,68,Order,Collembola,Collembola,Larvae,0,0,0,NA,NA,NA,NA,NA,NA,NA,NA,NA,NA,NA   NA   NA   NA,NA   NA   NA   NA
SHR_2019-01-23 09:45:00,1/23/2019 9:45,SHR,2019,W,TRUE,CLR,NA,1,10.4,0.14,108,150,7.67,9.7,74,10,Regular,524000,536626,12626,12626,38.7818571,38.7818571,1,NA,NA,Terrestrial Non-Insects,68,Order,Collembola,Collembola,Pupae,0,0,0,NA,NA,NA,NA,NA,NA,NA,NA,NA,NA,NA   NA   NA   NA,NA   NA   NA   NA
SHR_2019-01-23 09:45:00,1/23/2019 9:45,SHR,2019,W,TRUE,CLR,NA,1,10.4,0.14,108,150,7.67,9.7,74,10,Regular,524000,536626,12626,12626,38.7818571,38.7818571,1,NA,NA,Terrestrial Non-Insects,68,Order,Collembola,Collembola,Nymphs,0,0,0,NA,NA,NA,NA,NA,NA,NA,NA,NA,NA,NA   NA   NA   NA,NA   NA   NA   NA
SHR_2019-01-23 09:45:00,1/23/2019 9:45,SHR,2019,W,TRUE,CLR,NA,1,10.4,0.14,108,150,7.67,9.7,74,10,Regular,524000,536626,12626,12626,38.7818571,38.7818571,1,NA,NA,Terrestrial Non-Insects,68,Order,Collembola,Collembola,Emergents,0,0,0,NA,NA,NA,NA,NA,NA,NA,NA,NA,NA,NA   NA   NA   NA,NA   NA   NA   NA
SHR_2019-01-23 09:45:00,1/23/2019 9:45,SHR,2019,W,TRUE,CLR,NA,1,10.4,0.14,108,150,7.67,9.7,74,10,Regular,524000,536626,12626,12626,38.7818571,38.7818571,1,NA,NA,Terrestrial Non-Insects,68,Order,Collembola,Collembola,Adults,1,0.026,0.026,NA,NA,NA,NA,NA,NA,NA,NA,NA,NA,NA   NA   NA   NA,NA   NA   NA   NA
SHR_2019-01-23 09:45:00,1/23/2019 9:45,SHR,2019,W,TRUE,CLR,NA,1,10.4,0.14,108,150,7.67,9.7,74,10,Regular,524000,536626,12626,12626,38.7818571,38.7818571,1,NA,NA,Terrestrial Non-Insects,68,Order,Collembola,Collembola,NotDetermined,0,0,0,NA,NA,NA,NA,NA,NA,NA,NA,NA,NA,NA   NA   NA   NA,NA   NA   NA   NA
SHR_2019-01-23 09:45:00,1/23/2019 9:45,SHR,2019,W,TRUE,CLR,NA,1,10.4,0.14,108,150,7.67,9.7,74,10,Regular,524000,536626,12626,12626,38.7818571,38.7818571,1,NA,NA,Aquatic Insects,93,Family,Capniidae,Capniidae,Larvae,1,0.026,0.026,NA,NA,NA,NA,NA,NA,NA,NA,NA,NA,NA   NA   NA   NA,NA   NA   NA   NA
SHR_2019-01-23 09:45:00,1/23/2019 9:45,SHR,2019,W,TRUE,CLR,NA,1,10.4,0.14,108,150,7.67,9.7,74,10,Regular,524000,536626,12626,12626,38.7818571,38.7818571,1,NA,NA,Aquatic Insects,93,Family,Capniidae,Capniidae,Pupae,0,0,0,NA,NA,NA,NA,NA,NA,NA,NA,NA,NA,NA   NA   NA   NA,NA   NA   NA   NA
SHR_2019-01-23 09:45:00,1/23/2019 9:45,SHR,2019,W,TRUE,CLR,NA,1,10.4,0.14,108,150,7.67,9.7,74,10,Regular,524000,536626,12626,12626,38.7818571,38.7818571,1,NA,NA,Aquatic Insects,93,Family,Capniidae,Capniidae,Nymphs,0,0,0,NA,NA,NA,NA,NA,NA,NA,NA,NA,NA,NA   NA   NA   NA,NA   NA   NA   NA
SHR_2019-01-23 09:45:00,1/23/2019 9:45,SHR,2019,W,TRUE,CLR,NA,1,10.4,0.14,108,150,7.67,9.7,74,10,Regular,524000,536626,12626,12626,38.7818571,38.7818571,1,NA,NA,Aquatic Insects,93,Family,Capniidae,Capniidae,Emergents,0,0,0,NA,NA,NA,NA,NA,NA,NA,NA,NA,NA,NA   NA   NA   NA,NA   NA   NA   NA
SHR_2019-01-23 09:45:00,1/23/2019 9:45,SHR,2019,W,TRUE,CLR,NA,1,10.4,0.14,108,150,7.67,9.7,74,10,Regular,524000,536626,12626,12626,38.7818571,38.7818571,1,NA,NA,Aquatic Insects,93,Family,Capniidae,Capniidae,Adults,0,0,0,NA,NA,NA,NA,NA,NA,NA,NA,NA,NA,NA   NA   NA   NA,NA   NA   NA   NA
SHR_2019-01-23 09:45:00,1/23/2019 9:45,SHR,2019,W,TRUE,CLR,NA,1,10.4,0.14,108,150,7.67,9.7,74,10,Regular,524000,536626,12626,12626,38.7818571,38.7818571,1,NA,NA,Aquatic Insects,93,Family,Capniidae,Capniidae,NotDetermined,0,0,0,NA,NA,NA,NA,NA,NA,NA,NA,NA,NA,NA   NA   NA   NA,NA   NA   NA   NA
STTD_2019-02-05 10:25:00,2/5/2019 10:25,STTD,2019,W,TRUE,CLR,NA,1,10.4,0.07,331,458,7.6,8.41,120.1,10,Regular,545000,564169,19169,19169,58.87925066,58.87925066,1,NA,NA,Aquatic Insects,81,Family,Hydrophilidae,Hydrophilidae,Larvae,0,0,0,NA,NA,NA,NA,NA,NA,NA,NA,NA,NA,NA   NA   NA   NA,NA   NA   NA   NA
STTD_2019-02-05 10:25:00,2/5/2019 10:25,STTD,2019,W,TRUE,CLR,NA,1,10.4,0.07,331,458,7.6,8.41,120.1,10,Regular,545000,564169,19169,19169,58.87925066,58.87925066,1,NA,NA,Aquatic Insects,81,Family,Hydrophilidae,Hydrophilidae,Pupae,0,0,0,NA,NA,NA,NA,NA,NA,NA,NA,NA,NA,NA   NA   NA   NA,NA   NA   NA   NA
STTD_2019-02-05 10:25:00,2/5/2019 10:25,STTD,2019,W,TRUE,CLR,NA,1,10.4,0.07,331,458,7.6,8.41,120.1,10,Regular,545000,564169,19169,19169,58.87925066,58.87925066,1,NA,NA,Aquatic Insects,81,Family,Hydrophilidae,Hydrophilidae,Nymphs,0,0,0,NA,NA,NA,NA,NA,NA,NA,NA,NA,NA,NA   NA   NA   NA,NA   NA   NA   NA
STTD_2019-02-05 10:25:00,2/5/2019 10:25,STTD,2019,W,TRUE,CLR,NA,1,10.4,0.07,331,458,7.6,8.41,120.1,10,Regular,545000,564169,19169,19169,58.87925066,58.87925066,1,NA,NA,Aquatic Insects,81,Family,Hydrophilidae,Hydrophilidae,Emergents,0,0,0,NA,NA,NA,NA,NA,NA,NA,NA,NA,NA,NA   NA   NA   NA,NA   NA   NA   NA
STTD_2019-02-05 10:25:00,2/5/2019 10:25,STTD,2019,W,TRUE,CLR,NA,1,10.4,0.07,331,458,7.6,8.41,120.1,10,Regular,545000,564169,19169,19169,58.87925066,58.87925066,1,NA,NA,Aquatic Insects,81,Family,Hydrophilidae,Hydrophilidae,Adults,1,0.017,0.017,NA,NA,NA,NA,NA,NA,NA,NA,NA,NA,NA   NA   NA   NA,NA   NA   NA   NA
STTD_2019-02-05 10:25:00,2/5/2019 10:25,STTD,2019,W,TRUE,CLR,NA,1,10.4,0.07,331,458,7.6,8.41,120.1,10,Regular,545000,564169,19169,19169,58.87925066,58.87925066,1,NA,NA,Aquatic Insects,81,Family,Hydrophilidae,Hydrophilidae,NotDetermined,0,0,0,NA,NA,NA,NA,NA,NA,NA,NA,NA,NA,NA   NA   NA   NA,NA   NA   NA   NA
STTD_2019-02-05 10:25:00,2/5/2019 10:25,STTD,2019,W,TRUE,CLR,NA,1,10.4,0.07,331,458,7.6,8.41,120.1,10,Regular,545000,564169,19169,19169,58.87925066,58.87925066,1,NA,NA,Aquatic Insects,34,Family,Chironomidae,Chironomidae,Larvae,11,0.187,0.187,NA,NA,NA,NA,NA,NA,NA,NA,NA,NA,NA   NA   NA   NA,NA   NA   NA   NA
STTD_2019-02-05 10:25:00,2/5/2019 10:25,STTD,2019,W,TRUE,CLR,NA,1,10.4,0.07,331,458,7.6,8.41,120.1,10,Regular,545000,564169,19169,19169,58.87925066,58.87925066,1,NA,NA,Aquatic Insects,34,Family,Chironomidae,Chironomidae,Pupae,2,0.034,0.034,NA,NA,NA,NA,NA,NA,NA,NA,NA,NA,NA   NA   NA   NA,NA   NA   NA   NA
STTD_2019-02-05 10:25:00,2/5/2019 10:25,STTD,2019,W,TRUE,CLR,NA,1,10.4,0.07,331,458,7.6,8.41,120.1,10,Regular,545000,564169,19169,19169,58.87925066,58.87925066,1,NA,NA,Aquatic Insects,34,Family,Chironomidae,Chironomidae,Nymphs,0,0,0,NA,NA,NA,NA,NA,NA,NA,NA,NA,NA,NA   NA   NA   NA,NA   NA   NA   NA
STTD_2019-02-05 10:25:00,2/5/2019 10:25,STTD,2019,W,TRUE,CLR,NA,1,10.4,0.07,331,458,7.6,8.41,120.1,10,Regular,545000,564169,19169,19169,58.87925066,58.87925066,1,NA,NA,Aquatic Insects,34,Family,Chironomidae,Chironomidae,Emergents,0,0,0,NA,NA,NA,NA,NA,NA,NA,NA,NA,NA,NA   NA   NA   NA,NA   NA   NA   NA
STTD_2019-02-05 10:25:00,2/5/2019 10:25,STTD,2019,W,TRUE,CLR,NA,1,10.4,0.07,331,458,7.6,8.41,120.1,10,Regular,545000,564169,19169,19169,58.87925066,58.87925066,1,NA,NA,Aquatic Insects,34,Family,Chironomidae,Chironomidae,Adults,0,0,0,NA,NA,NA,NA,NA,NA,NA,NA,NA,NA,NA   NA   NA   NA,NA   NA   NA   NA
STTD_2019-02-05 10:25:00,2/5/2019 10:25,STTD,2019,W,TRUE,CLR,NA,1,10.4,0.07,331,458,7.6,8.41,120.1,10,Regular,545000,564169,19169,19169,58.87925066,58.87925066,1,NA,NA,Aquatic Insects,34,Family,Chironomidae,Chironomidae,NotDetermined,0,0,0,NA,NA,NA,NA,NA,NA,NA,NA,NA,NA,NA   NA   NA   NA,NA   NA   NA   NA
STTD_2019-02-05 10:25:00,2/5/2019 10:25,STTD,2019,W,TRUE,CLR,NA,1,10.4,0.07,331,458,7.6,8.41,120.1,10,Regular,545000,564169,19169,19169,58.87925066,58.87925066,1,NA,NA,Aquatic Insects,40,Family,Caenidae,Caenidae,Larvae,1,0.017,0.017,NA,NA,NA,NA,NA,NA,NA,NA,NA,NA,NA   NA   NA   NA,NA   NA   NA   NA
STTD_2019-02-05 10:25:00,2/5/2019 10:25,STTD,2019,W,TRUE,CLR,NA,1,10.4,0.07,331,458,7.6,8.41,120.1,10,Regular,545000,564169,19169,19169,58.87925066,58.87925066,1,NA,NA,Aquatic Insects,40,Family,Caenidae,Caenidae,Pupae,0,0,0,NA,NA,NA,NA,NA,NA,NA,NA,NA,NA,NA   NA   NA   NA,NA   NA   NA   NA
STTD_2019-02-05 10:25:00,2/5/2019 10:25,STTD,2019,W,TRUE,CLR,NA,1,10.4,0.07,331,458,7.6,8.41,120.1,10,Regular,545000,564169,19169,19169,58.87925066,58.87925066,1,NA,NA,Aquatic Insects,40,Family,Caenidae,Caenidae,Nymphs,0,0,0,NA,NA,NA,NA,NA,NA,NA,NA,NA,NA,NA   NA   NA   NA,NA   NA   NA   NA
STTD_2019-02-05 10:25:00,2/5/2019 10:25,STTD,2019,W,TRUE,CLR,NA,1,10.4,0.07,331,458,7.6,8.41,120.1,10,Regular,545000,564169,19169,19169,58.87925066,58.87925066,1,NA,NA,Aquatic Insects,40,Family,Caenidae,Caenidae,Emergents,0,0,0,NA,NA,NA,NA,NA,NA,NA,NA,NA,NA,NA   NA   NA   NA,NA   NA   NA   NA
STTD_2019-02-05 10:25:00,2/5/2019 10:25,STTD,2019,W,TRUE,CLR,NA,1,10.4,0.07,331,458,7.6,8.41,120.1,10,Regular,545000,564169,19169,19169,58.87925066,58.87925066,1,NA,NA,Aquatic Insects,40,Family,Caenidae,Caenidae,Adults,0,0,0,NA,NA,NA,NA,NA,NA,NA,NA,NA,NA,NA   NA   NA   NA,NA   NA   NA   NA
STTD_2019-02-05 10:25:00,2/5/2019 10:25,STTD,2019,W,TRUE,CLR,NA,1,10.4,0.07,331,458,7.6,8.41,120.1,10,Regular,545000,564169,19169,19169,58.87925066,58.87925066,1,NA,NA,Aquatic Insects,40,Family,Caenidae,Caenidae,NotDetermined,0,0,0,NA,NA,NA,NA,NA,NA,NA,NA,NA,NA,NA   NA   NA   NA,NA   NA   NA   NA
STTD_2019-02-05 10:25:00,2/5/2019 10:25,STTD,2019,W,TRUE,CLR,NA,1,10.4,0.07,331,458,7.6,8.41,120.1,10,Regular,545000,564169,19169,19169,58.87925066,58.87925066,1,NA,NA,Aquatic Insects,44,Family,Corixidae,Corixidae,Larvae,0,0,0,NA,NA,NA,NA,NA,NA,NA,NA,NA,NA,NA   NA   NA   NA,NA   NA   NA   NA
STTD_2019-02-05 10:25:00,2/5/2019 10:25,STTD,2019,W,TRUE,CLR,NA,1,10.4,0.07,331,458,7.6,8.41,120.1,10,Regular,545000,564169,19169,19169,58.87925066,58.87925066,1,NA,NA,Aquatic Insects,44,Family,Corixidae,Corixidae,Pupae,0,0,0,NA,NA,NA,NA,NA,NA,NA,NA,NA,NA,NA   NA   NA   NA,NA   NA   NA   NA
STTD_2019-02-05 10:25:00,2/5/2019 10:25,STTD,2019,W,TRUE,CLR,NA,1,10.4,0.07,331,458,7.6,8.41,120.1,10,Regular,545000,564169,19169,19169,58.87925066,58.87925066,1,NA,NA,Aquatic Insects,44,Family,Corixidae,Corixidae,Nymphs,43,0.73,0.73,NA,NA,NA,NA,NA,NA,NA,NA,NA,NA,NA   NA   NA   NA,NA   NA   NA   NA
STTD_2019-02-05 10:25:00,2/5/2019 10:25,STTD,2019,W,TRUE,CLR,NA,1,10.4,0.07,331,458,7.6,8.41,120.1,10,Regular,545000,564169,19169,19169,58.87925066,58.87925066,1,NA,NA,Aquatic Insects,44,Family,Corixidae,Corixidae,Emergents,0,0,0,NA,NA,NA,NA,NA,NA,NA,NA,NA,NA,NA   NA   NA   NA,NA   NA   NA   NA
STTD_2019-02-05 10:25:00,2/5/2019 10:25,STTD,2019,W,TRUE,CLR,NA,1,10.4,0.07,331,458,7.6,8.41,120.1,10,Regular,545000,564169,19169,19169,58.87925066,58.87925066,1,NA,NA,Aquatic Insects,44,Family,Corixidae,Corixidae,Adults,8,0.136,0.136,NA,NA,NA,NA,NA,NA,NA,NA,NA,NA,NA   NA   NA   NA,NA   NA   NA   NA
STTD_2019-02-05 10:25:00,2/5/2019 10:25,STTD,2019,W,TRUE,CLR,NA,1,10.4,0.07,331,458,7.6,8.41,120.1,10,Regular,545000,564169,19169,19169,58.87925066,58.87925066,1,NA,NA,Aquatic Insects,44,Family,Corixidae,Corixidae,NotDetermined,0,0,0,NA,NA,NA,NA,NA,NA,NA,NA,NA,NA,NA   NA   NA   NA,NA   NA   NA   NA
STTD_2019-02-05 10:25:00,2/5/2019 10:25,STTD,2019,W,TRUE,CLR,NA,1,10.4,0.07,331,458,7.6,8.41,120.1,10,Regular,545000,564169,19169,19169,58.87925066,58.87925066,1,NA,NA,Aquatic Insects,46,Family,Coenagrionidae,Coenagrionidae,Larvae,2,0.034,0.034,NA,NA,NA,NA,NA,NA,NA,NA,NA,NA,NA   NA   NA   NA,NA   NA   NA   NA
STTD_2019-02-05 10:25:00,2/5/2019 10:25,STTD,2019,W,TRUE,CLR,NA,1,10.4,0.07,331,458,7.6,8.41,120.1,10,Regular,545000,564169,19169,19169,58.87925066,58.87925066,1,NA,NA,Aquatic Insects,46,Family,Coenagrionidae,Coenagrionidae,Pupae,0,0,0,NA,NA,NA,NA,NA,NA,NA,NA,NA,NA,NA   NA   NA   NA,NA   NA   NA   NA
STTD_2019-02-05 10:25:00,2/5/2019 10:25,STTD,2019,W,TRUE,CLR,NA,1,10.4,0.07,331,458,7.6,8.41,120.1,10,Regular,545000,564169,19169,19169,58.87925066,58.87925066,1,NA,NA,Aquatic Insects,46,Family,Coenagrionidae,Coenagrionidae,Nymphs,0,0,0,NA,NA,NA,NA,NA,NA,NA,NA,NA,NA,NA   NA   NA   NA,NA   NA   NA   NA
STTD_2019-02-05 10:25:00,2/5/2019 10:25,STTD,2019,W,TRUE,CLR,NA,1,10.4,0.07,331,458,7.6,8.41,120.1,10,Regular,545000,564169,19169,19169,58.87925066,58.87925066,1,NA,NA,Aquatic Insects,46,Family,Coenagrionidae,Coenagrionidae,Emergents,0,0,0,NA,NA,NA,NA,NA,NA,NA,NA,NA,NA,NA   NA   NA   NA,NA   NA   NA   NA
STTD_2019-02-05 10:25:00,2/5/2019 10:25,STTD,2019,W,TRUE,CLR,NA,1,10.4,0.07,331,458,7.6,8.41,120.1,10,Regular,545000,564169,19169,19169,58.87925066,58.87925066,1,NA,NA,Aquatic Insects,46,Family,Coenagrionidae,Coenagrionidae,Adults,0,0,0,NA,NA,NA,NA,NA,NA,NA,NA,NA,NA,NA   NA   NA   NA,NA   NA   NA   NA
STTD_2019-02-05 10:25:00,2/5/2019 10:25,STTD,2019,W,TRUE,CLR,NA,1,10.4,0.07,331,458,7.6,8.41,120.1,10,Regular,545000,564169,19169,19169,58.87925066,58.87925066,1,NA,NA,Aquatic Insects,46,Family,Coenagrionidae,Coenagrionidae,NotDetermined,0,0,0,NA,NA,NA,NA,NA,NA,NA,NA,NA,NA,NA   NA   NA   NA,NA   NA   NA   NA
STTD_2019-02-05 10:25:00,2/5/2019 10:25,STTD,2019,W,TRUE,CLR,NA,1,10.4,0.07,331,458,7.6,8.41,120.1,10,Regular,545000,564169,19169,19169,58.87925066,58.87925066,1,NA,NA,Aquatic Non-Insects,4,Family,Naididae,Naididae,Larvae,0,0,0,NA,NA,NA,NA,NA,NA,NA,NA,NA,NA,NA   NA   NA   NA,NA   NA   NA   NA
STTD_2019-02-05 10:25:00,2/5/2019 10:25,STTD,2019,W,TRUE,CLR,NA,1,10.4,0.07,331,458,7.6,8.41,120.1,10,Regular,545000,564169,19169,19169,58.87925066,58.87925066,1,NA,NA,Aquatic Non-Insects,4,Family,Naididae,Naididae,Pupae,0,0,0,NA,NA,NA,NA,NA,NA,NA,NA,NA,NA,NA   NA   NA   NA,NA   NA   NA   NA
STTD_2019-02-05 10:25:00,2/5/2019 10:25,STTD,2019,W,TRUE,CLR,NA,1,10.4,0.07,331,458,7.6,8.41,120.1,10,Regular,545000,564169,19169,19169,58.87925066,58.87925066,1,NA,NA,Aquatic Non-Insects,4,Family,Naididae,Naididae,Nymphs,0,0,0,NA,NA,NA,NA,NA,NA,NA,NA,NA,NA,NA   NA   NA   NA,NA   NA   NA   NA
STTD_2019-02-05 10:25:00,2/5/2019 10:25,STTD,2019,W,TRUE,CLR,NA,1,10.4,0.07,331,458,7.6,8.41,120.1,10,Regular,545000,564169,19169,19169,58.87925066,58.87925066,1,NA,NA,Aquatic Non-Insects,4,Family,Naididae,Naididae,Emergents,0,0,0,NA,NA,NA,NA,NA,NA,NA,NA,NA,NA,NA   NA   NA   NA,NA   NA   NA   NA
STTD_2019-02-05 10:25:00,2/5/2019 10:25,STTD,2019,W,TRUE,CLR,NA,1,10.4,0.07,331,458,7.6,8.41,120.1,10,Regular,545000,564169,19169,19169,58.87925066,58.87925066,1,NA,NA,Aquatic Non-Insects,4,Family,Naididae,Naididae,Adults,0,0,0,NA,NA,NA,NA,NA,NA,NA,NA,NA,NA,NA   NA   NA   NA,NA   NA   NA   NA
STTD_2019-02-05 10:25:00,2/5/2019 10:25,STTD,2019,W,TRUE,CLR,NA,1,10.4,0.07,331,458,7.6,8.41,120.1,10,Regular,545000,564169,19169,19169,58.87925066,58.87925066,1,NA,NA,Aquatic Non-Insects,4,Family,Naididae,Naididae,NotDetermined,11,0.187,0.187,NA,NA,NA,NA,NA,NA,NA,NA,NA,NA,NA   NA   NA   NA,NA   NA   NA   NA
STTD_2019-02-05 10:25:00,2/5/2019 10:25,STTD,2019,W,TRUE,CLR,NA,1,10.4,0.07,331,458,7.6,8.41,120.1,10,Regular,545000,564169,19169,19169,58.87925066,58.87925066,1,NA,NA,Aquatic Non-Insects,2,Family,Enchytraeidae,Enchytraeidae,Larvae,0,0,0,NA,NA,NA,NA,NA,NA,NA,NA,NA,NA,NA   NA   NA   NA,NA   NA   NA   NA
STTD_2019-02-05 10:25:00,2/5/2019 10:25,STTD,2019,W,TRUE,CLR,NA,1,10.4,0.07,331,458,7.6,8.41,120.1,10,Regular,545000,564169,19169,19169,58.87925066,58.87925066,1,NA,NA,Aquatic Non-Insects,2,Family,Enchytraeidae,Enchytraeidae,Pupae,0,0,0,NA,NA,NA,NA,NA,NA,NA,NA,NA,NA,NA   NA   NA   NA,NA   NA   NA   NA
STTD_2019-02-05 10:25:00,2/5/2019 10:25,STTD,2019,W,TRUE,CLR,NA,1,10.4,0.07,331,458,7.6,8.41,120.1,10,Regular,545000,564169,19169,19169,58.87925066,58.87925066,1,NA,NA,Aquatic Non-Insects,2,Family,Enchytraeidae,Enchytraeidae,Nymphs,0,0,0,NA,NA,NA,NA,NA,NA,NA,NA,NA,NA,NA   NA   NA   NA,NA   NA   NA   NA
STTD_2019-02-05 10:25:00,2/5/2019 10:25,STTD,2019,W,TRUE,CLR,NA,1,10.4,0.07,331,458,7.6,8.41,120.1,10,Regular,545000,564169,19169,19169,58.87925066,58.87925066,1,NA,NA,Aquatic Non-Insects,2,Family,Enchytraeidae,Enchytraeidae,Emergents,0,0,0,NA,NA,NA,NA,NA,NA,NA,NA,NA,NA,NA   NA   NA   NA,NA   NA   NA   NA
STTD_2019-02-05 10:25:00,2/5/2019 10:25,STTD,2019,W,TRUE,CLR,NA,1,10.4,0.07,331,458,7.6,8.41,120.1,10,Regular,545000,564169,19169,19169,58.87925066,58.87925066,1,NA,NA,Aquatic Non-Insects,2,Family,Enchytraeidae,Enchytraeidae,Adults,0,0,0,NA,NA,NA,NA,NA,NA,NA,NA,NA,NA,NA   NA   NA   NA,NA   NA   NA   NA
STTD_2019-02-05 10:25:00,2/5/2019 10:25,STTD,2019,W,TRUE,CLR,NA,1,10.4,0.07,331,458,7.6,8.41,120.1,10,Regular,545000,564169,19169,19169,58.87925066,58.87925066,1,NA,NA,Aquatic Non-Insects,2,Family,Enchytraeidae,Enchytraeidae,NotDetermined,1,0.017,0.017,NA,NA,NA,NA,NA,NA,NA,NA,NA,NA,NA   NA   NA   NA,NA   NA   NA   NA
STTD_2019-02-05 10:25:00,2/5/2019 10:25,STTD,2019,W,TRUE,CLR,NA,1,10.4,0.07,331,458,7.6,8.41,120.1,10,Regular,545000,564169,19169,19169,58.87925066,58.87925066,1,NA,NA,Aquatic Non-Insects,3,Suborder,Lumbricina,Lumbricina,Larvae,0,0,0,NA,NA,NA,NA,NA,NA,NA,NA,NA,NA,NA   NA   NA   NA,NA   NA   NA   NA
STTD_2019-02-05 10:25:00,2/5/2019 10:25,STTD,2019,W,TRUE,CLR,NA,1,10.4,0.07,331,458,7.6,8.41,120.1,10,Regular,545000,564169,19169,19169,58.87925066,58.87925066,1,NA,NA,Aquatic Non-Insects,3,Suborder,Lumbricina,Lumbricina,Pupae,0,0,0,NA,NA,NA,NA,NA,NA,NA,NA,NA,NA,NA   NA   NA   NA,NA   NA   NA   NA
STTD_2019-02-05 10:25:00,2/5/2019 10:25,STTD,2019,W,TRUE,CLR,NA,1,10.4,0.07,331,458,7.6,8.41,120.1,10,Regular,545000,564169,19169,19169,58.87925066,58.87925066,1,NA,NA,Aquatic Non-Insects,3,Suborder,Lumbricina,Lumbricina,Nymphs,0,0,0,NA,NA,NA,NA,NA,NA,NA,NA,NA,NA,NA   NA   NA   NA,NA   NA   NA   NA
STTD_2019-02-05 10:25:00,2/5/2019 10:25,STTD,2019,W,TRUE,CLR,NA,1,10.4,0.07,331,458,7.6,8.41,120.1,10,Regular,545000,564169,19169,19169,58.87925066,58.87925066,1,NA,NA,Aquatic Non-Insects,3,Suborder,Lumbricina,Lumbricina,Emergents,0,0,0,NA,NA,NA,NA,NA,NA,NA,NA,NA,NA,NA   NA   NA   NA,NA   NA   NA   NA
STTD_2019-02-05 10:25:00,2/5/2019 10:25,STTD,2019,W,TRUE,CLR,NA,1,10.4,0.07,331,458,7.6,8.41,120.1,10,Regular,545000,564169,19169,19169,58.87925066,58.87925066,1,NA,NA,Aquatic Non-Insects,3,Suborder,Lumbricina,Lumbricina,Adults,0,0,0,NA,NA,NA,NA,NA,NA,NA,NA,NA,NA,NA   NA   NA   NA,NA   NA   NA   NA
STTD_2019-02-05 10:25:00,2/5/2019 10:25,STTD,2019,W,TRUE,CLR,NA,1,10.4,0.07,331,458,7.6,8.41,120.1,10,Regular,545000,564169,19169,19169,58.87925066,58.87925066,1,NA,NA,Aquatic Non-Insects,3,Suborder,Lumbricina,Lumbricina,NotDetermined,1,0.017,0.017,NA,NA,NA,NA,NA,NA,NA,NA,NA,NA,NA   NA   NA   NA,NA   NA   NA   NA
STTD_2019-02-05 10:25:00,2/5/2019 10:25,STTD,2019,W,TRUE,CLR,NA,1,10.4,0.07,331,458,7.6,8.41,120.1,10,Regular,545000,564169,19169,19169,58.87925066,58.87925066,1,NA,NA,Aquatic Non-Insects,9,Family,Corophiidae,Corophiidae,Larvae,0,0,0,NA,NA,NA,NA,NA,NA,NA,NA,NA,NA,NA   NA   NA   NA,NA   NA   NA   NA
STTD_2019-02-05 10:25:00,2/5/2019 10:25,STTD,2019,W,TRUE,CLR,NA,1,10.4,0.07,331,458,7.6,8.41,120.1,10,Regular,545000,564169,19169,19169,58.87925066,58.87925066,1,NA,NA,Aquatic Non-Insects,9,Family,Corophiidae,Corophiidae,Pupae,0,0,0,NA,NA,NA,NA,NA,NA,NA,NA,NA,NA,NA   NA   NA   NA,NA   NA   NA   NA
STTD_2019-02-05 10:25:00,2/5/2019 10:25,STTD,2019,W,TRUE,CLR,NA,1,10.4,0.07,331,458,7.6,8.41,120.1,10,Regular,545000,564169,19169,19169,58.87925066,58.87925066,1,NA,NA,Aquatic Non-Insects,9,Family,Corophiidae,Corophiidae,Nymphs,0,0,0,NA,NA,NA,NA,NA,NA,NA,NA,NA,NA,NA   NA   NA   NA,NA   NA   NA   NA
STTD_2019-02-05 10:25:00,2/5/2019 10:25,STTD,2019,W,TRUE,CLR,NA,1,10.4,0.07,331,458,7.6,8.41,120.1,10,Regular,545000,564169,19169,19169,58.87925066,58.87925066,1,NA,NA,Aquatic Non-Insects,9,Family,Corophiidae,Corophiidae,Emergents,0,0,0,NA,NA,NA,NA,NA,NA,NA,NA,NA,NA,NA   NA   NA   NA,NA   NA   NA   NA
STTD_2019-02-05 10:25:00,2/5/2019 10:25,STTD,2019,W,TRUE,CLR,NA,1,10.4,0.07,331,458,7.6,8.41,120.1,10,Regular,545000,564169,19169,19169,58.87925066,58.87925066,1,NA,NA,Aquatic Non-Insects,9,Family,Corophiidae,Corophiidae,Adults,0,0,0,NA,NA,NA,NA,NA,NA,NA,NA,NA,NA,NA   NA   NA   NA,NA   NA   NA   NA
STTD_2019-02-05 10:25:00,2/5/2019 10:25,STTD,2019,W,TRUE,CLR,NA,1,10.4,0.07,331,458,7.6,8.41,120.1,10,Regular,545000,564169,19169,19169,58.87925066,58.87925066,1,NA,NA,Aquatic Non-Insects,9,Family,Corophiidae,Corophiidae,NotDetermined,2,0.034,0.034,NA,NA,NA,NA,NA,NA,NA,NA,NA,NA,NA   NA   NA   NA,NA   NA   NA   NA
STTD_2019-02-05 10:25:00,2/5/2019 10:25,STTD,2019,W,TRUE,CLR,NA,1,10.4,0.07,331,458,7.6,8.41,120.1,10,Regular,545000,564169,19169,19169,58.87925066,58.87925066,1,NA,NA,Aquatic Non-Insects,15,Family,Hyalellidae,Hyalellidae,Larvae,0,0,0,NA,NA,NA,NA,NA,NA,NA,NA,NA,NA,NA   NA   NA   NA,NA   NA   NA   NA
STTD_2019-02-05 10:25:00,2/5/2019 10:25,STTD,2019,W,TRUE,CLR,NA,1,10.4,0.07,331,458,7.6,8.41,120.1,10,Regular,545000,564169,19169,19169,58.87925066,58.87925066,1,NA,NA,Aquatic Non-Insects,15,Family,Hyalellidae,Hyalellidae,Pupae,0,0,0,NA,NA,NA,NA,NA,NA,NA,NA,NA,NA,NA   NA   NA   NA,NA   NA   NA   NA
STTD_2019-02-05 10:25:00,2/5/2019 10:25,STTD,2019,W,TRUE,CLR,NA,1,10.4,0.07,331,458,7.6,8.41,120.1,10,Regular,545000,564169,19169,19169,58.87925066,58.87925066,1,NA,NA,Aquatic Non-Insects,15,Family,Hyalellidae,Hyalellidae,Nymphs,0,0,0,NA,NA,NA,NA,NA,NA,NA,NA,NA,NA,NA   NA   NA   NA,NA   NA   NA   NA
STTD_2019-02-05 10:25:00,2/5/2019 10:25,STTD,2019,W,TRUE,CLR,NA,1,10.4,0.07,331,458,7.6,8.41,120.1,10,Regular,545000,564169,19169,19169,58.87925066,58.87925066,1,NA,NA,Aquatic Non-Insects,15,Family,Hyalellidae,Hyalellidae,Emergents,0,0,0,NA,NA,NA,NA,NA,NA,NA,NA,NA,NA,NA   NA   NA   NA,NA   NA   NA   NA
STTD_2019-02-05 10:25:00,2/5/2019 10:25,STTD,2019,W,TRUE,CLR,NA,1,10.4,0.07,331,458,7.6,8.41,120.1,10,Regular,545000,564169,19169,19169,58.87925066,58.87925066,1,NA,NA,Aquatic Non-Insects,15,Family,Hyalellidae,Hyalellidae,Adults,0,0,0,NA,NA,NA,NA,NA,NA,NA,NA,NA,NA,NA   NA   NA   NA,NA   NA   NA   NA
STTD_2019-02-05 10:25:00,2/5/2019 10:25,STTD,2019,W,TRUE,CLR,NA,1,10.4,0.07,331,458,7.6,8.41,120.1,10,Regular,545000,564169,19169,19169,58.87925066,58.87925066,1,NA,NA,Aquatic Non-Insects,15,Family,Hyalellidae,Hyalellidae,NotDetermined,12,0.204,0.204,NA,NA,NA,NA,NA,NA,NA,NA,NA,NA,NA   NA   NA   NA,NA   NA   NA   NA
STTD_2019-02-05 10:25:00,2/5/2019 10:25,STTD,2019,W,TRUE,CLR,NA,1,10.4,0.07,331,458,7.6,8.41,120.1,10,Regular,545000,564169,19169,19169,58.87925066,58.87925066,1,NA,NA,Aquatic Non-Insects,118,Class,Ostracoda,Ostracod,Larvae,0,0,0,NA,NA,NA,NA,NA,NA,NA,NA,NA,NA,NA   NA   NA   NA,NA   NA   NA   NA
STTD_2019-02-05 10:25:00,2/5/2019 10:25,STTD,2019,W,TRUE,CLR,NA,1,10.4,0.07,331,458,7.6,8.41,120.1,10,Regular,545000,564169,19169,19169,58.87925066,58.87925066,1,NA,NA,Aquatic Non-Insects,118,Class,Ostracoda,Ostracod,Pupae,0,0,0,NA,NA,NA,NA,NA,NA,NA,NA,NA,NA,NA   NA   NA   NA,NA   NA   NA   NA
STTD_2019-02-05 10:25:00,2/5/2019 10:25,STTD,2019,W,TRUE,CLR,NA,1,10.4,0.07,331,458,7.6,8.41,120.1,10,Regular,545000,564169,19169,19169,58.87925066,58.87925066,1,NA,NA,Aquatic Non-Insects,118,Class,Ostracoda,Ostracod,Nymphs,0,0,0,NA,NA,NA,NA,NA,NA,NA,NA,NA,NA,NA   NA   NA   NA,NA   NA   NA   NA
STTD_2019-02-05 10:25:00,2/5/2019 10:25,STTD,2019,W,TRUE,CLR,NA,1,10.4,0.07,331,458,7.6,8.41,120.1,10,Regular,545000,564169,19169,19169,58.87925066,58.87925066,1,NA,NA,Aquatic Non-Insects,118,Class,Ostracoda,Ostracod,Emergents,0,0,0,NA,NA,NA,NA,NA,NA,NA,NA,NA,NA,NA   NA   NA   NA,NA   NA   NA   NA
STTD_2019-02-05 10:25:00,2/5/2019 10:25,STTD,2019,W,TRUE,CLR,NA,1,10.4,0.07,331,458,7.6,8.41,120.1,10,Regular,545000,564169,19169,19169,58.87925066,58.87925066,1,NA,NA,Aquatic Non-Insects,118,Class,Ostracoda,Ostracod,Adults,0,0,0,NA,NA,NA,NA,NA,NA,NA,NA,NA,NA,NA   NA   NA   NA,NA   NA   NA   NA
STTD_2019-02-05 10:25:00,2/5/2019 10:25,STTD,2019,W,TRUE,CLR,NA,1,10.4,0.07,331,458,7.6,8.41,120.1,10,Regular,545000,564169,19169,19169,58.87925066,58.87925066,1,NA,NA,Aquatic Non-Insects,118,Class,Ostracoda,Ostracod,NotDetermined,2,0.034,0.034,NA,NA,NA,NA,NA,NA,NA,NA,NA,NA,NA   NA   NA   NA,NA   NA   NA   NA
STTD_2019-02-05 10:25:00,2/5/2019 10:25,STTD,2019,W,TRUE,CLR,NA,1,10.4,0.07,331,458,7.6,8.41,120.1,10,Regular,545000,564169,19169,19169,58.87925066,58.87925066,1,NA,NA,Aquatic Non-Insects,18,Family,Hydridae,Hydridae,Larvae,0,0,0,NA,NA,NA,NA,NA,NA,NA,NA,NA,NA,NA   NA   NA   NA,NA   NA   NA   NA
STTD_2019-02-05 10:25:00,2/5/2019 10:25,STTD,2019,W,TRUE,CLR,NA,1,10.4,0.07,331,458,7.6,8.41,120.1,10,Regular,545000,564169,19169,19169,58.87925066,58.87925066,1,NA,NA,Aquatic Non-Insects,18,Family,Hydridae,Hydridae,Pupae,0,0,0,NA,NA,NA,NA,NA,NA,NA,NA,NA,NA,NA   NA   NA   NA,NA   NA   NA   NA
STTD_2019-02-05 10:25:00,2/5/2019 10:25,STTD,2019,W,TRUE,CLR,NA,1,10.4,0.07,331,458,7.6,8.41,120.1,10,Regular,545000,564169,19169,19169,58.87925066,58.87925066,1,NA,NA,Aquatic Non-Insects,18,Family,Hydridae,Hydridae,Nymphs,0,0,0,NA,NA,NA,NA,NA,NA,NA,NA,NA,NA,NA   NA   NA   NA,NA   NA   NA   NA
STTD_2019-02-05 10:25:00,2/5/2019 10:25,STTD,2019,W,TRUE,CLR,NA,1,10.4,0.07,331,458,7.6,8.41,120.1,10,Regular,545000,564169,19169,19169,58.87925066,58.87925066,1,NA,NA,Aquatic Non-Insects,18,Family,Hydridae,Hydridae,Emergents,0,0,0,NA,NA,NA,NA,NA,NA,NA,NA,NA,NA,NA   NA   NA   NA,NA   NA   NA   NA
STTD_2019-02-05 10:25:00,2/5/2019 10:25,STTD,2019,W,TRUE,CLR,NA,1,10.4,0.07,331,458,7.6,8.41,120.1,10,Regular,545000,564169,19169,19169,58.87925066,58.87925066,1,NA,NA,Aquatic Non-Insects,18,Family,Hydridae,Hydridae,Adults,0,0,0,NA,NA,NA,NA,NA,NA,NA,NA,NA,NA,NA   NA   NA   NA,NA   NA   NA   NA
STTD_2019-02-05 10:25:00,2/5/2019 10:25,STTD,2019,W,TRUE,CLR,NA,1,10.4,0.07,331,458,7.6,8.41,120.1,10,Regular,545000,564169,19169,19169,58.87925066,58.87925066,1,NA,NA,Aquatic Non-Insects,18,Family,Hydridae,Hydridae,NotDetermined,7,0.119,0.119,NA,NA,NA,NA,NA,NA,NA,NA,NA,NA,NA   NA   NA   NA,NA   NA   NA   NA
STTD_2019-02-05 10:25:00,2/5/2019 10:25,STTD,2019,W,TRUE,CLR,NA,1,10.4,0.07,331,458,7.6,8.41,120.1,10,Regular,545000,564169,19169,19169,58.87925066,58.87925066,1,NA,NA,Aquatic Non-Insects,148,Family,Cottidae,Unidentified Sculpin,Larvae,0,0,0,NA,NA,NA,NA,NA,NA,NA,NA,NA,NA,NA   NA   NA   NA,NA   NA   NA   NA
STTD_2019-02-05 10:25:00,2/5/2019 10:25,STTD,2019,W,TRUE,CLR,NA,1,10.4,0.07,331,458,7.6,8.41,120.1,10,Regular,545000,564169,19169,19169,58.87925066,58.87925066,1,NA,NA,Aquatic Non-Insects,148,Family,Cottidae,Unidentified Sculpin,Pupae,0,0,0,NA,NA,NA,NA,NA,NA,NA,NA,NA,NA,NA   NA   NA   NA,NA   NA   NA   NA
STTD_2019-02-05 10:25:00,2/5/2019 10:25,STTD,2019,W,TRUE,CLR,NA,1,10.4,0.07,331,458,7.6,8.41,120.1,10,Regular,545000,564169,19169,19169,58.87925066,58.87925066,1,NA,NA,Aquatic Non-Insects,148,Family,Cottidae,Unidentified Sculpin,Nymphs,0,0,0,NA,NA,NA,NA,NA,NA,NA,NA,NA,NA,NA   NA   NA   NA,NA   NA   NA   NA
STTD_2019-02-05 10:25:00,2/5/2019 10:25,STTD,2019,W,TRUE,CLR,NA,1,10.4,0.07,331,458,7.6,8.41,120.1,10,Regular,545000,564169,19169,19169,58.87925066,58.87925066,1,NA,NA,Aquatic Non-Insects,148,Family,Cottidae,Unidentified Sculpin,Emergents,0,0,0,NA,NA,NA,NA,NA,NA,NA,NA,NA,NA,NA   NA   NA   NA,NA   NA   NA   NA
STTD_2019-02-05 10:25:00,2/5/2019 10:25,STTD,2019,W,TRUE,CLR,NA,1,10.4,0.07,331,458,7.6,8.41,120.1,10,Regular,545000,564169,19169,19169,58.87925066,58.87925066,1,NA,NA,Aquatic Non-Insects,148,Family,Cottidae,Unidentified Sculpin,Adults,0,0,0,NA,NA,NA,NA,NA,NA,NA,NA,NA,NA,NA   NA   NA   NA,NA   NA   NA   NA
STTD_2019-02-05 10:25:00,2/5/2019 10:25,STTD,2019,W,TRUE,CLR,NA,1,10.4,0.07,331,458,7.6,8.41,120.1,10,Regular,545000,564169,19169,19169,58.87925066,58.87925066,1,NA,NA,Aquatic Non-Insects,148,Family,Cottidae,Unidentified Sculpin,NotDetermined,2,0.034,0.034,NA,NA,NA,NA,NA,NA,NA,NA,NA,NA,NA   NA   NA   NA,NA   NA   NA   NA
STTD_2019-02-05 10:25:00,2/5/2019 10:25,STTD,2019,W,TRUE,CLR,NA,1,10.4,0.07,331,458,7.6,8.41,120.1,10,Regular,545000,564169,19169,19169,58.87925066,58.87925066,1,NA,NA,Terrestrial Non-Insects,68,Order,Collembola,Collembola,Larvae,0,0,0,NA,NA,NA,NA,NA,NA,NA,NA,NA,NA,NA   NA   NA   NA,NA   NA   NA   NA
STTD_2019-02-05 10:25:00,2/5/2019 10:25,STTD,2019,W,TRUE,CLR,NA,1,10.4,0.07,331,458,7.6,8.41,120.1,10,Regular,545000,564169,19169,19169,58.87925066,58.87925066,1,NA,NA,Terrestrial Non-Insects,68,Order,Collembola,Collembola,Pupae,0,0,0,NA,NA,NA,NA,NA,NA,NA,NA,NA,NA,NA   NA   NA   NA,NA   NA   NA   NA
STTD_2019-02-05 10:25:00,2/5/2019 10:25,STTD,2019,W,TRUE,CLR,NA,1,10.4,0.07,331,458,7.6,8.41,120.1,10,Regular,545000,564169,19169,19169,58.87925066,58.87925066,1,NA,NA,Terrestrial Non-Insects,68,Order,Collembola,Collembola,Nymphs,0,0,0,NA,NA,NA,NA,NA,NA,NA,NA,NA,NA,NA   NA   NA   NA,NA   NA   NA   NA
STTD_2019-02-05 10:25:00,2/5/2019 10:25,STTD,2019,W,TRUE,CLR,NA,1,10.4,0.07,331,458,7.6,8.41,120.1,10,Regular,545000,564169,19169,19169,58.87925066,58.87925066,1,NA,NA,Terrestrial Non-Insects,68,Order,Collembola,Collembola,Emergents,0,0,0,NA,NA,NA,NA,NA,NA,NA,NA,NA,NA,NA   NA   NA   NA,NA   NA   NA   NA
STTD_2019-02-05 10:25:00,2/5/2019 10:25,STTD,2019,W,TRUE,CLR,NA,1,10.4,0.07,331,458,7.6,8.41,120.1,10,Regular,545000,564169,19169,19169,58.87925066,58.87925066,1,NA,NA,Terrestrial Non-Insects,68,Order,Collembola,Collembola,Adults,3,0.051,0.051,NA,NA,NA,NA,NA,NA,NA,NA,NA,NA,NA   NA   NA   NA,NA   NA   NA   NA
STTD_2019-02-05 10:25:00,2/5/2019 10:25,STTD,2019,W,TRUE,CLR,NA,1,10.4,0.07,331,458,7.6,8.41,120.1,10,Regular,545000,564169,19169,19169,58.87925066,58.87925066,1,NA,NA,Terrestrial Non-Insects,68,Order,Collembola,Collembola,NotDetermined,0,0,0,NA,NA,NA,NA,NA,NA,NA,NA,NA,NA,NA   NA   NA   NA,NA   NA   NA   NA
STTD_2019-02-19 10:34:00,2/19/2019 10:34,STTD,2019,W,TRUE,CLR,Overtopping,1,7.6,0.1,69,103,7.81,10.69,94.4,5,Regular,564400,579600,15200,15200,46.68812197,46.68812197,1,NA,NA,Aquatic Insects,30,Family,Dytiscidae,Dytiscidae,Larvae,0,0,0,NA,NA,NA,NA,NA,NA,NA,NA,NA,NA,NA   NA   NA   NA,NA   NA   NA   NA
STTD_2019-02-19 10:34:00,2/19/2019 10:34,STTD,2019,W,TRUE,CLR,Overtopping,1,7.6,0.1,69,103,7.81,10.69,94.4,5,Regular,564400,579600,15200,15200,46.68812197,46.68812197,1,NA,NA,Aquatic Insects,30,Family,Dytiscidae,Dytiscidae,Pupae,0,0,0,NA,NA,NA,NA,NA,NA,NA,NA,NA,NA,NA   NA   NA   NA,NA   NA   NA   NA
STTD_2019-02-19 10:34:00,2/19/2019 10:34,STTD,2019,W,TRUE,CLR,Overtopping,1,7.6,0.1,69,103,7.81,10.69,94.4,5,Regular,564400,579600,15200,15200,46.68812197,46.68812197,1,NA,NA,Aquatic Insects,30,Family,Dytiscidae,Dytiscidae,Nymphs,0,0,0,NA,NA,NA,NA,NA,NA,NA,NA,NA,NA,NA   NA   NA   NA,NA   NA   NA   NA
STTD_2019-02-19 10:34:00,2/19/2019 10:34,STTD,2019,W,TRUE,CLR,Overtopping,1,7.6,0.1,69,103,7.81,10.69,94.4,5,Regular,564400,579600,15200,15200,46.68812197,46.68812197,1,NA,NA,Aquatic Insects,30,Family,Dytiscidae,Dytiscidae,Emergents,0,0,0,NA,NA,NA,NA,NA,NA,NA,NA,NA,NA,NA   NA   NA   NA,NA   NA   NA   NA
STTD_2019-02-19 10:34:00,2/19/2019 10:34,STTD,2019,W,TRUE,CLR,Overtopping,1,7.6,0.1,69,103,7.81,10.69,94.4,5,Regular,564400,579600,15200,15200,46.68812197,46.68812197,1,NA,NA,Aquatic Insects,30,Family,Dytiscidae,Dytiscidae,Adults,42,0.9,0.9,NA,NA,NA,NA,NA,NA,NA,NA,NA,NA,NA   NA   NA   NA,NA   NA   NA   NA
STTD_2019-02-19 10:34:00,2/19/2019 10:34,STTD,2019,W,TRUE,CLR,Overtopping,1,7.6,0.1,69,103,7.81,10.69,94.4,5,Regular,564400,579600,15200,15200,46.68812197,46.68812197,1,NA,NA,Aquatic Insects,30,Family,Dytiscidae,Dytiscidae,NotDetermined,0,0,0,NA,NA,NA,NA,NA,NA,NA,NA,NA,NA,NA   NA   NA   NA,NA   NA   NA   NA
STTD_2019-02-19 10:34:00,2/19/2019 10:34,STTD,2019,W,TRUE,CLR,Overtopping,1,7.6,0.1,69,103,7.81,10.69,94.4,5,Regular,564400,579600,15200,15200,46.68812197,46.68812197,1,NA,NA,Aquatic Insects,32,Family,Ceratopogonidae,Ceratopogonidae,Larvae,0,0,0,NA,NA,NA,NA,NA,NA,NA,NA,NA,NA,NA   NA   NA   NA,NA   NA   NA   NA
STTD_2019-02-19 10:34:00,2/19/2019 10:34,STTD,2019,W,TRUE,CLR,Overtopping,1,7.6,0.1,69,103,7.81,10.69,94.4,5,Regular,564400,579600,15200,15200,46.68812197,46.68812197,1,NA,NA,Aquatic Insects,32,Family,Ceratopogonidae,Ceratopogonidae,Pupae,1,0.021,0.021,NA,NA,NA,NA,NA,NA,NA,NA,NA,NA,NA   NA   NA   NA,NA   NA   NA   NA
STTD_2019-02-19 10:34:00,2/19/2019 10:34,STTD,2019,W,TRUE,CLR,Overtopping,1,7.6,0.1,69,103,7.81,10.69,94.4,5,Regular,564400,579600,15200,15200,46.68812197,46.68812197,1,NA,NA,Aquatic Insects,32,Family,Ceratopogonidae,Ceratopogonidae,Nymphs,0,0,0,NA,NA,NA,NA,NA,NA,NA,NA,NA,NA,NA   NA   NA   NA,NA   NA   NA   NA
STTD_2019-02-19 10:34:00,2/19/2019 10:34,STTD,2019,W,TRUE,CLR,Overtopping,1,7.6,0.1,69,103,7.81,10.69,94.4,5,Regular,564400,579600,15200,15200,46.68812197,46.68812197,1,NA,NA,Aquatic Insects,32,Family,Ceratopogonidae,Ceratopogonidae,Emergents,0,0,0,NA,NA,NA,NA,NA,NA,NA,NA,NA,NA,NA   NA   NA   NA,NA   NA   NA   NA
STTD_2019-02-19 10:34:00,2/19/2019 10:34,STTD,2019,W,TRUE,CLR,Overtopping,1,7.6,0.1,69,103,7.81,10.69,94.4,5,Regular,564400,579600,15200,15200,46.68812197,46.68812197,1,NA,NA,Aquatic Insects,32,Family,Ceratopogonidae,Ceratopogonidae,Adults,0,0,0,NA,NA,NA,NA,NA,NA,NA,NA,NA,NA,NA   NA   NA   NA,NA   NA   NA   NA
STTD_2019-02-19 10:34:00,2/19/2019 10:34,STTD,2019,W,TRUE,CLR,Overtopping,1,7.6,0.1,69,103,7.81,10.69,94.4,5,Regular,564400,579600,15200,15200,46.68812197,46.68812197,1,NA,NA,Aquatic Insects,32,Family,Ceratopogonidae,Ceratopogonidae,NotDetermined,0,0,0,NA,NA,NA,NA,NA,NA,NA,NA,NA,NA,NA   NA   NA   NA,NA   NA   NA   NA
STTD_2019-02-19 10:34:00,2/19/2019 10:34,STTD,2019,W,TRUE,CLR,Overtopping,1,7.6,0.1,69,103,7.81,10.69,94.4,5,Regular,564400,579600,15200,15200,46.68812197,46.68812197,1,NA,NA,Aquatic Insects,34,Family,Chironomidae,Chironomidae,Larvae,2,0.043,0.043,NA,NA,NA,NA,NA,NA,NA,NA,NA,NA,NA   NA   NA   NA,NA   NA   NA   NA
STTD_2019-02-19 10:34:00,2/19/2019 10:34,STTD,2019,W,TRUE,CLR,Overtopping,1,7.6,0.1,69,103,7.81,10.69,94.4,5,Regular,564400,579600,15200,15200,46.68812197,46.68812197,1,NA,NA,Aquatic Insects,34,Family,Chironomidae,Chironomidae,Pupae,3,0.064,0.064,NA,NA,NA,NA,NA,NA,NA,NA,NA,NA,NA   NA   NA   NA,NA   NA   NA   NA
STTD_2019-02-19 10:34:00,2/19/2019 10:34,STTD,2019,W,TRUE,CLR,Overtopping,1,7.6,0.1,69,103,7.81,10.69,94.4,5,Regular,564400,579600,15200,15200,46.68812197,46.68812197,1,NA,NA,Aquatic Insects,34,Family,Chironomidae,Chironomidae,Nymphs,0,0,0,NA,NA,NA,NA,NA,NA,NA,NA,NA,NA,NA   NA   NA   NA,NA   NA   NA   NA
STTD_2019-02-19 10:34:00,2/19/2019 10:34,STTD,2019,W,TRUE,CLR,Overtopping,1,7.6,0.1,69,103,7.81,10.69,94.4,5,Regular,564400,579600,15200,15200,46.68812197,46.68812197,1,NA,NA,Aquatic Insects,34,Family,Chironomidae,Chironomidae,Emergents,0,0,0,NA,NA,NA,NA,NA,NA,NA,NA,NA,NA,NA   NA   NA   NA,NA   NA   NA   NA
STTD_2019-02-19 10:34:00,2/19/2019 10:34,STTD,2019,W,TRUE,CLR,Overtopping,1,7.6,0.1,69,103,7.81,10.69,94.4,5,Regular,564400,579600,15200,15200,46.68812197,46.68812197,1,NA,NA,Aquatic Insects,34,Family,Chironomidae,Chironomidae,Adults,7,0.15,0.15,NA,NA,NA,NA,NA,NA,NA,NA,NA,NA,NA   NA   NA   NA,NA   NA   NA   NA
STTD_2019-02-19 10:34:00,2/19/2019 10:34,STTD,2019,W,TRUE,CLR,Overtopping,1,7.6,0.1,69,103,7.81,10.69,94.4,5,Regular,564400,579600,15200,15200,46.68812197,46.68812197,1,NA,NA,Aquatic Insects,34,Family,Chironomidae,Chironomidae,NotDetermined,0,0,0,NA,NA,NA,NA,NA,NA,NA,NA,NA,NA,NA   NA   NA   NA,NA   NA   NA   NA
STTD_2019-02-19 10:34:00,2/19/2019 10:34,STTD,2019,W,TRUE,CLR,Overtopping,1,7.6,0.1,69,103,7.81,10.69,94.4,5,Regular,564400,579600,15200,15200,46.68812197,46.68812197,1,NA,NA,Aquatic Insects,44,Family,Corixidae,Corixidae,Larvae,0,0,0,NA,NA,NA,NA,NA,NA,NA,NA,NA,NA,NA   NA   NA   NA,NA   NA   NA   NA
STTD_2019-02-19 10:34:00,2/19/2019 10:34,STTD,2019,W,TRUE,CLR,Overtopping,1,7.6,0.1,69,103,7.81,10.69,94.4,5,Regular,564400,579600,15200,15200,46.68812197,46.68812197,1,NA,NA,Aquatic Insects,44,Family,Corixidae,Corixidae,Pupae,0,0,0,NA,NA,NA,NA,NA,NA,NA,NA,NA,NA,NA   NA   NA   NA,NA   NA   NA   NA
STTD_2019-02-19 10:34:00,2/19/2019 10:34,STTD,2019,W,TRUE,CLR,Overtopping,1,7.6,0.1,69,103,7.81,10.69,94.4,5,Regular,564400,579600,15200,15200,46.68812197,46.68812197,1,NA,NA,Aquatic Insects,44,Family,Corixidae,Corixidae,Nymphs,6,0.129,0.129,NA,NA,NA,NA,NA,NA,NA,NA,NA,NA,NA   NA   NA   NA,NA   NA   NA   NA
STTD_2019-02-19 10:34:00,2/19/2019 10:34,STTD,2019,W,TRUE,CLR,Overtopping,1,7.6,0.1,69,103,7.81,10.69,94.4,5,Regular,564400,579600,15200,15200,46.68812197,46.68812197,1,NA,NA,Aquatic Insects,44,Family,Corixidae,Corixidae,Emergents,0,0,0,NA,NA,NA,NA,NA,NA,NA,NA,NA,NA,NA   NA   NA   NA,NA   NA   NA   NA
STTD_2019-02-19 10:34:00,2/19/2019 10:34,STTD,2019,W,TRUE,CLR,Overtopping,1,7.6,0.1,69,103,7.81,10.69,94.4,5,Regular,564400,579600,15200,15200,46.68812197,46.68812197,1,NA,NA,Aquatic Insects,44,Family,Corixidae,Corixidae,Adults,11,0.236,0.236,NA,NA,NA,NA,NA,NA,NA,NA,NA,NA,NA   NA   NA   NA,NA   NA   NA   NA
STTD_2019-02-19 10:34:00,2/19/2019 10:34,STTD,2019,W,TRUE,CLR,Overtopping,1,7.6,0.1,69,103,7.81,10.69,94.4,5,Regular,564400,579600,15200,15200,46.68812197,46.68812197,1,NA,NA,Aquatic Insects,44,Family,Corixidae,Corixidae,NotDetermined,0,0,0,NA,NA,NA,NA,NA,NA,NA,NA,NA,NA,NA   NA   NA   NA,NA   NA   NA   NA
STTD_2019-02-19 10:34:00,2/19/2019 10:34,STTD,2019,W,TRUE,CLR,Overtopping,1,7.6,0.1,69,103,7.81,10.69,94.4,5,Regular,564400,579600,15200,15200,46.68812197,46.68812197,1,NA,NA,Aquatic Non-Insects,4,Family,Naididae,Naididae,Larvae,0,0,0,NA,NA,NA,NA,NA,NA,NA,NA,NA,NA,NA   NA   NA   NA,NA   NA   NA   NA
STTD_2019-02-19 10:34:00,2/19/2019 10:34,STTD,2019,W,TRUE,CLR,Overtopping,1,7.6,0.1,69,103,7.81,10.69,94.4,5,Regular,564400,579600,15200,15200,46.68812197,46.68812197,1,NA,NA,Aquatic Non-Insects,4,Family,Naididae,Naididae,Pupae,0,0,0,NA,NA,NA,NA,NA,NA,NA,NA,NA,NA,NA   NA   NA   NA,NA   NA   NA   NA
STTD_2019-02-19 10:34:00,2/19/2019 10:34,STTD,2019,W,TRUE,CLR,Overtopping,1,7.6,0.1,69,103,7.81,10.69,94.4,5,Regular,564400,579600,15200,15200,46.68812197,46.68812197,1,NA,NA,Aquatic Non-Insects,4,Family,Naididae,Naididae,Nymphs,0,0,0,NA,NA,NA,NA,NA,NA,NA,NA,NA,NA,NA   NA   NA   NA,NA   NA   NA   NA
STTD_2019-02-19 10:34:00,2/19/2019 10:34,STTD,2019,W,TRUE,CLR,Overtopping,1,7.6,0.1,69,103,7.81,10.69,94.4,5,Regular,564400,579600,15200,15200,46.68812197,46.68812197,1,NA,NA,Aquatic Non-Insects,4,Family,Naididae,Naididae,Emergents,0,0,0,NA,NA,NA,NA,NA,NA,NA,NA,NA,NA,NA   NA   NA   NA,NA   NA   NA   NA
STTD_2019-02-19 10:34:00,2/19/2019 10:34,STTD,2019,W,TRUE,CLR,Overtopping,1,7.6,0.1,69,103,7.81,10.69,94.4,5,Regular,564400,579600,15200,15200,46.68812197,46.68812197,1,NA,NA,Aquatic Non-Insects,4,Family,Naididae,Naididae,Adults,0,0,0,NA,NA,NA,NA,NA,NA,NA,NA,NA,NA,NA   NA   NA   NA,NA   NA   NA   NA
STTD_2019-02-19 10:34:00,2/19/2019 10:34,STTD,2019,W,TRUE,CLR,Overtopping,1,7.6,0.1,69,103,7.81,10.69,94.4,5,Regular,564400,579600,15200,15200,46.68812197,46.68812197,1,NA,NA,Aquatic Non-Insects,4,Family,Naididae,Naididae,NotDetermined,10,0.214,0.214,NA,NA,NA,NA,NA,NA,NA,NA,NA,NA,NA   NA   NA   NA,NA   NA   NA   NA
STTD_2019-02-19 10:34:00,2/19/2019 10:34,STTD,2019,W,TRUE,CLR,Overtopping,1,7.6,0.1,69,103,7.81,10.69,94.4,5,Regular,564400,579600,15200,15200,46.68812197,46.68812197,1,NA,NA,Aquatic Non-Insects,2,Family,Enchytraeidae,Enchytraeidae,Larvae,0,0,0,NA,NA,NA,NA,NA,NA,NA,NA,NA,NA,NA   NA   NA   NA,NA   NA   NA   NA
STTD_2019-02-19 10:34:00,2/19/2019 10:34,STTD,2019,W,TRUE,CLR,Overtopping,1,7.6,0.1,69,103,7.81,10.69,94.4,5,Regular,564400,579600,15200,15200,46.68812197,46.68812197,1,NA,NA,Aquatic Non-Insects,2,Family,Enchytraeidae,Enchytraeidae,Pupae,0,0,0,NA,NA,NA,NA,NA,NA,NA,NA,NA,NA,NA   NA   NA   NA,NA   NA   NA   NA
STTD_2019-02-19 10:34:00,2/19/2019 10:34,STTD,2019,W,TRUE,CLR,Overtopping,1,7.6,0.1,69,103,7.81,10.69,94.4,5,Regular,564400,579600,15200,15200,46.68812197,46.68812197,1,NA,NA,Aquatic Non-Insects,2,Family,Enchytraeidae,Enchytraeidae,Nymphs,0,0,0,NA,NA,NA,NA,NA,NA,NA,NA,NA,NA,NA   NA   NA   NA,NA   NA   NA   NA
STTD_2019-02-19 10:34:00,2/19/2019 10:34,STTD,2019,W,TRUE,CLR,Overtopping,1,7.6,0.1,69,103,7.81,10.69,94.4,5,Regular,564400,579600,15200,15200,46.68812197,46.68812197,1,NA,NA,Aquatic Non-Insects,2,Family,Enchytraeidae,Enchytraeidae,Emergents,0,0,0,NA,NA,NA,NA,NA,NA,NA,NA,NA,NA,NA   NA   NA   NA,NA   NA   NA   NA
STTD_2019-02-19 10:34:00,2/19/2019 10:34,STTD,2019,W,TRUE,CLR,Overtopping,1,7.6,0.1,69,103,7.81,10.69,94.4,5,Regular,564400,579600,15200,15200,46.68812197,46.68812197,1,NA,NA,Aquatic Non-Insects,2,Family,Enchytraeidae,Enchytraeidae,Adults,0,0,0,NA,NA,NA,NA,NA,NA,NA,NA,NA,NA,NA   NA   NA   NA,NA   NA   NA   NA
STTD_2019-02-19 10:34:00,2/19/2019 10:34,STTD,2019,W,TRUE,CLR,Overtopping,1,7.6,0.1,69,103,7.81,10.69,94.4,5,Regular,564400,579600,15200,15200,46.68812197,46.68812197,1,NA,NA,Aquatic Non-Insects,2,Family,Enchytraeidae,Enchytraeidae,NotDetermined,5,0.107,0.107,NA,NA,NA,NA,NA,NA,NA,NA,NA,NA,NA   NA   NA   NA,NA   NA   NA   NA
STTD_2019-02-19 10:34:00,2/19/2019 10:34,STTD,2019,W,TRUE,CLR,Overtopping,1,7.6,0.1,69,103,7.81,10.69,94.4,5,Regular,564400,579600,15200,15200,46.68812197,46.68812197,1,NA,NA,Aquatic Non-Insects,8,Family,Sabellidae,Sabellidae,Larvae,0,0,0,NA,NA,NA,NA,NA,NA,NA,NA,NA,NA,NA   NA   NA   NA,NA   NA   NA   NA
STTD_2019-02-19 10:34:00,2/19/2019 10:34,STTD,2019,W,TRUE,CLR,Overtopping,1,7.6,0.1,69,103,7.81,10.69,94.4,5,Regular,564400,579600,15200,15200,46.68812197,46.68812197,1,NA,NA,Aquatic Non-Insects,8,Family,Sabellidae,Sabellidae,Pupae,0,0,0,NA,NA,NA,NA,NA,NA,NA,NA,NA,NA,NA   NA   NA   NA,NA   NA   NA   NA
STTD_2019-02-19 10:34:00,2/19/2019 10:34,STTD,2019,W,TRUE,CLR,Overtopping,1,7.6,0.1,69,103,7.81,10.69,94.4,5,Regular,564400,579600,15200,15200,46.68812197,46.68812197,1,NA,NA,Aquatic Non-Insects,8,Family,Sabellidae,Sabellidae,Nymphs,0,0,0,NA,NA,NA,NA,NA,NA,NA,NA,NA,NA,NA   NA   NA   NA,NA   NA   NA   NA
STTD_2019-02-19 10:34:00,2/19/2019 10:34,STTD,2019,W,TRUE,CLR,Overtopping,1,7.6,0.1,69,103,7.81,10.69,94.4,5,Regular,564400,579600,15200,15200,46.68812197,46.68812197,1,NA,NA,Aquatic Non-Insects,8,Family,Sabellidae,Sabellidae,Emergents,0,0,0,NA,NA,NA,NA,NA,NA,NA,NA,NA,NA,NA   NA   NA   NA,NA   NA   NA   NA
STTD_2019-02-19 10:34:00,2/19/2019 10:34,STTD,2019,W,TRUE,CLR,Overtopping,1,7.6,0.1,69,103,7.81,10.69,94.4,5,Regular,564400,579600,15200,15200,46.68812197,46.68812197,1,NA,NA,Aquatic Non-Insects,8,Family,Sabellidae,Sabellidae,Adults,0,0,0,NA,NA,NA,NA,NA,NA,NA,NA,NA,NA,NA   NA   NA   NA,NA   NA   NA   NA
STTD_2019-02-19 10:34:00,2/19/2019 10:34,STTD,2019,W,TRUE,CLR,Overtopping,1,7.6,0.1,69,103,7.81,10.69,94.4,5,Regular,564400,579600,15200,15200,46.68812197,46.68812197,1,NA,NA,Aquatic Non-Insects,8,Family,Sabellidae,Sabellidae,NotDetermined,1,0.021,0.021,NA,NA,NA,NA,NA,NA,NA,NA,NA,NA,NA   NA   NA   NA,NA   NA   NA   NA
STTD_2019-02-19 10:34:00,2/19/2019 10:34,STTD,2019,W,TRUE,CLR,Overtopping,1,7.6,0.1,69,103,7.81,10.69,94.4,5,Regular,564400,579600,15200,15200,46.68812197,46.68812197,1,NA,NA,Aquatic Insects,81,Family,Hydrophilidae,Hydrophilidae,Larvae,0,0,0,NA,NA,NA,NA,NA,NA,NA,NA,NA,NA,NA   NA   NA   NA,NA   NA   NA   NA
STTD_2019-02-19 10:34:00,2/19/2019 10:34,STTD,2019,W,TRUE,CLR,Overtopping,1,7.6,0.1,69,103,7.81,10.69,94.4,5,Regular,564400,579600,15200,15200,46.68812197,46.68812197,1,NA,NA,Aquatic Insects,81,Family,Hydrophilidae,Hydrophilidae,Pupae,0,0,0,NA,NA,NA,NA,NA,NA,NA,NA,NA,NA,NA   NA   NA   NA,NA   NA   NA   NA
STTD_2019-02-19 10:34:00,2/19/2019 10:34,STTD,2019,W,TRUE,CLR,Overtopping,1,7.6,0.1,69,103,7.81,10.69,94.4,5,Regular,564400,579600,15200,15200,46.68812197,46.68812197,1,NA,NA,Aquatic Insects,81,Family,Hydrophilidae,Hydrophilidae,Nymphs,0,0,0,NA,NA,NA,NA,NA,NA,NA,NA,NA,NA,NA   NA   NA   NA,NA   NA   NA   NA
STTD_2019-02-19 10:34:00,2/19/2019 10:34,STTD,2019,W,TRUE,CLR,Overtopping,1,7.6,0.1,69,103,7.81,10.69,94.4,5,Regular,564400,579600,15200,15200,46.68812197,46.68812197,1,NA,NA,Aquatic Insects,81,Family,Hydrophilidae,Hydrophilidae,Emergents,0,0,0,NA,NA,NA,NA,NA,NA,NA,NA,NA,NA,NA   NA   NA   NA,NA   NA   NA   NA
STTD_2019-02-19 10:34:00,2/19/2019 10:34,STTD,2019,W,TRUE,CLR,Overtopping,1,7.6,0.1,69,103,7.81,10.69,94.4,5,Regular,564400,579600,15200,15200,46.68812197,46.68812197,1,NA,NA,Aquatic Insects,81,Family,Hydrophilidae,Hydrophilidae,Adults,12,0.257,0.257,NA,NA,NA,NA,NA,NA,NA,NA,NA,NA,NA   NA   NA   NA,NA   NA   NA   NA
STTD_2019-02-19 10:34:00,2/19/2019 10:34,STTD,2019,W,TRUE,CLR,Overtopping,1,7.6,0.1,69,103,7.81,10.69,94.4,5,Regular,564400,579600,15200,15200,46.68812197,46.68812197,1,NA,NA,Aquatic Insects,81,Family,Hydrophilidae,Hydrophilidae,NotDetermined,0,0,0,NA,NA,NA,NA,NA,NA,NA,NA,NA,NA,NA   NA   NA   NA,NA   NA   NA   NA
STTD_2019-02-19 10:34:00,2/19/2019 10:34,STTD,2019,W,TRUE,CLR,Overtopping,1,7.6,0.1,69,103,7.81,10.69,94.4,5,Regular,564400,579600,15200,15200,46.68812197,46.68812197,1,NA,NA,Aquatic Non-Insects,9,Family,Corophiidae,Corophiidae,Larvae,0,0,0,NA,NA,NA,NA,NA,NA,NA,NA,NA,NA,NA   NA   NA   NA,NA   NA   NA   NA
STTD_2019-02-19 10:34:00,2/19/2019 10:34,STTD,2019,W,TRUE,CLR,Overtopping,1,7.6,0.1,69,103,7.81,10.69,94.4,5,Regular,564400,579600,15200,15200,46.68812197,46.68812197,1,NA,NA,Aquatic Non-Insects,9,Family,Corophiidae,Corophiidae,Pupae,0,0,0,NA,NA,NA,NA,NA,NA,NA,NA,NA,NA,NA   NA   NA   NA,NA   NA   NA   NA
STTD_2019-02-19 10:34:00,2/19/2019 10:34,STTD,2019,W,TRUE,CLR,Overtopping,1,7.6,0.1,69,103,7.81,10.69,94.4,5,Regular,564400,579600,15200,15200,46.68812197,46.68812197,1,NA,NA,Aquatic Non-Insects,9,Family,Corophiidae,Corophiidae,Nymphs,0,0,0,NA,NA,NA,NA,NA,NA,NA,NA,NA,NA,NA   NA   NA   NA,NA   NA   NA   NA
STTD_2019-02-19 10:34:00,2/19/2019 10:34,STTD,2019,W,TRUE,CLR,Overtopping,1,7.6,0.1,69,103,7.81,10.69,94.4,5,Regular,564400,579600,15200,15200,46.68812197,46.68812197,1,NA,NA,Aquatic Non-Insects,9,Family,Corophiidae,Corophiidae,Emergents,0,0,0,NA,NA,NA,NA,NA,NA,NA,NA,NA,NA,NA   NA   NA   NA,NA   NA   NA   NA
STTD_2019-02-19 10:34:00,2/19/2019 10:34,STTD,2019,W,TRUE,CLR,Overtopping,1,7.6,0.1,69,103,7.81,10.69,94.4,5,Regular,564400,579600,15200,15200,46.68812197,46.68812197,1,NA,NA,Aquatic Non-Insects,9,Family,Corophiidae,Corophiidae,Adults,0,0,0,NA,NA,NA,NA,NA,NA,NA,NA,NA,NA,NA   NA   NA   NA,NA   NA   NA   NA
STTD_2019-02-19 10:34:00,2/19/2019 10:34,STTD,2019,W,TRUE,CLR,Overtopping,1,7.6,0.1,69,103,7.81,10.69,94.4,5,Regular,564400,579600,15200,15200,46.68812197,46.68812197,1,NA,NA,Aquatic Non-Insects,9,Family,Corophiidae,Corophiidae,NotDetermined,1,0.021,0.021,NA,NA,NA,NA,NA,NA,NA,NA,NA,NA,NA   NA   NA   NA,NA   NA   NA   NA
STTD_2019-02-19 10:34:00,2/19/2019 10:34,STTD,2019,W,TRUE,CLR,Overtopping,1,7.6,0.1,69,103,7.81,10.69,94.4,5,Regular,564400,579600,15200,15200,46.68812197,46.68812197,1,NA,NA,Aquatic Non-Insects,148,Family,Cottidae,Unidentified Sculpin,Larvae,0,0,0,NA,NA,NA,NA,NA,NA,NA,NA,NA,NA,NA   NA   NA   NA,NA   NA   NA   NA
STTD_2019-02-19 10:34:00,2/19/2019 10:34,STTD,2019,W,TRUE,CLR,Overtopping,1,7.6,0.1,69,103,7.81,10.69,94.4,5,Regular,564400,579600,15200,15200,46.68812197,46.68812197,1,NA,NA,Aquatic Non-Insects,148,Family,Cottidae,Unidentified Sculpin,Pupae,0,0,0,NA,NA,NA,NA,NA,NA,NA,NA,NA,NA,NA   NA   NA   NA,NA   NA   NA   NA
STTD_2019-02-19 10:34:00,2/19/2019 10:34,STTD,2019,W,TRUE,CLR,Overtopping,1,7.6,0.1,69,103,7.81,10.69,94.4,5,Regular,564400,579600,15200,15200,46.68812197,46.68812197,1,NA,NA,Aquatic Non-Insects,148,Family,Cottidae,Unidentified Sculpin,Nymphs,0,0,0,NA,NA,NA,NA,NA,NA,NA,NA,NA,NA,NA   NA   NA   NA,NA   NA   NA   NA
STTD_2019-02-19 10:34:00,2/19/2019 10:34,STTD,2019,W,TRUE,CLR,Overtopping,1,7.6,0.1,69,103,7.81,10.69,94.4,5,Regular,564400,579600,15200,15200,46.68812197,46.68812197,1,NA,NA,Aquatic Non-Insects,148,Family,Cottidae,Unidentified Sculpin,Emergents,0,0,0,NA,NA,NA,NA,NA,NA,NA,NA,NA,NA,NA   NA   NA   NA,NA   NA   NA   NA
STTD_2019-02-19 10:34:00,2/19/2019 10:34,STTD,2019,W,TRUE,CLR,Overtopping,1,7.6,0.1,69,103,7.81,10.69,94.4,5,Regular,564400,579600,15200,15200,46.68812197,46.68812197,1,NA,NA,Aquatic Non-Insects,148,Family,Cottidae,Unidentified Sculpin,Adults,0,0,0,NA,NA,NA,NA,NA,NA,NA,NA,NA,NA,NA   NA   NA   NA,NA   NA   NA   NA
STTD_2019-02-19 10:34:00,2/19/2019 10:34,STTD,2019,W,TRUE,CLR,Overtopping,1,7.6,0.1,69,103,7.81,10.69,94.4,5,Regular,564400,579600,15200,15200,46.68812197,46.68812197,1,NA,NA,Aquatic Non-Insects,148,Family,Cottidae,Unidentified Sculpin,NotDetermined,2,0.043,0.043,NA,NA,NA,NA,NA,NA,NA,NA,NA,NA,NA   NA   NA   NA,NA   NA   NA   NA
STTD_2019-02-19 10:34:00,2/19/2019 10:34,STTD,2019,W,TRUE,CLR,Overtopping,1,7.6,0.1,69,103,7.81,10.69,94.4,5,Regular,564400,579600,15200,15200,46.68812197,46.68812197,1,NA,NA,Aquatic Non-Insects,18,Family,Hydridae,Hydridae,Larvae,0,0,0,NA,NA,NA,NA,NA,NA,NA,NA,NA,NA,NA   NA   NA   NA,NA   NA   NA   NA
STTD_2019-02-19 10:34:00,2/19/2019 10:34,STTD,2019,W,TRUE,CLR,Overtopping,1,7.6,0.1,69,103,7.81,10.69,94.4,5,Regular,564400,579600,15200,15200,46.68812197,46.68812197,1,NA,NA,Aquatic Non-Insects,18,Family,Hydridae,Hydridae,Pupae,0,0,0,NA,NA,NA,NA,NA,NA,NA,NA,NA,NA,NA   NA   NA   NA,NA   NA   NA   NA
STTD_2019-02-19 10:34:00,2/19/2019 10:34,STTD,2019,W,TRUE,CLR,Overtopping,1,7.6,0.1,69,103,7.81,10.69,94.4,5,Regular,564400,579600,15200,15200,46.68812197,46.68812197,1,NA,NA,Aquatic Non-Insects,18,Family,Hydridae,Hydridae,Nymphs,0,0,0,NA,NA,NA,NA,NA,NA,NA,NA,NA,NA,NA   NA   NA   NA,NA   NA   NA   NA
STTD_2019-02-19 10:34:00,2/19/2019 10:34,STTD,2019,W,TRUE,CLR,Overtopping,1,7.6,0.1,69,103,7.81,10.69,94.4,5,Regular,564400,579600,15200,15200,46.68812197,46.68812197,1,NA,NA,Aquatic Non-Insects,18,Family,Hydridae,Hydridae,Emergents,0,0,0,NA,NA,NA,NA,NA,NA,NA,NA,NA,NA,NA   NA   NA   NA,NA   NA   NA   NA
STTD_2019-02-19 10:34:00,2/19/2019 10:34,STTD,2019,W,TRUE,CLR,Overtopping,1,7.6,0.1,69,103,7.81,10.69,94.4,5,Regular,564400,579600,15200,15200,46.68812197,46.68812197,1,NA,NA,Aquatic Non-Insects,18,Family,Hydridae,Hydridae,Adults,0,0,0,NA,NA,NA,NA,NA,NA,NA,NA,NA,NA,NA   NA   NA   NA,NA   NA   NA   NA
STTD_2019-02-19 10:34:00,2/19/2019 10:34,STTD,2019,W,TRUE,CLR,Overtopping,1,7.6,0.1,69,103,7.81,10.69,94.4,5,Regular,564400,579600,15200,15200,46.68812197,46.68812197,1,NA,NA,Aquatic Non-Insects,18,Family,Hydridae,Hydridae,NotDetermined,2,0.043,0.043,NA,NA,NA,NA,NA,NA,NA,NA,NA,NA,NA   NA   NA   NA,NA   NA   NA   NA
STTD_2019-02-19 10:34:00,2/19/2019 10:34,STTD,2019,W,TRUE,CLR,Overtopping,1,7.6,0.1,69,103,7.81,10.69,94.4,5,Regular,564400,579600,15200,15200,46.68812197,46.68812197,1,NA,NA,Aquatic Non-Insects,20,Family,Physidae,Physidae,Larvae,0,0,0,NA,NA,NA,NA,NA,NA,NA,NA,NA,NA,NA   NA   NA   NA,NA   NA   NA   NA
STTD_2019-02-19 10:34:00,2/19/2019 10:34,STTD,2019,W,TRUE,CLR,Overtopping,1,7.6,0.1,69,103,7.81,10.69,94.4,5,Regular,564400,579600,15200,15200,46.68812197,46.68812197,1,NA,NA,Aquatic Non-Insects,20,Family,Physidae,Physidae,Pupae,0,0,0,NA,NA,NA,NA,NA,NA,NA,NA,NA,NA,NA   NA   NA   NA,NA   NA   NA   NA
STTD_2019-02-19 10:34:00,2/19/2019 10:34,STTD,2019,W,TRUE,CLR,Overtopping,1,7.6,0.1,69,103,7.81,10.69,94.4,5,Regular,564400,579600,15200,15200,46.68812197,46.68812197,1,NA,NA,Aquatic Non-Insects,20,Family,Physidae,Physidae,Nymphs,0,0,0,NA,NA,NA,NA,NA,NA,NA,NA,NA,NA,NA   NA   NA   NA,NA   NA   NA   NA
STTD_2019-02-19 10:34:00,2/19/2019 10:34,STTD,2019,W,TRUE,CLR,Overtopping,1,7.6,0.1,69,103,7.81,10.69,94.4,5,Regular,564400,579600,15200,15200,46.68812197,46.68812197,1,NA,NA,Aquatic Non-Insects,20,Family,Physidae,Physidae,Emergents,0,0,0,NA,NA,NA,NA,NA,NA,NA,NA,NA,NA,NA   NA   NA   NA,NA   NA   NA   NA
STTD_2019-02-19 10:34:00,2/19/2019 10:34,STTD,2019,W,TRUE,CLR,Overtopping,1,7.6,0.1,69,103,7.81,10.69,94.4,5,Regular,564400,579600,15200,15200,46.68812197,46.68812197,1,NA,NA,Aquatic Non-Insects,20,Family,Physidae,Physidae,Adults,0,0,0,NA,NA,NA,NA,NA,NA,NA,NA,NA,NA,NA   NA   NA   NA,NA   NA   NA   NA
STTD_2019-02-19 10:34:00,2/19/2019 10:34,STTD,2019,W,TRUE,CLR,Overtopping,1,7.6,0.1,69,103,7.81,10.69,94.4,5,Regular,564400,579600,15200,15200,46.68812197,46.68812197,1,NA,NA,Aquatic Non-Insects,20,Family,Physidae,Physidae,NotDetermined,12,0.257,0.257,NA,NA,NA,NA,NA,NA,NA,NA,NA,NA,NA   NA   NA   NA,NA   NA   NA   NA
STTD_2019-02-19 10:34:00,2/19/2019 10:34,STTD,2019,W,TRUE,CLR,Overtopping,1,7.6,0.1,69,103,7.81,10.69,94.4,5,Regular,564400,579600,15200,15200,46.68812197,46.68812197,1,NA,NA,Terrestrial Non-Insects,157,Order,Araneae,Araneae,Larvae,0,0,0,NA,NA,NA,NA,NA,NA,NA,NA,NA,NA,NA   NA   NA   NA,NA   NA   NA   NA
STTD_2019-02-19 10:34:00,2/19/2019 10:34,STTD,2019,W,TRUE,CLR,Overtopping,1,7.6,0.1,69,103,7.81,10.69,94.4,5,Regular,564400,579600,15200,15200,46.68812197,46.68812197,1,NA,NA,Terrestrial Non-Insects,157,Order,Araneae,Araneae,Pupae,0,0,0,NA,NA,NA,NA,NA,NA,NA,NA,NA,NA,NA   NA   NA   NA,NA   NA   NA   NA
STTD_2019-02-19 10:34:00,2/19/2019 10:34,STTD,2019,W,TRUE,CLR,Overtopping,1,7.6,0.1,69,103,7.81,10.69,94.4,5,Regular,564400,579600,15200,15200,46.68812197,46.68812197,1,NA,NA,Terrestrial Non-Insects,157,Order,Araneae,Araneae,Nymphs,0,0,0,NA,NA,NA,NA,NA,NA,NA,NA,NA,NA,NA   NA   NA   NA,NA   NA   NA   NA
STTD_2019-02-19 10:34:00,2/19/2019 10:34,STTD,2019,W,TRUE,CLR,Overtopping,1,7.6,0.1,69,103,7.81,10.69,94.4,5,Regular,564400,579600,15200,15200,46.68812197,46.68812197,1,NA,NA,Terrestrial Non-Insects,157,Order,Araneae,Araneae,Emergents,0,0,0,NA,NA,NA,NA,NA,NA,NA,NA,NA,NA,NA   NA   NA   NA,NA   NA   NA   NA
STTD_2019-02-19 10:34:00,2/19/2019 10:34,STTD,2019,W,TRUE,CLR,Overtopping,1,7.6,0.1,69,103,7.81,10.69,94.4,5,Regular,564400,579600,15200,15200,46.68812197,46.68812197,1,NA,NA,Terrestrial Non-Insects,157,Order,Araneae,Araneae,Adults,0,0,0,NA,NA,NA,NA,NA,NA,NA,NA,NA,NA,NA   NA   NA   NA,NA   NA   NA   NA
STTD_2019-02-19 10:34:00,2/19/2019 10:34,STTD,2019,W,TRUE,CLR,Overtopping,1,7.6,0.1,69,103,7.81,10.69,94.4,5,Regular,564400,579600,15200,15200,46.68812197,46.68812197,1,NA,NA,Terrestrial Non-Insects,157,Order,Araneae,Araneae,NotDetermined,6,0.129,0.129,NA,NA,NA,NA,NA,NA,NA,NA,NA,NA,NA   NA   NA   NA,NA   NA   NA   NA
STTD_2019-02-19 10:34:00,2/19/2019 10:34,STTD,2019,W,TRUE,CLR,Overtopping,1,7.6,0.1,69,103,7.81,10.69,94.4,5,Regular,564400,579600,15200,15200,46.68812197,46.68812197,1,NA,NA,Terrestrial Insects,63,Order,Coleoptera,Coleoptera,Larvae,0,0,0,NA,NA,NA,NA,NA,NA,NA,NA,NA,NA,NA   NA   NA   NA,NA   NA   NA   NA
STTD_2019-02-19 10:34:00,2/19/2019 10:34,STTD,2019,W,TRUE,CLR,Overtopping,1,7.6,0.1,69,103,7.81,10.69,94.4,5,Regular,564400,579600,15200,15200,46.68812197,46.68812197,1,NA,NA,Terrestrial Insects,63,Order,Coleoptera,Coleoptera,Pupae,0,0,0,NA,NA,NA,NA,NA,NA,NA,NA,NA,NA,NA   NA   NA   NA,NA   NA   NA   NA
STTD_2019-02-19 10:34:00,2/19/2019 10:34,STTD,2019,W,TRUE,CLR,Overtopping,1,7.6,0.1,69,103,7.81,10.69,94.4,5,Regular,564400,579600,15200,15200,46.68812197,46.68812197,1,NA,NA,Terrestrial Insects,63,Order,Coleoptera,Coleoptera,Nymphs,0,0,0,NA,NA,NA,NA,NA,NA,NA,NA,NA,NA,NA   NA   NA   NA,NA   NA   NA   NA
STTD_2019-02-19 10:34:00,2/19/2019 10:34,STTD,2019,W,TRUE,CLR,Overtopping,1,7.6,0.1,69,103,7.81,10.69,94.4,5,Regular,564400,579600,15200,15200,46.68812197,46.68812197,1,NA,NA,Terrestrial Insects,63,Order,Coleoptera,Coleoptera,Emergents,0,0,0,NA,NA,NA,NA,NA,NA,NA,NA,NA,NA,NA   NA   NA   NA,NA   NA   NA   NA
STTD_2019-02-19 10:34:00,2/19/2019 10:34,STTD,2019,W,TRUE,CLR,Overtopping,1,7.6,0.1,69,103,7.81,10.69,94.4,5,Regular,564400,579600,15200,15200,46.68812197,46.68812197,1,NA,NA,Terrestrial Insects,63,Order,Coleoptera,Coleoptera,Adults,39,0.835,0.835,NA,NA,NA,NA,NA,NA,NA,NA,NA,NA,NA   NA   NA   NA,NA   NA   NA   NA
STTD_2019-02-19 10:34:00,2/19/2019 10:34,STTD,2019,W,TRUE,CLR,Overtopping,1,7.6,0.1,69,103,7.81,10.69,94.4,5,Regular,564400,579600,15200,15200,46.68812197,46.68812197,1,NA,NA,Terrestrial Insects,63,Order,Coleoptera,Coleoptera,NotDetermined,0,0,0,NA,NA,NA,NA,NA,NA,NA,NA,NA,NA,NA   NA   NA   NA,NA   NA   NA   NA
STTD_2019-02-19 10:34:00,2/19/2019 10:34,STTD,2019,W,TRUE,CLR,Overtopping,1,7.6,0.1,69,103,7.81,10.69,94.4,5,Regular,564400,579600,15200,15200,46.68812197,46.68812197,1,NA,NA,Aquatic Insects,55,Family,Staphylinidae,Staphylinidae,Larvae,0,0,0,NA,NA,NA,NA,NA,NA,NA,NA,NA,NA,NA   NA   NA   NA,NA   NA   NA   NA
STTD_2019-02-19 10:34:00,2/19/2019 10:34,STTD,2019,W,TRUE,CLR,Overtopping,1,7.6,0.1,69,103,7.81,10.69,94.4,5,Regular,564400,579600,15200,15200,46.68812197,46.68812197,1,NA,NA,Aquatic Insects,55,Family,Staphylinidae,Staphylinidae,Pupae,0,0,0,NA,NA,NA,NA,NA,NA,NA,NA,NA,NA,NA   NA   NA   NA,NA   NA   NA   NA
STTD_2019-02-19 10:34:00,2/19/2019 10:34,STTD,2019,W,TRUE,CLR,Overtopping,1,7.6,0.1,69,103,7.81,10.69,94.4,5,Regular,564400,579600,15200,15200,46.68812197,46.68812197,1,NA,NA,Aquatic Insects,55,Family,Staphylinidae,Staphylinidae,Nymphs,0,0,0,NA,NA,NA,NA,NA,NA,NA,NA,NA,NA,NA   NA   NA   NA,NA   NA   NA   NA
STTD_2019-02-19 10:34:00,2/19/2019 10:34,STTD,2019,W,TRUE,CLR,Overtopping,1,7.6,0.1,69,103,7.81,10.69,94.4,5,Regular,564400,579600,15200,15200,46.68812197,46.68812197,1,NA,NA,Aquatic Insects,55,Family,Staphylinidae,Staphylinidae,Emergents,0,0,0,NA,NA,NA,NA,NA,NA,NA,NA,NA,NA,NA   NA   NA   NA,NA   NA   NA   NA
STTD_2019-02-19 10:34:00,2/19/2019 10:34,STTD,2019,W,TRUE,CLR,Overtopping,1,7.6,0.1,69,103,7.81,10.69,94.4,5,Regular,564400,579600,15200,15200,46.68812197,46.68812197,1,NA,NA,Aquatic Insects,55,Family,Staphylinidae,Staphylinidae,Adults,16,0.343,0.343,NA,NA,NA,NA,NA,NA,NA,NA,NA,NA,NA   NA   NA   NA,NA   NA   NA   NA
STTD_2019-02-19 10:34:00,2/19/2019 10:34,STTD,2019,W,TRUE,CLR,Overtopping,1,7.6,0.1,69,103,7.81,10.69,94.4,5,Regular,564400,579600,15200,15200,46.68812197,46.68812197,1,NA,NA,Aquatic Insects,55,Family,Staphylinidae,Staphylinidae,NotDetermined,0,0,0,NA,NA,NA,NA,NA,NA,NA,NA,NA,NA,NA   NA   NA   NA,NA   NA   NA   NA
STTD_2019-02-19 10:34:00,2/19/2019 10:34,STTD,2019,W,TRUE,CLR,Overtopping,1,7.6,0.1,69,103,7.81,10.69,94.4,5,Regular,564400,579600,15200,15200,46.68812197,46.68812197,1,NA,NA,Aquatic Insects,101,Family,Carabidae,Carabidae,Larvae,0,0,0,NA,NA,NA,NA,NA,NA,NA,NA,NA,NA,NA   NA   NA   NA,NA   NA   NA   NA
STTD_2019-02-19 10:34:00,2/19/2019 10:34,STTD,2019,W,TRUE,CLR,Overtopping,1,7.6,0.1,69,103,7.81,10.69,94.4,5,Regular,564400,579600,15200,15200,46.68812197,46.68812197,1,NA,NA,Aquatic Insects,101,Family,Carabidae,Carabidae,Pupae,0,0,0,NA,NA,NA,NA,NA,NA,NA,NA,NA,NA,NA   NA   NA   NA,NA   NA   NA   NA
STTD_2019-02-19 10:34:00,2/19/2019 10:34,STTD,2019,W,TRUE,CLR,Overtopping,1,7.6,0.1,69,103,7.81,10.69,94.4,5,Regular,564400,579600,15200,15200,46.68812197,46.68812197,1,NA,NA,Aquatic Insects,101,Family,Carabidae,Carabidae,Nymphs,0,0,0,NA,NA,NA,NA,NA,NA,NA,NA,NA,NA,NA   NA   NA   NA,NA   NA   NA   NA
STTD_2019-02-19 10:34:00,2/19/2019 10:34,STTD,2019,W,TRUE,CLR,Overtopping,1,7.6,0.1,69,103,7.81,10.69,94.4,5,Regular,564400,579600,15200,15200,46.68812197,46.68812197,1,NA,NA,Aquatic Insects,101,Family,Carabidae,Carabidae,Emergents,0,0,0,NA,NA,NA,NA,NA,NA,NA,NA,NA,NA,NA   NA   NA   NA,NA   NA   NA   NA
STTD_2019-02-19 10:34:00,2/19/2019 10:34,STTD,2019,W,TRUE,CLR,Overtopping,1,7.6,0.1,69,103,7.81,10.69,94.4,5,Regular,564400,579600,15200,15200,46.68812197,46.68812197,1,NA,NA,Aquatic Insects,101,Family,Carabidae,Carabidae,Adults,15,0.321,0.321,NA,NA,NA,NA,NA,NA,NA,NA,NA,NA,NA   NA   NA   NA,NA   NA   NA   NA
STTD_2019-02-19 10:34:00,2/19/2019 10:34,STTD,2019,W,TRUE,CLR,Overtopping,1,7.6,0.1,69,103,7.81,10.69,94.4,5,Regular,564400,579600,15200,15200,46.68812197,46.68812197,1,NA,NA,Aquatic Insects,101,Family,Carabidae,Carabidae,NotDetermined,0,0,0,NA,NA,NA,NA,NA,NA,NA,NA,NA,NA,NA   NA   NA   NA,NA   NA   NA   NA
STTD_2019-02-19 10:34:00,2/19/2019 10:34,STTD,2019,W,TRUE,CLR,Overtopping,1,7.6,0.1,69,103,7.81,10.69,94.4,5,Regular,564400,579600,15200,15200,46.68812197,46.68812197,1,NA,NA,Terrestrial Non-Insects,68,Order,Collembola,Collembola,Larvae,0,0,0,NA,NA,NA,NA,NA,NA,NA,NA,NA,NA,NA   NA   NA   NA,NA   NA   NA   NA
STTD_2019-02-19 10:34:00,2/19/2019 10:34,STTD,2019,W,TRUE,CLR,Overtopping,1,7.6,0.1,69,103,7.81,10.69,94.4,5,Regular,564400,579600,15200,15200,46.68812197,46.68812197,1,NA,NA,Terrestrial Non-Insects,68,Order,Collembola,Collembola,Pupae,0,0,0,NA,NA,NA,NA,NA,NA,NA,NA,NA,NA,NA   NA   NA   NA,NA   NA   NA   NA
STTD_2019-02-19 10:34:00,2/19/2019 10:34,STTD,2019,W,TRUE,CLR,Overtopping,1,7.6,0.1,69,103,7.81,10.69,94.4,5,Regular,564400,579600,15200,15200,46.68812197,46.68812197,1,NA,NA,Terrestrial Non-Insects,68,Order,Collembola,Collembola,Nymphs,0,0,0,NA,NA,NA,NA,NA,NA,NA,NA,NA,NA,NA   NA   NA   NA,NA   NA   NA   NA
STTD_2019-02-19 10:34:00,2/19/2019 10:34,STTD,2019,W,TRUE,CLR,Overtopping,1,7.6,0.1,69,103,7.81,10.69,94.4,5,Regular,564400,579600,15200,15200,46.68812197,46.68812197,1,NA,NA,Terrestrial Non-Insects,68,Order,Collembola,Collembola,Emergents,0,0,0,NA,NA,NA,NA,NA,NA,NA,NA,NA,NA,NA   NA   NA   NA,NA   NA   NA   NA
STTD_2019-02-19 10:34:00,2/19/2019 10:34,STTD,2019,W,TRUE,CLR,Overtopping,1,7.6,0.1,69,103,7.81,10.69,94.4,5,Regular,564400,579600,15200,15200,46.68812197,46.68812197,1,NA,NA,Terrestrial Non-Insects,68,Order,Collembola,Collembola,Adults,8,0.171,0.171,NA,NA,NA,NA,NA,NA,NA,NA,NA,NA,NA   NA   NA   NA,NA   NA   NA   NA
STTD_2019-02-19 10:34:00,2/19/2019 10:34,STTD,2019,W,TRUE,CLR,Overtopping,1,7.6,0.1,69,103,7.81,10.69,94.4,5,Regular,564400,579600,15200,15200,46.68812197,46.68812197,1,NA,NA,Terrestrial Non-Insects,68,Order,Collembola,Collembola,NotDetermined,0,0,0,NA,NA,NA,NA,NA,NA,NA,NA,NA,NA,NA   NA   NA   NA,NA   NA   NA   NA
STTD_2019-02-19 10:34:00,2/19/2019 10:34,STTD,2019,W,TRUE,CLR,Overtopping,1,7.6,0.1,69,103,7.81,10.69,94.4,5,Regular,564400,579600,15200,15200,46.68812197,46.68812197,1,NA,NA,Terrestrial Insects,64,Order,Diptera,Diptera,Larvae,1,0.021,0.021,NA,NA,NA,NA,NA,NA,NA,NA,NA,NA,NA   NA   NA   NA,NA   NA   NA   NA
STTD_2019-02-19 10:34:00,2/19/2019 10:34,STTD,2019,W,TRUE,CLR,Overtopping,1,7.6,0.1,69,103,7.81,10.69,94.4,5,Regular,564400,579600,15200,15200,46.68812197,46.68812197,1,NA,NA,Terrestrial Insects,64,Order,Diptera,Diptera,Pupae,0,0,0,NA,NA,NA,NA,NA,NA,NA,NA,NA,NA,NA   NA   NA   NA,NA   NA   NA   NA
STTD_2019-02-19 10:34:00,2/19/2019 10:34,STTD,2019,W,TRUE,CLR,Overtopping,1,7.6,0.1,69,103,7.81,10.69,94.4,5,Regular,564400,579600,15200,15200,46.68812197,46.68812197,1,NA,NA,Terrestrial Insects,64,Order,Diptera,Diptera,Nymphs,0,0,0,NA,NA,NA,NA,NA,NA,NA,NA,NA,NA,NA   NA   NA   NA,NA   NA   NA   NA
STTD_2019-02-19 10:34:00,2/19/2019 10:34,STTD,2019,W,TRUE,CLR,Overtopping,1,7.6,0.1,69,103,7.81,10.69,94.4,5,Regular,564400,579600,15200,15200,46.68812197,46.68812197,1,NA,NA,Terrestrial Insects,64,Order,Diptera,Diptera,Emergents,0,0,0,NA,NA,NA,NA,NA,NA,NA,NA,NA,NA,NA   NA   NA   NA,NA   NA   NA   NA
STTD_2019-02-19 10:34:00,2/19/2019 10:34,STTD,2019,W,TRUE,CLR,Overtopping,1,7.6,0.1,69,103,7.81,10.69,94.4,5,Regular,564400,579600,15200,15200,46.68812197,46.68812197,1,NA,NA,Terrestrial Insects,64,Order,Diptera,Diptera,Adults,0,0,0,NA,NA,NA,NA,NA,NA,NA,NA,NA,NA,NA   NA   NA   NA,NA   NA   NA   NA
STTD_2019-02-19 10:34:00,2/19/2019 10:34,STTD,2019,W,TRUE,CLR,Overtopping,1,7.6,0.1,69,103,7.81,10.69,94.4,5,Regular,564400,579600,15200,15200,46.68812197,46.68812197,1,NA,NA,Terrestrial Insects,64,Order,Diptera,Diptera,NotDetermined,0,0,0,NA,NA,NA,NA,NA,NA,NA,NA,NA,NA,NA   NA   NA   NA,NA   NA   NA   NA
STTD_2019-02-19 10:34:00,2/19/2019 10:34,STTD,2019,W,TRUE,CLR,Overtopping,1,7.6,0.1,69,103,7.81,10.69,94.4,5,Regular,564400,579600,15200,15200,46.68812197,46.68812197,1,NA,NA,Terrestrial Insects,66,Order,Hymenoptera,Hymenoptera,Larvae,0,0,0,NA,NA,NA,NA,NA,NA,NA,NA,NA,NA,NA   NA   NA   NA,NA   NA   NA   NA
STTD_2019-02-19 10:34:00,2/19/2019 10:34,STTD,2019,W,TRUE,CLR,Overtopping,1,7.6,0.1,69,103,7.81,10.69,94.4,5,Regular,564400,579600,15200,15200,46.68812197,46.68812197,1,NA,NA,Terrestrial Insects,66,Order,Hymenoptera,Hymenoptera,Pupae,0,0,0,NA,NA,NA,NA,NA,NA,NA,NA,NA,NA,NA   NA   NA   NA,NA   NA   NA   NA
STTD_2019-02-19 10:34:00,2/19/2019 10:34,STTD,2019,W,TRUE,CLR,Overtopping,1,7.6,0.1,69,103,7.81,10.69,94.4,5,Regular,564400,579600,15200,15200,46.68812197,46.68812197,1,NA,NA,Terrestrial Insects,66,Order,Hymenoptera,Hymenoptera,Nymphs,0,0,0,NA,NA,NA,NA,NA,NA,NA,NA,NA,NA,NA   NA   NA   NA,NA   NA   NA   NA
STTD_2019-02-19 10:34:00,2/19/2019 10:34,STTD,2019,W,TRUE,CLR,Overtopping,1,7.6,0.1,69,103,7.81,10.69,94.4,5,Regular,564400,579600,15200,15200,46.68812197,46.68812197,1,NA,NA,Terrestrial Insects,66,Order,Hymenoptera,Hymenoptera,Emergents,0,0,0,NA,NA,NA,NA,NA,NA,NA,NA,NA,NA,NA   NA   NA   NA,NA   NA   NA   NA
STTD_2019-02-19 10:34:00,2/19/2019 10:34,STTD,2019,W,TRUE,CLR,Overtopping,1,7.6,0.1,69,103,7.81,10.69,94.4,5,Regular,564400,579600,15200,15200,46.68812197,46.68812197,1,NA,NA,Terrestrial Insects,66,Order,Hymenoptera,Hymenoptera,Adults,1,0.021,0.021,NA,NA,NA,NA,NA,NA,NA,NA,NA,NA,NA   NA   NA   NA,NA   NA   NA   NA
STTD_2019-02-19 10:34:00,2/19/2019 10:34,STTD,2019,W,TRUE,CLR,Overtopping,1,7.6,0.1,69,103,7.81,10.69,94.4,5,Regular,564400,579600,15200,15200,46.68812197,46.68812197,1,NA,NA,Terrestrial Insects,66,Order,Hymenoptera,Hymenoptera,NotDetermined,0,0,0,NA,NA,NA,NA,NA,NA,NA,NA,NA,NA,NA   NA   NA   NA,NA   NA   NA   NA
SHR_2019-02-20 09:18:00,2/20/2019 9:18,SHR,2019,W,TRUE,CLD,NA,1,8.5,0.2,87,127,7.47,10.59,57.4,5,Regular,580000,586868,6868,6868,21.09565932,21.09565932,1,cut set time in half due to silt and debris,NA,Aquatic Insects,43,Family,Heptageniidae,Heptageniidae,Larvae,1,0.047,0.047,NA,NA,NA,NA,NA,NA,NA,NA,NA,NA,NA   NA   NA   NA,NA   NA   NA   NA
SHR_2019-02-20 09:18:00,2/20/2019 9:18,SHR,2019,W,TRUE,CLD,NA,1,8.5,0.2,87,127,7.47,10.59,57.4,5,Regular,580000,586868,6868,6868,21.09565932,21.09565932,1,cut set time in half due to silt and debris,NA,Aquatic Insects,43,Family,Heptageniidae,Heptageniidae,Pupae,0,0,0,NA,NA,NA,NA,NA,NA,NA,NA,NA,NA,NA   NA   NA   NA,NA   NA   NA   NA
SHR_2019-02-20 09:18:00,2/20/2019 9:18,SHR,2019,W,TRUE,CLD,NA,1,8.5,0.2,87,127,7.47,10.59,57.4,5,Regular,580000,586868,6868,6868,21.09565932,21.09565932,1,cut set time in half due to silt and debris,NA,Aquatic Insects,43,Family,Heptageniidae,Heptageniidae,Nymphs,0,0,0,NA,NA,NA,NA,NA,NA,NA,NA,NA,NA,NA   NA   NA   NA,NA   NA   NA   NA
SHR_2019-02-20 09:18:00,2/20/2019 9:18,SHR,2019,W,TRUE,CLD,NA,1,8.5,0.2,87,127,7.47,10.59,57.4,5,Regular,580000,586868,6868,6868,21.09565932,21.09565932,1,cut set time in half due to silt and debris,NA,Aquatic Insects,43,Family,Heptageniidae,Heptageniidae,Emergents,0,0,0,NA,NA,NA,NA,NA,NA,NA,NA,NA,NA,NA   NA   NA   NA,NA   NA   NA   NA
SHR_2019-02-20 09:18:00,2/20/2019 9:18,SHR,2019,W,TRUE,CLD,NA,1,8.5,0.2,87,127,7.47,10.59,57.4,5,Regular,580000,586868,6868,6868,21.09565932,21.09565932,1,cut set time in half due to silt and debris,NA,Aquatic Insects,43,Family,Heptageniidae,Heptageniidae,Adults,0,0,0,NA,NA,NA,NA,NA,NA,NA,NA,NA,NA,NA   NA   NA   NA,NA   NA   NA   NA
SHR_2019-02-20 09:18:00,2/20/2019 9:18,SHR,2019,W,TRUE,CLD,NA,1,8.5,0.2,87,127,7.47,10.59,57.4,5,Regular,580000,586868,6868,6868,21.09565932,21.09565932,1,cut set time in half due to silt and debris,NA,Aquatic Insects,43,Family,Heptageniidae,Heptageniidae,NotDetermined,0,0,0,NA,NA,NA,NA,NA,NA,NA,NA,NA,NA,NA   NA   NA   NA,NA   NA   NA   NA
SHR_2019-02-20 09:18:00,2/20/2019 9:18,SHR,2019,W,TRUE,CLD,NA,1,8.5,0.2,87,127,7.47,10.59,57.4,5,Regular,580000,586868,6868,6868,21.09565932,21.09565932,1,cut set time in half due to silt and debris,NA,Aquatic Insects,81,Family,Hydrophilidae,Hydrophilidae,Larvae,1,0.047,0.047,NA,NA,NA,NA,NA,NA,NA,NA,NA,NA,NA   NA   NA   NA,NA   NA   NA   NA
SHR_2019-02-20 09:18:00,2/20/2019 9:18,SHR,2019,W,TRUE,CLD,NA,1,8.5,0.2,87,127,7.47,10.59,57.4,5,Regular,580000,586868,6868,6868,21.09565932,21.09565932,1,cut set time in half due to silt and debris,NA,Aquatic Insects,81,Family,Hydrophilidae,Hydrophilidae,Pupae,0,0,0,NA,NA,NA,NA,NA,NA,NA,NA,NA,NA,NA   NA   NA   NA,NA   NA   NA   NA
SHR_2019-02-20 09:18:00,2/20/2019 9:18,SHR,2019,W,TRUE,CLD,NA,1,8.5,0.2,87,127,7.47,10.59,57.4,5,Regular,580000,586868,6868,6868,21.09565932,21.09565932,1,cut set time in half due to silt and debris,NA,Aquatic Insects,81,Family,Hydrophilidae,Hydrophilidae,Nymphs,0,0,0,NA,NA,NA,NA,NA,NA,NA,NA,NA,NA,NA   NA   NA   NA,NA   NA   NA   NA
SHR_2019-02-20 09:18:00,2/20/2019 9:18,SHR,2019,W,TRUE,CLD,NA,1,8.5,0.2,87,127,7.47,10.59,57.4,5,Regular,580000,586868,6868,6868,21.09565932,21.09565932,1,cut set time in half due to silt and debris,NA,Aquatic Insects,81,Family,Hydrophilidae,Hydrophilidae,Emergents,0,0,0,NA,NA,NA,NA,NA,NA,NA,NA,NA,NA,NA   NA   NA   NA,NA   NA   NA   NA
SHR_2019-02-20 09:18:00,2/20/2019 9:18,SHR,2019,W,TRUE,CLD,NA,1,8.5,0.2,87,127,7.47,10.59,57.4,5,Regular,580000,586868,6868,6868,21.09565932,21.09565932,1,cut set time in half due to silt and debris,NA,Aquatic Insects,81,Family,Hydrophilidae,Hydrophilidae,Adults,0,0,0,NA,NA,NA,NA,NA,NA,NA,NA,NA,NA,NA   NA   NA   NA,NA   NA   NA   NA
SHR_2019-02-20 09:18:00,2/20/2019 9:18,SHR,2019,W,TRUE,CLD,NA,1,8.5,0.2,87,127,7.47,10.59,57.4,5,Regular,580000,586868,6868,6868,21.09565932,21.09565932,1,cut set time in half due to silt and debris,NA,Aquatic Insects,81,Family,Hydrophilidae,Hydrophilidae,NotDetermined,0,0,0,NA,NA,NA,NA,NA,NA,NA,NA,NA,NA,NA   NA   NA   NA,NA   NA   NA   NA
SHR_2019-02-20 09:18:00,2/20/2019 9:18,SHR,2019,W,TRUE,CLD,NA,1,8.5,0.2,87,127,7.47,10.59,57.4,5,Regular,580000,586868,6868,6868,21.09565932,21.09565932,1,cut set time in half due to silt and debris,NA,Aquatic Non-Insects,4,Family,Naididae,Naididae,Larvae,0,0,0,NA,NA,NA,NA,NA,NA,NA,NA,NA,NA,NA   NA   NA   NA,NA   NA   NA   NA
SHR_2019-02-20 09:18:00,2/20/2019 9:18,SHR,2019,W,TRUE,CLD,NA,1,8.5,0.2,87,127,7.47,10.59,57.4,5,Regular,580000,586868,6868,6868,21.09565932,21.09565932,1,cut set time in half due to silt and debris,NA,Aquatic Non-Insects,4,Family,Naididae,Naididae,Pupae,0,0,0,NA,NA,NA,NA,NA,NA,NA,NA,NA,NA,NA   NA   NA   NA,NA   NA   NA   NA
SHR_2019-02-20 09:18:00,2/20/2019 9:18,SHR,2019,W,TRUE,CLD,NA,1,8.5,0.2,87,127,7.47,10.59,57.4,5,Regular,580000,586868,6868,6868,21.09565932,21.09565932,1,cut set time in half due to silt and debris,NA,Aquatic Non-Insects,4,Family,Naididae,Naididae,Nymphs,0,0,0,NA,NA,NA,NA,NA,NA,NA,NA,NA,NA,NA   NA   NA   NA,NA   NA   NA   NA
SHR_2019-02-20 09:18:00,2/20/2019 9:18,SHR,2019,W,TRUE,CLD,NA,1,8.5,0.2,87,127,7.47,10.59,57.4,5,Regular,580000,586868,6868,6868,21.09565932,21.09565932,1,cut set time in half due to silt and debris,NA,Aquatic Non-Insects,4,Family,Naididae,Naididae,Emergents,0,0,0,NA,NA,NA,NA,NA,NA,NA,NA,NA,NA,NA   NA   NA   NA,NA   NA   NA   NA
SHR_2019-02-20 09:18:00,2/20/2019 9:18,SHR,2019,W,TRUE,CLD,NA,1,8.5,0.2,87,127,7.47,10.59,57.4,5,Regular,580000,586868,6868,6868,21.09565932,21.09565932,1,cut set time in half due to silt and debris,NA,Aquatic Non-Insects,4,Family,Naididae,Naididae,Adults,0,0,0,NA,NA,NA,NA,NA,NA,NA,NA,NA,NA,NA   NA   NA   NA,NA   NA   NA   NA
SHR_2019-02-20 09:18:00,2/20/2019 9:18,SHR,2019,W,TRUE,CLD,NA,1,8.5,0.2,87,127,7.47,10.59,57.4,5,Regular,580000,586868,6868,6868,21.09565932,21.09565932,1,cut set time in half due to silt and debris,NA,Aquatic Non-Insects,4,Family,Naididae,Naididae,NotDetermined,3,0.142,0.142,NA,NA,NA,NA,NA,NA,NA,NA,NA,NA,NA   NA   NA   NA,NA   NA   NA   NA
SHR_2019-02-20 09:18:00,2/20/2019 9:18,SHR,2019,W,TRUE,CLD,NA,1,8.5,0.2,87,127,7.47,10.59,57.4,5,Regular,580000,586868,6868,6868,21.09565932,21.09565932,1,cut set time in half due to silt and debris,NA,Aquatic Non-Insects,10,Family,Crangonyctidae,Crangonyctidae,Larvae,0,0,0,NA,NA,NA,NA,NA,NA,NA,NA,NA,NA,NA   NA   NA   NA,NA   NA   NA   NA
SHR_2019-02-20 09:18:00,2/20/2019 9:18,SHR,2019,W,TRUE,CLD,NA,1,8.5,0.2,87,127,7.47,10.59,57.4,5,Regular,580000,586868,6868,6868,21.09565932,21.09565932,1,cut set time in half due to silt and debris,NA,Aquatic Non-Insects,10,Family,Crangonyctidae,Crangonyctidae,Pupae,0,0,0,NA,NA,NA,NA,NA,NA,NA,NA,NA,NA,NA   NA   NA   NA,NA   NA   NA   NA
SHR_2019-02-20 09:18:00,2/20/2019 9:18,SHR,2019,W,TRUE,CLD,NA,1,8.5,0.2,87,127,7.47,10.59,57.4,5,Regular,580000,586868,6868,6868,21.09565932,21.09565932,1,cut set time in half due to silt and debris,NA,Aquatic Non-Insects,10,Family,Crangonyctidae,Crangonyctidae,Nymphs,0,0,0,NA,NA,NA,NA,NA,NA,NA,NA,NA,NA,NA   NA   NA   NA,NA   NA   NA   NA
SHR_2019-02-20 09:18:00,2/20/2019 9:18,SHR,2019,W,TRUE,CLD,NA,1,8.5,0.2,87,127,7.47,10.59,57.4,5,Regular,580000,586868,6868,6868,21.09565932,21.09565932,1,cut set time in half due to silt and debris,NA,Aquatic Non-Insects,10,Family,Crangonyctidae,Crangonyctidae,Emergents,0,0,0,NA,NA,NA,NA,NA,NA,NA,NA,NA,NA,NA   NA   NA   NA,NA   NA   NA   NA
SHR_2019-02-20 09:18:00,2/20/2019 9:18,SHR,2019,W,TRUE,CLD,NA,1,8.5,0.2,87,127,7.47,10.59,57.4,5,Regular,580000,586868,6868,6868,21.09565932,21.09565932,1,cut set time in half due to silt and debris,NA,Aquatic Non-Insects,10,Family,Crangonyctidae,Crangonyctidae,Adults,0,0,0,NA,NA,NA,NA,NA,NA,NA,NA,NA,NA,NA   NA   NA   NA,NA   NA   NA   NA
SHR_2019-02-20 09:18:00,2/20/2019 9:18,SHR,2019,W,TRUE,CLD,NA,1,8.5,0.2,87,127,7.47,10.59,57.4,5,Regular,580000,586868,6868,6868,21.09565932,21.09565932,1,cut set time in half due to silt and debris,NA,Aquatic Non-Insects,10,Family,Crangonyctidae,Crangonyctidae,NotDetermined,2,0.095,0.095,NA,NA,NA,NA,NA,NA,NA,NA,NA,NA,NA   NA   NA   NA,NA   NA   NA   NA
SHR_2019-02-20 09:18:00,2/20/2019 9:18,SHR,2019,W,TRUE,CLD,NA,1,8.5,0.2,87,127,7.47,10.59,57.4,5,Regular,580000,586868,6868,6868,21.09565932,21.09565932,1,cut set time in half due to silt and debris,NA,Aquatic Non-Insects,15,Family,Hyalellidae,Hyalellidae,Larvae,0,0,0,NA,NA,NA,NA,NA,NA,NA,NA,NA,NA,NA   NA   NA   NA,NA   NA   NA   NA
SHR_2019-02-20 09:18:00,2/20/2019 9:18,SHR,2019,W,TRUE,CLD,NA,1,8.5,0.2,87,127,7.47,10.59,57.4,5,Regular,580000,586868,6868,6868,21.09565932,21.09565932,1,cut set time in half due to silt and debris,NA,Aquatic Non-Insects,15,Family,Hyalellidae,Hyalellidae,Pupae,0,0,0,NA,NA,NA,NA,NA,NA,NA,NA,NA,NA,NA   NA   NA   NA,NA   NA   NA   NA
SHR_2019-02-20 09:18:00,2/20/2019 9:18,SHR,2019,W,TRUE,CLD,NA,1,8.5,0.2,87,127,7.47,10.59,57.4,5,Regular,580000,586868,6868,6868,21.09565932,21.09565932,1,cut set time in half due to silt and debris,NA,Aquatic Non-Insects,15,Family,Hyalellidae,Hyalellidae,Nymphs,0,0,0,NA,NA,NA,NA,NA,NA,NA,NA,NA,NA,NA   NA   NA   NA,NA   NA   NA   NA
SHR_2019-02-20 09:18:00,2/20/2019 9:18,SHR,2019,W,TRUE,CLD,NA,1,8.5,0.2,87,127,7.47,10.59,57.4,5,Regular,580000,586868,6868,6868,21.09565932,21.09565932,1,cut set time in half due to silt and debris,NA,Aquatic Non-Insects,15,Family,Hyalellidae,Hyalellidae,Emergents,0,0,0,NA,NA,NA,NA,NA,NA,NA,NA,NA,NA,NA   NA   NA   NA,NA   NA   NA   NA
SHR_2019-02-20 09:18:00,2/20/2019 9:18,SHR,2019,W,TRUE,CLD,NA,1,8.5,0.2,87,127,7.47,10.59,57.4,5,Regular,580000,586868,6868,6868,21.09565932,21.09565932,1,cut set time in half due to silt and debris,NA,Aquatic Non-Insects,15,Family,Hyalellidae,Hyalellidae,Adults,0,0,0,NA,NA,NA,NA,NA,NA,NA,NA,NA,NA,NA   NA   NA   NA,NA   NA   NA   NA
SHR_2019-02-20 09:18:00,2/20/2019 9:18,SHR,2019,W,TRUE,CLD,NA,1,8.5,0.2,87,127,7.47,10.59,57.4,5,Regular,580000,586868,6868,6868,21.09565932,21.09565932,1,cut set time in half due to silt and debris,NA,Aquatic Non-Insects,15,Family,Hyalellidae,Hyalellidae,NotDetermined,1,0.047,0.047,NA,NA,NA,NA,NA,NA,NA,NA,NA,NA,NA   NA   NA   NA,NA   NA   NA   NA
SHR_2019-02-20 09:18:00,2/20/2019 9:18,SHR,2019,W,TRUE,CLD,NA,1,8.5,0.2,87,127,7.47,10.59,57.4,5,Regular,580000,586868,6868,6868,21.09565932,21.09565932,1,cut set time in half due to silt and debris,NA,Aquatic Insects,101,Family,Carabidae,Carabidae,Larvae,0,0,0,NA,NA,NA,NA,NA,NA,NA,NA,NA,NA,NA   NA   NA   NA,NA   NA   NA   NA
SHR_2019-02-20 09:18:00,2/20/2019 9:18,SHR,2019,W,TRUE,CLD,NA,1,8.5,0.2,87,127,7.47,10.59,57.4,5,Regular,580000,586868,6868,6868,21.09565932,21.09565932,1,cut set time in half due to silt and debris,NA,Aquatic Insects,101,Family,Carabidae,Carabidae,Pupae,0,0,0,NA,NA,NA,NA,NA,NA,NA,NA,NA,NA,NA   NA   NA   NA,NA   NA   NA   NA
SHR_2019-02-20 09:18:00,2/20/2019 9:18,SHR,2019,W,TRUE,CLD,NA,1,8.5,0.2,87,127,7.47,10.59,57.4,5,Regular,580000,586868,6868,6868,21.09565932,21.09565932,1,cut set time in half due to silt and debris,NA,Aquatic Insects,101,Family,Carabidae,Carabidae,Nymphs,0,0,0,NA,NA,NA,NA,NA,NA,NA,NA,NA,NA,NA   NA   NA   NA,NA   NA   NA   NA
SHR_2019-02-20 09:18:00,2/20/2019 9:18,SHR,2019,W,TRUE,CLD,NA,1,8.5,0.2,87,127,7.47,10.59,57.4,5,Regular,580000,586868,6868,6868,21.09565932,21.09565932,1,cut set time in half due to silt and debris,NA,Aquatic Insects,101,Family,Carabidae,Carabidae,Emergents,0,0,0,NA,NA,NA,NA,NA,NA,NA,NA,NA,NA,NA   NA   NA   NA,NA   NA   NA   NA
SHR_2019-02-20 09:18:00,2/20/2019 9:18,SHR,2019,W,TRUE,CLD,NA,1,8.5,0.2,87,127,7.47,10.59,57.4,5,Regular,580000,586868,6868,6868,21.09565932,21.09565932,1,cut set time in half due to silt and debris,NA,Aquatic Insects,101,Family,Carabidae,Carabidae,Adults,1,0.047,0.047,NA,NA,NA,NA,NA,NA,NA,NA,NA,NA,NA   NA   NA   NA,NA   NA   NA   NA
SHR_2019-02-20 09:18:00,2/20/2019 9:18,SHR,2019,W,TRUE,CLD,NA,1,8.5,0.2,87,127,7.47,10.59,57.4,5,Regular,580000,586868,6868,6868,21.09565932,21.09565932,1,cut set time in half due to silt and debris,NA,Aquatic Insects,101,Family,Carabidae,Carabidae,NotDetermined,0,0,0,NA,NA,NA,NA,NA,NA,NA,NA,NA,NA,NA   NA   NA   NA,NA   NA   NA   NA
STTD_2019-02-26 10:45:00,2/26/2019 10:45,STTD,2019,W,TRUE,RAN,Overtopping,1,9.7,0.15,219,308,7.9,9.46,77.9,5,Regular,627000,645550,18550,18550,56.97793832,56.97793832,1,5 minute tow due to the high flow,NA,Aquatic Insects,30,Family,Dytiscidae,Dytiscidae,Larvae,0,0,0,NA,NA,NA,NA,NA,NA,NA,NA,NA,NA,NA   NA   NA   NA,NA   NA   NA   NA
STTD_2019-02-26 10:45:00,2/26/2019 10:45,STTD,2019,W,TRUE,RAN,Overtopping,1,9.7,0.15,219,308,7.9,9.46,77.9,5,Regular,627000,645550,18550,18550,56.97793832,56.97793832,1,5 minute tow due to the high flow,NA,Aquatic Insects,30,Family,Dytiscidae,Dytiscidae,Pupae,0,0,0,NA,NA,NA,NA,NA,NA,NA,NA,NA,NA,NA   NA   NA   NA,NA   NA   NA   NA
STTD_2019-02-26 10:45:00,2/26/2019 10:45,STTD,2019,W,TRUE,RAN,Overtopping,1,9.7,0.15,219,308,7.9,9.46,77.9,5,Regular,627000,645550,18550,18550,56.97793832,56.97793832,1,5 minute tow due to the high flow,NA,Aquatic Insects,30,Family,Dytiscidae,Dytiscidae,Nymphs,0,0,0,NA,NA,NA,NA,NA,NA,NA,NA,NA,NA,NA   NA   NA   NA,NA   NA   NA   NA
STTD_2019-02-26 10:45:00,2/26/2019 10:45,STTD,2019,W,TRUE,RAN,Overtopping,1,9.7,0.15,219,308,7.9,9.46,77.9,5,Regular,627000,645550,18550,18550,56.97793832,56.97793832,1,5 minute tow due to the high flow,NA,Aquatic Insects,30,Family,Dytiscidae,Dytiscidae,Emergents,0,0,0,NA,NA,NA,NA,NA,NA,NA,NA,NA,NA,NA   NA   NA   NA,NA   NA   NA   NA
STTD_2019-02-26 10:45:00,2/26/2019 10:45,STTD,2019,W,TRUE,RAN,Overtopping,1,9.7,0.15,219,308,7.9,9.46,77.9,5,Regular,627000,645550,18550,18550,56.97793832,56.97793832,1,5 minute tow due to the high flow,NA,Aquatic Insects,30,Family,Dytiscidae,Dytiscidae,Adults,24,0.421,0.421,NA,NA,NA,NA,NA,NA,NA,NA,NA,NA,NA   NA   NA   NA,NA   NA   NA   NA
STTD_2019-02-26 10:45:00,2/26/2019 10:45,STTD,2019,W,TRUE,RAN,Overtopping,1,9.7,0.15,219,308,7.9,9.46,77.9,5,Regular,627000,645550,18550,18550,56.97793832,56.97793832,1,5 minute tow due to the high flow,NA,Aquatic Insects,30,Family,Dytiscidae,Dytiscidae,NotDetermined,0,0,0,NA,NA,NA,NA,NA,NA,NA,NA,NA,NA,NA   NA   NA   NA,NA   NA   NA   NA
STTD_2019-02-26 10:45:00,2/26/2019 10:45,STTD,2019,W,TRUE,RAN,Overtopping,1,9.7,0.15,219,308,7.9,9.46,77.9,5,Regular,627000,645550,18550,18550,56.97793832,56.97793832,1,5 minute tow due to the high flow,NA,Aquatic Insects,32,Family,Ceratopogonidae,Ceratopogonidae,Larvae,0,0,0,NA,NA,NA,NA,NA,NA,NA,NA,NA,NA,NA   NA   NA   NA,NA   NA   NA   NA
STTD_2019-02-26 10:45:00,2/26/2019 10:45,STTD,2019,W,TRUE,RAN,Overtopping,1,9.7,0.15,219,308,7.9,9.46,77.9,5,Regular,627000,645550,18550,18550,56.97793832,56.97793832,1,5 minute tow due to the high flow,NA,Aquatic Insects,32,Family,Ceratopogonidae,Ceratopogonidae,Pupae,2,0.035,0.035,NA,NA,NA,NA,NA,NA,NA,NA,NA,NA,NA   NA   NA   NA,NA   NA   NA   NA
STTD_2019-02-26 10:45:00,2/26/2019 10:45,STTD,2019,W,TRUE,RAN,Overtopping,1,9.7,0.15,219,308,7.9,9.46,77.9,5,Regular,627000,645550,18550,18550,56.97793832,56.97793832,1,5 minute tow due to the high flow,NA,Aquatic Insects,32,Family,Ceratopogonidae,Ceratopogonidae,Nymphs,0,0,0,NA,NA,NA,NA,NA,NA,NA,NA,NA,NA,NA   NA   NA   NA,NA   NA   NA   NA
STTD_2019-02-26 10:45:00,2/26/2019 10:45,STTD,2019,W,TRUE,RAN,Overtopping,1,9.7,0.15,219,308,7.9,9.46,77.9,5,Regular,627000,645550,18550,18550,56.97793832,56.97793832,1,5 minute tow due to the high flow,NA,Aquatic Insects,32,Family,Ceratopogonidae,Ceratopogonidae,Emergents,0,0,0,NA,NA,NA,NA,NA,NA,NA,NA,NA,NA,NA   NA   NA   NA,NA   NA   NA   NA
STTD_2019-02-26 10:45:00,2/26/2019 10:45,STTD,2019,W,TRUE,RAN,Overtopping,1,9.7,0.15,219,308,7.9,9.46,77.9,5,Regular,627000,645550,18550,18550,56.97793832,56.97793832,1,5 minute tow due to the high flow,NA,Aquatic Insects,32,Family,Ceratopogonidae,Ceratopogonidae,Adults,0,0,0,NA,NA,NA,NA,NA,NA,NA,NA,NA,NA,NA   NA   NA   NA,NA   NA   NA   NA
STTD_2019-02-26 10:45:00,2/26/2019 10:45,STTD,2019,W,TRUE,RAN,Overtopping,1,9.7,0.15,219,308,7.9,9.46,77.9,5,Regular,627000,645550,18550,18550,56.97793832,56.97793832,1,5 minute tow due to the high flow,NA,Aquatic Insects,32,Family,Ceratopogonidae,Ceratopogonidae,NotDetermined,0,0,0,NA,NA,NA,NA,NA,NA,NA,NA,NA,NA,NA   NA   NA   NA,NA   NA   NA   NA
STTD_2019-02-26 10:45:00,2/26/2019 10:45,STTD,2019,W,TRUE,RAN,Overtopping,1,9.7,0.15,219,308,7.9,9.46,77.9,5,Regular,627000,645550,18550,18550,56.97793832,56.97793832,1,5 minute tow due to the high flow,NA,Aquatic Insects,34,Family,Chironomidae,Chironomidae,Larvae,2,0.035,0.035,NA,NA,NA,NA,NA,NA,NA,NA,NA,NA,NA   NA   NA   NA,NA   NA   NA   NA
STTD_2019-02-26 10:45:00,2/26/2019 10:45,STTD,2019,W,TRUE,RAN,Overtopping,1,9.7,0.15,219,308,7.9,9.46,77.9,5,Regular,627000,645550,18550,18550,56.97793832,56.97793832,1,5 minute tow due to the high flow,NA,Aquatic Insects,34,Family,Chironomidae,Chironomidae,Pupae,59,1.035,1.035,NA,NA,NA,NA,NA,NA,NA,NA,NA,NA,NA   NA   NA   NA,NA   NA   NA   NA
STTD_2019-02-26 10:45:00,2/26/2019 10:45,STTD,2019,W,TRUE,RAN,Overtopping,1,9.7,0.15,219,308,7.9,9.46,77.9,5,Regular,627000,645550,18550,18550,56.97793832,56.97793832,1,5 minute tow due to the high flow,NA,Aquatic Insects,34,Family,Chironomidae,Chironomidae,Nymphs,0,0,0,NA,NA,NA,NA,NA,NA,NA,NA,NA,NA,NA   NA   NA   NA,NA   NA   NA   NA
STTD_2019-02-26 10:45:00,2/26/2019 10:45,STTD,2019,W,TRUE,RAN,Overtopping,1,9.7,0.15,219,308,7.9,9.46,77.9,5,Regular,627000,645550,18550,18550,56.97793832,56.97793832,1,5 minute tow due to the high flow,NA,Aquatic Insects,34,Family,Chironomidae,Chironomidae,Emergents,0,0,0,NA,NA,NA,NA,NA,NA,NA,NA,NA,NA,NA   NA   NA   NA,NA   NA   NA   NA
STTD_2019-02-26 10:45:00,2/26/2019 10:45,STTD,2019,W,TRUE,RAN,Overtopping,1,9.7,0.15,219,308,7.9,9.46,77.9,5,Regular,627000,645550,18550,18550,56.97793832,56.97793832,1,5 minute tow due to the high flow,NA,Aquatic Insects,34,Family,Chironomidae,Chironomidae,Adults,268,4.704,4.704,NA,NA,NA,NA,NA,NA,NA,NA,NA,NA,NA   NA   NA   NA,NA   NA   NA   NA
STTD_2019-02-26 10:45:00,2/26/2019 10:45,STTD,2019,W,TRUE,RAN,Overtopping,1,9.7,0.15,219,308,7.9,9.46,77.9,5,Regular,627000,645550,18550,18550,56.97793832,56.97793832,1,5 minute tow due to the high flow,NA,Aquatic Insects,34,Family,Chironomidae,Chironomidae,NotDetermined,0,0,0,NA,NA,NA,NA,NA,NA,NA,NA,NA,NA,NA   NA   NA   NA,NA   NA   NA   NA
STTD_2019-02-26 10:45:00,2/26/2019 10:45,STTD,2019,W,TRUE,RAN,Overtopping,1,9.7,0.15,219,308,7.9,9.46,77.9,5,Regular,627000,645550,18550,18550,56.97793832,56.97793832,1,5 minute tow due to the high flow,NA,Aquatic Insects,37,Family,Psychodidae,Psychodidae,Larvae,0,0,0,NA,NA,NA,NA,NA,NA,NA,NA,NA,NA,NA   NA   NA   NA,NA   NA   NA   NA
STTD_2019-02-26 10:45:00,2/26/2019 10:45,STTD,2019,W,TRUE,RAN,Overtopping,1,9.7,0.15,219,308,7.9,9.46,77.9,5,Regular,627000,645550,18550,18550,56.97793832,56.97793832,1,5 minute tow due to the high flow,NA,Aquatic Insects,37,Family,Psychodidae,Psychodidae,Pupae,0,0,0,NA,NA,NA,NA,NA,NA,NA,NA,NA,NA,NA   NA   NA   NA,NA   NA   NA   NA
STTD_2019-02-26 10:45:00,2/26/2019 10:45,STTD,2019,W,TRUE,RAN,Overtopping,1,9.7,0.15,219,308,7.9,9.46,77.9,5,Regular,627000,645550,18550,18550,56.97793832,56.97793832,1,5 minute tow due to the high flow,NA,Aquatic Insects,37,Family,Psychodidae,Psychodidae,Nymphs,0,0,0,NA,NA,NA,NA,NA,NA,NA,NA,NA,NA,NA   NA   NA   NA,NA   NA   NA   NA
STTD_2019-02-26 10:45:00,2/26/2019 10:45,STTD,2019,W,TRUE,RAN,Overtopping,1,9.7,0.15,219,308,7.9,9.46,77.9,5,Regular,627000,645550,18550,18550,56.97793832,56.97793832,1,5 minute tow due to the high flow,NA,Aquatic Insects,37,Family,Psychodidae,Psychodidae,Emergents,0,0,0,NA,NA,NA,NA,NA,NA,NA,NA,NA,NA,NA   NA   NA   NA,NA   NA   NA   NA
STTD_2019-02-26 10:45:00,2/26/2019 10:45,STTD,2019,W,TRUE,RAN,Overtopping,1,9.7,0.15,219,308,7.9,9.46,77.9,5,Regular,627000,645550,18550,18550,56.97793832,56.97793832,1,5 minute tow due to the high flow,NA,Aquatic Insects,37,Family,Psychodidae,Psychodidae,Adults,1,0.018,0.018,NA,NA,NA,NA,NA,NA,NA,NA,NA,NA,NA   NA   NA   NA,NA   NA   NA   NA
STTD_2019-02-26 10:45:00,2/26/2019 10:45,STTD,2019,W,TRUE,RAN,Overtopping,1,9.7,0.15,219,308,7.9,9.46,77.9,5,Regular,627000,645550,18550,18550,56.97793832,56.97793832,1,5 minute tow due to the high flow,NA,Aquatic Insects,37,Family,Psychodidae,Psychodidae,NotDetermined,0,0,0,NA,NA,NA,NA,NA,NA,NA,NA,NA,NA,NA   NA   NA   NA,NA   NA   NA   NA
STTD_2019-02-26 10:45:00,2/26/2019 10:45,STTD,2019,W,TRUE,RAN,Overtopping,1,9.7,0.15,219,308,7.9,9.46,77.9,5,Regular,627000,645550,18550,18550,56.97793832,56.97793832,1,5 minute tow due to the high flow,NA,Aquatic Insects,44,Family,Corixidae,Corixidae,Larvae,0,0,0,NA,NA,NA,NA,NA,NA,NA,NA,NA,NA,NA   NA   NA   NA,NA   NA   NA   NA
STTD_2019-02-26 10:45:00,2/26/2019 10:45,STTD,2019,W,TRUE,RAN,Overtopping,1,9.7,0.15,219,308,7.9,9.46,77.9,5,Regular,627000,645550,18550,18550,56.97793832,56.97793832,1,5 minute tow due to the high flow,NA,Aquatic Insects,44,Family,Corixidae,Corixidae,Pupae,0,0,0,NA,NA,NA,NA,NA,NA,NA,NA,NA,NA,NA   NA   NA   NA,NA   NA   NA   NA
STTD_2019-02-26 10:45:00,2/26/2019 10:45,STTD,2019,W,TRUE,RAN,Overtopping,1,9.7,0.15,219,308,7.9,9.46,77.9,5,Regular,627000,645550,18550,18550,56.97793832,56.97793832,1,5 minute tow due to the high flow,NA,Aquatic Insects,44,Family,Corixidae,Corixidae,Nymphs,2,0.035,0.035,NA,NA,NA,NA,NA,NA,NA,NA,NA,NA,NA   NA   NA   NA,NA   NA   NA   NA
STTD_2019-02-26 10:45:00,2/26/2019 10:45,STTD,2019,W,TRUE,RAN,Overtopping,1,9.7,0.15,219,308,7.9,9.46,77.9,5,Regular,627000,645550,18550,18550,56.97793832,56.97793832,1,5 minute tow due to the high flow,NA,Aquatic Insects,44,Family,Corixidae,Corixidae,Emergents,0,0,0,NA,NA,NA,NA,NA,NA,NA,NA,NA,NA,NA   NA   NA   NA,NA   NA   NA   NA
STTD_2019-02-26 10:45:00,2/26/2019 10:45,STTD,2019,W,TRUE,RAN,Overtopping,1,9.7,0.15,219,308,7.9,9.46,77.9,5,Regular,627000,645550,18550,18550,56.97793832,56.97793832,1,5 minute tow due to the high flow,NA,Aquatic Insects,44,Family,Corixidae,Corixidae,Adults,4,0.07,0.07,NA,NA,NA,NA,NA,NA,NA,NA,NA,NA,NA   NA   NA   NA,NA   NA   NA   NA
STTD_2019-02-26 10:45:00,2/26/2019 10:45,STTD,2019,W,TRUE,RAN,Overtopping,1,9.7,0.15,219,308,7.9,9.46,77.9,5,Regular,627000,645550,18550,18550,56.97793832,56.97793832,1,5 minute tow due to the high flow,NA,Aquatic Insects,44,Family,Corixidae,Corixidae,NotDetermined,0,0,0,NA,NA,NA,NA,NA,NA,NA,NA,NA,NA,NA   NA   NA   NA,NA   NA   NA   NA
STTD_2019-02-26 10:45:00,2/26/2019 10:45,STTD,2019,W,TRUE,RAN,Overtopping,1,9.7,0.15,219,308,7.9,9.46,77.9,5,Regular,627000,645550,18550,18550,56.97793832,56.97793832,1,5 minute tow due to the high flow,NA,Aquatic Insects,88,Family,Hydroptilidae,Hydroptilidae,Larvae,0,0,0,NA,NA,NA,NA,NA,NA,NA,NA,NA,NA,NA   NA   NA   NA,NA   NA   NA   NA
STTD_2019-02-26 10:45:00,2/26/2019 10:45,STTD,2019,W,TRUE,RAN,Overtopping,1,9.7,0.15,219,308,7.9,9.46,77.9,5,Regular,627000,645550,18550,18550,56.97793832,56.97793832,1,5 minute tow due to the high flow,NA,Aquatic Insects,88,Family,Hydroptilidae,Hydroptilidae,Pupae,0,0,0,NA,NA,NA,NA,NA,NA,NA,NA,NA,NA,NA   NA   NA   NA,NA   NA   NA   NA
STTD_2019-02-26 10:45:00,2/26/2019 10:45,STTD,2019,W,TRUE,RAN,Overtopping,1,9.7,0.15,219,308,7.9,9.46,77.9,5,Regular,627000,645550,18550,18550,56.97793832,56.97793832,1,5 minute tow due to the high flow,NA,Aquatic Insects,88,Family,Hydroptilidae,Hydroptilidae,Nymphs,0,0,0,NA,NA,NA,NA,NA,NA,NA,NA,NA,NA,NA   NA   NA   NA,NA   NA   NA   NA
STTD_2019-02-26 10:45:00,2/26/2019 10:45,STTD,2019,W,TRUE,RAN,Overtopping,1,9.7,0.15,219,308,7.9,9.46,77.9,5,Regular,627000,645550,18550,18550,56.97793832,56.97793832,1,5 minute tow due to the high flow,NA,Aquatic Insects,88,Family,Hydroptilidae,Hydroptilidae,Emergents,0,0,0,NA,NA,NA,NA,NA,NA,NA,NA,NA,NA,NA   NA   NA   NA,NA   NA   NA   NA
STTD_2019-02-26 10:45:00,2/26/2019 10:45,STTD,2019,W,TRUE,RAN,Overtopping,1,9.7,0.15,219,308,7.9,9.46,77.9,5,Regular,627000,645550,18550,18550,56.97793832,56.97793832,1,5 minute tow due to the high flow,NA,Aquatic Insects,88,Family,Hydroptilidae,Hydroptilidae,Adults,1,0.018,0.018,NA,NA,NA,NA,NA,NA,NA,NA,NA,NA,NA   NA   NA   NA,NA   NA   NA   NA
STTD_2019-02-26 10:45:00,2/26/2019 10:45,STTD,2019,W,TRUE,RAN,Overtopping,1,9.7,0.15,219,308,7.9,9.46,77.9,5,Regular,627000,645550,18550,18550,56.97793832,56.97793832,1,5 minute tow due to the high flow,NA,Aquatic Insects,88,Family,Hydroptilidae,Hydroptilidae,NotDetermined,0,0,0,NA,NA,NA,NA,NA,NA,NA,NA,NA,NA,NA   NA   NA   NA,NA   NA   NA   NA
STTD_2019-02-26 10:45:00,2/26/2019 10:45,STTD,2019,W,TRUE,RAN,Overtopping,1,9.7,0.15,219,308,7.9,9.46,77.9,5,Regular,627000,645550,18550,18550,56.97793832,56.97793832,1,5 minute tow due to the high flow,NA,Aquatic Non-Insects,4,Family,Naididae,Naididae,Larvae,0,0,0,NA,NA,NA,NA,NA,NA,NA,NA,NA,NA,NA   NA   NA   NA,NA   NA   NA   NA
STTD_2019-02-26 10:45:00,2/26/2019 10:45,STTD,2019,W,TRUE,RAN,Overtopping,1,9.7,0.15,219,308,7.9,9.46,77.9,5,Regular,627000,645550,18550,18550,56.97793832,56.97793832,1,5 minute tow due to the high flow,NA,Aquatic Non-Insects,4,Family,Naididae,Naididae,Pupae,0,0,0,NA,NA,NA,NA,NA,NA,NA,NA,NA,NA,NA   NA   NA   NA,NA   NA   NA   NA
STTD_2019-02-26 10:45:00,2/26/2019 10:45,STTD,2019,W,TRUE,RAN,Overtopping,1,9.7,0.15,219,308,7.9,9.46,77.9,5,Regular,627000,645550,18550,18550,56.97793832,56.97793832,1,5 minute tow due to the high flow,NA,Aquatic Non-Insects,4,Family,Naididae,Naididae,Nymphs,0,0,0,NA,NA,NA,NA,NA,NA,NA,NA,NA,NA,NA   NA   NA   NA,NA   NA   NA   NA
STTD_2019-02-26 10:45:00,2/26/2019 10:45,STTD,2019,W,TRUE,RAN,Overtopping,1,9.7,0.15,219,308,7.9,9.46,77.9,5,Regular,627000,645550,18550,18550,56.97793832,56.97793832,1,5 minute tow due to the high flow,NA,Aquatic Non-Insects,4,Family,Naididae,Naididae,Emergents,0,0,0,NA,NA,NA,NA,NA,NA,NA,NA,NA,NA,NA   NA   NA   NA,NA   NA   NA   NA
STTD_2019-02-26 10:45:00,2/26/2019 10:45,STTD,2019,W,TRUE,RAN,Overtopping,1,9.7,0.15,219,308,7.9,9.46,77.9,5,Regular,627000,645550,18550,18550,56.97793832,56.97793832,1,5 minute tow due to the high flow,NA,Aquatic Non-Insects,4,Family,Naididae,Naididae,Adults,0,0,0,NA,NA,NA,NA,NA,NA,NA,NA,NA,NA,NA   NA   NA   NA,NA   NA   NA   NA
STTD_2019-02-26 10:45:00,2/26/2019 10:45,STTD,2019,W,TRUE,RAN,Overtopping,1,9.7,0.15,219,308,7.9,9.46,77.9,5,Regular,627000,645550,18550,18550,56.97793832,56.97793832,1,5 minute tow due to the high flow,NA,Aquatic Non-Insects,4,Family,Naididae,Naididae,NotDetermined,5,0.088,0.088,NA,NA,NA,NA,NA,NA,NA,NA,NA,NA,NA   NA   NA   NA,NA   NA   NA   NA
STTD_2019-02-26 10:45:00,2/26/2019 10:45,STTD,2019,W,TRUE,RAN,Overtopping,1,9.7,0.15,219,308,7.9,9.46,77.9,5,Regular,627000,645550,18550,18550,56.97793832,56.97793832,1,5 minute tow due to the high flow,NA,Aquatic Non-Insects,2,Family,Enchytraeidae,Enchytraeidae,Larvae,0,0,0,NA,NA,NA,NA,NA,NA,NA,NA,NA,NA,NA   NA   NA   NA,NA   NA   NA   NA
STTD_2019-02-26 10:45:00,2/26/2019 10:45,STTD,2019,W,TRUE,RAN,Overtopping,1,9.7,0.15,219,308,7.9,9.46,77.9,5,Regular,627000,645550,18550,18550,56.97793832,56.97793832,1,5 minute tow due to the high flow,NA,Aquatic Non-Insects,2,Family,Enchytraeidae,Enchytraeidae,Pupae,0,0,0,NA,NA,NA,NA,NA,NA,NA,NA,NA,NA,NA   NA   NA   NA,NA   NA   NA   NA
STTD_2019-02-26 10:45:00,2/26/2019 10:45,STTD,2019,W,TRUE,RAN,Overtopping,1,9.7,0.15,219,308,7.9,9.46,77.9,5,Regular,627000,645550,18550,18550,56.97793832,56.97793832,1,5 minute tow due to the high flow,NA,Aquatic Non-Insects,2,Family,Enchytraeidae,Enchytraeidae,Nymphs,0,0,0,NA,NA,NA,NA,NA,NA,NA,NA,NA,NA,NA   NA   NA   NA,NA   NA   NA   NA
STTD_2019-02-26 10:45:00,2/26/2019 10:45,STTD,2019,W,TRUE,RAN,Overtopping,1,9.7,0.15,219,308,7.9,9.46,77.9,5,Regular,627000,645550,18550,18550,56.97793832,56.97793832,1,5 minute tow due to the high flow,NA,Aquatic Non-Insects,2,Family,Enchytraeidae,Enchytraeidae,Emergents,0,0,0,NA,NA,NA,NA,NA,NA,NA,NA,NA,NA,NA   NA   NA   NA,NA   NA   NA   NA
STTD_2019-02-26 10:45:00,2/26/2019 10:45,STTD,2019,W,TRUE,RAN,Overtopping,1,9.7,0.15,219,308,7.9,9.46,77.9,5,Regular,627000,645550,18550,18550,56.97793832,56.97793832,1,5 minute tow due to the high flow,NA,Aquatic Non-Insects,2,Family,Enchytraeidae,Enchytraeidae,Adults,0,0,0,NA,NA,NA,NA,NA,NA,NA,NA,NA,NA,NA   NA   NA   NA,NA   NA   NA   NA
STTD_2019-02-26 10:45:00,2/26/2019 10:45,STTD,2019,W,TRUE,RAN,Overtopping,1,9.7,0.15,219,308,7.9,9.46,77.9,5,Regular,627000,645550,18550,18550,56.97793832,56.97793832,1,5 minute tow due to the high flow,NA,Aquatic Non-Insects,2,Family,Enchytraeidae,Enchytraeidae,NotDetermined,6,0.105,0.105,NA,NA,NA,NA,NA,NA,NA,NA,NA,NA,NA   NA   NA   NA,NA   NA   NA   NA
STTD_2019-02-26 10:45:00,2/26/2019 10:45,STTD,2019,W,TRUE,RAN,Overtopping,1,9.7,0.15,219,308,7.9,9.46,77.9,5,Regular,627000,645550,18550,18550,56.97793832,56.97793832,1,5 minute tow due to the high flow,NA,Aquatic Non-Insects,15,Family,Hyalellidae,Hyalellidae,Larvae,0,0,0,NA,NA,NA,NA,NA,NA,NA,NA,NA,NA,NA   NA   NA   NA,NA   NA   NA   NA
STTD_2019-02-26 10:45:00,2/26/2019 10:45,STTD,2019,W,TRUE,RAN,Overtopping,1,9.7,0.15,219,308,7.9,9.46,77.9,5,Regular,627000,645550,18550,18550,56.97793832,56.97793832,1,5 minute tow due to the high flow,NA,Aquatic Non-Insects,15,Family,Hyalellidae,Hyalellidae,Pupae,0,0,0,NA,NA,NA,NA,NA,NA,NA,NA,NA,NA,NA   NA   NA   NA,NA   NA   NA   NA
STTD_2019-02-26 10:45:00,2/26/2019 10:45,STTD,2019,W,TRUE,RAN,Overtopping,1,9.7,0.15,219,308,7.9,9.46,77.9,5,Regular,627000,645550,18550,18550,56.97793832,56.97793832,1,5 minute tow due to the high flow,NA,Aquatic Non-Insects,15,Family,Hyalellidae,Hyalellidae,Nymphs,0,0,0,NA,NA,NA,NA,NA,NA,NA,NA,NA,NA,NA   NA   NA   NA,NA   NA   NA   NA
STTD_2019-02-26 10:45:00,2/26/2019 10:45,STTD,2019,W,TRUE,RAN,Overtopping,1,9.7,0.15,219,308,7.9,9.46,77.9,5,Regular,627000,645550,18550,18550,56.97793832,56.97793832,1,5 minute tow due to the high flow,NA,Aquatic Non-Insects,15,Family,Hyalellidae,Hyalellidae,Emergents,0,0,0,NA,NA,NA,NA,NA,NA,NA,NA,NA,NA,NA   NA   NA   NA,NA   NA   NA   NA
STTD_2019-02-26 10:45:00,2/26/2019 10:45,STTD,2019,W,TRUE,RAN,Overtopping,1,9.7,0.15,219,308,7.9,9.46,77.9,5,Regular,627000,645550,18550,18550,56.97793832,56.97793832,1,5 minute tow due to the high flow,NA,Aquatic Non-Insects,15,Family,Hyalellidae,Hyalellidae,Adults,0,0,0,NA,NA,NA,NA,NA,NA,NA,NA,NA,NA,NA   NA   NA   NA,NA   NA   NA   NA
STTD_2019-02-26 10:45:00,2/26/2019 10:45,STTD,2019,W,TRUE,RAN,Overtopping,1,9.7,0.15,219,308,7.9,9.46,77.9,5,Regular,627000,645550,18550,18550,56.97793832,56.97793832,1,5 minute tow due to the high flow,NA,Aquatic Non-Insects,15,Family,Hyalellidae,Hyalellidae,NotDetermined,1,0.018,0.018,NA,NA,NA,NA,NA,NA,NA,NA,NA,NA,NA   NA   NA   NA,NA   NA   NA   NA
STTD_2019-02-26 10:45:00,2/26/2019 10:45,STTD,2019,W,TRUE,RAN,Overtopping,1,9.7,0.15,219,308,7.9,9.46,77.9,5,Regular,627000,645550,18550,18550,56.97793832,56.97793832,1,5 minute tow due to the high flow,NA,Aquatic Non-Insects,86,Family,Asellidae,Asellidae,Larvae,0,0,0,NA,NA,NA,NA,NA,NA,NA,NA,NA,NA,NA   NA   NA   NA,NA   NA   NA   NA
STTD_2019-02-26 10:45:00,2/26/2019 10:45,STTD,2019,W,TRUE,RAN,Overtopping,1,9.7,0.15,219,308,7.9,9.46,77.9,5,Regular,627000,645550,18550,18550,56.97793832,56.97793832,1,5 minute tow due to the high flow,NA,Aquatic Non-Insects,86,Family,Asellidae,Asellidae,Pupae,0,0,0,NA,NA,NA,NA,NA,NA,NA,NA,NA,NA,NA   NA   NA   NA,NA   NA   NA   NA
STTD_2019-02-26 10:45:00,2/26/2019 10:45,STTD,2019,W,TRUE,RAN,Overtopping,1,9.7,0.15,219,308,7.9,9.46,77.9,5,Regular,627000,645550,18550,18550,56.97793832,56.97793832,1,5 minute tow due to the high flow,NA,Aquatic Non-Insects,86,Family,Asellidae,Asellidae,Nymphs,0,0,0,NA,NA,NA,NA,NA,NA,NA,NA,NA,NA,NA   NA   NA   NA,NA   NA   NA   NA
STTD_2019-02-26 10:45:00,2/26/2019 10:45,STTD,2019,W,TRUE,RAN,Overtopping,1,9.7,0.15,219,308,7.9,9.46,77.9,5,Regular,627000,645550,18550,18550,56.97793832,56.97793832,1,5 minute tow due to the high flow,NA,Aquatic Non-Insects,86,Family,Asellidae,Asellidae,Emergents,0,0,0,NA,NA,NA,NA,NA,NA,NA,NA,NA,NA,NA   NA   NA   NA,NA   NA   NA   NA
STTD_2019-02-26 10:45:00,2/26/2019 10:45,STTD,2019,W,TRUE,RAN,Overtopping,1,9.7,0.15,219,308,7.9,9.46,77.9,5,Regular,627000,645550,18550,18550,56.97793832,56.97793832,1,5 minute tow due to the high flow,NA,Aquatic Non-Insects,86,Family,Asellidae,Asellidae,Adults,0,0,0,NA,NA,NA,NA,NA,NA,NA,NA,NA,NA,NA   NA   NA   NA,NA   NA   NA   NA
STTD_2019-02-26 10:45:00,2/26/2019 10:45,STTD,2019,W,TRUE,RAN,Overtopping,1,9.7,0.15,219,308,7.9,9.46,77.9,5,Regular,627000,645550,18550,18550,56.97793832,56.97793832,1,5 minute tow due to the high flow,NA,Aquatic Non-Insects,86,Family,Asellidae,Asellidae,NotDetermined,2,0.035,0.035,NA,NA,NA,NA,NA,NA,NA,NA,NA,NA,NA   NA   NA   NA,NA   NA   NA   NA
STTD_2019-02-26 10:45:00,2/26/2019 10:45,STTD,2019,W,TRUE,RAN,Overtopping,1,9.7,0.15,219,308,7.9,9.46,77.9,5,Regular,627000,645550,18550,18550,56.97793832,56.97793832,1,5 minute tow due to the high flow,NA,Aquatic Non-Insects,148,Family,Cottidae,Unidentified Sculpin,Larvae,0,0,0,NA,NA,NA,NA,NA,NA,NA,NA,NA,NA,NA   NA   NA   NA,NA   NA   NA   NA
STTD_2019-02-26 10:45:00,2/26/2019 10:45,STTD,2019,W,TRUE,RAN,Overtopping,1,9.7,0.15,219,308,7.9,9.46,77.9,5,Regular,627000,645550,18550,18550,56.97793832,56.97793832,1,5 minute tow due to the high flow,NA,Aquatic Non-Insects,148,Family,Cottidae,Unidentified Sculpin,Pupae,0,0,0,NA,NA,NA,NA,NA,NA,NA,NA,NA,NA,NA   NA   NA   NA,NA   NA   NA   NA
STTD_2019-02-26 10:45:00,2/26/2019 10:45,STTD,2019,W,TRUE,RAN,Overtopping,1,9.7,0.15,219,308,7.9,9.46,77.9,5,Regular,627000,645550,18550,18550,56.97793832,56.97793832,1,5 minute tow due to the high flow,NA,Aquatic Non-Insects,148,Family,Cottidae,Unidentified Sculpin,Nymphs,0,0,0,NA,NA,NA,NA,NA,NA,NA,NA,NA,NA,NA   NA   NA   NA,NA   NA   NA   NA
STTD_2019-02-26 10:45:00,2/26/2019 10:45,STTD,2019,W,TRUE,RAN,Overtopping,1,9.7,0.15,219,308,7.9,9.46,77.9,5,Regular,627000,645550,18550,18550,56.97793832,56.97793832,1,5 minute tow due to the high flow,NA,Aquatic Non-Insects,148,Family,Cottidae,Unidentified Sculpin,Emergents,0,0,0,NA,NA,NA,NA,NA,NA,NA,NA,NA,NA,NA   NA   NA   NA,NA   NA   NA   NA
STTD_2019-02-26 10:45:00,2/26/2019 10:45,STTD,2019,W,TRUE,RAN,Overtopping,1,9.7,0.15,219,308,7.9,9.46,77.9,5,Regular,627000,645550,18550,18550,56.97793832,56.97793832,1,5 minute tow due to the high flow,NA,Aquatic Non-Insects,148,Family,Cottidae,Unidentified Sculpin,Adults,0,0,0,NA,NA,NA,NA,NA,NA,NA,NA,NA,NA,NA   NA   NA   NA,NA   NA   NA   NA
STTD_2019-02-26 10:45:00,2/26/2019 10:45,STTD,2019,W,TRUE,RAN,Overtopping,1,9.7,0.15,219,308,7.9,9.46,77.9,5,Regular,627000,645550,18550,18550,56.97793832,56.97793832,1,5 minute tow due to the high flow,NA,Aquatic Non-Insects,148,Family,Cottidae,Unidentified Sculpin,NotDetermined,1,0.018,0.018,NA,NA,NA,NA,NA,NA,NA,NA,NA,NA,NA   NA   NA   NA,NA   NA   NA   NA
STTD_2019-02-26 10:45:00,2/26/2019 10:45,STTD,2019,W,TRUE,RAN,Overtopping,1,9.7,0.15,219,308,7.9,9.46,77.9,5,Regular,627000,645550,18550,18550,56.97793832,56.97793832,1,5 minute tow due to the high flow,NA,Aquatic Non-Insects,18,Family,Hydridae,Hydridae,Larvae,0,0,0,NA,NA,NA,NA,NA,NA,NA,NA,NA,NA,NA   NA   NA   NA,NA   NA   NA   NA
STTD_2019-02-26 10:45:00,2/26/2019 10:45,STTD,2019,W,TRUE,RAN,Overtopping,1,9.7,0.15,219,308,7.9,9.46,77.9,5,Regular,627000,645550,18550,18550,56.97793832,56.97793832,1,5 minute tow due to the high flow,NA,Aquatic Non-Insects,18,Family,Hydridae,Hydridae,Pupae,0,0,0,NA,NA,NA,NA,NA,NA,NA,NA,NA,NA,NA   NA   NA   NA,NA   NA   NA   NA
STTD_2019-02-26 10:45:00,2/26/2019 10:45,STTD,2019,W,TRUE,RAN,Overtopping,1,9.7,0.15,219,308,7.9,9.46,77.9,5,Regular,627000,645550,18550,18550,56.97793832,56.97793832,1,5 minute tow due to the high flow,NA,Aquatic Non-Insects,18,Family,Hydridae,Hydridae,Nymphs,0,0,0,NA,NA,NA,NA,NA,NA,NA,NA,NA,NA,NA   NA   NA   NA,NA   NA   NA   NA
STTD_2019-02-26 10:45:00,2/26/2019 10:45,STTD,2019,W,TRUE,RAN,Overtopping,1,9.7,0.15,219,308,7.9,9.46,77.9,5,Regular,627000,645550,18550,18550,56.97793832,56.97793832,1,5 minute tow due to the high flow,NA,Aquatic Non-Insects,18,Family,Hydridae,Hydridae,Emergents,0,0,0,NA,NA,NA,NA,NA,NA,NA,NA,NA,NA,NA   NA   NA   NA,NA   NA   NA   NA
STTD_2019-02-26 10:45:00,2/26/2019 10:45,STTD,2019,W,TRUE,RAN,Overtopping,1,9.7,0.15,219,308,7.9,9.46,77.9,5,Regular,627000,645550,18550,18550,56.97793832,56.97793832,1,5 minute tow due to the high flow,NA,Aquatic Non-Insects,18,Family,Hydridae,Hydridae,Adults,0,0,0,NA,NA,NA,NA,NA,NA,NA,NA,NA,NA,NA   NA   NA   NA,NA   NA   NA   NA
STTD_2019-02-26 10:45:00,2/26/2019 10:45,STTD,2019,W,TRUE,RAN,Overtopping,1,9.7,0.15,219,308,7.9,9.46,77.9,5,Regular,627000,645550,18550,18550,56.97793832,56.97793832,1,5 minute tow due to the high flow,NA,Aquatic Non-Insects,18,Family,Hydridae,Hydridae,NotDetermined,64,1.123,1.123,NA,NA,NA,NA,NA,NA,NA,NA,NA,NA,NA   NA   NA   NA,NA   NA   NA   NA
STTD_2019-02-26 10:45:00,2/26/2019 10:45,STTD,2019,W,TRUE,RAN,Overtopping,1,9.7,0.15,219,308,7.9,9.46,77.9,5,Regular,627000,645550,18550,18550,56.97793832,56.97793832,1,5 minute tow due to the high flow,NA,Aquatic Non-Insects,20,Family,Physidae,Physidae,Larvae,0,0,0,NA,NA,NA,NA,NA,NA,NA,NA,NA,NA,NA   NA   NA   NA,NA   NA   NA   NA
STTD_2019-02-26 10:45:00,2/26/2019 10:45,STTD,2019,W,TRUE,RAN,Overtopping,1,9.7,0.15,219,308,7.9,9.46,77.9,5,Regular,627000,645550,18550,18550,56.97793832,56.97793832,1,5 minute tow due to the high flow,NA,Aquatic Non-Insects,20,Family,Physidae,Physidae,Pupae,0,0,0,NA,NA,NA,NA,NA,NA,NA,NA,NA,NA,NA   NA   NA   NA,NA   NA   NA   NA
STTD_2019-02-26 10:45:00,2/26/2019 10:45,STTD,2019,W,TRUE,RAN,Overtopping,1,9.7,0.15,219,308,7.9,9.46,77.9,5,Regular,627000,645550,18550,18550,56.97793832,56.97793832,1,5 minute tow due to the high flow,NA,Aquatic Non-Insects,20,Family,Physidae,Physidae,Nymphs,0,0,0,NA,NA,NA,NA,NA,NA,NA,NA,NA,NA,NA   NA   NA   NA,NA   NA   NA   NA
STTD_2019-02-26 10:45:00,2/26/2019 10:45,STTD,2019,W,TRUE,RAN,Overtopping,1,9.7,0.15,219,308,7.9,9.46,77.9,5,Regular,627000,645550,18550,18550,56.97793832,56.97793832,1,5 minute tow due to the high flow,NA,Aquatic Non-Insects,20,Family,Physidae,Physidae,Emergents,0,0,0,NA,NA,NA,NA,NA,NA,NA,NA,NA,NA,NA   NA   NA   NA,NA   NA   NA   NA
STTD_2019-02-26 10:45:00,2/26/2019 10:45,STTD,2019,W,TRUE,RAN,Overtopping,1,9.7,0.15,219,308,7.9,9.46,77.9,5,Regular,627000,645550,18550,18550,56.97793832,56.97793832,1,5 minute tow due to the high flow,NA,Aquatic Non-Insects,20,Family,Physidae,Physidae,Adults,0,0,0,NA,NA,NA,NA,NA,NA,NA,NA,NA,NA,NA   NA   NA   NA,NA   NA   NA   NA
STTD_2019-02-26 10:45:00,2/26/2019 10:45,STTD,2019,W,TRUE,RAN,Overtopping,1,9.7,0.15,219,308,7.9,9.46,77.9,5,Regular,627000,645550,18550,18550,56.97793832,56.97793832,1,5 minute tow due to the high flow,NA,Aquatic Non-Insects,20,Family,Physidae,Physidae,NotDetermined,119,2.089,2.089,NA,NA,NA,NA,NA,NA,NA,NA,NA,NA,NA   NA   NA   NA,NA   NA   NA   NA
STTD_2019-02-26 10:45:00,2/26/2019 10:45,STTD,2019,W,TRUE,RAN,Overtopping,1,9.7,0.15,219,308,7.9,9.46,77.9,5,Regular,627000,645550,18550,18550,56.97793832,56.97793832,1,5 minute tow due to the high flow,NA,Terrestrial Non-Insects,57,Subclass,Acari,Acari,Larvae,0,0,0,NA,NA,NA,NA,NA,NA,NA,NA,NA,NA,NA   NA   NA   NA,NA   NA   NA   NA
STTD_2019-02-26 10:45:00,2/26/2019 10:45,STTD,2019,W,TRUE,RAN,Overtopping,1,9.7,0.15,219,308,7.9,9.46,77.9,5,Regular,627000,645550,18550,18550,56.97793832,56.97793832,1,5 minute tow due to the high flow,NA,Terrestrial Non-Insects,57,Subclass,Acari,Acari,Pupae,0,0,0,NA,NA,NA,NA,NA,NA,NA,NA,NA,NA,NA   NA   NA   NA,NA   NA   NA   NA
STTD_2019-02-26 10:45:00,2/26/2019 10:45,STTD,2019,W,TRUE,RAN,Overtopping,1,9.7,0.15,219,308,7.9,9.46,77.9,5,Regular,627000,645550,18550,18550,56.97793832,56.97793832,1,5 minute tow due to the high flow,NA,Terrestrial Non-Insects,57,Subclass,Acari,Acari,Nymphs,0,0,0,NA,NA,NA,NA,NA,NA,NA,NA,NA,NA,NA   NA   NA   NA,NA   NA   NA   NA
STTD_2019-02-26 10:45:00,2/26/2019 10:45,STTD,2019,W,TRUE,RAN,Overtopping,1,9.7,0.15,219,308,7.9,9.46,77.9,5,Regular,627000,645550,18550,18550,56.97793832,56.97793832,1,5 minute tow due to the high flow,NA,Terrestrial Non-Insects,57,Subclass,Acari,Acari,Emergents,0,0,0,NA,NA,NA,NA,NA,NA,NA,NA,NA,NA,NA   NA   NA   NA,NA   NA   NA   NA
STTD_2019-02-26 10:45:00,2/26/2019 10:45,STTD,2019,W,TRUE,RAN,Overtopping,1,9.7,0.15,219,308,7.9,9.46,77.9,5,Regular,627000,645550,18550,18550,56.97793832,56.97793832,1,5 minute tow due to the high flow,NA,Terrestrial Non-Insects,57,Subclass,Acari,Acari,Adults,0,0,0,NA,NA,NA,NA,NA,NA,NA,NA,NA,NA,NA   NA   NA   NA,NA   NA   NA   NA
STTD_2019-02-26 10:45:00,2/26/2019 10:45,STTD,2019,W,TRUE,RAN,Overtopping,1,9.7,0.15,219,308,7.9,9.46,77.9,5,Regular,627000,645550,18550,18550,56.97793832,56.97793832,1,5 minute tow due to the high flow,NA,Terrestrial Non-Insects,57,Subclass,Acari,Acari,NotDetermined,3,0.053,0.053,NA,NA,NA,NA,NA,NA,NA,NA,NA,NA,NA   NA   NA   NA,NA   NA   NA   NA
STTD_2019-02-26 10:45:00,2/26/2019 10:45,STTD,2019,W,TRUE,RAN,Overtopping,1,9.7,0.15,219,308,7.9,9.46,77.9,5,Regular,627000,645550,18550,18550,56.97793832,56.97793832,1,5 minute tow due to the high flow,NA,Terrestrial Non-Insects,157,Order,Araneae,Araneae,Larvae,0,0,0,NA,NA,NA,NA,NA,NA,NA,NA,NA,NA,NA   NA   NA   NA,NA   NA   NA   NA
STTD_2019-02-26 10:45:00,2/26/2019 10:45,STTD,2019,W,TRUE,RAN,Overtopping,1,9.7,0.15,219,308,7.9,9.46,77.9,5,Regular,627000,645550,18550,18550,56.97793832,56.97793832,1,5 minute tow due to the high flow,NA,Terrestrial Non-Insects,157,Order,Araneae,Araneae,Pupae,0,0,0,NA,NA,NA,NA,NA,NA,NA,NA,NA,NA,NA   NA   NA   NA,NA   NA   NA   NA
STTD_2019-02-26 10:45:00,2/26/2019 10:45,STTD,2019,W,TRUE,RAN,Overtopping,1,9.7,0.15,219,308,7.9,9.46,77.9,5,Regular,627000,645550,18550,18550,56.97793832,56.97793832,1,5 minute tow due to the high flow,NA,Terrestrial Non-Insects,157,Order,Araneae,Araneae,Nymphs,0,0,0,NA,NA,NA,NA,NA,NA,NA,NA,NA,NA,NA   NA   NA   NA,NA   NA   NA   NA
STTD_2019-02-26 10:45:00,2/26/2019 10:45,STTD,2019,W,TRUE,RAN,Overtopping,1,9.7,0.15,219,308,7.9,9.46,77.9,5,Regular,627000,645550,18550,18550,56.97793832,56.97793832,1,5 minute tow due to the high flow,NA,Terrestrial Non-Insects,157,Order,Araneae,Araneae,Emergents,0,0,0,NA,NA,NA,NA,NA,NA,NA,NA,NA,NA,NA   NA   NA   NA,NA   NA   NA   NA
STTD_2019-02-26 10:45:00,2/26/2019 10:45,STTD,2019,W,TRUE,RAN,Overtopping,1,9.7,0.15,219,308,7.9,9.46,77.9,5,Regular,627000,645550,18550,18550,56.97793832,56.97793832,1,5 minute tow due to the high flow,NA,Terrestrial Non-Insects,157,Order,Araneae,Araneae,Adults,0,0,0,NA,NA,NA,NA,NA,NA,NA,NA,NA,NA,NA   NA   NA   NA,NA   NA   NA   NA
STTD_2019-02-26 10:45:00,2/26/2019 10:45,STTD,2019,W,TRUE,RAN,Overtopping,1,9.7,0.15,219,308,7.9,9.46,77.9,5,Regular,627000,645550,18550,18550,56.97793832,56.97793832,1,5 minute tow due to the high flow,NA,Terrestrial Non-Insects,157,Order,Araneae,Araneae,NotDetermined,5,0.088,0.088,NA,NA,NA,NA,NA,NA,NA,NA,NA,NA,NA   NA   NA   NA,NA   NA   NA   NA
STTD_2019-02-26 10:45:00,2/26/2019 10:45,STTD,2019,W,TRUE,RAN,Overtopping,1,9.7,0.15,219,308,7.9,9.46,77.9,5,Regular,627000,645550,18550,18550,56.97793832,56.97793832,1,5 minute tow due to the high flow,NA,Terrestrial Insects,63,Order,Coleoptera,Coleoptera,Larvae,0,0,0,NA,NA,NA,NA,NA,NA,NA,NA,NA,NA,NA   NA   NA   NA,NA   NA   NA   NA
STTD_2019-02-26 10:45:00,2/26/2019 10:45,STTD,2019,W,TRUE,RAN,Overtopping,1,9.7,0.15,219,308,7.9,9.46,77.9,5,Regular,627000,645550,18550,18550,56.97793832,56.97793832,1,5 minute tow due to the high flow,NA,Terrestrial Insects,63,Order,Coleoptera,Coleoptera,Pupae,0,0,0,NA,NA,NA,NA,NA,NA,NA,NA,NA,NA,NA   NA   NA   NA,NA   NA   NA   NA
STTD_2019-02-26 10:45:00,2/26/2019 10:45,STTD,2019,W,TRUE,RAN,Overtopping,1,9.7,0.15,219,308,7.9,9.46,77.9,5,Regular,627000,645550,18550,18550,56.97793832,56.97793832,1,5 minute tow due to the high flow,NA,Terrestrial Insects,63,Order,Coleoptera,Coleoptera,Nymphs,0,0,0,NA,NA,NA,NA,NA,NA,NA,NA,NA,NA,NA   NA   NA   NA,NA   NA   NA   NA
STTD_2019-02-26 10:45:00,2/26/2019 10:45,STTD,2019,W,TRUE,RAN,Overtopping,1,9.7,0.15,219,308,7.9,9.46,77.9,5,Regular,627000,645550,18550,18550,56.97793832,56.97793832,1,5 minute tow due to the high flow,NA,Terrestrial Insects,63,Order,Coleoptera,Coleoptera,Emergents,0,0,0,NA,NA,NA,NA,NA,NA,NA,NA,NA,NA,NA   NA   NA   NA,NA   NA   NA   NA
STTD_2019-02-26 10:45:00,2/26/2019 10:45,STTD,2019,W,TRUE,RAN,Overtopping,1,9.7,0.15,219,308,7.9,9.46,77.9,5,Regular,627000,645550,18550,18550,56.97793832,56.97793832,1,5 minute tow due to the high flow,NA,Terrestrial Insects,63,Order,Coleoptera,Coleoptera,Adults,0,0,0,NA,NA,NA,NA,NA,NA,NA,NA,NA,NA,NA   NA   NA   NA,NA   NA   NA   NA
STTD_2019-02-26 10:45:00,2/26/2019 10:45,STTD,2019,W,TRUE,RAN,Overtopping,1,9.7,0.15,219,308,7.9,9.46,77.9,5,Regular,627000,645550,18550,18550,56.97793832,56.97793832,1,5 minute tow due to the high flow,NA,Terrestrial Insects,63,Order,Coleoptera,Coleoptera,NotDetermined,0,0,0,NA,NA,NA,NA,NA,NA,NA,NA,NA,NA,NA   NA   NA   NA,NA   NA   NA   NA
STTD_2019-02-26 10:45:00,2/26/2019 10:45,STTD,2019,W,TRUE,RAN,Overtopping,1,9.7,0.15,219,308,7.9,9.46,77.9,5,Regular,627000,645550,18550,18550,56.97793832,56.97793832,1,5 minute tow due to the high flow,NA,Aquatic Insects,55,Family,Staphylinidae,Staphylinidae,Larvae,0,0,0,NA,NA,NA,NA,NA,NA,NA,NA,NA,NA,NA   NA   NA   NA,NA   NA   NA   NA
STTD_2019-02-26 10:45:00,2/26/2019 10:45,STTD,2019,W,TRUE,RAN,Overtopping,1,9.7,0.15,219,308,7.9,9.46,77.9,5,Regular,627000,645550,18550,18550,56.97793832,56.97793832,1,5 minute tow due to the high flow,NA,Aquatic Insects,55,Family,Staphylinidae,Staphylinidae,Pupae,0,0,0,NA,NA,NA,NA,NA,NA,NA,NA,NA,NA,NA   NA   NA   NA,NA   NA   NA   NA
STTD_2019-02-26 10:45:00,2/26/2019 10:45,STTD,2019,W,TRUE,RAN,Overtopping,1,9.7,0.15,219,308,7.9,9.46,77.9,5,Regular,627000,645550,18550,18550,56.97793832,56.97793832,1,5 minute tow due to the high flow,NA,Aquatic Insects,55,Family,Staphylinidae,Staphylinidae,Nymphs,0,0,0,NA,NA,NA,NA,NA,NA,NA,NA,NA,NA,NA   NA   NA   NA,NA   NA   NA   NA
STTD_2019-02-26 10:45:00,2/26/2019 10:45,STTD,2019,W,TRUE,RAN,Overtopping,1,9.7,0.15,219,308,7.9,9.46,77.9,5,Regular,627000,645550,18550,18550,56.97793832,56.97793832,1,5 minute tow due to the high flow,NA,Aquatic Insects,55,Family,Staphylinidae,Staphylinidae,Emergents,0,0,0,NA,NA,NA,NA,NA,NA,NA,NA,NA,NA,NA   NA   NA   NA,NA   NA   NA   NA
STTD_2019-02-26 10:45:00,2/26/2019 10:45,STTD,2019,W,TRUE,RAN,Overtopping,1,9.7,0.15,219,308,7.9,9.46,77.9,5,Regular,627000,645550,18550,18550,56.97793832,56.97793832,1,5 minute tow due to the high flow,NA,Aquatic Insects,55,Family,Staphylinidae,Staphylinidae,Adults,9,0.158,0.158,NA,NA,NA,NA,NA,NA,NA,NA,NA,NA,NA   NA   NA   NA,NA   NA   NA   NA
STTD_2019-02-26 10:45:00,2/26/2019 10:45,STTD,2019,W,TRUE,RAN,Overtopping,1,9.7,0.15,219,308,7.9,9.46,77.9,5,Regular,627000,645550,18550,18550,56.97793832,56.97793832,1,5 minute tow due to the high flow,NA,Aquatic Insects,55,Family,Staphylinidae,Staphylinidae,NotDetermined,0,0,0,NA,NA,NA,NA,NA,NA,NA,NA,NA,NA,NA   NA   NA   NA,NA   NA   NA   NA
STTD_2019-02-26 10:45:00,2/26/2019 10:45,STTD,2019,W,TRUE,RAN,Overtopping,1,9.7,0.15,219,308,7.9,9.46,77.9,5,Regular,627000,645550,18550,18550,56.97793832,56.97793832,1,5 minute tow due to the high flow,NA,Aquatic Insects,101,Family,Carabidae,Carabidae,Larvae,0,0,0,NA,NA,NA,NA,NA,NA,NA,NA,NA,NA,NA   NA   NA   NA,NA   NA   NA   NA
STTD_2019-02-26 10:45:00,2/26/2019 10:45,STTD,2019,W,TRUE,RAN,Overtopping,1,9.7,0.15,219,308,7.9,9.46,77.9,5,Regular,627000,645550,18550,18550,56.97793832,56.97793832,1,5 minute tow due to the high flow,NA,Aquatic Insects,101,Family,Carabidae,Carabidae,Pupae,0,0,0,NA,NA,NA,NA,NA,NA,NA,NA,NA,NA,NA   NA   NA   NA,NA   NA   NA   NA
STTD_2019-02-26 10:45:00,2/26/2019 10:45,STTD,2019,W,TRUE,RAN,Overtopping,1,9.7,0.15,219,308,7.9,9.46,77.9,5,Regular,627000,645550,18550,18550,56.97793832,56.97793832,1,5 minute tow due to the high flow,NA,Aquatic Insects,101,Family,Carabidae,Carabidae,Nymphs,0,0,0,NA,NA,NA,NA,NA,NA,NA,NA,NA,NA,NA   NA   NA   NA,NA   NA   NA   NA
STTD_2019-02-26 10:45:00,2/26/2019 10:45,STTD,2019,W,TRUE,RAN,Overtopping,1,9.7,0.15,219,308,7.9,9.46,77.9,5,Regular,627000,645550,18550,18550,56.97793832,56.97793832,1,5 minute tow due to the high flow,NA,Aquatic Insects,101,Family,Carabidae,Carabidae,Emergents,0,0,0,NA,NA,NA,NA,NA,NA,NA,NA,NA,NA,NA   NA   NA   NA,NA   NA   NA   NA
STTD_2019-02-26 10:45:00,2/26/2019 10:45,STTD,2019,W,TRUE,RAN,Overtopping,1,9.7,0.15,219,308,7.9,9.46,77.9,5,Regular,627000,645550,18550,18550,56.97793832,56.97793832,1,5 minute tow due to the high flow,NA,Aquatic Insects,101,Family,Carabidae,Carabidae,Adults,3,0.053,0.053,NA,NA,NA,NA,NA,NA,NA,NA,NA,NA,NA   NA   NA   NA,NA   NA   NA   NA
STTD_2019-02-26 10:45:00,2/26/2019 10:45,STTD,2019,W,TRUE,RAN,Overtopping,1,9.7,0.15,219,308,7.9,9.46,77.9,5,Regular,627000,645550,18550,18550,56.97793832,56.97793832,1,5 minute tow due to the high flow,NA,Aquatic Insects,101,Family,Carabidae,Carabidae,NotDetermined,0,0,0,NA,NA,NA,NA,NA,NA,NA,NA,NA,NA,NA   NA   NA   NA,NA   NA   NA   NA
STTD_2019-02-26 10:45:00,2/26/2019 10:45,STTD,2019,W,TRUE,RAN,Overtopping,1,9.7,0.15,219,308,7.9,9.46,77.9,5,Regular,627000,645550,18550,18550,56.97793832,56.97793832,1,5 minute tow due to the high flow,NA,Terrestrial Insects,64,Order,Diptera,Diptera,Larvae,0,0,0,NA,NA,NA,NA,NA,NA,NA,NA,NA,NA,NA   NA   NA   NA,NA   NA   NA   NA
STTD_2019-02-26 10:45:00,2/26/2019 10:45,STTD,2019,W,TRUE,RAN,Overtopping,1,9.7,0.15,219,308,7.9,9.46,77.9,5,Regular,627000,645550,18550,18550,56.97793832,56.97793832,1,5 minute tow due to the high flow,NA,Terrestrial Insects,64,Order,Diptera,Diptera,Pupae,1,0.018,0.018,NA,NA,NA,NA,NA,NA,NA,NA,NA,NA,NA   NA   NA   NA,NA   NA   NA   NA
STTD_2019-02-26 10:45:00,2/26/2019 10:45,STTD,2019,W,TRUE,RAN,Overtopping,1,9.7,0.15,219,308,7.9,9.46,77.9,5,Regular,627000,645550,18550,18550,56.97793832,56.97793832,1,5 minute tow due to the high flow,NA,Terrestrial Insects,64,Order,Diptera,Diptera,Nymphs,0,0,0,NA,NA,NA,NA,NA,NA,NA,NA,NA,NA,NA   NA   NA   NA,NA   NA   NA   NA
STTD_2019-02-26 10:45:00,2/26/2019 10:45,STTD,2019,W,TRUE,RAN,Overtopping,1,9.7,0.15,219,308,7.9,9.46,77.9,5,Regular,627000,645550,18550,18550,56.97793832,56.97793832,1,5 minute tow due to the high flow,NA,Terrestrial Insects,64,Order,Diptera,Diptera,Emergents,0,0,0,NA,NA,NA,NA,NA,NA,NA,NA,NA,NA,NA   NA   NA   NA,NA   NA   NA   NA
STTD_2019-02-26 10:45:00,2/26/2019 10:45,STTD,2019,W,TRUE,RAN,Overtopping,1,9.7,0.15,219,308,7.9,9.46,77.9,5,Regular,627000,645550,18550,18550,56.97793832,56.97793832,1,5 minute tow due to the high flow,NA,Terrestrial Insects,64,Order,Diptera,Diptera,Adults,1,0.018,0.018,NA,NA,NA,NA,NA,NA,NA,NA,NA,NA,NA   NA   NA   NA,NA   NA   NA   NA
STTD_2019-02-26 10:45:00,2/26/2019 10:45,STTD,2019,W,TRUE,RAN,Overtopping,1,9.7,0.15,219,308,7.9,9.46,77.9,5,Regular,627000,645550,18550,18550,56.97793832,56.97793832,1,5 minute tow due to the high flow,NA,Terrestrial Insects,64,Order,Diptera,Diptera,NotDetermined,0,0,0,NA,NA,NA,NA,NA,NA,NA,NA,NA,NA,NA   NA   NA   NA,NA   NA   NA   NA
STTD_2019-02-26 10:45:00,2/26/2019 10:45,STTD,2019,W,TRUE,RAN,Overtopping,1,9.7,0.15,219,308,7.9,9.46,77.9,5,Regular,627000,645550,18550,18550,56.97793832,56.97793832,1,5 minute tow due to the high flow,NA,Terrestrial Insects,192,Family,Phoridae,Phoridae,Larvae,0,0,0,NA,NA,NA,NA,NA,NA,NA,NA,NA,NA,NA   NA   NA   NA,NA   NA   NA   NA
STTD_2019-02-26 10:45:00,2/26/2019 10:45,STTD,2019,W,TRUE,RAN,Overtopping,1,9.7,0.15,219,308,7.9,9.46,77.9,5,Regular,627000,645550,18550,18550,56.97793832,56.97793832,1,5 minute tow due to the high flow,NA,Terrestrial Insects,192,Family,Phoridae,Phoridae,Pupae,0,0,0,NA,NA,NA,NA,NA,NA,NA,NA,NA,NA,NA   NA   NA   NA,NA   NA   NA   NA
STTD_2019-02-26 10:45:00,2/26/2019 10:45,STTD,2019,W,TRUE,RAN,Overtopping,1,9.7,0.15,219,308,7.9,9.46,77.9,5,Regular,627000,645550,18550,18550,56.97793832,56.97793832,1,5 minute tow due to the high flow,NA,Terrestrial Insects,192,Family,Phoridae,Phoridae,Nymphs,0,0,0,NA,NA,NA,NA,NA,NA,NA,NA,NA,NA,NA   NA   NA   NA,NA   NA   NA   NA
STTD_2019-02-26 10:45:00,2/26/2019 10:45,STTD,2019,W,TRUE,RAN,Overtopping,1,9.7,0.15,219,308,7.9,9.46,77.9,5,Regular,627000,645550,18550,18550,56.97793832,56.97793832,1,5 minute tow due to the high flow,NA,Terrestrial Insects,192,Family,Phoridae,Phoridae,Emergents,0,0,0,NA,NA,NA,NA,NA,NA,NA,NA,NA,NA,NA   NA   NA   NA,NA   NA   NA   NA
STTD_2019-02-26 10:45:00,2/26/2019 10:45,STTD,2019,W,TRUE,RAN,Overtopping,1,9.7,0.15,219,308,7.9,9.46,77.9,5,Regular,627000,645550,18550,18550,56.97793832,56.97793832,1,5 minute tow due to the high flow,NA,Terrestrial Insects,192,Family,Phoridae,Phoridae,Adults,1,0.018,0.018,NA,NA,NA,NA,NA,NA,NA,NA,NA,NA,NA   NA   NA   NA,NA   NA   NA   NA
STTD_2019-02-26 10:45:00,2/26/2019 10:45,STTD,2019,W,TRUE,RAN,Overtopping,1,9.7,0.15,219,308,7.9,9.46,77.9,5,Regular,627000,645550,18550,18550,56.97793832,56.97793832,1,5 minute tow due to the high flow,NA,Terrestrial Insects,192,Family,Phoridae,Phoridae,NotDetermined,0,0,0,NA,NA,NA,NA,NA,NA,NA,NA,NA,NA,NA   NA   NA   NA,NA   NA   NA   NA
STTD_2019-02-26 10:45:00,2/26/2019 10:45,STTD,2019,W,TRUE,RAN,Overtopping,1,9.7,0.15,219,308,7.9,9.46,77.9,5,Regular,627000,645550,18550,18550,56.97793832,56.97793832,1,5 minute tow due to the high flow,NA,Terrestrial Insects,71,Order,Hemiptera,Hemiptera,Larvae,0,0,0,NA,NA,NA,NA,NA,NA,NA,NA,NA,NA,NA   NA   NA   NA,NA   NA   NA   NA
STTD_2019-02-26 10:45:00,2/26/2019 10:45,STTD,2019,W,TRUE,RAN,Overtopping,1,9.7,0.15,219,308,7.9,9.46,77.9,5,Regular,627000,645550,18550,18550,56.97793832,56.97793832,1,5 minute tow due to the high flow,NA,Terrestrial Insects,71,Order,Hemiptera,Hemiptera,Pupae,0,0,0,NA,NA,NA,NA,NA,NA,NA,NA,NA,NA,NA   NA   NA   NA,NA   NA   NA   NA
STTD_2019-02-26 10:45:00,2/26/2019 10:45,STTD,2019,W,TRUE,RAN,Overtopping,1,9.7,0.15,219,308,7.9,9.46,77.9,5,Regular,627000,645550,18550,18550,56.97793832,56.97793832,1,5 minute tow due to the high flow,NA,Terrestrial Insects,71,Order,Hemiptera,Hemiptera,Nymphs,0,0,0,NA,NA,NA,NA,NA,NA,NA,NA,NA,NA,NA   NA   NA   NA,NA   NA   NA   NA
STTD_2019-02-26 10:45:00,2/26/2019 10:45,STTD,2019,W,TRUE,RAN,Overtopping,1,9.7,0.15,219,308,7.9,9.46,77.9,5,Regular,627000,645550,18550,18550,56.97793832,56.97793832,1,5 minute tow due to the high flow,NA,Terrestrial Insects,71,Order,Hemiptera,Hemiptera,Emergents,0,0,0,NA,NA,NA,NA,NA,NA,NA,NA,NA,NA,NA   NA   NA   NA,NA   NA   NA   NA
STTD_2019-02-26 10:45:00,2/26/2019 10:45,STTD,2019,W,TRUE,RAN,Overtopping,1,9.7,0.15,219,308,7.9,9.46,77.9,5,Regular,627000,645550,18550,18550,56.97793832,56.97793832,1,5 minute tow due to the high flow,NA,Terrestrial Insects,71,Order,Hemiptera,Hemiptera,Adults,1,0.018,0.018,NA,NA,NA,NA,NA,NA,NA,NA,NA,NA,NA   NA   NA   NA,NA   NA   NA   NA
STTD_2019-02-26 10:45:00,2/26/2019 10:45,STTD,2019,W,TRUE,RAN,Overtopping,1,9.7,0.15,219,308,7.9,9.46,77.9,5,Regular,627000,645550,18550,18550,56.97793832,56.97793832,1,5 minute tow due to the high flow,NA,Terrestrial Insects,71,Order,Hemiptera,Hemiptera,NotDetermined,0,0,0,NA,NA,NA,NA,NA,NA,NA,NA,NA,NA,NA   NA   NA   NA,NA   NA   NA   NA
STTD_2019-02-26 10:45:00,2/26/2019 10:45,STTD,2019,W,TRUE,RAN,Overtopping,1,9.7,0.15,219,308,7.9,9.46,77.9,5,Regular,627000,645550,18550,18550,56.97793832,56.97793832,1,5 minute tow due to the high flow,NA,Terrestrial Insects,67,Order,Psocoptera,Psocoptera,Larvae,0,0,0,NA,NA,NA,NA,NA,NA,NA,NA,NA,NA,NA   NA   NA   NA,NA   NA   NA   NA
STTD_2019-02-26 10:45:00,2/26/2019 10:45,STTD,2019,W,TRUE,RAN,Overtopping,1,9.7,0.15,219,308,7.9,9.46,77.9,5,Regular,627000,645550,18550,18550,56.97793832,56.97793832,1,5 minute tow due to the high flow,NA,Terrestrial Insects,67,Order,Psocoptera,Psocoptera,Pupae,0,0,0,NA,NA,NA,NA,NA,NA,NA,NA,NA,NA,NA   NA   NA   NA,NA   NA   NA   NA
STTD_2019-02-26 10:45:00,2/26/2019 10:45,STTD,2019,W,TRUE,RAN,Overtopping,1,9.7,0.15,219,308,7.9,9.46,77.9,5,Regular,627000,645550,18550,18550,56.97793832,56.97793832,1,5 minute tow due to the high flow,NA,Terrestrial Insects,67,Order,Psocoptera,Psocoptera,Nymphs,0,0,0,NA,NA,NA,NA,NA,NA,NA,NA,NA,NA,NA   NA   NA   NA,NA   NA   NA   NA
STTD_2019-02-26 10:45:00,2/26/2019 10:45,STTD,2019,W,TRUE,RAN,Overtopping,1,9.7,0.15,219,308,7.9,9.46,77.9,5,Regular,627000,645550,18550,18550,56.97793832,56.97793832,1,5 minute tow due to the high flow,NA,Terrestrial Insects,67,Order,Psocoptera,Psocoptera,Emergents,0,0,0,NA,NA,NA,NA,NA,NA,NA,NA,NA,NA,NA   NA   NA   NA,NA   NA   NA   NA
STTD_2019-02-26 10:45:00,2/26/2019 10:45,STTD,2019,W,TRUE,RAN,Overtopping,1,9.7,0.15,219,308,7.9,9.46,77.9,5,Regular,627000,645550,18550,18550,56.97793832,56.97793832,1,5 minute tow due to the high flow,NA,Terrestrial Insects,67,Order,Psocoptera,Psocoptera,Adults,1,0.018,0.018,NA,NA,NA,NA,NA,NA,NA,NA,NA,NA,NA   NA   NA   NA,NA   NA   NA   NA
STTD_2019-02-26 10:45:00,2/26/2019 10:45,STTD,2019,W,TRUE,RAN,Overtopping,1,9.7,0.15,219,308,7.9,9.46,77.9,5,Regular,627000,645550,18550,18550,56.97793832,56.97793832,1,5 minute tow due to the high flow,NA,Terrestrial Insects,67,Order,Psocoptera,Psocoptera,NotDetermined,0,0,0,NA,NA,NA,NA,NA,NA,NA,NA,NA,NA,NA   NA   NA   NA,NA   NA   NA   NA
SHR_2019-02-27 08:40:00,2/27/2019 8:40,SHR,2019,W,TRUE,RAN,Ebb,1,8.8,0.2,170,101,7.87,11.56,57.2,5,Regular,645550,651728,6178,6178,18.97626431,18.97626431,1,NA,NA,Aquatic Insects,34,Family,Chironomidae,Chironomidae,Larvae,5,0.263,0.263,3,COND,NA,NA,NA,NA,NA,NA,NA,NA,NA   NA   NA   NA,NA   NA   NA   NA
SHR_2019-02-27 08:40:00,2/27/2019 8:40,SHR,2019,W,TRUE,RAN,Ebb,1,8.8,0.2,170,101,7.87,11.56,57.2,5,Regular,645550,651728,6178,6178,18.97626431,18.97626431,1,NA,NA,Aquatic Insects,34,Family,Chironomidae,Chironomidae,Pupae,2,0.105,0.105,3,COND,NA,NA,NA,NA,NA,NA,NA,NA,NA   NA   NA   NA,NA   NA   NA   NA
SHR_2019-02-27 08:40:00,2/27/2019 8:40,SHR,2019,W,TRUE,RAN,Ebb,1,8.8,0.2,170,101,7.87,11.56,57.2,5,Regular,645550,651728,6178,6178,18.97626431,18.97626431,1,NA,NA,Aquatic Insects,34,Family,Chironomidae,Chironomidae,Nymphs,0,0,0,3,COND,NA,NA,NA,NA,NA,NA,NA,NA,NA   NA   NA   NA,NA   NA   NA   NA
SHR_2019-02-27 08:40:00,2/27/2019 8:40,SHR,2019,W,TRUE,RAN,Ebb,1,8.8,0.2,170,101,7.87,11.56,57.2,5,Regular,645550,651728,6178,6178,18.97626431,18.97626431,1,NA,NA,Aquatic Insects,34,Family,Chironomidae,Chironomidae,Emergents,0,0,0,3,COND,NA,NA,NA,NA,NA,NA,NA,NA,NA   NA   NA   NA,NA   NA   NA   NA
SHR_2019-02-27 08:40:00,2/27/2019 8:40,SHR,2019,W,TRUE,RAN,Ebb,1,8.8,0.2,170,101,7.87,11.56,57.2,5,Regular,645550,651728,6178,6178,18.97626431,18.97626431,1,NA,NA,Aquatic Insects,34,Family,Chironomidae,Chironomidae,Adults,1,0.053,0.053,3,COND,NA,NA,NA,NA,NA,NA,NA,NA,NA   NA   NA   NA,NA   NA   NA   NA
SHR_2019-02-27 08:40:00,2/27/2019 8:40,SHR,2019,W,TRUE,RAN,Ebb,1,8.8,0.2,170,101,7.87,11.56,57.2,5,Regular,645550,651728,6178,6178,18.97626431,18.97626431,1,NA,NA,Aquatic Insects,34,Family,Chironomidae,Chironomidae,NotDetermined,0,0,0,3,COND,NA,NA,NA,NA,NA,NA,NA,NA,NA   NA   NA   NA,NA   NA   NA   NA
SHR_2019-02-27 08:40:00,2/27/2019 8:40,SHR,2019,W,TRUE,RAN,Ebb,1,8.8,0.2,170,101,7.87,11.56,57.2,5,Regular,645550,651728,6178,6178,18.97626431,18.97626431,1,NA,NA,Aquatic Insects,107,Family,Leptohyphidae,Leptohyphidae,Larvae,6,0.316,0.316,3,COND,NA,NA,NA,NA,NA,NA,NA,NA,NA   NA   NA   NA,NA   NA   NA   NA
SHR_2019-02-27 08:40:00,2/27/2019 8:40,SHR,2019,W,TRUE,RAN,Ebb,1,8.8,0.2,170,101,7.87,11.56,57.2,5,Regular,645550,651728,6178,6178,18.97626431,18.97626431,1,NA,NA,Aquatic Insects,107,Family,Leptohyphidae,Leptohyphidae,Pupae,0,0,0,3,COND,NA,NA,NA,NA,NA,NA,NA,NA,NA   NA   NA   NA,NA   NA   NA   NA
SHR_2019-02-27 08:40:00,2/27/2019 8:40,SHR,2019,W,TRUE,RAN,Ebb,1,8.8,0.2,170,101,7.87,11.56,57.2,5,Regular,645550,651728,6178,6178,18.97626431,18.97626431,1,NA,NA,Aquatic Insects,107,Family,Leptohyphidae,Leptohyphidae,Nymphs,0,0,0,3,COND,NA,NA,NA,NA,NA,NA,NA,NA,NA   NA   NA   NA,NA   NA   NA   NA
SHR_2019-02-27 08:40:00,2/27/2019 8:40,SHR,2019,W,TRUE,RAN,Ebb,1,8.8,0.2,170,101,7.87,11.56,57.2,5,Regular,645550,651728,6178,6178,18.97626431,18.97626431,1,NA,NA,Aquatic Insects,107,Family,Leptohyphidae,Leptohyphidae,Emergents,0,0,0,3,COND,NA,NA,NA,NA,NA,NA,NA,NA,NA   NA   NA   NA,NA   NA   NA   NA
SHR_2019-02-27 08:40:00,2/27/2019 8:40,SHR,2019,W,TRUE,RAN,Ebb,1,8.8,0.2,170,101,7.87,11.56,57.2,5,Regular,645550,651728,6178,6178,18.97626431,18.97626431,1,NA,NA,Aquatic Insects,107,Family,Leptohyphidae,Leptohyphidae,Adults,0,0,0,3,COND,NA,NA,NA,NA,NA,NA,NA,NA,NA   NA   NA   NA,NA   NA   NA   NA
SHR_2019-02-27 08:40:00,2/27/2019 8:40,SHR,2019,W,TRUE,RAN,Ebb,1,8.8,0.2,170,101,7.87,11.56,57.2,5,Regular,645550,651728,6178,6178,18.97626431,18.97626431,1,NA,NA,Aquatic Insects,107,Family,Leptohyphidae,Leptohyphidae,NotDetermined,0,0,0,3,COND,NA,NA,NA,NA,NA,NA,NA,NA,NA   NA   NA   NA,NA   NA   NA   NA
SHR_2019-02-27 08:40:00,2/27/2019 8:40,SHR,2019,W,TRUE,RAN,Ebb,1,8.8,0.2,170,101,7.87,11.56,57.2,5,Regular,645550,651728,6178,6178,18.97626431,18.97626431,1,NA,NA,Aquatic Insects,48,Family,Hydropsychidae,Hydropsychidae,Larvae,1,0.053,0.053,3,COND,NA,NA,NA,NA,NA,NA,NA,NA,NA   NA   NA   NA,NA   NA   NA   NA
SHR_2019-02-27 08:40:00,2/27/2019 8:40,SHR,2019,W,TRUE,RAN,Ebb,1,8.8,0.2,170,101,7.87,11.56,57.2,5,Regular,645550,651728,6178,6178,18.97626431,18.97626431,1,NA,NA,Aquatic Insects,48,Family,Hydropsychidae,Hydropsychidae,Pupae,0,0,0,3,COND,NA,NA,NA,NA,NA,NA,NA,NA,NA   NA   NA   NA,NA   NA   NA   NA
SHR_2019-02-27 08:40:00,2/27/2019 8:40,SHR,2019,W,TRUE,RAN,Ebb,1,8.8,0.2,170,101,7.87,11.56,57.2,5,Regular,645550,651728,6178,6178,18.97626431,18.97626431,1,NA,NA,Aquatic Insects,48,Family,Hydropsychidae,Hydropsychidae,Nymphs,0,0,0,3,COND,NA,NA,NA,NA,NA,NA,NA,NA,NA   NA   NA   NA,NA   NA   NA   NA
SHR_2019-02-27 08:40:00,2/27/2019 8:40,SHR,2019,W,TRUE,RAN,Ebb,1,8.8,0.2,170,101,7.87,11.56,57.2,5,Regular,645550,651728,6178,6178,18.97626431,18.97626431,1,NA,NA,Aquatic Insects,48,Family,Hydropsychidae,Hydropsychidae,Emergents,0,0,0,3,COND,NA,NA,NA,NA,NA,NA,NA,NA,NA   NA   NA   NA,NA   NA   NA   NA
SHR_2019-02-27 08:40:00,2/27/2019 8:40,SHR,2019,W,TRUE,RAN,Ebb,1,8.8,0.2,170,101,7.87,11.56,57.2,5,Regular,645550,651728,6178,6178,18.97626431,18.97626431,1,NA,NA,Aquatic Insects,48,Family,Hydropsychidae,Hydropsychidae,Adults,0,0,0,3,COND,NA,NA,NA,NA,NA,NA,NA,NA,NA   NA   NA   NA,NA   NA   NA   NA
SHR_2019-02-27 08:40:00,2/27/2019 8:40,SHR,2019,W,TRUE,RAN,Ebb,1,8.8,0.2,170,101,7.87,11.56,57.2,5,Regular,645550,651728,6178,6178,18.97626431,18.97626431,1,NA,NA,Aquatic Insects,48,Family,Hydropsychidae,Hydropsychidae,NotDetermined,0,0,0,3,COND,NA,NA,NA,NA,NA,NA,NA,NA,NA   NA   NA   NA,NA   NA   NA   NA
SHR_2019-02-27 08:40:00,2/27/2019 8:40,SHR,2019,W,TRUE,RAN,Ebb,1,8.8,0.2,170,101,7.87,11.56,57.2,5,Regular,645550,651728,6178,6178,18.97626431,18.97626431,1,NA,NA,Aquatic Non-Insects,4,Family,Naididae,Naididae,Larvae,0,0,0,3,COND,NA,NA,NA,NA,NA,NA,NA,NA,NA   NA   NA   NA,NA   NA   NA   NA
SHR_2019-02-27 08:40:00,2/27/2019 8:40,SHR,2019,W,TRUE,RAN,Ebb,1,8.8,0.2,170,101,7.87,11.56,57.2,5,Regular,645550,651728,6178,6178,18.97626431,18.97626431,1,NA,NA,Aquatic Non-Insects,4,Family,Naididae,Naididae,Pupae,0,0,0,3,COND,NA,NA,NA,NA,NA,NA,NA,NA,NA   NA   NA   NA,NA   NA   NA   NA
SHR_2019-02-27 08:40:00,2/27/2019 8:40,SHR,2019,W,TRUE,RAN,Ebb,1,8.8,0.2,170,101,7.87,11.56,57.2,5,Regular,645550,651728,6178,6178,18.97626431,18.97626431,1,NA,NA,Aquatic Non-Insects,4,Family,Naididae,Naididae,Nymphs,0,0,0,3,COND,NA,NA,NA,NA,NA,NA,NA,NA,NA   NA   NA   NA,NA   NA   NA   NA
SHR_2019-02-27 08:40:00,2/27/2019 8:40,SHR,2019,W,TRUE,RAN,Ebb,1,8.8,0.2,170,101,7.87,11.56,57.2,5,Regular,645550,651728,6178,6178,18.97626431,18.97626431,1,NA,NA,Aquatic Non-Insects,4,Family,Naididae,Naididae,Emergents,0,0,0,3,COND,NA,NA,NA,NA,NA,NA,NA,NA,NA   NA   NA   NA,NA   NA   NA   NA
SHR_2019-02-27 08:40:00,2/27/2019 8:40,SHR,2019,W,TRUE,RAN,Ebb,1,8.8,0.2,170,101,7.87,11.56,57.2,5,Regular,645550,651728,6178,6178,18.97626431,18.97626431,1,NA,NA,Aquatic Non-Insects,4,Family,Naididae,Naididae,Adults,0,0,0,3,COND,NA,NA,NA,NA,NA,NA,NA,NA,NA   NA   NA   NA,NA   NA   NA   NA
SHR_2019-02-27 08:40:00,2/27/2019 8:40,SHR,2019,W,TRUE,RAN,Ebb,1,8.8,0.2,170,101,7.87,11.56,57.2,5,Regular,645550,651728,6178,6178,18.97626431,18.97626431,1,NA,NA,Aquatic Non-Insects,4,Family,Naididae,Naididae,NotDetermined,8,0.422,0.422,3,COND,NA,NA,NA,NA,NA,NA,NA,NA,NA   NA   NA   NA,NA   NA   NA   NA
SHR_2019-02-27 08:40:00,2/27/2019 8:40,SHR,2019,W,TRUE,RAN,Ebb,1,8.8,0.2,170,101,7.87,11.56,57.2,5,Regular,645550,651728,6178,6178,18.97626431,18.97626431,1,NA,NA,Aquatic Non-Insects,2,Family,Enchytraeidae,Enchytraeidae,Larvae,0,0,0,3,COND,NA,NA,NA,NA,NA,NA,NA,NA,NA   NA   NA   NA,NA   NA   NA   NA
SHR_2019-02-27 08:40:00,2/27/2019 8:40,SHR,2019,W,TRUE,RAN,Ebb,1,8.8,0.2,170,101,7.87,11.56,57.2,5,Regular,645550,651728,6178,6178,18.97626431,18.97626431,1,NA,NA,Aquatic Non-Insects,2,Family,Enchytraeidae,Enchytraeidae,Pupae,0,0,0,3,COND,NA,NA,NA,NA,NA,NA,NA,NA,NA   NA   NA   NA,NA   NA   NA   NA
SHR_2019-02-27 08:40:00,2/27/2019 8:40,SHR,2019,W,TRUE,RAN,Ebb,1,8.8,0.2,170,101,7.87,11.56,57.2,5,Regular,645550,651728,6178,6178,18.97626431,18.97626431,1,NA,NA,Aquatic Non-Insects,2,Family,Enchytraeidae,Enchytraeidae,Nymphs,0,0,0,3,COND,NA,NA,NA,NA,NA,NA,NA,NA,NA   NA   NA   NA,NA   NA   NA   NA
SHR_2019-02-27 08:40:00,2/27/2019 8:40,SHR,2019,W,TRUE,RAN,Ebb,1,8.8,0.2,170,101,7.87,11.56,57.2,5,Regular,645550,651728,6178,6178,18.97626431,18.97626431,1,NA,NA,Aquatic Non-Insects,2,Family,Enchytraeidae,Enchytraeidae,Emergents,0,0,0,3,COND,NA,NA,NA,NA,NA,NA,NA,NA,NA   NA   NA   NA,NA   NA   NA   NA
SHR_2019-02-27 08:40:00,2/27/2019 8:40,SHR,2019,W,TRUE,RAN,Ebb,1,8.8,0.2,170,101,7.87,11.56,57.2,5,Regular,645550,651728,6178,6178,18.97626431,18.97626431,1,NA,NA,Aquatic Non-Insects,2,Family,Enchytraeidae,Enchytraeidae,Adults,0,0,0,3,COND,NA,NA,NA,NA,NA,NA,NA,NA,NA   NA   NA   NA,NA   NA   NA   NA
SHR_2019-02-27 08:40:00,2/27/2019 8:40,SHR,2019,W,TRUE,RAN,Ebb,1,8.8,0.2,170,101,7.87,11.56,57.2,5,Regular,645550,651728,6178,6178,18.97626431,18.97626431,1,NA,NA,Aquatic Non-Insects,2,Family,Enchytraeidae,Enchytraeidae,NotDetermined,3,0.158,0.158,3,COND,NA,NA,NA,NA,NA,NA,NA,NA,NA   NA   NA   NA,NA   NA   NA   NA
SHR_2019-02-27 08:40:00,2/27/2019 8:40,SHR,2019,W,TRUE,RAN,Ebb,1,8.8,0.2,170,101,7.87,11.56,57.2,5,Regular,645550,651728,6178,6178,18.97626431,18.97626431,1,NA,NA,Aquatic Non-Insects,10,Family,Crangonyctidae,Crangonyctidae,Larvae,0,0,0,3,COND,NA,NA,NA,NA,NA,NA,NA,NA,NA   NA   NA   NA,NA   NA   NA   NA
SHR_2019-02-27 08:40:00,2/27/2019 8:40,SHR,2019,W,TRUE,RAN,Ebb,1,8.8,0.2,170,101,7.87,11.56,57.2,5,Regular,645550,651728,6178,6178,18.97626431,18.97626431,1,NA,NA,Aquatic Non-Insects,10,Family,Crangonyctidae,Crangonyctidae,Pupae,0,0,0,3,COND,NA,NA,NA,NA,NA,NA,NA,NA,NA   NA   NA   NA,NA   NA   NA   NA
SHR_2019-02-27 08:40:00,2/27/2019 8:40,SHR,2019,W,TRUE,RAN,Ebb,1,8.8,0.2,170,101,7.87,11.56,57.2,5,Regular,645550,651728,6178,6178,18.97626431,18.97626431,1,NA,NA,Aquatic Non-Insects,10,Family,Crangonyctidae,Crangonyctidae,Nymphs,0,0,0,3,COND,NA,NA,NA,NA,NA,NA,NA,NA,NA   NA   NA   NA,NA   NA   NA   NA
SHR_2019-02-27 08:40:00,2/27/2019 8:40,SHR,2019,W,TRUE,RAN,Ebb,1,8.8,0.2,170,101,7.87,11.56,57.2,5,Regular,645550,651728,6178,6178,18.97626431,18.97626431,1,NA,NA,Aquatic Non-Insects,10,Family,Crangonyctidae,Crangonyctidae,Emergents,0,0,0,3,COND,NA,NA,NA,NA,NA,NA,NA,NA,NA   NA   NA   NA,NA   NA   NA   NA
SHR_2019-02-27 08:40:00,2/27/2019 8:40,SHR,2019,W,TRUE,RAN,Ebb,1,8.8,0.2,170,101,7.87,11.56,57.2,5,Regular,645550,651728,6178,6178,18.97626431,18.97626431,1,NA,NA,Aquatic Non-Insects,10,Family,Crangonyctidae,Crangonyctidae,Adults,0,0,0,3,COND,NA,NA,NA,NA,NA,NA,NA,NA,NA   NA   NA   NA,NA   NA   NA   NA
SHR_2019-02-27 08:40:00,2/27/2019 8:40,SHR,2019,W,TRUE,RAN,Ebb,1,8.8,0.2,170,101,7.87,11.56,57.2,5,Regular,645550,651728,6178,6178,18.97626431,18.97626431,1,NA,NA,Aquatic Non-Insects,10,Family,Crangonyctidae,Crangonyctidae,NotDetermined,1,0.053,0.053,3,COND,NA,NA,NA,NA,NA,NA,NA,NA,NA   NA   NA   NA,NA   NA   NA   NA
SHR_2019-02-27 08:40:00,2/27/2019 8:40,SHR,2019,W,TRUE,RAN,Ebb,1,8.8,0.2,170,101,7.87,11.56,57.2,5,Regular,645550,651728,6178,6178,18.97626431,18.97626431,1,NA,NA,Aquatic Non-Insects,15,Family,Hyalellidae,Hyalellidae,Larvae,0,0,0,3,COND,NA,NA,NA,NA,NA,NA,NA,NA,NA   NA   NA   NA,NA   NA   NA   NA
SHR_2019-02-27 08:40:00,2/27/2019 8:40,SHR,2019,W,TRUE,RAN,Ebb,1,8.8,0.2,170,101,7.87,11.56,57.2,5,Regular,645550,651728,6178,6178,18.97626431,18.97626431,1,NA,NA,Aquatic Non-Insects,15,Family,Hyalellidae,Hyalellidae,Pupae,0,0,0,3,COND,NA,NA,NA,NA,NA,NA,NA,NA,NA   NA   NA   NA,NA   NA   NA   NA
SHR_2019-02-27 08:40:00,2/27/2019 8:40,SHR,2019,W,TRUE,RAN,Ebb,1,8.8,0.2,170,101,7.87,11.56,57.2,5,Regular,645550,651728,6178,6178,18.97626431,18.97626431,1,NA,NA,Aquatic Non-Insects,15,Family,Hyalellidae,Hyalellidae,Nymphs,0,0,0,3,COND,NA,NA,NA,NA,NA,NA,NA,NA,NA   NA   NA   NA,NA   NA   NA   NA
SHR_2019-02-27 08:40:00,2/27/2019 8:40,SHR,2019,W,TRUE,RAN,Ebb,1,8.8,0.2,170,101,7.87,11.56,57.2,5,Regular,645550,651728,6178,6178,18.97626431,18.97626431,1,NA,NA,Aquatic Non-Insects,15,Family,Hyalellidae,Hyalellidae,Emergents,0,0,0,3,COND,NA,NA,NA,NA,NA,NA,NA,NA,NA   NA   NA   NA,NA   NA   NA   NA
SHR_2019-02-27 08:40:00,2/27/2019 8:40,SHR,2019,W,TRUE,RAN,Ebb,1,8.8,0.2,170,101,7.87,11.56,57.2,5,Regular,645550,651728,6178,6178,18.97626431,18.97626431,1,NA,NA,Aquatic Non-Insects,15,Family,Hyalellidae,Hyalellidae,Adults,0,0,0,3,COND,NA,NA,NA,NA,NA,NA,NA,NA,NA   NA   NA   NA,NA   NA   NA   NA
SHR_2019-02-27 08:40:00,2/27/2019 8:40,SHR,2019,W,TRUE,RAN,Ebb,1,8.8,0.2,170,101,7.87,11.56,57.2,5,Regular,645550,651728,6178,6178,18.97626431,18.97626431,1,NA,NA,Aquatic Non-Insects,15,Family,Hyalellidae,Hyalellidae,NotDetermined,1,0.053,0.053,3,COND,NA,NA,NA,NA,NA,NA,NA,NA,NA   NA   NA   NA,NA   NA   NA   NA
SHR_2019-02-27 08:40:00,2/27/2019 8:40,SHR,2019,W,TRUE,RAN,Ebb,1,8.8,0.2,170,101,7.87,11.56,57.2,5,Regular,645550,651728,6178,6178,18.97626431,18.97626431,1,NA,NA,Aquatic Non-Insects,118,Class,Ostracoda,Ostracod,Larvae,0,0,0,3,COND,NA,NA,NA,NA,NA,NA,NA,NA,NA   NA   NA   NA,NA   NA   NA   NA
SHR_2019-02-27 08:40:00,2/27/2019 8:40,SHR,2019,W,TRUE,RAN,Ebb,1,8.8,0.2,170,101,7.87,11.56,57.2,5,Regular,645550,651728,6178,6178,18.97626431,18.97626431,1,NA,NA,Aquatic Non-Insects,118,Class,Ostracoda,Ostracod,Pupae,0,0,0,3,COND,NA,NA,NA,NA,NA,NA,NA,NA,NA   NA   NA   NA,NA   NA   NA   NA
SHR_2019-02-27 08:40:00,2/27/2019 8:40,SHR,2019,W,TRUE,RAN,Ebb,1,8.8,0.2,170,101,7.87,11.56,57.2,5,Regular,645550,651728,6178,6178,18.97626431,18.97626431,1,NA,NA,Aquatic Non-Insects,118,Class,Ostracoda,Ostracod,Nymphs,0,0,0,3,COND,NA,NA,NA,NA,NA,NA,NA,NA,NA   NA   NA   NA,NA   NA   NA   NA
SHR_2019-02-27 08:40:00,2/27/2019 8:40,SHR,2019,W,TRUE,RAN,Ebb,1,8.8,0.2,170,101,7.87,11.56,57.2,5,Regular,645550,651728,6178,6178,18.97626431,18.97626431,1,NA,NA,Aquatic Non-Insects,118,Class,Ostracoda,Ostracod,Emergents,0,0,0,3,COND,NA,NA,NA,NA,NA,NA,NA,NA,NA   NA   NA   NA,NA   NA   NA   NA
SHR_2019-02-27 08:40:00,2/27/2019 8:40,SHR,2019,W,TRUE,RAN,Ebb,1,8.8,0.2,170,101,7.87,11.56,57.2,5,Regular,645550,651728,6178,6178,18.97626431,18.97626431,1,NA,NA,Aquatic Non-Insects,118,Class,Ostracoda,Ostracod,Adults,0,0,0,3,COND,NA,NA,NA,NA,NA,NA,NA,NA,NA   NA   NA   NA,NA   NA   NA   NA
SHR_2019-02-27 08:40:00,2/27/2019 8:40,SHR,2019,W,TRUE,RAN,Ebb,1,8.8,0.2,170,101,7.87,11.56,57.2,5,Regular,645550,651728,6178,6178,18.97626431,18.97626431,1,NA,NA,Aquatic Non-Insects,118,Class,Ostracoda,Ostracod,NotDetermined,1,0.053,0.053,3,COND,NA,NA,NA,NA,NA,NA,NA,NA,NA   NA   NA   NA,NA   NA   NA   NA
SHR_2019-02-27 08:40:00,2/27/2019 8:40,SHR,2019,W,TRUE,RAN,Ebb,1,8.8,0.2,170,101,7.87,11.56,57.2,5,Regular,645550,651728,6178,6178,18.97626431,18.97626431,1,NA,NA,Aquatic Non-Insects,18,Family,Hydridae,Hydridae,Larvae,0,0,0,3,COND,NA,NA,NA,NA,NA,NA,NA,NA,NA   NA   NA   NA,NA   NA   NA   NA
SHR_2019-02-27 08:40:00,2/27/2019 8:40,SHR,2019,W,TRUE,RAN,Ebb,1,8.8,0.2,170,101,7.87,11.56,57.2,5,Regular,645550,651728,6178,6178,18.97626431,18.97626431,1,NA,NA,Aquatic Non-Insects,18,Family,Hydridae,Hydridae,Pupae,0,0,0,3,COND,NA,NA,NA,NA,NA,NA,NA,NA,NA   NA   NA   NA,NA   NA   NA   NA
SHR_2019-02-27 08:40:00,2/27/2019 8:40,SHR,2019,W,TRUE,RAN,Ebb,1,8.8,0.2,170,101,7.87,11.56,57.2,5,Regular,645550,651728,6178,6178,18.97626431,18.97626431,1,NA,NA,Aquatic Non-Insects,18,Family,Hydridae,Hydridae,Nymphs,0,0,0,3,COND,NA,NA,NA,NA,NA,NA,NA,NA,NA   NA   NA   NA,NA   NA   NA   NA
SHR_2019-02-27 08:40:00,2/27/2019 8:40,SHR,2019,W,TRUE,RAN,Ebb,1,8.8,0.2,170,101,7.87,11.56,57.2,5,Regular,645550,651728,6178,6178,18.97626431,18.97626431,1,NA,NA,Aquatic Non-Insects,18,Family,Hydridae,Hydridae,Emergents,0,0,0,3,COND,NA,NA,NA,NA,NA,NA,NA,NA,NA   NA   NA   NA,NA   NA   NA   NA
SHR_2019-02-27 08:40:00,2/27/2019 8:40,SHR,2019,W,TRUE,RAN,Ebb,1,8.8,0.2,170,101,7.87,11.56,57.2,5,Regular,645550,651728,6178,6178,18.97626431,18.97626431,1,NA,NA,Aquatic Non-Insects,18,Family,Hydridae,Hydridae,Adults,0,0,0,3,COND,NA,NA,NA,NA,NA,NA,NA,NA,NA   NA   NA   NA,NA   NA   NA   NA
SHR_2019-02-27 08:40:00,2/27/2019 8:40,SHR,2019,W,TRUE,RAN,Ebb,1,8.8,0.2,170,101,7.87,11.56,57.2,5,Regular,645550,651728,6178,6178,18.97626431,18.97626431,1,NA,NA,Aquatic Non-Insects,18,Family,Hydridae,Hydridae,NotDetermined,2,0.105,0.105,3,COND,NA,NA,NA,NA,NA,NA,NA,NA,NA   NA   NA   NA,NA   NA   NA   NA
SHR_2019-02-27 08:40:00,2/27/2019 8:40,SHR,2019,W,TRUE,RAN,Ebb,1,8.8,0.2,170,101,7.87,11.56,57.2,5,Regular,645550,651728,6178,6178,18.97626431,18.97626431,1,NA,NA,Aquatic Non-Insects,130,Phylum,Nematoda,Nematoda,Larvae,0,0,0,3,COND,NA,NA,NA,NA,NA,NA,NA,NA,NA   NA   NA   NA,NA   NA   NA   NA
SHR_2019-02-27 08:40:00,2/27/2019 8:40,SHR,2019,W,TRUE,RAN,Ebb,1,8.8,0.2,170,101,7.87,11.56,57.2,5,Regular,645550,651728,6178,6178,18.97626431,18.97626431,1,NA,NA,Aquatic Non-Insects,130,Phylum,Nematoda,Nematoda,Pupae,0,0,0,3,COND,NA,NA,NA,NA,NA,NA,NA,NA,NA   NA   NA   NA,NA   NA   NA   NA
SHR_2019-02-27 08:40:00,2/27/2019 8:40,SHR,2019,W,TRUE,RAN,Ebb,1,8.8,0.2,170,101,7.87,11.56,57.2,5,Regular,645550,651728,6178,6178,18.97626431,18.97626431,1,NA,NA,Aquatic Non-Insects,130,Phylum,Nematoda,Nematoda,Nymphs,0,0,0,3,COND,NA,NA,NA,NA,NA,NA,NA,NA,NA   NA   NA   NA,NA   NA   NA   NA
SHR_2019-02-27 08:40:00,2/27/2019 8:40,SHR,2019,W,TRUE,RAN,Ebb,1,8.8,0.2,170,101,7.87,11.56,57.2,5,Regular,645550,651728,6178,6178,18.97626431,18.97626431,1,NA,NA,Aquatic Non-Insects,130,Phylum,Nematoda,Nematoda,Emergents,0,0,0,3,COND,NA,NA,NA,NA,NA,NA,NA,NA,NA   NA   NA   NA,NA   NA   NA   NA
SHR_2019-02-27 08:40:00,2/27/2019 8:40,SHR,2019,W,TRUE,RAN,Ebb,1,8.8,0.2,170,101,7.87,11.56,57.2,5,Regular,645550,651728,6178,6178,18.97626431,18.97626431,1,NA,NA,Aquatic Non-Insects,130,Phylum,Nematoda,Nematoda,Adults,0,0,0,3,COND,NA,NA,NA,NA,NA,NA,NA,NA,NA   NA   NA   NA,NA   NA   NA   NA
SHR_2019-02-27 08:40:00,2/27/2019 8:40,SHR,2019,W,TRUE,RAN,Ebb,1,8.8,0.2,170,101,7.87,11.56,57.2,5,Regular,645550,651728,6178,6178,18.97626431,18.97626431,1,NA,NA,Aquatic Non-Insects,130,Phylum,Nematoda,Nematoda,NotDetermined,1,0.053,0.053,3,COND,NA,NA,NA,NA,NA,NA,NA,NA,NA   NA   NA   NA,NA   NA   NA   NA
SHR_2019-02-27 08:40:00,2/27/2019 8:40,SHR,2019,W,TRUE,RAN,Ebb,1,8.8,0.2,170,101,7.87,11.56,57.2,5,Regular,645550,651728,6178,6178,18.97626431,18.97626431,1,NA,NA,Terrestrial Non-Insects,68,Order,Collembola,Collembola,Larvae,0,0,0,3,COND,NA,NA,NA,NA,NA,NA,NA,NA,NA   NA   NA   NA,NA   NA   NA   NA
SHR_2019-02-27 08:40:00,2/27/2019 8:40,SHR,2019,W,TRUE,RAN,Ebb,1,8.8,0.2,170,101,7.87,11.56,57.2,5,Regular,645550,651728,6178,6178,18.97626431,18.97626431,1,NA,NA,Terrestrial Non-Insects,68,Order,Collembola,Collembola,Pupae,0,0,0,3,COND,NA,NA,NA,NA,NA,NA,NA,NA,NA   NA   NA   NA,NA   NA   NA   NA
SHR_2019-02-27 08:40:00,2/27/2019 8:40,SHR,2019,W,TRUE,RAN,Ebb,1,8.8,0.2,170,101,7.87,11.56,57.2,5,Regular,645550,651728,6178,6178,18.97626431,18.97626431,1,NA,NA,Terrestrial Non-Insects,68,Order,Collembola,Collembola,Nymphs,0,0,0,3,COND,NA,NA,NA,NA,NA,NA,NA,NA,NA   NA   NA   NA,NA   NA   NA   NA
SHR_2019-02-27 08:40:00,2/27/2019 8:40,SHR,2019,W,TRUE,RAN,Ebb,1,8.8,0.2,170,101,7.87,11.56,57.2,5,Regular,645550,651728,6178,6178,18.97626431,18.97626431,1,NA,NA,Terrestrial Non-Insects,68,Order,Collembola,Collembola,Emergents,0,0,0,3,COND,NA,NA,NA,NA,NA,NA,NA,NA,NA   NA   NA   NA,NA   NA   NA   NA
SHR_2019-02-27 08:40:00,2/27/2019 8:40,SHR,2019,W,TRUE,RAN,Ebb,1,8.8,0.2,170,101,7.87,11.56,57.2,5,Regular,645550,651728,6178,6178,18.97626431,18.97626431,1,NA,NA,Terrestrial Non-Insects,68,Order,Collembola,Collembola,Adults,2,0.105,0.105,3,COND,NA,NA,NA,NA,NA,NA,NA,NA,NA   NA   NA   NA,NA   NA   NA   NA
SHR_2019-02-27 08:40:00,2/27/2019 8:40,SHR,2019,W,TRUE,RAN,Ebb,1,8.8,0.2,170,101,7.87,11.56,57.2,5,Regular,645550,651728,6178,6178,18.97626431,18.97626431,1,NA,NA,Terrestrial Non-Insects,68,Order,Collembola,Collembola,NotDetermined,0,0,0,3,COND,NA,NA,NA,NA,NA,NA,NA,NA,NA   NA   NA   NA,NA   NA   NA   NA
SHR_2019-02-27 08:40:00,2/27/2019 8:40,SHR,2019,W,TRUE,RAN,Ebb,1,8.8,0.2,170,101,7.87,11.56,57.2,5,Regular,645550,651728,6178,6178,18.97626431,18.97626431,1,NA,NA,Terrestrial Insects,64,Order,Diptera,Diptera,Larvae,1,0.053,0.053,3,COND,NA,NA,NA,NA,NA,NA,NA,NA,NA   NA   NA   NA,NA   NA   NA   NA
SHR_2019-02-27 08:40:00,2/27/2019 8:40,SHR,2019,W,TRUE,RAN,Ebb,1,8.8,0.2,170,101,7.87,11.56,57.2,5,Regular,645550,651728,6178,6178,18.97626431,18.97626431,1,NA,NA,Terrestrial Insects,64,Order,Diptera,Diptera,Pupae,0,0,0,3,COND,NA,NA,NA,NA,NA,NA,NA,NA,NA   NA   NA   NA,NA   NA   NA   NA
SHR_2019-02-27 08:40:00,2/27/2019 8:40,SHR,2019,W,TRUE,RAN,Ebb,1,8.8,0.2,170,101,7.87,11.56,57.2,5,Regular,645550,651728,6178,6178,18.97626431,18.97626431,1,NA,NA,Terrestrial Insects,64,Order,Diptera,Diptera,Nymphs,0,0,0,3,COND,NA,NA,NA,NA,NA,NA,NA,NA,NA   NA   NA   NA,NA   NA   NA   NA
SHR_2019-02-27 08:40:00,2/27/2019 8:40,SHR,2019,W,TRUE,RAN,Ebb,1,8.8,0.2,170,101,7.87,11.56,57.2,5,Regular,645550,651728,6178,6178,18.97626431,18.97626431,1,NA,NA,Terrestrial Insects,64,Order,Diptera,Diptera,Emergents,0,0,0,3,COND,NA,NA,NA,NA,NA,NA,NA,NA,NA   NA   NA   NA,NA   NA   NA   NA
SHR_2019-02-27 08:40:00,2/27/2019 8:40,SHR,2019,W,TRUE,RAN,Ebb,1,8.8,0.2,170,101,7.87,11.56,57.2,5,Regular,645550,651728,6178,6178,18.97626431,18.97626431,1,NA,NA,Terrestrial Insects,64,Order,Diptera,Diptera,Adults,0,0,0,3,COND,NA,NA,NA,NA,NA,NA,NA,NA,NA   NA   NA   NA,NA   NA   NA   NA
SHR_2019-02-27 08:40:00,2/27/2019 8:40,SHR,2019,W,TRUE,RAN,Ebb,1,8.8,0.2,170,101,7.87,11.56,57.2,5,Regular,645550,651728,6178,6178,18.97626431,18.97626431,1,NA,NA,Terrestrial Insects,64,Order,Diptera,Diptera,NotDetermined,0,0,0,3,COND,NA,NA,NA,NA,NA,NA,NA,NA,NA   NA   NA   NA,NA   NA   NA   NA
SHR_2019-02-27 08:40:00,2/27/2019 8:40,SHR,2019,W,TRUE,RAN,Ebb,1,8.8,0.2,170,101,7.87,11.56,57.2,5,Regular,645550,651728,6178,6178,18.97626431,18.97626431,1,NA,NA,Terrestrial Insects,192,Family,Phoridae,Phoridae,Larvae,1,0.053,0.053,3,COND,NA,NA,NA,NA,NA,NA,NA,NA,NA   NA   NA   NA,NA   NA   NA   NA
SHR_2019-02-27 08:40:00,2/27/2019 8:40,SHR,2019,W,TRUE,RAN,Ebb,1,8.8,0.2,170,101,7.87,11.56,57.2,5,Regular,645550,651728,6178,6178,18.97626431,18.97626431,1,NA,NA,Terrestrial Insects,192,Family,Phoridae,Phoridae,Pupae,0,0,0,3,COND,NA,NA,NA,NA,NA,NA,NA,NA,NA   NA   NA   NA,NA   NA   NA   NA
SHR_2019-02-27 08:40:00,2/27/2019 8:40,SHR,2019,W,TRUE,RAN,Ebb,1,8.8,0.2,170,101,7.87,11.56,57.2,5,Regular,645550,651728,6178,6178,18.97626431,18.97626431,1,NA,NA,Terrestrial Insects,192,Family,Phoridae,Phoridae,Nymphs,0,0,0,3,COND,NA,NA,NA,NA,NA,NA,NA,NA,NA   NA   NA   NA,NA   NA   NA   NA
SHR_2019-02-27 08:40:00,2/27/2019 8:40,SHR,2019,W,TRUE,RAN,Ebb,1,8.8,0.2,170,101,7.87,11.56,57.2,5,Regular,645550,651728,6178,6178,18.97626431,18.97626431,1,NA,NA,Terrestrial Insects,192,Family,Phoridae,Phoridae,Emergents,0,0,0,3,COND,NA,NA,NA,NA,NA,NA,NA,NA,NA   NA   NA   NA,NA   NA   NA   NA
SHR_2019-02-27 08:40:00,2/27/2019 8:40,SHR,2019,W,TRUE,RAN,Ebb,1,8.8,0.2,170,101,7.87,11.56,57.2,5,Regular,645550,651728,6178,6178,18.97626431,18.97626431,1,NA,NA,Terrestrial Insects,192,Family,Phoridae,Phoridae,Adults,0,0,0,3,COND,NA,NA,NA,NA,NA,NA,NA,NA,NA   NA   NA   NA,NA   NA   NA   NA
SHR_2019-02-27 08:40:00,2/27/2019 8:40,SHR,2019,W,TRUE,RAN,Ebb,1,8.8,0.2,170,101,7.87,11.56,57.2,5,Regular,645550,651728,6178,6178,18.97626431,18.97626431,1,NA,NA,Terrestrial Insects,192,Family,Phoridae,Phoridae,NotDetermined,0,0,0,3,COND,NA,NA,NA,NA,NA,NA,NA,NA,NA   NA   NA   NA,NA   NA   NA   NA
SHR_2019-02-27 08:40:00,2/27/2019 8:40,SHR,2019,W,TRUE,RAN,Ebb,1,8.8,0.2,170,101,7.87,11.56,57.2,5,Regular,645550,651728,6178,6178,18.97626431,18.97626431,1,NA,NA,Terrestrial Insects,193,Family,Mesoveliidae,Mesoveliidae,Larvae,1,0.053,0.053,3,COND,NA,NA,NA,NA,NA,NA,NA,NA,NA   NA   NA   NA,NA   NA   NA   NA
SHR_2019-02-27 08:40:00,2/27/2019 8:40,SHR,2019,W,TRUE,RAN,Ebb,1,8.8,0.2,170,101,7.87,11.56,57.2,5,Regular,645550,651728,6178,6178,18.97626431,18.97626431,1,NA,NA,Terrestrial Insects,193,Family,Mesoveliidae,Mesoveliidae,Pupae,0,0,0,3,COND,NA,NA,NA,NA,NA,NA,NA,NA,NA   NA   NA   NA,NA   NA   NA   NA
SHR_2019-02-27 08:40:00,2/27/2019 8:40,SHR,2019,W,TRUE,RAN,Ebb,1,8.8,0.2,170,101,7.87,11.56,57.2,5,Regular,645550,651728,6178,6178,18.97626431,18.97626431,1,NA,NA,Terrestrial Insects,193,Family,Mesoveliidae,Mesoveliidae,Nymphs,0,0,0,3,COND,NA,NA,NA,NA,NA,NA,NA,NA,NA   NA   NA   NA,NA   NA   NA   NA
SHR_2019-02-27 08:40:00,2/27/2019 8:40,SHR,2019,W,TRUE,RAN,Ebb,1,8.8,0.2,170,101,7.87,11.56,57.2,5,Regular,645550,651728,6178,6178,18.97626431,18.97626431,1,NA,NA,Terrestrial Insects,193,Family,Mesoveliidae,Mesoveliidae,Emergents,0,0,0,3,COND,NA,NA,NA,NA,NA,NA,NA,NA,NA   NA   NA   NA,NA   NA   NA   NA
SHR_2019-02-27 08:40:00,2/27/2019 8:40,SHR,2019,W,TRUE,RAN,Ebb,1,8.8,0.2,170,101,7.87,11.56,57.2,5,Regular,645550,651728,6178,6178,18.97626431,18.97626431,1,NA,NA,Terrestrial Insects,193,Family,Mesoveliidae,Mesoveliidae,Adults,0,0,0,3,COND,NA,NA,NA,NA,NA,NA,NA,NA,NA   NA   NA   NA,NA   NA   NA   NA
SHR_2019-02-27 08:40:00,2/27/2019 8:40,SHR,2019,W,TRUE,RAN,Ebb,1,8.8,0.2,170,101,7.87,11.56,57.2,5,Regular,645550,651728,6178,6178,18.97626431,18.97626431,1,NA,NA,Terrestrial Insects,193,Family,Mesoveliidae,Mesoveliidae,NotDetermined,0,0,0,3,COND,NA,NA,NA,NA,NA,NA,NA,NA,NA   NA   NA   NA,NA   NA   NA   NA
SHR_2019-02-27 08:40:00,2/27/2019 8:40,SHR,2019,W,TRUE,RAN,Ebb,1,8.8,0.2,170,101,7.87,11.56,57.2,5,Regular,645550,651728,6178,6178,18.97626431,18.97626431,1,NA,NA,Terrestrial Insects,66,Order,Hymenoptera,Hymenoptera,Larvae,0,0,0,3,COND,NA,NA,NA,NA,NA,NA,NA,NA,NA   NA   NA   NA,NA   NA   NA   NA
SHR_2019-02-27 08:40:00,2/27/2019 8:40,SHR,2019,W,TRUE,RAN,Ebb,1,8.8,0.2,170,101,7.87,11.56,57.2,5,Regular,645550,651728,6178,6178,18.97626431,18.97626431,1,NA,NA,Terrestrial Insects,66,Order,Hymenoptera,Hymenoptera,Pupae,0,0,0,3,COND,NA,NA,NA,NA,NA,NA,NA,NA,NA   NA   NA   NA,NA   NA   NA   NA
SHR_2019-02-27 08:40:00,2/27/2019 8:40,SHR,2019,W,TRUE,RAN,Ebb,1,8.8,0.2,170,101,7.87,11.56,57.2,5,Regular,645550,651728,6178,6178,18.97626431,18.97626431,1,NA,NA,Terrestrial Insects,66,Order,Hymenoptera,Hymenoptera,Nymphs,0,0,0,3,COND,NA,NA,NA,NA,NA,NA,NA,NA,NA   NA   NA   NA,NA   NA   NA   NA
SHR_2019-02-27 08:40:00,2/27/2019 8:40,SHR,2019,W,TRUE,RAN,Ebb,1,8.8,0.2,170,101,7.87,11.56,57.2,5,Regular,645550,651728,6178,6178,18.97626431,18.97626431,1,NA,NA,Terrestrial Insects,66,Order,Hymenoptera,Hymenoptera,Emergents,0,0,0,3,COND,NA,NA,NA,NA,NA,NA,NA,NA,NA   NA   NA   NA,NA   NA   NA   NA
SHR_2019-02-27 08:40:00,2/27/2019 8:40,SHR,2019,W,TRUE,RAN,Ebb,1,8.8,0.2,170,101,7.87,11.56,57.2,5,Regular,645550,651728,6178,6178,18.97626431,18.97626431,1,NA,NA,Terrestrial Insects,66,Order,Hymenoptera,Hymenoptera,Adults,1,0.053,0.053,3,COND,NA,NA,NA,NA,NA,NA,NA,NA,NA   NA   NA   NA,NA   NA   NA   NA
SHR_2019-02-27 08:40:00,2/27/2019 8:40,SHR,2019,W,TRUE,RAN,Ebb,1,8.8,0.2,170,101,7.87,11.56,57.2,5,Regular,645550,651728,6178,6178,18.97626431,18.97626431,1,NA,NA,Terrestrial Insects,66,Order,Hymenoptera,Hymenoptera,NotDetermined,0,0,0,3,COND,NA,NA,NA,NA,NA,NA,NA,NA,NA   NA   NA   NA,NA   NA   NA   NA
SHR_2019-02-27 08:40:00,2/27/2019 8:40,SHR,2019,W,TRUE,RAN,Ebb,1,8.8,0.2,170,101,7.87,11.56,57.2,5,Regular,645550,651728,6178,6178,18.97626431,18.97626431,1,NA,NA,Terrestrial Insects,85,Order,Thysanoptera,Thysanoptera,Larvae,0,0,0,3,COND,NA,NA,NA,NA,NA,NA,NA,NA,NA   NA   NA   NA,NA   NA   NA   NA
SHR_2019-02-27 08:40:00,2/27/2019 8:40,SHR,2019,W,TRUE,RAN,Ebb,1,8.8,0.2,170,101,7.87,11.56,57.2,5,Regular,645550,651728,6178,6178,18.97626431,18.97626431,1,NA,NA,Terrestrial Insects,85,Order,Thysanoptera,Thysanoptera,Pupae,0,0,0,3,COND,NA,NA,NA,NA,NA,NA,NA,NA,NA   NA   NA   NA,NA   NA   NA   NA
SHR_2019-02-27 08:40:00,2/27/2019 8:40,SHR,2019,W,TRUE,RAN,Ebb,1,8.8,0.2,170,101,7.87,11.56,57.2,5,Regular,645550,651728,6178,6178,18.97626431,18.97626431,1,NA,NA,Terrestrial Insects,85,Order,Thysanoptera,Thysanoptera,Nymphs,0,0,0,3,COND,NA,NA,NA,NA,NA,NA,NA,NA,NA   NA   NA   NA,NA   NA   NA   NA
SHR_2019-02-27 08:40:00,2/27/2019 8:40,SHR,2019,W,TRUE,RAN,Ebb,1,8.8,0.2,170,101,7.87,11.56,57.2,5,Regular,645550,651728,6178,6178,18.97626431,18.97626431,1,NA,NA,Terrestrial Insects,85,Order,Thysanoptera,Thysanoptera,Emergents,0,0,0,3,COND,NA,NA,NA,NA,NA,NA,NA,NA,NA   NA   NA   NA,NA   NA   NA   NA
SHR_2019-02-27 08:40:00,2/27/2019 8:40,SHR,2019,W,TRUE,RAN,Ebb,1,8.8,0.2,170,101,7.87,11.56,57.2,5,Regular,645550,651728,6178,6178,18.97626431,18.97626431,1,NA,NA,Terrestrial Insects,85,Order,Thysanoptera,Thysanoptera,Adults,1,0.053,0.053,3,COND,NA,NA,NA,NA,NA,NA,NA,NA,NA   NA   NA   NA,NA   NA   NA   NA
SHR_2019-02-27 08:40:00,2/27/2019 8:40,SHR,2019,W,TRUE,RAN,Ebb,1,8.8,0.2,170,101,7.87,11.56,57.2,5,Regular,645550,651728,6178,6178,18.97626431,18.97626431,1,NA,NA,Terrestrial Insects,85,Order,Thysanoptera,Thysanoptera,NotDetermined,0,0,0,3,COND,NA,NA,NA,NA,NA,NA,NA,NA,NA   NA   NA   NA,NA   NA   NA   NA
SHR_2019-03-12 09:12:00,3/12/2019 9:12,SHR,2019,W,TRUE,CLR,NA,1,10.9,0.3,82,113,7.4,10.23,36.2,5,Regular,666000,672884,6884,6884,21.14480471,21.14480471,1,NA,NA,Aquatic Insects,30,Family,Dytiscidae,Dytiscidae,Larvae,0,0,0,NA,NA,NA,NA,NA,NA,NA,NA,NA,NA,NA   NA   NA   NA,NA   NA   NA   NA
SHR_2019-03-12 09:12:00,3/12/2019 9:12,SHR,2019,W,TRUE,CLR,NA,1,10.9,0.3,82,113,7.4,10.23,36.2,5,Regular,666000,672884,6884,6884,21.14480471,21.14480471,1,NA,NA,Aquatic Insects,30,Family,Dytiscidae,Dytiscidae,Pupae,0,0,0,NA,NA,NA,NA,NA,NA,NA,NA,NA,NA,NA   NA   NA   NA,NA   NA   NA   NA
SHR_2019-03-12 09:12:00,3/12/2019 9:12,SHR,2019,W,TRUE,CLR,NA,1,10.9,0.3,82,113,7.4,10.23,36.2,5,Regular,666000,672884,6884,6884,21.14480471,21.14480471,1,NA,NA,Aquatic Insects,30,Family,Dytiscidae,Dytiscidae,Nymphs,0,0,0,NA,NA,NA,NA,NA,NA,NA,NA,NA,NA,NA   NA   NA   NA,NA   NA   NA   NA
SHR_2019-03-12 09:12:00,3/12/2019 9:12,SHR,2019,W,TRUE,CLR,NA,1,10.9,0.3,82,113,7.4,10.23,36.2,5,Regular,666000,672884,6884,6884,21.14480471,21.14480471,1,NA,NA,Aquatic Insects,30,Family,Dytiscidae,Dytiscidae,Emergents,0,0,0,NA,NA,NA,NA,NA,NA,NA,NA,NA,NA,NA   NA   NA   NA,NA   NA   NA   NA
SHR_2019-03-12 09:12:00,3/12/2019 9:12,SHR,2019,W,TRUE,CLR,NA,1,10.9,0.3,82,113,7.4,10.23,36.2,5,Regular,666000,672884,6884,6884,21.14480471,21.14480471,1,NA,NA,Aquatic Insects,30,Family,Dytiscidae,Dytiscidae,Adults,18,0.851,0.851,NA,NA,NA,NA,NA,NA,NA,NA,NA,NA,NA   NA   NA   NA,NA   NA   NA   NA
SHR_2019-03-12 09:12:00,3/12/2019 9:12,SHR,2019,W,TRUE,CLR,NA,1,10.9,0.3,82,113,7.4,10.23,36.2,5,Regular,666000,672884,6884,6884,21.14480471,21.14480471,1,NA,NA,Aquatic Insects,30,Family,Dytiscidae,Dytiscidae,NotDetermined,0,0,0,NA,NA,NA,NA,NA,NA,NA,NA,NA,NA,NA   NA   NA   NA,NA   NA   NA   NA
SHR_2019-03-12 09:12:00,3/12/2019 9:12,SHR,2019,W,TRUE,CLR,NA,1,10.9,0.3,82,113,7.4,10.23,36.2,5,Regular,666000,672884,6884,6884,21.14480471,21.14480471,1,NA,NA,Aquatic Insects,81,Family,Hydrophilidae,Hydrophilidae,Larvae,0,0,0,NA,NA,NA,NA,NA,NA,NA,NA,NA,NA,NA   NA   NA   NA,NA   NA   NA   NA
SHR_2019-03-12 09:12:00,3/12/2019 9:12,SHR,2019,W,TRUE,CLR,NA,1,10.9,0.3,82,113,7.4,10.23,36.2,5,Regular,666000,672884,6884,6884,21.14480471,21.14480471,1,NA,NA,Aquatic Insects,81,Family,Hydrophilidae,Hydrophilidae,Pupae,0,0,0,NA,NA,NA,NA,NA,NA,NA,NA,NA,NA,NA   NA   NA   NA,NA   NA   NA   NA
SHR_2019-03-12 09:12:00,3/12/2019 9:12,SHR,2019,W,TRUE,CLR,NA,1,10.9,0.3,82,113,7.4,10.23,36.2,5,Regular,666000,672884,6884,6884,21.14480471,21.14480471,1,NA,NA,Aquatic Insects,81,Family,Hydrophilidae,Hydrophilidae,Nymphs,0,0,0,NA,NA,NA,NA,NA,NA,NA,NA,NA,NA,NA   NA   NA   NA,NA   NA   NA   NA
SHR_2019-03-12 09:12:00,3/12/2019 9:12,SHR,2019,W,TRUE,CLR,NA,1,10.9,0.3,82,113,7.4,10.23,36.2,5,Regular,666000,672884,6884,6884,21.14480471,21.14480471,1,NA,NA,Aquatic Insects,81,Family,Hydrophilidae,Hydrophilidae,Emergents,0,0,0,NA,NA,NA,NA,NA,NA,NA,NA,NA,NA,NA   NA   NA   NA,NA   NA   NA   NA
SHR_2019-03-12 09:12:00,3/12/2019 9:12,SHR,2019,W,TRUE,CLR,NA,1,10.9,0.3,82,113,7.4,10.23,36.2,5,Regular,666000,672884,6884,6884,21.14480471,21.14480471,1,NA,NA,Aquatic Insects,81,Family,Hydrophilidae,Hydrophilidae,Adults,3,0.142,0.142,NA,NA,NA,NA,NA,NA,NA,NA,NA,NA,NA   NA   NA   NA,NA   NA   NA   NA
SHR_2019-03-12 09:12:00,3/12/2019 9:12,SHR,2019,W,TRUE,CLR,NA,1,10.9,0.3,82,113,7.4,10.23,36.2,5,Regular,666000,672884,6884,6884,21.14480471,21.14480471,1,NA,NA,Aquatic Insects,81,Family,Hydrophilidae,Hydrophilidae,NotDetermined,0,0,0,NA,NA,NA,NA,NA,NA,NA,NA,NA,NA,NA   NA   NA   NA,NA   NA   NA   NA
SHR_2019-03-12 09:12:00,3/12/2019 9:12,SHR,2019,W,TRUE,CLR,NA,1,10.9,0.3,82,113,7.4,10.23,36.2,5,Regular,666000,672884,6884,6884,21.14480471,21.14480471,1,NA,NA,Aquatic Insects,34,Family,Chironomidae,Chironomidae,Larvae,1,0.047,0.047,NA,NA,NA,NA,NA,NA,NA,NA,NA,NA,NA   NA   NA   NA,NA   NA   NA   NA
SHR_2019-03-12 09:12:00,3/12/2019 9:12,SHR,2019,W,TRUE,CLR,NA,1,10.9,0.3,82,113,7.4,10.23,36.2,5,Regular,666000,672884,6884,6884,21.14480471,21.14480471,1,NA,NA,Aquatic Insects,34,Family,Chironomidae,Chironomidae,Pupae,9,0.426,0.426,NA,NA,NA,NA,NA,NA,NA,NA,NA,NA,NA   NA   NA   NA,NA   NA   NA   NA
SHR_2019-03-12 09:12:00,3/12/2019 9:12,SHR,2019,W,TRUE,CLR,NA,1,10.9,0.3,82,113,7.4,10.23,36.2,5,Regular,666000,672884,6884,6884,21.14480471,21.14480471,1,NA,NA,Aquatic Insects,34,Family,Chironomidae,Chironomidae,Nymphs,0,0,0,NA,NA,NA,NA,NA,NA,NA,NA,NA,NA,NA   NA   NA   NA,NA   NA   NA   NA
SHR_2019-03-12 09:12:00,3/12/2019 9:12,SHR,2019,W,TRUE,CLR,NA,1,10.9,0.3,82,113,7.4,10.23,36.2,5,Regular,666000,672884,6884,6884,21.14480471,21.14480471,1,NA,NA,Aquatic Insects,34,Family,Chironomidae,Chironomidae,Emergents,0,0,0,NA,NA,NA,NA,NA,NA,NA,NA,NA,NA,NA   NA   NA   NA,NA   NA   NA   NA
SHR_2019-03-12 09:12:00,3/12/2019 9:12,SHR,2019,W,TRUE,CLR,NA,1,10.9,0.3,82,113,7.4,10.23,36.2,5,Regular,666000,672884,6884,6884,21.14480471,21.14480471,1,NA,NA,Aquatic Insects,34,Family,Chironomidae,Chironomidae,Adults,31,1.466,1.466,NA,NA,NA,NA,NA,NA,NA,NA,NA,NA,NA   NA   NA   NA,NA   NA   NA   NA
SHR_2019-03-12 09:12:00,3/12/2019 9:12,SHR,2019,W,TRUE,CLR,NA,1,10.9,0.3,82,113,7.4,10.23,36.2,5,Regular,666000,672884,6884,6884,21.14480471,21.14480471,1,NA,NA,Aquatic Insects,34,Family,Chironomidae,Chironomidae,NotDetermined,0,0,0,NA,NA,NA,NA,NA,NA,NA,NA,NA,NA,NA   NA   NA   NA,NA   NA   NA   NA
SHR_2019-03-12 09:12:00,3/12/2019 9:12,SHR,2019,W,TRUE,CLR,NA,1,10.9,0.3,82,113,7.4,10.23,36.2,5,Regular,666000,672884,6884,6884,21.14480471,21.14480471,1,NA,NA,Aquatic Insects,44,Family,Corixidae,Corixidae,Larvae,0,0,0,NA,NA,NA,NA,NA,NA,NA,NA,NA,NA,NA   NA   NA   NA,NA   NA   NA   NA
SHR_2019-03-12 09:12:00,3/12/2019 9:12,SHR,2019,W,TRUE,CLR,NA,1,10.9,0.3,82,113,7.4,10.23,36.2,5,Regular,666000,672884,6884,6884,21.14480471,21.14480471,1,NA,NA,Aquatic Insects,44,Family,Corixidae,Corixidae,Pupae,0,0,0,NA,NA,NA,NA,NA,NA,NA,NA,NA,NA,NA   NA   NA   NA,NA   NA   NA   NA
SHR_2019-03-12 09:12:00,3/12/2019 9:12,SHR,2019,W,TRUE,CLR,NA,1,10.9,0.3,82,113,7.4,10.23,36.2,5,Regular,666000,672884,6884,6884,21.14480471,21.14480471,1,NA,NA,Aquatic Insects,44,Family,Corixidae,Corixidae,Nymphs,1,0.047,0.047,NA,NA,NA,NA,NA,NA,NA,NA,NA,NA,NA   NA   NA   NA,NA   NA   NA   NA
SHR_2019-03-12 09:12:00,3/12/2019 9:12,SHR,2019,W,TRUE,CLR,NA,1,10.9,0.3,82,113,7.4,10.23,36.2,5,Regular,666000,672884,6884,6884,21.14480471,21.14480471,1,NA,NA,Aquatic Insects,44,Family,Corixidae,Corixidae,Emergents,0,0,0,NA,NA,NA,NA,NA,NA,NA,NA,NA,NA,NA   NA   NA   NA,NA   NA   NA   NA
SHR_2019-03-12 09:12:00,3/12/2019 9:12,SHR,2019,W,TRUE,CLR,NA,1,10.9,0.3,82,113,7.4,10.23,36.2,5,Regular,666000,672884,6884,6884,21.14480471,21.14480471,1,NA,NA,Aquatic Insects,44,Family,Corixidae,Corixidae,Adults,1,0.047,0.047,NA,NA,NA,NA,NA,NA,NA,NA,NA,NA,NA   NA   NA   NA,NA   NA   NA   NA
SHR_2019-03-12 09:12:00,3/12/2019 9:12,SHR,2019,W,TRUE,CLR,NA,1,10.9,0.3,82,113,7.4,10.23,36.2,5,Regular,666000,672884,6884,6884,21.14480471,21.14480471,1,NA,NA,Aquatic Insects,44,Family,Corixidae,Corixidae,NotDetermined,0,0,0,NA,NA,NA,NA,NA,NA,NA,NA,NA,NA,NA   NA   NA   NA,NA   NA   NA   NA
SHR_2019-03-12 09:12:00,3/12/2019 9:12,SHR,2019,W,TRUE,CLR,NA,1,10.9,0.3,82,113,7.4,10.23,36.2,5,Regular,666000,672884,6884,6884,21.14480471,21.14480471,1,NA,NA,Aquatic Non-Insects,4,Family,Naididae,Naididae,Larvae,0,0,0,NA,NA,NA,NA,NA,NA,NA,NA,NA,NA,NA   NA   NA   NA,NA   NA   NA   NA
SHR_2019-03-12 09:12:00,3/12/2019 9:12,SHR,2019,W,TRUE,CLR,NA,1,10.9,0.3,82,113,7.4,10.23,36.2,5,Regular,666000,672884,6884,6884,21.14480471,21.14480471,1,NA,NA,Aquatic Non-Insects,4,Family,Naididae,Naididae,Pupae,0,0,0,NA,NA,NA,NA,NA,NA,NA,NA,NA,NA,NA   NA   NA   NA,NA   NA   NA   NA
SHR_2019-03-12 09:12:00,3/12/2019 9:12,SHR,2019,W,TRUE,CLR,NA,1,10.9,0.3,82,113,7.4,10.23,36.2,5,Regular,666000,672884,6884,6884,21.14480471,21.14480471,1,NA,NA,Aquatic Non-Insects,4,Family,Naididae,Naididae,Nymphs,0,0,0,NA,NA,NA,NA,NA,NA,NA,NA,NA,NA,NA   NA   NA   NA,NA   NA   NA   NA
SHR_2019-03-12 09:12:00,3/12/2019 9:12,SHR,2019,W,TRUE,CLR,NA,1,10.9,0.3,82,113,7.4,10.23,36.2,5,Regular,666000,672884,6884,6884,21.14480471,21.14480471,1,NA,NA,Aquatic Non-Insects,4,Family,Naididae,Naididae,Emergents,0,0,0,NA,NA,NA,NA,NA,NA,NA,NA,NA,NA,NA   NA   NA   NA,NA   NA   NA   NA
SHR_2019-03-12 09:12:00,3/12/2019 9:12,SHR,2019,W,TRUE,CLR,NA,1,10.9,0.3,82,113,7.4,10.23,36.2,5,Regular,666000,672884,6884,6884,21.14480471,21.14480471,1,NA,NA,Aquatic Non-Insects,4,Family,Naididae,Naididae,Adults,0,0,0,NA,NA,NA,NA,NA,NA,NA,NA,NA,NA,NA   NA   NA   NA,NA   NA   NA   NA
SHR_2019-03-12 09:12:00,3/12/2019 9:12,SHR,2019,W,TRUE,CLR,NA,1,10.9,0.3,82,113,7.4,10.23,36.2,5,Regular,666000,672884,6884,6884,21.14480471,21.14480471,1,NA,NA,Aquatic Non-Insects,4,Family,Naididae,Naididae,NotDetermined,1,0.047,0.047,NA,NA,NA,NA,NA,NA,NA,NA,NA,NA,NA   NA   NA   NA,NA   NA   NA   NA
SHR_2019-03-12 09:12:00,3/12/2019 9:12,SHR,2019,W,TRUE,CLR,NA,1,10.9,0.3,82,113,7.4,10.23,36.2,5,Regular,666000,672884,6884,6884,21.14480471,21.14480471,1,NA,NA,Aquatic Non-Insects,2,Family,Enchytraeidae,Enchytraeidae,Larvae,0,0,0,NA,NA,NA,NA,NA,NA,NA,NA,NA,NA,NA   NA   NA   NA,NA   NA   NA   NA
SHR_2019-03-12 09:12:00,3/12/2019 9:12,SHR,2019,W,TRUE,CLR,NA,1,10.9,0.3,82,113,7.4,10.23,36.2,5,Regular,666000,672884,6884,6884,21.14480471,21.14480471,1,NA,NA,Aquatic Non-Insects,2,Family,Enchytraeidae,Enchytraeidae,Pupae,0,0,0,NA,NA,NA,NA,NA,NA,NA,NA,NA,NA,NA   NA   NA   NA,NA   NA   NA   NA
SHR_2019-03-12 09:12:00,3/12/2019 9:12,SHR,2019,W,TRUE,CLR,NA,1,10.9,0.3,82,113,7.4,10.23,36.2,5,Regular,666000,672884,6884,6884,21.14480471,21.14480471,1,NA,NA,Aquatic Non-Insects,2,Family,Enchytraeidae,Enchytraeidae,Nymphs,0,0,0,NA,NA,NA,NA,NA,NA,NA,NA,NA,NA,NA   NA   NA   NA,NA   NA   NA   NA
SHR_2019-03-12 09:12:00,3/12/2019 9:12,SHR,2019,W,TRUE,CLR,NA,1,10.9,0.3,82,113,7.4,10.23,36.2,5,Regular,666000,672884,6884,6884,21.14480471,21.14480471,1,NA,NA,Aquatic Non-Insects,2,Family,Enchytraeidae,Enchytraeidae,Emergents,0,0,0,NA,NA,NA,NA,NA,NA,NA,NA,NA,NA,NA   NA   NA   NA,NA   NA   NA   NA
SHR_2019-03-12 09:12:00,3/12/2019 9:12,SHR,2019,W,TRUE,CLR,NA,1,10.9,0.3,82,113,7.4,10.23,36.2,5,Regular,666000,672884,6884,6884,21.14480471,21.14480471,1,NA,NA,Aquatic Non-Insects,2,Family,Enchytraeidae,Enchytraeidae,Adults,0,0,0,NA,NA,NA,NA,NA,NA,NA,NA,NA,NA,NA   NA   NA   NA,NA   NA   NA   NA
SHR_2019-03-12 09:12:00,3/12/2019 9:12,SHR,2019,W,TRUE,CLR,NA,1,10.9,0.3,82,113,7.4,10.23,36.2,5,Regular,666000,672884,6884,6884,21.14480471,21.14480471,1,NA,NA,Aquatic Non-Insects,2,Family,Enchytraeidae,Enchytraeidae,NotDetermined,2,0.095,0.095,NA,NA,NA,NA,NA,NA,NA,NA,NA,NA,NA   NA   NA   NA,NA   NA   NA   NA
SHR_2019-03-12 09:12:00,3/12/2019 9:12,SHR,2019,W,TRUE,CLR,NA,1,10.9,0.3,82,113,7.4,10.23,36.2,5,Regular,666000,672884,6884,6884,21.14480471,21.14480471,1,NA,NA,Aquatic Non-Insects,15,Family,Hyalellidae,Hyalellidae,Larvae,0,0,0,NA,NA,NA,NA,NA,NA,NA,NA,NA,NA,NA   NA   NA   NA,NA   NA   NA   NA
SHR_2019-03-12 09:12:00,3/12/2019 9:12,SHR,2019,W,TRUE,CLR,NA,1,10.9,0.3,82,113,7.4,10.23,36.2,5,Regular,666000,672884,6884,6884,21.14480471,21.14480471,1,NA,NA,Aquatic Non-Insects,15,Family,Hyalellidae,Hyalellidae,Pupae,0,0,0,NA,NA,NA,NA,NA,NA,NA,NA,NA,NA,NA   NA   NA   NA,NA   NA   NA   NA
SHR_2019-03-12 09:12:00,3/12/2019 9:12,SHR,2019,W,TRUE,CLR,NA,1,10.9,0.3,82,113,7.4,10.23,36.2,5,Regular,666000,672884,6884,6884,21.14480471,21.14480471,1,NA,NA,Aquatic Non-Insects,15,Family,Hyalellidae,Hyalellidae,Nymphs,0,0,0,NA,NA,NA,NA,NA,NA,NA,NA,NA,NA,NA   NA   NA   NA,NA   NA   NA   NA
SHR_2019-03-12 09:12:00,3/12/2019 9:12,SHR,2019,W,TRUE,CLR,NA,1,10.9,0.3,82,113,7.4,10.23,36.2,5,Regular,666000,672884,6884,6884,21.14480471,21.14480471,1,NA,NA,Aquatic Non-Insects,15,Family,Hyalellidae,Hyalellidae,Emergents,0,0,0,NA,NA,NA,NA,NA,NA,NA,NA,NA,NA,NA   NA   NA   NA,NA   NA   NA   NA
SHR_2019-03-12 09:12:00,3/12/2019 9:12,SHR,2019,W,TRUE,CLR,NA,1,10.9,0.3,82,113,7.4,10.23,36.2,5,Regular,666000,672884,6884,6884,21.14480471,21.14480471,1,NA,NA,Aquatic Non-Insects,15,Family,Hyalellidae,Hyalellidae,Adults,0,0,0,NA,NA,NA,NA,NA,NA,NA,NA,NA,NA,NA   NA   NA   NA,NA   NA   NA   NA
SHR_2019-03-12 09:12:00,3/12/2019 9:12,SHR,2019,W,TRUE,CLR,NA,1,10.9,0.3,82,113,7.4,10.23,36.2,5,Regular,666000,672884,6884,6884,21.14480471,21.14480471,1,NA,NA,Aquatic Non-Insects,15,Family,Hyalellidae,Hyalellidae,NotDetermined,1,0.047,0.047,NA,NA,NA,NA,NA,NA,NA,NA,NA,NA,NA   NA   NA   NA,NA   NA   NA   NA
SHR_2019-03-12 09:12:00,3/12/2019 9:12,SHR,2019,W,TRUE,CLR,NA,1,10.9,0.3,82,113,7.4,10.23,36.2,5,Regular,666000,672884,6884,6884,21.14480471,21.14480471,1,NA,NA,Aquatic Non-Insects,20,Family,Physidae,Physidae,Larvae,0,0,0,NA,NA,NA,NA,NA,NA,NA,NA,NA,NA,NA   NA   NA   NA,NA   NA   NA   NA
SHR_2019-03-12 09:12:00,3/12/2019 9:12,SHR,2019,W,TRUE,CLR,NA,1,10.9,0.3,82,113,7.4,10.23,36.2,5,Regular,666000,672884,6884,6884,21.14480471,21.14480471,1,NA,NA,Aquatic Non-Insects,20,Family,Physidae,Physidae,Pupae,0,0,0,NA,NA,NA,NA,NA,NA,NA,NA,NA,NA,NA   NA   NA   NA,NA   NA   NA   NA
SHR_2019-03-12 09:12:00,3/12/2019 9:12,SHR,2019,W,TRUE,CLR,NA,1,10.9,0.3,82,113,7.4,10.23,36.2,5,Regular,666000,672884,6884,6884,21.14480471,21.14480471,1,NA,NA,Aquatic Non-Insects,20,Family,Physidae,Physidae,Nymphs,0,0,0,NA,NA,NA,NA,NA,NA,NA,NA,NA,NA,NA   NA   NA   NA,NA   NA   NA   NA
SHR_2019-03-12 09:12:00,3/12/2019 9:12,SHR,2019,W,TRUE,CLR,NA,1,10.9,0.3,82,113,7.4,10.23,36.2,5,Regular,666000,672884,6884,6884,21.14480471,21.14480471,1,NA,NA,Aquatic Non-Insects,20,Family,Physidae,Physidae,Emergents,0,0,0,NA,NA,NA,NA,NA,NA,NA,NA,NA,NA,NA   NA   NA   NA,NA   NA   NA   NA
SHR_2019-03-12 09:12:00,3/12/2019 9:12,SHR,2019,W,TRUE,CLR,NA,1,10.9,0.3,82,113,7.4,10.23,36.2,5,Regular,666000,672884,6884,6884,21.14480471,21.14480471,1,NA,NA,Aquatic Non-Insects,20,Family,Physidae,Physidae,Adults,0,0,0,NA,NA,NA,NA,NA,NA,NA,NA,NA,NA,NA   NA   NA   NA,NA   NA   NA   NA
SHR_2019-03-12 09:12:00,3/12/2019 9:12,SHR,2019,W,TRUE,CLR,NA,1,10.9,0.3,82,113,7.4,10.23,36.2,5,Regular,666000,672884,6884,6884,21.14480471,21.14480471,1,NA,NA,Aquatic Non-Insects,20,Family,Physidae,Physidae,NotDetermined,22,1.04,1.04,NA,NA,NA,NA,NA,NA,NA,NA,NA,NA,NA   NA   NA   NA,NA   NA   NA   NA
SHR_2019-03-12 09:12:00,3/12/2019 9:12,SHR,2019,W,TRUE,CLR,NA,1,10.9,0.3,82,113,7.4,10.23,36.2,5,Regular,666000,672884,6884,6884,21.14480471,21.14480471,1,NA,NA,Terrestrial Insects,63,Order,Coleoptera,Coleoptera,Larvae,0,0,0,NA,NA,NA,NA,NA,NA,NA,NA,NA,NA,NA   NA   NA   NA,NA   NA   NA   NA
SHR_2019-03-12 09:12:00,3/12/2019 9:12,SHR,2019,W,TRUE,CLR,NA,1,10.9,0.3,82,113,7.4,10.23,36.2,5,Regular,666000,672884,6884,6884,21.14480471,21.14480471,1,NA,NA,Terrestrial Insects,63,Order,Coleoptera,Coleoptera,Pupae,0,0,0,NA,NA,NA,NA,NA,NA,NA,NA,NA,NA,NA   NA   NA   NA,NA   NA   NA   NA
SHR_2019-03-12 09:12:00,3/12/2019 9:12,SHR,2019,W,TRUE,CLR,NA,1,10.9,0.3,82,113,7.4,10.23,36.2,5,Regular,666000,672884,6884,6884,21.14480471,21.14480471,1,NA,NA,Terrestrial Insects,63,Order,Coleoptera,Coleoptera,Nymphs,0,0,0,NA,NA,NA,NA,NA,NA,NA,NA,NA,NA,NA   NA   NA   NA,NA   NA   NA   NA
SHR_2019-03-12 09:12:00,3/12/2019 9:12,SHR,2019,W,TRUE,CLR,NA,1,10.9,0.3,82,113,7.4,10.23,36.2,5,Regular,666000,672884,6884,6884,21.14480471,21.14480471,1,NA,NA,Terrestrial Insects,63,Order,Coleoptera,Coleoptera,Emergents,0,0,0,NA,NA,NA,NA,NA,NA,NA,NA,NA,NA,NA   NA   NA   NA,NA   NA   NA   NA
SHR_2019-03-12 09:12:00,3/12/2019 9:12,SHR,2019,W,TRUE,CLR,NA,1,10.9,0.3,82,113,7.4,10.23,36.2,5,Regular,666000,672884,6884,6884,21.14480471,21.14480471,1,NA,NA,Terrestrial Insects,63,Order,Coleoptera,Coleoptera,Adults,25,1.182,1.182,NA,NA,NA,NA,NA,NA,NA,NA,NA,NA,NA   NA   NA   NA,NA   NA   NA   NA
SHR_2019-03-12 09:12:00,3/12/2019 9:12,SHR,2019,W,TRUE,CLR,NA,1,10.9,0.3,82,113,7.4,10.23,36.2,5,Regular,666000,672884,6884,6884,21.14480471,21.14480471,1,NA,NA,Terrestrial Insects,63,Order,Coleoptera,Coleoptera,NotDetermined,0,0,0,NA,NA,NA,NA,NA,NA,NA,NA,NA,NA,NA   NA   NA   NA,NA   NA   NA   NA
SHR_2019-03-12 09:12:00,3/12/2019 9:12,SHR,2019,W,TRUE,CLR,NA,1,10.9,0.3,82,113,7.4,10.23,36.2,5,Regular,666000,672884,6884,6884,21.14480471,21.14480471,1,NA,NA,Aquatic Insects,55,Family,Staphylinidae,Staphylinidae,Larvae,0,0,0,NA,NA,NA,NA,NA,NA,NA,NA,NA,NA,NA   NA   NA   NA,NA   NA   NA   NA
SHR_2019-03-12 09:12:00,3/12/2019 9:12,SHR,2019,W,TRUE,CLR,NA,1,10.9,0.3,82,113,7.4,10.23,36.2,5,Regular,666000,672884,6884,6884,21.14480471,21.14480471,1,NA,NA,Aquatic Insects,55,Family,Staphylinidae,Staphylinidae,Pupae,0,0,0,NA,NA,NA,NA,NA,NA,NA,NA,NA,NA,NA   NA   NA   NA,NA   NA   NA   NA
SHR_2019-03-12 09:12:00,3/12/2019 9:12,SHR,2019,W,TRUE,CLR,NA,1,10.9,0.3,82,113,7.4,10.23,36.2,5,Regular,666000,672884,6884,6884,21.14480471,21.14480471,1,NA,NA,Aquatic Insects,55,Family,Staphylinidae,Staphylinidae,Nymphs,0,0,0,NA,NA,NA,NA,NA,NA,NA,NA,NA,NA,NA   NA   NA   NA,NA   NA   NA   NA
SHR_2019-03-12 09:12:00,3/12/2019 9:12,SHR,2019,W,TRUE,CLR,NA,1,10.9,0.3,82,113,7.4,10.23,36.2,5,Regular,666000,672884,6884,6884,21.14480471,21.14480471,1,NA,NA,Aquatic Insects,55,Family,Staphylinidae,Staphylinidae,Emergents,0,0,0,NA,NA,NA,NA,NA,NA,NA,NA,NA,NA,NA   NA   NA   NA,NA   NA   NA   NA
SHR_2019-03-12 09:12:00,3/12/2019 9:12,SHR,2019,W,TRUE,CLR,NA,1,10.9,0.3,82,113,7.4,10.23,36.2,5,Regular,666000,672884,6884,6884,21.14480471,21.14480471,1,NA,NA,Aquatic Insects,55,Family,Staphylinidae,Staphylinidae,Adults,2,0.095,0.095,NA,NA,NA,NA,NA,NA,NA,NA,NA,NA,NA   NA   NA   NA,NA   NA   NA   NA
SHR_2019-03-12 09:12:00,3/12/2019 9:12,SHR,2019,W,TRUE,CLR,NA,1,10.9,0.3,82,113,7.4,10.23,36.2,5,Regular,666000,672884,6884,6884,21.14480471,21.14480471,1,NA,NA,Aquatic Insects,55,Family,Staphylinidae,Staphylinidae,NotDetermined,0,0,0,NA,NA,NA,NA,NA,NA,NA,NA,NA,NA,NA   NA   NA   NA,NA   NA   NA   NA
SHR_2019-03-12 09:12:00,3/12/2019 9:12,SHR,2019,W,TRUE,CLR,NA,1,10.9,0.3,82,113,7.4,10.23,36.2,5,Regular,666000,672884,6884,6884,21.14480471,21.14480471,1,NA,NA,Aquatic Insects,101,Family,Carabidae,Carabidae,Larvae,0,0,0,NA,NA,NA,NA,NA,NA,NA,NA,NA,NA,NA   NA   NA   NA,NA   NA   NA   NA
SHR_2019-03-12 09:12:00,3/12/2019 9:12,SHR,2019,W,TRUE,CLR,NA,1,10.9,0.3,82,113,7.4,10.23,36.2,5,Regular,666000,672884,6884,6884,21.14480471,21.14480471,1,NA,NA,Aquatic Insects,101,Family,Carabidae,Carabidae,Pupae,0,0,0,NA,NA,NA,NA,NA,NA,NA,NA,NA,NA,NA   NA   NA   NA,NA   NA   NA   NA
SHR_2019-03-12 09:12:00,3/12/2019 9:12,SHR,2019,W,TRUE,CLR,NA,1,10.9,0.3,82,113,7.4,10.23,36.2,5,Regular,666000,672884,6884,6884,21.14480471,21.14480471,1,NA,NA,Aquatic Insects,101,Family,Carabidae,Carabidae,Nymphs,0,0,0,NA,NA,NA,NA,NA,NA,NA,NA,NA,NA,NA   NA   NA   NA,NA   NA   NA   NA
SHR_2019-03-12 09:12:00,3/12/2019 9:12,SHR,2019,W,TRUE,CLR,NA,1,10.9,0.3,82,113,7.4,10.23,36.2,5,Regular,666000,672884,6884,6884,21.14480471,21.14480471,1,NA,NA,Aquatic Insects,101,Family,Carabidae,Carabidae,Emergents,0,0,0,NA,NA,NA,NA,NA,NA,NA,NA,NA,NA,NA   NA   NA   NA,NA   NA   NA   NA
SHR_2019-03-12 09:12:00,3/12/2019 9:12,SHR,2019,W,TRUE,CLR,NA,1,10.9,0.3,82,113,7.4,10.23,36.2,5,Regular,666000,672884,6884,6884,21.14480471,21.14480471,1,NA,NA,Aquatic Insects,101,Family,Carabidae,Carabidae,Adults,1,0.047,0.047,NA,NA,NA,NA,NA,NA,NA,NA,NA,NA,NA   NA   NA   NA,NA   NA   NA   NA
SHR_2019-03-12 09:12:00,3/12/2019 9:12,SHR,2019,W,TRUE,CLR,NA,1,10.9,0.3,82,113,7.4,10.23,36.2,5,Regular,666000,672884,6884,6884,21.14480471,21.14480471,1,NA,NA,Aquatic Insects,101,Family,Carabidae,Carabidae,NotDetermined,0,0,0,NA,NA,NA,NA,NA,NA,NA,NA,NA,NA,NA   NA   NA   NA,NA   NA   NA   NA
SHR_2019-03-12 09:12:00,3/12/2019 9:12,SHR,2019,W,TRUE,CLR,NA,1,10.9,0.3,82,113,7.4,10.23,36.2,5,Regular,666000,672884,6884,6884,21.14480471,21.14480471,1,NA,NA,Terrestrial Insects,64,Order,Diptera,Diptera,Larvae,0,0,0,NA,NA,NA,NA,NA,NA,NA,NA,NA,NA,NA   NA   NA   NA,NA   NA   NA   NA
SHR_2019-03-12 09:12:00,3/12/2019 9:12,SHR,2019,W,TRUE,CLR,NA,1,10.9,0.3,82,113,7.4,10.23,36.2,5,Regular,666000,672884,6884,6884,21.14480471,21.14480471,1,NA,NA,Terrestrial Insects,64,Order,Diptera,Diptera,Pupae,3,0.142,0.142,NA,NA,NA,NA,NA,NA,NA,NA,NA,NA,NA   NA   NA   NA,NA   NA   NA   NA
SHR_2019-03-12 09:12:00,3/12/2019 9:12,SHR,2019,W,TRUE,CLR,NA,1,10.9,0.3,82,113,7.4,10.23,36.2,5,Regular,666000,672884,6884,6884,21.14480471,21.14480471,1,NA,NA,Terrestrial Insects,64,Order,Diptera,Diptera,Nymphs,0,0,0,NA,NA,NA,NA,NA,NA,NA,NA,NA,NA,NA   NA   NA   NA,NA   NA   NA   NA
SHR_2019-03-12 09:12:00,3/12/2019 9:12,SHR,2019,W,TRUE,CLR,NA,1,10.9,0.3,82,113,7.4,10.23,36.2,5,Regular,666000,672884,6884,6884,21.14480471,21.14480471,1,NA,NA,Terrestrial Insects,64,Order,Diptera,Diptera,Emergents,0,0,0,NA,NA,NA,NA,NA,NA,NA,NA,NA,NA,NA   NA   NA   NA,NA   NA   NA   NA
SHR_2019-03-12 09:12:00,3/12/2019 9:12,SHR,2019,W,TRUE,CLR,NA,1,10.9,0.3,82,113,7.4,10.23,36.2,5,Regular,666000,672884,6884,6884,21.14480471,21.14480471,1,NA,NA,Terrestrial Insects,64,Order,Diptera,Diptera,Adults,0,0,0,NA,NA,NA,NA,NA,NA,NA,NA,NA,NA,NA   NA   NA   NA,NA   NA   NA   NA
SHR_2019-03-12 09:12:00,3/12/2019 9:12,SHR,2019,W,TRUE,CLR,NA,1,10.9,0.3,82,113,7.4,10.23,36.2,5,Regular,666000,672884,6884,6884,21.14480471,21.14480471,1,NA,NA,Terrestrial Insects,64,Order,Diptera,Diptera,NotDetermined,0,0,0,NA,NA,NA,NA,NA,NA,NA,NA,NA,NA,NA   NA   NA   NA,NA   NA   NA   NA
STTD_2019-03-20 09:59:00,3/20/2019 9:59,STTD,2019,W,TRUE,RAN,Overtopping,1,14.3,0.22,170,213,7.74,9.01,27.4,5,Regular,673000,690162,17162,17162,52.71457561,52.71457561,1,NA,NA,Aquatic Insects,34,Family,Chironomidae,Chironomidae,Larvae,1,0.019,0.019,NA,NA,NA,NA,NA,NA,NA,NA,NA,NA,NA   NA   NA   NA,NA   NA   NA   NA
STTD_2019-03-20 09:59:00,3/20/2019 9:59,STTD,2019,W,TRUE,RAN,Overtopping,1,14.3,0.22,170,213,7.74,9.01,27.4,5,Regular,673000,690162,17162,17162,52.71457561,52.71457561,1,NA,NA,Aquatic Insects,34,Family,Chironomidae,Chironomidae,Pupae,6,0.114,0.114,NA,NA,NA,NA,NA,NA,NA,NA,NA,NA,NA   NA   NA   NA,NA   NA   NA   NA
STTD_2019-03-20 09:59:00,3/20/2019 9:59,STTD,2019,W,TRUE,RAN,Overtopping,1,14.3,0.22,170,213,7.74,9.01,27.4,5,Regular,673000,690162,17162,17162,52.71457561,52.71457561,1,NA,NA,Aquatic Insects,34,Family,Chironomidae,Chironomidae,Nymphs,0,0,0,NA,NA,NA,NA,NA,NA,NA,NA,NA,NA,NA   NA   NA   NA,NA   NA   NA   NA
STTD_2019-03-20 09:59:00,3/20/2019 9:59,STTD,2019,W,TRUE,RAN,Overtopping,1,14.3,0.22,170,213,7.74,9.01,27.4,5,Regular,673000,690162,17162,17162,52.71457561,52.71457561,1,NA,NA,Aquatic Insects,34,Family,Chironomidae,Chironomidae,Emergents,0,0,0,NA,NA,NA,NA,NA,NA,NA,NA,NA,NA,NA   NA   NA   NA,NA   NA   NA   NA
STTD_2019-03-20 09:59:00,3/20/2019 9:59,STTD,2019,W,TRUE,RAN,Overtopping,1,14.3,0.22,170,213,7.74,9.01,27.4,5,Regular,673000,690162,17162,17162,52.71457561,52.71457561,1,NA,NA,Aquatic Insects,34,Family,Chironomidae,Chironomidae,Adults,85,1.612,1.612,NA,NA,NA,NA,NA,NA,NA,NA,NA,NA,NA   NA   NA   NA,NA   NA   NA   NA
STTD_2019-03-20 09:59:00,3/20/2019 9:59,STTD,2019,W,TRUE,RAN,Overtopping,1,14.3,0.22,170,213,7.74,9.01,27.4,5,Regular,673000,690162,17162,17162,52.71457561,52.71457561,1,NA,NA,Aquatic Insects,34,Family,Chironomidae,Chironomidae,NotDetermined,0,0,0,NA,NA,NA,NA,NA,NA,NA,NA,NA,NA,NA   NA   NA   NA,NA   NA   NA   NA
STTD_2019-03-20 09:59:00,3/20/2019 9:59,STTD,2019,W,TRUE,RAN,Overtopping,1,14.3,0.22,170,213,7.74,9.01,27.4,5,Regular,673000,690162,17162,17162,52.71457561,52.71457561,1,NA,NA,Aquatic Insects,35,Family,Empididae,Empididae,Larvae,0,0,0,NA,NA,NA,NA,NA,NA,NA,NA,NA,NA,NA   NA   NA   NA,NA   NA   NA   NA
STTD_2019-03-20 09:59:00,3/20/2019 9:59,STTD,2019,W,TRUE,RAN,Overtopping,1,14.3,0.22,170,213,7.74,9.01,27.4,5,Regular,673000,690162,17162,17162,52.71457561,52.71457561,1,NA,NA,Aquatic Insects,35,Family,Empididae,Empididae,Pupae,0,0,0,NA,NA,NA,NA,NA,NA,NA,NA,NA,NA,NA   NA   NA   NA,NA   NA   NA   NA
STTD_2019-03-20 09:59:00,3/20/2019 9:59,STTD,2019,W,TRUE,RAN,Overtopping,1,14.3,0.22,170,213,7.74,9.01,27.4,5,Regular,673000,690162,17162,17162,52.71457561,52.71457561,1,NA,NA,Aquatic Insects,35,Family,Empididae,Empididae,Nymphs,0,0,0,NA,NA,NA,NA,NA,NA,NA,NA,NA,NA,NA   NA   NA   NA,NA   NA   NA   NA
STTD_2019-03-20 09:59:00,3/20/2019 9:59,STTD,2019,W,TRUE,RAN,Overtopping,1,14.3,0.22,170,213,7.74,9.01,27.4,5,Regular,673000,690162,17162,17162,52.71457561,52.71457561,1,NA,NA,Aquatic Insects,35,Family,Empididae,Empididae,Emergents,0,0,0,NA,NA,NA,NA,NA,NA,NA,NA,NA,NA,NA   NA   NA   NA,NA   NA   NA   NA
STTD_2019-03-20 09:59:00,3/20/2019 9:59,STTD,2019,W,TRUE,RAN,Overtopping,1,14.3,0.22,170,213,7.74,9.01,27.4,5,Regular,673000,690162,17162,17162,52.71457561,52.71457561,1,NA,NA,Aquatic Insects,35,Family,Empididae,Empididae,Adults,2,0.038,0.038,NA,NA,NA,NA,NA,NA,NA,NA,NA,NA,NA   NA   NA   NA,NA   NA   NA   NA
STTD_2019-03-20 09:59:00,3/20/2019 9:59,STTD,2019,W,TRUE,RAN,Overtopping,1,14.3,0.22,170,213,7.74,9.01,27.4,5,Regular,673000,690162,17162,17162,52.71457561,52.71457561,1,NA,NA,Aquatic Insects,35,Family,Empididae,Empididae,NotDetermined,0,0,0,NA,NA,NA,NA,NA,NA,NA,NA,NA,NA,NA   NA   NA   NA,NA   NA   NA   NA
STTD_2019-03-20 09:59:00,3/20/2019 9:59,STTD,2019,W,TRUE,RAN,Overtopping,1,14.3,0.22,170,213,7.74,9.01,27.4,5,Regular,673000,690162,17162,17162,52.71457561,52.71457561,1,NA,NA,Aquatic Insects,44,Family,Corixidae,Corixidae,Larvae,0,0,0,NA,NA,NA,NA,NA,NA,NA,NA,NA,NA,NA   NA   NA   NA,NA   NA   NA   NA
STTD_2019-03-20 09:59:00,3/20/2019 9:59,STTD,2019,W,TRUE,RAN,Overtopping,1,14.3,0.22,170,213,7.74,9.01,27.4,5,Regular,673000,690162,17162,17162,52.71457561,52.71457561,1,NA,NA,Aquatic Insects,44,Family,Corixidae,Corixidae,Pupae,0,0,0,NA,NA,NA,NA,NA,NA,NA,NA,NA,NA,NA   NA   NA   NA,NA   NA   NA   NA
STTD_2019-03-20 09:59:00,3/20/2019 9:59,STTD,2019,W,TRUE,RAN,Overtopping,1,14.3,0.22,170,213,7.74,9.01,27.4,5,Regular,673000,690162,17162,17162,52.71457561,52.71457561,1,NA,NA,Aquatic Insects,44,Family,Corixidae,Corixidae,Nymphs,2,0.038,0.038,NA,NA,NA,NA,NA,NA,NA,NA,NA,NA,NA   NA   NA   NA,NA   NA   NA   NA
STTD_2019-03-20 09:59:00,3/20/2019 9:59,STTD,2019,W,TRUE,RAN,Overtopping,1,14.3,0.22,170,213,7.74,9.01,27.4,5,Regular,673000,690162,17162,17162,52.71457561,52.71457561,1,NA,NA,Aquatic Insects,44,Family,Corixidae,Corixidae,Emergents,0,0,0,NA,NA,NA,NA,NA,NA,NA,NA,NA,NA,NA   NA   NA   NA,NA   NA   NA   NA
STTD_2019-03-20 09:59:00,3/20/2019 9:59,STTD,2019,W,TRUE,RAN,Overtopping,1,14.3,0.22,170,213,7.74,9.01,27.4,5,Regular,673000,690162,17162,17162,52.71457561,52.71457561,1,NA,NA,Aquatic Insects,44,Family,Corixidae,Corixidae,Adults,1,0.019,0.019,NA,NA,NA,NA,NA,NA,NA,NA,NA,NA,NA   NA   NA   NA,NA   NA   NA   NA
STTD_2019-03-20 09:59:00,3/20/2019 9:59,STTD,2019,W,TRUE,RAN,Overtopping,1,14.3,0.22,170,213,7.74,9.01,27.4,5,Regular,673000,690162,17162,17162,52.71457561,52.71457561,1,NA,NA,Aquatic Insects,44,Family,Corixidae,Corixidae,NotDetermined,0,0,0,NA,NA,NA,NA,NA,NA,NA,NA,NA,NA,NA   NA   NA   NA,NA   NA   NA   NA
STTD_2019-03-20 09:59:00,3/20/2019 9:59,STTD,2019,W,TRUE,RAN,Overtopping,1,14.3,0.22,170,213,7.74,9.01,27.4,5,Regular,673000,690162,17162,17162,52.71457561,52.71457561,1,NA,NA,Aquatic Non-Insects,2,Family,Enchytraeidae,Enchytraeidae,Larvae,0,0,0,NA,NA,NA,NA,NA,NA,NA,NA,NA,NA,NA   NA   NA   NA,NA   NA   NA   NA
STTD_2019-03-20 09:59:00,3/20/2019 9:59,STTD,2019,W,TRUE,RAN,Overtopping,1,14.3,0.22,170,213,7.74,9.01,27.4,5,Regular,673000,690162,17162,17162,52.71457561,52.71457561,1,NA,NA,Aquatic Non-Insects,2,Family,Enchytraeidae,Enchytraeidae,Pupae,0,0,0,NA,NA,NA,NA,NA,NA,NA,NA,NA,NA,NA   NA   NA   NA,NA   NA   NA   NA
STTD_2019-03-20 09:59:00,3/20/2019 9:59,STTD,2019,W,TRUE,RAN,Overtopping,1,14.3,0.22,170,213,7.74,9.01,27.4,5,Regular,673000,690162,17162,17162,52.71457561,52.71457561,1,NA,NA,Aquatic Non-Insects,2,Family,Enchytraeidae,Enchytraeidae,Nymphs,0,0,0,NA,NA,NA,NA,NA,NA,NA,NA,NA,NA,NA   NA   NA   NA,NA   NA   NA   NA
STTD_2019-03-20 09:59:00,3/20/2019 9:59,STTD,2019,W,TRUE,RAN,Overtopping,1,14.3,0.22,170,213,7.74,9.01,27.4,5,Regular,673000,690162,17162,17162,52.71457561,52.71457561,1,NA,NA,Aquatic Non-Insects,2,Family,Enchytraeidae,Enchytraeidae,Emergents,0,0,0,NA,NA,NA,NA,NA,NA,NA,NA,NA,NA,NA   NA   NA   NA,NA   NA   NA   NA
STTD_2019-03-20 09:59:00,3/20/2019 9:59,STTD,2019,W,TRUE,RAN,Overtopping,1,14.3,0.22,170,213,7.74,9.01,27.4,5,Regular,673000,690162,17162,17162,52.71457561,52.71457561,1,NA,NA,Aquatic Non-Insects,2,Family,Enchytraeidae,Enchytraeidae,Adults,0,0,0,NA,NA,NA,NA,NA,NA,NA,NA,NA,NA,NA   NA   NA   NA,NA   NA   NA   NA
STTD_2019-03-20 09:59:00,3/20/2019 9:59,STTD,2019,W,TRUE,RAN,Overtopping,1,14.3,0.22,170,213,7.74,9.01,27.4,5,Regular,673000,690162,17162,17162,52.71457561,52.71457561,1,NA,NA,Aquatic Non-Insects,2,Family,Enchytraeidae,Enchytraeidae,NotDetermined,2,0.038,0.038,NA,NA,NA,NA,NA,NA,NA,NA,NA,NA,NA   NA   NA   NA,NA   NA   NA   NA
STTD_2019-03-20 09:59:00,3/20/2019 9:59,STTD,2019,W,TRUE,RAN,Overtopping,1,14.3,0.22,170,213,7.74,9.01,27.4,5,Regular,673000,690162,17162,17162,52.71457561,52.71457561,1,NA,NA,Aquatic Non-Insects,9,Family,Corophiidae,Corophiidae,Larvae,0,0,0,NA,NA,NA,NA,NA,NA,NA,NA,NA,NA,NA   NA   NA   NA,NA   NA   NA   NA
STTD_2019-03-20 09:59:00,3/20/2019 9:59,STTD,2019,W,TRUE,RAN,Overtopping,1,14.3,0.22,170,213,7.74,9.01,27.4,5,Regular,673000,690162,17162,17162,52.71457561,52.71457561,1,NA,NA,Aquatic Non-Insects,9,Family,Corophiidae,Corophiidae,Pupae,0,0,0,NA,NA,NA,NA,NA,NA,NA,NA,NA,NA,NA   NA   NA   NA,NA   NA   NA   NA
STTD_2019-03-20 09:59:00,3/20/2019 9:59,STTD,2019,W,TRUE,RAN,Overtopping,1,14.3,0.22,170,213,7.74,9.01,27.4,5,Regular,673000,690162,17162,17162,52.71457561,52.71457561,1,NA,NA,Aquatic Non-Insects,9,Family,Corophiidae,Corophiidae,Nymphs,0,0,0,NA,NA,NA,NA,NA,NA,NA,NA,NA,NA,NA   NA   NA   NA,NA   NA   NA   NA
STTD_2019-03-20 09:59:00,3/20/2019 9:59,STTD,2019,W,TRUE,RAN,Overtopping,1,14.3,0.22,170,213,7.74,9.01,27.4,5,Regular,673000,690162,17162,17162,52.71457561,52.71457561,1,NA,NA,Aquatic Non-Insects,9,Family,Corophiidae,Corophiidae,Emergents,0,0,0,NA,NA,NA,NA,NA,NA,NA,NA,NA,NA,NA   NA   NA   NA,NA   NA   NA   NA
STTD_2019-03-20 09:59:00,3/20/2019 9:59,STTD,2019,W,TRUE,RAN,Overtopping,1,14.3,0.22,170,213,7.74,9.01,27.4,5,Regular,673000,690162,17162,17162,52.71457561,52.71457561,1,NA,NA,Aquatic Non-Insects,9,Family,Corophiidae,Corophiidae,Adults,0,0,0,NA,NA,NA,NA,NA,NA,NA,NA,NA,NA,NA   NA   NA   NA,NA   NA   NA   NA
STTD_2019-03-20 09:59:00,3/20/2019 9:59,STTD,2019,W,TRUE,RAN,Overtopping,1,14.3,0.22,170,213,7.74,9.01,27.4,5,Regular,673000,690162,17162,17162,52.71457561,52.71457561,1,NA,NA,Aquatic Non-Insects,9,Family,Corophiidae,Corophiidae,NotDetermined,1,0.019,0.019,NA,NA,NA,NA,NA,NA,NA,NA,NA,NA,NA   NA   NA   NA,NA   NA   NA   NA
STTD_2019-03-20 09:59:00,3/20/2019 9:59,STTD,2019,W,TRUE,RAN,Overtopping,1,14.3,0.22,170,213,7.74,9.01,27.4,5,Regular,673000,690162,17162,17162,52.71457561,52.71457561,1,NA,NA,Aquatic Non-Insects,15,Family,Hyalellidae,Hyalellidae,Larvae,0,0,0,NA,NA,NA,NA,NA,NA,NA,NA,NA,NA,NA   NA   NA   NA,NA   NA   NA   NA
STTD_2019-03-20 09:59:00,3/20/2019 9:59,STTD,2019,W,TRUE,RAN,Overtopping,1,14.3,0.22,170,213,7.74,9.01,27.4,5,Regular,673000,690162,17162,17162,52.71457561,52.71457561,1,NA,NA,Aquatic Non-Insects,15,Family,Hyalellidae,Hyalellidae,Pupae,0,0,0,NA,NA,NA,NA,NA,NA,NA,NA,NA,NA,NA   NA   NA   NA,NA   NA   NA   NA
STTD_2019-03-20 09:59:00,3/20/2019 9:59,STTD,2019,W,TRUE,RAN,Overtopping,1,14.3,0.22,170,213,7.74,9.01,27.4,5,Regular,673000,690162,17162,17162,52.71457561,52.71457561,1,NA,NA,Aquatic Non-Insects,15,Family,Hyalellidae,Hyalellidae,Nymphs,0,0,0,NA,NA,NA,NA,NA,NA,NA,NA,NA,NA,NA   NA   NA   NA,NA   NA   NA   NA
STTD_2019-03-20 09:59:00,3/20/2019 9:59,STTD,2019,W,TRUE,RAN,Overtopping,1,14.3,0.22,170,213,7.74,9.01,27.4,5,Regular,673000,690162,17162,17162,52.71457561,52.71457561,1,NA,NA,Aquatic Non-Insects,15,Family,Hyalellidae,Hyalellidae,Emergents,0,0,0,NA,NA,NA,NA,NA,NA,NA,NA,NA,NA,NA   NA   NA   NA,NA   NA   NA   NA
STTD_2019-03-20 09:59:00,3/20/2019 9:59,STTD,2019,W,TRUE,RAN,Overtopping,1,14.3,0.22,170,213,7.74,9.01,27.4,5,Regular,673000,690162,17162,17162,52.71457561,52.71457561,1,NA,NA,Aquatic Non-Insects,15,Family,Hyalellidae,Hyalellidae,Adults,0,0,0,NA,NA,NA,NA,NA,NA,NA,NA,NA,NA,NA   NA   NA   NA,NA   NA   NA   NA
STTD_2019-03-20 09:59:00,3/20/2019 9:59,STTD,2019,W,TRUE,RAN,Overtopping,1,14.3,0.22,170,213,7.74,9.01,27.4,5,Regular,673000,690162,17162,17162,52.71457561,52.71457561,1,NA,NA,Aquatic Non-Insects,15,Family,Hyalellidae,Hyalellidae,NotDetermined,3,0.057,0.057,NA,NA,NA,NA,NA,NA,NA,NA,NA,NA,NA   NA   NA   NA,NA   NA   NA   NA
STTD_2019-03-20 09:59:00,3/20/2019 9:59,STTD,2019,W,TRUE,RAN,Overtopping,1,14.3,0.22,170,213,7.74,9.01,27.4,5,Regular,673000,690162,17162,17162,52.71457561,52.71457561,1,NA,NA,Aquatic Non-Insects,20,Family,Physidae,Physidae,Larvae,0,0,0,NA,NA,NA,NA,NA,NA,NA,NA,NA,NA,NA   NA   NA   NA,NA   NA   NA   NA
STTD_2019-03-20 09:59:00,3/20/2019 9:59,STTD,2019,W,TRUE,RAN,Overtopping,1,14.3,0.22,170,213,7.74,9.01,27.4,5,Regular,673000,690162,17162,17162,52.71457561,52.71457561,1,NA,NA,Aquatic Non-Insects,20,Family,Physidae,Physidae,Pupae,0,0,0,NA,NA,NA,NA,NA,NA,NA,NA,NA,NA,NA   NA   NA   NA,NA   NA   NA   NA
STTD_2019-03-20 09:59:00,3/20/2019 9:59,STTD,2019,W,TRUE,RAN,Overtopping,1,14.3,0.22,170,213,7.74,9.01,27.4,5,Regular,673000,690162,17162,17162,52.71457561,52.71457561,1,NA,NA,Aquatic Non-Insects,20,Family,Physidae,Physidae,Nymphs,0,0,0,NA,NA,NA,NA,NA,NA,NA,NA,NA,NA,NA   NA   NA   NA,NA   NA   NA   NA
STTD_2019-03-20 09:59:00,3/20/2019 9:59,STTD,2019,W,TRUE,RAN,Overtopping,1,14.3,0.22,170,213,7.74,9.01,27.4,5,Regular,673000,690162,17162,17162,52.71457561,52.71457561,1,NA,NA,Aquatic Non-Insects,20,Family,Physidae,Physidae,Emergents,0,0,0,NA,NA,NA,NA,NA,NA,NA,NA,NA,NA,NA   NA   NA   NA,NA   NA   NA   NA
STTD_2019-03-20 09:59:00,3/20/2019 9:59,STTD,2019,W,TRUE,RAN,Overtopping,1,14.3,0.22,170,213,7.74,9.01,27.4,5,Regular,673000,690162,17162,17162,52.71457561,52.71457561,1,NA,NA,Aquatic Non-Insects,20,Family,Physidae,Physidae,Adults,0,0,0,NA,NA,NA,NA,NA,NA,NA,NA,NA,NA,NA   NA   NA   NA,NA   NA   NA   NA
STTD_2019-03-20 09:59:00,3/20/2019 9:59,STTD,2019,W,TRUE,RAN,Overtopping,1,14.3,0.22,170,213,7.74,9.01,27.4,5,Regular,673000,690162,17162,17162,52.71457561,52.71457561,1,NA,NA,Aquatic Non-Insects,20,Family,Physidae,Physidae,NotDetermined,55,1.043,1.043,NA,NA,NA,NA,NA,NA,NA,NA,NA,NA,NA   NA   NA   NA,NA   NA   NA   NA
STTD_2019-03-20 09:59:00,3/20/2019 9:59,STTD,2019,W,TRUE,RAN,Overtopping,1,14.3,0.22,170,213,7.74,9.01,27.4,5,Regular,673000,690162,17162,17162,52.71457561,52.71457561,1,NA,NA,Terrestrial Non-Insects,157,Order,Araneae,Araneae,Larvae,0,0,0,NA,NA,NA,NA,NA,NA,NA,NA,NA,NA,NA   NA   NA   NA,NA   NA   NA   NA
STTD_2019-03-20 09:59:00,3/20/2019 9:59,STTD,2019,W,TRUE,RAN,Overtopping,1,14.3,0.22,170,213,7.74,9.01,27.4,5,Regular,673000,690162,17162,17162,52.71457561,52.71457561,1,NA,NA,Terrestrial Non-Insects,157,Order,Araneae,Araneae,Pupae,0,0,0,NA,NA,NA,NA,NA,NA,NA,NA,NA,NA,NA   NA   NA   NA,NA   NA   NA   NA
STTD_2019-03-20 09:59:00,3/20/2019 9:59,STTD,2019,W,TRUE,RAN,Overtopping,1,14.3,0.22,170,213,7.74,9.01,27.4,5,Regular,673000,690162,17162,17162,52.71457561,52.71457561,1,NA,NA,Terrestrial Non-Insects,157,Order,Araneae,Araneae,Nymphs,0,0,0,NA,NA,NA,NA,NA,NA,NA,NA,NA,NA,NA   NA   NA   NA,NA   NA   NA   NA
STTD_2019-03-20 09:59:00,3/20/2019 9:59,STTD,2019,W,TRUE,RAN,Overtopping,1,14.3,0.22,170,213,7.74,9.01,27.4,5,Regular,673000,690162,17162,17162,52.71457561,52.71457561,1,NA,NA,Terrestrial Non-Insects,157,Order,Araneae,Araneae,Emergents,0,0,0,NA,NA,NA,NA,NA,NA,NA,NA,NA,NA,NA   NA   NA   NA,NA   NA   NA   NA
STTD_2019-03-20 09:59:00,3/20/2019 9:59,STTD,2019,W,TRUE,RAN,Overtopping,1,14.3,0.22,170,213,7.74,9.01,27.4,5,Regular,673000,690162,17162,17162,52.71457561,52.71457561,1,NA,NA,Terrestrial Non-Insects,157,Order,Araneae,Araneae,Adults,0,0,0,NA,NA,NA,NA,NA,NA,NA,NA,NA,NA,NA   NA   NA   NA,NA   NA   NA   NA
STTD_2019-03-20 09:59:00,3/20/2019 9:59,STTD,2019,W,TRUE,RAN,Overtopping,1,14.3,0.22,170,213,7.74,9.01,27.4,5,Regular,673000,690162,17162,17162,52.71457561,52.71457561,1,NA,NA,Terrestrial Non-Insects,157,Order,Araneae,Araneae,NotDetermined,4,0.076,0.076,NA,NA,NA,NA,NA,NA,NA,NA,NA,NA,NA   NA   NA   NA,NA   NA   NA   NA
STTD_2019-03-20 09:59:00,3/20/2019 9:59,STTD,2019,W,TRUE,RAN,Overtopping,1,14.3,0.22,170,213,7.74,9.01,27.4,5,Regular,673000,690162,17162,17162,52.71457561,52.71457561,1,NA,NA,Terrestrial Insects,63,Order,Coleoptera,Coleoptera,Larvae,0,0,0,NA,NA,NA,NA,NA,NA,NA,NA,NA,NA,NA   NA   NA   NA,NA   NA   NA   NA
STTD_2019-03-20 09:59:00,3/20/2019 9:59,STTD,2019,W,TRUE,RAN,Overtopping,1,14.3,0.22,170,213,7.74,9.01,27.4,5,Regular,673000,690162,17162,17162,52.71457561,52.71457561,1,NA,NA,Terrestrial Insects,63,Order,Coleoptera,Coleoptera,Pupae,0,0,0,NA,NA,NA,NA,NA,NA,NA,NA,NA,NA,NA   NA   NA   NA,NA   NA   NA   NA
STTD_2019-03-20 09:59:00,3/20/2019 9:59,STTD,2019,W,TRUE,RAN,Overtopping,1,14.3,0.22,170,213,7.74,9.01,27.4,5,Regular,673000,690162,17162,17162,52.71457561,52.71457561,1,NA,NA,Terrestrial Insects,63,Order,Coleoptera,Coleoptera,Nymphs,0,0,0,NA,NA,NA,NA,NA,NA,NA,NA,NA,NA,NA   NA   NA   NA,NA   NA   NA   NA
STTD_2019-03-20 09:59:00,3/20/2019 9:59,STTD,2019,W,TRUE,RAN,Overtopping,1,14.3,0.22,170,213,7.74,9.01,27.4,5,Regular,673000,690162,17162,17162,52.71457561,52.71457561,1,NA,NA,Terrestrial Insects,63,Order,Coleoptera,Coleoptera,Emergents,0,0,0,NA,NA,NA,NA,NA,NA,NA,NA,NA,NA,NA   NA   NA   NA,NA   NA   NA   NA
STTD_2019-03-20 09:59:00,3/20/2019 9:59,STTD,2019,W,TRUE,RAN,Overtopping,1,14.3,0.22,170,213,7.74,9.01,27.4,5,Regular,673000,690162,17162,17162,52.71457561,52.71457561,1,NA,NA,Terrestrial Insects,63,Order,Coleoptera,Coleoptera,Adults,18,0.341,0.341,NA,NA,NA,NA,NA,NA,NA,NA,NA,NA,NA   NA   NA   NA,NA   NA   NA   NA
STTD_2019-03-20 09:59:00,3/20/2019 9:59,STTD,2019,W,TRUE,RAN,Overtopping,1,14.3,0.22,170,213,7.74,9.01,27.4,5,Regular,673000,690162,17162,17162,52.71457561,52.71457561,1,NA,NA,Terrestrial Insects,63,Order,Coleoptera,Coleoptera,NotDetermined,0,0,0,NA,NA,NA,NA,NA,NA,NA,NA,NA,NA,NA   NA   NA   NA,NA   NA   NA   NA
STTD_2019-03-20 09:59:00,3/20/2019 9:59,STTD,2019,W,TRUE,RAN,Overtopping,1,14.3,0.22,170,213,7.74,9.01,27.4,5,Regular,673000,690162,17162,17162,52.71457561,52.71457561,1,NA,NA,Terrestrial Insects,192,Family,Phoridae,Phoridae,Larvae,0,0,0,NA,NA,NA,NA,NA,NA,NA,NA,NA,NA,NA   NA   NA   NA,NA   NA   NA   NA
STTD_2019-03-20 09:59:00,3/20/2019 9:59,STTD,2019,W,TRUE,RAN,Overtopping,1,14.3,0.22,170,213,7.74,9.01,27.4,5,Regular,673000,690162,17162,17162,52.71457561,52.71457561,1,NA,NA,Terrestrial Insects,192,Family,Phoridae,Phoridae,Pupae,0,0,0,NA,NA,NA,NA,NA,NA,NA,NA,NA,NA,NA   NA   NA   NA,NA   NA   NA   NA
STTD_2019-03-20 09:59:00,3/20/2019 9:59,STTD,2019,W,TRUE,RAN,Overtopping,1,14.3,0.22,170,213,7.74,9.01,27.4,5,Regular,673000,690162,17162,17162,52.71457561,52.71457561,1,NA,NA,Terrestrial Insects,192,Family,Phoridae,Phoridae,Nymphs,0,0,0,NA,NA,NA,NA,NA,NA,NA,NA,NA,NA,NA   NA   NA   NA,NA   NA   NA   NA
STTD_2019-03-20 09:59:00,3/20/2019 9:59,STTD,2019,W,TRUE,RAN,Overtopping,1,14.3,0.22,170,213,7.74,9.01,27.4,5,Regular,673000,690162,17162,17162,52.71457561,52.71457561,1,NA,NA,Terrestrial Insects,192,Family,Phoridae,Phoridae,Emergents,0,0,0,NA,NA,NA,NA,NA,NA,NA,NA,NA,NA,NA   NA   NA   NA,NA   NA   NA   NA
STTD_2019-03-20 09:59:00,3/20/2019 9:59,STTD,2019,W,TRUE,RAN,Overtopping,1,14.3,0.22,170,213,7.74,9.01,27.4,5,Regular,673000,690162,17162,17162,52.71457561,52.71457561,1,NA,NA,Terrestrial Insects,192,Family,Phoridae,Phoridae,Adults,31,0.588,0.588,NA,NA,NA,NA,NA,NA,NA,NA,NA,NA,NA   NA   NA   NA,NA   NA   NA   NA
STTD_2019-03-20 09:59:00,3/20/2019 9:59,STTD,2019,W,TRUE,RAN,Overtopping,1,14.3,0.22,170,213,7.74,9.01,27.4,5,Regular,673000,690162,17162,17162,52.71457561,52.71457561,1,NA,NA,Terrestrial Insects,192,Family,Phoridae,Phoridae,NotDetermined,0,0,0,NA,NA,NA,NA,NA,NA,NA,NA,NA,NA,NA   NA   NA   NA,NA   NA   NA   NA
STTD_2019-03-20 09:59:00,3/20/2019 9:59,STTD,2019,W,TRUE,RAN,Overtopping,1,14.3,0.22,170,213,7.74,9.01,27.4,5,Regular,673000,690162,17162,17162,52.71457561,52.71457561,1,NA,NA,Terrestrial Insects,193,Family,Mesoveliidae,Mesoveliidae,Larvae,0,0,0,NA,NA,NA,NA,NA,NA,NA,NA,NA,NA,NA   NA   NA   NA,NA   NA   NA   NA
STTD_2019-03-20 09:59:00,3/20/2019 9:59,STTD,2019,W,TRUE,RAN,Overtopping,1,14.3,0.22,170,213,7.74,9.01,27.4,5,Regular,673000,690162,17162,17162,52.71457561,52.71457561,1,NA,NA,Terrestrial Insects,193,Family,Mesoveliidae,Mesoveliidae,Pupae,0,0,0,NA,NA,NA,NA,NA,NA,NA,NA,NA,NA,NA   NA   NA   NA,NA   NA   NA   NA
STTD_2019-03-20 09:59:00,3/20/2019 9:59,STTD,2019,W,TRUE,RAN,Overtopping,1,14.3,0.22,170,213,7.74,9.01,27.4,5,Regular,673000,690162,17162,17162,52.71457561,52.71457561,1,NA,NA,Terrestrial Insects,193,Family,Mesoveliidae,Mesoveliidae,Nymphs,3,0.057,0.057,NA,NA,NA,NA,NA,NA,NA,NA,NA,NA,NA   NA   NA   NA,NA   NA   NA   NA
STTD_2019-03-20 09:59:00,3/20/2019 9:59,STTD,2019,W,TRUE,RAN,Overtopping,1,14.3,0.22,170,213,7.74,9.01,27.4,5,Regular,673000,690162,17162,17162,52.71457561,52.71457561,1,NA,NA,Terrestrial Insects,193,Family,Mesoveliidae,Mesoveliidae,Emergents,0,0,0,NA,NA,NA,NA,NA,NA,NA,NA,NA,NA,NA   NA   NA   NA,NA   NA   NA   NA
STTD_2019-03-20 09:59:00,3/20/2019 9:59,STTD,2019,W,TRUE,RAN,Overtopping,1,14.3,0.22,170,213,7.74,9.01,27.4,5,Regular,673000,690162,17162,17162,52.71457561,52.71457561,1,NA,NA,Terrestrial Insects,193,Family,Mesoveliidae,Mesoveliidae,Adults,5,0.095,0.095,NA,NA,NA,NA,NA,NA,NA,NA,NA,NA,NA   NA   NA   NA,NA   NA   NA   NA
STTD_2019-03-20 09:59:00,3/20/2019 9:59,STTD,2019,W,TRUE,RAN,Overtopping,1,14.3,0.22,170,213,7.74,9.01,27.4,5,Regular,673000,690162,17162,17162,52.71457561,52.71457561,1,NA,NA,Terrestrial Insects,193,Family,Mesoveliidae,Mesoveliidae,NotDetermined,0,0,0,NA,NA,NA,NA,NA,NA,NA,NA,NA,NA,NA   NA   NA   NA,NA   NA   NA   NA
STTD_2019-03-20 09:59:00,3/20/2019 9:59,STTD,2019,W,TRUE,RAN,Overtopping,1,14.3,0.22,170,213,7.74,9.01,27.4,5,Regular,673000,690162,17162,17162,52.71457561,52.71457561,1,NA,NA,Terrestrial Insects,67,Order,Psocoptera,Psocoptera,Larvae,0,0,0,NA,NA,NA,NA,NA,NA,NA,NA,NA,NA,NA   NA   NA   NA,NA   NA   NA   NA
STTD_2019-03-20 09:59:00,3/20/2019 9:59,STTD,2019,W,TRUE,RAN,Overtopping,1,14.3,0.22,170,213,7.74,9.01,27.4,5,Regular,673000,690162,17162,17162,52.71457561,52.71457561,1,NA,NA,Terrestrial Insects,67,Order,Psocoptera,Psocoptera,Pupae,0,0,0,NA,NA,NA,NA,NA,NA,NA,NA,NA,NA,NA   NA   NA   NA,NA   NA   NA   NA
STTD_2019-03-20 09:59:00,3/20/2019 9:59,STTD,2019,W,TRUE,RAN,Overtopping,1,14.3,0.22,170,213,7.74,9.01,27.4,5,Regular,673000,690162,17162,17162,52.71457561,52.71457561,1,NA,NA,Terrestrial Insects,67,Order,Psocoptera,Psocoptera,Nymphs,0,0,0,NA,NA,NA,NA,NA,NA,NA,NA,NA,NA,NA   NA   NA   NA,NA   NA   NA   NA
STTD_2019-03-20 09:59:00,3/20/2019 9:59,STTD,2019,W,TRUE,RAN,Overtopping,1,14.3,0.22,170,213,7.74,9.01,27.4,5,Regular,673000,690162,17162,17162,52.71457561,52.71457561,1,NA,NA,Terrestrial Insects,67,Order,Psocoptera,Psocoptera,Emergents,0,0,0,NA,NA,NA,NA,NA,NA,NA,NA,NA,NA,NA   NA   NA   NA,NA   NA   NA   NA
STTD_2019-03-20 09:59:00,3/20/2019 9:59,STTD,2019,W,TRUE,RAN,Overtopping,1,14.3,0.22,170,213,7.74,9.01,27.4,5,Regular,673000,690162,17162,17162,52.71457561,52.71457561,1,NA,NA,Terrestrial Insects,67,Order,Psocoptera,Psocoptera,Adults,1,0.019,0.019,NA,NA,NA,NA,NA,NA,NA,NA,NA,NA,NA   NA   NA   NA,NA   NA   NA   NA
STTD_2019-03-20 09:59:00,3/20/2019 9:59,STTD,2019,W,TRUE,RAN,Overtopping,1,14.3,0.22,170,213,7.74,9.01,27.4,5,Regular,673000,690162,17162,17162,52.71457561,52.71457561,1,NA,NA,Terrestrial Insects,67,Order,Psocoptera,Psocoptera,NotDetermined,0,0,0,NA,NA,NA,NA,NA,NA,NA,NA,NA,NA,NA   NA   NA   NA,NA   NA   NA   NA
STTD_2019-03-20 09:59:00,3/20/2019 9:59,STTD,2019,W,TRUE,RAN,Overtopping,1,14.3,0.22,170,213,7.74,9.01,27.4,5,Regular,673000,690162,17162,17162,52.71457561,52.71457561,1,NA,NA,Terrestrial Insects,74,Order,Neuroptera,Neuroptera,Larvae,1,0.019,0.019,NA,NA,NA,NA,NA,NA,NA,NA,NA,NA,NA   NA   NA   NA,NA   NA   NA   NA
STTD_2019-03-20 09:59:00,3/20/2019 9:59,STTD,2019,W,TRUE,RAN,Overtopping,1,14.3,0.22,170,213,7.74,9.01,27.4,5,Regular,673000,690162,17162,17162,52.71457561,52.71457561,1,NA,NA,Terrestrial Insects,74,Order,Neuroptera,Neuroptera,Pupae,0,0,0,NA,NA,NA,NA,NA,NA,NA,NA,NA,NA,NA   NA   NA   NA,NA   NA   NA   NA
STTD_2019-03-20 09:59:00,3/20/2019 9:59,STTD,2019,W,TRUE,RAN,Overtopping,1,14.3,0.22,170,213,7.74,9.01,27.4,5,Regular,673000,690162,17162,17162,52.71457561,52.71457561,1,NA,NA,Terrestrial Insects,74,Order,Neuroptera,Neuroptera,Nymphs,0,0,0,NA,NA,NA,NA,NA,NA,NA,NA,NA,NA,NA   NA   NA   NA,NA   NA   NA   NA
STTD_2019-03-20 09:59:00,3/20/2019 9:59,STTD,2019,W,TRUE,RAN,Overtopping,1,14.3,0.22,170,213,7.74,9.01,27.4,5,Regular,673000,690162,17162,17162,52.71457561,52.71457561,1,NA,NA,Terrestrial Insects,74,Order,Neuroptera,Neuroptera,Emergents,0,0,0,NA,NA,NA,NA,NA,NA,NA,NA,NA,NA,NA   NA   NA   NA,NA   NA   NA   NA
STTD_2019-03-20 09:59:00,3/20/2019 9:59,STTD,2019,W,TRUE,RAN,Overtopping,1,14.3,0.22,170,213,7.74,9.01,27.4,5,Regular,673000,690162,17162,17162,52.71457561,52.71457561,1,NA,NA,Terrestrial Insects,74,Order,Neuroptera,Neuroptera,Adults,0,0,0,NA,NA,NA,NA,NA,NA,NA,NA,NA,NA,NA   NA   NA   NA,NA   NA   NA   NA
STTD_2019-03-20 09:59:00,3/20/2019 9:59,STTD,2019,W,TRUE,RAN,Overtopping,1,14.3,0.22,170,213,7.74,9.01,27.4,5,Regular,673000,690162,17162,17162,52.71457561,52.71457561,1,NA,NA,Terrestrial Insects,74,Order,Neuroptera,Neuroptera,NotDetermined,0,0,0,NA,NA,NA,NA,NA,NA,NA,NA,NA,NA,NA   NA   NA   NA,NA   NA   NA   NA
SHR_2019-03-21 08:44:00,3/21/2019 8:44,SHR,2019,W,TRUE,CLR,NA,1,12.4,0.4,108,142,7.64,10.35,20.7,10,Regular,690000,701885,11885,11885,36.50581116,36.50581116,1,NA,NA,Aquatic Insects,34,Family,Chironomidae,Chironomidae,Larvae,1,0.027,0.027,NA,NA,NA,NA,NA,NA,NA,NA,NA,NA,NA   NA   NA   NA,NA   NA   NA   NA
SHR_2019-03-21 08:44:00,3/21/2019 8:44,SHR,2019,W,TRUE,CLR,NA,1,12.4,0.4,108,142,7.64,10.35,20.7,10,Regular,690000,701885,11885,11885,36.50581116,36.50581116,1,NA,NA,Aquatic Insects,34,Family,Chironomidae,Chironomidae,Pupae,1,0.027,0.027,NA,NA,NA,NA,NA,NA,NA,NA,NA,NA,NA   NA   NA   NA,NA   NA   NA   NA
SHR_2019-03-21 08:44:00,3/21/2019 8:44,SHR,2019,W,TRUE,CLR,NA,1,12.4,0.4,108,142,7.64,10.35,20.7,10,Regular,690000,701885,11885,11885,36.50581116,36.50581116,1,NA,NA,Aquatic Insects,34,Family,Chironomidae,Chironomidae,Nymphs,0,0,0,NA,NA,NA,NA,NA,NA,NA,NA,NA,NA,NA   NA   NA   NA,NA   NA   NA   NA
SHR_2019-03-21 08:44:00,3/21/2019 8:44,SHR,2019,W,TRUE,CLR,NA,1,12.4,0.4,108,142,7.64,10.35,20.7,10,Regular,690000,701885,11885,11885,36.50581116,36.50581116,1,NA,NA,Aquatic Insects,34,Family,Chironomidae,Chironomidae,Emergents,0,0,0,NA,NA,NA,NA,NA,NA,NA,NA,NA,NA,NA   NA   NA   NA,NA   NA   NA   NA
SHR_2019-03-21 08:44:00,3/21/2019 8:44,SHR,2019,W,TRUE,CLR,NA,1,12.4,0.4,108,142,7.64,10.35,20.7,10,Regular,690000,701885,11885,11885,36.50581116,36.50581116,1,NA,NA,Aquatic Insects,34,Family,Chironomidae,Chironomidae,Adults,1,0.027,0.027,NA,NA,NA,NA,NA,NA,NA,NA,NA,NA,NA   NA   NA   NA,NA   NA   NA   NA
SHR_2019-03-21 08:44:00,3/21/2019 8:44,SHR,2019,W,TRUE,CLR,NA,1,12.4,0.4,108,142,7.64,10.35,20.7,10,Regular,690000,701885,11885,11885,36.50581116,36.50581116,1,NA,NA,Aquatic Insects,34,Family,Chironomidae,Chironomidae,NotDetermined,0,0,0,NA,NA,NA,NA,NA,NA,NA,NA,NA,NA,NA   NA   NA   NA,NA   NA   NA   NA
SHR_2019-03-21 08:44:00,3/21/2019 8:44,SHR,2019,W,TRUE,CLR,NA,1,12.4,0.4,108,142,7.64,10.35,20.7,10,Regular,690000,701885,11885,11885,36.50581116,36.50581116,1,NA,NA,Aquatic Insects,38,Family,Simuliidae,Simuliidae,Larvae,1,0.027,0.027,NA,NA,NA,NA,NA,NA,NA,NA,NA,NA,NA   NA   NA   NA,NA   NA   NA   NA
SHR_2019-03-21 08:44:00,3/21/2019 8:44,SHR,2019,W,TRUE,CLR,NA,1,12.4,0.4,108,142,7.64,10.35,20.7,10,Regular,690000,701885,11885,11885,36.50581116,36.50581116,1,NA,NA,Aquatic Insects,38,Family,Simuliidae,Simuliidae,Pupae,0,0,0,NA,NA,NA,NA,NA,NA,NA,NA,NA,NA,NA   NA   NA   NA,NA   NA   NA   NA
SHR_2019-03-21 08:44:00,3/21/2019 8:44,SHR,2019,W,TRUE,CLR,NA,1,12.4,0.4,108,142,7.64,10.35,20.7,10,Regular,690000,701885,11885,11885,36.50581116,36.50581116,1,NA,NA,Aquatic Insects,38,Family,Simuliidae,Simuliidae,Nymphs,0,0,0,NA,NA,NA,NA,NA,NA,NA,NA,NA,NA,NA   NA   NA   NA,NA   NA   NA   NA
SHR_2019-03-21 08:44:00,3/21/2019 8:44,SHR,2019,W,TRUE,CLR,NA,1,12.4,0.4,108,142,7.64,10.35,20.7,10,Regular,690000,701885,11885,11885,36.50581116,36.50581116,1,NA,NA,Aquatic Insects,38,Family,Simuliidae,Simuliidae,Emergents,0,0,0,NA,NA,NA,NA,NA,NA,NA,NA,NA,NA,NA   NA   NA   NA,NA   NA   NA   NA
SHR_2019-03-21 08:44:00,3/21/2019 8:44,SHR,2019,W,TRUE,CLR,NA,1,12.4,0.4,108,142,7.64,10.35,20.7,10,Regular,690000,701885,11885,11885,36.50581116,36.50581116,1,NA,NA,Aquatic Insects,38,Family,Simuliidae,Simuliidae,Adults,0,0,0,NA,NA,NA,NA,NA,NA,NA,NA,NA,NA,NA   NA   NA   NA,NA   NA   NA   NA
SHR_2019-03-21 08:44:00,3/21/2019 8:44,SHR,2019,W,TRUE,CLR,NA,1,12.4,0.4,108,142,7.64,10.35,20.7,10,Regular,690000,701885,11885,11885,36.50581116,36.50581116,1,NA,NA,Aquatic Insects,38,Family,Simuliidae,Simuliidae,NotDetermined,0,0,0,NA,NA,NA,NA,NA,NA,NA,NA,NA,NA,NA   NA   NA   NA,NA   NA   NA   NA
SHR_2019-03-21 08:44:00,3/21/2019 8:44,SHR,2019,W,TRUE,CLR,NA,1,12.4,0.4,108,142,7.64,10.35,20.7,10,Regular,690000,701885,11885,11885,36.50581116,36.50581116,1,NA,NA,Aquatic Non-Insects,4,Family,Naididae,Naididae,Larvae,0,0,0,NA,NA,NA,NA,NA,NA,NA,NA,NA,NA,NA   NA   NA   NA,NA   NA   NA   NA
SHR_2019-03-21 08:44:00,3/21/2019 8:44,SHR,2019,W,TRUE,CLR,NA,1,12.4,0.4,108,142,7.64,10.35,20.7,10,Regular,690000,701885,11885,11885,36.50581116,36.50581116,1,NA,NA,Aquatic Non-Insects,4,Family,Naididae,Naididae,Pupae,0,0,0,NA,NA,NA,NA,NA,NA,NA,NA,NA,NA,NA   NA   NA   NA,NA   NA   NA   NA
SHR_2019-03-21 08:44:00,3/21/2019 8:44,SHR,2019,W,TRUE,CLR,NA,1,12.4,0.4,108,142,7.64,10.35,20.7,10,Regular,690000,701885,11885,11885,36.50581116,36.50581116,1,NA,NA,Aquatic Non-Insects,4,Family,Naididae,Naididae,Nymphs,0,0,0,NA,NA,NA,NA,NA,NA,NA,NA,NA,NA,NA   NA   NA   NA,NA   NA   NA   NA
SHR_2019-03-21 08:44:00,3/21/2019 8:44,SHR,2019,W,TRUE,CLR,NA,1,12.4,0.4,108,142,7.64,10.35,20.7,10,Regular,690000,701885,11885,11885,36.50581116,36.50581116,1,NA,NA,Aquatic Non-Insects,4,Family,Naididae,Naididae,Emergents,0,0,0,NA,NA,NA,NA,NA,NA,NA,NA,NA,NA,NA   NA   NA   NA,NA   NA   NA   NA
SHR_2019-03-21 08:44:00,3/21/2019 8:44,SHR,2019,W,TRUE,CLR,NA,1,12.4,0.4,108,142,7.64,10.35,20.7,10,Regular,690000,701885,11885,11885,36.50581116,36.50581116,1,NA,NA,Aquatic Non-Insects,4,Family,Naididae,Naididae,Adults,0,0,0,NA,NA,NA,NA,NA,NA,NA,NA,NA,NA,NA   NA   NA   NA,NA   NA   NA   NA
SHR_2019-03-21 08:44:00,3/21/2019 8:44,SHR,2019,W,TRUE,CLR,NA,1,12.4,0.4,108,142,7.64,10.35,20.7,10,Regular,690000,701885,11885,11885,36.50581116,36.50581116,1,NA,NA,Aquatic Non-Insects,4,Family,Naididae,Naididae,NotDetermined,2,0.055,0.055,NA,NA,NA,NA,NA,NA,NA,NA,NA,NA,NA   NA   NA   NA,NA   NA   NA   NA
STTD_2019-03-28 10:00:00,3/28/2019 10:00,STTD,2019,W,TRUE,CLD,Overtopping,1,14,0.28,349,441,8.13,9.02,23.3,5,Regular,702400,719000,16600,16600,50.98834373,50.98834373,1,"High flow, 5 min set",NA,Aquatic Insects,30,Family,Dytiscidae,Dytiscidae,Larvae,0,0,0,NA,NA,NA,NA,NA,NA,NA,NA,NA,NA,NA   NA   NA   NA,NA   NA   NA   NA
STTD_2019-03-28 10:00:00,3/28/2019 10:00,STTD,2019,W,TRUE,CLD,Overtopping,1,14,0.28,349,441,8.13,9.02,23.3,5,Regular,702400,719000,16600,16600,50.98834373,50.98834373,1,"High flow, 5 min set",NA,Aquatic Insects,30,Family,Dytiscidae,Dytiscidae,Pupae,0,0,0,NA,NA,NA,NA,NA,NA,NA,NA,NA,NA,NA   NA   NA   NA,NA   NA   NA   NA
STTD_2019-03-28 10:00:00,3/28/2019 10:00,STTD,2019,W,TRUE,CLD,Overtopping,1,14,0.28,349,441,8.13,9.02,23.3,5,Regular,702400,719000,16600,16600,50.98834373,50.98834373,1,"High flow, 5 min set",NA,Aquatic Insects,30,Family,Dytiscidae,Dytiscidae,Nymphs,0,0,0,NA,NA,NA,NA,NA,NA,NA,NA,NA,NA,NA   NA   NA   NA,NA   NA   NA   NA
STTD_2019-03-28 10:00:00,3/28/2019 10:00,STTD,2019,W,TRUE,CLD,Overtopping,1,14,0.28,349,441,8.13,9.02,23.3,5,Regular,702400,719000,16600,16600,50.98834373,50.98834373,1,"High flow, 5 min set",NA,Aquatic Insects,30,Family,Dytiscidae,Dytiscidae,Emergents,0,0,0,NA,NA,NA,NA,NA,NA,NA,NA,NA,NA,NA   NA   NA   NA,NA   NA   NA   NA
STTD_2019-03-28 10:00:00,3/28/2019 10:00,STTD,2019,W,TRUE,CLD,Overtopping,1,14,0.28,349,441,8.13,9.02,23.3,5,Regular,702400,719000,16600,16600,50.98834373,50.98834373,1,"High flow, 5 min set",NA,Aquatic Insects,30,Family,Dytiscidae,Dytiscidae,Adults,6,0.118,0.118,NA,NA,NA,NA,NA,NA,NA,NA,NA,NA,NA   NA   NA   NA,NA   NA   NA   NA
STTD_2019-03-28 10:00:00,3/28/2019 10:00,STTD,2019,W,TRUE,CLD,Overtopping,1,14,0.28,349,441,8.13,9.02,23.3,5,Regular,702400,719000,16600,16600,50.98834373,50.98834373,1,"High flow, 5 min set",NA,Aquatic Insects,30,Family,Dytiscidae,Dytiscidae,NotDetermined,0,0,0,NA,NA,NA,NA,NA,NA,NA,NA,NA,NA,NA   NA   NA   NA,NA   NA   NA   NA
STTD_2019-03-28 10:00:00,3/28/2019 10:00,STTD,2019,W,TRUE,CLD,Overtopping,1,14,0.28,349,441,8.13,9.02,23.3,5,Regular,702400,719000,16600,16600,50.98834373,50.98834373,1,"High flow, 5 min set",NA,Aquatic Insects,34,Family,Chironomidae,Chironomidae,Larvae,3,0.059,0.059,NA,NA,NA,NA,NA,NA,NA,NA,NA,NA,NA   NA   NA   NA,NA   NA   NA   NA
STTD_2019-03-28 10:00:00,3/28/2019 10:00,STTD,2019,W,TRUE,CLD,Overtopping,1,14,0.28,349,441,8.13,9.02,23.3,5,Regular,702400,719000,16600,16600,50.98834373,50.98834373,1,"High flow, 5 min set",NA,Aquatic Insects,34,Family,Chironomidae,Chironomidae,Pupae,15,0.294,0.294,NA,NA,NA,NA,NA,NA,NA,NA,NA,NA,NA   NA   NA   NA,NA   NA   NA   NA
STTD_2019-03-28 10:00:00,3/28/2019 10:00,STTD,2019,W,TRUE,CLD,Overtopping,1,14,0.28,349,441,8.13,9.02,23.3,5,Regular,702400,719000,16600,16600,50.98834373,50.98834373,1,"High flow, 5 min set",NA,Aquatic Insects,34,Family,Chironomidae,Chironomidae,Nymphs,0,0,0,NA,NA,NA,NA,NA,NA,NA,NA,NA,NA,NA   NA   NA   NA,NA   NA   NA   NA
STTD_2019-03-28 10:00:00,3/28/2019 10:00,STTD,2019,W,TRUE,CLD,Overtopping,1,14,0.28,349,441,8.13,9.02,23.3,5,Regular,702400,719000,16600,16600,50.98834373,50.98834373,1,"High flow, 5 min set",NA,Aquatic Insects,34,Family,Chironomidae,Chironomidae,Emergents,0,0,0,NA,NA,NA,NA,NA,NA,NA,NA,NA,NA,NA   NA   NA   NA,NA   NA   NA   NA
STTD_2019-03-28 10:00:00,3/28/2019 10:00,STTD,2019,W,TRUE,CLD,Overtopping,1,14,0.28,349,441,8.13,9.02,23.3,5,Regular,702400,719000,16600,16600,50.98834373,50.98834373,1,"High flow, 5 min set",NA,Aquatic Insects,34,Family,Chironomidae,Chironomidae,Adults,960,18.828,18.828,NA,NA,NA,NA,NA,NA,NA,NA,NA,NA,NA   NA   NA   NA,NA   NA   NA   NA
STTD_2019-03-28 10:00:00,3/28/2019 10:00,STTD,2019,W,TRUE,CLD,Overtopping,1,14,0.28,349,441,8.13,9.02,23.3,5,Regular,702400,719000,16600,16600,50.98834373,50.98834373,1,"High flow, 5 min set",NA,Aquatic Insects,34,Family,Chironomidae,Chironomidae,NotDetermined,0,0,0,NA,NA,NA,NA,NA,NA,NA,NA,NA,NA,NA   NA   NA   NA,NA   NA   NA   NA
STTD_2019-03-28 10:00:00,3/28/2019 10:00,STTD,2019,W,TRUE,CLD,Overtopping,1,14,0.28,349,441,8.13,9.02,23.3,5,Regular,702400,719000,16600,16600,50.98834373,50.98834373,1,"High flow, 5 min set",NA,Aquatic Insects,36,Family,Ephydridae,Ephydridae,Larvae,0,0,0,NA,NA,NA,NA,NA,NA,NA,NA,NA,NA,NA   NA   NA   NA,NA   NA   NA   NA
STTD_2019-03-28 10:00:00,3/28/2019 10:00,STTD,2019,W,TRUE,CLD,Overtopping,1,14,0.28,349,441,8.13,9.02,23.3,5,Regular,702400,719000,16600,16600,50.98834373,50.98834373,1,"High flow, 5 min set",NA,Aquatic Insects,36,Family,Ephydridae,Ephydridae,Pupae,1,0.02,0.02,NA,NA,NA,NA,NA,NA,NA,NA,NA,NA,NA   NA   NA   NA,NA   NA   NA   NA
STTD_2019-03-28 10:00:00,3/28/2019 10:00,STTD,2019,W,TRUE,CLD,Overtopping,1,14,0.28,349,441,8.13,9.02,23.3,5,Regular,702400,719000,16600,16600,50.98834373,50.98834373,1,"High flow, 5 min set",NA,Aquatic Insects,36,Family,Ephydridae,Ephydridae,Nymphs,0,0,0,NA,NA,NA,NA,NA,NA,NA,NA,NA,NA,NA   NA   NA   NA,NA   NA   NA   NA
STTD_2019-03-28 10:00:00,3/28/2019 10:00,STTD,2019,W,TRUE,CLD,Overtopping,1,14,0.28,349,441,8.13,9.02,23.3,5,Regular,702400,719000,16600,16600,50.98834373,50.98834373,1,"High flow, 5 min set",NA,Aquatic Insects,36,Family,Ephydridae,Ephydridae,Emergents,0,0,0,NA,NA,NA,NA,NA,NA,NA,NA,NA,NA,NA   NA   NA   NA,NA   NA   NA   NA
STTD_2019-03-28 10:00:00,3/28/2019 10:00,STTD,2019,W,TRUE,CLD,Overtopping,1,14,0.28,349,441,8.13,9.02,23.3,5,Regular,702400,719000,16600,16600,50.98834373,50.98834373,1,"High flow, 5 min set",NA,Aquatic Insects,36,Family,Ephydridae,Ephydridae,Adults,0,0,0,NA,NA,NA,NA,NA,NA,NA,NA,NA,NA,NA   NA   NA   NA,NA   NA   NA   NA
STTD_2019-03-28 10:00:00,3/28/2019 10:00,STTD,2019,W,TRUE,CLD,Overtopping,1,14,0.28,349,441,8.13,9.02,23.3,5,Regular,702400,719000,16600,16600,50.98834373,50.98834373,1,"High flow, 5 min set",NA,Aquatic Insects,36,Family,Ephydridae,Ephydridae,NotDetermined,0,0,0,NA,NA,NA,NA,NA,NA,NA,NA,NA,NA,NA   NA   NA   NA,NA   NA   NA   NA
STTD_2019-03-28 10:00:00,3/28/2019 10:00,STTD,2019,W,TRUE,CLD,Overtopping,1,14,0.28,349,441,8.13,9.02,23.3,5,Regular,702400,719000,16600,16600,50.98834373,50.98834373,1,"High flow, 5 min set",NA,Aquatic Insects,35,Family,Empididae,Empididae,Larvae,0,0,0,NA,NA,NA,NA,NA,NA,NA,NA,NA,NA,NA   NA   NA   NA,NA   NA   NA   NA
STTD_2019-03-28 10:00:00,3/28/2019 10:00,STTD,2019,W,TRUE,CLD,Overtopping,1,14,0.28,349,441,8.13,9.02,23.3,5,Regular,702400,719000,16600,16600,50.98834373,50.98834373,1,"High flow, 5 min set",NA,Aquatic Insects,35,Family,Empididae,Empididae,Pupae,0,0,0,NA,NA,NA,NA,NA,NA,NA,NA,NA,NA,NA   NA   NA   NA,NA   NA   NA   NA
STTD_2019-03-28 10:00:00,3/28/2019 10:00,STTD,2019,W,TRUE,CLD,Overtopping,1,14,0.28,349,441,8.13,9.02,23.3,5,Regular,702400,719000,16600,16600,50.98834373,50.98834373,1,"High flow, 5 min set",NA,Aquatic Insects,35,Family,Empididae,Empididae,Nymphs,0,0,0,NA,NA,NA,NA,NA,NA,NA,NA,NA,NA,NA   NA   NA   NA,NA   NA   NA   NA
STTD_2019-03-28 10:00:00,3/28/2019 10:00,STTD,2019,W,TRUE,CLD,Overtopping,1,14,0.28,349,441,8.13,9.02,23.3,5,Regular,702400,719000,16600,16600,50.98834373,50.98834373,1,"High flow, 5 min set",NA,Aquatic Insects,35,Family,Empididae,Empididae,Emergents,0,0,0,NA,NA,NA,NA,NA,NA,NA,NA,NA,NA,NA   NA   NA   NA,NA   NA   NA   NA
STTD_2019-03-28 10:00:00,3/28/2019 10:00,STTD,2019,W,TRUE,CLD,Overtopping,1,14,0.28,349,441,8.13,9.02,23.3,5,Regular,702400,719000,16600,16600,50.98834373,50.98834373,1,"High flow, 5 min set",NA,Aquatic Insects,35,Family,Empididae,Empididae,Adults,3,0.059,0.059,NA,NA,NA,NA,NA,NA,NA,NA,NA,NA,NA   NA   NA   NA,NA   NA   NA   NA
STTD_2019-03-28 10:00:00,3/28/2019 10:00,STTD,2019,W,TRUE,CLD,Overtopping,1,14,0.28,349,441,8.13,9.02,23.3,5,Regular,702400,719000,16600,16600,50.98834373,50.98834373,1,"High flow, 5 min set",NA,Aquatic Insects,35,Family,Empididae,Empididae,NotDetermined,0,0,0,NA,NA,NA,NA,NA,NA,NA,NA,NA,NA,NA   NA   NA   NA,NA   NA   NA   NA
STTD_2019-03-28 10:00:00,3/28/2019 10:00,STTD,2019,W,TRUE,CLD,Overtopping,1,14,0.28,349,441,8.13,9.02,23.3,5,Regular,702400,719000,16600,16600,50.98834373,50.98834373,1,"High flow, 5 min set",NA,Aquatic Insects,44,Family,Corixidae,Corixidae,Larvae,0,0,0,NA,NA,NA,NA,NA,NA,NA,NA,NA,NA,NA   NA   NA   NA,NA   NA   NA   NA
STTD_2019-03-28 10:00:00,3/28/2019 10:00,STTD,2019,W,TRUE,CLD,Overtopping,1,14,0.28,349,441,8.13,9.02,23.3,5,Regular,702400,719000,16600,16600,50.98834373,50.98834373,1,"High flow, 5 min set",NA,Aquatic Insects,44,Family,Corixidae,Corixidae,Pupae,0,0,0,NA,NA,NA,NA,NA,NA,NA,NA,NA,NA,NA   NA   NA   NA,NA   NA   NA   NA
STTD_2019-03-28 10:00:00,3/28/2019 10:00,STTD,2019,W,TRUE,CLD,Overtopping,1,14,0.28,349,441,8.13,9.02,23.3,5,Regular,702400,719000,16600,16600,50.98834373,50.98834373,1,"High flow, 5 min set",NA,Aquatic Insects,44,Family,Corixidae,Corixidae,Nymphs,33,0.647,0.647,NA,NA,NA,NA,NA,NA,NA,NA,NA,NA,NA   NA   NA   NA,NA   NA   NA   NA
STTD_2019-03-28 10:00:00,3/28/2019 10:00,STTD,2019,W,TRUE,CLD,Overtopping,1,14,0.28,349,441,8.13,9.02,23.3,5,Regular,702400,719000,16600,16600,50.98834373,50.98834373,1,"High flow, 5 min set",NA,Aquatic Insects,44,Family,Corixidae,Corixidae,Emergents,0,0,0,NA,NA,NA,NA,NA,NA,NA,NA,NA,NA,NA   NA   NA   NA,NA   NA   NA   NA
STTD_2019-03-28 10:00:00,3/28/2019 10:00,STTD,2019,W,TRUE,CLD,Overtopping,1,14,0.28,349,441,8.13,9.02,23.3,5,Regular,702400,719000,16600,16600,50.98834373,50.98834373,1,"High flow, 5 min set",NA,Aquatic Insects,44,Family,Corixidae,Corixidae,Adults,2,0.039,0.039,NA,NA,NA,NA,NA,NA,NA,NA,NA,NA,NA   NA   NA   NA,NA   NA   NA   NA
STTD_2019-03-28 10:00:00,3/28/2019 10:00,STTD,2019,W,TRUE,CLD,Overtopping,1,14,0.28,349,441,8.13,9.02,23.3,5,Regular,702400,719000,16600,16600,50.98834373,50.98834373,1,"High flow, 5 min set",NA,Aquatic Insects,44,Family,Corixidae,Corixidae,NotDetermined,0,0,0,NA,NA,NA,NA,NA,NA,NA,NA,NA,NA,NA   NA   NA   NA,NA   NA   NA   NA
STTD_2019-03-28 10:00:00,3/28/2019 10:00,STTD,2019,W,TRUE,CLD,Overtopping,1,14,0.28,349,441,8.13,9.02,23.3,5,Regular,702400,719000,16600,16600,50.98834373,50.98834373,1,"High flow, 5 min set",NA,Aquatic Insects,159,Order,Trichoptera,Trichoptera,Larvae,0,0,0,NA,NA,NA,NA,NA,NA,NA,NA,NA,NA,NA   NA   NA   NA,NA   NA   NA   NA
STTD_2019-03-28 10:00:00,3/28/2019 10:00,STTD,2019,W,TRUE,CLD,Overtopping,1,14,0.28,349,441,8.13,9.02,23.3,5,Regular,702400,719000,16600,16600,50.98834373,50.98834373,1,"High flow, 5 min set",NA,Aquatic Insects,159,Order,Trichoptera,Trichoptera,Pupae,0,0,0,NA,NA,NA,NA,NA,NA,NA,NA,NA,NA,NA   NA   NA   NA,NA   NA   NA   NA
STTD_2019-03-28 10:00:00,3/28/2019 10:00,STTD,2019,W,TRUE,CLD,Overtopping,1,14,0.28,349,441,8.13,9.02,23.3,5,Regular,702400,719000,16600,16600,50.98834373,50.98834373,1,"High flow, 5 min set",NA,Aquatic Insects,159,Order,Trichoptera,Trichoptera,Nymphs,0,0,0,NA,NA,NA,NA,NA,NA,NA,NA,NA,NA,NA   NA   NA   NA,NA   NA   NA   NA
STTD_2019-03-28 10:00:00,3/28/2019 10:00,STTD,2019,W,TRUE,CLD,Overtopping,1,14,0.28,349,441,8.13,9.02,23.3,5,Regular,702400,719000,16600,16600,50.98834373,50.98834373,1,"High flow, 5 min set",NA,Aquatic Insects,159,Order,Trichoptera,Trichoptera,Emergents,0,0,0,NA,NA,NA,NA,NA,NA,NA,NA,NA,NA,NA   NA   NA   NA,NA   NA   NA   NA
STTD_2019-03-28 10:00:00,3/28/2019 10:00,STTD,2019,W,TRUE,CLD,Overtopping,1,14,0.28,349,441,8.13,9.02,23.3,5,Regular,702400,719000,16600,16600,50.98834373,50.98834373,1,"High flow, 5 min set",NA,Aquatic Insects,159,Order,Trichoptera,Trichoptera,Adults,1,0.02,0.02,NA,NA,NA,NA,NA,NA,NA,NA,NA,NA,NA   NA   NA   NA,NA   NA   NA   NA
STTD_2019-03-28 10:00:00,3/28/2019 10:00,STTD,2019,W,TRUE,CLD,Overtopping,1,14,0.28,349,441,8.13,9.02,23.3,5,Regular,702400,719000,16600,16600,50.98834373,50.98834373,1,"High flow, 5 min set",NA,Aquatic Insects,159,Order,Trichoptera,Trichoptera,NotDetermined,0,0,0,NA,NA,NA,NA,NA,NA,NA,NA,NA,NA,NA   NA   NA   NA,NA   NA   NA   NA
STTD_2019-03-28 10:00:00,3/28/2019 10:00,STTD,2019,W,TRUE,CLD,Overtopping,1,14,0.28,349,441,8.13,9.02,23.3,5,Regular,702400,719000,16600,16600,50.98834373,50.98834373,1,"High flow, 5 min set",NA,Aquatic Non-Insects,4,Family,Naididae,Naididae,Larvae,0,0,0,NA,NA,NA,NA,NA,NA,NA,NA,NA,NA,NA   NA   NA   NA,NA   NA   NA   NA
STTD_2019-03-28 10:00:00,3/28/2019 10:00,STTD,2019,W,TRUE,CLD,Overtopping,1,14,0.28,349,441,8.13,9.02,23.3,5,Regular,702400,719000,16600,16600,50.98834373,50.98834373,1,"High flow, 5 min set",NA,Aquatic Non-Insects,4,Family,Naididae,Naididae,Pupae,0,0,0,NA,NA,NA,NA,NA,NA,NA,NA,NA,NA,NA   NA   NA   NA,NA   NA   NA   NA
STTD_2019-03-28 10:00:00,3/28/2019 10:00,STTD,2019,W,TRUE,CLD,Overtopping,1,14,0.28,349,441,8.13,9.02,23.3,5,Regular,702400,719000,16600,16600,50.98834373,50.98834373,1,"High flow, 5 min set",NA,Aquatic Non-Insects,4,Family,Naididae,Naididae,Nymphs,0,0,0,NA,NA,NA,NA,NA,NA,NA,NA,NA,NA,NA   NA   NA   NA,NA   NA   NA   NA
STTD_2019-03-28 10:00:00,3/28/2019 10:00,STTD,2019,W,TRUE,CLD,Overtopping,1,14,0.28,349,441,8.13,9.02,23.3,5,Regular,702400,719000,16600,16600,50.98834373,50.98834373,1,"High flow, 5 min set",NA,Aquatic Non-Insects,4,Family,Naididae,Naididae,Emergents,0,0,0,NA,NA,NA,NA,NA,NA,NA,NA,NA,NA,NA   NA   NA   NA,NA   NA   NA   NA
STTD_2019-03-28 10:00:00,3/28/2019 10:00,STTD,2019,W,TRUE,CLD,Overtopping,1,14,0.28,349,441,8.13,9.02,23.3,5,Regular,702400,719000,16600,16600,50.98834373,50.98834373,1,"High flow, 5 min set",NA,Aquatic Non-Insects,4,Family,Naididae,Naididae,Adults,0,0,0,NA,NA,NA,NA,NA,NA,NA,NA,NA,NA,NA   NA   NA   NA,NA   NA   NA   NA
STTD_2019-03-28 10:00:00,3/28/2019 10:00,STTD,2019,W,TRUE,CLD,Overtopping,1,14,0.28,349,441,8.13,9.02,23.3,5,Regular,702400,719000,16600,16600,50.98834373,50.98834373,1,"High flow, 5 min set",NA,Aquatic Non-Insects,4,Family,Naididae,Naididae,NotDetermined,1,0.02,0.02,NA,NA,NA,NA,NA,NA,NA,NA,NA,NA,NA   NA   NA   NA,NA   NA   NA   NA
STTD_2019-03-28 10:00:00,3/28/2019 10:00,STTD,2019,W,TRUE,CLD,Overtopping,1,14,0.28,349,441,8.13,9.02,23.3,5,Regular,702400,719000,16600,16600,50.98834373,50.98834373,1,"High flow, 5 min set",NA,Aquatic Non-Insects,2,Family,Enchytraeidae,Enchytraeidae,Larvae,0,0,0,NA,NA,NA,NA,NA,NA,NA,NA,NA,NA,NA   NA   NA   NA,NA   NA   NA   NA
STTD_2019-03-28 10:00:00,3/28/2019 10:00,STTD,2019,W,TRUE,CLD,Overtopping,1,14,0.28,349,441,8.13,9.02,23.3,5,Regular,702400,719000,16600,16600,50.98834373,50.98834373,1,"High flow, 5 min set",NA,Aquatic Non-Insects,2,Family,Enchytraeidae,Enchytraeidae,Pupae,0,0,0,NA,NA,NA,NA,NA,NA,NA,NA,NA,NA,NA   NA   NA   NA,NA   NA   NA   NA
STTD_2019-03-28 10:00:00,3/28/2019 10:00,STTD,2019,W,TRUE,CLD,Overtopping,1,14,0.28,349,441,8.13,9.02,23.3,5,Regular,702400,719000,16600,16600,50.98834373,50.98834373,1,"High flow, 5 min set",NA,Aquatic Non-Insects,2,Family,Enchytraeidae,Enchytraeidae,Nymphs,0,0,0,NA,NA,NA,NA,NA,NA,NA,NA,NA,NA,NA   NA   NA   NA,NA   NA   NA   NA
STTD_2019-03-28 10:00:00,3/28/2019 10:00,STTD,2019,W,TRUE,CLD,Overtopping,1,14,0.28,349,441,8.13,9.02,23.3,5,Regular,702400,719000,16600,16600,50.98834373,50.98834373,1,"High flow, 5 min set",NA,Aquatic Non-Insects,2,Family,Enchytraeidae,Enchytraeidae,Emergents,0,0,0,NA,NA,NA,NA,NA,NA,NA,NA,NA,NA,NA   NA   NA   NA,NA   NA   NA   NA
STTD_2019-03-28 10:00:00,3/28/2019 10:00,STTD,2019,W,TRUE,CLD,Overtopping,1,14,0.28,349,441,8.13,9.02,23.3,5,Regular,702400,719000,16600,16600,50.98834373,50.98834373,1,"High flow, 5 min set",NA,Aquatic Non-Insects,2,Family,Enchytraeidae,Enchytraeidae,Adults,0,0,0,NA,NA,NA,NA,NA,NA,NA,NA,NA,NA,NA   NA   NA   NA,NA   NA   NA   NA
STTD_2019-03-28 10:00:00,3/28/2019 10:00,STTD,2019,W,TRUE,CLD,Overtopping,1,14,0.28,349,441,8.13,9.02,23.3,5,Regular,702400,719000,16600,16600,50.98834373,50.98834373,1,"High flow, 5 min set",NA,Aquatic Non-Insects,2,Family,Enchytraeidae,Enchytraeidae,NotDetermined,1,0.02,0.02,NA,NA,NA,NA,NA,NA,NA,NA,NA,NA,NA   NA   NA   NA,NA   NA   NA   NA
STTD_2019-03-28 10:00:00,3/28/2019 10:00,STTD,2019,W,TRUE,CLD,Overtopping,1,14,0.28,349,441,8.13,9.02,23.3,5,Regular,702400,719000,16600,16600,50.98834373,50.98834373,1,"High flow, 5 min set",NA,Aquatic Non-Insects,9,Family,Corophiidae,Corophiidae,Larvae,0,0,0,NA,NA,NA,NA,NA,NA,NA,NA,NA,NA,NA   NA   NA   NA,NA   NA   NA   NA
STTD_2019-03-28 10:00:00,3/28/2019 10:00,STTD,2019,W,TRUE,CLD,Overtopping,1,14,0.28,349,441,8.13,9.02,23.3,5,Regular,702400,719000,16600,16600,50.98834373,50.98834373,1,"High flow, 5 min set",NA,Aquatic Non-Insects,9,Family,Corophiidae,Corophiidae,Pupae,0,0,0,NA,NA,NA,NA,NA,NA,NA,NA,NA,NA,NA   NA   NA   NA,NA   NA   NA   NA
STTD_2019-03-28 10:00:00,3/28/2019 10:00,STTD,2019,W,TRUE,CLD,Overtopping,1,14,0.28,349,441,8.13,9.02,23.3,5,Regular,702400,719000,16600,16600,50.98834373,50.98834373,1,"High flow, 5 min set",NA,Aquatic Non-Insects,9,Family,Corophiidae,Corophiidae,Nymphs,0,0,0,NA,NA,NA,NA,NA,NA,NA,NA,NA,NA,NA   NA   NA   NA,NA   NA   NA   NA
STTD_2019-03-28 10:00:00,3/28/2019 10:00,STTD,2019,W,TRUE,CLD,Overtopping,1,14,0.28,349,441,8.13,9.02,23.3,5,Regular,702400,719000,16600,16600,50.98834373,50.98834373,1,"High flow, 5 min set",NA,Aquatic Non-Insects,9,Family,Corophiidae,Corophiidae,Emergents,0,0,0,NA,NA,NA,NA,NA,NA,NA,NA,NA,NA,NA   NA   NA   NA,NA   NA   NA   NA
STTD_2019-03-28 10:00:00,3/28/2019 10:00,STTD,2019,W,TRUE,CLD,Overtopping,1,14,0.28,349,441,8.13,9.02,23.3,5,Regular,702400,719000,16600,16600,50.98834373,50.98834373,1,"High flow, 5 min set",NA,Aquatic Non-Insects,9,Family,Corophiidae,Corophiidae,Adults,0,0,0,NA,NA,NA,NA,NA,NA,NA,NA,NA,NA,NA   NA   NA   NA,NA   NA   NA   NA
STTD_2019-03-28 10:00:00,3/28/2019 10:00,STTD,2019,W,TRUE,CLD,Overtopping,1,14,0.28,349,441,8.13,9.02,23.3,5,Regular,702400,719000,16600,16600,50.98834373,50.98834373,1,"High flow, 5 min set",NA,Aquatic Non-Insects,9,Family,Corophiidae,Corophiidae,NotDetermined,2,0.039,0.039,NA,NA,NA,NA,NA,NA,NA,NA,NA,NA,NA   NA   NA   NA,NA   NA   NA   NA
STTD_2019-03-28 10:00:00,3/28/2019 10:00,STTD,2019,W,TRUE,CLD,Overtopping,1,14,0.28,349,441,8.13,9.02,23.3,5,Regular,702400,719000,16600,16600,50.98834373,50.98834373,1,"High flow, 5 min set",NA,Aquatic Non-Insects,10,Family,Crangonyctidae,Crangonyctidae,Larvae,0,0,0,NA,NA,NA,NA,NA,NA,NA,NA,NA,NA,NA   NA   NA   NA,NA   NA   NA   NA
STTD_2019-03-28 10:00:00,3/28/2019 10:00,STTD,2019,W,TRUE,CLD,Overtopping,1,14,0.28,349,441,8.13,9.02,23.3,5,Regular,702400,719000,16600,16600,50.98834373,50.98834373,1,"High flow, 5 min set",NA,Aquatic Non-Insects,10,Family,Crangonyctidae,Crangonyctidae,Pupae,0,0,0,NA,NA,NA,NA,NA,NA,NA,NA,NA,NA,NA   NA   NA   NA,NA   NA   NA   NA
STTD_2019-03-28 10:00:00,3/28/2019 10:00,STTD,2019,W,TRUE,CLD,Overtopping,1,14,0.28,349,441,8.13,9.02,23.3,5,Regular,702400,719000,16600,16600,50.98834373,50.98834373,1,"High flow, 5 min set",NA,Aquatic Non-Insects,10,Family,Crangonyctidae,Crangonyctidae,Nymphs,0,0,0,NA,NA,NA,NA,NA,NA,NA,NA,NA,NA,NA   NA   NA   NA,NA   NA   NA   NA
STTD_2019-03-28 10:00:00,3/28/2019 10:00,STTD,2019,W,TRUE,CLD,Overtopping,1,14,0.28,349,441,8.13,9.02,23.3,5,Regular,702400,719000,16600,16600,50.98834373,50.98834373,1,"High flow, 5 min set",NA,Aquatic Non-Insects,10,Family,Crangonyctidae,Crangonyctidae,Emergents,0,0,0,NA,NA,NA,NA,NA,NA,NA,NA,NA,NA,NA   NA   NA   NA,NA   NA   NA   NA
STTD_2019-03-28 10:00:00,3/28/2019 10:00,STTD,2019,W,TRUE,CLD,Overtopping,1,14,0.28,349,441,8.13,9.02,23.3,5,Regular,702400,719000,16600,16600,50.98834373,50.98834373,1,"High flow, 5 min set",NA,Aquatic Non-Insects,10,Family,Crangonyctidae,Crangonyctidae,Adults,0,0,0,NA,NA,NA,NA,NA,NA,NA,NA,NA,NA,NA   NA   NA   NA,NA   NA   NA   NA
STTD_2019-03-28 10:00:00,3/28/2019 10:00,STTD,2019,W,TRUE,CLD,Overtopping,1,14,0.28,349,441,8.13,9.02,23.3,5,Regular,702400,719000,16600,16600,50.98834373,50.98834373,1,"High flow, 5 min set",NA,Aquatic Non-Insects,10,Family,Crangonyctidae,Crangonyctidae,NotDetermined,1,0.02,0.02,NA,NA,NA,NA,NA,NA,NA,NA,NA,NA,NA   NA   NA   NA,NA   NA   NA   NA
STTD_2019-03-28 10:00:00,3/28/2019 10:00,STTD,2019,W,TRUE,CLD,Overtopping,1,14,0.28,349,441,8.13,9.02,23.3,5,Regular,702400,719000,16600,16600,50.98834373,50.98834373,1,"High flow, 5 min set",NA,Aquatic Non-Insects,15,Family,Hyalellidae,Hyalellidae,Larvae,0,0,0,NA,NA,NA,NA,NA,NA,NA,NA,NA,NA,NA   NA   NA   NA,NA   NA   NA   NA
STTD_2019-03-28 10:00:00,3/28/2019 10:00,STTD,2019,W,TRUE,CLD,Overtopping,1,14,0.28,349,441,8.13,9.02,23.3,5,Regular,702400,719000,16600,16600,50.98834373,50.98834373,1,"High flow, 5 min set",NA,Aquatic Non-Insects,15,Family,Hyalellidae,Hyalellidae,Pupae,0,0,0,NA,NA,NA,NA,NA,NA,NA,NA,NA,NA,NA   NA   NA   NA,NA   NA   NA   NA
STTD_2019-03-28 10:00:00,3/28/2019 10:00,STTD,2019,W,TRUE,CLD,Overtopping,1,14,0.28,349,441,8.13,9.02,23.3,5,Regular,702400,719000,16600,16600,50.98834373,50.98834373,1,"High flow, 5 min set",NA,Aquatic Non-Insects,15,Family,Hyalellidae,Hyalellidae,Nymphs,0,0,0,NA,NA,NA,NA,NA,NA,NA,NA,NA,NA,NA   NA   NA   NA,NA   NA   NA   NA
STTD_2019-03-28 10:00:00,3/28/2019 10:00,STTD,2019,W,TRUE,CLD,Overtopping,1,14,0.28,349,441,8.13,9.02,23.3,5,Regular,702400,719000,16600,16600,50.98834373,50.98834373,1,"High flow, 5 min set",NA,Aquatic Non-Insects,15,Family,Hyalellidae,Hyalellidae,Emergents,0,0,0,NA,NA,NA,NA,NA,NA,NA,NA,NA,NA,NA   NA   NA   NA,NA   NA   NA   NA
STTD_2019-03-28 10:00:00,3/28/2019 10:00,STTD,2019,W,TRUE,CLD,Overtopping,1,14,0.28,349,441,8.13,9.02,23.3,5,Regular,702400,719000,16600,16600,50.98834373,50.98834373,1,"High flow, 5 min set",NA,Aquatic Non-Insects,15,Family,Hyalellidae,Hyalellidae,Adults,0,0,0,NA,NA,NA,NA,NA,NA,NA,NA,NA,NA,NA   NA   NA   NA,NA   NA   NA   NA
STTD_2019-03-28 10:00:00,3/28/2019 10:00,STTD,2019,W,TRUE,CLD,Overtopping,1,14,0.28,349,441,8.13,9.02,23.3,5,Regular,702400,719000,16600,16600,50.98834373,50.98834373,1,"High flow, 5 min set",NA,Aquatic Non-Insects,15,Family,Hyalellidae,Hyalellidae,NotDetermined,2,0.039,0.039,NA,NA,NA,NA,NA,NA,NA,NA,NA,NA,NA   NA   NA   NA,NA   NA   NA   NA
STTD_2019-03-28 10:00:00,3/28/2019 10:00,STTD,2019,W,TRUE,CLD,Overtopping,1,14,0.28,349,441,8.13,9.02,23.3,5,Regular,702400,719000,16600,16600,50.98834373,50.98834373,1,"High flow, 5 min set",NA,Aquatic Non-Insects,118,Class,Ostracoda,Ostracod,Larvae,0,0,0,NA,NA,NA,NA,NA,NA,NA,NA,NA,NA,NA   NA   NA   NA,NA   NA   NA   NA
STTD_2019-03-28 10:00:00,3/28/2019 10:00,STTD,2019,W,TRUE,CLD,Overtopping,1,14,0.28,349,441,8.13,9.02,23.3,5,Regular,702400,719000,16600,16600,50.98834373,50.98834373,1,"High flow, 5 min set",NA,Aquatic Non-Insects,118,Class,Ostracoda,Ostracod,Pupae,0,0,0,NA,NA,NA,NA,NA,NA,NA,NA,NA,NA,NA   NA   NA   NA,NA   NA   NA   NA
STTD_2019-03-28 10:00:00,3/28/2019 10:00,STTD,2019,W,TRUE,CLD,Overtopping,1,14,0.28,349,441,8.13,9.02,23.3,5,Regular,702400,719000,16600,16600,50.98834373,50.98834373,1,"High flow, 5 min set",NA,Aquatic Non-Insects,118,Class,Ostracoda,Ostracod,Nymphs,0,0,0,NA,NA,NA,NA,NA,NA,NA,NA,NA,NA,NA   NA   NA   NA,NA   NA   NA   NA
STTD_2019-03-28 10:00:00,3/28/2019 10:00,STTD,2019,W,TRUE,CLD,Overtopping,1,14,0.28,349,441,8.13,9.02,23.3,5,Regular,702400,719000,16600,16600,50.98834373,50.98834373,1,"High flow, 5 min set",NA,Aquatic Non-Insects,118,Class,Ostracoda,Ostracod,Emergents,0,0,0,NA,NA,NA,NA,NA,NA,NA,NA,NA,NA,NA   NA   NA   NA,NA   NA   NA   NA
STTD_2019-03-28 10:00:00,3/28/2019 10:00,STTD,2019,W,TRUE,CLD,Overtopping,1,14,0.28,349,441,8.13,9.02,23.3,5,Regular,702400,719000,16600,16600,50.98834373,50.98834373,1,"High flow, 5 min set",NA,Aquatic Non-Insects,118,Class,Ostracoda,Ostracod,Adults,0,0,0,NA,NA,NA,NA,NA,NA,NA,NA,NA,NA,NA   NA   NA   NA,NA   NA   NA   NA
STTD_2019-03-28 10:00:00,3/28/2019 10:00,STTD,2019,W,TRUE,CLD,Overtopping,1,14,0.28,349,441,8.13,9.02,23.3,5,Regular,702400,719000,16600,16600,50.98834373,50.98834373,1,"High flow, 5 min set",NA,Aquatic Non-Insects,118,Class,Ostracoda,Ostracod,NotDetermined,4,0.078,0.078,NA,NA,NA,NA,NA,NA,NA,NA,NA,NA,NA   NA   NA   NA,NA   NA   NA   NA
STTD_2019-03-28 10:00:00,3/28/2019 10:00,STTD,2019,W,TRUE,CLD,Overtopping,1,14,0.28,349,441,8.13,9.02,23.3,5,Regular,702400,719000,16600,16600,50.98834373,50.98834373,1,"High flow, 5 min set",NA,Aquatic Non-Insects,20,Family,Physidae,Physidae,Larvae,0,0,0,NA,NA,NA,NA,NA,NA,NA,NA,NA,NA,NA   NA   NA   NA,NA   NA   NA   NA
STTD_2019-03-28 10:00:00,3/28/2019 10:00,STTD,2019,W,TRUE,CLD,Overtopping,1,14,0.28,349,441,8.13,9.02,23.3,5,Regular,702400,719000,16600,16600,50.98834373,50.98834373,1,"High flow, 5 min set",NA,Aquatic Non-Insects,20,Family,Physidae,Physidae,Pupae,0,0,0,NA,NA,NA,NA,NA,NA,NA,NA,NA,NA,NA   NA   NA   NA,NA   NA   NA   NA
STTD_2019-03-28 10:00:00,3/28/2019 10:00,STTD,2019,W,TRUE,CLD,Overtopping,1,14,0.28,349,441,8.13,9.02,23.3,5,Regular,702400,719000,16600,16600,50.98834373,50.98834373,1,"High flow, 5 min set",NA,Aquatic Non-Insects,20,Family,Physidae,Physidae,Nymphs,0,0,0,NA,NA,NA,NA,NA,NA,NA,NA,NA,NA,NA   NA   NA   NA,NA   NA   NA   NA
STTD_2019-03-28 10:00:00,3/28/2019 10:00,STTD,2019,W,TRUE,CLD,Overtopping,1,14,0.28,349,441,8.13,9.02,23.3,5,Regular,702400,719000,16600,16600,50.98834373,50.98834373,1,"High flow, 5 min set",NA,Aquatic Non-Insects,20,Family,Physidae,Physidae,Emergents,0,0,0,NA,NA,NA,NA,NA,NA,NA,NA,NA,NA,NA   NA   NA   NA,NA   NA   NA   NA
STTD_2019-03-28 10:00:00,3/28/2019 10:00,STTD,2019,W,TRUE,CLD,Overtopping,1,14,0.28,349,441,8.13,9.02,23.3,5,Regular,702400,719000,16600,16600,50.98834373,50.98834373,1,"High flow, 5 min set",NA,Aquatic Non-Insects,20,Family,Physidae,Physidae,Adults,0,0,0,NA,NA,NA,NA,NA,NA,NA,NA,NA,NA,NA   NA   NA   NA,NA   NA   NA   NA
STTD_2019-03-28 10:00:00,3/28/2019 10:00,STTD,2019,W,TRUE,CLD,Overtopping,1,14,0.28,349,441,8.13,9.02,23.3,5,Regular,702400,719000,16600,16600,50.98834373,50.98834373,1,"High flow, 5 min set",NA,Aquatic Non-Insects,20,Family,Physidae,Physidae,NotDetermined,245,4.805,4.805,NA,NA,NA,NA,NA,NA,NA,NA,NA,NA,NA   NA   NA   NA,NA   NA   NA   NA
STTD_2019-03-28 10:00:00,3/28/2019 10:00,STTD,2019,W,TRUE,CLD,Overtopping,1,14,0.28,349,441,8.13,9.02,23.3,5,Regular,702400,719000,16600,16600,50.98834373,50.98834373,1,"High flow, 5 min set",NA,Aquatic Non-Insects,21,Family,Planorbidae,Planorbidae,Larvae,0,0,0,NA,NA,NA,NA,NA,NA,NA,NA,NA,NA,NA   NA   NA   NA,NA   NA   NA   NA
STTD_2019-03-28 10:00:00,3/28/2019 10:00,STTD,2019,W,TRUE,CLD,Overtopping,1,14,0.28,349,441,8.13,9.02,23.3,5,Regular,702400,719000,16600,16600,50.98834373,50.98834373,1,"High flow, 5 min set",NA,Aquatic Non-Insects,21,Family,Planorbidae,Planorbidae,Pupae,0,0,0,NA,NA,NA,NA,NA,NA,NA,NA,NA,NA,NA   NA   NA   NA,NA   NA   NA   NA
STTD_2019-03-28 10:00:00,3/28/2019 10:00,STTD,2019,W,TRUE,CLD,Overtopping,1,14,0.28,349,441,8.13,9.02,23.3,5,Regular,702400,719000,16600,16600,50.98834373,50.98834373,1,"High flow, 5 min set",NA,Aquatic Non-Insects,21,Family,Planorbidae,Planorbidae,Nymphs,0,0,0,NA,NA,NA,NA,NA,NA,NA,NA,NA,NA,NA   NA   NA   NA,NA   NA   NA   NA
STTD_2019-03-28 10:00:00,3/28/2019 10:00,STTD,2019,W,TRUE,CLD,Overtopping,1,14,0.28,349,441,8.13,9.02,23.3,5,Regular,702400,719000,16600,16600,50.98834373,50.98834373,1,"High flow, 5 min set",NA,Aquatic Non-Insects,21,Family,Planorbidae,Planorbidae,Emergents,0,0,0,NA,NA,NA,NA,NA,NA,NA,NA,NA,NA,NA   NA   NA   NA,NA   NA   NA   NA
STTD_2019-03-28 10:00:00,3/28/2019 10:00,STTD,2019,W,TRUE,CLD,Overtopping,1,14,0.28,349,441,8.13,9.02,23.3,5,Regular,702400,719000,16600,16600,50.98834373,50.98834373,1,"High flow, 5 min set",NA,Aquatic Non-Insects,21,Family,Planorbidae,Planorbidae,Adults,0,0,0,NA,NA,NA,NA,NA,NA,NA,NA,NA,NA,NA   NA   NA   NA,NA   NA   NA   NA
STTD_2019-03-28 10:00:00,3/28/2019 10:00,STTD,2019,W,TRUE,CLD,Overtopping,1,14,0.28,349,441,8.13,9.02,23.3,5,Regular,702400,719000,16600,16600,50.98834373,50.98834373,1,"High flow, 5 min set",NA,Aquatic Non-Insects,21,Family,Planorbidae,Planorbidae,NotDetermined,1,0.02,0.02,NA,NA,NA,NA,NA,NA,NA,NA,NA,NA,NA   NA   NA   NA,NA   NA   NA   NA
STTD_2019-03-28 10:00:00,3/28/2019 10:00,STTD,2019,W,TRUE,CLD,Overtopping,1,14,0.28,349,441,8.13,9.02,23.3,5,Regular,702400,719000,16600,16600,50.98834373,50.98834373,1,"High flow, 5 min set",NA,Terrestrial Non-Insects,157,Order,Araneae,Araneae,Larvae,0,0,0,NA,NA,NA,NA,NA,NA,NA,NA,NA,NA,NA   NA   NA   NA,NA   NA   NA   NA
STTD_2019-03-28 10:00:00,3/28/2019 10:00,STTD,2019,W,TRUE,CLD,Overtopping,1,14,0.28,349,441,8.13,9.02,23.3,5,Regular,702400,719000,16600,16600,50.98834373,50.98834373,1,"High flow, 5 min set",NA,Terrestrial Non-Insects,157,Order,Araneae,Araneae,Pupae,0,0,0,NA,NA,NA,NA,NA,NA,NA,NA,NA,NA,NA   NA   NA   NA,NA   NA   NA   NA
STTD_2019-03-28 10:00:00,3/28/2019 10:00,STTD,2019,W,TRUE,CLD,Overtopping,1,14,0.28,349,441,8.13,9.02,23.3,5,Regular,702400,719000,16600,16600,50.98834373,50.98834373,1,"High flow, 5 min set",NA,Terrestrial Non-Insects,157,Order,Araneae,Araneae,Nymphs,0,0,0,NA,NA,NA,NA,NA,NA,NA,NA,NA,NA,NA   NA   NA   NA,NA   NA   NA   NA
STTD_2019-03-28 10:00:00,3/28/2019 10:00,STTD,2019,W,TRUE,CLD,Overtopping,1,14,0.28,349,441,8.13,9.02,23.3,5,Regular,702400,719000,16600,16600,50.98834373,50.98834373,1,"High flow, 5 min set",NA,Terrestrial Non-Insects,157,Order,Araneae,Araneae,Emergents,0,0,0,NA,NA,NA,NA,NA,NA,NA,NA,NA,NA,NA   NA   NA   NA,NA   NA   NA   NA
STTD_2019-03-28 10:00:00,3/28/2019 10:00,STTD,2019,W,TRUE,CLD,Overtopping,1,14,0.28,349,441,8.13,9.02,23.3,5,Regular,702400,719000,16600,16600,50.98834373,50.98834373,1,"High flow, 5 min set",NA,Terrestrial Non-Insects,157,Order,Araneae,Araneae,Adults,0,0,0,NA,NA,NA,NA,NA,NA,NA,NA,NA,NA,NA   NA   NA   NA,NA   NA   NA   NA
STTD_2019-03-28 10:00:00,3/28/2019 10:00,STTD,2019,W,TRUE,CLD,Overtopping,1,14,0.28,349,441,8.13,9.02,23.3,5,Regular,702400,719000,16600,16600,50.98834373,50.98834373,1,"High flow, 5 min set",NA,Terrestrial Non-Insects,157,Order,Araneae,Araneae,NotDetermined,36,0.706,0.706,NA,NA,NA,NA,NA,NA,NA,NA,NA,NA,NA   NA   NA   NA,NA   NA   NA   NA
STTD_2019-03-28 10:00:00,3/28/2019 10:00,STTD,2019,W,TRUE,CLD,Overtopping,1,14,0.28,349,441,8.13,9.02,23.3,5,Regular,702400,719000,16600,16600,50.98834373,50.98834373,1,"High flow, 5 min set",NA,Terrestrial Insects,63,Order,Coleoptera,Coleoptera,Larvae,1,0.02,0.02,NA,NA,NA,NA,NA,NA,NA,NA,NA,NA,NA   NA   NA   NA,NA   NA   NA   NA
STTD_2019-03-28 10:00:00,3/28/2019 10:00,STTD,2019,W,TRUE,CLD,Overtopping,1,14,0.28,349,441,8.13,9.02,23.3,5,Regular,702400,719000,16600,16600,50.98834373,50.98834373,1,"High flow, 5 min set",NA,Terrestrial Insects,63,Order,Coleoptera,Coleoptera,Pupae,0,0,0,NA,NA,NA,NA,NA,NA,NA,NA,NA,NA,NA   NA   NA   NA,NA   NA   NA   NA
STTD_2019-03-28 10:00:00,3/28/2019 10:00,STTD,2019,W,TRUE,CLD,Overtopping,1,14,0.28,349,441,8.13,9.02,23.3,5,Regular,702400,719000,16600,16600,50.98834373,50.98834373,1,"High flow, 5 min set",NA,Terrestrial Insects,63,Order,Coleoptera,Coleoptera,Nymphs,0,0,0,NA,NA,NA,NA,NA,NA,NA,NA,NA,NA,NA   NA   NA   NA,NA   NA   NA   NA
STTD_2019-03-28 10:00:00,3/28/2019 10:00,STTD,2019,W,TRUE,CLD,Overtopping,1,14,0.28,349,441,8.13,9.02,23.3,5,Regular,702400,719000,16600,16600,50.98834373,50.98834373,1,"High flow, 5 min set",NA,Terrestrial Insects,63,Order,Coleoptera,Coleoptera,Emergents,0,0,0,NA,NA,NA,NA,NA,NA,NA,NA,NA,NA,NA   NA   NA   NA,NA   NA   NA   NA
STTD_2019-03-28 10:00:00,3/28/2019 10:00,STTD,2019,W,TRUE,CLD,Overtopping,1,14,0.28,349,441,8.13,9.02,23.3,5,Regular,702400,719000,16600,16600,50.98834373,50.98834373,1,"High flow, 5 min set",NA,Terrestrial Insects,63,Order,Coleoptera,Coleoptera,Adults,1,0.02,0.02,NA,NA,NA,NA,NA,NA,NA,NA,NA,NA,NA   NA   NA   NA,NA   NA   NA   NA
STTD_2019-03-28 10:00:00,3/28/2019 10:00,STTD,2019,W,TRUE,CLD,Overtopping,1,14,0.28,349,441,8.13,9.02,23.3,5,Regular,702400,719000,16600,16600,50.98834373,50.98834373,1,"High flow, 5 min set",NA,Terrestrial Insects,63,Order,Coleoptera,Coleoptera,NotDetermined,0,0,0,NA,NA,NA,NA,NA,NA,NA,NA,NA,NA,NA   NA   NA   NA,NA   NA   NA   NA
STTD_2019-03-28 10:00:00,3/28/2019 10:00,STTD,2019,W,TRUE,CLD,Overtopping,1,14,0.28,349,441,8.13,9.02,23.3,5,Regular,702400,719000,16600,16600,50.98834373,50.98834373,1,"High flow, 5 min set",NA,Aquatic Insects,101,Family,Carabidae,Carabidae,Larvae,0,0,0,NA,NA,NA,NA,NA,NA,NA,NA,NA,NA,NA   NA   NA   NA,NA   NA   NA   NA
STTD_2019-03-28 10:00:00,3/28/2019 10:00,STTD,2019,W,TRUE,CLD,Overtopping,1,14,0.28,349,441,8.13,9.02,23.3,5,Regular,702400,719000,16600,16600,50.98834373,50.98834373,1,"High flow, 5 min set",NA,Aquatic Insects,101,Family,Carabidae,Carabidae,Pupae,0,0,0,NA,NA,NA,NA,NA,NA,NA,NA,NA,NA,NA   NA   NA   NA,NA   NA   NA   NA
STTD_2019-03-28 10:00:00,3/28/2019 10:00,STTD,2019,W,TRUE,CLD,Overtopping,1,14,0.28,349,441,8.13,9.02,23.3,5,Regular,702400,719000,16600,16600,50.98834373,50.98834373,1,"High flow, 5 min set",NA,Aquatic Insects,101,Family,Carabidae,Carabidae,Nymphs,0,0,0,NA,NA,NA,NA,NA,NA,NA,NA,NA,NA,NA   NA   NA   NA,NA   NA   NA   NA
STTD_2019-03-28 10:00:00,3/28/2019 10:00,STTD,2019,W,TRUE,CLD,Overtopping,1,14,0.28,349,441,8.13,9.02,23.3,5,Regular,702400,719000,16600,16600,50.98834373,50.98834373,1,"High flow, 5 min set",NA,Aquatic Insects,101,Family,Carabidae,Carabidae,Emergents,0,0,0,NA,NA,NA,NA,NA,NA,NA,NA,NA,NA,NA   NA   NA   NA,NA   NA   NA   NA
STTD_2019-03-28 10:00:00,3/28/2019 10:00,STTD,2019,W,TRUE,CLD,Overtopping,1,14,0.28,349,441,8.13,9.02,23.3,5,Regular,702400,719000,16600,16600,50.98834373,50.98834373,1,"High flow, 5 min set",NA,Aquatic Insects,101,Family,Carabidae,Carabidae,Adults,5,0.098,0.098,NA,NA,NA,NA,NA,NA,NA,NA,NA,NA,NA   NA   NA   NA,NA   NA   NA   NA
STTD_2019-03-28 10:00:00,3/28/2019 10:00,STTD,2019,W,TRUE,CLD,Overtopping,1,14,0.28,349,441,8.13,9.02,23.3,5,Regular,702400,719000,16600,16600,50.98834373,50.98834373,1,"High flow, 5 min set",NA,Aquatic Insects,101,Family,Carabidae,Carabidae,NotDetermined,0,0,0,NA,NA,NA,NA,NA,NA,NA,NA,NA,NA,NA   NA   NA   NA,NA   NA   NA   NA
STTD_2019-03-28 10:00:00,3/28/2019 10:00,STTD,2019,W,TRUE,CLD,Overtopping,1,14,0.28,349,441,8.13,9.02,23.3,5,Regular,702400,719000,16600,16600,50.98834373,50.98834373,1,"High flow, 5 min set",NA,Terrestrial Insects,64,Order,Diptera,Diptera,Larvae,0,0,0,NA,NA,NA,NA,NA,NA,NA,NA,NA,NA,NA   NA   NA   NA,NA   NA   NA   NA
STTD_2019-03-28 10:00:00,3/28/2019 10:00,STTD,2019,W,TRUE,CLD,Overtopping,1,14,0.28,349,441,8.13,9.02,23.3,5,Regular,702400,719000,16600,16600,50.98834373,50.98834373,1,"High flow, 5 min set",NA,Terrestrial Insects,64,Order,Diptera,Diptera,Pupae,3,0.059,0.059,NA,NA,NA,NA,NA,NA,NA,NA,NA,NA,NA   NA   NA   NA,NA   NA   NA   NA
STTD_2019-03-28 10:00:00,3/28/2019 10:00,STTD,2019,W,TRUE,CLD,Overtopping,1,14,0.28,349,441,8.13,9.02,23.3,5,Regular,702400,719000,16600,16600,50.98834373,50.98834373,1,"High flow, 5 min set",NA,Terrestrial Insects,64,Order,Diptera,Diptera,Nymphs,0,0,0,NA,NA,NA,NA,NA,NA,NA,NA,NA,NA,NA   NA   NA   NA,NA   NA   NA   NA
STTD_2019-03-28 10:00:00,3/28/2019 10:00,STTD,2019,W,TRUE,CLD,Overtopping,1,14,0.28,349,441,8.13,9.02,23.3,5,Regular,702400,719000,16600,16600,50.98834373,50.98834373,1,"High flow, 5 min set",NA,Terrestrial Insects,64,Order,Diptera,Diptera,Emergents,0,0,0,NA,NA,NA,NA,NA,NA,NA,NA,NA,NA,NA   NA   NA   NA,NA   NA   NA   NA
STTD_2019-03-28 10:00:00,3/28/2019 10:00,STTD,2019,W,TRUE,CLD,Overtopping,1,14,0.28,349,441,8.13,9.02,23.3,5,Regular,702400,719000,16600,16600,50.98834373,50.98834373,1,"High flow, 5 min set",NA,Terrestrial Insects,64,Order,Diptera,Diptera,Adults,1,0.02,0.02,NA,NA,NA,NA,NA,NA,NA,NA,NA,NA,NA   NA   NA   NA,NA   NA   NA   NA
STTD_2019-03-28 10:00:00,3/28/2019 10:00,STTD,2019,W,TRUE,CLD,Overtopping,1,14,0.28,349,441,8.13,9.02,23.3,5,Regular,702400,719000,16600,16600,50.98834373,50.98834373,1,"High flow, 5 min set",NA,Terrestrial Insects,64,Order,Diptera,Diptera,NotDetermined,0,0,0,NA,NA,NA,NA,NA,NA,NA,NA,NA,NA,NA   NA   NA   NA,NA   NA   NA   NA
STTD_2019-03-28 10:00:00,3/28/2019 10:00,STTD,2019,W,TRUE,CLD,Overtopping,1,14,0.28,349,441,8.13,9.02,23.3,5,Regular,702400,719000,16600,16600,50.98834373,50.98834373,1,"High flow, 5 min set",NA,Terrestrial Insects,192,Family,Phoridae,Phoridae,Larvae,0,0,0,NA,NA,NA,NA,NA,NA,NA,NA,NA,NA,NA   NA   NA   NA,NA   NA   NA   NA
STTD_2019-03-28 10:00:00,3/28/2019 10:00,STTD,2019,W,TRUE,CLD,Overtopping,1,14,0.28,349,441,8.13,9.02,23.3,5,Regular,702400,719000,16600,16600,50.98834373,50.98834373,1,"High flow, 5 min set",NA,Terrestrial Insects,192,Family,Phoridae,Phoridae,Pupae,0,0,0,NA,NA,NA,NA,NA,NA,NA,NA,NA,NA,NA   NA   NA   NA,NA   NA   NA   NA
STTD_2019-03-28 10:00:00,3/28/2019 10:00,STTD,2019,W,TRUE,CLD,Overtopping,1,14,0.28,349,441,8.13,9.02,23.3,5,Regular,702400,719000,16600,16600,50.98834373,50.98834373,1,"High flow, 5 min set",NA,Terrestrial Insects,192,Family,Phoridae,Phoridae,Nymphs,0,0,0,NA,NA,NA,NA,NA,NA,NA,NA,NA,NA,NA   NA   NA   NA,NA   NA   NA   NA
STTD_2019-03-28 10:00:00,3/28/2019 10:00,STTD,2019,W,TRUE,CLD,Overtopping,1,14,0.28,349,441,8.13,9.02,23.3,5,Regular,702400,719000,16600,16600,50.98834373,50.98834373,1,"High flow, 5 min set",NA,Terrestrial Insects,192,Family,Phoridae,Phoridae,Emergents,0,0,0,NA,NA,NA,NA,NA,NA,NA,NA,NA,NA,NA   NA   NA   NA,NA   NA   NA   NA
STTD_2019-03-28 10:00:00,3/28/2019 10:00,STTD,2019,W,TRUE,CLD,Overtopping,1,14,0.28,349,441,8.13,9.02,23.3,5,Regular,702400,719000,16600,16600,50.98834373,50.98834373,1,"High flow, 5 min set",NA,Terrestrial Insects,192,Family,Phoridae,Phoridae,Adults,9,0.177,0.177,NA,NA,NA,NA,NA,NA,NA,NA,NA,NA,NA   NA   NA   NA,NA   NA   NA   NA
STTD_2019-03-28 10:00:00,3/28/2019 10:00,STTD,2019,W,TRUE,CLD,Overtopping,1,14,0.28,349,441,8.13,9.02,23.3,5,Regular,702400,719000,16600,16600,50.98834373,50.98834373,1,"High flow, 5 min set",NA,Terrestrial Insects,192,Family,Phoridae,Phoridae,NotDetermined,0,0,0,NA,NA,NA,NA,NA,NA,NA,NA,NA,NA,NA   NA   NA   NA,NA   NA   NA   NA
STTD_2019-03-28 10:00:00,3/28/2019 10:00,STTD,2019,W,TRUE,CLD,Overtopping,1,14,0.28,349,441,8.13,9.02,23.3,5,Regular,702400,719000,16600,16600,50.98834373,50.98834373,1,"High flow, 5 min set",NA,Terrestrial Insects,193,Family,Mesoveliidae,Mesoveliidae,Larvae,0,0,0,NA,NA,NA,NA,NA,NA,NA,NA,NA,NA,NA   NA   NA   NA,NA   NA   NA   NA
STTD_2019-03-28 10:00:00,3/28/2019 10:00,STTD,2019,W,TRUE,CLD,Overtopping,1,14,0.28,349,441,8.13,9.02,23.3,5,Regular,702400,719000,16600,16600,50.98834373,50.98834373,1,"High flow, 5 min set",NA,Terrestrial Insects,193,Family,Mesoveliidae,Mesoveliidae,Pupae,0,0,0,NA,NA,NA,NA,NA,NA,NA,NA,NA,NA,NA   NA   NA   NA,NA   NA   NA   NA
STTD_2019-03-28 10:00:00,3/28/2019 10:00,STTD,2019,W,TRUE,CLD,Overtopping,1,14,0.28,349,441,8.13,9.02,23.3,5,Regular,702400,719000,16600,16600,50.98834373,50.98834373,1,"High flow, 5 min set",NA,Terrestrial Insects,193,Family,Mesoveliidae,Mesoveliidae,Nymphs,4,0.078,0.078,NA,NA,NA,NA,NA,NA,NA,NA,NA,NA,NA   NA   NA   NA,NA   NA   NA   NA
STTD_2019-03-28 10:00:00,3/28/2019 10:00,STTD,2019,W,TRUE,CLD,Overtopping,1,14,0.28,349,441,8.13,9.02,23.3,5,Regular,702400,719000,16600,16600,50.98834373,50.98834373,1,"High flow, 5 min set",NA,Terrestrial Insects,193,Family,Mesoveliidae,Mesoveliidae,Emergents,0,0,0,NA,NA,NA,NA,NA,NA,NA,NA,NA,NA,NA   NA   NA   NA,NA   NA   NA   NA
STTD_2019-03-28 10:00:00,3/28/2019 10:00,STTD,2019,W,TRUE,CLD,Overtopping,1,14,0.28,349,441,8.13,9.02,23.3,5,Regular,702400,719000,16600,16600,50.98834373,50.98834373,1,"High flow, 5 min set",NA,Terrestrial Insects,193,Family,Mesoveliidae,Mesoveliidae,Adults,19,0.373,0.373,NA,NA,NA,NA,NA,NA,NA,NA,NA,NA,NA   NA   NA   NA,NA   NA   NA   NA
STTD_2019-03-28 10:00:00,3/28/2019 10:00,STTD,2019,W,TRUE,CLD,Overtopping,1,14,0.28,349,441,8.13,9.02,23.3,5,Regular,702400,719000,16600,16600,50.98834373,50.98834373,1,"High flow, 5 min set",NA,Terrestrial Insects,193,Family,Mesoveliidae,Mesoveliidae,NotDetermined,0,0,0,NA,NA,NA,NA,NA,NA,NA,NA,NA,NA,NA   NA   NA   NA,NA   NA   NA   NA
STTD_2019-03-28 10:00:00,3/28/2019 10:00,STTD,2019,W,TRUE,CLD,Overtopping,1,14,0.28,349,441,8.13,9.02,23.3,5,Regular,702400,719000,16600,16600,50.98834373,50.98834373,1,"High flow, 5 min set",NA,Terrestrial Insects,66,Order,Hymenoptera,Hymenoptera,Larvae,0,0,0,NA,NA,NA,NA,NA,NA,NA,NA,NA,NA,NA   NA   NA   NA,NA   NA   NA   NA
STTD_2019-03-28 10:00:00,3/28/2019 10:00,STTD,2019,W,TRUE,CLD,Overtopping,1,14,0.28,349,441,8.13,9.02,23.3,5,Regular,702400,719000,16600,16600,50.98834373,50.98834373,1,"High flow, 5 min set",NA,Terrestrial Insects,66,Order,Hymenoptera,Hymenoptera,Pupae,0,0,0,NA,NA,NA,NA,NA,NA,NA,NA,NA,NA,NA   NA   NA   NA,NA   NA   NA   NA
STTD_2019-03-28 10:00:00,3/28/2019 10:00,STTD,2019,W,TRUE,CLD,Overtopping,1,14,0.28,349,441,8.13,9.02,23.3,5,Regular,702400,719000,16600,16600,50.98834373,50.98834373,1,"High flow, 5 min set",NA,Terrestrial Insects,66,Order,Hymenoptera,Hymenoptera,Nymphs,0,0,0,NA,NA,NA,NA,NA,NA,NA,NA,NA,NA,NA   NA   NA   NA,NA   NA   NA   NA
STTD_2019-03-28 10:00:00,3/28/2019 10:00,STTD,2019,W,TRUE,CLD,Overtopping,1,14,0.28,349,441,8.13,9.02,23.3,5,Regular,702400,719000,16600,16600,50.98834373,50.98834373,1,"High flow, 5 min set",NA,Terrestrial Insects,66,Order,Hymenoptera,Hymenoptera,Emergents,0,0,0,NA,NA,NA,NA,NA,NA,NA,NA,NA,NA,NA   NA   NA   NA,NA   NA   NA   NA
STTD_2019-03-28 10:00:00,3/28/2019 10:00,STTD,2019,W,TRUE,CLD,Overtopping,1,14,0.28,349,441,8.13,9.02,23.3,5,Regular,702400,719000,16600,16600,50.98834373,50.98834373,1,"High flow, 5 min set",NA,Terrestrial Insects,66,Order,Hymenoptera,Hymenoptera,Adults,2,0.039,0.039,NA,NA,NA,NA,NA,NA,NA,NA,NA,NA,NA   NA   NA   NA,NA   NA   NA   NA
STTD_2019-03-28 10:00:00,3/28/2019 10:00,STTD,2019,W,TRUE,CLD,Overtopping,1,14,0.28,349,441,8.13,9.02,23.3,5,Regular,702400,719000,16600,16600,50.98834373,50.98834373,1,"High flow, 5 min set",NA,Terrestrial Insects,66,Order,Hymenoptera,Hymenoptera,NotDetermined,0,0,0,NA,NA,NA,NA,NA,NA,NA,NA,NA,NA,NA   NA   NA   NA,NA   NA   NA   NA
STTD_2019-03-28 10:00:00,3/28/2019 10:00,STTD,2019,W,TRUE,CLD,Overtopping,1,14,0.28,349,441,8.13,9.02,23.3,5,Regular,702400,719000,16600,16600,50.98834373,50.98834373,1,"High flow, 5 min set",NA,Terrestrial Insects,67,Order,Psocoptera,Psocoptera,Larvae,1,0.02,0.02,NA,NA,NA,NA,NA,NA,NA,NA,NA,NA,NA   NA   NA   NA,NA   NA   NA   NA
STTD_2019-03-28 10:00:00,3/28/2019 10:00,STTD,2019,W,TRUE,CLD,Overtopping,1,14,0.28,349,441,8.13,9.02,23.3,5,Regular,702400,719000,16600,16600,50.98834373,50.98834373,1,"High flow, 5 min set",NA,Terrestrial Insects,67,Order,Psocoptera,Psocoptera,Pupae,0,0,0,NA,NA,NA,NA,NA,NA,NA,NA,NA,NA,NA   NA   NA   NA,NA   NA   NA   NA
STTD_2019-03-28 10:00:00,3/28/2019 10:00,STTD,2019,W,TRUE,CLD,Overtopping,1,14,0.28,349,441,8.13,9.02,23.3,5,Regular,702400,719000,16600,16600,50.98834373,50.98834373,1,"High flow, 5 min set",NA,Terrestrial Insects,67,Order,Psocoptera,Psocoptera,Nymphs,0,0,0,NA,NA,NA,NA,NA,NA,NA,NA,NA,NA,NA   NA   NA   NA,NA   NA   NA   NA
STTD_2019-03-28 10:00:00,3/28/2019 10:00,STTD,2019,W,TRUE,CLD,Overtopping,1,14,0.28,349,441,8.13,9.02,23.3,5,Regular,702400,719000,16600,16600,50.98834373,50.98834373,1,"High flow, 5 min set",NA,Terrestrial Insects,67,Order,Psocoptera,Psocoptera,Emergents,0,0,0,NA,NA,NA,NA,NA,NA,NA,NA,NA,NA,NA   NA   NA   NA,NA   NA   NA   NA
STTD_2019-03-28 10:00:00,3/28/2019 10:00,STTD,2019,W,TRUE,CLD,Overtopping,1,14,0.28,349,441,8.13,9.02,23.3,5,Regular,702400,719000,16600,16600,50.98834373,50.98834373,1,"High flow, 5 min set",NA,Terrestrial Insects,67,Order,Psocoptera,Psocoptera,Adults,1,0.02,0.02,NA,NA,NA,NA,NA,NA,NA,NA,NA,NA,NA   NA   NA   NA,NA   NA   NA   NA
STTD_2019-03-28 10:00:00,3/28/2019 10:00,STTD,2019,W,TRUE,CLD,Overtopping,1,14,0.28,349,441,8.13,9.02,23.3,5,Regular,702400,719000,16600,16600,50.98834373,50.98834373,1,"High flow, 5 min set",NA,Terrestrial Insects,67,Order,Psocoptera,Psocoptera,NotDetermined,0,0,0,NA,NA,NA,NA,NA,NA,NA,NA,NA,NA,NA   NA   NA   NA,NA   NA   NA   NA
SHR_2019-03-29 09:05:00,3/29/2019 9:05,SHR,2019,W,TRUE,CLR,NA,1,11.5,0.3,98,124,7.69,10.66,23.4,10,Regular,719000,730202,11202,11202,34.40791726,34.40791726,1,net may have been in an eddy. Sampled from dock.,NA,Aquatic Insects,30,Family,Dytiscidae,Dytiscidae,Larvae,0,0,0,NA,NA,NA,NA,NA,NA,NA,NA,NA,NA,NA   NA   NA   NA,NA   NA   NA   NA
SHR_2019-03-29 09:05:00,3/29/2019 9:05,SHR,2019,W,TRUE,CLR,NA,1,11.5,0.3,98,124,7.69,10.66,23.4,10,Regular,719000,730202,11202,11202,34.40791726,34.40791726,1,net may have been in an eddy. Sampled from dock.,NA,Aquatic Insects,30,Family,Dytiscidae,Dytiscidae,Pupae,0,0,0,NA,NA,NA,NA,NA,NA,NA,NA,NA,NA,NA   NA   NA   NA,NA   NA   NA   NA
SHR_2019-03-29 09:05:00,3/29/2019 9:05,SHR,2019,W,TRUE,CLR,NA,1,11.5,0.3,98,124,7.69,10.66,23.4,10,Regular,719000,730202,11202,11202,34.40791726,34.40791726,1,net may have been in an eddy. Sampled from dock.,NA,Aquatic Insects,30,Family,Dytiscidae,Dytiscidae,Nymphs,0,0,0,NA,NA,NA,NA,NA,NA,NA,NA,NA,NA,NA   NA   NA   NA,NA   NA   NA   NA
SHR_2019-03-29 09:05:00,3/29/2019 9:05,SHR,2019,W,TRUE,CLR,NA,1,11.5,0.3,98,124,7.69,10.66,23.4,10,Regular,719000,730202,11202,11202,34.40791726,34.40791726,1,net may have been in an eddy. Sampled from dock.,NA,Aquatic Insects,30,Family,Dytiscidae,Dytiscidae,Emergents,0,0,0,NA,NA,NA,NA,NA,NA,NA,NA,NA,NA,NA   NA   NA   NA,NA   NA   NA   NA
SHR_2019-03-29 09:05:00,3/29/2019 9:05,SHR,2019,W,TRUE,CLR,NA,1,11.5,0.3,98,124,7.69,10.66,23.4,10,Regular,719000,730202,11202,11202,34.40791726,34.40791726,1,net may have been in an eddy. Sampled from dock.,NA,Aquatic Insects,30,Family,Dytiscidae,Dytiscidae,Adults,1,0.029,0.029,NA,NA,NA,NA,NA,NA,NA,NA,NA,NA,NA   NA   NA   NA,NA   NA   NA   NA
SHR_2019-03-29 09:05:00,3/29/2019 9:05,SHR,2019,W,TRUE,CLR,NA,1,11.5,0.3,98,124,7.69,10.66,23.4,10,Regular,719000,730202,11202,11202,34.40791726,34.40791726,1,net may have been in an eddy. Sampled from dock.,NA,Aquatic Insects,30,Family,Dytiscidae,Dytiscidae,NotDetermined,0,0,0,NA,NA,NA,NA,NA,NA,NA,NA,NA,NA,NA   NA   NA   NA,NA   NA   NA   NA
SHR_2019-03-29 09:05:00,3/29/2019 9:05,SHR,2019,W,TRUE,CLR,NA,1,11.5,0.3,98,124,7.69,10.66,23.4,10,Regular,719000,730202,11202,11202,34.40791726,34.40791726,1,net may have been in an eddy. Sampled from dock.,NA,Aquatic Insects,34,Family,Chironomidae,Chironomidae,Larvae,2,0.058,0.058,NA,NA,NA,NA,NA,NA,NA,NA,NA,NA,NA   NA   NA   NA,NA   NA   NA   NA
SHR_2019-03-29 09:05:00,3/29/2019 9:05,SHR,2019,W,TRUE,CLR,NA,1,11.5,0.3,98,124,7.69,10.66,23.4,10,Regular,719000,730202,11202,11202,34.40791726,34.40791726,1,net may have been in an eddy. Sampled from dock.,NA,Aquatic Insects,34,Family,Chironomidae,Chironomidae,Pupae,1,0.029,0.029,NA,NA,NA,NA,NA,NA,NA,NA,NA,NA,NA   NA   NA   NA,NA   NA   NA   NA
SHR_2019-03-29 09:05:00,3/29/2019 9:05,SHR,2019,W,TRUE,CLR,NA,1,11.5,0.3,98,124,7.69,10.66,23.4,10,Regular,719000,730202,11202,11202,34.40791726,34.40791726,1,net may have been in an eddy. Sampled from dock.,NA,Aquatic Insects,34,Family,Chironomidae,Chironomidae,Nymphs,0,0,0,NA,NA,NA,NA,NA,NA,NA,NA,NA,NA,NA   NA   NA   NA,NA   NA   NA   NA
SHR_2019-03-29 09:05:00,3/29/2019 9:05,SHR,2019,W,TRUE,CLR,NA,1,11.5,0.3,98,124,7.69,10.66,23.4,10,Regular,719000,730202,11202,11202,34.40791726,34.40791726,1,net may have been in an eddy. Sampled from dock.,NA,Aquatic Insects,34,Family,Chironomidae,Chironomidae,Emergents,0,0,0,NA,NA,NA,NA,NA,NA,NA,NA,NA,NA,NA   NA   NA   NA,NA   NA   NA   NA
SHR_2019-03-29 09:05:00,3/29/2019 9:05,SHR,2019,W,TRUE,CLR,NA,1,11.5,0.3,98,124,7.69,10.66,23.4,10,Regular,719000,730202,11202,11202,34.40791726,34.40791726,1,net may have been in an eddy. Sampled from dock.,NA,Aquatic Insects,34,Family,Chironomidae,Chironomidae,Adults,10,0.291,0.291,NA,NA,NA,NA,NA,NA,NA,NA,NA,NA,NA   NA   NA   NA,NA   NA   NA   NA
SHR_2019-03-29 09:05:00,3/29/2019 9:05,SHR,2019,W,TRUE,CLR,NA,1,11.5,0.3,98,124,7.69,10.66,23.4,10,Regular,719000,730202,11202,11202,34.40791726,34.40791726,1,net may have been in an eddy. Sampled from dock.,NA,Aquatic Insects,34,Family,Chironomidae,Chironomidae,NotDetermined,0,0,0,NA,NA,NA,NA,NA,NA,NA,NA,NA,NA,NA   NA   NA   NA,NA   NA   NA   NA
SHR_2019-03-29 09:05:00,3/29/2019 9:05,SHR,2019,W,TRUE,CLR,NA,1,11.5,0.3,98,124,7.69,10.66,23.4,10,Regular,719000,730202,11202,11202,34.40791726,34.40791726,1,net may have been in an eddy. Sampled from dock.,NA,Aquatic Insects,38,Family,Simuliidae,Simuliidae,Larvae,1,0.029,0.029,NA,NA,NA,NA,NA,NA,NA,NA,NA,NA,NA   NA   NA   NA,NA   NA   NA   NA
SHR_2019-03-29 09:05:00,3/29/2019 9:05,SHR,2019,W,TRUE,CLR,NA,1,11.5,0.3,98,124,7.69,10.66,23.4,10,Regular,719000,730202,11202,11202,34.40791726,34.40791726,1,net may have been in an eddy. Sampled from dock.,NA,Aquatic Insects,38,Family,Simuliidae,Simuliidae,Pupae,0,0,0,NA,NA,NA,NA,NA,NA,NA,NA,NA,NA,NA   NA   NA   NA,NA   NA   NA   NA
SHR_2019-03-29 09:05:00,3/29/2019 9:05,SHR,2019,W,TRUE,CLR,NA,1,11.5,0.3,98,124,7.69,10.66,23.4,10,Regular,719000,730202,11202,11202,34.40791726,34.40791726,1,net may have been in an eddy. Sampled from dock.,NA,Aquatic Insects,38,Family,Simuliidae,Simuliidae,Nymphs,0,0,0,NA,NA,NA,NA,NA,NA,NA,NA,NA,NA,NA   NA   NA   NA,NA   NA   NA   NA
SHR_2019-03-29 09:05:00,3/29/2019 9:05,SHR,2019,W,TRUE,CLR,NA,1,11.5,0.3,98,124,7.69,10.66,23.4,10,Regular,719000,730202,11202,11202,34.40791726,34.40791726,1,net may have been in an eddy. Sampled from dock.,NA,Aquatic Insects,38,Family,Simuliidae,Simuliidae,Emergents,0,0,0,NA,NA,NA,NA,NA,NA,NA,NA,NA,NA,NA   NA   NA   NA,NA   NA   NA   NA
SHR_2019-03-29 09:05:00,3/29/2019 9:05,SHR,2019,W,TRUE,CLR,NA,1,11.5,0.3,98,124,7.69,10.66,23.4,10,Regular,719000,730202,11202,11202,34.40791726,34.40791726,1,net may have been in an eddy. Sampled from dock.,NA,Aquatic Insects,38,Family,Simuliidae,Simuliidae,Adults,0,0,0,NA,NA,NA,NA,NA,NA,NA,NA,NA,NA,NA   NA   NA   NA,NA   NA   NA   NA
SHR_2019-03-29 09:05:00,3/29/2019 9:05,SHR,2019,W,TRUE,CLR,NA,1,11.5,0.3,98,124,7.69,10.66,23.4,10,Regular,719000,730202,11202,11202,34.40791726,34.40791726,1,net may have been in an eddy. Sampled from dock.,NA,Aquatic Insects,38,Family,Simuliidae,Simuliidae,NotDetermined,0,0,0,NA,NA,NA,NA,NA,NA,NA,NA,NA,NA,NA   NA   NA   NA,NA   NA   NA   NA
SHR_2019-03-29 09:05:00,3/29/2019 9:05,SHR,2019,W,TRUE,CLR,NA,1,11.5,0.3,98,124,7.69,10.66,23.4,10,Regular,719000,730202,11202,11202,34.40791726,34.40791726,1,net may have been in an eddy. Sampled from dock.,NA,Aquatic Insects,35,Family,Empididae,Empididae,Larvae,1,0.029,0.029,NA,NA,NA,NA,NA,NA,NA,NA,NA,NA,NA   NA   NA   NA,NA   NA   NA   NA
SHR_2019-03-29 09:05:00,3/29/2019 9:05,SHR,2019,W,TRUE,CLR,NA,1,11.5,0.3,98,124,7.69,10.66,23.4,10,Regular,719000,730202,11202,11202,34.40791726,34.40791726,1,net may have been in an eddy. Sampled from dock.,NA,Aquatic Insects,35,Family,Empididae,Empididae,Pupae,0,0,0,NA,NA,NA,NA,NA,NA,NA,NA,NA,NA,NA   NA   NA   NA,NA   NA   NA   NA
SHR_2019-03-29 09:05:00,3/29/2019 9:05,SHR,2019,W,TRUE,CLR,NA,1,11.5,0.3,98,124,7.69,10.66,23.4,10,Regular,719000,730202,11202,11202,34.40791726,34.40791726,1,net may have been in an eddy. Sampled from dock.,NA,Aquatic Insects,35,Family,Empididae,Empididae,Nymphs,0,0,0,NA,NA,NA,NA,NA,NA,NA,NA,NA,NA,NA   NA   NA   NA,NA   NA   NA   NA
SHR_2019-03-29 09:05:00,3/29/2019 9:05,SHR,2019,W,TRUE,CLR,NA,1,11.5,0.3,98,124,7.69,10.66,23.4,10,Regular,719000,730202,11202,11202,34.40791726,34.40791726,1,net may have been in an eddy. Sampled from dock.,NA,Aquatic Insects,35,Family,Empididae,Empididae,Emergents,0,0,0,NA,NA,NA,NA,NA,NA,NA,NA,NA,NA,NA   NA   NA   NA,NA   NA   NA   NA
SHR_2019-03-29 09:05:00,3/29/2019 9:05,SHR,2019,W,TRUE,CLR,NA,1,11.5,0.3,98,124,7.69,10.66,23.4,10,Regular,719000,730202,11202,11202,34.40791726,34.40791726,1,net may have been in an eddy. Sampled from dock.,NA,Aquatic Insects,35,Family,Empididae,Empididae,Adults,0,0,0,NA,NA,NA,NA,NA,NA,NA,NA,NA,NA,NA   NA   NA   NA,NA   NA   NA   NA
SHR_2019-03-29 09:05:00,3/29/2019 9:05,SHR,2019,W,TRUE,CLR,NA,1,11.5,0.3,98,124,7.69,10.66,23.4,10,Regular,719000,730202,11202,11202,34.40791726,34.40791726,1,net may have been in an eddy. Sampled from dock.,NA,Aquatic Insects,35,Family,Empididae,Empididae,NotDetermined,0,0,0,NA,NA,NA,NA,NA,NA,NA,NA,NA,NA,NA   NA   NA   NA,NA   NA   NA   NA
SHR_2019-03-29 09:05:00,3/29/2019 9:05,SHR,2019,W,TRUE,CLR,NA,1,11.5,0.3,98,124,7.69,10.66,23.4,10,Regular,719000,730202,11202,11202,34.40791726,34.40791726,1,net may have been in an eddy. Sampled from dock.,NA,Aquatic Insects,107,Family,Leptohyphidae,Leptohyphidae,Larvae,0,0,0,NA,NA,NA,NA,NA,NA,NA,NA,NA,NA,NA   NA   NA   NA,NA   NA   NA   NA
SHR_2019-03-29 09:05:00,3/29/2019 9:05,SHR,2019,W,TRUE,CLR,NA,1,11.5,0.3,98,124,7.69,10.66,23.4,10,Regular,719000,730202,11202,11202,34.40791726,34.40791726,1,net may have been in an eddy. Sampled from dock.,NA,Aquatic Insects,107,Family,Leptohyphidae,Leptohyphidae,Pupae,0,0,0,NA,NA,NA,NA,NA,NA,NA,NA,NA,NA,NA   NA   NA   NA,NA   NA   NA   NA
SHR_2019-03-29 09:05:00,3/29/2019 9:05,SHR,2019,W,TRUE,CLR,NA,1,11.5,0.3,98,124,7.69,10.66,23.4,10,Regular,719000,730202,11202,11202,34.40791726,34.40791726,1,net may have been in an eddy. Sampled from dock.,NA,Aquatic Insects,107,Family,Leptohyphidae,Leptohyphidae,Nymphs,1,0.029,0.029,NA,NA,NA,NA,NA,NA,NA,NA,NA,NA,NA   NA   NA   NA,NA   NA   NA   NA
SHR_2019-03-29 09:05:00,3/29/2019 9:05,SHR,2019,W,TRUE,CLR,NA,1,11.5,0.3,98,124,7.69,10.66,23.4,10,Regular,719000,730202,11202,11202,34.40791726,34.40791726,1,net may have been in an eddy. Sampled from dock.,NA,Aquatic Insects,107,Family,Leptohyphidae,Leptohyphidae,Emergents,0,0,0,NA,NA,NA,NA,NA,NA,NA,NA,NA,NA,NA   NA   NA   NA,NA   NA   NA   NA
SHR_2019-03-29 09:05:00,3/29/2019 9:05,SHR,2019,W,TRUE,CLR,NA,1,11.5,0.3,98,124,7.69,10.66,23.4,10,Regular,719000,730202,11202,11202,34.40791726,34.40791726,1,net may have been in an eddy. Sampled from dock.,NA,Aquatic Insects,107,Family,Leptohyphidae,Leptohyphidae,Adults,0,0,0,NA,NA,NA,NA,NA,NA,NA,NA,NA,NA,NA   NA   NA   NA,NA   NA   NA   NA
SHR_2019-03-29 09:05:00,3/29/2019 9:05,SHR,2019,W,TRUE,CLR,NA,1,11.5,0.3,98,124,7.69,10.66,23.4,10,Regular,719000,730202,11202,11202,34.40791726,34.40791726,1,net may have been in an eddy. Sampled from dock.,NA,Aquatic Insects,107,Family,Leptohyphidae,Leptohyphidae,NotDetermined,0,0,0,NA,NA,NA,NA,NA,NA,NA,NA,NA,NA,NA   NA   NA   NA,NA   NA   NA   NA
SHR_2019-03-29 09:05:00,3/29/2019 9:05,SHR,2019,W,TRUE,CLR,NA,1,11.5,0.3,98,124,7.69,10.66,23.4,10,Regular,719000,730202,11202,11202,34.40791726,34.40791726,1,net may have been in an eddy. Sampled from dock.,NA,Aquatic Insects,102,Family,Gomphidae,Gomphidae,Larvae,0,0,0,NA,NA,NA,NA,NA,NA,NA,NA,NA,NA,NA   NA   NA   NA,NA   NA   NA   NA
SHR_2019-03-29 09:05:00,3/29/2019 9:05,SHR,2019,W,TRUE,CLR,NA,1,11.5,0.3,98,124,7.69,10.66,23.4,10,Regular,719000,730202,11202,11202,34.40791726,34.40791726,1,net may have been in an eddy. Sampled from dock.,NA,Aquatic Insects,102,Family,Gomphidae,Gomphidae,Pupae,0,0,0,NA,NA,NA,NA,NA,NA,NA,NA,NA,NA,NA   NA   NA   NA,NA   NA   NA   NA
SHR_2019-03-29 09:05:00,3/29/2019 9:05,SHR,2019,W,TRUE,CLR,NA,1,11.5,0.3,98,124,7.69,10.66,23.4,10,Regular,719000,730202,11202,11202,34.40791726,34.40791726,1,net may have been in an eddy. Sampled from dock.,NA,Aquatic Insects,102,Family,Gomphidae,Gomphidae,Nymphs,1,0.029,0.029,NA,NA,NA,NA,NA,NA,NA,NA,NA,NA,NA   NA   NA   NA,NA   NA   NA   NA
SHR_2019-03-29 09:05:00,3/29/2019 9:05,SHR,2019,W,TRUE,CLR,NA,1,11.5,0.3,98,124,7.69,10.66,23.4,10,Regular,719000,730202,11202,11202,34.40791726,34.40791726,1,net may have been in an eddy. Sampled from dock.,NA,Aquatic Insects,102,Family,Gomphidae,Gomphidae,Emergents,0,0,0,NA,NA,NA,NA,NA,NA,NA,NA,NA,NA,NA   NA   NA   NA,NA   NA   NA   NA
SHR_2019-03-29 09:05:00,3/29/2019 9:05,SHR,2019,W,TRUE,CLR,NA,1,11.5,0.3,98,124,7.69,10.66,23.4,10,Regular,719000,730202,11202,11202,34.40791726,34.40791726,1,net may have been in an eddy. Sampled from dock.,NA,Aquatic Insects,102,Family,Gomphidae,Gomphidae,Adults,0,0,0,NA,NA,NA,NA,NA,NA,NA,NA,NA,NA,NA   NA   NA   NA,NA   NA   NA   NA
SHR_2019-03-29 09:05:00,3/29/2019 9:05,SHR,2019,W,TRUE,CLR,NA,1,11.5,0.3,98,124,7.69,10.66,23.4,10,Regular,719000,730202,11202,11202,34.40791726,34.40791726,1,net may have been in an eddy. Sampled from dock.,NA,Aquatic Insects,102,Family,Gomphidae,Gomphidae,NotDetermined,0,0,0,NA,NA,NA,NA,NA,NA,NA,NA,NA,NA,NA   NA   NA   NA,NA   NA   NA   NA
SHR_2019-03-29 09:05:00,3/29/2019 9:05,SHR,2019,W,TRUE,CLR,NA,1,11.5,0.3,98,124,7.69,10.66,23.4,10,Regular,719000,730202,11202,11202,34.40791726,34.40791726,1,net may have been in an eddy. Sampled from dock.,NA,Aquatic Non-Insects,4,Family,Naididae,Naididae,Larvae,0,0,0,NA,NA,NA,NA,NA,NA,NA,NA,NA,NA,NA   NA   NA   NA,NA   NA   NA   NA
SHR_2019-03-29 09:05:00,3/29/2019 9:05,SHR,2019,W,TRUE,CLR,NA,1,11.5,0.3,98,124,7.69,10.66,23.4,10,Regular,719000,730202,11202,11202,34.40791726,34.40791726,1,net may have been in an eddy. Sampled from dock.,NA,Aquatic Non-Insects,4,Family,Naididae,Naididae,Pupae,0,0,0,NA,NA,NA,NA,NA,NA,NA,NA,NA,NA,NA   NA   NA   NA,NA   NA   NA   NA
SHR_2019-03-29 09:05:00,3/29/2019 9:05,SHR,2019,W,TRUE,CLR,NA,1,11.5,0.3,98,124,7.69,10.66,23.4,10,Regular,719000,730202,11202,11202,34.40791726,34.40791726,1,net may have been in an eddy. Sampled from dock.,NA,Aquatic Non-Insects,4,Family,Naididae,Naididae,Nymphs,0,0,0,NA,NA,NA,NA,NA,NA,NA,NA,NA,NA,NA   NA   NA   NA,NA   NA   NA   NA
SHR_2019-03-29 09:05:00,3/29/2019 9:05,SHR,2019,W,TRUE,CLR,NA,1,11.5,0.3,98,124,7.69,10.66,23.4,10,Regular,719000,730202,11202,11202,34.40791726,34.40791726,1,net may have been in an eddy. Sampled from dock.,NA,Aquatic Non-Insects,4,Family,Naididae,Naididae,Emergents,0,0,0,NA,NA,NA,NA,NA,NA,NA,NA,NA,NA,NA   NA   NA   NA,NA   NA   NA   NA
SHR_2019-03-29 09:05:00,3/29/2019 9:05,SHR,2019,W,TRUE,CLR,NA,1,11.5,0.3,98,124,7.69,10.66,23.4,10,Regular,719000,730202,11202,11202,34.40791726,34.40791726,1,net may have been in an eddy. Sampled from dock.,NA,Aquatic Non-Insects,4,Family,Naididae,Naididae,Adults,0,0,0,NA,NA,NA,NA,NA,NA,NA,NA,NA,NA,NA   NA   NA   NA,NA   NA   NA   NA
SHR_2019-03-29 09:05:00,3/29/2019 9:05,SHR,2019,W,TRUE,CLR,NA,1,11.5,0.3,98,124,7.69,10.66,23.4,10,Regular,719000,730202,11202,11202,34.40791726,34.40791726,1,net may have been in an eddy. Sampled from dock.,NA,Aquatic Non-Insects,4,Family,Naididae,Naididae,NotDetermined,9,0.262,0.262,NA,NA,NA,NA,NA,NA,NA,NA,NA,NA,NA   NA   NA   NA,NA   NA   NA   NA
SHR_2019-03-29 09:05:00,3/29/2019 9:05,SHR,2019,W,TRUE,CLR,NA,1,11.5,0.3,98,124,7.69,10.66,23.4,10,Regular,719000,730202,11202,11202,34.40791726,34.40791726,1,net may have been in an eddy. Sampled from dock.,NA,Aquatic Non-Insects,10,Family,Crangonyctidae,Crangonyctidae,Larvae,0,0,0,NA,NA,NA,NA,NA,NA,NA,NA,NA,NA,NA   NA   NA   NA,NA   NA   NA   NA
SHR_2019-03-29 09:05:00,3/29/2019 9:05,SHR,2019,W,TRUE,CLR,NA,1,11.5,0.3,98,124,7.69,10.66,23.4,10,Regular,719000,730202,11202,11202,34.40791726,34.40791726,1,net may have been in an eddy. Sampled from dock.,NA,Aquatic Non-Insects,10,Family,Crangonyctidae,Crangonyctidae,Pupae,0,0,0,NA,NA,NA,NA,NA,NA,NA,NA,NA,NA,NA   NA   NA   NA,NA   NA   NA   NA
SHR_2019-03-29 09:05:00,3/29/2019 9:05,SHR,2019,W,TRUE,CLR,NA,1,11.5,0.3,98,124,7.69,10.66,23.4,10,Regular,719000,730202,11202,11202,34.40791726,34.40791726,1,net may have been in an eddy. Sampled from dock.,NA,Aquatic Non-Insects,10,Family,Crangonyctidae,Crangonyctidae,Nymphs,0,0,0,NA,NA,NA,NA,NA,NA,NA,NA,NA,NA,NA   NA   NA   NA,NA   NA   NA   NA
SHR_2019-03-29 09:05:00,3/29/2019 9:05,SHR,2019,W,TRUE,CLR,NA,1,11.5,0.3,98,124,7.69,10.66,23.4,10,Regular,719000,730202,11202,11202,34.40791726,34.40791726,1,net may have been in an eddy. Sampled from dock.,NA,Aquatic Non-Insects,10,Family,Crangonyctidae,Crangonyctidae,Emergents,0,0,0,NA,NA,NA,NA,NA,NA,NA,NA,NA,NA,NA   NA   NA   NA,NA   NA   NA   NA
SHR_2019-03-29 09:05:00,3/29/2019 9:05,SHR,2019,W,TRUE,CLR,NA,1,11.5,0.3,98,124,7.69,10.66,23.4,10,Regular,719000,730202,11202,11202,34.40791726,34.40791726,1,net may have been in an eddy. Sampled from dock.,NA,Aquatic Non-Insects,10,Family,Crangonyctidae,Crangonyctidae,Adults,0,0,0,NA,NA,NA,NA,NA,NA,NA,NA,NA,NA,NA   NA   NA   NA,NA   NA   NA   NA
SHR_2019-03-29 09:05:00,3/29/2019 9:05,SHR,2019,W,TRUE,CLR,NA,1,11.5,0.3,98,124,7.69,10.66,23.4,10,Regular,719000,730202,11202,11202,34.40791726,34.40791726,1,net may have been in an eddy. Sampled from dock.,NA,Aquatic Non-Insects,10,Family,Crangonyctidae,Crangonyctidae,NotDetermined,4,0.116,0.116,NA,NA,NA,NA,NA,NA,NA,NA,NA,NA,NA   NA   NA   NA,NA   NA   NA   NA
SHR_2019-03-29 09:05:00,3/29/2019 9:05,SHR,2019,W,TRUE,CLR,NA,1,11.5,0.3,98,124,7.69,10.66,23.4,10,Regular,719000,730202,11202,11202,34.40791726,34.40791726,1,net may have been in an eddy. Sampled from dock.,NA,Aquatic Non-Insects,148,Family,Cottidae,Unidentified Sculpin,Larvae,0,0,0,NA,NA,NA,NA,NA,NA,NA,NA,NA,NA,NA   NA   NA   NA,NA   NA   NA   NA
SHR_2019-03-29 09:05:00,3/29/2019 9:05,SHR,2019,W,TRUE,CLR,NA,1,11.5,0.3,98,124,7.69,10.66,23.4,10,Regular,719000,730202,11202,11202,34.40791726,34.40791726,1,net may have been in an eddy. Sampled from dock.,NA,Aquatic Non-Insects,148,Family,Cottidae,Unidentified Sculpin,Pupae,0,0,0,NA,NA,NA,NA,NA,NA,NA,NA,NA,NA,NA   NA   NA   NA,NA   NA   NA   NA
SHR_2019-03-29 09:05:00,3/29/2019 9:05,SHR,2019,W,TRUE,CLR,NA,1,11.5,0.3,98,124,7.69,10.66,23.4,10,Regular,719000,730202,11202,11202,34.40791726,34.40791726,1,net may have been in an eddy. Sampled from dock.,NA,Aquatic Non-Insects,148,Family,Cottidae,Unidentified Sculpin,Nymphs,0,0,0,NA,NA,NA,NA,NA,NA,NA,NA,NA,NA,NA   NA   NA   NA,NA   NA   NA   NA
SHR_2019-03-29 09:05:00,3/29/2019 9:05,SHR,2019,W,TRUE,CLR,NA,1,11.5,0.3,98,124,7.69,10.66,23.4,10,Regular,719000,730202,11202,11202,34.40791726,34.40791726,1,net may have been in an eddy. Sampled from dock.,NA,Aquatic Non-Insects,148,Family,Cottidae,Unidentified Sculpin,Emergents,0,0,0,NA,NA,NA,NA,NA,NA,NA,NA,NA,NA,NA   NA   NA   NA,NA   NA   NA   NA
SHR_2019-03-29 09:05:00,3/29/2019 9:05,SHR,2019,W,TRUE,CLR,NA,1,11.5,0.3,98,124,7.69,10.66,23.4,10,Regular,719000,730202,11202,11202,34.40791726,34.40791726,1,net may have been in an eddy. Sampled from dock.,NA,Aquatic Non-Insects,148,Family,Cottidae,Unidentified Sculpin,Adults,0,0,0,NA,NA,NA,NA,NA,NA,NA,NA,NA,NA,NA   NA   NA   NA,NA   NA   NA   NA
SHR_2019-03-29 09:05:00,3/29/2019 9:05,SHR,2019,W,TRUE,CLR,NA,1,11.5,0.3,98,124,7.69,10.66,23.4,10,Regular,719000,730202,11202,11202,34.40791726,34.40791726,1,net may have been in an eddy. Sampled from dock.,NA,Aquatic Non-Insects,148,Family,Cottidae,Unidentified Sculpin,NotDetermined,3,0.087,0.087,NA,NA,NA,NA,NA,NA,NA,NA,NA,NA,NA   NA   NA   NA,NA   NA   NA   NA
SHR_2019-03-29 09:05:00,3/29/2019 9:05,SHR,2019,W,TRUE,CLR,NA,1,11.5,0.3,98,124,7.69,10.66,23.4,10,Regular,719000,730202,11202,11202,34.40791726,34.40791726,1,net may have been in an eddy. Sampled from dock.,NA,Aquatic Non-Insects,18,Family,Hydridae,Hydridae,Larvae,0,0,0,NA,NA,NA,NA,NA,NA,NA,NA,NA,NA,NA   NA   NA   NA,NA   NA   NA   NA
SHR_2019-03-29 09:05:00,3/29/2019 9:05,SHR,2019,W,TRUE,CLR,NA,1,11.5,0.3,98,124,7.69,10.66,23.4,10,Regular,719000,730202,11202,11202,34.40791726,34.40791726,1,net may have been in an eddy. Sampled from dock.,NA,Aquatic Non-Insects,18,Family,Hydridae,Hydridae,Pupae,0,0,0,NA,NA,NA,NA,NA,NA,NA,NA,NA,NA,NA   NA   NA   NA,NA   NA   NA   NA
SHR_2019-03-29 09:05:00,3/29/2019 9:05,SHR,2019,W,TRUE,CLR,NA,1,11.5,0.3,98,124,7.69,10.66,23.4,10,Regular,719000,730202,11202,11202,34.40791726,34.40791726,1,net may have been in an eddy. Sampled from dock.,NA,Aquatic Non-Insects,18,Family,Hydridae,Hydridae,Nymphs,0,0,0,NA,NA,NA,NA,NA,NA,NA,NA,NA,NA,NA   NA   NA   NA,NA   NA   NA   NA
SHR_2019-03-29 09:05:00,3/29/2019 9:05,SHR,2019,W,TRUE,CLR,NA,1,11.5,0.3,98,124,7.69,10.66,23.4,10,Regular,719000,730202,11202,11202,34.40791726,34.40791726,1,net may have been in an eddy. Sampled from dock.,NA,Aquatic Non-Insects,18,Family,Hydridae,Hydridae,Emergents,0,0,0,NA,NA,NA,NA,NA,NA,NA,NA,NA,NA,NA   NA   NA   NA,NA   NA   NA   NA
SHR_2019-03-29 09:05:00,3/29/2019 9:05,SHR,2019,W,TRUE,CLR,NA,1,11.5,0.3,98,124,7.69,10.66,23.4,10,Regular,719000,730202,11202,11202,34.40791726,34.40791726,1,net may have been in an eddy. Sampled from dock.,NA,Aquatic Non-Insects,18,Family,Hydridae,Hydridae,Adults,0,0,0,NA,NA,NA,NA,NA,NA,NA,NA,NA,NA,NA   NA   NA   NA,NA   NA   NA   NA
SHR_2019-03-29 09:05:00,3/29/2019 9:05,SHR,2019,W,TRUE,CLR,NA,1,11.5,0.3,98,124,7.69,10.66,23.4,10,Regular,719000,730202,11202,11202,34.40791726,34.40791726,1,net may have been in an eddy. Sampled from dock.,NA,Aquatic Non-Insects,18,Family,Hydridae,Hydridae,NotDetermined,1,0.029,0.029,NA,NA,NA,NA,NA,NA,NA,NA,NA,NA,NA   NA   NA   NA,NA   NA   NA   NA
SHR_2019-03-29 09:05:00,3/29/2019 9:05,SHR,2019,W,TRUE,CLR,NA,1,11.5,0.3,98,124,7.69,10.66,23.4,10,Regular,719000,730202,11202,11202,34.40791726,34.40791726,1,net may have been in an eddy. Sampled from dock.,NA,Aquatic Non-Insects,130,Phylum,Nematoda,Nematoda,Larvae,0,0,0,NA,NA,NA,NA,NA,NA,NA,NA,NA,NA,NA   NA   NA   NA,NA   NA   NA   NA
SHR_2019-03-29 09:05:00,3/29/2019 9:05,SHR,2019,W,TRUE,CLR,NA,1,11.5,0.3,98,124,7.69,10.66,23.4,10,Regular,719000,730202,11202,11202,34.40791726,34.40791726,1,net may have been in an eddy. Sampled from dock.,NA,Aquatic Non-Insects,130,Phylum,Nematoda,Nematoda,Pupae,0,0,0,NA,NA,NA,NA,NA,NA,NA,NA,NA,NA,NA   NA   NA   NA,NA   NA   NA   NA
SHR_2019-03-29 09:05:00,3/29/2019 9:05,SHR,2019,W,TRUE,CLR,NA,1,11.5,0.3,98,124,7.69,10.66,23.4,10,Regular,719000,730202,11202,11202,34.40791726,34.40791726,1,net may have been in an eddy. Sampled from dock.,NA,Aquatic Non-Insects,130,Phylum,Nematoda,Nematoda,Nymphs,0,0,0,NA,NA,NA,NA,NA,NA,NA,NA,NA,NA,NA   NA   NA   NA,NA   NA   NA   NA
SHR_2019-03-29 09:05:00,3/29/2019 9:05,SHR,2019,W,TRUE,CLR,NA,1,11.5,0.3,98,124,7.69,10.66,23.4,10,Regular,719000,730202,11202,11202,34.40791726,34.40791726,1,net may have been in an eddy. Sampled from dock.,NA,Aquatic Non-Insects,130,Phylum,Nematoda,Nematoda,Emergents,0,0,0,NA,NA,NA,NA,NA,NA,NA,NA,NA,NA,NA   NA   NA   NA,NA   NA   NA   NA
SHR_2019-03-29 09:05:00,3/29/2019 9:05,SHR,2019,W,TRUE,CLR,NA,1,11.5,0.3,98,124,7.69,10.66,23.4,10,Regular,719000,730202,11202,11202,34.40791726,34.40791726,1,net may have been in an eddy. Sampled from dock.,NA,Aquatic Non-Insects,130,Phylum,Nematoda,Nematoda,Adults,0,0,0,NA,NA,NA,NA,NA,NA,NA,NA,NA,NA,NA   NA   NA   NA,NA   NA   NA   NA
SHR_2019-03-29 09:05:00,3/29/2019 9:05,SHR,2019,W,TRUE,CLR,NA,1,11.5,0.3,98,124,7.69,10.66,23.4,10,Regular,719000,730202,11202,11202,34.40791726,34.40791726,1,net may have been in an eddy. Sampled from dock.,NA,Aquatic Non-Insects,130,Phylum,Nematoda,Nematoda,NotDetermined,1,0.029,0.029,NA,NA,NA,NA,NA,NA,NA,NA,NA,NA,NA   NA   NA   NA,NA   NA   NA   NA
SHR_2019-03-29 09:05:00,3/29/2019 9:05,SHR,2019,W,TRUE,CLR,NA,1,11.5,0.3,98,124,7.69,10.66,23.4,10,Regular,719000,730202,11202,11202,34.40791726,34.40791726,1,net may have been in an eddy. Sampled from dock.,NA,Terrestrial Insects,193,Family,Mesoveliidae,Mesoveliidae,Larvae,0,0,0,NA,NA,NA,NA,NA,NA,NA,NA,NA,NA,NA   NA   NA   NA,NA   NA   NA   NA
SHR_2019-03-29 09:05:00,3/29/2019 9:05,SHR,2019,W,TRUE,CLR,NA,1,11.5,0.3,98,124,7.69,10.66,23.4,10,Regular,719000,730202,11202,11202,34.40791726,34.40791726,1,net may have been in an eddy. Sampled from dock.,NA,Terrestrial Insects,193,Family,Mesoveliidae,Mesoveliidae,Pupae,0,0,0,NA,NA,NA,NA,NA,NA,NA,NA,NA,NA,NA   NA   NA   NA,NA   NA   NA   NA
SHR_2019-03-29 09:05:00,3/29/2019 9:05,SHR,2019,W,TRUE,CLR,NA,1,11.5,0.3,98,124,7.69,10.66,23.4,10,Regular,719000,730202,11202,11202,34.40791726,34.40791726,1,net may have been in an eddy. Sampled from dock.,NA,Terrestrial Insects,193,Family,Mesoveliidae,Mesoveliidae,Nymphs,0,0,0,NA,NA,NA,NA,NA,NA,NA,NA,NA,NA,NA   NA   NA   NA,NA   NA   NA   NA
SHR_2019-03-29 09:05:00,3/29/2019 9:05,SHR,2019,W,TRUE,CLR,NA,1,11.5,0.3,98,124,7.69,10.66,23.4,10,Regular,719000,730202,11202,11202,34.40791726,34.40791726,1,net may have been in an eddy. Sampled from dock.,NA,Terrestrial Insects,193,Family,Mesoveliidae,Mesoveliidae,Emergents,0,0,0,NA,NA,NA,NA,NA,NA,NA,NA,NA,NA,NA   NA   NA   NA,NA   NA   NA   NA
SHR_2019-03-29 09:05:00,3/29/2019 9:05,SHR,2019,W,TRUE,CLR,NA,1,11.5,0.3,98,124,7.69,10.66,23.4,10,Regular,719000,730202,11202,11202,34.40791726,34.40791726,1,net may have been in an eddy. Sampled from dock.,NA,Terrestrial Insects,193,Family,Mesoveliidae,Mesoveliidae,Adults,1,0.029,0.029,NA,NA,NA,NA,NA,NA,NA,NA,NA,NA,NA   NA   NA   NA,NA   NA   NA   NA
SHR_2019-03-29 09:05:00,3/29/2019 9:05,SHR,2019,W,TRUE,CLR,NA,1,11.5,0.3,98,124,7.69,10.66,23.4,10,Regular,719000,730202,11202,11202,34.40791726,34.40791726,1,net may have been in an eddy. Sampled from dock.,NA,Terrestrial Insects,193,Family,Mesoveliidae,Mesoveliidae,NotDetermined,0,0,0,NA,NA,NA,NA,NA,NA,NA,NA,NA,NA,NA   NA   NA   NA,NA   NA   NA   NA
STTD_2019-04-03 10:25:00,4/3/2019 10:25,STTD,2019,W,TRUE,CLD,Overtopping,1,14.9,0.35,182,225,7.84,8.83,24.8,5,Regular,730000,748022,18022,18022,55.3561404,55.3561404,2,"good amount of debris, some of sample may have fallen out when transfering to nalgene",NA,Aquatic Insects,32,Family,Ceratopogonidae,Ceratopogonidae,Larvae,0,0,0,NA,NA,2,SAMP,NA,NA,NA,NA,NA,NA,2   NA   NA   NA,SAMP   NA   NA   NA
STTD_2019-04-03 10:25:00,4/3/2019 10:25,STTD,2019,W,TRUE,CLD,Overtopping,1,14.9,0.35,182,225,7.84,8.83,24.8,5,Regular,730000,748022,18022,18022,55.3561404,55.3561404,2,"good amount of debris, some of sample may have fallen out when transfering to nalgene",NA,Aquatic Insects,32,Family,Ceratopogonidae,Ceratopogonidae,Pupae,4,0.072,0.072,NA,NA,2,SAMP,NA,NA,NA,NA,NA,NA,2   NA   NA   NA,SAMP   NA   NA   NA
STTD_2019-04-03 10:25:00,4/3/2019 10:25,STTD,2019,W,TRUE,CLD,Overtopping,1,14.9,0.35,182,225,7.84,8.83,24.8,5,Regular,730000,748022,18022,18022,55.3561404,55.3561404,2,"good amount of debris, some of sample may have fallen out when transfering to nalgene",NA,Aquatic Insects,32,Family,Ceratopogonidae,Ceratopogonidae,Nymphs,0,0,0,NA,NA,2,SAMP,NA,NA,NA,NA,NA,NA,2   NA   NA   NA,SAMP   NA   NA   NA
STTD_2019-04-03 10:25:00,4/3/2019 10:25,STTD,2019,W,TRUE,CLD,Overtopping,1,14.9,0.35,182,225,7.84,8.83,24.8,5,Regular,730000,748022,18022,18022,55.3561404,55.3561404,2,"good amount of debris, some of sample may have fallen out when transfering to nalgene",NA,Aquatic Insects,32,Family,Ceratopogonidae,Ceratopogonidae,Emergents,0,0,0,NA,NA,2,SAMP,NA,NA,NA,NA,NA,NA,2   NA   NA   NA,SAMP   NA   NA   NA
STTD_2019-04-03 10:25:00,4/3/2019 10:25,STTD,2019,W,TRUE,CLD,Overtopping,1,14.9,0.35,182,225,7.84,8.83,24.8,5,Regular,730000,748022,18022,18022,55.3561404,55.3561404,2,"good amount of debris, some of sample may have fallen out when transfering to nalgene",NA,Aquatic Insects,32,Family,Ceratopogonidae,Ceratopogonidae,Adults,0,0,0,NA,NA,2,SAMP,NA,NA,NA,NA,NA,NA,2   NA   NA   NA,SAMP   NA   NA   NA
STTD_2019-04-03 10:25:00,4/3/2019 10:25,STTD,2019,W,TRUE,CLD,Overtopping,1,14.9,0.35,182,225,7.84,8.83,24.8,5,Regular,730000,748022,18022,18022,55.3561404,55.3561404,2,"good amount of debris, some of sample may have fallen out when transfering to nalgene",NA,Aquatic Insects,32,Family,Ceratopogonidae,Ceratopogonidae,NotDetermined,0,0,0,NA,NA,2,SAMP,NA,NA,NA,NA,NA,NA,2   NA   NA   NA,SAMP   NA   NA   NA
STTD_2019-04-03 10:25:00,4/3/2019 10:25,STTD,2019,W,TRUE,CLD,Overtopping,1,14.9,0.35,182,225,7.84,8.83,24.8,5,Regular,730000,748022,18022,18022,55.3561404,55.3561404,2,"good amount of debris, some of sample may have fallen out when transfering to nalgene",NA,Aquatic Insects,34,Family,Chironomidae,Chironomidae,Larvae,5,0.09,0.09,NA,NA,2,SAMP,NA,NA,NA,NA,NA,NA,2   NA   NA   NA,SAMP   NA   NA   NA
STTD_2019-04-03 10:25:00,4/3/2019 10:25,STTD,2019,W,TRUE,CLD,Overtopping,1,14.9,0.35,182,225,7.84,8.83,24.8,5,Regular,730000,748022,18022,18022,55.3561404,55.3561404,2,"good amount of debris, some of sample may have fallen out when transfering to nalgene",NA,Aquatic Insects,34,Family,Chironomidae,Chironomidae,Pupae,14,0.253,0.253,NA,NA,2,SAMP,NA,NA,NA,NA,NA,NA,2   NA   NA   NA,SAMP   NA   NA   NA
STTD_2019-04-03 10:25:00,4/3/2019 10:25,STTD,2019,W,TRUE,CLD,Overtopping,1,14.9,0.35,182,225,7.84,8.83,24.8,5,Regular,730000,748022,18022,18022,55.3561404,55.3561404,2,"good amount of debris, some of sample may have fallen out when transfering to nalgene",NA,Aquatic Insects,34,Family,Chironomidae,Chironomidae,Nymphs,0,0,0,NA,NA,2,SAMP,NA,NA,NA,NA,NA,NA,2   NA   NA   NA,SAMP   NA   NA   NA
STTD_2019-04-03 10:25:00,4/3/2019 10:25,STTD,2019,W,TRUE,CLD,Overtopping,1,14.9,0.35,182,225,7.84,8.83,24.8,5,Regular,730000,748022,18022,18022,55.3561404,55.3561404,2,"good amount of debris, some of sample may have fallen out when transfering to nalgene",NA,Aquatic Insects,34,Family,Chironomidae,Chironomidae,Emergents,0,0,0,NA,NA,2,SAMP,NA,NA,NA,NA,NA,NA,2   NA   NA   NA,SAMP   NA   NA   NA
STTD_2019-04-03 10:25:00,4/3/2019 10:25,STTD,2019,W,TRUE,CLD,Overtopping,1,14.9,0.35,182,225,7.84,8.83,24.8,5,Regular,730000,748022,18022,18022,55.3561404,55.3561404,2,"good amount of debris, some of sample may have fallen out when transfering to nalgene",NA,Aquatic Insects,34,Family,Chironomidae,Chironomidae,Adults,804,14.524,14.524,NA,NA,2,SAMP,NA,NA,NA,NA,NA,NA,2   NA   NA   NA,SAMP   NA   NA   NA
STTD_2019-04-03 10:25:00,4/3/2019 10:25,STTD,2019,W,TRUE,CLD,Overtopping,1,14.9,0.35,182,225,7.84,8.83,24.8,5,Regular,730000,748022,18022,18022,55.3561404,55.3561404,2,"good amount of debris, some of sample may have fallen out when transfering to nalgene",NA,Aquatic Insects,34,Family,Chironomidae,Chironomidae,NotDetermined,0,0,0,NA,NA,2,SAMP,NA,NA,NA,NA,NA,NA,2   NA   NA   NA,SAMP   NA   NA   NA
STTD_2019-04-03 10:25:00,4/3/2019 10:25,STTD,2019,W,TRUE,CLD,Overtopping,1,14.9,0.35,182,225,7.84,8.83,24.8,5,Regular,730000,748022,18022,18022,55.3561404,55.3561404,2,"good amount of debris, some of sample may have fallen out when transfering to nalgene",NA,Aquatic Insects,35,Family,Empididae,Empididae,Larvae,0,0,0,NA,NA,2,SAMP,NA,NA,NA,NA,NA,NA,2   NA   NA   NA,SAMP   NA   NA   NA
STTD_2019-04-03 10:25:00,4/3/2019 10:25,STTD,2019,W,TRUE,CLD,Overtopping,1,14.9,0.35,182,225,7.84,8.83,24.8,5,Regular,730000,748022,18022,18022,55.3561404,55.3561404,2,"good amount of debris, some of sample may have fallen out when transfering to nalgene",NA,Aquatic Insects,35,Family,Empididae,Empididae,Pupae,0,0,0,NA,NA,2,SAMP,NA,NA,NA,NA,NA,NA,2   NA   NA   NA,SAMP   NA   NA   NA
STTD_2019-04-03 10:25:00,4/3/2019 10:25,STTD,2019,W,TRUE,CLD,Overtopping,1,14.9,0.35,182,225,7.84,8.83,24.8,5,Regular,730000,748022,18022,18022,55.3561404,55.3561404,2,"good amount of debris, some of sample may have fallen out when transfering to nalgene",NA,Aquatic Insects,35,Family,Empididae,Empididae,Nymphs,0,0,0,NA,NA,2,SAMP,NA,NA,NA,NA,NA,NA,2   NA   NA   NA,SAMP   NA   NA   NA
STTD_2019-04-03 10:25:00,4/3/2019 10:25,STTD,2019,W,TRUE,CLD,Overtopping,1,14.9,0.35,182,225,7.84,8.83,24.8,5,Regular,730000,748022,18022,18022,55.3561404,55.3561404,2,"good amount of debris, some of sample may have fallen out when transfering to nalgene",NA,Aquatic Insects,35,Family,Empididae,Empididae,Emergents,0,0,0,NA,NA,2,SAMP,NA,NA,NA,NA,NA,NA,2   NA   NA   NA,SAMP   NA   NA   NA
STTD_2019-04-03 10:25:00,4/3/2019 10:25,STTD,2019,W,TRUE,CLD,Overtopping,1,14.9,0.35,182,225,7.84,8.83,24.8,5,Regular,730000,748022,18022,18022,55.3561404,55.3561404,2,"good amount of debris, some of sample may have fallen out when transfering to nalgene",NA,Aquatic Insects,35,Family,Empididae,Empididae,Adults,1,0.018,0.018,NA,NA,2,SAMP,NA,NA,NA,NA,NA,NA,2   NA   NA   NA,SAMP   NA   NA   NA
STTD_2019-04-03 10:25:00,4/3/2019 10:25,STTD,2019,W,TRUE,CLD,Overtopping,1,14.9,0.35,182,225,7.84,8.83,24.8,5,Regular,730000,748022,18022,18022,55.3561404,55.3561404,2,"good amount of debris, some of sample may have fallen out when transfering to nalgene",NA,Aquatic Insects,35,Family,Empididae,Empididae,NotDetermined,0,0,0,NA,NA,2,SAMP,NA,NA,NA,NA,NA,NA,2   NA   NA   NA,SAMP   NA   NA   NA
STTD_2019-04-03 10:25:00,4/3/2019 10:25,STTD,2019,W,TRUE,CLD,Overtopping,1,14.9,0.35,182,225,7.84,8.83,24.8,5,Regular,730000,748022,18022,18022,55.3561404,55.3561404,2,"good amount of debris, some of sample may have fallen out when transfering to nalgene",NA,Aquatic Insects,44,Family,Corixidae,Corixidae,Larvae,0,0,0,NA,NA,2,SAMP,NA,NA,NA,NA,NA,NA,2   NA   NA   NA,SAMP   NA   NA   NA
STTD_2019-04-03 10:25:00,4/3/2019 10:25,STTD,2019,W,TRUE,CLD,Overtopping,1,14.9,0.35,182,225,7.84,8.83,24.8,5,Regular,730000,748022,18022,18022,55.3561404,55.3561404,2,"good amount of debris, some of sample may have fallen out when transfering to nalgene",NA,Aquatic Insects,44,Family,Corixidae,Corixidae,Pupae,0,0,0,NA,NA,2,SAMP,NA,NA,NA,NA,NA,NA,2   NA   NA   NA,SAMP   NA   NA   NA
STTD_2019-04-03 10:25:00,4/3/2019 10:25,STTD,2019,W,TRUE,CLD,Overtopping,1,14.9,0.35,182,225,7.84,8.83,24.8,5,Regular,730000,748022,18022,18022,55.3561404,55.3561404,2,"good amount of debris, some of sample may have fallen out when transfering to nalgene",NA,Aquatic Insects,44,Family,Corixidae,Corixidae,Nymphs,60,1.084,1.084,NA,NA,2,SAMP,NA,NA,NA,NA,NA,NA,2   NA   NA   NA,SAMP   NA   NA   NA
STTD_2019-04-03 10:25:00,4/3/2019 10:25,STTD,2019,W,TRUE,CLD,Overtopping,1,14.9,0.35,182,225,7.84,8.83,24.8,5,Regular,730000,748022,18022,18022,55.3561404,55.3561404,2,"good amount of debris, some of sample may have fallen out when transfering to nalgene",NA,Aquatic Insects,44,Family,Corixidae,Corixidae,Emergents,0,0,0,NA,NA,2,SAMP,NA,NA,NA,NA,NA,NA,2   NA   NA   NA,SAMP   NA   NA   NA
STTD_2019-04-03 10:25:00,4/3/2019 10:25,STTD,2019,W,TRUE,CLD,Overtopping,1,14.9,0.35,182,225,7.84,8.83,24.8,5,Regular,730000,748022,18022,18022,55.3561404,55.3561404,2,"good amount of debris, some of sample may have fallen out when transfering to nalgene",NA,Aquatic Insects,44,Family,Corixidae,Corixidae,Adults,2,0.036,0.036,NA,NA,2,SAMP,NA,NA,NA,NA,NA,NA,2   NA   NA   NA,SAMP   NA   NA   NA
STTD_2019-04-03 10:25:00,4/3/2019 10:25,STTD,2019,W,TRUE,CLD,Overtopping,1,14.9,0.35,182,225,7.84,8.83,24.8,5,Regular,730000,748022,18022,18022,55.3561404,55.3561404,2,"good amount of debris, some of sample may have fallen out when transfering to nalgene",NA,Aquatic Insects,44,Family,Corixidae,Corixidae,NotDetermined,0,0,0,NA,NA,2,SAMP,NA,NA,NA,NA,NA,NA,2   NA   NA   NA,SAMP   NA   NA   NA
STTD_2019-04-03 10:25:00,4/3/2019 10:25,STTD,2019,W,TRUE,CLD,Overtopping,1,14.9,0.35,182,225,7.84,8.83,24.8,5,Regular,730000,748022,18022,18022,55.3561404,55.3561404,2,"good amount of debris, some of sample may have fallen out when transfering to nalgene",NA,Aquatic Insects,46,Family,Coenagrionidae,Coenagrionidae,Larvae,6,0.108,0.108,NA,NA,2,SAMP,NA,NA,NA,NA,NA,NA,2   NA   NA   NA,SAMP   NA   NA   NA
STTD_2019-04-03 10:25:00,4/3/2019 10:25,STTD,2019,W,TRUE,CLD,Overtopping,1,14.9,0.35,182,225,7.84,8.83,24.8,5,Regular,730000,748022,18022,18022,55.3561404,55.3561404,2,"good amount of debris, some of sample may have fallen out when transfering to nalgene",NA,Aquatic Insects,46,Family,Coenagrionidae,Coenagrionidae,Pupae,0,0,0,NA,NA,2,SAMP,NA,NA,NA,NA,NA,NA,2   NA   NA   NA,SAMP   NA   NA   NA
STTD_2019-04-03 10:25:00,4/3/2019 10:25,STTD,2019,W,TRUE,CLD,Overtopping,1,14.9,0.35,182,225,7.84,8.83,24.8,5,Regular,730000,748022,18022,18022,55.3561404,55.3561404,2,"good amount of debris, some of sample may have fallen out when transfering to nalgene",NA,Aquatic Insects,46,Family,Coenagrionidae,Coenagrionidae,Nymphs,0,0,0,NA,NA,2,SAMP,NA,NA,NA,NA,NA,NA,2   NA   NA   NA,SAMP   NA   NA   NA
STTD_2019-04-03 10:25:00,4/3/2019 10:25,STTD,2019,W,TRUE,CLD,Overtopping,1,14.9,0.35,182,225,7.84,8.83,24.8,5,Regular,730000,748022,18022,18022,55.3561404,55.3561404,2,"good amount of debris, some of sample may have fallen out when transfering to nalgene",NA,Aquatic Insects,46,Family,Coenagrionidae,Coenagrionidae,Emergents,0,0,0,NA,NA,2,SAMP,NA,NA,NA,NA,NA,NA,2   NA   NA   NA,SAMP   NA   NA   NA
STTD_2019-04-03 10:25:00,4/3/2019 10:25,STTD,2019,W,TRUE,CLD,Overtopping,1,14.9,0.35,182,225,7.84,8.83,24.8,5,Regular,730000,748022,18022,18022,55.3561404,55.3561404,2,"good amount of debris, some of sample may have fallen out when transfering to nalgene",NA,Aquatic Insects,46,Family,Coenagrionidae,Coenagrionidae,Adults,0,0,0,NA,NA,2,SAMP,NA,NA,NA,NA,NA,NA,2   NA   NA   NA,SAMP   NA   NA   NA
STTD_2019-04-03 10:25:00,4/3/2019 10:25,STTD,2019,W,TRUE,CLD,Overtopping,1,14.9,0.35,182,225,7.84,8.83,24.8,5,Regular,730000,748022,18022,18022,55.3561404,55.3561404,2,"good amount of debris, some of sample may have fallen out when transfering to nalgene",NA,Aquatic Insects,46,Family,Coenagrionidae,Coenagrionidae,NotDetermined,0,0,0,NA,NA,2,SAMP,NA,NA,NA,NA,NA,NA,2   NA   NA   NA,SAMP   NA   NA   NA
STTD_2019-04-03 10:25:00,4/3/2019 10:25,STTD,2019,W,TRUE,CLD,Overtopping,1,14.9,0.35,182,225,7.84,8.83,24.8,5,Regular,730000,748022,18022,18022,55.3561404,55.3561404,2,"good amount of debris, some of sample may have fallen out when transfering to nalgene",NA,Aquatic Non-Insects,2,Family,Enchytraeidae,Enchytraeidae,Larvae,0,0,0,NA,NA,2,SAMP,NA,NA,NA,NA,NA,NA,2   NA   NA   NA,SAMP   NA   NA   NA
STTD_2019-04-03 10:25:00,4/3/2019 10:25,STTD,2019,W,TRUE,CLD,Overtopping,1,14.9,0.35,182,225,7.84,8.83,24.8,5,Regular,730000,748022,18022,18022,55.3561404,55.3561404,2,"good amount of debris, some of sample may have fallen out when transfering to nalgene",NA,Aquatic Non-Insects,2,Family,Enchytraeidae,Enchytraeidae,Pupae,0,0,0,NA,NA,2,SAMP,NA,NA,NA,NA,NA,NA,2   NA   NA   NA,SAMP   NA   NA   NA
STTD_2019-04-03 10:25:00,4/3/2019 10:25,STTD,2019,W,TRUE,CLD,Overtopping,1,14.9,0.35,182,225,7.84,8.83,24.8,5,Regular,730000,748022,18022,18022,55.3561404,55.3561404,2,"good amount of debris, some of sample may have fallen out when transfering to nalgene",NA,Aquatic Non-Insects,2,Family,Enchytraeidae,Enchytraeidae,Nymphs,0,0,0,NA,NA,2,SAMP,NA,NA,NA,NA,NA,NA,2   NA   NA   NA,SAMP   NA   NA   NA
STTD_2019-04-03 10:25:00,4/3/2019 10:25,STTD,2019,W,TRUE,CLD,Overtopping,1,14.9,0.35,182,225,7.84,8.83,24.8,5,Regular,730000,748022,18022,18022,55.3561404,55.3561404,2,"good amount of debris, some of sample may have fallen out when transfering to nalgene",NA,Aquatic Non-Insects,2,Family,Enchytraeidae,Enchytraeidae,Emergents,0,0,0,NA,NA,2,SAMP,NA,NA,NA,NA,NA,NA,2   NA   NA   NA,SAMP   NA   NA   NA
STTD_2019-04-03 10:25:00,4/3/2019 10:25,STTD,2019,W,TRUE,CLD,Overtopping,1,14.9,0.35,182,225,7.84,8.83,24.8,5,Regular,730000,748022,18022,18022,55.3561404,55.3561404,2,"good amount of debris, some of sample may have fallen out when transfering to nalgene",NA,Aquatic Non-Insects,2,Family,Enchytraeidae,Enchytraeidae,Adults,0,0,0,NA,NA,2,SAMP,NA,NA,NA,NA,NA,NA,2   NA   NA   NA,SAMP   NA   NA   NA
STTD_2019-04-03 10:25:00,4/3/2019 10:25,STTD,2019,W,TRUE,CLD,Overtopping,1,14.9,0.35,182,225,7.84,8.83,24.8,5,Regular,730000,748022,18022,18022,55.3561404,55.3561404,2,"good amount of debris, some of sample may have fallen out when transfering to nalgene",NA,Aquatic Non-Insects,2,Family,Enchytraeidae,Enchytraeidae,NotDetermined,36,0.65,0.65,NA,NA,2,SAMP,NA,NA,NA,NA,NA,NA,2   NA   NA   NA,SAMP   NA   NA   NA
STTD_2019-04-03 10:25:00,4/3/2019 10:25,STTD,2019,W,TRUE,CLD,Overtopping,1,14.9,0.35,182,225,7.84,8.83,24.8,5,Regular,730000,748022,18022,18022,55.3561404,55.3561404,2,"good amount of debris, some of sample may have fallen out when transfering to nalgene",NA,Aquatic Non-Insects,9,Family,Corophiidae,Corophiidae,Larvae,0,0,0,NA,NA,2,SAMP,NA,NA,NA,NA,NA,NA,2   NA   NA   NA,SAMP   NA   NA   NA
STTD_2019-04-03 10:25:00,4/3/2019 10:25,STTD,2019,W,TRUE,CLD,Overtopping,1,14.9,0.35,182,225,7.84,8.83,24.8,5,Regular,730000,748022,18022,18022,55.3561404,55.3561404,2,"good amount of debris, some of sample may have fallen out when transfering to nalgene",NA,Aquatic Non-Insects,9,Family,Corophiidae,Corophiidae,Pupae,0,0,0,NA,NA,2,SAMP,NA,NA,NA,NA,NA,NA,2   NA   NA   NA,SAMP   NA   NA   NA
STTD_2019-04-03 10:25:00,4/3/2019 10:25,STTD,2019,W,TRUE,CLD,Overtopping,1,14.9,0.35,182,225,7.84,8.83,24.8,5,Regular,730000,748022,18022,18022,55.3561404,55.3561404,2,"good amount of debris, some of sample may have fallen out when transfering to nalgene",NA,Aquatic Non-Insects,9,Family,Corophiidae,Corophiidae,Nymphs,0,0,0,NA,NA,2,SAMP,NA,NA,NA,NA,NA,NA,2   NA   NA   NA,SAMP   NA   NA   NA
STTD_2019-04-03 10:25:00,4/3/2019 10:25,STTD,2019,W,TRUE,CLD,Overtopping,1,14.9,0.35,182,225,7.84,8.83,24.8,5,Regular,730000,748022,18022,18022,55.3561404,55.3561404,2,"good amount of debris, some of sample may have fallen out when transfering to nalgene",NA,Aquatic Non-Insects,9,Family,Corophiidae,Corophiidae,Emergents,0,0,0,NA,NA,2,SAMP,NA,NA,NA,NA,NA,NA,2   NA   NA   NA,SAMP   NA   NA   NA
STTD_2019-04-03 10:25:00,4/3/2019 10:25,STTD,2019,W,TRUE,CLD,Overtopping,1,14.9,0.35,182,225,7.84,8.83,24.8,5,Regular,730000,748022,18022,18022,55.3561404,55.3561404,2,"good amount of debris, some of sample may have fallen out when transfering to nalgene",NA,Aquatic Non-Insects,9,Family,Corophiidae,Corophiidae,Adults,0,0,0,NA,NA,2,SAMP,NA,NA,NA,NA,NA,NA,2   NA   NA   NA,SAMP   NA   NA   NA
STTD_2019-04-03 10:25:00,4/3/2019 10:25,STTD,2019,W,TRUE,CLD,Overtopping,1,14.9,0.35,182,225,7.84,8.83,24.8,5,Regular,730000,748022,18022,18022,55.3561404,55.3561404,2,"good amount of debris, some of sample may have fallen out when transfering to nalgene",NA,Aquatic Non-Insects,9,Family,Corophiidae,Corophiidae,NotDetermined,1,0.018,0.018,NA,NA,2,SAMP,NA,NA,NA,NA,NA,NA,2   NA   NA   NA,SAMP   NA   NA   NA
STTD_2019-04-03 10:25:00,4/3/2019 10:25,STTD,2019,W,TRUE,CLD,Overtopping,1,14.9,0.35,182,225,7.84,8.83,24.8,5,Regular,730000,748022,18022,18022,55.3561404,55.3561404,2,"good amount of debris, some of sample may have fallen out when transfering to nalgene",NA,Aquatic Non-Insects,10,Family,Crangonyctidae,Crangonyctidae,Larvae,0,0,0,NA,NA,2,SAMP,NA,NA,NA,NA,NA,NA,2   NA   NA   NA,SAMP   NA   NA   NA
STTD_2019-04-03 10:25:00,4/3/2019 10:25,STTD,2019,W,TRUE,CLD,Overtopping,1,14.9,0.35,182,225,7.84,8.83,24.8,5,Regular,730000,748022,18022,18022,55.3561404,55.3561404,2,"good amount of debris, some of sample may have fallen out when transfering to nalgene",NA,Aquatic Non-Insects,10,Family,Crangonyctidae,Crangonyctidae,Pupae,0,0,0,NA,NA,2,SAMP,NA,NA,NA,NA,NA,NA,2   NA   NA   NA,SAMP   NA   NA   NA
STTD_2019-04-03 10:25:00,4/3/2019 10:25,STTD,2019,W,TRUE,CLD,Overtopping,1,14.9,0.35,182,225,7.84,8.83,24.8,5,Regular,730000,748022,18022,18022,55.3561404,55.3561404,2,"good amount of debris, some of sample may have fallen out when transfering to nalgene",NA,Aquatic Non-Insects,10,Family,Crangonyctidae,Crangonyctidae,Nymphs,0,0,0,NA,NA,2,SAMP,NA,NA,NA,NA,NA,NA,2   NA   NA   NA,SAMP   NA   NA   NA
STTD_2019-04-03 10:25:00,4/3/2019 10:25,STTD,2019,W,TRUE,CLD,Overtopping,1,14.9,0.35,182,225,7.84,8.83,24.8,5,Regular,730000,748022,18022,18022,55.3561404,55.3561404,2,"good amount of debris, some of sample may have fallen out when transfering to nalgene",NA,Aquatic Non-Insects,10,Family,Crangonyctidae,Crangonyctidae,Emergents,0,0,0,NA,NA,2,SAMP,NA,NA,NA,NA,NA,NA,2   NA   NA   NA,SAMP   NA   NA   NA
STTD_2019-04-03 10:25:00,4/3/2019 10:25,STTD,2019,W,TRUE,CLD,Overtopping,1,14.9,0.35,182,225,7.84,8.83,24.8,5,Regular,730000,748022,18022,18022,55.3561404,55.3561404,2,"good amount of debris, some of sample may have fallen out when transfering to nalgene",NA,Aquatic Non-Insects,10,Family,Crangonyctidae,Crangonyctidae,Adults,0,0,0,NA,NA,2,SAMP,NA,NA,NA,NA,NA,NA,2   NA   NA   NA,SAMP   NA   NA   NA
STTD_2019-04-03 10:25:00,4/3/2019 10:25,STTD,2019,W,TRUE,CLD,Overtopping,1,14.9,0.35,182,225,7.84,8.83,24.8,5,Regular,730000,748022,18022,18022,55.3561404,55.3561404,2,"good amount of debris, some of sample may have fallen out when transfering to nalgene",NA,Aquatic Non-Insects,10,Family,Crangonyctidae,Crangonyctidae,NotDetermined,2,0.036,0.036,NA,NA,2,SAMP,NA,NA,NA,NA,NA,NA,2   NA   NA   NA,SAMP   NA   NA   NA
STTD_2019-04-03 10:25:00,4/3/2019 10:25,STTD,2019,W,TRUE,CLD,Overtopping,1,14.9,0.35,182,225,7.84,8.83,24.8,5,Regular,730000,748022,18022,18022,55.3561404,55.3561404,2,"good amount of debris, some of sample may have fallen out when transfering to nalgene",NA,Aquatic Non-Insects,15,Family,Hyalellidae,Hyalellidae,Larvae,0,0,0,NA,NA,2,SAMP,NA,NA,NA,NA,NA,NA,2   NA   NA   NA,SAMP   NA   NA   NA
STTD_2019-04-03 10:25:00,4/3/2019 10:25,STTD,2019,W,TRUE,CLD,Overtopping,1,14.9,0.35,182,225,7.84,8.83,24.8,5,Regular,730000,748022,18022,18022,55.3561404,55.3561404,2,"good amount of debris, some of sample may have fallen out when transfering to nalgene",NA,Aquatic Non-Insects,15,Family,Hyalellidae,Hyalellidae,Pupae,0,0,0,NA,NA,2,SAMP,NA,NA,NA,NA,NA,NA,2   NA   NA   NA,SAMP   NA   NA   NA
STTD_2019-04-03 10:25:00,4/3/2019 10:25,STTD,2019,W,TRUE,CLD,Overtopping,1,14.9,0.35,182,225,7.84,8.83,24.8,5,Regular,730000,748022,18022,18022,55.3561404,55.3561404,2,"good amount of debris, some of sample may have fallen out when transfering to nalgene",NA,Aquatic Non-Insects,15,Family,Hyalellidae,Hyalellidae,Nymphs,0,0,0,NA,NA,2,SAMP,NA,NA,NA,NA,NA,NA,2   NA   NA   NA,SAMP   NA   NA   NA
STTD_2019-04-03 10:25:00,4/3/2019 10:25,STTD,2019,W,TRUE,CLD,Overtopping,1,14.9,0.35,182,225,7.84,8.83,24.8,5,Regular,730000,748022,18022,18022,55.3561404,55.3561404,2,"good amount of debris, some of sample may have fallen out when transfering to nalgene",NA,Aquatic Non-Insects,15,Family,Hyalellidae,Hyalellidae,Emergents,0,0,0,NA,NA,2,SAMP,NA,NA,NA,NA,NA,NA,2   NA   NA   NA,SAMP   NA   NA   NA
STTD_2019-04-03 10:25:00,4/3/2019 10:25,STTD,2019,W,TRUE,CLD,Overtopping,1,14.9,0.35,182,225,7.84,8.83,24.8,5,Regular,730000,748022,18022,18022,55.3561404,55.3561404,2,"good amount of debris, some of sample may have fallen out when transfering to nalgene",NA,Aquatic Non-Insects,15,Family,Hyalellidae,Hyalellidae,Adults,0,0,0,NA,NA,2,SAMP,NA,NA,NA,NA,NA,NA,2   NA   NA   NA,SAMP   NA   NA   NA
STTD_2019-04-03 10:25:00,4/3/2019 10:25,STTD,2019,W,TRUE,CLD,Overtopping,1,14.9,0.35,182,225,7.84,8.83,24.8,5,Regular,730000,748022,18022,18022,55.3561404,55.3561404,2,"good amount of debris, some of sample may have fallen out when transfering to nalgene",NA,Aquatic Non-Insects,15,Family,Hyalellidae,Hyalellidae,NotDetermined,11,0.199,0.199,NA,NA,2,SAMP,NA,NA,NA,NA,NA,NA,2   NA   NA   NA,SAMP   NA   NA   NA
STTD_2019-04-03 10:25:00,4/3/2019 10:25,STTD,2019,W,TRUE,CLD,Overtopping,1,14.9,0.35,182,225,7.84,8.83,24.8,5,Regular,730000,748022,18022,18022,55.3561404,55.3561404,2,"good amount of debris, some of sample may have fallen out when transfering to nalgene",NA,Aquatic Non-Insects,20,Family,Physidae,Physidae,Larvae,0,0,0,NA,NA,2,SAMP,NA,NA,NA,NA,NA,NA,2   NA   NA   NA,SAMP   NA   NA   NA
STTD_2019-04-03 10:25:00,4/3/2019 10:25,STTD,2019,W,TRUE,CLD,Overtopping,1,14.9,0.35,182,225,7.84,8.83,24.8,5,Regular,730000,748022,18022,18022,55.3561404,55.3561404,2,"good amount of debris, some of sample may have fallen out when transfering to nalgene",NA,Aquatic Non-Insects,20,Family,Physidae,Physidae,Pupae,0,0,0,NA,NA,2,SAMP,NA,NA,NA,NA,NA,NA,2   NA   NA   NA,SAMP   NA   NA   NA
STTD_2019-04-03 10:25:00,4/3/2019 10:25,STTD,2019,W,TRUE,CLD,Overtopping,1,14.9,0.35,182,225,7.84,8.83,24.8,5,Regular,730000,748022,18022,18022,55.3561404,55.3561404,2,"good amount of debris, some of sample may have fallen out when transfering to nalgene",NA,Aquatic Non-Insects,20,Family,Physidae,Physidae,Nymphs,0,0,0,NA,NA,2,SAMP,NA,NA,NA,NA,NA,NA,2   NA   NA   NA,SAMP   NA   NA   NA
STTD_2019-04-03 10:25:00,4/3/2019 10:25,STTD,2019,W,TRUE,CLD,Overtopping,1,14.9,0.35,182,225,7.84,8.83,24.8,5,Regular,730000,748022,18022,18022,55.3561404,55.3561404,2,"good amount of debris, some of sample may have fallen out when transfering to nalgene",NA,Aquatic Non-Insects,20,Family,Physidae,Physidae,Emergents,0,0,0,NA,NA,2,SAMP,NA,NA,NA,NA,NA,NA,2   NA   NA   NA,SAMP   NA   NA   NA
STTD_2019-04-03 10:25:00,4/3/2019 10:25,STTD,2019,W,TRUE,CLD,Overtopping,1,14.9,0.35,182,225,7.84,8.83,24.8,5,Regular,730000,748022,18022,18022,55.3561404,55.3561404,2,"good amount of debris, some of sample may have fallen out when transfering to nalgene",NA,Aquatic Non-Insects,20,Family,Physidae,Physidae,Adults,0,0,0,NA,NA,2,SAMP,NA,NA,NA,NA,NA,NA,2   NA   NA   NA,SAMP   NA   NA   NA
STTD_2019-04-03 10:25:00,4/3/2019 10:25,STTD,2019,W,TRUE,CLD,Overtopping,1,14.9,0.35,182,225,7.84,8.83,24.8,5,Regular,730000,748022,18022,18022,55.3561404,55.3561404,2,"good amount of debris, some of sample may have fallen out when transfering to nalgene",NA,Aquatic Non-Insects,20,Family,Physidae,Physidae,NotDetermined,607,10.965,10.965,NA,NA,2,SAMP,NA,NA,NA,NA,NA,NA,2   NA   NA   NA,SAMP   NA   NA   NA
STTD_2019-04-03 10:25:00,4/3/2019 10:25,STTD,2019,W,TRUE,CLD,Overtopping,1,14.9,0.35,182,225,7.84,8.83,24.8,5,Regular,730000,748022,18022,18022,55.3561404,55.3561404,2,"good amount of debris, some of sample may have fallen out when transfering to nalgene",NA,Aquatic Non-Insects,21,Family,Planorbidae,Planorbidae,Larvae,0,0,0,NA,NA,2,SAMP,NA,NA,NA,NA,NA,NA,2   NA   NA   NA,SAMP   NA   NA   NA
STTD_2019-04-03 10:25:00,4/3/2019 10:25,STTD,2019,W,TRUE,CLD,Overtopping,1,14.9,0.35,182,225,7.84,8.83,24.8,5,Regular,730000,748022,18022,18022,55.3561404,55.3561404,2,"good amount of debris, some of sample may have fallen out when transfering to nalgene",NA,Aquatic Non-Insects,21,Family,Planorbidae,Planorbidae,Pupae,0,0,0,NA,NA,2,SAMP,NA,NA,NA,NA,NA,NA,2   NA   NA   NA,SAMP   NA   NA   NA
STTD_2019-04-03 10:25:00,4/3/2019 10:25,STTD,2019,W,TRUE,CLD,Overtopping,1,14.9,0.35,182,225,7.84,8.83,24.8,5,Regular,730000,748022,18022,18022,55.3561404,55.3561404,2,"good amount of debris, some of sample may have fallen out when transfering to nalgene",NA,Aquatic Non-Insects,21,Family,Planorbidae,Planorbidae,Nymphs,0,0,0,NA,NA,2,SAMP,NA,NA,NA,NA,NA,NA,2   NA   NA   NA,SAMP   NA   NA   NA
STTD_2019-04-03 10:25:00,4/3/2019 10:25,STTD,2019,W,TRUE,CLD,Overtopping,1,14.9,0.35,182,225,7.84,8.83,24.8,5,Regular,730000,748022,18022,18022,55.3561404,55.3561404,2,"good amount of debris, some of sample may have fallen out when transfering to nalgene",NA,Aquatic Non-Insects,21,Family,Planorbidae,Planorbidae,Emergents,0,0,0,NA,NA,2,SAMP,NA,NA,NA,NA,NA,NA,2   NA   NA   NA,SAMP   NA   NA   NA
STTD_2019-04-03 10:25:00,4/3/2019 10:25,STTD,2019,W,TRUE,CLD,Overtopping,1,14.9,0.35,182,225,7.84,8.83,24.8,5,Regular,730000,748022,18022,18022,55.3561404,55.3561404,2,"good amount of debris, some of sample may have fallen out when transfering to nalgene",NA,Aquatic Non-Insects,21,Family,Planorbidae,Planorbidae,Adults,0,0,0,NA,NA,2,SAMP,NA,NA,NA,NA,NA,NA,2   NA   NA   NA,SAMP   NA   NA   NA
STTD_2019-04-03 10:25:00,4/3/2019 10:25,STTD,2019,W,TRUE,CLD,Overtopping,1,14.9,0.35,182,225,7.84,8.83,24.8,5,Regular,730000,748022,18022,18022,55.3561404,55.3561404,2,"good amount of debris, some of sample may have fallen out when transfering to nalgene",NA,Aquatic Non-Insects,21,Family,Planorbidae,Planorbidae,NotDetermined,4,0.072,0.072,NA,NA,2,SAMP,NA,NA,NA,NA,NA,NA,2   NA   NA   NA,SAMP   NA   NA   NA
STTD_2019-04-03 10:25:00,4/3/2019 10:25,STTD,2019,W,TRUE,CLD,Overtopping,1,14.9,0.35,182,225,7.84,8.83,24.8,5,Regular,730000,748022,18022,18022,55.3561404,55.3561404,2,"good amount of debris, some of sample may have fallen out when transfering to nalgene",NA,Aquatic Non-Insects,130,Phylum,Nematoda,Nematoda,Larvae,0,0,0,NA,NA,2,SAMP,NA,NA,NA,NA,NA,NA,2   NA   NA   NA,SAMP   NA   NA   NA
STTD_2019-04-03 10:25:00,4/3/2019 10:25,STTD,2019,W,TRUE,CLD,Overtopping,1,14.9,0.35,182,225,7.84,8.83,24.8,5,Regular,730000,748022,18022,18022,55.3561404,55.3561404,2,"good amount of debris, some of sample may have fallen out when transfering to nalgene",NA,Aquatic Non-Insects,130,Phylum,Nematoda,Nematoda,Pupae,0,0,0,NA,NA,2,SAMP,NA,NA,NA,NA,NA,NA,2   NA   NA   NA,SAMP   NA   NA   NA
STTD_2019-04-03 10:25:00,4/3/2019 10:25,STTD,2019,W,TRUE,CLD,Overtopping,1,14.9,0.35,182,225,7.84,8.83,24.8,5,Regular,730000,748022,18022,18022,55.3561404,55.3561404,2,"good amount of debris, some of sample may have fallen out when transfering to nalgene",NA,Aquatic Non-Insects,130,Phylum,Nematoda,Nematoda,Nymphs,0,0,0,NA,NA,2,SAMP,NA,NA,NA,NA,NA,NA,2   NA   NA   NA,SAMP   NA   NA   NA
STTD_2019-04-03 10:25:00,4/3/2019 10:25,STTD,2019,W,TRUE,CLD,Overtopping,1,14.9,0.35,182,225,7.84,8.83,24.8,5,Regular,730000,748022,18022,18022,55.3561404,55.3561404,2,"good amount of debris, some of sample may have fallen out when transfering to nalgene",NA,Aquatic Non-Insects,130,Phylum,Nematoda,Nematoda,Emergents,0,0,0,NA,NA,2,SAMP,NA,NA,NA,NA,NA,NA,2   NA   NA   NA,SAMP   NA   NA   NA
STTD_2019-04-03 10:25:00,4/3/2019 10:25,STTD,2019,W,TRUE,CLD,Overtopping,1,14.9,0.35,182,225,7.84,8.83,24.8,5,Regular,730000,748022,18022,18022,55.3561404,55.3561404,2,"good amount of debris, some of sample may have fallen out when transfering to nalgene",NA,Aquatic Non-Insects,130,Phylum,Nematoda,Nematoda,Adults,0,0,0,NA,NA,2,SAMP,NA,NA,NA,NA,NA,NA,2   NA   NA   NA,SAMP   NA   NA   NA
STTD_2019-04-03 10:25:00,4/3/2019 10:25,STTD,2019,W,TRUE,CLD,Overtopping,1,14.9,0.35,182,225,7.84,8.83,24.8,5,Regular,730000,748022,18022,18022,55.3561404,55.3561404,2,"good amount of debris, some of sample may have fallen out when transfering to nalgene",NA,Aquatic Non-Insects,130,Phylum,Nematoda,Nematoda,NotDetermined,2,0.036,0.036,NA,NA,2,SAMP,NA,NA,NA,NA,NA,NA,2   NA   NA   NA,SAMP   NA   NA   NA
STTD_2019-04-03 10:25:00,4/3/2019 10:25,STTD,2019,W,TRUE,CLD,Overtopping,1,14.9,0.35,182,225,7.84,8.83,24.8,5,Regular,730000,748022,18022,18022,55.3561404,55.3561404,2,"good amount of debris, some of sample may have fallen out when transfering to nalgene",NA,Terrestrial Non-Insects,57,Subclass,Acari,Acari,Larvae,0,0,0,NA,NA,2,SAMP,NA,NA,NA,NA,NA,NA,2   NA   NA   NA,SAMP   NA   NA   NA
STTD_2019-04-03 10:25:00,4/3/2019 10:25,STTD,2019,W,TRUE,CLD,Overtopping,1,14.9,0.35,182,225,7.84,8.83,24.8,5,Regular,730000,748022,18022,18022,55.3561404,55.3561404,2,"good amount of debris, some of sample may have fallen out when transfering to nalgene",NA,Terrestrial Non-Insects,57,Subclass,Acari,Acari,Pupae,0,0,0,NA,NA,2,SAMP,NA,NA,NA,NA,NA,NA,2   NA   NA   NA,SAMP   NA   NA   NA
STTD_2019-04-03 10:25:00,4/3/2019 10:25,STTD,2019,W,TRUE,CLD,Overtopping,1,14.9,0.35,182,225,7.84,8.83,24.8,5,Regular,730000,748022,18022,18022,55.3561404,55.3561404,2,"good amount of debris, some of sample may have fallen out when transfering to nalgene",NA,Terrestrial Non-Insects,57,Subclass,Acari,Acari,Nymphs,0,0,0,NA,NA,2,SAMP,NA,NA,NA,NA,NA,NA,2   NA   NA   NA,SAMP   NA   NA   NA
STTD_2019-04-03 10:25:00,4/3/2019 10:25,STTD,2019,W,TRUE,CLD,Overtopping,1,14.9,0.35,182,225,7.84,8.83,24.8,5,Regular,730000,748022,18022,18022,55.3561404,55.3561404,2,"good amount of debris, some of sample may have fallen out when transfering to nalgene",NA,Terrestrial Non-Insects,57,Subclass,Acari,Acari,Emergents,0,0,0,NA,NA,2,SAMP,NA,NA,NA,NA,NA,NA,2   NA   NA   NA,SAMP   NA   NA   NA
STTD_2019-04-03 10:25:00,4/3/2019 10:25,STTD,2019,W,TRUE,CLD,Overtopping,1,14.9,0.35,182,225,7.84,8.83,24.8,5,Regular,730000,748022,18022,18022,55.3561404,55.3561404,2,"good amount of debris, some of sample may have fallen out when transfering to nalgene",NA,Terrestrial Non-Insects,57,Subclass,Acari,Acari,Adults,0,0,0,NA,NA,2,SAMP,NA,NA,NA,NA,NA,NA,2   NA   NA   NA,SAMP   NA   NA   NA
STTD_2019-04-03 10:25:00,4/3/2019 10:25,STTD,2019,W,TRUE,CLD,Overtopping,1,14.9,0.35,182,225,7.84,8.83,24.8,5,Regular,730000,748022,18022,18022,55.3561404,55.3561404,2,"good amount of debris, some of sample may have fallen out when transfering to nalgene",NA,Terrestrial Non-Insects,57,Subclass,Acari,Acari,NotDetermined,2,0.036,0.036,NA,NA,2,SAMP,NA,NA,NA,NA,NA,NA,2   NA   NA   NA,SAMP   NA   NA   NA
STTD_2019-04-03 10:25:00,4/3/2019 10:25,STTD,2019,W,TRUE,CLD,Overtopping,1,14.9,0.35,182,225,7.84,8.83,24.8,5,Regular,730000,748022,18022,18022,55.3561404,55.3561404,2,"good amount of debris, some of sample may have fallen out when transfering to nalgene",NA,Terrestrial Non-Insects,157,Order,Araneae,Araneae,Larvae,0,0,0,NA,NA,2,SAMP,NA,NA,NA,NA,NA,NA,2   NA   NA   NA,SAMP   NA   NA   NA
STTD_2019-04-03 10:25:00,4/3/2019 10:25,STTD,2019,W,TRUE,CLD,Overtopping,1,14.9,0.35,182,225,7.84,8.83,24.8,5,Regular,730000,748022,18022,18022,55.3561404,55.3561404,2,"good amount of debris, some of sample may have fallen out when transfering to nalgene",NA,Terrestrial Non-Insects,157,Order,Araneae,Araneae,Pupae,0,0,0,NA,NA,2,SAMP,NA,NA,NA,NA,NA,NA,2   NA   NA   NA,SAMP   NA   NA   NA
STTD_2019-04-03 10:25:00,4/3/2019 10:25,STTD,2019,W,TRUE,CLD,Overtopping,1,14.9,0.35,182,225,7.84,8.83,24.8,5,Regular,730000,748022,18022,18022,55.3561404,55.3561404,2,"good amount of debris, some of sample may have fallen out when transfering to nalgene",NA,Terrestrial Non-Insects,157,Order,Araneae,Araneae,Nymphs,0,0,0,NA,NA,2,SAMP,NA,NA,NA,NA,NA,NA,2   NA   NA   NA,SAMP   NA   NA   NA
STTD_2019-04-03 10:25:00,4/3/2019 10:25,STTD,2019,W,TRUE,CLD,Overtopping,1,14.9,0.35,182,225,7.84,8.83,24.8,5,Regular,730000,748022,18022,18022,55.3561404,55.3561404,2,"good amount of debris, some of sample may have fallen out when transfering to nalgene",NA,Terrestrial Non-Insects,157,Order,Araneae,Araneae,Emergents,0,0,0,NA,NA,2,SAMP,NA,NA,NA,NA,NA,NA,2   NA   NA   NA,SAMP   NA   NA   NA
STTD_2019-04-03 10:25:00,4/3/2019 10:25,STTD,2019,W,TRUE,CLD,Overtopping,1,14.9,0.35,182,225,7.84,8.83,24.8,5,Regular,730000,748022,18022,18022,55.3561404,55.3561404,2,"good amount of debris, some of sample may have fallen out when transfering to nalgene",NA,Terrestrial Non-Insects,157,Order,Araneae,Araneae,Adults,0,0,0,NA,NA,2,SAMP,NA,NA,NA,NA,NA,NA,2   NA   NA   NA,SAMP   NA   NA   NA
STTD_2019-04-03 10:25:00,4/3/2019 10:25,STTD,2019,W,TRUE,CLD,Overtopping,1,14.9,0.35,182,225,7.84,8.83,24.8,5,Regular,730000,748022,18022,18022,55.3561404,55.3561404,2,"good amount of debris, some of sample may have fallen out when transfering to nalgene",NA,Terrestrial Non-Insects,157,Order,Araneae,Araneae,NotDetermined,29,0.524,0.524,NA,NA,2,SAMP,NA,NA,NA,NA,NA,NA,2   NA   NA   NA,SAMP   NA   NA   NA
STTD_2019-04-03 10:25:00,4/3/2019 10:25,STTD,2019,W,TRUE,CLD,Overtopping,1,14.9,0.35,182,225,7.84,8.83,24.8,5,Regular,730000,748022,18022,18022,55.3561404,55.3561404,2,"good amount of debris, some of sample may have fallen out when transfering to nalgene",NA,Terrestrial Insects,63,Order,Coleoptera,Coleoptera,Larvae,0,0,0,NA,NA,2,SAMP,NA,NA,NA,NA,NA,NA,2   NA   NA   NA,SAMP   NA   NA   NA
STTD_2019-04-03 10:25:00,4/3/2019 10:25,STTD,2019,W,TRUE,CLD,Overtopping,1,14.9,0.35,182,225,7.84,8.83,24.8,5,Regular,730000,748022,18022,18022,55.3561404,55.3561404,2,"good amount of debris, some of sample may have fallen out when transfering to nalgene",NA,Terrestrial Insects,63,Order,Coleoptera,Coleoptera,Pupae,0,0,0,NA,NA,2,SAMP,NA,NA,NA,NA,NA,NA,2   NA   NA   NA,SAMP   NA   NA   NA
STTD_2019-04-03 10:25:00,4/3/2019 10:25,STTD,2019,W,TRUE,CLD,Overtopping,1,14.9,0.35,182,225,7.84,8.83,24.8,5,Regular,730000,748022,18022,18022,55.3561404,55.3561404,2,"good amount of debris, some of sample may have fallen out when transfering to nalgene",NA,Terrestrial Insects,63,Order,Coleoptera,Coleoptera,Nymphs,0,0,0,NA,NA,2,SAMP,NA,NA,NA,NA,NA,NA,2   NA   NA   NA,SAMP   NA   NA   NA
STTD_2019-04-03 10:25:00,4/3/2019 10:25,STTD,2019,W,TRUE,CLD,Overtopping,1,14.9,0.35,182,225,7.84,8.83,24.8,5,Regular,730000,748022,18022,18022,55.3561404,55.3561404,2,"good amount of debris, some of sample may have fallen out when transfering to nalgene",NA,Terrestrial Insects,63,Order,Coleoptera,Coleoptera,Emergents,0,0,0,NA,NA,2,SAMP,NA,NA,NA,NA,NA,NA,2   NA   NA   NA,SAMP   NA   NA   NA
STTD_2019-04-03 10:25:00,4/3/2019 10:25,STTD,2019,W,TRUE,CLD,Overtopping,1,14.9,0.35,182,225,7.84,8.83,24.8,5,Regular,730000,748022,18022,18022,55.3561404,55.3561404,2,"good amount of debris, some of sample may have fallen out when transfering to nalgene",NA,Terrestrial Insects,63,Order,Coleoptera,Coleoptera,Adults,8,0.145,0.145,NA,NA,2,SAMP,NA,NA,NA,NA,NA,NA,2   NA   NA   NA,SAMP   NA   NA   NA
STTD_2019-04-03 10:25:00,4/3/2019 10:25,STTD,2019,W,TRUE,CLD,Overtopping,1,14.9,0.35,182,225,7.84,8.83,24.8,5,Regular,730000,748022,18022,18022,55.3561404,55.3561404,2,"good amount of debris, some of sample may have fallen out when transfering to nalgene",NA,Terrestrial Insects,63,Order,Coleoptera,Coleoptera,NotDetermined,0,0,0,NA,NA,2,SAMP,NA,NA,NA,NA,NA,NA,2   NA   NA   NA,SAMP   NA   NA   NA
STTD_2019-04-03 10:25:00,4/3/2019 10:25,STTD,2019,W,TRUE,CLD,Overtopping,1,14.9,0.35,182,225,7.84,8.83,24.8,5,Regular,730000,748022,18022,18022,55.3561404,55.3561404,2,"good amount of debris, some of sample may have fallen out when transfering to nalgene",NA,Terrestrial Insects,64,Order,Diptera,Diptera,Larvae,0,0,0,NA,NA,2,SAMP,NA,NA,NA,NA,NA,NA,2   NA   NA   NA,SAMP   NA   NA   NA
STTD_2019-04-03 10:25:00,4/3/2019 10:25,STTD,2019,W,TRUE,CLD,Overtopping,1,14.9,0.35,182,225,7.84,8.83,24.8,5,Regular,730000,748022,18022,18022,55.3561404,55.3561404,2,"good amount of debris, some of sample may have fallen out when transfering to nalgene",NA,Terrestrial Insects,64,Order,Diptera,Diptera,Pupae,2,0.036,0.036,NA,NA,2,SAMP,NA,NA,NA,NA,NA,NA,2   NA   NA   NA,SAMP   NA   NA   NA
STTD_2019-04-03 10:25:00,4/3/2019 10:25,STTD,2019,W,TRUE,CLD,Overtopping,1,14.9,0.35,182,225,7.84,8.83,24.8,5,Regular,730000,748022,18022,18022,55.3561404,55.3561404,2,"good amount of debris, some of sample may have fallen out when transfering to nalgene",NA,Terrestrial Insects,64,Order,Diptera,Diptera,Nymphs,0,0,0,NA,NA,2,SAMP,NA,NA,NA,NA,NA,NA,2   NA   NA   NA,SAMP   NA   NA   NA
STTD_2019-04-03 10:25:00,4/3/2019 10:25,STTD,2019,W,TRUE,CLD,Overtopping,1,14.9,0.35,182,225,7.84,8.83,24.8,5,Regular,730000,748022,18022,18022,55.3561404,55.3561404,2,"good amount of debris, some of sample may have fallen out when transfering to nalgene",NA,Terrestrial Insects,64,Order,Diptera,Diptera,Emergents,0,0,0,NA,NA,2,SAMP,NA,NA,NA,NA,NA,NA,2   NA   NA   NA,SAMP   NA   NA   NA
STTD_2019-04-03 10:25:00,4/3/2019 10:25,STTD,2019,W,TRUE,CLD,Overtopping,1,14.9,0.35,182,225,7.84,8.83,24.8,5,Regular,730000,748022,18022,18022,55.3561404,55.3561404,2,"good amount of debris, some of sample may have fallen out when transfering to nalgene",NA,Terrestrial Insects,64,Order,Diptera,Diptera,NotDetermined,0,0,0,NA,NA,2,SAMP,NA,NA,NA,NA,NA,NA,2   NA   NA   NA,SAMP   NA   NA   NA
STTD_2019-04-03 10:25:00,4/3/2019 10:25,STTD,2019,W,TRUE,CLD,Overtopping,1,14.9,0.35,182,225,7.84,8.83,24.8,5,Regular,730000,748022,18022,18022,55.3561404,55.3561404,2,"good amount of debris, some of sample may have fallen out when transfering to nalgene",NA,Aquatic Insects,55,Family,Staphylinidae,Staphylinidae,Larvae,0,0,0,NA,NA,2,SAMP,NA,NA,NA,NA,NA,NA,2   NA   NA   NA,SAMP   NA   NA   NA
STTD_2019-04-03 10:25:00,4/3/2019 10:25,STTD,2019,W,TRUE,CLD,Overtopping,1,14.9,0.35,182,225,7.84,8.83,24.8,5,Regular,730000,748022,18022,18022,55.3561404,55.3561404,2,"good amount of debris, some of sample may have fallen out when transfering to nalgene",NA,Aquatic Insects,55,Family,Staphylinidae,Staphylinidae,Pupae,0,0,0,NA,NA,2,SAMP,NA,NA,NA,NA,NA,NA,2   NA   NA   NA,SAMP   NA   NA   NA
STTD_2019-04-03 10:25:00,4/3/2019 10:25,STTD,2019,W,TRUE,CLD,Overtopping,1,14.9,0.35,182,225,7.84,8.83,24.8,5,Regular,730000,748022,18022,18022,55.3561404,55.3561404,2,"good amount of debris, some of sample may have fallen out when transfering to nalgene",NA,Aquatic Insects,55,Family,Staphylinidae,Staphylinidae,Nymphs,0,0,0,NA,NA,2,SAMP,NA,NA,NA,NA,NA,NA,2   NA   NA   NA,SAMP   NA   NA   NA
STTD_2019-04-03 10:25:00,4/3/2019 10:25,STTD,2019,W,TRUE,CLD,Overtopping,1,14.9,0.35,182,225,7.84,8.83,24.8,5,Regular,730000,748022,18022,18022,55.3561404,55.3561404,2,"good amount of debris, some of sample may have fallen out when transfering to nalgene",NA,Aquatic Insects,55,Family,Staphylinidae,Staphylinidae,Emergents,0,0,0,NA,NA,2,SAMP,NA,NA,NA,NA,NA,NA,2   NA   NA   NA,SAMP   NA   NA   NA
STTD_2019-04-03 10:25:00,4/3/2019 10:25,STTD,2019,W,TRUE,CLD,Overtopping,1,14.9,0.35,182,225,7.84,8.83,24.8,5,Regular,730000,748022,18022,18022,55.3561404,55.3561404,2,"good amount of debris, some of sample may have fallen out when transfering to nalgene",NA,Aquatic Insects,55,Family,Staphylinidae,Staphylinidae,Adults,3,0.054,0.054,NA,NA,2,SAMP,NA,NA,NA,NA,NA,NA,2   NA   NA   NA,SAMP   NA   NA   NA
STTD_2019-04-03 10:25:00,4/3/2019 10:25,STTD,2019,W,TRUE,CLD,Overtopping,1,14.9,0.35,182,225,7.84,8.83,24.8,5,Regular,730000,748022,18022,18022,55.3561404,55.3561404,2,"good amount of debris, some of sample may have fallen out when transfering to nalgene",NA,Aquatic Insects,55,Family,Staphylinidae,Staphylinidae,NotDetermined,0,0,0,NA,NA,2,SAMP,NA,NA,NA,NA,NA,NA,2   NA   NA   NA,SAMP   NA   NA   NA
STTD_2019-04-03 10:25:00,4/3/2019 10:25,STTD,2019,W,TRUE,CLD,Overtopping,1,14.9,0.35,182,225,7.84,8.83,24.8,5,Regular,730000,748022,18022,18022,55.3561404,55.3561404,2,"good amount of debris, some of sample may have fallen out when transfering to nalgene",NA,Aquatic Insects,81,Family,Hydrophilidae,Hydrophilidae,Larvae,0,0,0,NA,NA,2,SAMP,NA,NA,NA,NA,NA,NA,2   NA   NA   NA,SAMP   NA   NA   NA
STTD_2019-04-03 10:25:00,4/3/2019 10:25,STTD,2019,W,TRUE,CLD,Overtopping,1,14.9,0.35,182,225,7.84,8.83,24.8,5,Regular,730000,748022,18022,18022,55.3561404,55.3561404,2,"good amount of debris, some of sample may have fallen out when transfering to nalgene",NA,Aquatic Insects,81,Family,Hydrophilidae,Hydrophilidae,Pupae,0,0,0,NA,NA,2,SAMP,NA,NA,NA,NA,NA,NA,2   NA   NA   NA,SAMP   NA   NA   NA
STTD_2019-04-03 10:25:00,4/3/2019 10:25,STTD,2019,W,TRUE,CLD,Overtopping,1,14.9,0.35,182,225,7.84,8.83,24.8,5,Regular,730000,748022,18022,18022,55.3561404,55.3561404,2,"good amount of debris, some of sample may have fallen out when transfering to nalgene",NA,Aquatic Insects,81,Family,Hydrophilidae,Hydrophilidae,Nymphs,0,0,0,NA,NA,2,SAMP,NA,NA,NA,NA,NA,NA,2   NA   NA   NA,SAMP   NA   NA   NA
STTD_2019-04-03 10:25:00,4/3/2019 10:25,STTD,2019,W,TRUE,CLD,Overtopping,1,14.9,0.35,182,225,7.84,8.83,24.8,5,Regular,730000,748022,18022,18022,55.3561404,55.3561404,2,"good amount of debris, some of sample may have fallen out when transfering to nalgene",NA,Aquatic Insects,81,Family,Hydrophilidae,Hydrophilidae,Emergents,0,0,0,NA,NA,2,SAMP,NA,NA,NA,NA,NA,NA,2   NA   NA   NA,SAMP   NA   NA   NA
STTD_2019-04-03 10:25:00,4/3/2019 10:25,STTD,2019,W,TRUE,CLD,Overtopping,1,14.9,0.35,182,225,7.84,8.83,24.8,5,Regular,730000,748022,18022,18022,55.3561404,55.3561404,2,"good amount of debris, some of sample may have fallen out when transfering to nalgene",NA,Aquatic Insects,81,Family,Hydrophilidae,Hydrophilidae,Adults,1,0.018,0.018,NA,NA,2,SAMP,NA,NA,NA,NA,NA,NA,2   NA   NA   NA,SAMP   NA   NA   NA
STTD_2019-04-03 10:25:00,4/3/2019 10:25,STTD,2019,W,TRUE,CLD,Overtopping,1,14.9,0.35,182,225,7.84,8.83,24.8,5,Regular,730000,748022,18022,18022,55.3561404,55.3561404,2,"good amount of debris, some of sample may have fallen out when transfering to nalgene",NA,Aquatic Insects,81,Family,Hydrophilidae,Hydrophilidae,NotDetermined,0,0,0,NA,NA,2,SAMP,NA,NA,NA,NA,NA,NA,2   NA   NA   NA,SAMP   NA   NA   NA
STTD_2019-04-03 10:25:00,4/3/2019 10:25,STTD,2019,W,TRUE,CLD,Overtopping,1,14.9,0.35,182,225,7.84,8.83,24.8,5,Regular,730000,748022,18022,18022,55.3561404,55.3561404,2,"good amount of debris, some of sample may have fallen out when transfering to nalgene",NA,Aquatic Insects,101,Family,Carabidae,Carabidae,Larvae,0,0,0,NA,NA,2,SAMP,NA,NA,NA,NA,NA,NA,2   NA   NA   NA,SAMP   NA   NA   NA
STTD_2019-04-03 10:25:00,4/3/2019 10:25,STTD,2019,W,TRUE,CLD,Overtopping,1,14.9,0.35,182,225,7.84,8.83,24.8,5,Regular,730000,748022,18022,18022,55.3561404,55.3561404,2,"good amount of debris, some of sample may have fallen out when transfering to nalgene",NA,Aquatic Insects,101,Family,Carabidae,Carabidae,Pupae,0,0,0,NA,NA,2,SAMP,NA,NA,NA,NA,NA,NA,2   NA   NA   NA,SAMP   NA   NA   NA
STTD_2019-04-03 10:25:00,4/3/2019 10:25,STTD,2019,W,TRUE,CLD,Overtopping,1,14.9,0.35,182,225,7.84,8.83,24.8,5,Regular,730000,748022,18022,18022,55.3561404,55.3561404,2,"good amount of debris, some of sample may have fallen out when transfering to nalgene",NA,Aquatic Insects,101,Family,Carabidae,Carabidae,Nymphs,0,0,0,NA,NA,2,SAMP,NA,NA,NA,NA,NA,NA,2   NA   NA   NA,SAMP   NA   NA   NA
STTD_2019-04-03 10:25:00,4/3/2019 10:25,STTD,2019,W,TRUE,CLD,Overtopping,1,14.9,0.35,182,225,7.84,8.83,24.8,5,Regular,730000,748022,18022,18022,55.3561404,55.3561404,2,"good amount of debris, some of sample may have fallen out when transfering to nalgene",NA,Aquatic Insects,101,Family,Carabidae,Carabidae,Emergents,0,0,0,NA,NA,2,SAMP,NA,NA,NA,NA,NA,NA,2   NA   NA   NA,SAMP   NA   NA   NA
STTD_2019-04-03 10:25:00,4/3/2019 10:25,STTD,2019,W,TRUE,CLD,Overtopping,1,14.9,0.35,182,225,7.84,8.83,24.8,5,Regular,730000,748022,18022,18022,55.3561404,55.3561404,2,"good amount of debris, some of sample may have fallen out when transfering to nalgene",NA,Aquatic Insects,101,Family,Carabidae,Carabidae,Adults,10,0.181,0.181,NA,NA,2,SAMP,NA,NA,NA,NA,NA,NA,2   NA   NA   NA,SAMP   NA   NA   NA
STTD_2019-04-03 10:25:00,4/3/2019 10:25,STTD,2019,W,TRUE,CLD,Overtopping,1,14.9,0.35,182,225,7.84,8.83,24.8,5,Regular,730000,748022,18022,18022,55.3561404,55.3561404,2,"good amount of debris, some of sample may have fallen out when transfering to nalgene",NA,Aquatic Insects,101,Family,Carabidae,Carabidae,NotDetermined,0,0,0,NA,NA,2,SAMP,NA,NA,NA,NA,NA,NA,2   NA   NA   NA,SAMP   NA   NA   NA
STTD_2019-04-03 10:25:00,4/3/2019 10:25,STTD,2019,W,TRUE,CLD,Overtopping,1,14.9,0.35,182,225,7.84,8.83,24.8,5,Regular,730000,748022,18022,18022,55.3561404,55.3561404,2,"good amount of debris, some of sample may have fallen out when transfering to nalgene",NA,Terrestrial Non-Insects,68,Order,Collembola,Collembola,Larvae,0,0,0,NA,NA,2,SAMP,NA,NA,NA,NA,NA,NA,2   NA   NA   NA,SAMP   NA   NA   NA
STTD_2019-04-03 10:25:00,4/3/2019 10:25,STTD,2019,W,TRUE,CLD,Overtopping,1,14.9,0.35,182,225,7.84,8.83,24.8,5,Regular,730000,748022,18022,18022,55.3561404,55.3561404,2,"good amount of debris, some of sample may have fallen out when transfering to nalgene",NA,Terrestrial Non-Insects,68,Order,Collembola,Collembola,Pupae,0,0,0,NA,NA,2,SAMP,NA,NA,NA,NA,NA,NA,2   NA   NA   NA,SAMP   NA   NA   NA
STTD_2019-04-03 10:25:00,4/3/2019 10:25,STTD,2019,W,TRUE,CLD,Overtopping,1,14.9,0.35,182,225,7.84,8.83,24.8,5,Regular,730000,748022,18022,18022,55.3561404,55.3561404,2,"good amount of debris, some of sample may have fallen out when transfering to nalgene",NA,Terrestrial Non-Insects,68,Order,Collembola,Collembola,Nymphs,0,0,0,NA,NA,2,SAMP,NA,NA,NA,NA,NA,NA,2   NA   NA   NA,SAMP   NA   NA   NA
STTD_2019-04-03 10:25:00,4/3/2019 10:25,STTD,2019,W,TRUE,CLD,Overtopping,1,14.9,0.35,182,225,7.84,8.83,24.8,5,Regular,730000,748022,18022,18022,55.3561404,55.3561404,2,"good amount of debris, some of sample may have fallen out when transfering to nalgene",NA,Terrestrial Non-Insects,68,Order,Collembola,Collembola,Emergents,0,0,0,NA,NA,2,SAMP,NA,NA,NA,NA,NA,NA,2   NA   NA   NA,SAMP   NA   NA   NA
STTD_2019-04-03 10:25:00,4/3/2019 10:25,STTD,2019,W,TRUE,CLD,Overtopping,1,14.9,0.35,182,225,7.84,8.83,24.8,5,Regular,730000,748022,18022,18022,55.3561404,55.3561404,2,"good amount of debris, some of sample may have fallen out when transfering to nalgene",NA,Terrestrial Non-Insects,68,Order,Collembola,Collembola,Adults,2,0.036,0.036,NA,NA,2,SAMP,NA,NA,NA,NA,NA,NA,2   NA   NA   NA,SAMP   NA   NA   NA
STTD_2019-04-03 10:25:00,4/3/2019 10:25,STTD,2019,W,TRUE,CLD,Overtopping,1,14.9,0.35,182,225,7.84,8.83,24.8,5,Regular,730000,748022,18022,18022,55.3561404,55.3561404,2,"good amount of debris, some of sample may have fallen out when transfering to nalgene",NA,Terrestrial Non-Insects,68,Order,Collembola,Collembola,NotDetermined,0,0,0,NA,NA,2,SAMP,NA,NA,NA,NA,NA,NA,2   NA   NA   NA,SAMP   NA   NA   NA
STTD_2019-04-03 10:25:00,4/3/2019 10:25,STTD,2019,W,TRUE,CLD,Overtopping,1,14.9,0.35,182,225,7.84,8.83,24.8,5,Regular,730000,748022,18022,18022,55.3561404,55.3561404,2,"good amount of debris, some of sample may have fallen out when transfering to nalgene",NA,Terrestrial Insects,192,Family,Phoridae,Phoridae,Larvae,0,0,0,NA,NA,2,SAMP,NA,NA,NA,NA,NA,NA,2   NA   NA   NA,SAMP   NA   NA   NA
STTD_2019-04-03 10:25:00,4/3/2019 10:25,STTD,2019,W,TRUE,CLD,Overtopping,1,14.9,0.35,182,225,7.84,8.83,24.8,5,Regular,730000,748022,18022,18022,55.3561404,55.3561404,2,"good amount of debris, some of sample may have fallen out when transfering to nalgene",NA,Terrestrial Insects,192,Family,Phoridae,Phoridae,Pupae,0,0,0,NA,NA,2,SAMP,NA,NA,NA,NA,NA,NA,2   NA   NA   NA,SAMP   NA   NA   NA
STTD_2019-04-03 10:25:00,4/3/2019 10:25,STTD,2019,W,TRUE,CLD,Overtopping,1,14.9,0.35,182,225,7.84,8.83,24.8,5,Regular,730000,748022,18022,18022,55.3561404,55.3561404,2,"good amount of debris, some of sample may have fallen out when transfering to nalgene",NA,Terrestrial Insects,192,Family,Phoridae,Phoridae,Nymphs,0,0,0,NA,NA,2,SAMP,NA,NA,NA,NA,NA,NA,2   NA   NA   NA,SAMP   NA   NA   NA
STTD_2019-04-03 10:25:00,4/3/2019 10:25,STTD,2019,W,TRUE,CLD,Overtopping,1,14.9,0.35,182,225,7.84,8.83,24.8,5,Regular,730000,748022,18022,18022,55.3561404,55.3561404,2,"good amount of debris, some of sample may have fallen out when transfering to nalgene",NA,Terrestrial Insects,192,Family,Phoridae,Phoridae,Emergents,0,0,0,NA,NA,2,SAMP,NA,NA,NA,NA,NA,NA,2   NA   NA   NA,SAMP   NA   NA   NA
STTD_2019-04-03 10:25:00,4/3/2019 10:25,STTD,2019,W,TRUE,CLD,Overtopping,1,14.9,0.35,182,225,7.84,8.83,24.8,5,Regular,730000,748022,18022,18022,55.3561404,55.3561404,2,"good amount of debris, some of sample may have fallen out when transfering to nalgene",NA,Terrestrial Insects,192,Family,Phoridae,Phoridae,Adults,5,0.09,0.09,NA,NA,2,SAMP,NA,NA,NA,NA,NA,NA,2   NA   NA   NA,SAMP   NA   NA   NA
STTD_2019-04-03 10:25:00,4/3/2019 10:25,STTD,2019,W,TRUE,CLD,Overtopping,1,14.9,0.35,182,225,7.84,8.83,24.8,5,Regular,730000,748022,18022,18022,55.3561404,55.3561404,2,"good amount of debris, some of sample may have fallen out when transfering to nalgene",NA,Terrestrial Insects,192,Family,Phoridae,Phoridae,NotDetermined,0,0,0,NA,NA,2,SAMP,NA,NA,NA,NA,NA,NA,2   NA   NA   NA,SAMP   NA   NA   NA
STTD_2019-04-03 10:25:00,4/3/2019 10:25,STTD,2019,W,TRUE,CLD,Overtopping,1,14.9,0.35,182,225,7.84,8.83,24.8,5,Regular,730000,748022,18022,18022,55.3561404,55.3561404,2,"good amount of debris, some of sample may have fallen out when transfering to nalgene",NA,Terrestrial Insects,193,Family,Mesoveliidae,Mesoveliidae,Larvae,0,0,0,NA,NA,2,SAMP,NA,NA,NA,NA,NA,NA,2   NA   NA   NA,SAMP   NA   NA   NA
STTD_2019-04-03 10:25:00,4/3/2019 10:25,STTD,2019,W,TRUE,CLD,Overtopping,1,14.9,0.35,182,225,7.84,8.83,24.8,5,Regular,730000,748022,18022,18022,55.3561404,55.3561404,2,"good amount of debris, some of sample may have fallen out when transfering to nalgene",NA,Terrestrial Insects,193,Family,Mesoveliidae,Mesoveliidae,Pupae,0,0,0,NA,NA,2,SAMP,NA,NA,NA,NA,NA,NA,2   NA   NA   NA,SAMP   NA   NA   NA
STTD_2019-04-03 10:25:00,4/3/2019 10:25,STTD,2019,W,TRUE,CLD,Overtopping,1,14.9,0.35,182,225,7.84,8.83,24.8,5,Regular,730000,748022,18022,18022,55.3561404,55.3561404,2,"good amount of debris, some of sample may have fallen out when transfering to nalgene",NA,Terrestrial Insects,193,Family,Mesoveliidae,Mesoveliidae,Nymphs,8,0.145,0.145,NA,NA,2,SAMP,NA,NA,NA,NA,NA,NA,2   NA   NA   NA,SAMP   NA   NA   NA
STTD_2019-04-03 10:25:00,4/3/2019 10:25,STTD,2019,W,TRUE,CLD,Overtopping,1,14.9,0.35,182,225,7.84,8.83,24.8,5,Regular,730000,748022,18022,18022,55.3561404,55.3561404,2,"good amount of debris, some of sample may have fallen out when transfering to nalgene",NA,Terrestrial Insects,193,Family,Mesoveliidae,Mesoveliidae,Emergents,0,0,0,NA,NA,2,SAMP,NA,NA,NA,NA,NA,NA,2   NA   NA   NA,SAMP   NA   NA   NA
STTD_2019-04-03 10:25:00,4/3/2019 10:25,STTD,2019,W,TRUE,CLD,Overtopping,1,14.9,0.35,182,225,7.84,8.83,24.8,5,Regular,730000,748022,18022,18022,55.3561404,55.3561404,2,"good amount of debris, some of sample may have fallen out when transfering to nalgene",NA,Terrestrial Insects,193,Family,Mesoveliidae,Mesoveliidae,Adults,17,0.307,0.307,NA,NA,2,SAMP,NA,NA,NA,NA,NA,NA,2   NA   NA   NA,SAMP   NA   NA   NA
STTD_2019-04-03 10:25:00,4/3/2019 10:25,STTD,2019,W,TRUE,CLD,Overtopping,1,14.9,0.35,182,225,7.84,8.83,24.8,5,Regular,730000,748022,18022,18022,55.3561404,55.3561404,2,"good amount of debris, some of sample may have fallen out when transfering to nalgene",NA,Terrestrial Insects,193,Family,Mesoveliidae,Mesoveliidae,NotDetermined,0,0,0,NA,NA,2,SAMP,NA,NA,NA,NA,NA,NA,2   NA   NA   NA,SAMP   NA   NA   NA
STTD_2019-04-03 10:25:00,4/3/2019 10:25,STTD,2019,W,TRUE,CLD,Overtopping,1,14.9,0.35,182,225,7.84,8.83,24.8,5,Regular,730000,748022,18022,18022,55.3561404,55.3561404,2,"good amount of debris, some of sample may have fallen out when transfering to nalgene",NA,Terrestrial Insects,66,Order,Hymenoptera,Hymenoptera,Larvae,0,0,0,NA,NA,2,SAMP,NA,NA,NA,NA,NA,NA,2   NA   NA   NA,SAMP   NA   NA   NA
STTD_2019-04-03 10:25:00,4/3/2019 10:25,STTD,2019,W,TRUE,CLD,Overtopping,1,14.9,0.35,182,225,7.84,8.83,24.8,5,Regular,730000,748022,18022,18022,55.3561404,55.3561404,2,"good amount of debris, some of sample may have fallen out when transfering to nalgene",NA,Terrestrial Insects,66,Order,Hymenoptera,Hymenoptera,Pupae,1,0.018,0.018,NA,NA,2,SAMP,NA,NA,NA,NA,NA,NA,2   NA   NA   NA,SAMP   NA   NA   NA
STTD_2019-04-03 10:25:00,4/3/2019 10:25,STTD,2019,W,TRUE,CLD,Overtopping,1,14.9,0.35,182,225,7.84,8.83,24.8,5,Regular,730000,748022,18022,18022,55.3561404,55.3561404,2,"good amount of debris, some of sample may have fallen out when transfering to nalgene",NA,Terrestrial Insects,66,Order,Hymenoptera,Hymenoptera,Nymphs,0,0,0,NA,NA,2,SAMP,NA,NA,NA,NA,NA,NA,2   NA   NA   NA,SAMP   NA   NA   NA
STTD_2019-04-03 10:25:00,4/3/2019 10:25,STTD,2019,W,TRUE,CLD,Overtopping,1,14.9,0.35,182,225,7.84,8.83,24.8,5,Regular,730000,748022,18022,18022,55.3561404,55.3561404,2,"good amount of debris, some of sample may have fallen out when transfering to nalgene",NA,Terrestrial Insects,66,Order,Hymenoptera,Hymenoptera,Emergents,0,0,0,NA,NA,2,SAMP,NA,NA,NA,NA,NA,NA,2   NA   NA   NA,SAMP   NA   NA   NA
STTD_2019-04-03 10:25:00,4/3/2019 10:25,STTD,2019,W,TRUE,CLD,Overtopping,1,14.9,0.35,182,225,7.84,8.83,24.8,5,Regular,730000,748022,18022,18022,55.3561404,55.3561404,2,"good amount of debris, some of sample may have fallen out when transfering to nalgene",NA,Terrestrial Insects,66,Order,Hymenoptera,Hymenoptera,Adults,6,0.108,0.108,NA,NA,2,SAMP,NA,NA,NA,NA,NA,NA,2   NA   NA   NA,SAMP   NA   NA   NA
STTD_2019-04-03 10:25:00,4/3/2019 10:25,STTD,2019,W,TRUE,CLD,Overtopping,1,14.9,0.35,182,225,7.84,8.83,24.8,5,Regular,730000,748022,18022,18022,55.3561404,55.3561404,2,"good amount of debris, some of sample may have fallen out when transfering to nalgene",NA,Terrestrial Insects,66,Order,Hymenoptera,Hymenoptera,NotDetermined,0,0,0,NA,NA,2,SAMP,NA,NA,NA,NA,NA,NA,2   NA   NA   NA,SAMP   NA   NA   NA
SHR_2019-04-04 09:25:00,4/4/2019 9:25,SHR,2019,W,TRUE,CLD,Ebb,1,12.6,0.4,88,115,7.47,10.44,17.9,10,Regular,748000,759357,11357,11357,34.88401324,34.88401324,1,NA,NA,Aquatic Insects,34,Family,Chironomidae,Chironomidae,Larvae,0,0,0,NA,NA,NA,NA,NA,NA,NA,NA,NA,NA,NA   NA   NA   NA,NA   NA   NA   NA
SHR_2019-04-04 09:25:00,4/4/2019 9:25,SHR,2019,W,TRUE,CLD,Ebb,1,12.6,0.4,88,115,7.47,10.44,17.9,10,Regular,748000,759357,11357,11357,34.88401324,34.88401324,1,NA,NA,Aquatic Insects,34,Family,Chironomidae,Chironomidae,Pupae,0,0,0,NA,NA,NA,NA,NA,NA,NA,NA,NA,NA,NA   NA   NA   NA,NA   NA   NA   NA
SHR_2019-04-04 09:25:00,4/4/2019 9:25,SHR,2019,W,TRUE,CLD,Ebb,1,12.6,0.4,88,115,7.47,10.44,17.9,10,Regular,748000,759357,11357,11357,34.88401324,34.88401324,1,NA,NA,Aquatic Insects,34,Family,Chironomidae,Chironomidae,Nymphs,0,0,0,NA,NA,NA,NA,NA,NA,NA,NA,NA,NA,NA   NA   NA   NA,NA   NA   NA   NA
SHR_2019-04-04 09:25:00,4/4/2019 9:25,SHR,2019,W,TRUE,CLD,Ebb,1,12.6,0.4,88,115,7.47,10.44,17.9,10,Regular,748000,759357,11357,11357,34.88401324,34.88401324,1,NA,NA,Aquatic Insects,34,Family,Chironomidae,Chironomidae,Emergents,0,0,0,NA,NA,NA,NA,NA,NA,NA,NA,NA,NA,NA   NA   NA   NA,NA   NA   NA   NA
SHR_2019-04-04 09:25:00,4/4/2019 9:25,SHR,2019,W,TRUE,CLD,Ebb,1,12.6,0.4,88,115,7.47,10.44,17.9,10,Regular,748000,759357,11357,11357,34.88401324,34.88401324,1,NA,NA,Aquatic Insects,34,Family,Chironomidae,Chironomidae,Adults,2,0.057,0.057,NA,NA,NA,NA,NA,NA,NA,NA,NA,NA,NA   NA   NA   NA,NA   NA   NA   NA
SHR_2019-04-04 09:25:00,4/4/2019 9:25,SHR,2019,W,TRUE,CLD,Ebb,1,12.6,0.4,88,115,7.47,10.44,17.9,10,Regular,748000,759357,11357,11357,34.88401324,34.88401324,1,NA,NA,Aquatic Insects,34,Family,Chironomidae,Chironomidae,NotDetermined,0,0,0,NA,NA,NA,NA,NA,NA,NA,NA,NA,NA,NA   NA   NA   NA,NA   NA   NA   NA
SHR_2019-04-04 09:25:00,4/4/2019 9:25,SHR,2019,W,TRUE,CLD,Ebb,1,12.6,0.4,88,115,7.47,10.44,17.9,10,Regular,748000,759357,11357,11357,34.88401324,34.88401324,1,NA,NA,Aquatic Non-Insects,4,Family,Naididae,Naididae,Larvae,0,0,0,NA,NA,NA,NA,NA,NA,NA,NA,NA,NA,NA   NA   NA   NA,NA   NA   NA   NA
SHR_2019-04-04 09:25:00,4/4/2019 9:25,SHR,2019,W,TRUE,CLD,Ebb,1,12.6,0.4,88,115,7.47,10.44,17.9,10,Regular,748000,759357,11357,11357,34.88401324,34.88401324,1,NA,NA,Aquatic Non-Insects,4,Family,Naididae,Naididae,Pupae,0,0,0,NA,NA,NA,NA,NA,NA,NA,NA,NA,NA,NA   NA   NA   NA,NA   NA   NA   NA
SHR_2019-04-04 09:25:00,4/4/2019 9:25,SHR,2019,W,TRUE,CLD,Ebb,1,12.6,0.4,88,115,7.47,10.44,17.9,10,Regular,748000,759357,11357,11357,34.88401324,34.88401324,1,NA,NA,Aquatic Non-Insects,4,Family,Naididae,Naididae,Nymphs,0,0,0,NA,NA,NA,NA,NA,NA,NA,NA,NA,NA,NA   NA   NA   NA,NA   NA   NA   NA
SHR_2019-04-04 09:25:00,4/4/2019 9:25,SHR,2019,W,TRUE,CLD,Ebb,1,12.6,0.4,88,115,7.47,10.44,17.9,10,Regular,748000,759357,11357,11357,34.88401324,34.88401324,1,NA,NA,Aquatic Non-Insects,4,Family,Naididae,Naididae,Emergents,0,0,0,NA,NA,NA,NA,NA,NA,NA,NA,NA,NA,NA   NA   NA   NA,NA   NA   NA   NA
SHR_2019-04-04 09:25:00,4/4/2019 9:25,SHR,2019,W,TRUE,CLD,Ebb,1,12.6,0.4,88,115,7.47,10.44,17.9,10,Regular,748000,759357,11357,11357,34.88401324,34.88401324,1,NA,NA,Aquatic Non-Insects,4,Family,Naididae,Naididae,Adults,0,0,0,NA,NA,NA,NA,NA,NA,NA,NA,NA,NA,NA   NA   NA   NA,NA   NA   NA   NA
SHR_2019-04-04 09:25:00,4/4/2019 9:25,SHR,2019,W,TRUE,CLD,Ebb,1,12.6,0.4,88,115,7.47,10.44,17.9,10,Regular,748000,759357,11357,11357,34.88401324,34.88401324,1,NA,NA,Aquatic Non-Insects,4,Family,Naididae,Naididae,NotDetermined,3,0.086,0.086,NA,NA,NA,NA,NA,NA,NA,NA,NA,NA,NA   NA   NA   NA,NA   NA   NA   NA
SHR_2019-04-04 09:25:00,4/4/2019 9:25,SHR,2019,W,TRUE,CLD,Ebb,1,12.6,0.4,88,115,7.47,10.44,17.9,10,Regular,748000,759357,11357,11357,34.88401324,34.88401324,1,NA,NA,Aquatic Non-Insects,10,Family,Crangonyctidae,Crangonyctidae,Larvae,0,0,0,NA,NA,NA,NA,NA,NA,NA,NA,NA,NA,NA   NA   NA   NA,NA   NA   NA   NA
SHR_2019-04-04 09:25:00,4/4/2019 9:25,SHR,2019,W,TRUE,CLD,Ebb,1,12.6,0.4,88,115,7.47,10.44,17.9,10,Regular,748000,759357,11357,11357,34.88401324,34.88401324,1,NA,NA,Aquatic Non-Insects,10,Family,Crangonyctidae,Crangonyctidae,Pupae,0,0,0,NA,NA,NA,NA,NA,NA,NA,NA,NA,NA,NA   NA   NA   NA,NA   NA   NA   NA
SHR_2019-04-04 09:25:00,4/4/2019 9:25,SHR,2019,W,TRUE,CLD,Ebb,1,12.6,0.4,88,115,7.47,10.44,17.9,10,Regular,748000,759357,11357,11357,34.88401324,34.88401324,1,NA,NA,Aquatic Non-Insects,10,Family,Crangonyctidae,Crangonyctidae,Nymphs,0,0,0,NA,NA,NA,NA,NA,NA,NA,NA,NA,NA,NA   NA   NA   NA,NA   NA   NA   NA
SHR_2019-04-04 09:25:00,4/4/2019 9:25,SHR,2019,W,TRUE,CLD,Ebb,1,12.6,0.4,88,115,7.47,10.44,17.9,10,Regular,748000,759357,11357,11357,34.88401324,34.88401324,1,NA,NA,Aquatic Non-Insects,10,Family,Crangonyctidae,Crangonyctidae,Emergents,0,0,0,NA,NA,NA,NA,NA,NA,NA,NA,NA,NA,NA   NA   NA   NA,NA   NA   NA   NA
SHR_2019-04-04 09:25:00,4/4/2019 9:25,SHR,2019,W,TRUE,CLD,Ebb,1,12.6,0.4,88,115,7.47,10.44,17.9,10,Regular,748000,759357,11357,11357,34.88401324,34.88401324,1,NA,NA,Aquatic Non-Insects,10,Family,Crangonyctidae,Crangonyctidae,Adults,0,0,0,NA,NA,NA,NA,NA,NA,NA,NA,NA,NA,NA   NA   NA   NA,NA   NA   NA   NA
SHR_2019-04-04 09:25:00,4/4/2019 9:25,SHR,2019,W,TRUE,CLD,Ebb,1,12.6,0.4,88,115,7.47,10.44,17.9,10,Regular,748000,759357,11357,11357,34.88401324,34.88401324,1,NA,NA,Aquatic Non-Insects,10,Family,Crangonyctidae,Crangonyctidae,NotDetermined,2,0.057,0.057,NA,NA,NA,NA,NA,NA,NA,NA,NA,NA,NA   NA   NA   NA,NA   NA   NA   NA
SHR_2019-04-04 09:25:00,4/4/2019 9:25,SHR,2019,W,TRUE,CLD,Ebb,1,12.6,0.4,88,115,7.47,10.44,17.9,10,Regular,748000,759357,11357,11357,34.88401324,34.88401324,1,NA,NA,Aquatic Non-Insects,15,Family,Hyalellidae,Hyalellidae,Larvae,0,0,0,NA,NA,NA,NA,NA,NA,NA,NA,NA,NA,NA   NA   NA   NA,NA   NA   NA   NA
SHR_2019-04-04 09:25:00,4/4/2019 9:25,SHR,2019,W,TRUE,CLD,Ebb,1,12.6,0.4,88,115,7.47,10.44,17.9,10,Regular,748000,759357,11357,11357,34.88401324,34.88401324,1,NA,NA,Aquatic Non-Insects,15,Family,Hyalellidae,Hyalellidae,Pupae,0,0,0,NA,NA,NA,NA,NA,NA,NA,NA,NA,NA,NA   NA   NA   NA,NA   NA   NA   NA
SHR_2019-04-04 09:25:00,4/4/2019 9:25,SHR,2019,W,TRUE,CLD,Ebb,1,12.6,0.4,88,115,7.47,10.44,17.9,10,Regular,748000,759357,11357,11357,34.88401324,34.88401324,1,NA,NA,Aquatic Non-Insects,15,Family,Hyalellidae,Hyalellidae,Nymphs,0,0,0,NA,NA,NA,NA,NA,NA,NA,NA,NA,NA,NA   NA   NA   NA,NA   NA   NA   NA
SHR_2019-04-04 09:25:00,4/4/2019 9:25,SHR,2019,W,TRUE,CLD,Ebb,1,12.6,0.4,88,115,7.47,10.44,17.9,10,Regular,748000,759357,11357,11357,34.88401324,34.88401324,1,NA,NA,Aquatic Non-Insects,15,Family,Hyalellidae,Hyalellidae,Emergents,0,0,0,NA,NA,NA,NA,NA,NA,NA,NA,NA,NA,NA   NA   NA   NA,NA   NA   NA   NA
SHR_2019-04-04 09:25:00,4/4/2019 9:25,SHR,2019,W,TRUE,CLD,Ebb,1,12.6,0.4,88,115,7.47,10.44,17.9,10,Regular,748000,759357,11357,11357,34.88401324,34.88401324,1,NA,NA,Aquatic Non-Insects,15,Family,Hyalellidae,Hyalellidae,Adults,0,0,0,NA,NA,NA,NA,NA,NA,NA,NA,NA,NA,NA   NA   NA   NA,NA   NA   NA   NA
SHR_2019-04-04 09:25:00,4/4/2019 9:25,SHR,2019,W,TRUE,CLD,Ebb,1,12.6,0.4,88,115,7.47,10.44,17.9,10,Regular,748000,759357,11357,11357,34.88401324,34.88401324,1,NA,NA,Aquatic Non-Insects,15,Family,Hyalellidae,Hyalellidae,NotDetermined,1,0.029,0.029,NA,NA,NA,NA,NA,NA,NA,NA,NA,NA,NA   NA   NA   NA,NA   NA   NA   NA
SHR_2019-04-04 09:25:00,4/4/2019 9:25,SHR,2019,W,TRUE,CLD,Ebb,1,12.6,0.4,88,115,7.47,10.44,17.9,10,Regular,748000,759357,11357,11357,34.88401324,34.88401324,1,NA,NA,Aquatic Non-Insects,20,Family,Physidae,Physidae,Larvae,0,0,0,NA,NA,NA,NA,NA,NA,NA,NA,NA,NA,NA   NA   NA   NA,NA   NA   NA   NA
SHR_2019-04-04 09:25:00,4/4/2019 9:25,SHR,2019,W,TRUE,CLD,Ebb,1,12.6,0.4,88,115,7.47,10.44,17.9,10,Regular,748000,759357,11357,11357,34.88401324,34.88401324,1,NA,NA,Aquatic Non-Insects,20,Family,Physidae,Physidae,Pupae,0,0,0,NA,NA,NA,NA,NA,NA,NA,NA,NA,NA,NA   NA   NA   NA,NA   NA   NA   NA
SHR_2019-04-04 09:25:00,4/4/2019 9:25,SHR,2019,W,TRUE,CLD,Ebb,1,12.6,0.4,88,115,7.47,10.44,17.9,10,Regular,748000,759357,11357,11357,34.88401324,34.88401324,1,NA,NA,Aquatic Non-Insects,20,Family,Physidae,Physidae,Nymphs,0,0,0,NA,NA,NA,NA,NA,NA,NA,NA,NA,NA,NA   NA   NA   NA,NA   NA   NA   NA
SHR_2019-04-04 09:25:00,4/4/2019 9:25,SHR,2019,W,TRUE,CLD,Ebb,1,12.6,0.4,88,115,7.47,10.44,17.9,10,Regular,748000,759357,11357,11357,34.88401324,34.88401324,1,NA,NA,Aquatic Non-Insects,20,Family,Physidae,Physidae,Emergents,0,0,0,NA,NA,NA,NA,NA,NA,NA,NA,NA,NA,NA   NA   NA   NA,NA   NA   NA   NA
SHR_2019-04-04 09:25:00,4/4/2019 9:25,SHR,2019,W,TRUE,CLD,Ebb,1,12.6,0.4,88,115,7.47,10.44,17.9,10,Regular,748000,759357,11357,11357,34.88401324,34.88401324,1,NA,NA,Aquatic Non-Insects,20,Family,Physidae,Physidae,Adults,0,0,0,NA,NA,NA,NA,NA,NA,NA,NA,NA,NA,NA   NA   NA   NA,NA   NA   NA   NA
SHR_2019-04-04 09:25:00,4/4/2019 9:25,SHR,2019,W,TRUE,CLD,Ebb,1,12.6,0.4,88,115,7.47,10.44,17.9,10,Regular,748000,759357,11357,11357,34.88401324,34.88401324,1,NA,NA,Aquatic Non-Insects,20,Family,Physidae,Physidae,NotDetermined,1,0.029,0.029,NA,NA,NA,NA,NA,NA,NA,NA,NA,NA,NA   NA   NA   NA,NA   NA   NA   NA
SHR_2019-04-04 09:25:00,4/4/2019 9:25,SHR,2019,W,TRUE,CLD,Ebb,1,12.6,0.4,88,115,7.47,10.44,17.9,10,Regular,748000,759357,11357,11357,34.88401324,34.88401324,1,NA,NA,Aquatic Non-Insects,130,Phylum,Nematoda,Nematoda,Larvae,0,0,0,NA,NA,NA,NA,NA,NA,NA,NA,NA,NA,NA   NA   NA   NA,NA   NA   NA   NA
SHR_2019-04-04 09:25:00,4/4/2019 9:25,SHR,2019,W,TRUE,CLD,Ebb,1,12.6,0.4,88,115,7.47,10.44,17.9,10,Regular,748000,759357,11357,11357,34.88401324,34.88401324,1,NA,NA,Aquatic Non-Insects,130,Phylum,Nematoda,Nematoda,Pupae,0,0,0,NA,NA,NA,NA,NA,NA,NA,NA,NA,NA,NA   NA   NA   NA,NA   NA   NA   NA
SHR_2019-04-04 09:25:00,4/4/2019 9:25,SHR,2019,W,TRUE,CLD,Ebb,1,12.6,0.4,88,115,7.47,10.44,17.9,10,Regular,748000,759357,11357,11357,34.88401324,34.88401324,1,NA,NA,Aquatic Non-Insects,130,Phylum,Nematoda,Nematoda,Nymphs,0,0,0,NA,NA,NA,NA,NA,NA,NA,NA,NA,NA,NA   NA   NA   NA,NA   NA   NA   NA
SHR_2019-04-04 09:25:00,4/4/2019 9:25,SHR,2019,W,TRUE,CLD,Ebb,1,12.6,0.4,88,115,7.47,10.44,17.9,10,Regular,748000,759357,11357,11357,34.88401324,34.88401324,1,NA,NA,Aquatic Non-Insects,130,Phylum,Nematoda,Nematoda,Emergents,0,0,0,NA,NA,NA,NA,NA,NA,NA,NA,NA,NA,NA   NA   NA   NA,NA   NA   NA   NA
SHR_2019-04-04 09:25:00,4/4/2019 9:25,SHR,2019,W,TRUE,CLD,Ebb,1,12.6,0.4,88,115,7.47,10.44,17.9,10,Regular,748000,759357,11357,11357,34.88401324,34.88401324,1,NA,NA,Aquatic Non-Insects,130,Phylum,Nematoda,Nematoda,Adults,0,0,0,NA,NA,NA,NA,NA,NA,NA,NA,NA,NA,NA   NA   NA   NA,NA   NA   NA   NA
SHR_2019-04-04 09:25:00,4/4/2019 9:25,SHR,2019,W,TRUE,CLD,Ebb,1,12.6,0.4,88,115,7.47,10.44,17.9,10,Regular,748000,759357,11357,11357,34.88401324,34.88401324,1,NA,NA,Aquatic Non-Insects,130,Phylum,Nematoda,Nematoda,NotDetermined,1,0.029,0.029,NA,NA,NA,NA,NA,NA,NA,NA,NA,NA,NA   NA   NA   NA,NA   NA   NA   NA
STTD_2019-04-08 09:56:00,4/8/2019 9:56,STTD,2019,W,TRUE,CLD,Overtopping,1,16.6,0.32,161,191,7.75,8.73,22.4,1,Regular,776110,779567,3457,3457,10.61847616,10.61847616,2,debris too heavy for 5 min tow (clogged excessively),NA,Aquatic Insects,32,Family,Ceratopogonidae,Ceratopogonidae,Larvae,0,0,0,NA,NA,2,SAMP,NA,NA,NA,NA,NA,NA,2   NA   NA   NA,SAMP   NA   NA   NA
STTD_2019-04-08 09:56:00,4/8/2019 9:56,STTD,2019,W,TRUE,CLD,Overtopping,1,16.6,0.32,161,191,7.75,8.73,22.4,1,Regular,776110,779567,3457,3457,10.61847616,10.61847616,2,debris too heavy for 5 min tow (clogged excessively),NA,Aquatic Insects,32,Family,Ceratopogonidae,Ceratopogonidae,Pupae,2,0.188,0.188,NA,NA,2,SAMP,NA,NA,NA,NA,NA,NA,2   NA   NA   NA,SAMP   NA   NA   NA
STTD_2019-04-08 09:56:00,4/8/2019 9:56,STTD,2019,W,TRUE,CLD,Overtopping,1,16.6,0.32,161,191,7.75,8.73,22.4,1,Regular,776110,779567,3457,3457,10.61847616,10.61847616,2,debris too heavy for 5 min tow (clogged excessively),NA,Aquatic Insects,32,Family,Ceratopogonidae,Ceratopogonidae,Nymphs,0,0,0,NA,NA,2,SAMP,NA,NA,NA,NA,NA,NA,2   NA   NA   NA,SAMP   NA   NA   NA
STTD_2019-04-08 09:56:00,4/8/2019 9:56,STTD,2019,W,TRUE,CLD,Overtopping,1,16.6,0.32,161,191,7.75,8.73,22.4,1,Regular,776110,779567,3457,3457,10.61847616,10.61847616,2,debris too heavy for 5 min tow (clogged excessively),NA,Aquatic Insects,32,Family,Ceratopogonidae,Ceratopogonidae,Emergents,0,0,0,NA,NA,2,SAMP,NA,NA,NA,NA,NA,NA,2   NA   NA   NA,SAMP   NA   NA   NA
STTD_2019-04-08 09:56:00,4/8/2019 9:56,STTD,2019,W,TRUE,CLD,Overtopping,1,16.6,0.32,161,191,7.75,8.73,22.4,1,Regular,776110,779567,3457,3457,10.61847616,10.61847616,2,debris too heavy for 5 min tow (clogged excessively),NA,Aquatic Insects,32,Family,Ceratopogonidae,Ceratopogonidae,Adults,0,0,0,NA,NA,2,SAMP,NA,NA,NA,NA,NA,NA,2   NA   NA   NA,SAMP   NA   NA   NA
STTD_2019-04-08 09:56:00,4/8/2019 9:56,STTD,2019,W,TRUE,CLD,Overtopping,1,16.6,0.32,161,191,7.75,8.73,22.4,1,Regular,776110,779567,3457,3457,10.61847616,10.61847616,2,debris too heavy for 5 min tow (clogged excessively),NA,Aquatic Insects,32,Family,Ceratopogonidae,Ceratopogonidae,NotDetermined,0,0,0,NA,NA,2,SAMP,NA,NA,NA,NA,NA,NA,2   NA   NA   NA,SAMP   NA   NA   NA
STTD_2019-04-08 09:56:00,4/8/2019 9:56,STTD,2019,W,TRUE,CLD,Overtopping,1,16.6,0.32,161,191,7.75,8.73,22.4,1,Regular,776110,779567,3457,3457,10.61847616,10.61847616,2,debris too heavy for 5 min tow (clogged excessively),NA,Aquatic Insects,34,Family,Chironomidae,Chironomidae,Larvae,3,0.283,0.283,NA,NA,2,SAMP,NA,NA,NA,NA,NA,NA,2   NA   NA   NA,SAMP   NA   NA   NA
STTD_2019-04-08 09:56:00,4/8/2019 9:56,STTD,2019,W,TRUE,CLD,Overtopping,1,16.6,0.32,161,191,7.75,8.73,22.4,1,Regular,776110,779567,3457,3457,10.61847616,10.61847616,2,debris too heavy for 5 min tow (clogged excessively),NA,Aquatic Insects,34,Family,Chironomidae,Chironomidae,Pupae,3,0.283,0.283,NA,NA,2,SAMP,NA,NA,NA,NA,NA,NA,2   NA   NA   NA,SAMP   NA   NA   NA
STTD_2019-04-08 09:56:00,4/8/2019 9:56,STTD,2019,W,TRUE,CLD,Overtopping,1,16.6,0.32,161,191,7.75,8.73,22.4,1,Regular,776110,779567,3457,3457,10.61847616,10.61847616,2,debris too heavy for 5 min tow (clogged excessively),NA,Aquatic Insects,34,Family,Chironomidae,Chironomidae,Nymphs,0,0,0,NA,NA,2,SAMP,NA,NA,NA,NA,NA,NA,2   NA   NA   NA,SAMP   NA   NA   NA
STTD_2019-04-08 09:56:00,4/8/2019 9:56,STTD,2019,W,TRUE,CLD,Overtopping,1,16.6,0.32,161,191,7.75,8.73,22.4,1,Regular,776110,779567,3457,3457,10.61847616,10.61847616,2,debris too heavy for 5 min tow (clogged excessively),NA,Aquatic Insects,34,Family,Chironomidae,Chironomidae,Emergents,0,0,0,NA,NA,2,SAMP,NA,NA,NA,NA,NA,NA,2   NA   NA   NA,SAMP   NA   NA   NA
STTD_2019-04-08 09:56:00,4/8/2019 9:56,STTD,2019,W,TRUE,CLD,Overtopping,1,16.6,0.32,161,191,7.75,8.73,22.4,1,Regular,776110,779567,3457,3457,10.61847616,10.61847616,2,debris too heavy for 5 min tow (clogged excessively),NA,Aquatic Insects,34,Family,Chironomidae,Chironomidae,Adults,30,2.825,2.825,NA,NA,2,SAMP,NA,NA,NA,NA,NA,NA,2   NA   NA   NA,SAMP   NA   NA   NA
STTD_2019-04-08 09:56:00,4/8/2019 9:56,STTD,2019,W,TRUE,CLD,Overtopping,1,16.6,0.32,161,191,7.75,8.73,22.4,1,Regular,776110,779567,3457,3457,10.61847616,10.61847616,2,debris too heavy for 5 min tow (clogged excessively),NA,Aquatic Insects,34,Family,Chironomidae,Chironomidae,NotDetermined,0,0,0,NA,NA,2,SAMP,NA,NA,NA,NA,NA,NA,2   NA   NA   NA,SAMP   NA   NA   NA
STTD_2019-04-08 09:56:00,4/8/2019 9:56,STTD,2019,W,TRUE,CLD,Overtopping,1,16.6,0.32,161,191,7.75,8.73,22.4,1,Regular,776110,779567,3457,3457,10.61847616,10.61847616,2,debris too heavy for 5 min tow (clogged excessively),NA,Aquatic Insects,44,Family,Corixidae,Corixidae,Larvae,0,0,0,NA,NA,2,SAMP,NA,NA,NA,NA,NA,NA,2   NA   NA   NA,SAMP   NA   NA   NA
STTD_2019-04-08 09:56:00,4/8/2019 9:56,STTD,2019,W,TRUE,CLD,Overtopping,1,16.6,0.32,161,191,7.75,8.73,22.4,1,Regular,776110,779567,3457,3457,10.61847616,10.61847616,2,debris too heavy for 5 min tow (clogged excessively),NA,Aquatic Insects,44,Family,Corixidae,Corixidae,Pupae,0,0,0,NA,NA,2,SAMP,NA,NA,NA,NA,NA,NA,2   NA   NA   NA,SAMP   NA   NA   NA
STTD_2019-04-08 09:56:00,4/8/2019 9:56,STTD,2019,W,TRUE,CLD,Overtopping,1,16.6,0.32,161,191,7.75,8.73,22.4,1,Regular,776110,779567,3457,3457,10.61847616,10.61847616,2,debris too heavy for 5 min tow (clogged excessively),NA,Aquatic Insects,44,Family,Corixidae,Corixidae,Nymphs,40,3.767,3.767,NA,NA,2,SAMP,NA,NA,NA,NA,NA,NA,2   NA   NA   NA,SAMP   NA   NA   NA
STTD_2019-04-08 09:56:00,4/8/2019 9:56,STTD,2019,W,TRUE,CLD,Overtopping,1,16.6,0.32,161,191,7.75,8.73,22.4,1,Regular,776110,779567,3457,3457,10.61847616,10.61847616,2,debris too heavy for 5 min tow (clogged excessively),NA,Aquatic Insects,44,Family,Corixidae,Corixidae,Emergents,0,0,0,NA,NA,2,SAMP,NA,NA,NA,NA,NA,NA,2   NA   NA   NA,SAMP   NA   NA   NA
STTD_2019-04-08 09:56:00,4/8/2019 9:56,STTD,2019,W,TRUE,CLD,Overtopping,1,16.6,0.32,161,191,7.75,8.73,22.4,1,Regular,776110,779567,3457,3457,10.61847616,10.61847616,2,debris too heavy for 5 min tow (clogged excessively),NA,Aquatic Insects,44,Family,Corixidae,Corixidae,Adults,0,0,0,NA,NA,2,SAMP,NA,NA,NA,NA,NA,NA,2   NA   NA   NA,SAMP   NA   NA   NA
STTD_2019-04-08 09:56:00,4/8/2019 9:56,STTD,2019,W,TRUE,CLD,Overtopping,1,16.6,0.32,161,191,7.75,8.73,22.4,1,Regular,776110,779567,3457,3457,10.61847616,10.61847616,2,debris too heavy for 5 min tow (clogged excessively),NA,Aquatic Insects,44,Family,Corixidae,Corixidae,NotDetermined,0,0,0,NA,NA,2,SAMP,NA,NA,NA,NA,NA,NA,2   NA   NA   NA,SAMP   NA   NA   NA
STTD_2019-04-08 09:56:00,4/8/2019 9:56,STTD,2019,W,TRUE,CLD,Overtopping,1,16.6,0.32,161,191,7.75,8.73,22.4,1,Regular,776110,779567,3457,3457,10.61847616,10.61847616,2,debris too heavy for 5 min tow (clogged excessively),NA,Aquatic Insects,45,Family,Notonectidae,Notonectidae,Larvae,1,0.094,0.094,NA,NA,2,SAMP,NA,NA,NA,NA,NA,NA,2   NA   NA   NA,SAMP   NA   NA   NA
STTD_2019-04-08 09:56:00,4/8/2019 9:56,STTD,2019,W,TRUE,CLD,Overtopping,1,16.6,0.32,161,191,7.75,8.73,22.4,1,Regular,776110,779567,3457,3457,10.61847616,10.61847616,2,debris too heavy for 5 min tow (clogged excessively),NA,Aquatic Insects,45,Family,Notonectidae,Notonectidae,Pupae,0,0,0,NA,NA,2,SAMP,NA,NA,NA,NA,NA,NA,2   NA   NA   NA,SAMP   NA   NA   NA
STTD_2019-04-08 09:56:00,4/8/2019 9:56,STTD,2019,W,TRUE,CLD,Overtopping,1,16.6,0.32,161,191,7.75,8.73,22.4,1,Regular,776110,779567,3457,3457,10.61847616,10.61847616,2,debris too heavy for 5 min tow (clogged excessively),NA,Aquatic Insects,45,Family,Notonectidae,Notonectidae,Nymphs,0,0,0,NA,NA,2,SAMP,NA,NA,NA,NA,NA,NA,2   NA   NA   NA,SAMP   NA   NA   NA
STTD_2019-04-08 09:56:00,4/8/2019 9:56,STTD,2019,W,TRUE,CLD,Overtopping,1,16.6,0.32,161,191,7.75,8.73,22.4,1,Regular,776110,779567,3457,3457,10.61847616,10.61847616,2,debris too heavy for 5 min tow (clogged excessively),NA,Aquatic Insects,45,Family,Notonectidae,Notonectidae,Emergents,0,0,0,NA,NA,2,SAMP,NA,NA,NA,NA,NA,NA,2   NA   NA   NA,SAMP   NA   NA   NA
STTD_2019-04-08 09:56:00,4/8/2019 9:56,STTD,2019,W,TRUE,CLD,Overtopping,1,16.6,0.32,161,191,7.75,8.73,22.4,1,Regular,776110,779567,3457,3457,10.61847616,10.61847616,2,debris too heavy for 5 min tow (clogged excessively),NA,Aquatic Insects,45,Family,Notonectidae,Notonectidae,Adults,0,0,0,NA,NA,2,SAMP,NA,NA,NA,NA,NA,NA,2   NA   NA   NA,SAMP   NA   NA   NA
STTD_2019-04-08 09:56:00,4/8/2019 9:56,STTD,2019,W,TRUE,CLD,Overtopping,1,16.6,0.32,161,191,7.75,8.73,22.4,1,Regular,776110,779567,3457,3457,10.61847616,10.61847616,2,debris too heavy for 5 min tow (clogged excessively),NA,Aquatic Insects,45,Family,Notonectidae,Notonectidae,NotDetermined,0,0,0,NA,NA,2,SAMP,NA,NA,NA,NA,NA,NA,2   NA   NA   NA,SAMP   NA   NA   NA
STTD_2019-04-08 09:56:00,4/8/2019 9:56,STTD,2019,W,TRUE,CLD,Overtopping,1,16.6,0.32,161,191,7.75,8.73,22.4,1,Regular,776110,779567,3457,3457,10.61847616,10.61847616,2,debris too heavy for 5 min tow (clogged excessively),NA,Terrestrial Insects,73,Order,Lepidoptera,Lepidoptera,Larvae,2,0.188,0.188,NA,NA,2,SAMP,NA,NA,NA,NA,NA,NA,2   NA   NA   NA,SAMP   NA   NA   NA
STTD_2019-04-08 09:56:00,4/8/2019 9:56,STTD,2019,W,TRUE,CLD,Overtopping,1,16.6,0.32,161,191,7.75,8.73,22.4,1,Regular,776110,779567,3457,3457,10.61847616,10.61847616,2,debris too heavy for 5 min tow (clogged excessively),NA,Terrestrial Insects,73,Order,Lepidoptera,Lepidoptera,Pupae,0,0,0,NA,NA,2,SAMP,NA,NA,NA,NA,NA,NA,2   NA   NA   NA,SAMP   NA   NA   NA
STTD_2019-04-08 09:56:00,4/8/2019 9:56,STTD,2019,W,TRUE,CLD,Overtopping,1,16.6,0.32,161,191,7.75,8.73,22.4,1,Regular,776110,779567,3457,3457,10.61847616,10.61847616,2,debris too heavy for 5 min tow (clogged excessively),NA,Terrestrial Insects,73,Order,Lepidoptera,Lepidoptera,Nymphs,0,0,0,NA,NA,2,SAMP,NA,NA,NA,NA,NA,NA,2   NA   NA   NA,SAMP   NA   NA   NA
STTD_2019-04-08 09:56:00,4/8/2019 9:56,STTD,2019,W,TRUE,CLD,Overtopping,1,16.6,0.32,161,191,7.75,8.73,22.4,1,Regular,776110,779567,3457,3457,10.61847616,10.61847616,2,debris too heavy for 5 min tow (clogged excessively),NA,Terrestrial Insects,73,Order,Lepidoptera,Lepidoptera,Emergents,0,0,0,NA,NA,2,SAMP,NA,NA,NA,NA,NA,NA,2   NA   NA   NA,SAMP   NA   NA   NA
STTD_2019-04-08 09:56:00,4/8/2019 9:56,STTD,2019,W,TRUE,CLD,Overtopping,1,16.6,0.32,161,191,7.75,8.73,22.4,1,Regular,776110,779567,3457,3457,10.61847616,10.61847616,2,debris too heavy for 5 min tow (clogged excessively),NA,Terrestrial Insects,73,Order,Lepidoptera,Lepidoptera,Adults,0,0,0,NA,NA,2,SAMP,NA,NA,NA,NA,NA,NA,2   NA   NA   NA,SAMP   NA   NA   NA
STTD_2019-04-08 09:56:00,4/8/2019 9:56,STTD,2019,W,TRUE,CLD,Overtopping,1,16.6,0.32,161,191,7.75,8.73,22.4,1,Regular,776110,779567,3457,3457,10.61847616,10.61847616,2,debris too heavy for 5 min tow (clogged excessively),NA,Terrestrial Insects,73,Order,Lepidoptera,Lepidoptera,NotDetermined,0,0,0,NA,NA,2,SAMP,NA,NA,NA,NA,NA,NA,2   NA   NA   NA,SAMP   NA   NA   NA
STTD_2019-04-08 09:56:00,4/8/2019 9:56,STTD,2019,W,TRUE,CLD,Overtopping,1,16.6,0.32,161,191,7.75,8.73,22.4,1,Regular,776110,779567,3457,3457,10.61847616,10.61847616,2,debris too heavy for 5 min tow (clogged excessively),NA,Aquatic Insects,46,Family,Coenagrionidae,Coenagrionidae,Larvae,1,0.094,0.094,NA,NA,2,SAMP,NA,NA,NA,NA,NA,NA,2   NA   NA   NA,SAMP   NA   NA   NA
STTD_2019-04-08 09:56:00,4/8/2019 9:56,STTD,2019,W,TRUE,CLD,Overtopping,1,16.6,0.32,161,191,7.75,8.73,22.4,1,Regular,776110,779567,3457,3457,10.61847616,10.61847616,2,debris too heavy for 5 min tow (clogged excessively),NA,Aquatic Insects,46,Family,Coenagrionidae,Coenagrionidae,Pupae,0,0,0,NA,NA,2,SAMP,NA,NA,NA,NA,NA,NA,2   NA   NA   NA,SAMP   NA   NA   NA
STTD_2019-04-08 09:56:00,4/8/2019 9:56,STTD,2019,W,TRUE,CLD,Overtopping,1,16.6,0.32,161,191,7.75,8.73,22.4,1,Regular,776110,779567,3457,3457,10.61847616,10.61847616,2,debris too heavy for 5 min tow (clogged excessively),NA,Aquatic Insects,46,Family,Coenagrionidae,Coenagrionidae,Nymphs,0,0,0,NA,NA,2,SAMP,NA,NA,NA,NA,NA,NA,2   NA   NA   NA,SAMP   NA   NA   NA
STTD_2019-04-08 09:56:00,4/8/2019 9:56,STTD,2019,W,TRUE,CLD,Overtopping,1,16.6,0.32,161,191,7.75,8.73,22.4,1,Regular,776110,779567,3457,3457,10.61847616,10.61847616,2,debris too heavy for 5 min tow (clogged excessively),NA,Aquatic Insects,46,Family,Coenagrionidae,Coenagrionidae,Emergents,0,0,0,NA,NA,2,SAMP,NA,NA,NA,NA,NA,NA,2   NA   NA   NA,SAMP   NA   NA   NA
STTD_2019-04-08 09:56:00,4/8/2019 9:56,STTD,2019,W,TRUE,CLD,Overtopping,1,16.6,0.32,161,191,7.75,8.73,22.4,1,Regular,776110,779567,3457,3457,10.61847616,10.61847616,2,debris too heavy for 5 min tow (clogged excessively),NA,Aquatic Insects,46,Family,Coenagrionidae,Coenagrionidae,Adults,0,0,0,NA,NA,2,SAMP,NA,NA,NA,NA,NA,NA,2   NA   NA   NA,SAMP   NA   NA   NA
STTD_2019-04-08 09:56:00,4/8/2019 9:56,STTD,2019,W,TRUE,CLD,Overtopping,1,16.6,0.32,161,191,7.75,8.73,22.4,1,Regular,776110,779567,3457,3457,10.61847616,10.61847616,2,debris too heavy for 5 min tow (clogged excessively),NA,Aquatic Insects,46,Family,Coenagrionidae,Coenagrionidae,NotDetermined,0,0,0,NA,NA,2,SAMP,NA,NA,NA,NA,NA,NA,2   NA   NA   NA,SAMP   NA   NA   NA
STTD_2019-04-08 09:56:00,4/8/2019 9:56,STTD,2019,W,TRUE,CLD,Overtopping,1,16.6,0.32,161,191,7.75,8.73,22.4,1,Regular,776110,779567,3457,3457,10.61847616,10.61847616,2,debris too heavy for 5 min tow (clogged excessively),NA,Aquatic Non-Insects,2,Family,Enchytraeidae,Enchytraeidae,Larvae,0,0,0,NA,NA,2,SAMP,NA,NA,NA,NA,NA,NA,2   NA   NA   NA,SAMP   NA   NA   NA
STTD_2019-04-08 09:56:00,4/8/2019 9:56,STTD,2019,W,TRUE,CLD,Overtopping,1,16.6,0.32,161,191,7.75,8.73,22.4,1,Regular,776110,779567,3457,3457,10.61847616,10.61847616,2,debris too heavy for 5 min tow (clogged excessively),NA,Aquatic Non-Insects,2,Family,Enchytraeidae,Enchytraeidae,Pupae,0,0,0,NA,NA,2,SAMP,NA,NA,NA,NA,NA,NA,2   NA   NA   NA,SAMP   NA   NA   NA
STTD_2019-04-08 09:56:00,4/8/2019 9:56,STTD,2019,W,TRUE,CLD,Overtopping,1,16.6,0.32,161,191,7.75,8.73,22.4,1,Regular,776110,779567,3457,3457,10.61847616,10.61847616,2,debris too heavy for 5 min tow (clogged excessively),NA,Aquatic Non-Insects,2,Family,Enchytraeidae,Enchytraeidae,Nymphs,0,0,0,NA,NA,2,SAMP,NA,NA,NA,NA,NA,NA,2   NA   NA   NA,SAMP   NA   NA   NA
STTD_2019-04-08 09:56:00,4/8/2019 9:56,STTD,2019,W,TRUE,CLD,Overtopping,1,16.6,0.32,161,191,7.75,8.73,22.4,1,Regular,776110,779567,3457,3457,10.61847616,10.61847616,2,debris too heavy for 5 min tow (clogged excessively),NA,Aquatic Non-Insects,2,Family,Enchytraeidae,Enchytraeidae,Emergents,0,0,0,NA,NA,2,SAMP,NA,NA,NA,NA,NA,NA,2   NA   NA   NA,SAMP   NA   NA   NA
STTD_2019-04-08 09:56:00,4/8/2019 9:56,STTD,2019,W,TRUE,CLD,Overtopping,1,16.6,0.32,161,191,7.75,8.73,22.4,1,Regular,776110,779567,3457,3457,10.61847616,10.61847616,2,debris too heavy for 5 min tow (clogged excessively),NA,Aquatic Non-Insects,2,Family,Enchytraeidae,Enchytraeidae,Adults,0,0,0,NA,NA,2,SAMP,NA,NA,NA,NA,NA,NA,2   NA   NA   NA,SAMP   NA   NA   NA
STTD_2019-04-08 09:56:00,4/8/2019 9:56,STTD,2019,W,TRUE,CLD,Overtopping,1,16.6,0.32,161,191,7.75,8.73,22.4,1,Regular,776110,779567,3457,3457,10.61847616,10.61847616,2,debris too heavy for 5 min tow (clogged excessively),NA,Aquatic Non-Insects,2,Family,Enchytraeidae,Enchytraeidae,NotDetermined,4,0.377,0.377,NA,NA,2,SAMP,NA,NA,NA,NA,NA,NA,2   NA   NA   NA,SAMP   NA   NA   NA
STTD_2019-04-08 09:56:00,4/8/2019 9:56,STTD,2019,W,TRUE,CLD,Overtopping,1,16.6,0.32,161,191,7.75,8.73,22.4,1,Regular,776110,779567,3457,3457,10.61847616,10.61847616,2,debris too heavy for 5 min tow (clogged excessively),NA,Aquatic Non-Insects,10,Family,Crangonyctidae,Crangonyctidae,Larvae,0,0,0,NA,NA,2,SAMP,NA,NA,NA,NA,NA,NA,2   NA   NA   NA,SAMP   NA   NA   NA
STTD_2019-04-08 09:56:00,4/8/2019 9:56,STTD,2019,W,TRUE,CLD,Overtopping,1,16.6,0.32,161,191,7.75,8.73,22.4,1,Regular,776110,779567,3457,3457,10.61847616,10.61847616,2,debris too heavy for 5 min tow (clogged excessively),NA,Aquatic Non-Insects,10,Family,Crangonyctidae,Crangonyctidae,Pupae,0,0,0,NA,NA,2,SAMP,NA,NA,NA,NA,NA,NA,2   NA   NA   NA,SAMP   NA   NA   NA
STTD_2019-04-08 09:56:00,4/8/2019 9:56,STTD,2019,W,TRUE,CLD,Overtopping,1,16.6,0.32,161,191,7.75,8.73,22.4,1,Regular,776110,779567,3457,3457,10.61847616,10.61847616,2,debris too heavy for 5 min tow (clogged excessively),NA,Aquatic Non-Insects,10,Family,Crangonyctidae,Crangonyctidae,Nymphs,0,0,0,NA,NA,2,SAMP,NA,NA,NA,NA,NA,NA,2   NA   NA   NA,SAMP   NA   NA   NA
STTD_2019-04-08 09:56:00,4/8/2019 9:56,STTD,2019,W,TRUE,CLD,Overtopping,1,16.6,0.32,161,191,7.75,8.73,22.4,1,Regular,776110,779567,3457,3457,10.61847616,10.61847616,2,debris too heavy for 5 min tow (clogged excessively),NA,Aquatic Non-Insects,10,Family,Crangonyctidae,Crangonyctidae,Emergents,0,0,0,NA,NA,2,SAMP,NA,NA,NA,NA,NA,NA,2   NA   NA   NA,SAMP   NA   NA   NA
STTD_2019-04-08 09:56:00,4/8/2019 9:56,STTD,2019,W,TRUE,CLD,Overtopping,1,16.6,0.32,161,191,7.75,8.73,22.4,1,Regular,776110,779567,3457,3457,10.61847616,10.61847616,2,debris too heavy for 5 min tow (clogged excessively),NA,Aquatic Non-Insects,10,Family,Crangonyctidae,Crangonyctidae,Adults,0,0,0,NA,NA,2,SAMP,NA,NA,NA,NA,NA,NA,2   NA   NA   NA,SAMP   NA   NA   NA
STTD_2019-04-08 09:56:00,4/8/2019 9:56,STTD,2019,W,TRUE,CLD,Overtopping,1,16.6,0.32,161,191,7.75,8.73,22.4,1,Regular,776110,779567,3457,3457,10.61847616,10.61847616,2,debris too heavy for 5 min tow (clogged excessively),NA,Aquatic Non-Insects,10,Family,Crangonyctidae,Crangonyctidae,NotDetermined,1,0.094,0.094,NA,NA,2,SAMP,NA,NA,NA,NA,NA,NA,2   NA   NA   NA,SAMP   NA   NA   NA
STTD_2019-04-08 09:56:00,4/8/2019 9:56,STTD,2019,W,TRUE,CLD,Overtopping,1,16.6,0.32,161,191,7.75,8.73,22.4,1,Regular,776110,779567,3457,3457,10.61847616,10.61847616,2,debris too heavy for 5 min tow (clogged excessively),NA,Aquatic Non-Insects,15,Family,Hyalellidae,Hyalellidae,Larvae,0,0,0,NA,NA,2,SAMP,NA,NA,NA,NA,NA,NA,2   NA   NA   NA,SAMP   NA   NA   NA
STTD_2019-04-08 09:56:00,4/8/2019 9:56,STTD,2019,W,TRUE,CLD,Overtopping,1,16.6,0.32,161,191,7.75,8.73,22.4,1,Regular,776110,779567,3457,3457,10.61847616,10.61847616,2,debris too heavy for 5 min tow (clogged excessively),NA,Aquatic Non-Insects,15,Family,Hyalellidae,Hyalellidae,Pupae,0,0,0,NA,NA,2,SAMP,NA,NA,NA,NA,NA,NA,2   NA   NA   NA,SAMP   NA   NA   NA
STTD_2019-04-08 09:56:00,4/8/2019 9:56,STTD,2019,W,TRUE,CLD,Overtopping,1,16.6,0.32,161,191,7.75,8.73,22.4,1,Regular,776110,779567,3457,3457,10.61847616,10.61847616,2,debris too heavy for 5 min tow (clogged excessively),NA,Aquatic Non-Insects,15,Family,Hyalellidae,Hyalellidae,Nymphs,0,0,0,NA,NA,2,SAMP,NA,NA,NA,NA,NA,NA,2   NA   NA   NA,SAMP   NA   NA   NA
STTD_2019-04-08 09:56:00,4/8/2019 9:56,STTD,2019,W,TRUE,CLD,Overtopping,1,16.6,0.32,161,191,7.75,8.73,22.4,1,Regular,776110,779567,3457,3457,10.61847616,10.61847616,2,debris too heavy for 5 min tow (clogged excessively),NA,Aquatic Non-Insects,15,Family,Hyalellidae,Hyalellidae,Emergents,0,0,0,NA,NA,2,SAMP,NA,NA,NA,NA,NA,NA,2   NA   NA   NA,SAMP   NA   NA   NA
STTD_2019-04-08 09:56:00,4/8/2019 9:56,STTD,2019,W,TRUE,CLD,Overtopping,1,16.6,0.32,161,191,7.75,8.73,22.4,1,Regular,776110,779567,3457,3457,10.61847616,10.61847616,2,debris too heavy for 5 min tow (clogged excessively),NA,Aquatic Non-Insects,15,Family,Hyalellidae,Hyalellidae,Adults,0,0,0,NA,NA,2,SAMP,NA,NA,NA,NA,NA,NA,2   NA   NA   NA,SAMP   NA   NA   NA
STTD_2019-04-08 09:56:00,4/8/2019 9:56,STTD,2019,W,TRUE,CLD,Overtopping,1,16.6,0.32,161,191,7.75,8.73,22.4,1,Regular,776110,779567,3457,3457,10.61847616,10.61847616,2,debris too heavy for 5 min tow (clogged excessively),NA,Aquatic Non-Insects,15,Family,Hyalellidae,Hyalellidae,NotDetermined,14,1.318,1.318,NA,NA,2,SAMP,NA,NA,NA,NA,NA,NA,2   NA   NA   NA,SAMP   NA   NA   NA
STTD_2019-04-08 09:56:00,4/8/2019 9:56,STTD,2019,W,TRUE,CLD,Overtopping,1,16.6,0.32,161,191,7.75,8.73,22.4,1,Regular,776110,779567,3457,3457,10.61847616,10.61847616,2,debris too heavy for 5 min tow (clogged excessively),NA,Aquatic Non-Insects,164,Family,Cyprinidae,Cyprinidae,Larvae,0,0,0,NA,NA,2,SAMP,NA,NA,NA,NA,NA,NA,2   NA   NA   NA,SAMP   NA   NA   NA
STTD_2019-04-08 09:56:00,4/8/2019 9:56,STTD,2019,W,TRUE,CLD,Overtopping,1,16.6,0.32,161,191,7.75,8.73,22.4,1,Regular,776110,779567,3457,3457,10.61847616,10.61847616,2,debris too heavy for 5 min tow (clogged excessively),NA,Aquatic Non-Insects,164,Family,Cyprinidae,Cyprinidae,Pupae,0,0,0,NA,NA,2,SAMP,NA,NA,NA,NA,NA,NA,2   NA   NA   NA,SAMP   NA   NA   NA
STTD_2019-04-08 09:56:00,4/8/2019 9:56,STTD,2019,W,TRUE,CLD,Overtopping,1,16.6,0.32,161,191,7.75,8.73,22.4,1,Regular,776110,779567,3457,3457,10.61847616,10.61847616,2,debris too heavy for 5 min tow (clogged excessively),NA,Aquatic Non-Insects,164,Family,Cyprinidae,Cyprinidae,Nymphs,0,0,0,NA,NA,2,SAMP,NA,NA,NA,NA,NA,NA,2   NA   NA   NA,SAMP   NA   NA   NA
STTD_2019-04-08 09:56:00,4/8/2019 9:56,STTD,2019,W,TRUE,CLD,Overtopping,1,16.6,0.32,161,191,7.75,8.73,22.4,1,Regular,776110,779567,3457,3457,10.61847616,10.61847616,2,debris too heavy for 5 min tow (clogged excessively),NA,Aquatic Non-Insects,164,Family,Cyprinidae,Cyprinidae,Emergents,0,0,0,NA,NA,2,SAMP,NA,NA,NA,NA,NA,NA,2   NA   NA   NA,SAMP   NA   NA   NA
STTD_2019-04-08 09:56:00,4/8/2019 9:56,STTD,2019,W,TRUE,CLD,Overtopping,1,16.6,0.32,161,191,7.75,8.73,22.4,1,Regular,776110,779567,3457,3457,10.61847616,10.61847616,2,debris too heavy for 5 min tow (clogged excessively),NA,Aquatic Non-Insects,164,Family,Cyprinidae,Cyprinidae,Adults,0,0,0,NA,NA,2,SAMP,NA,NA,NA,NA,NA,NA,2   NA   NA   NA,SAMP   NA   NA   NA
STTD_2019-04-08 09:56:00,4/8/2019 9:56,STTD,2019,W,TRUE,CLD,Overtopping,1,16.6,0.32,161,191,7.75,8.73,22.4,1,Regular,776110,779567,3457,3457,10.61847616,10.61847616,2,debris too heavy for 5 min tow (clogged excessively),NA,Aquatic Non-Insects,164,Family,Cyprinidae,Cyprinidae,NotDetermined,1,0.094,0.094,NA,NA,2,SAMP,NA,NA,NA,NA,NA,NA,2   NA   NA   NA,SAMP   NA   NA   NA
STTD_2019-04-08 09:56:00,4/8/2019 9:56,STTD,2019,W,TRUE,CLD,Overtopping,1,16.6,0.32,161,191,7.75,8.73,22.4,1,Regular,776110,779567,3457,3457,10.61847616,10.61847616,2,debris too heavy for 5 min tow (clogged excessively),NA,Aquatic Non-Insects,20,Family,Physidae,Physidae,Larvae,0,0,0,NA,NA,2,SAMP,NA,NA,NA,NA,NA,NA,2   NA   NA   NA,SAMP   NA   NA   NA
STTD_2019-04-08 09:56:00,4/8/2019 9:56,STTD,2019,W,TRUE,CLD,Overtopping,1,16.6,0.32,161,191,7.75,8.73,22.4,1,Regular,776110,779567,3457,3457,10.61847616,10.61847616,2,debris too heavy for 5 min tow (clogged excessively),NA,Aquatic Non-Insects,20,Family,Physidae,Physidae,Pupae,0,0,0,NA,NA,2,SAMP,NA,NA,NA,NA,NA,NA,2   NA   NA   NA,SAMP   NA   NA   NA
STTD_2019-04-08 09:56:00,4/8/2019 9:56,STTD,2019,W,TRUE,CLD,Overtopping,1,16.6,0.32,161,191,7.75,8.73,22.4,1,Regular,776110,779567,3457,3457,10.61847616,10.61847616,2,debris too heavy for 5 min tow (clogged excessively),NA,Aquatic Non-Insects,20,Family,Physidae,Physidae,Nymphs,0,0,0,NA,NA,2,SAMP,NA,NA,NA,NA,NA,NA,2   NA   NA   NA,SAMP   NA   NA   NA
STTD_2019-04-08 09:56:00,4/8/2019 9:56,STTD,2019,W,TRUE,CLD,Overtopping,1,16.6,0.32,161,191,7.75,8.73,22.4,1,Regular,776110,779567,3457,3457,10.61847616,10.61847616,2,debris too heavy for 5 min tow (clogged excessively),NA,Aquatic Non-Insects,20,Family,Physidae,Physidae,Emergents,0,0,0,NA,NA,2,SAMP,NA,NA,NA,NA,NA,NA,2   NA   NA   NA,SAMP   NA   NA   NA
STTD_2019-04-08 09:56:00,4/8/2019 9:56,STTD,2019,W,TRUE,CLD,Overtopping,1,16.6,0.32,161,191,7.75,8.73,22.4,1,Regular,776110,779567,3457,3457,10.61847616,10.61847616,2,debris too heavy for 5 min tow (clogged excessively),NA,Aquatic Non-Insects,20,Family,Physidae,Physidae,Adults,0,0,0,NA,NA,2,SAMP,NA,NA,NA,NA,NA,NA,2   NA   NA   NA,SAMP   NA   NA   NA
STTD_2019-04-08 09:56:00,4/8/2019 9:56,STTD,2019,W,TRUE,CLD,Overtopping,1,16.6,0.32,161,191,7.75,8.73,22.4,1,Regular,776110,779567,3457,3457,10.61847616,10.61847616,2,debris too heavy for 5 min tow (clogged excessively),NA,Aquatic Non-Insects,20,Family,Physidae,Physidae,NotDetermined,208,19.588,19.588,NA,NA,2,SAMP,NA,NA,NA,NA,NA,NA,2   NA   NA   NA,SAMP   NA   NA   NA
STTD_2019-04-08 09:56:00,4/8/2019 9:56,STTD,2019,W,TRUE,CLD,Overtopping,1,16.6,0.32,161,191,7.75,8.73,22.4,1,Regular,776110,779567,3457,3457,10.61847616,10.61847616,2,debris too heavy for 5 min tow (clogged excessively),NA,Aquatic Non-Insects,21,Family,Planorbidae,Planorbidae,Larvae,0,0,0,NA,NA,2,SAMP,NA,NA,NA,NA,NA,NA,2   NA   NA   NA,SAMP   NA   NA   NA
STTD_2019-04-08 09:56:00,4/8/2019 9:56,STTD,2019,W,TRUE,CLD,Overtopping,1,16.6,0.32,161,191,7.75,8.73,22.4,1,Regular,776110,779567,3457,3457,10.61847616,10.61847616,2,debris too heavy for 5 min tow (clogged excessively),NA,Aquatic Non-Insects,21,Family,Planorbidae,Planorbidae,Pupae,0,0,0,NA,NA,2,SAMP,NA,NA,NA,NA,NA,NA,2   NA   NA   NA,SAMP   NA   NA   NA
STTD_2019-04-08 09:56:00,4/8/2019 9:56,STTD,2019,W,TRUE,CLD,Overtopping,1,16.6,0.32,161,191,7.75,8.73,22.4,1,Regular,776110,779567,3457,3457,10.61847616,10.61847616,2,debris too heavy for 5 min tow (clogged excessively),NA,Aquatic Non-Insects,21,Family,Planorbidae,Planorbidae,Nymphs,0,0,0,NA,NA,2,SAMP,NA,NA,NA,NA,NA,NA,2   NA   NA   NA,SAMP   NA   NA   NA
STTD_2019-04-08 09:56:00,4/8/2019 9:56,STTD,2019,W,TRUE,CLD,Overtopping,1,16.6,0.32,161,191,7.75,8.73,22.4,1,Regular,776110,779567,3457,3457,10.61847616,10.61847616,2,debris too heavy for 5 min tow (clogged excessively),NA,Aquatic Non-Insects,21,Family,Planorbidae,Planorbidae,Emergents,0,0,0,NA,NA,2,SAMP,NA,NA,NA,NA,NA,NA,2   NA   NA   NA,SAMP   NA   NA   NA
STTD_2019-04-08 09:56:00,4/8/2019 9:56,STTD,2019,W,TRUE,CLD,Overtopping,1,16.6,0.32,161,191,7.75,8.73,22.4,1,Regular,776110,779567,3457,3457,10.61847616,10.61847616,2,debris too heavy for 5 min tow (clogged excessively),NA,Aquatic Non-Insects,21,Family,Planorbidae,Planorbidae,Adults,0,0,0,NA,NA,2,SAMP,NA,NA,NA,NA,NA,NA,2   NA   NA   NA,SAMP   NA   NA   NA
STTD_2019-04-08 09:56:00,4/8/2019 9:56,STTD,2019,W,TRUE,CLD,Overtopping,1,16.6,0.32,161,191,7.75,8.73,22.4,1,Regular,776110,779567,3457,3457,10.61847616,10.61847616,2,debris too heavy for 5 min tow (clogged excessively),NA,Aquatic Non-Insects,21,Family,Planorbidae,Planorbidae,NotDetermined,1,0.094,0.094,NA,NA,2,SAMP,NA,NA,NA,NA,NA,NA,2   NA   NA   NA,SAMP   NA   NA   NA
STTD_2019-04-08 09:56:00,4/8/2019 9:56,STTD,2019,W,TRUE,CLD,Overtopping,1,16.6,0.32,161,191,7.75,8.73,22.4,1,Regular,776110,779567,3457,3457,10.61847616,10.61847616,2,debris too heavy for 5 min tow (clogged excessively),NA,Terrestrial Non-Insects,157,Order,Araneae,Araneae,Larvae,0,0,0,NA,NA,2,SAMP,NA,NA,NA,NA,NA,NA,2   NA   NA   NA,SAMP   NA   NA   NA
STTD_2019-04-08 09:56:00,4/8/2019 9:56,STTD,2019,W,TRUE,CLD,Overtopping,1,16.6,0.32,161,191,7.75,8.73,22.4,1,Regular,776110,779567,3457,3457,10.61847616,10.61847616,2,debris too heavy for 5 min tow (clogged excessively),NA,Terrestrial Non-Insects,157,Order,Araneae,Araneae,Pupae,0,0,0,NA,NA,2,SAMP,NA,NA,NA,NA,NA,NA,2   NA   NA   NA,SAMP   NA   NA   NA
STTD_2019-04-08 09:56:00,4/8/2019 9:56,STTD,2019,W,TRUE,CLD,Overtopping,1,16.6,0.32,161,191,7.75,8.73,22.4,1,Regular,776110,779567,3457,3457,10.61847616,10.61847616,2,debris too heavy for 5 min tow (clogged excessively),NA,Terrestrial Non-Insects,157,Order,Araneae,Araneae,Nymphs,0,0,0,NA,NA,2,SAMP,NA,NA,NA,NA,NA,NA,2   NA   NA   NA,SAMP   NA   NA   NA
STTD_2019-04-08 09:56:00,4/8/2019 9:56,STTD,2019,W,TRUE,CLD,Overtopping,1,16.6,0.32,161,191,7.75,8.73,22.4,1,Regular,776110,779567,3457,3457,10.61847616,10.61847616,2,debris too heavy for 5 min tow (clogged excessively),NA,Terrestrial Non-Insects,157,Order,Araneae,Araneae,Emergents,0,0,0,NA,NA,2,SAMP,NA,NA,NA,NA,NA,NA,2   NA   NA   NA,SAMP   NA   NA   NA
STTD_2019-04-08 09:56:00,4/8/2019 9:56,STTD,2019,W,TRUE,CLD,Overtopping,1,16.6,0.32,161,191,7.75,8.73,22.4,1,Regular,776110,779567,3457,3457,10.61847616,10.61847616,2,debris too heavy for 5 min tow (clogged excessively),NA,Terrestrial Non-Insects,157,Order,Araneae,Araneae,Adults,0,0,0,NA,NA,2,SAMP,NA,NA,NA,NA,NA,NA,2   NA   NA   NA,SAMP   NA   NA   NA
STTD_2019-04-08 09:56:00,4/8/2019 9:56,STTD,2019,W,TRUE,CLD,Overtopping,1,16.6,0.32,161,191,7.75,8.73,22.4,1,Regular,776110,779567,3457,3457,10.61847616,10.61847616,2,debris too heavy for 5 min tow (clogged excessively),NA,Terrestrial Non-Insects,157,Order,Araneae,Araneae,NotDetermined,2,0.188,0.188,NA,NA,2,SAMP,NA,NA,NA,NA,NA,NA,2   NA   NA   NA,SAMP   NA   NA   NA
STTD_2019-04-08 09:56:00,4/8/2019 9:56,STTD,2019,W,TRUE,CLD,Overtopping,1,16.6,0.32,161,191,7.75,8.73,22.4,1,Regular,776110,779567,3457,3457,10.61847616,10.61847616,2,debris too heavy for 5 min tow (clogged excessively),NA,Terrestrial Insects,63,Order,Coleoptera,Coleoptera,Larvae,0,0,0,NA,NA,2,SAMP,NA,NA,NA,NA,NA,NA,2   NA   NA   NA,SAMP   NA   NA   NA
STTD_2019-04-08 09:56:00,4/8/2019 9:56,STTD,2019,W,TRUE,CLD,Overtopping,1,16.6,0.32,161,191,7.75,8.73,22.4,1,Regular,776110,779567,3457,3457,10.61847616,10.61847616,2,debris too heavy for 5 min tow (clogged excessively),NA,Terrestrial Insects,63,Order,Coleoptera,Coleoptera,Pupae,0,0,0,NA,NA,2,SAMP,NA,NA,NA,NA,NA,NA,2   NA   NA   NA,SAMP   NA   NA   NA
STTD_2019-04-08 09:56:00,4/8/2019 9:56,STTD,2019,W,TRUE,CLD,Overtopping,1,16.6,0.32,161,191,7.75,8.73,22.4,1,Regular,776110,779567,3457,3457,10.61847616,10.61847616,2,debris too heavy for 5 min tow (clogged excessively),NA,Terrestrial Insects,63,Order,Coleoptera,Coleoptera,Nymphs,0,0,0,NA,NA,2,SAMP,NA,NA,NA,NA,NA,NA,2   NA   NA   NA,SAMP   NA   NA   NA
STTD_2019-04-08 09:56:00,4/8/2019 9:56,STTD,2019,W,TRUE,CLD,Overtopping,1,16.6,0.32,161,191,7.75,8.73,22.4,1,Regular,776110,779567,3457,3457,10.61847616,10.61847616,2,debris too heavy for 5 min tow (clogged excessively),NA,Terrestrial Insects,63,Order,Coleoptera,Coleoptera,Emergents,0,0,0,NA,NA,2,SAMP,NA,NA,NA,NA,NA,NA,2   NA   NA   NA,SAMP   NA   NA   NA
STTD_2019-04-08 09:56:00,4/8/2019 9:56,STTD,2019,W,TRUE,CLD,Overtopping,1,16.6,0.32,161,191,7.75,8.73,22.4,1,Regular,776110,779567,3457,3457,10.61847616,10.61847616,2,debris too heavy for 5 min tow (clogged excessively),NA,Terrestrial Insects,63,Order,Coleoptera,Coleoptera,Adults,1,0.094,0.094,NA,NA,2,SAMP,NA,NA,NA,NA,NA,NA,2   NA   NA   NA,SAMP   NA   NA   NA
STTD_2019-04-08 09:56:00,4/8/2019 9:56,STTD,2019,W,TRUE,CLD,Overtopping,1,16.6,0.32,161,191,7.75,8.73,22.4,1,Regular,776110,779567,3457,3457,10.61847616,10.61847616,2,debris too heavy for 5 min tow (clogged excessively),NA,Terrestrial Insects,63,Order,Coleoptera,Coleoptera,NotDetermined,0,0,0,NA,NA,2,SAMP,NA,NA,NA,NA,NA,NA,2   NA   NA   NA,SAMP   NA   NA   NA
STTD_2019-04-08 09:56:00,4/8/2019 9:56,STTD,2019,W,TRUE,CLD,Overtopping,1,16.6,0.32,161,191,7.75,8.73,22.4,1,Regular,776110,779567,3457,3457,10.61847616,10.61847616,2,debris too heavy for 5 min tow (clogged excessively),NA,Terrestrial Insects,64,Order,Diptera,Diptera,Larvae,0,0,0,NA,NA,2,SAMP,NA,NA,NA,NA,NA,NA,2   NA   NA   NA,SAMP   NA   NA   NA
STTD_2019-04-08 09:56:00,4/8/2019 9:56,STTD,2019,W,TRUE,CLD,Overtopping,1,16.6,0.32,161,191,7.75,8.73,22.4,1,Regular,776110,779567,3457,3457,10.61847616,10.61847616,2,debris too heavy for 5 min tow (clogged excessively),NA,Terrestrial Insects,64,Order,Diptera,Diptera,Pupae,7,0.659,0.659,NA,NA,2,SAMP,NA,NA,NA,NA,NA,NA,2   NA   NA   NA,SAMP   NA   NA   NA
STTD_2019-04-08 09:56:00,4/8/2019 9:56,STTD,2019,W,TRUE,CLD,Overtopping,1,16.6,0.32,161,191,7.75,8.73,22.4,1,Regular,776110,779567,3457,3457,10.61847616,10.61847616,2,debris too heavy for 5 min tow (clogged excessively),NA,Terrestrial Insects,64,Order,Diptera,Diptera,Nymphs,0,0,0,NA,NA,2,SAMP,NA,NA,NA,NA,NA,NA,2   NA   NA   NA,SAMP   NA   NA   NA
STTD_2019-04-08 09:56:00,4/8/2019 9:56,STTD,2019,W,TRUE,CLD,Overtopping,1,16.6,0.32,161,191,7.75,8.73,22.4,1,Regular,776110,779567,3457,3457,10.61847616,10.61847616,2,debris too heavy for 5 min tow (clogged excessively),NA,Terrestrial Insects,64,Order,Diptera,Diptera,Emergents,0,0,0,NA,NA,2,SAMP,NA,NA,NA,NA,NA,NA,2   NA   NA   NA,SAMP   NA   NA   NA
STTD_2019-04-08 09:56:00,4/8/2019 9:56,STTD,2019,W,TRUE,CLD,Overtopping,1,16.6,0.32,161,191,7.75,8.73,22.4,1,Regular,776110,779567,3457,3457,10.61847616,10.61847616,2,debris too heavy for 5 min tow (clogged excessively),NA,Terrestrial Insects,64,Order,Diptera,Diptera,Adults,0,0,0,NA,NA,2,SAMP,NA,NA,NA,NA,NA,NA,2   NA   NA   NA,SAMP   NA   NA   NA
STTD_2019-04-08 09:56:00,4/8/2019 9:56,STTD,2019,W,TRUE,CLD,Overtopping,1,16.6,0.32,161,191,7.75,8.73,22.4,1,Regular,776110,779567,3457,3457,10.61847616,10.61847616,2,debris too heavy for 5 min tow (clogged excessively),NA,Terrestrial Insects,64,Order,Diptera,Diptera,NotDetermined,0,0,0,NA,NA,2,SAMP,NA,NA,NA,NA,NA,NA,2   NA   NA   NA,SAMP   NA   NA   NA
STTD_2019-04-08 09:56:00,4/8/2019 9:56,STTD,2019,W,TRUE,CLD,Overtopping,1,16.6,0.32,161,191,7.75,8.73,22.4,1,Regular,776110,779567,3457,3457,10.61847616,10.61847616,2,debris too heavy for 5 min tow (clogged excessively),NA,Aquatic Insects,101,Family,Carabidae,Carabidae,Larvae,0,0,0,NA,NA,2,SAMP,NA,NA,NA,NA,NA,NA,2   NA   NA   NA,SAMP   NA   NA   NA
STTD_2019-04-08 09:56:00,4/8/2019 9:56,STTD,2019,W,TRUE,CLD,Overtopping,1,16.6,0.32,161,191,7.75,8.73,22.4,1,Regular,776110,779567,3457,3457,10.61847616,10.61847616,2,debris too heavy for 5 min tow (clogged excessively),NA,Aquatic Insects,101,Family,Carabidae,Carabidae,Pupae,0,0,0,NA,NA,2,SAMP,NA,NA,NA,NA,NA,NA,2   NA   NA   NA,SAMP   NA   NA   NA
STTD_2019-04-08 09:56:00,4/8/2019 9:56,STTD,2019,W,TRUE,CLD,Overtopping,1,16.6,0.32,161,191,7.75,8.73,22.4,1,Regular,776110,779567,3457,3457,10.61847616,10.61847616,2,debris too heavy for 5 min tow (clogged excessively),NA,Aquatic Insects,101,Family,Carabidae,Carabidae,Nymphs,0,0,0,NA,NA,2,SAMP,NA,NA,NA,NA,NA,NA,2   NA   NA   NA,SAMP   NA   NA   NA
STTD_2019-04-08 09:56:00,4/8/2019 9:56,STTD,2019,W,TRUE,CLD,Overtopping,1,16.6,0.32,161,191,7.75,8.73,22.4,1,Regular,776110,779567,3457,3457,10.61847616,10.61847616,2,debris too heavy for 5 min tow (clogged excessively),NA,Aquatic Insects,101,Family,Carabidae,Carabidae,Emergents,0,0,0,NA,NA,2,SAMP,NA,NA,NA,NA,NA,NA,2   NA   NA   NA,SAMP   NA   NA   NA
STTD_2019-04-08 09:56:00,4/8/2019 9:56,STTD,2019,W,TRUE,CLD,Overtopping,1,16.6,0.32,161,191,7.75,8.73,22.4,1,Regular,776110,779567,3457,3457,10.61847616,10.61847616,2,debris too heavy for 5 min tow (clogged excessively),NA,Aquatic Insects,101,Family,Carabidae,Carabidae,Adults,8,0.753,0.753,NA,NA,2,SAMP,NA,NA,NA,NA,NA,NA,2   NA   NA   NA,SAMP   NA   NA   NA
STTD_2019-04-08 09:56:00,4/8/2019 9:56,STTD,2019,W,TRUE,CLD,Overtopping,1,16.6,0.32,161,191,7.75,8.73,22.4,1,Regular,776110,779567,3457,3457,10.61847616,10.61847616,2,debris too heavy for 5 min tow (clogged excessively),NA,Aquatic Insects,101,Family,Carabidae,Carabidae,NotDetermined,0,0,0,NA,NA,2,SAMP,NA,NA,NA,NA,NA,NA,2   NA   NA   NA,SAMP   NA   NA   NA
SHR_2019-04-09 09:10:00,4/9/2019 9:10,SHR,2019,W,TRUE,CLR,Ebb,1,12.8,0.35,78,101,7.77,10.69,21.3,10,Regular,779000,789796,10796,10796,33.16085295,33.16085295,1,NA,NA,Aquatic Insects,34,Family,Chironomidae,Chironomidae,Larvae,2,0.06,0.06,NA,NA,NA,NA,NA,NA,NA,NA,NA,NA,NA   NA   NA   NA,NA   NA   NA   NA
SHR_2019-04-09 09:10:00,4/9/2019 9:10,SHR,2019,W,TRUE,CLR,Ebb,1,12.8,0.35,78,101,7.77,10.69,21.3,10,Regular,779000,789796,10796,10796,33.16085295,33.16085295,1,NA,NA,Aquatic Insects,34,Family,Chironomidae,Chironomidae,Pupae,4,0.121,0.121,NA,NA,NA,NA,NA,NA,NA,NA,NA,NA,NA   NA   NA   NA,NA   NA   NA   NA
SHR_2019-04-09 09:10:00,4/9/2019 9:10,SHR,2019,W,TRUE,CLR,Ebb,1,12.8,0.35,78,101,7.77,10.69,21.3,10,Regular,779000,789796,10796,10796,33.16085295,33.16085295,1,NA,NA,Aquatic Insects,34,Family,Chironomidae,Chironomidae,Nymphs,0,0,0,NA,NA,NA,NA,NA,NA,NA,NA,NA,NA,NA   NA   NA   NA,NA   NA   NA   NA
SHR_2019-04-09 09:10:00,4/9/2019 9:10,SHR,2019,W,TRUE,CLR,Ebb,1,12.8,0.35,78,101,7.77,10.69,21.3,10,Regular,779000,789796,10796,10796,33.16085295,33.16085295,1,NA,NA,Aquatic Insects,34,Family,Chironomidae,Chironomidae,Emergents,0,0,0,NA,NA,NA,NA,NA,NA,NA,NA,NA,NA,NA   NA   NA   NA,NA   NA   NA   NA
SHR_2019-04-09 09:10:00,4/9/2019 9:10,SHR,2019,W,TRUE,CLR,Ebb,1,12.8,0.35,78,101,7.77,10.69,21.3,10,Regular,779000,789796,10796,10796,33.16085295,33.16085295,1,NA,NA,Aquatic Insects,34,Family,Chironomidae,Chironomidae,Adults,6,0.181,0.181,NA,NA,NA,NA,NA,NA,NA,NA,NA,NA,NA   NA   NA   NA,NA   NA   NA   NA
SHR_2019-04-09 09:10:00,4/9/2019 9:10,SHR,2019,W,TRUE,CLR,Ebb,1,12.8,0.35,78,101,7.77,10.69,21.3,10,Regular,779000,789796,10796,10796,33.16085295,33.16085295,1,NA,NA,Aquatic Insects,34,Family,Chironomidae,Chironomidae,NotDetermined,0,0,0,NA,NA,NA,NA,NA,NA,NA,NA,NA,NA,NA   NA   NA   NA,NA   NA   NA   NA
SHR_2019-04-09 09:10:00,4/9/2019 9:10,SHR,2019,W,TRUE,CLR,Ebb,1,12.8,0.35,78,101,7.77,10.69,21.3,10,Regular,779000,789796,10796,10796,33.16085295,33.16085295,1,NA,NA,Aquatic Insects,44,Family,Corixidae,Corixidae,Larvae,0,0,0,NA,NA,NA,NA,NA,NA,NA,NA,NA,NA,NA   NA   NA   NA,NA   NA   NA   NA
SHR_2019-04-09 09:10:00,4/9/2019 9:10,SHR,2019,W,TRUE,CLR,Ebb,1,12.8,0.35,78,101,7.77,10.69,21.3,10,Regular,779000,789796,10796,10796,33.16085295,33.16085295,1,NA,NA,Aquatic Insects,44,Family,Corixidae,Corixidae,Pupae,0,0,0,NA,NA,NA,NA,NA,NA,NA,NA,NA,NA,NA   NA   NA   NA,NA   NA   NA   NA
SHR_2019-04-09 09:10:00,4/9/2019 9:10,SHR,2019,W,TRUE,CLR,Ebb,1,12.8,0.35,78,101,7.77,10.69,21.3,10,Regular,779000,789796,10796,10796,33.16085295,33.16085295,1,NA,NA,Aquatic Insects,44,Family,Corixidae,Corixidae,Nymphs,2,0.06,0.06,NA,NA,NA,NA,NA,NA,NA,NA,NA,NA,NA   NA   NA   NA,NA   NA   NA   NA
SHR_2019-04-09 09:10:00,4/9/2019 9:10,SHR,2019,W,TRUE,CLR,Ebb,1,12.8,0.35,78,101,7.77,10.69,21.3,10,Regular,779000,789796,10796,10796,33.16085295,33.16085295,1,NA,NA,Aquatic Insects,44,Family,Corixidae,Corixidae,Emergents,0,0,0,NA,NA,NA,NA,NA,NA,NA,NA,NA,NA,NA   NA   NA   NA,NA   NA   NA   NA
SHR_2019-04-09 09:10:00,4/9/2019 9:10,SHR,2019,W,TRUE,CLR,Ebb,1,12.8,0.35,78,101,7.77,10.69,21.3,10,Regular,779000,789796,10796,10796,33.16085295,33.16085295,1,NA,NA,Aquatic Insects,44,Family,Corixidae,Corixidae,Adults,0,0,0,NA,NA,NA,NA,NA,NA,NA,NA,NA,NA,NA   NA   NA   NA,NA   NA   NA   NA
SHR_2019-04-09 09:10:00,4/9/2019 9:10,SHR,2019,W,TRUE,CLR,Ebb,1,12.8,0.35,78,101,7.77,10.69,21.3,10,Regular,779000,789796,10796,10796,33.16085295,33.16085295,1,NA,NA,Aquatic Insects,44,Family,Corixidae,Corixidae,NotDetermined,0,0,0,NA,NA,NA,NA,NA,NA,NA,NA,NA,NA,NA   NA   NA   NA,NA   NA   NA   NA
SHR_2019-04-09 09:10:00,4/9/2019 9:10,SHR,2019,W,TRUE,CLR,Ebb,1,12.8,0.35,78,101,7.77,10.69,21.3,10,Regular,779000,789796,10796,10796,33.16085295,33.16085295,1,NA,NA,Aquatic Non-Insects,4,Family,Naididae,Naididae,Larvae,0,0,0,NA,NA,NA,NA,NA,NA,NA,NA,NA,NA,NA   NA   NA   NA,NA   NA   NA   NA
SHR_2019-04-09 09:10:00,4/9/2019 9:10,SHR,2019,W,TRUE,CLR,Ebb,1,12.8,0.35,78,101,7.77,10.69,21.3,10,Regular,779000,789796,10796,10796,33.16085295,33.16085295,1,NA,NA,Aquatic Non-Insects,4,Family,Naididae,Naididae,Pupae,0,0,0,NA,NA,NA,NA,NA,NA,NA,NA,NA,NA,NA   NA   NA   NA,NA   NA   NA   NA
SHR_2019-04-09 09:10:00,4/9/2019 9:10,SHR,2019,W,TRUE,CLR,Ebb,1,12.8,0.35,78,101,7.77,10.69,21.3,10,Regular,779000,789796,10796,10796,33.16085295,33.16085295,1,NA,NA,Aquatic Non-Insects,4,Family,Naididae,Naididae,Nymphs,0,0,0,NA,NA,NA,NA,NA,NA,NA,NA,NA,NA,NA   NA   NA   NA,NA   NA   NA   NA
SHR_2019-04-09 09:10:00,4/9/2019 9:10,SHR,2019,W,TRUE,CLR,Ebb,1,12.8,0.35,78,101,7.77,10.69,21.3,10,Regular,779000,789796,10796,10796,33.16085295,33.16085295,1,NA,NA,Aquatic Non-Insects,4,Family,Naididae,Naididae,Emergents,0,0,0,NA,NA,NA,NA,NA,NA,NA,NA,NA,NA,NA   NA   NA   NA,NA   NA   NA   NA
SHR_2019-04-09 09:10:00,4/9/2019 9:10,SHR,2019,W,TRUE,CLR,Ebb,1,12.8,0.35,78,101,7.77,10.69,21.3,10,Regular,779000,789796,10796,10796,33.16085295,33.16085295,1,NA,NA,Aquatic Non-Insects,4,Family,Naididae,Naididae,Adults,0,0,0,NA,NA,NA,NA,NA,NA,NA,NA,NA,NA,NA   NA   NA   NA,NA   NA   NA   NA
SHR_2019-04-09 09:10:00,4/9/2019 9:10,SHR,2019,W,TRUE,CLR,Ebb,1,12.8,0.35,78,101,7.77,10.69,21.3,10,Regular,779000,789796,10796,10796,33.16085295,33.16085295,1,NA,NA,Aquatic Non-Insects,4,Family,Naididae,Naididae,NotDetermined,16,0.482,0.482,NA,NA,NA,NA,NA,NA,NA,NA,NA,NA,NA   NA   NA   NA,NA   NA   NA   NA
SHR_2019-04-09 09:10:00,4/9/2019 9:10,SHR,2019,W,TRUE,CLR,Ebb,1,12.8,0.35,78,101,7.77,10.69,21.3,10,Regular,779000,789796,10796,10796,33.16085295,33.16085295,1,NA,NA,Aquatic Non-Insects,9,Family,Corophiidae,Corophiidae,Larvae,0,0,0,NA,NA,NA,NA,NA,NA,NA,NA,NA,NA,NA   NA   NA   NA,NA   NA   NA   NA
SHR_2019-04-09 09:10:00,4/9/2019 9:10,SHR,2019,W,TRUE,CLR,Ebb,1,12.8,0.35,78,101,7.77,10.69,21.3,10,Regular,779000,789796,10796,10796,33.16085295,33.16085295,1,NA,NA,Aquatic Non-Insects,9,Family,Corophiidae,Corophiidae,Pupae,0,0,0,NA,NA,NA,NA,NA,NA,NA,NA,NA,NA,NA   NA   NA   NA,NA   NA   NA   NA
SHR_2019-04-09 09:10:00,4/9/2019 9:10,SHR,2019,W,TRUE,CLR,Ebb,1,12.8,0.35,78,101,7.77,10.69,21.3,10,Regular,779000,789796,10796,10796,33.16085295,33.16085295,1,NA,NA,Aquatic Non-Insects,9,Family,Corophiidae,Corophiidae,Nymphs,0,0,0,NA,NA,NA,NA,NA,NA,NA,NA,NA,NA,NA   NA   NA   NA,NA   NA   NA   NA
SHR_2019-04-09 09:10:00,4/9/2019 9:10,SHR,2019,W,TRUE,CLR,Ebb,1,12.8,0.35,78,101,7.77,10.69,21.3,10,Regular,779000,789796,10796,10796,33.16085295,33.16085295,1,NA,NA,Aquatic Non-Insects,9,Family,Corophiidae,Corophiidae,Emergents,0,0,0,NA,NA,NA,NA,NA,NA,NA,NA,NA,NA,NA   NA   NA   NA,NA   NA   NA   NA
SHR_2019-04-09 09:10:00,4/9/2019 9:10,SHR,2019,W,TRUE,CLR,Ebb,1,12.8,0.35,78,101,7.77,10.69,21.3,10,Regular,779000,789796,10796,10796,33.16085295,33.16085295,1,NA,NA,Aquatic Non-Insects,9,Family,Corophiidae,Corophiidae,Adults,0,0,0,NA,NA,NA,NA,NA,NA,NA,NA,NA,NA,NA   NA   NA   NA,NA   NA   NA   NA
SHR_2019-04-09 09:10:00,4/9/2019 9:10,SHR,2019,W,TRUE,CLR,Ebb,1,12.8,0.35,78,101,7.77,10.69,21.3,10,Regular,779000,789796,10796,10796,33.16085295,33.16085295,1,NA,NA,Aquatic Non-Insects,9,Family,Corophiidae,Corophiidae,NotDetermined,1,0.03,0.03,NA,NA,NA,NA,NA,NA,NA,NA,NA,NA,NA   NA   NA   NA,NA   NA   NA   NA
SHR_2019-04-09 09:10:00,4/9/2019 9:10,SHR,2019,W,TRUE,CLR,Ebb,1,12.8,0.35,78,101,7.77,10.69,21.3,10,Regular,779000,789796,10796,10796,33.16085295,33.16085295,1,NA,NA,Aquatic Non-Insects,10,Family,Crangonyctidae,Crangonyctidae,Larvae,0,0,0,NA,NA,NA,NA,NA,NA,NA,NA,NA,NA,NA   NA   NA   NA,NA   NA   NA   NA
SHR_2019-04-09 09:10:00,4/9/2019 9:10,SHR,2019,W,TRUE,CLR,Ebb,1,12.8,0.35,78,101,7.77,10.69,21.3,10,Regular,779000,789796,10796,10796,33.16085295,33.16085295,1,NA,NA,Aquatic Non-Insects,10,Family,Crangonyctidae,Crangonyctidae,Pupae,0,0,0,NA,NA,NA,NA,NA,NA,NA,NA,NA,NA,NA   NA   NA   NA,NA   NA   NA   NA
SHR_2019-04-09 09:10:00,4/9/2019 9:10,SHR,2019,W,TRUE,CLR,Ebb,1,12.8,0.35,78,101,7.77,10.69,21.3,10,Regular,779000,789796,10796,10796,33.16085295,33.16085295,1,NA,NA,Aquatic Non-Insects,10,Family,Crangonyctidae,Crangonyctidae,Nymphs,0,0,0,NA,NA,NA,NA,NA,NA,NA,NA,NA,NA,NA   NA   NA   NA,NA   NA   NA   NA
SHR_2019-04-09 09:10:00,4/9/2019 9:10,SHR,2019,W,TRUE,CLR,Ebb,1,12.8,0.35,78,101,7.77,10.69,21.3,10,Regular,779000,789796,10796,10796,33.16085295,33.16085295,1,NA,NA,Aquatic Non-Insects,10,Family,Crangonyctidae,Crangonyctidae,Emergents,0,0,0,NA,NA,NA,NA,NA,NA,NA,NA,NA,NA,NA   NA   NA   NA,NA   NA   NA   NA
SHR_2019-04-09 09:10:00,4/9/2019 9:10,SHR,2019,W,TRUE,CLR,Ebb,1,12.8,0.35,78,101,7.77,10.69,21.3,10,Regular,779000,789796,10796,10796,33.16085295,33.16085295,1,NA,NA,Aquatic Non-Insects,10,Family,Crangonyctidae,Crangonyctidae,Adults,0,0,0,NA,NA,NA,NA,NA,NA,NA,NA,NA,NA,NA   NA   NA   NA,NA   NA   NA   NA
SHR_2019-04-09 09:10:00,4/9/2019 9:10,SHR,2019,W,TRUE,CLR,Ebb,1,12.8,0.35,78,101,7.77,10.69,21.3,10,Regular,779000,789796,10796,10796,33.16085295,33.16085295,1,NA,NA,Aquatic Non-Insects,10,Family,Crangonyctidae,Crangonyctidae,NotDetermined,1,0.03,0.03,NA,NA,NA,NA,NA,NA,NA,NA,NA,NA,NA   NA   NA   NA,NA   NA   NA   NA
SHR_2019-04-09 09:10:00,4/9/2019 9:10,SHR,2019,W,TRUE,CLR,Ebb,1,12.8,0.35,78,101,7.77,10.69,21.3,10,Regular,779000,789796,10796,10796,33.16085295,33.16085295,1,NA,NA,Aquatic Non-Insects,148,Family,Cottidae,Unidentified Sculpin,Larvae,0,0,0,NA,NA,NA,NA,NA,NA,NA,NA,NA,NA,NA   NA   NA   NA,NA   NA   NA   NA
SHR_2019-04-09 09:10:00,4/9/2019 9:10,SHR,2019,W,TRUE,CLR,Ebb,1,12.8,0.35,78,101,7.77,10.69,21.3,10,Regular,779000,789796,10796,10796,33.16085295,33.16085295,1,NA,NA,Aquatic Non-Insects,148,Family,Cottidae,Unidentified Sculpin,Pupae,0,0,0,NA,NA,NA,NA,NA,NA,NA,NA,NA,NA,NA   NA   NA   NA,NA   NA   NA   NA
SHR_2019-04-09 09:10:00,4/9/2019 9:10,SHR,2019,W,TRUE,CLR,Ebb,1,12.8,0.35,78,101,7.77,10.69,21.3,10,Regular,779000,789796,10796,10796,33.16085295,33.16085295,1,NA,NA,Aquatic Non-Insects,148,Family,Cottidae,Unidentified Sculpin,Nymphs,0,0,0,NA,NA,NA,NA,NA,NA,NA,NA,NA,NA,NA   NA   NA   NA,NA   NA   NA   NA
SHR_2019-04-09 09:10:00,4/9/2019 9:10,SHR,2019,W,TRUE,CLR,Ebb,1,12.8,0.35,78,101,7.77,10.69,21.3,10,Regular,779000,789796,10796,10796,33.16085295,33.16085295,1,NA,NA,Aquatic Non-Insects,148,Family,Cottidae,Unidentified Sculpin,Emergents,0,0,0,NA,NA,NA,NA,NA,NA,NA,NA,NA,NA,NA   NA   NA   NA,NA   NA   NA   NA
SHR_2019-04-09 09:10:00,4/9/2019 9:10,SHR,2019,W,TRUE,CLR,Ebb,1,12.8,0.35,78,101,7.77,10.69,21.3,10,Regular,779000,789796,10796,10796,33.16085295,33.16085295,1,NA,NA,Aquatic Non-Insects,148,Family,Cottidae,Unidentified Sculpin,Adults,0,0,0,NA,NA,NA,NA,NA,NA,NA,NA,NA,NA,NA   NA   NA   NA,NA   NA   NA   NA
SHR_2019-04-09 09:10:00,4/9/2019 9:10,SHR,2019,W,TRUE,CLR,Ebb,1,12.8,0.35,78,101,7.77,10.69,21.3,10,Regular,779000,789796,10796,10796,33.16085295,33.16085295,1,NA,NA,Aquatic Non-Insects,148,Family,Cottidae,Unidentified Sculpin,NotDetermined,1,0.03,0.03,NA,NA,NA,NA,NA,NA,NA,NA,NA,NA,NA   NA   NA   NA,NA   NA   NA   NA
SHR_2019-04-09 09:10:00,4/9/2019 9:10,SHR,2019,W,TRUE,CLR,Ebb,1,12.8,0.35,78,101,7.77,10.69,21.3,10,Regular,779000,789796,10796,10796,33.16085295,33.16085295,1,NA,NA,Terrestrial Non-Insects,157,Order,Araneae,Araneae,Larvae,0,0,0,NA,NA,NA,NA,NA,NA,NA,NA,NA,NA,NA   NA   NA   NA,NA   NA   NA   NA
SHR_2019-04-09 09:10:00,4/9/2019 9:10,SHR,2019,W,TRUE,CLR,Ebb,1,12.8,0.35,78,101,7.77,10.69,21.3,10,Regular,779000,789796,10796,10796,33.16085295,33.16085295,1,NA,NA,Terrestrial Non-Insects,157,Order,Araneae,Araneae,Pupae,0,0,0,NA,NA,NA,NA,NA,NA,NA,NA,NA,NA,NA   NA   NA   NA,NA   NA   NA   NA
SHR_2019-04-09 09:10:00,4/9/2019 9:10,SHR,2019,W,TRUE,CLR,Ebb,1,12.8,0.35,78,101,7.77,10.69,21.3,10,Regular,779000,789796,10796,10796,33.16085295,33.16085295,1,NA,NA,Terrestrial Non-Insects,157,Order,Araneae,Araneae,Nymphs,0,0,0,NA,NA,NA,NA,NA,NA,NA,NA,NA,NA,NA   NA   NA   NA,NA   NA   NA   NA
SHR_2019-04-09 09:10:00,4/9/2019 9:10,SHR,2019,W,TRUE,CLR,Ebb,1,12.8,0.35,78,101,7.77,10.69,21.3,10,Regular,779000,789796,10796,10796,33.16085295,33.16085295,1,NA,NA,Terrestrial Non-Insects,157,Order,Araneae,Araneae,Emergents,0,0,0,NA,NA,NA,NA,NA,NA,NA,NA,NA,NA,NA   NA   NA   NA,NA   NA   NA   NA
SHR_2019-04-09 09:10:00,4/9/2019 9:10,SHR,2019,W,TRUE,CLR,Ebb,1,12.8,0.35,78,101,7.77,10.69,21.3,10,Regular,779000,789796,10796,10796,33.16085295,33.16085295,1,NA,NA,Terrestrial Non-Insects,157,Order,Araneae,Araneae,Adults,0,0,0,NA,NA,NA,NA,NA,NA,NA,NA,NA,NA,NA   NA   NA   NA,NA   NA   NA   NA
SHR_2019-04-09 09:10:00,4/9/2019 9:10,SHR,2019,W,TRUE,CLR,Ebb,1,12.8,0.35,78,101,7.77,10.69,21.3,10,Regular,779000,789796,10796,10796,33.16085295,33.16085295,1,NA,NA,Terrestrial Non-Insects,157,Order,Araneae,Araneae,NotDetermined,1,0.03,0.03,NA,NA,NA,NA,NA,NA,NA,NA,NA,NA,NA   NA   NA   NA,NA   NA   NA   NA
SHR_2019-04-09 09:10:00,4/9/2019 9:10,SHR,2019,W,TRUE,CLR,Ebb,1,12.8,0.35,78,101,7.77,10.69,21.3,10,Regular,779000,789796,10796,10796,33.16085295,33.16085295,1,NA,NA,Terrestrial Insects,193,Family,Mesoveliidae,Mesoveliidae,Larvae,0,0,0,NA,NA,NA,NA,NA,NA,NA,NA,NA,NA,NA   NA   NA   NA,NA   NA   NA   NA
SHR_2019-04-09 09:10:00,4/9/2019 9:10,SHR,2019,W,TRUE,CLR,Ebb,1,12.8,0.35,78,101,7.77,10.69,21.3,10,Regular,779000,789796,10796,10796,33.16085295,33.16085295,1,NA,NA,Terrestrial Insects,193,Family,Mesoveliidae,Mesoveliidae,Pupae,0,0,0,NA,NA,NA,NA,NA,NA,NA,NA,NA,NA,NA   NA   NA   NA,NA   NA   NA   NA
SHR_2019-04-09 09:10:00,4/9/2019 9:10,SHR,2019,W,TRUE,CLR,Ebb,1,12.8,0.35,78,101,7.77,10.69,21.3,10,Regular,779000,789796,10796,10796,33.16085295,33.16085295,1,NA,NA,Terrestrial Insects,193,Family,Mesoveliidae,Mesoveliidae,Nymphs,1,0.03,0.03,NA,NA,NA,NA,NA,NA,NA,NA,NA,NA,NA   NA   NA   NA,NA   NA   NA   NA
SHR_2019-04-09 09:10:00,4/9/2019 9:10,SHR,2019,W,TRUE,CLR,Ebb,1,12.8,0.35,78,101,7.77,10.69,21.3,10,Regular,779000,789796,10796,10796,33.16085295,33.16085295,1,NA,NA,Terrestrial Insects,193,Family,Mesoveliidae,Mesoveliidae,Emergents,0,0,0,NA,NA,NA,NA,NA,NA,NA,NA,NA,NA,NA   NA   NA   NA,NA   NA   NA   NA
SHR_2019-04-09 09:10:00,4/9/2019 9:10,SHR,2019,W,TRUE,CLR,Ebb,1,12.8,0.35,78,101,7.77,10.69,21.3,10,Regular,779000,789796,10796,10796,33.16085295,33.16085295,1,NA,NA,Terrestrial Insects,193,Family,Mesoveliidae,Mesoveliidae,Adults,1,0.03,0.03,NA,NA,NA,NA,NA,NA,NA,NA,NA,NA,NA   NA   NA   NA,NA   NA   NA   NA
SHR_2019-04-09 09:10:00,4/9/2019 9:10,SHR,2019,W,TRUE,CLR,Ebb,1,12.8,0.35,78,101,7.77,10.69,21.3,10,Regular,779000,789796,10796,10796,33.16085295,33.16085295,1,NA,NA,Terrestrial Insects,193,Family,Mesoveliidae,Mesoveliidae,NotDetermined,0,0,0,NA,NA,NA,NA,NA,NA,NA,NA,NA,NA,NA   NA   NA   NA,NA   NA   NA   NA
STTD_2019-04-15 11:06:00,4/15/2019 11:06,STTD,2019,W,TRUE,CLD,Overtopping,1,NA,0.21,NA,NA,7.78,13.16,39.9,5,Regular,790000,807200,17200,17200,52.83129591,52.83129591,1,"a lot of debris stuck in cod end, cut down set time due to current and debris",NA,Aquatic Insects,34,Family,Chironomidae,Chironomidae,Larvae,0,0,0,NA,NA,2,SAMP,NA,NA,NA,NA,NA,NA,2   NA   NA   NA,SAMP   NA   NA   NA
STTD_2019-04-15 11:06:00,4/15/2019 11:06,STTD,2019,W,TRUE,CLD,Overtopping,1,NA,0.21,NA,NA,7.78,13.16,39.9,5,Regular,790000,807200,17200,17200,52.83129591,52.83129591,1,"a lot of debris stuck in cod end, cut down set time due to current and debris",NA,Aquatic Insects,34,Family,Chironomidae,Chironomidae,Pupae,3,0.057,0.057,NA,NA,2,SAMP,NA,NA,NA,NA,NA,NA,2   NA   NA   NA,SAMP   NA   NA   NA
STTD_2019-04-15 11:06:00,4/15/2019 11:06,STTD,2019,W,TRUE,CLD,Overtopping,1,NA,0.21,NA,NA,7.78,13.16,39.9,5,Regular,790000,807200,17200,17200,52.83129591,52.83129591,1,"a lot of debris stuck in cod end, cut down set time due to current and debris",NA,Aquatic Insects,34,Family,Chironomidae,Chironomidae,Nymphs,0,0,0,NA,NA,2,SAMP,NA,NA,NA,NA,NA,NA,2   NA   NA   NA,SAMP   NA   NA   NA
STTD_2019-04-15 11:06:00,4/15/2019 11:06,STTD,2019,W,TRUE,CLD,Overtopping,1,NA,0.21,NA,NA,7.78,13.16,39.9,5,Regular,790000,807200,17200,17200,52.83129591,52.83129591,1,"a lot of debris stuck in cod end, cut down set time due to current and debris",NA,Aquatic Insects,34,Family,Chironomidae,Chironomidae,Emergents,0,0,0,NA,NA,2,SAMP,NA,NA,NA,NA,NA,NA,2   NA   NA   NA,SAMP   NA   NA   NA
STTD_2019-04-15 11:06:00,4/15/2019 11:06,STTD,2019,W,TRUE,CLD,Overtopping,1,NA,0.21,NA,NA,7.78,13.16,39.9,5,Regular,790000,807200,17200,17200,52.83129591,52.83129591,1,"a lot of debris stuck in cod end, cut down set time due to current and debris",NA,Aquatic Insects,34,Family,Chironomidae,Chironomidae,Adults,7,0.132,0.132,NA,NA,2,SAMP,NA,NA,NA,NA,NA,NA,2   NA   NA   NA,SAMP   NA   NA   NA
STTD_2019-04-15 11:06:00,4/15/2019 11:06,STTD,2019,W,TRUE,CLD,Overtopping,1,NA,0.21,NA,NA,7.78,13.16,39.9,5,Regular,790000,807200,17200,17200,52.83129591,52.83129591,1,"a lot of debris stuck in cod end, cut down set time due to current and debris",NA,Aquatic Insects,34,Family,Chironomidae,Chironomidae,NotDetermined,0,0,0,NA,NA,2,SAMP,NA,NA,NA,NA,NA,NA,2   NA   NA   NA,SAMP   NA   NA   NA
STTD_2019-04-15 11:06:00,4/15/2019 11:06,STTD,2019,W,TRUE,CLD,Overtopping,1,NA,0.21,NA,NA,7.78,13.16,39.9,5,Regular,790000,807200,17200,17200,52.83129591,52.83129591,1,"a lot of debris stuck in cod end, cut down set time due to current and debris",NA,Aquatic Insects,82,Family,Tabanidae,Tabanidae,Larvae,1,0.019,0.019,NA,NA,2,SAMP,NA,NA,NA,NA,NA,NA,2   NA   NA   NA,SAMP   NA   NA   NA
STTD_2019-04-15 11:06:00,4/15/2019 11:06,STTD,2019,W,TRUE,CLD,Overtopping,1,NA,0.21,NA,NA,7.78,13.16,39.9,5,Regular,790000,807200,17200,17200,52.83129591,52.83129591,1,"a lot of debris stuck in cod end, cut down set time due to current and debris",NA,Aquatic Insects,82,Family,Tabanidae,Tabanidae,Pupae,0,0,0,NA,NA,2,SAMP,NA,NA,NA,NA,NA,NA,2   NA   NA   NA,SAMP   NA   NA   NA
STTD_2019-04-15 11:06:00,4/15/2019 11:06,STTD,2019,W,TRUE,CLD,Overtopping,1,NA,0.21,NA,NA,7.78,13.16,39.9,5,Regular,790000,807200,17200,17200,52.83129591,52.83129591,1,"a lot of debris stuck in cod end, cut down set time due to current and debris",NA,Aquatic Insects,82,Family,Tabanidae,Tabanidae,Nymphs,0,0,0,NA,NA,2,SAMP,NA,NA,NA,NA,NA,NA,2   NA   NA   NA,SAMP   NA   NA   NA
STTD_2019-04-15 11:06:00,4/15/2019 11:06,STTD,2019,W,TRUE,CLD,Overtopping,1,NA,0.21,NA,NA,7.78,13.16,39.9,5,Regular,790000,807200,17200,17200,52.83129591,52.83129591,1,"a lot of debris stuck in cod end, cut down set time due to current and debris",NA,Aquatic Insects,82,Family,Tabanidae,Tabanidae,Emergents,0,0,0,NA,NA,2,SAMP,NA,NA,NA,NA,NA,NA,2   NA   NA   NA,SAMP   NA   NA   NA
STTD_2019-04-15 11:06:00,4/15/2019 11:06,STTD,2019,W,TRUE,CLD,Overtopping,1,NA,0.21,NA,NA,7.78,13.16,39.9,5,Regular,790000,807200,17200,17200,52.83129591,52.83129591,1,"a lot of debris stuck in cod end, cut down set time due to current and debris",NA,Aquatic Insects,82,Family,Tabanidae,Tabanidae,Adults,0,0,0,NA,NA,2,SAMP,NA,NA,NA,NA,NA,NA,2   NA   NA   NA,SAMP   NA   NA   NA
STTD_2019-04-15 11:06:00,4/15/2019 11:06,STTD,2019,W,TRUE,CLD,Overtopping,1,NA,0.21,NA,NA,7.78,13.16,39.9,5,Regular,790000,807200,17200,17200,52.83129591,52.83129591,1,"a lot of debris stuck in cod end, cut down set time due to current and debris",NA,Aquatic Insects,82,Family,Tabanidae,Tabanidae,NotDetermined,0,0,0,NA,NA,2,SAMP,NA,NA,NA,NA,NA,NA,2   NA   NA   NA,SAMP   NA   NA   NA
STTD_2019-04-15 11:06:00,4/15/2019 11:06,STTD,2019,W,TRUE,CLD,Overtopping,1,NA,0.21,NA,NA,7.78,13.16,39.9,5,Regular,790000,807200,17200,17200,52.83129591,52.83129591,1,"a lot of debris stuck in cod end, cut down set time due to current and debris",NA,Aquatic Insects,44,Family,Corixidae,Corixidae,Larvae,0,0,0,NA,NA,2,SAMP,NA,NA,NA,NA,NA,NA,2   NA   NA   NA,SAMP   NA   NA   NA
STTD_2019-04-15 11:06:00,4/15/2019 11:06,STTD,2019,W,TRUE,CLD,Overtopping,1,NA,0.21,NA,NA,7.78,13.16,39.9,5,Regular,790000,807200,17200,17200,52.83129591,52.83129591,1,"a lot of debris stuck in cod end, cut down set time due to current and debris",NA,Aquatic Insects,44,Family,Corixidae,Corixidae,Pupae,0,0,0,NA,NA,2,SAMP,NA,NA,NA,NA,NA,NA,2   NA   NA   NA,SAMP   NA   NA   NA
STTD_2019-04-15 11:06:00,4/15/2019 11:06,STTD,2019,W,TRUE,CLD,Overtopping,1,NA,0.21,NA,NA,7.78,13.16,39.9,5,Regular,790000,807200,17200,17200,52.83129591,52.83129591,1,"a lot of debris stuck in cod end, cut down set time due to current and debris",NA,Aquatic Insects,44,Family,Corixidae,Corixidae,Nymphs,7,0.132,0.132,NA,NA,2,SAMP,NA,NA,NA,NA,NA,NA,2   NA   NA   NA,SAMP   NA   NA   NA
STTD_2019-04-15 11:06:00,4/15/2019 11:06,STTD,2019,W,TRUE,CLD,Overtopping,1,NA,0.21,NA,NA,7.78,13.16,39.9,5,Regular,790000,807200,17200,17200,52.83129591,52.83129591,1,"a lot of debris stuck in cod end, cut down set time due to current and debris",NA,Aquatic Insects,44,Family,Corixidae,Corixidae,Emergents,0,0,0,NA,NA,2,SAMP,NA,NA,NA,NA,NA,NA,2   NA   NA   NA,SAMP   NA   NA   NA
STTD_2019-04-15 11:06:00,4/15/2019 11:06,STTD,2019,W,TRUE,CLD,Overtopping,1,NA,0.21,NA,NA,7.78,13.16,39.9,5,Regular,790000,807200,17200,17200,52.83129591,52.83129591,1,"a lot of debris stuck in cod end, cut down set time due to current and debris",NA,Aquatic Insects,44,Family,Corixidae,Corixidae,Adults,2,0.038,0.038,NA,NA,2,SAMP,NA,NA,NA,NA,NA,NA,2   NA   NA   NA,SAMP   NA   NA   NA
STTD_2019-04-15 11:06:00,4/15/2019 11:06,STTD,2019,W,TRUE,CLD,Overtopping,1,NA,0.21,NA,NA,7.78,13.16,39.9,5,Regular,790000,807200,17200,17200,52.83129591,52.83129591,1,"a lot of debris stuck in cod end, cut down set time due to current and debris",NA,Aquatic Insects,44,Family,Corixidae,Corixidae,NotDetermined,0,0,0,NA,NA,2,SAMP,NA,NA,NA,NA,NA,NA,2   NA   NA   NA,SAMP   NA   NA   NA
STTD_2019-04-15 11:06:00,4/15/2019 11:06,STTD,2019,W,TRUE,CLD,Overtopping,1,NA,0.21,NA,NA,7.78,13.16,39.9,5,Regular,790000,807200,17200,17200,52.83129591,52.83129591,1,"a lot of debris stuck in cod end, cut down set time due to current and debris",NA,Aquatic Insects,46,Family,Coenagrionidae,Coenagrionidae,Larvae,1,0.019,0.019,NA,NA,2,SAMP,NA,NA,NA,NA,NA,NA,2   NA   NA   NA,SAMP   NA   NA   NA
STTD_2019-04-15 11:06:00,4/15/2019 11:06,STTD,2019,W,TRUE,CLD,Overtopping,1,NA,0.21,NA,NA,7.78,13.16,39.9,5,Regular,790000,807200,17200,17200,52.83129591,52.83129591,1,"a lot of debris stuck in cod end, cut down set time due to current and debris",NA,Aquatic Insects,46,Family,Coenagrionidae,Coenagrionidae,Pupae,0,0,0,NA,NA,2,SAMP,NA,NA,NA,NA,NA,NA,2   NA   NA   NA,SAMP   NA   NA   NA
STTD_2019-04-15 11:06:00,4/15/2019 11:06,STTD,2019,W,TRUE,CLD,Overtopping,1,NA,0.21,NA,NA,7.78,13.16,39.9,5,Regular,790000,807200,17200,17200,52.83129591,52.83129591,1,"a lot of debris stuck in cod end, cut down set time due to current and debris",NA,Aquatic Insects,46,Family,Coenagrionidae,Coenagrionidae,Nymphs,0,0,0,NA,NA,2,SAMP,NA,NA,NA,NA,NA,NA,2   NA   NA   NA,SAMP   NA   NA   NA
STTD_2019-04-15 11:06:00,4/15/2019 11:06,STTD,2019,W,TRUE,CLD,Overtopping,1,NA,0.21,NA,NA,7.78,13.16,39.9,5,Regular,790000,807200,17200,17200,52.83129591,52.83129591,1,"a lot of debris stuck in cod end, cut down set time due to current and debris",NA,Aquatic Insects,46,Family,Coenagrionidae,Coenagrionidae,Emergents,0,0,0,NA,NA,2,SAMP,NA,NA,NA,NA,NA,NA,2   NA   NA   NA,SAMP   NA   NA   NA
STTD_2019-04-15 11:06:00,4/15/2019 11:06,STTD,2019,W,TRUE,CLD,Overtopping,1,NA,0.21,NA,NA,7.78,13.16,39.9,5,Regular,790000,807200,17200,17200,52.83129591,52.83129591,1,"a lot of debris stuck in cod end, cut down set time due to current and debris",NA,Aquatic Insects,46,Family,Coenagrionidae,Coenagrionidae,Adults,0,0,0,NA,NA,2,SAMP,NA,NA,NA,NA,NA,NA,2   NA   NA   NA,SAMP   NA   NA   NA
STTD_2019-04-15 11:06:00,4/15/2019 11:06,STTD,2019,W,TRUE,CLD,Overtopping,1,NA,0.21,NA,NA,7.78,13.16,39.9,5,Regular,790000,807200,17200,17200,52.83129591,52.83129591,1,"a lot of debris stuck in cod end, cut down set time due to current and debris",NA,Aquatic Insects,46,Family,Coenagrionidae,Coenagrionidae,NotDetermined,0,0,0,NA,NA,2,SAMP,NA,NA,NA,NA,NA,NA,2   NA   NA   NA,SAMP   NA   NA   NA
STTD_2019-04-15 11:06:00,4/15/2019 11:06,STTD,2019,W,TRUE,CLD,Overtopping,1,NA,0.21,NA,NA,7.78,13.16,39.9,5,Regular,790000,807200,17200,17200,52.83129591,52.83129591,1,"a lot of debris stuck in cod end, cut down set time due to current and debris",NA,Aquatic Non-Insects,9,Family,Corophiidae,Corophiidae,Larvae,0,0,0,NA,NA,2,SAMP,NA,NA,NA,NA,NA,NA,2   NA   NA   NA,SAMP   NA   NA   NA
STTD_2019-04-15 11:06:00,4/15/2019 11:06,STTD,2019,W,TRUE,CLD,Overtopping,1,NA,0.21,NA,NA,7.78,13.16,39.9,5,Regular,790000,807200,17200,17200,52.83129591,52.83129591,1,"a lot of debris stuck in cod end, cut down set time due to current and debris",NA,Aquatic Non-Insects,9,Family,Corophiidae,Corophiidae,Pupae,0,0,0,NA,NA,2,SAMP,NA,NA,NA,NA,NA,NA,2   NA   NA   NA,SAMP   NA   NA   NA
STTD_2019-04-15 11:06:00,4/15/2019 11:06,STTD,2019,W,TRUE,CLD,Overtopping,1,NA,0.21,NA,NA,7.78,13.16,39.9,5,Regular,790000,807200,17200,17200,52.83129591,52.83129591,1,"a lot of debris stuck in cod end, cut down set time due to current and debris",NA,Aquatic Non-Insects,9,Family,Corophiidae,Corophiidae,Nymphs,0,0,0,NA,NA,2,SAMP,NA,NA,NA,NA,NA,NA,2   NA   NA   NA,SAMP   NA   NA   NA
STTD_2019-04-15 11:06:00,4/15/2019 11:06,STTD,2019,W,TRUE,CLD,Overtopping,1,NA,0.21,NA,NA,7.78,13.16,39.9,5,Regular,790000,807200,17200,17200,52.83129591,52.83129591,1,"a lot of debris stuck in cod end, cut down set time due to current and debris",NA,Aquatic Non-Insects,9,Family,Corophiidae,Corophiidae,Emergents,0,0,0,NA,NA,2,SAMP,NA,NA,NA,NA,NA,NA,2   NA   NA   NA,SAMP   NA   NA   NA
STTD_2019-04-15 11:06:00,4/15/2019 11:06,STTD,2019,W,TRUE,CLD,Overtopping,1,NA,0.21,NA,NA,7.78,13.16,39.9,5,Regular,790000,807200,17200,17200,52.83129591,52.83129591,1,"a lot of debris stuck in cod end, cut down set time due to current and debris",NA,Aquatic Non-Insects,9,Family,Corophiidae,Corophiidae,Adults,0,0,0,NA,NA,2,SAMP,NA,NA,NA,NA,NA,NA,2   NA   NA   NA,SAMP   NA   NA   NA
STTD_2019-04-15 11:06:00,4/15/2019 11:06,STTD,2019,W,TRUE,CLD,Overtopping,1,NA,0.21,NA,NA,7.78,13.16,39.9,5,Regular,790000,807200,17200,17200,52.83129591,52.83129591,1,"a lot of debris stuck in cod end, cut down set time due to current and debris",NA,Aquatic Non-Insects,9,Family,Corophiidae,Corophiidae,NotDetermined,1,0.019,0.019,NA,NA,2,SAMP,NA,NA,NA,NA,NA,NA,2   NA   NA   NA,SAMP   NA   NA   NA
STTD_2019-04-15 11:06:00,4/15/2019 11:06,STTD,2019,W,TRUE,CLD,Overtopping,1,NA,0.21,NA,NA,7.78,13.16,39.9,5,Regular,790000,807200,17200,17200,52.83129591,52.83129591,1,"a lot of debris stuck in cod end, cut down set time due to current and debris",NA,Aquatic Non-Insects,10,Family,Crangonyctidae,Crangonyctidae,Larvae,0,0,0,NA,NA,2,SAMP,NA,NA,NA,NA,NA,NA,2   NA   NA   NA,SAMP   NA   NA   NA
STTD_2019-04-15 11:06:00,4/15/2019 11:06,STTD,2019,W,TRUE,CLD,Overtopping,1,NA,0.21,NA,NA,7.78,13.16,39.9,5,Regular,790000,807200,17200,17200,52.83129591,52.83129591,1,"a lot of debris stuck in cod end, cut down set time due to current and debris",NA,Aquatic Non-Insects,10,Family,Crangonyctidae,Crangonyctidae,Pupae,0,0,0,NA,NA,2,SAMP,NA,NA,NA,NA,NA,NA,2   NA   NA   NA,SAMP   NA   NA   NA
STTD_2019-04-15 11:06:00,4/15/2019 11:06,STTD,2019,W,TRUE,CLD,Overtopping,1,NA,0.21,NA,NA,7.78,13.16,39.9,5,Regular,790000,807200,17200,17200,52.83129591,52.83129591,1,"a lot of debris stuck in cod end, cut down set time due to current and debris",NA,Aquatic Non-Insects,10,Family,Crangonyctidae,Crangonyctidae,Nymphs,0,0,0,NA,NA,2,SAMP,NA,NA,NA,NA,NA,NA,2   NA   NA   NA,SAMP   NA   NA   NA
STTD_2019-04-15 11:06:00,4/15/2019 11:06,STTD,2019,W,TRUE,CLD,Overtopping,1,NA,0.21,NA,NA,7.78,13.16,39.9,5,Regular,790000,807200,17200,17200,52.83129591,52.83129591,1,"a lot of debris stuck in cod end, cut down set time due to current and debris",NA,Aquatic Non-Insects,10,Family,Crangonyctidae,Crangonyctidae,Emergents,0,0,0,NA,NA,2,SAMP,NA,NA,NA,NA,NA,NA,2   NA   NA   NA,SAMP   NA   NA   NA
STTD_2019-04-15 11:06:00,4/15/2019 11:06,STTD,2019,W,TRUE,CLD,Overtopping,1,NA,0.21,NA,NA,7.78,13.16,39.9,5,Regular,790000,807200,17200,17200,52.83129591,52.83129591,1,"a lot of debris stuck in cod end, cut down set time due to current and debris",NA,Aquatic Non-Insects,10,Family,Crangonyctidae,Crangonyctidae,Adults,0,0,0,NA,NA,2,SAMP,NA,NA,NA,NA,NA,NA,2   NA   NA   NA,SAMP   NA   NA   NA
STTD_2019-04-15 11:06:00,4/15/2019 11:06,STTD,2019,W,TRUE,CLD,Overtopping,1,NA,0.21,NA,NA,7.78,13.16,39.9,5,Regular,790000,807200,17200,17200,52.83129591,52.83129591,1,"a lot of debris stuck in cod end, cut down set time due to current and debris",NA,Aquatic Non-Insects,10,Family,Crangonyctidae,Crangonyctidae,NotDetermined,1,0.019,0.019,NA,NA,2,SAMP,NA,NA,NA,NA,NA,NA,2   NA   NA   NA,SAMP   NA   NA   NA
STTD_2019-04-15 11:06:00,4/15/2019 11:06,STTD,2019,W,TRUE,CLD,Overtopping,1,NA,0.21,NA,NA,7.78,13.16,39.9,5,Regular,790000,807200,17200,17200,52.83129591,52.83129591,1,"a lot of debris stuck in cod end, cut down set time due to current and debris",NA,Aquatic Non-Insects,15,Family,Hyalellidae,Hyalellidae,Larvae,0,0,0,NA,NA,2,SAMP,NA,NA,NA,NA,NA,NA,2   NA   NA   NA,SAMP   NA   NA   NA
STTD_2019-04-15 11:06:00,4/15/2019 11:06,STTD,2019,W,TRUE,CLD,Overtopping,1,NA,0.21,NA,NA,7.78,13.16,39.9,5,Regular,790000,807200,17200,17200,52.83129591,52.83129591,1,"a lot of debris stuck in cod end, cut down set time due to current and debris",NA,Aquatic Non-Insects,15,Family,Hyalellidae,Hyalellidae,Pupae,0,0,0,NA,NA,2,SAMP,NA,NA,NA,NA,NA,NA,2   NA   NA   NA,SAMP   NA   NA   NA
STTD_2019-04-15 11:06:00,4/15/2019 11:06,STTD,2019,W,TRUE,CLD,Overtopping,1,NA,0.21,NA,NA,7.78,13.16,39.9,5,Regular,790000,807200,17200,17200,52.83129591,52.83129591,1,"a lot of debris stuck in cod end, cut down set time due to current and debris",NA,Aquatic Non-Insects,15,Family,Hyalellidae,Hyalellidae,Nymphs,0,0,0,NA,NA,2,SAMP,NA,NA,NA,NA,NA,NA,2   NA   NA   NA,SAMP   NA   NA   NA
STTD_2019-04-15 11:06:00,4/15/2019 11:06,STTD,2019,W,TRUE,CLD,Overtopping,1,NA,0.21,NA,NA,7.78,13.16,39.9,5,Regular,790000,807200,17200,17200,52.83129591,52.83129591,1,"a lot of debris stuck in cod end, cut down set time due to current and debris",NA,Aquatic Non-Insects,15,Family,Hyalellidae,Hyalellidae,Emergents,0,0,0,NA,NA,2,SAMP,NA,NA,NA,NA,NA,NA,2   NA   NA   NA,SAMP   NA   NA   NA
STTD_2019-04-15 11:06:00,4/15/2019 11:06,STTD,2019,W,TRUE,CLD,Overtopping,1,NA,0.21,NA,NA,7.78,13.16,39.9,5,Regular,790000,807200,17200,17200,52.83129591,52.83129591,1,"a lot of debris stuck in cod end, cut down set time due to current and debris",NA,Aquatic Non-Insects,15,Family,Hyalellidae,Hyalellidae,Adults,0,0,0,NA,NA,2,SAMP,NA,NA,NA,NA,NA,NA,2   NA   NA   NA,SAMP   NA   NA   NA
STTD_2019-04-15 11:06:00,4/15/2019 11:06,STTD,2019,W,TRUE,CLD,Overtopping,1,NA,0.21,NA,NA,7.78,13.16,39.9,5,Regular,790000,807200,17200,17200,52.83129591,52.83129591,1,"a lot of debris stuck in cod end, cut down set time due to current and debris",NA,Aquatic Non-Insects,15,Family,Hyalellidae,Hyalellidae,NotDetermined,1,0.019,0.019,NA,NA,2,SAMP,NA,NA,NA,NA,NA,NA,2   NA   NA   NA,SAMP   NA   NA   NA
STTD_2019-04-15 11:06:00,4/15/2019 11:06,STTD,2019,W,TRUE,CLD,Overtopping,1,NA,0.21,NA,NA,7.78,13.16,39.9,5,Regular,790000,807200,17200,17200,52.83129591,52.83129591,1,"a lot of debris stuck in cod end, cut down set time due to current and debris",NA,Aquatic Non-Insects,20,Family,Physidae,Physidae,Larvae,0,0,0,NA,NA,2,SAMP,NA,NA,NA,NA,NA,NA,2   NA   NA   NA,SAMP   NA   NA   NA
STTD_2019-04-15 11:06:00,4/15/2019 11:06,STTD,2019,W,TRUE,CLD,Overtopping,1,NA,0.21,NA,NA,7.78,13.16,39.9,5,Regular,790000,807200,17200,17200,52.83129591,52.83129591,1,"a lot of debris stuck in cod end, cut down set time due to current and debris",NA,Aquatic Non-Insects,20,Family,Physidae,Physidae,Pupae,0,0,0,NA,NA,2,SAMP,NA,NA,NA,NA,NA,NA,2   NA   NA   NA,SAMP   NA   NA   NA
STTD_2019-04-15 11:06:00,4/15/2019 11:06,STTD,2019,W,TRUE,CLD,Overtopping,1,NA,0.21,NA,NA,7.78,13.16,39.9,5,Regular,790000,807200,17200,17200,52.83129591,52.83129591,1,"a lot of debris stuck in cod end, cut down set time due to current and debris",NA,Aquatic Non-Insects,20,Family,Physidae,Physidae,Nymphs,0,0,0,NA,NA,2,SAMP,NA,NA,NA,NA,NA,NA,2   NA   NA   NA,SAMP   NA   NA   NA
STTD_2019-04-15 11:06:00,4/15/2019 11:06,STTD,2019,W,TRUE,CLD,Overtopping,1,NA,0.21,NA,NA,7.78,13.16,39.9,5,Regular,790000,807200,17200,17200,52.83129591,52.83129591,1,"a lot of debris stuck in cod end, cut down set time due to current and debris",NA,Aquatic Non-Insects,20,Family,Physidae,Physidae,Emergents,0,0,0,NA,NA,2,SAMP,NA,NA,NA,NA,NA,NA,2   NA   NA   NA,SAMP   NA   NA   NA
STTD_2019-04-15 11:06:00,4/15/2019 11:06,STTD,2019,W,TRUE,CLD,Overtopping,1,NA,0.21,NA,NA,7.78,13.16,39.9,5,Regular,790000,807200,17200,17200,52.83129591,52.83129591,1,"a lot of debris stuck in cod end, cut down set time due to current and debris",NA,Aquatic Non-Insects,20,Family,Physidae,Physidae,Adults,0,0,0,NA,NA,2,SAMP,NA,NA,NA,NA,NA,NA,2   NA   NA   NA,SAMP   NA   NA   NA
STTD_2019-04-15 11:06:00,4/15/2019 11:06,STTD,2019,W,TRUE,CLD,Overtopping,1,NA,0.21,NA,NA,7.78,13.16,39.9,5,Regular,790000,807200,17200,17200,52.83129591,52.83129591,1,"a lot of debris stuck in cod end, cut down set time due to current and debris",NA,Aquatic Non-Insects,20,Family,Physidae,Physidae,NotDetermined,20,0.379,0.379,NA,NA,2,SAMP,NA,NA,NA,NA,NA,NA,2   NA   NA   NA,SAMP   NA   NA   NA
STTD_2019-04-15 11:06:00,4/15/2019 11:06,STTD,2019,W,TRUE,CLD,Overtopping,1,NA,0.21,NA,NA,7.78,13.16,39.9,5,Regular,790000,807200,17200,17200,52.83129591,52.83129591,1,"a lot of debris stuck in cod end, cut down set time due to current and debris",NA,Terrestrial Insects,63,Order,Coleoptera,Coleoptera,Larvae,1,0.019,0.019,NA,NA,2,SAMP,NA,NA,NA,NA,NA,NA,2   NA   NA   NA,SAMP   NA   NA   NA
STTD_2019-04-15 11:06:00,4/15/2019 11:06,STTD,2019,W,TRUE,CLD,Overtopping,1,NA,0.21,NA,NA,7.78,13.16,39.9,5,Regular,790000,807200,17200,17200,52.83129591,52.83129591,1,"a lot of debris stuck in cod end, cut down set time due to current and debris",NA,Terrestrial Insects,63,Order,Coleoptera,Coleoptera,Pupae,0,0,0,NA,NA,2,SAMP,NA,NA,NA,NA,NA,NA,2   NA   NA   NA,SAMP   NA   NA   NA
STTD_2019-04-15 11:06:00,4/15/2019 11:06,STTD,2019,W,TRUE,CLD,Overtopping,1,NA,0.21,NA,NA,7.78,13.16,39.9,5,Regular,790000,807200,17200,17200,52.83129591,52.83129591,1,"a lot of debris stuck in cod end, cut down set time due to current and debris",NA,Terrestrial Insects,63,Order,Coleoptera,Coleoptera,Nymphs,0,0,0,NA,NA,2,SAMP,NA,NA,NA,NA,NA,NA,2   NA   NA   NA,SAMP   NA   NA   NA
STTD_2019-04-15 11:06:00,4/15/2019 11:06,STTD,2019,W,TRUE,CLD,Overtopping,1,NA,0.21,NA,NA,7.78,13.16,39.9,5,Regular,790000,807200,17200,17200,52.83129591,52.83129591,1,"a lot of debris stuck in cod end, cut down set time due to current and debris",NA,Terrestrial Insects,63,Order,Coleoptera,Coleoptera,Emergents,0,0,0,NA,NA,2,SAMP,NA,NA,NA,NA,NA,NA,2   NA   NA   NA,SAMP   NA   NA   NA
STTD_2019-04-15 11:06:00,4/15/2019 11:06,STTD,2019,W,TRUE,CLD,Overtopping,1,NA,0.21,NA,NA,7.78,13.16,39.9,5,Regular,790000,807200,17200,17200,52.83129591,52.83129591,1,"a lot of debris stuck in cod end, cut down set time due to current and debris",NA,Terrestrial Insects,63,Order,Coleoptera,Coleoptera,Adults,1,0.019,0.019,NA,NA,2,SAMP,NA,NA,NA,NA,NA,NA,2   NA   NA   NA,SAMP   NA   NA   NA
STTD_2019-04-15 11:06:00,4/15/2019 11:06,STTD,2019,W,TRUE,CLD,Overtopping,1,NA,0.21,NA,NA,7.78,13.16,39.9,5,Regular,790000,807200,17200,17200,52.83129591,52.83129591,1,"a lot of debris stuck in cod end, cut down set time due to current and debris",NA,Terrestrial Insects,63,Order,Coleoptera,Coleoptera,NotDetermined,0,0,0,NA,NA,2,SAMP,NA,NA,NA,NA,NA,NA,2   NA   NA   NA,SAMP   NA   NA   NA
STTD_2019-04-15 11:06:00,4/15/2019 11:06,STTD,2019,W,TRUE,CLD,Overtopping,1,NA,0.21,NA,NA,7.78,13.16,39.9,5,Regular,790000,807200,17200,17200,52.83129591,52.83129591,1,"a lot of debris stuck in cod end, cut down set time due to current and debris",NA,Terrestrial Insects,64,Order,Diptera,Diptera,Larvae,0,0,0,NA,NA,2,SAMP,NA,NA,NA,NA,NA,NA,2   NA   NA   NA,SAMP   NA   NA   NA
STTD_2019-04-15 11:06:00,4/15/2019 11:06,STTD,2019,W,TRUE,CLD,Overtopping,1,NA,0.21,NA,NA,7.78,13.16,39.9,5,Regular,790000,807200,17200,17200,52.83129591,52.83129591,1,"a lot of debris stuck in cod end, cut down set time due to current and debris",NA,Terrestrial Insects,64,Order,Diptera,Diptera,Pupae,2,0.038,0.038,NA,NA,2,SAMP,NA,NA,NA,NA,NA,NA,2   NA   NA   NA,SAMP   NA   NA   NA
STTD_2019-04-15 11:06:00,4/15/2019 11:06,STTD,2019,W,TRUE,CLD,Overtopping,1,NA,0.21,NA,NA,7.78,13.16,39.9,5,Regular,790000,807200,17200,17200,52.83129591,52.83129591,1,"a lot of debris stuck in cod end, cut down set time due to current and debris",NA,Terrestrial Insects,64,Order,Diptera,Diptera,Nymphs,0,0,0,NA,NA,2,SAMP,NA,NA,NA,NA,NA,NA,2   NA   NA   NA,SAMP   NA   NA   NA
STTD_2019-04-15 11:06:00,4/15/2019 11:06,STTD,2019,W,TRUE,CLD,Overtopping,1,NA,0.21,NA,NA,7.78,13.16,39.9,5,Regular,790000,807200,17200,17200,52.83129591,52.83129591,1,"a lot of debris stuck in cod end, cut down set time due to current and debris",NA,Terrestrial Insects,64,Order,Diptera,Diptera,Emergents,0,0,0,NA,NA,2,SAMP,NA,NA,NA,NA,NA,NA,2   NA   NA   NA,SAMP   NA   NA   NA
STTD_2019-04-15 11:06:00,4/15/2019 11:06,STTD,2019,W,TRUE,CLD,Overtopping,1,NA,0.21,NA,NA,7.78,13.16,39.9,5,Regular,790000,807200,17200,17200,52.83129591,52.83129591,1,"a lot of debris stuck in cod end, cut down set time due to current and debris",NA,Terrestrial Insects,64,Order,Diptera,Diptera,Adults,0,0,0,NA,NA,2,SAMP,NA,NA,NA,NA,NA,NA,2   NA   NA   NA,SAMP   NA   NA   NA
STTD_2019-04-15 11:06:00,4/15/2019 11:06,STTD,2019,W,TRUE,CLD,Overtopping,1,NA,0.21,NA,NA,7.78,13.16,39.9,5,Regular,790000,807200,17200,17200,52.83129591,52.83129591,1,"a lot of debris stuck in cod end, cut down set time due to current and debris",NA,Terrestrial Insects,64,Order,Diptera,Diptera,NotDetermined,0,0,0,NA,NA,2,SAMP,NA,NA,NA,NA,NA,NA,2   NA   NA   NA,SAMP   NA   NA   NA
STTD_2020-02-10 10:24:00,2/10/2020 10:24,STTD,2020,D,FALSE,CLR,Ebb,1,9.5,0.21,513,729,7.84,10.5,24.5,10,Low,636217,640000,3783,3783,24.88879045,24.88879045,1,NA,NA,Aquatic Non-Insect,NA,NA,Actinopterygii,NA,NA,1,0.04,0.04,NA,NA,NA,NA,NA,NA,NA,NA,NA,NA,NA   NA   NA   NA,NA   NA   NA   NA
STTD_2020-02-10 10:24:00,2/10/2020 10:24,STTD,2020,D,FALSE,CLR,Ebb,1,9.5,0.21,513,729,7.84,10.5,24.5,10,Low,636217,640000,3783,3783,24.88879045,24.88879045,1,NA,NA,Aquatic Insect,NA,NA,Chironomidae,NA,Adults,8,0.321,0.321,NA,NA,NA,NA,NA,NA,NA,NA,NA,NA,NA   NA   NA   NA,NA   NA   NA   NA
SHR_2020-02-11 09:25:00,2/11/2020 9:25,SHR,2020,D,FALSE,CLR,Ebb,1,9.7,0.5,153,216,7.63,10.91,13.1,10,Low,630105,636100,5995,5995,39.4417919,39.4417919,1,NA,NA,Terrestrial Non-Insect,NA,NA,Araneae,NA,NA,1,0.025,0.025,NA,NA,NA,NA,NA,NA,NA,NA,NA,NA,NA   NA   NA   NA,NA   NA   NA   NA
SHR_2020-02-11 09:25:00,2/11/2020 9:25,SHR,2020,D,FALSE,CLR,Ebb,1,9.7,0.5,153,216,7.63,10.91,13.1,10,Low,630105,636100,5995,5995,39.4417919,39.4417919,1,NA,NA,Aquatic Insect,NA,NA,Chironomidae,NA,Adults,9,0.228,0.228,NA,NA,NA,NA,NA,NA,NA,NA,NA,NA,NA   NA   NA   NA,NA   NA   NA   NA
SHR_2020-02-11 09:25:00,2/11/2020 9:25,SHR,2020,D,FALSE,CLR,Ebb,1,9.7,0.5,153,216,7.63,10.91,13.1,10,Low,630105,636100,5995,5995,39.4417919,39.4417919,1,NA,NA,Aquatic Insect,NA,NA,Chironomidae,NA,Pupae,1,0.025,0.025,NA,NA,NA,NA,NA,NA,NA,NA,NA,NA,NA   NA   NA   NA,NA   NA   NA   NA
SHR_2020-02-11 09:25:00,2/11/2020 9:25,SHR,2020,D,FALSE,CLR,Ebb,1,9.7,0.5,153,216,7.63,10.91,13.1,10,Low,630105,636100,5995,5995,39.4417919,39.4417919,1,NA,NA,Aquatic Insect,NA,NA,Corixidae,NA,Nymphs,1,0.025,0.025,NA,NA,NA,NA,NA,NA,NA,NA,NA,NA,NA   NA   NA   NA,NA   NA   NA   NA
SHR_2020-02-11 09:25:00,2/11/2020 9:25,SHR,2020,D,FALSE,CLR,Ebb,1,9.7,0.5,153,216,7.63,10.91,13.1,10,Low,630105,636100,5995,5995,39.4417919,39.4417919,1,NA,NA,Terrestrial Insect,NA,NA,Diptera,NA,Adults,3,0.076,0.076,NA,NA,NA,NA,NA,NA,NA,NA,NA,NA,NA   NA   NA   NA,NA   NA   NA   NA
SHR_2020-02-11 09:25:00,2/11/2020 9:25,SHR,2020,D,FALSE,CLR,Ebb,1,9.7,0.5,153,216,7.63,10.91,13.1,10,Low,630105,636100,5995,5995,39.4417919,39.4417919,1,NA,NA,Terrestrial Insect,NA,NA,Hemiptera,NA,Adults,1,0.025,0.025,NA,NA,NA,NA,NA,NA,NA,NA,NA,NA,NA   NA   NA   NA,NA   NA   NA   NA
SHR_2020-02-11 09:25:00,2/11/2020 9:25,SHR,2020,D,FALSE,CLR,Ebb,1,9.7,0.5,153,216,7.63,10.91,13.1,10,Low,630105,636100,5995,5995,39.4417919,39.4417919,1,NA,NA,Aquatic Non-Insect,NA,NA,Hydridae,NA,NA,2,0.051,0.051,NA,NA,NA,NA,NA,NA,NA,NA,NA,NA,NA   NA   NA   NA,NA   NA   NA   NA
SHR_2020-02-11 09:25:00,2/11/2020 9:25,SHR,2020,D,FALSE,CLR,Ebb,1,9.7,0.5,153,216,7.63,10.91,13.1,10,Low,630105,636100,5995,5995,39.4417919,39.4417919,1,NA,NA,Aquatic Non-Insect,NA,NA,Ostracoda,NA,NA,3,0.076,0.076,NA,NA,NA,NA,NA,NA,NA,NA,NA,NA,NA   NA   NA   NA,NA   NA   NA   NA
SHR_2020-02-11 09:25:00,2/11/2020 9:25,SHR,2020,D,FALSE,CLR,Ebb,1,9.7,0.5,153,216,7.63,10.91,13.1,10,Low,630105,636100,5995,5995,39.4417919,39.4417919,1,NA,NA,Unknown,NA,NA,Phoridae,NA,Adults,1,0.025,0.025,NA,NA,NA,NA,NA,NA,NA,NA,NA,NA,NA   NA   NA   NA,NA   NA   NA   NA
SHR_2020-02-11 09:25:00,2/11/2020 9:25,SHR,2020,D,FALSE,CLR,Ebb,1,9.7,0.5,153,216,7.63,10.91,13.1,10,Low,630105,636100,5995,5995,39.4417919,39.4417919,1,NA,NA,Aquatic Non-Insect,NA,NA,Planorbidae,NA,NA,1,0.025,0.025,NA,NA,NA,NA,NA,NA,NA,NA,NA,NA,NA   NA   NA   NA,NA   NA   NA   NA
SHR_2020-02-11 09:25:00,2/11/2020 9:25,SHR,2020,D,FALSE,CLR,Ebb,1,9.7,0.5,153,216,7.63,10.91,13.1,10,Low,630105,636100,5995,5995,39.4417919,39.4417919,1,NA,NA,Terrestrial Insect,NA,NA,Psocoptera,NA,Adults,1,0.025,0.025,NA,NA,NA,NA,NA,NA,NA,NA,NA,NA,NA   NA   NA   NA,NA   NA   NA   NA
STTD_2020-02-24 09:47:00,2/24/2020 9:47,STTD,2020,D,FALSE,CLR,Ebb,1,13.2,0.42,638,824,7.96,9.41,17.1,10,Low,626383,630000,3617,3617,23.79665743,23.79665743,1,NA,NA,Terrestrial Non-Insect,NA,NA,Araneae,NA,NA,1,0.042,0.042,NA,NA,NA,NA,NA,NA,NA,NA,NA,NA,NA   NA   NA   NA,NA   NA   NA   NA
STTD_2020-02-24 09:47:00,2/24/2020 9:47,STTD,2020,D,FALSE,CLR,Ebb,1,13.2,0.42,638,824,7.96,9.41,17.1,10,Low,626383,630000,3617,3617,23.79665743,23.79665743,1,NA,NA,Aquatic Insect,NA,NA,Chironomidae,NA,Adults,8,0.336,0.336,NA,NA,NA,NA,NA,NA,NA,NA,NA,NA,NA   NA   NA   NA,NA   NA   NA   NA
STTD_2020-02-24 09:47:00,2/24/2020 9:47,STTD,2020,D,FALSE,CLR,Ebb,1,13.2,0.42,638,824,7.96,9.41,17.1,10,Low,626383,630000,3617,3617,23.79665743,23.79665743,1,NA,NA,Aquatic Non-Insect,NA,NA,Corbiculidae,NA,NA,1,0.042,0.042,NA,NA,NA,NA,NA,NA,NA,NA,NA,NA,NA   NA   NA   NA,NA   NA   NA   NA
STTD_2020-02-24 09:47:00,2/24/2020 9:47,STTD,2020,D,FALSE,CLR,Ebb,1,13.2,0.42,638,824,7.96,9.41,17.1,10,Low,626383,630000,3617,3617,23.79665743,23.79665743,1,NA,NA,Terrestrial Non-Insect,NA,NA,Diptera,NA,Adults,2,0.084,0.084,NA,NA,NA,NA,NA,NA,NA,NA,NA,NA,NA   NA   NA   NA,NA   NA   NA   NA
STTD_2020-02-24 09:47:00,2/24/2020 9:47,STTD,2020,D,FALSE,CLR,Ebb,1,13.2,0.42,638,824,7.96,9.41,17.1,10,Low,626383,630000,3617,3617,23.79665743,23.79665743,1,NA,NA,Terrestrial Non-Insect,NA,NA,Hemiptera,NA,Adults,1,0.042,0.042,NA,NA,NA,NA,NA,NA,NA,NA,NA,NA,NA   NA   NA   NA,NA   NA   NA   NA
STTD_2020-02-24 09:47:00,2/24/2020 9:47,STTD,2020,D,FALSE,CLR,Ebb,1,13.2,0.42,638,824,7.96,9.41,17.1,10,Low,626383,630000,3617,3617,23.79665743,23.79665743,1,NA,NA,Aquatic Non-Insect,NA,NA,Hydridae,NA,NA,7,0.294,0.294,NA,NA,NA,NA,NA,NA,NA,NA,NA,NA,NA   NA   NA   NA,NA   NA   NA   NA
STTD_2020-02-24 09:47:00,2/24/2020 9:47,STTD,2020,D,FALSE,CLR,Ebb,1,13.2,0.42,638,824,7.96,9.41,17.1,10,Low,626383,630000,3617,3617,23.79665743,23.79665743,1,NA,NA,Aquatic Non-Insect,NA,NA,Murchisonellidae,NA,NA,1,0.042,0.042,NA,NA,NA,NA,NA,NA,NA,NA,NA,NA,NA   NA   NA   NA,NA   NA   NA   NA
STTD_2020-02-24 09:47:00,2/24/2020 9:47,STTD,2020,D,FALSE,CLR,Ebb,1,13.2,0.42,638,824,7.96,9.41,17.1,10,Low,626383,630000,3617,3617,23.79665743,23.79665743,1,NA,NA,Aquatic Non-Insect,NA,NA,Naididae,NA,NA,2,0.084,0.084,NA,NA,NA,NA,NA,NA,NA,NA,NA,NA,NA   NA   NA   NA,NA   NA   NA   NA
SHR_2020-02-25 09:22:00,2/25/2020 9:22,SHR,2020,D,FALSE,CLR,high,1,12.2,0.95,126,167,7.73,10.56,9.1,10,Low,620840,626350,5510,5510,36.25092133,36.25092133,1,NA,NA,Aquatic Insect,NA,NA,Ceratopogonidae,NA,Pupae,1,0.028,0.028,NA,NA,NA,NA,NA,NA,NA,NA,NA,NA,NA   NA   NA   NA,NA   NA   NA   NA
SHR_2020-02-25 09:22:00,2/25/2020 9:22,SHR,2020,D,FALSE,CLR,high,1,12.2,0.95,126,167,7.73,10.56,9.1,10,Low,620840,626350,5510,5510,36.25092133,36.25092133,1,NA,NA,Aquatic Insect,NA,NA,Chironomidae,NA,Adults,14,0.386,0.386,NA,NA,NA,NA,NA,NA,NA,NA,NA,NA,NA   NA   NA   NA,NA   NA   NA   NA
SHR_2020-02-25 09:22:00,2/25/2020 9:22,SHR,2020,D,FALSE,CLR,high,1,12.2,0.95,126,167,7.73,10.56,9.1,10,Low,620840,626350,5510,5510,36.25092133,36.25092133,1,NA,NA,Aquatic Insect,NA,NA,Chironomidae,NA,Larvae,9,0.248,0.248,NA,NA,NA,NA,NA,NA,NA,NA,NA,NA,NA   NA   NA   NA,NA   NA   NA   NA
SHR_2020-02-25 09:22:00,2/25/2020 9:22,SHR,2020,D,FALSE,CLR,high,1,12.2,0.95,126,167,7.73,10.56,9.1,10,Low,620840,626350,5510,5510,36.25092133,36.25092133,1,NA,NA,Aquatic Insect,NA,NA,Chironomidae,NA,Pupae,1,0.028,0.028,NA,NA,NA,NA,NA,NA,NA,NA,NA,NA,NA   NA   NA   NA,NA   NA   NA   NA
SHR_2020-02-25 09:22:00,2/25/2020 9:22,SHR,2020,D,FALSE,CLR,high,1,12.2,0.95,126,167,7.73,10.56,9.1,10,Low,620840,626350,5510,5510,36.25092133,36.25092133,1,NA,NA,Terrestrial Non-Insect,NA,NA,Collembola,NA,Adults,3,0.083,0.083,NA,NA,NA,NA,NA,NA,NA,NA,NA,NA,NA   NA   NA   NA,NA   NA   NA   NA
SHR_2020-02-25 09:22:00,2/25/2020 9:22,SHR,2020,D,FALSE,CLR,high,1,12.2,0.95,126,167,7.73,10.56,9.1,10,Low,620840,626350,5510,5510,36.25092133,36.25092133,1,NA,NA,Terrestrial Insect,NA,NA,Hemiptera,NA,Adults,1,0.028,0.028,NA,NA,NA,NA,NA,NA,NA,NA,NA,NA,NA   NA   NA   NA,NA   NA   NA   NA
SHR_2020-02-25 09:22:00,2/25/2020 9:22,SHR,2020,D,FALSE,CLR,high,1,12.2,0.95,126,167,7.73,10.56,9.1,10,Low,620840,626350,5510,5510,36.25092133,36.25092133,1,NA,NA,Aquatic Non-Insect,NA,NA,Hydridae,NA,NA,8,0.221,0.221,NA,NA,NA,NA,NA,NA,NA,NA,NA,NA,NA   NA   NA   NA,NA   NA   NA   NA
SHR_2020-02-25 09:22:00,2/25/2020 9:22,SHR,2020,D,FALSE,CLR,high,1,12.2,0.95,126,167,7.73,10.56,9.1,10,Low,620840,626350,5510,5510,36.25092133,36.25092133,1,NA,NA,Terrestrial Insect,NA,NA,Hymenoptera,NA,Adults,4,0.11,0.11,NA,NA,NA,NA,NA,NA,NA,NA,NA,NA,NA   NA   NA   NA,NA   NA   NA   NA
SHR_2020-02-25 09:22:00,2/25/2020 9:22,SHR,2020,D,FALSE,CLR,high,1,12.2,0.95,126,167,7.73,10.56,9.1,10,Low,620840,626350,5510,5510,36.25092133,36.25092133,1,NA,NA,Aquatic Non-Insect,NA,NA,Lebertiidae,NA,NA,2,0.055,0.055,NA,NA,NA,NA,NA,NA,NA,NA,NA,NA,NA   NA   NA   NA,NA   NA   NA   NA
SHR_2020-03-09 08:58:00,3/9/2020 8:58,SHR,2020,D,FALSE,CLR,Ebb,1,13.1,1.1,127,165,7.8,10.09,7.6,10,Low,615390,620800,5410,5410,35.59300987,35.59300987,1,NA,NA,Aquatic Insect,NA,NA,Ceratopogonidae,NA,Pupae,1,0.028,0.028,NA,NA,NA,NA,NA,NA,NA,NA,NA,NA,NA   NA   NA   NA,NA   NA   NA   NA
SHR_2020-03-09 08:58:00,3/9/2020 8:58,SHR,2020,D,FALSE,CLR,Ebb,1,13.1,1.1,127,165,7.8,10.09,7.6,10,Low,615390,620800,5410,5410,35.59300987,35.59300987,1,NA,NA,Aquatic Insect,NA,NA,Chironomidae,NA,Adults,18,0.506,0.506,NA,NA,NA,NA,NA,NA,NA,NA,NA,NA,NA   NA   NA   NA,NA   NA   NA   NA
SHR_2020-03-09 08:58:00,3/9/2020 8:58,SHR,2020,D,FALSE,CLR,Ebb,1,13.1,1.1,127,165,7.8,10.09,7.6,10,Low,615390,620800,5410,5410,35.59300987,35.59300987,1,NA,NA,Aquatic Insect,NA,NA,Chironomidae,NA,Larvae,7,0.197,0.197,NA,NA,NA,NA,NA,NA,NA,NA,NA,NA,NA   NA   NA   NA,NA   NA   NA   NA
SHR_2020-03-09 08:58:00,3/9/2020 8:58,SHR,2020,D,FALSE,CLR,Ebb,1,13.1,1.1,127,165,7.8,10.09,7.6,10,Low,615390,620800,5410,5410,35.59300987,35.59300987,1,NA,NA,Aquatic Insect,NA,NA,Chironomidae,NA,Pupae,4,0.112,0.112,NA,NA,NA,NA,NA,NA,NA,NA,NA,NA,NA   NA   NA   NA,NA   NA   NA   NA
SHR_2020-03-09 08:58:00,3/9/2020 8:58,SHR,2020,D,FALSE,CLR,Ebb,1,13.1,1.1,127,165,7.8,10.09,7.6,10,Low,615390,620800,5410,5410,35.59300987,35.59300987,1,NA,NA,Terrestrial Non-Insect,NA,NA,Collembola,NA,Adults,2,0.056,0.056,NA,NA,NA,NA,NA,NA,NA,NA,NA,NA,NA   NA   NA   NA,NA   NA   NA   NA
SHR_2020-03-09 08:58:00,3/9/2020 8:58,SHR,2020,D,FALSE,CLR,Ebb,1,13.1,1.1,127,165,7.8,10.09,7.6,10,Low,615390,620800,5410,5410,35.59300987,35.59300987,1,NA,NA,Aquatic Insect,NA,NA,Corixidae,NA,Nymphs,1,0.028,0.028,NA,NA,NA,NA,NA,NA,NA,NA,NA,NA,NA   NA   NA   NA,NA   NA   NA   NA
SHR_2020-03-09 08:58:00,3/9/2020 8:58,SHR,2020,D,FALSE,CLR,Ebb,1,13.1,1.1,127,165,7.8,10.09,7.6,10,Low,615390,620800,5410,5410,35.59300987,35.59300987,1,NA,NA,Aquatic Non-Insect,NA,NA,Crambidae,NA,Larvae,1,0.028,0.028,NA,NA,NA,NA,NA,NA,NA,NA,NA,NA,NA   NA   NA   NA,NA   NA   NA   NA
SHR_2020-03-09 08:58:00,3/9/2020 8:58,SHR,2020,D,FALSE,CLR,Ebb,1,13.1,1.1,127,165,7.8,10.09,7.6,10,Low,615390,620800,5410,5410,35.59300987,35.59300987,1,NA,NA,Terrestrial Insect,NA,NA,Diptera,NA,Adults,1,0.028,0.028,NA,NA,NA,NA,NA,NA,NA,NA,NA,NA,NA   NA   NA   NA,NA   NA   NA   NA
SHR_2020-03-09 08:58:00,3/9/2020 8:58,SHR,2020,D,FALSE,CLR,Ebb,1,13.1,1.1,127,165,7.8,10.09,7.6,10,Low,615390,620800,5410,5410,35.59300987,35.59300987,1,NA,NA,Aquatic Insect,NA,NA,Dytiscidae,NA,Adults,2,0.056,0.056,NA,NA,NA,NA,NA,NA,NA,NA,NA,NA,NA   NA   NA   NA,NA   NA   NA   NA
SHR_2020-03-09 08:58:00,3/9/2020 8:58,SHR,2020,D,FALSE,CLR,Ebb,1,13.1,1.1,127,165,7.8,10.09,7.6,10,Low,615390,620800,5410,5410,35.59300987,35.59300987,1,NA,NA,Terrestrial Insect,NA,NA,Hemiptera,NA,Adults,2,0.056,0.056,NA,NA,NA,NA,NA,NA,NA,NA,NA,NA,NA   NA   NA   NA,NA   NA   NA   NA
SHR_2020-03-09 08:58:00,3/9/2020 8:58,SHR,2020,D,FALSE,CLR,Ebb,1,13.1,1.1,127,165,7.8,10.09,7.6,10,Low,615390,620800,5410,5410,35.59300987,35.59300987,1,NA,NA,Terrestrial Insect,NA,NA,Hemiptera,NA,Nymphs,1,0.028,0.028,NA,NA,NA,NA,NA,NA,NA,NA,NA,NA,NA   NA   NA   NA,NA   NA   NA   NA
SHR_2020-03-09 08:58:00,3/9/2020 8:58,SHR,2020,D,FALSE,CLR,Ebb,1,13.1,1.1,127,165,7.8,10.09,7.6,10,Low,615390,620800,5410,5410,35.59300987,35.59300987,1,NA,NA,Aquatic Non-Insect,NA,NA,Hyalellidae,NA,NA,2,0.056,0.056,NA,NA,NA,NA,NA,NA,NA,NA,NA,NA,NA   NA   NA   NA,NA   NA   NA   NA
SHR_2020-03-09 08:58:00,3/9/2020 8:58,SHR,2020,D,FALSE,CLR,Ebb,1,13.1,1.1,127,165,7.8,10.09,7.6,10,Low,615390,620800,5410,5410,35.59300987,35.59300987,1,NA,NA,Aquatic Insect,NA,NA,Hydraenidae,NA,Adults,1,0.028,0.028,NA,NA,NA,NA,NA,NA,NA,NA,NA,NA,NA   NA   NA   NA,NA   NA   NA   NA
SHR_2020-03-09 08:58:00,3/9/2020 8:58,SHR,2020,D,FALSE,CLR,Ebb,1,13.1,1.1,127,165,7.8,10.09,7.6,10,Low,615390,620800,5410,5410,35.59300987,35.59300987,1,NA,NA,Terrestrial Insect,NA,NA,Hymenoptera,NA,Adults,7,0.197,0.197,NA,NA,NA,NA,NA,NA,NA,NA,NA,NA,NA   NA   NA   NA,NA   NA   NA   NA
SHR_2020-03-09 08:58:00,3/9/2020 8:58,SHR,2020,D,FALSE,CLR,Ebb,1,13.1,1.1,127,165,7.8,10.09,7.6,10,Low,615390,620800,5410,5410,35.59300987,35.59300987,1,NA,NA,Aquatic Non-Insect,NA,NA,Lebertiidae,NA,NA,2,0.056,0.056,NA,NA,NA,NA,NA,NA,NA,NA,NA,NA,NA   NA   NA   NA,NA   NA   NA   NA
SHR_2020-03-09 08:58:00,3/9/2020 8:58,SHR,2020,D,FALSE,CLR,Ebb,1,13.1,1.1,127,165,7.8,10.09,7.6,10,Low,615390,620800,5410,5410,35.59300987,35.59300987,1,NA,NA,Aquatic Non-Insect,NA,NA,Naididae,NA,NA,1,0.028,0.028,NA,NA,NA,NA,NA,NA,NA,NA,NA,NA,NA   NA   NA   NA,NA   NA   NA   NA
SHR_2020-03-09 08:58:00,3/9/2020 8:58,SHR,2020,D,FALSE,CLR,Ebb,1,13.1,1.1,127,165,7.8,10.09,7.6,10,Low,615390,620800,5410,5410,35.59300987,35.59300987,1,NA,NA,Aquatic Non-Insect,NA,NA,Planorbidae,NA,NA,1,0.028,0.028,NA,NA,NA,NA,NA,NA,NA,NA,NA,NA,NA   NA   NA   NA,NA   NA   NA   NA
SHR_2020-03-09 08:58:00,3/9/2020 8:58,SHR,2020,D,FALSE,CLR,Ebb,1,13.1,1.1,127,165,7.8,10.09,7.6,10,Low,615390,620800,5410,5410,35.59300987,35.59300987,1,NA,NA,Terrestrial Insect,NA,NA,Psocoptera,NA,Adults,1,0.028,0.028,NA,NA,NA,NA,NA,NA,NA,NA,NA,NA,NA   NA   NA   NA,NA   NA   NA   NA
SHR_2020-03-09 08:58:00,3/9/2020 8:58,SHR,2020,D,FALSE,CLR,Ebb,1,13.1,1.1,127,165,7.8,10.09,7.6,10,Low,615390,620800,5410,5410,35.59300987,35.59300987,1,NA,NA,Unknown,NA,NA,Psychodidae,NA,Adults,1,0.028,0.028,NA,NA,NA,NA,NA,NA,NA,NA,NA,NA,NA   NA   NA   NA,NA   NA   NA   NA
SHR_2020-03-09 08:58:00,3/9/2020 8:58,SHR,2020,D,FALSE,CLR,Ebb,1,13.1,1.1,127,165,7.8,10.09,7.6,10,Low,615390,620800,5410,5410,35.59300987,35.59300987,1,NA,NA,Aquatic Non-Insect,NA,NA,Sperchontidae,NA,NA,1,0.028,0.028,NA,NA,NA,NA,NA,NA,NA,NA,NA,NA,NA   NA   NA   NA,NA   NA   NA   NA
STTD_2020-03-10 09:51:00,3/10/2020 9:51,STTD,2020,D,FALSE,CLR,Ebb,1,13.8,0.35,693,881,7.62,9.09,18.4,10,Low,612033,616000,3967,3967,26.09934754,26.09934754,1,NA,NA,Aquatic Insect,NA,NA,Caenidae,NA,Larvae,1,0.038,0.038,NA,NA,NA,NA,1,LAB,NA,NA,NA,NA,NA   1   NA   NA,NA   LAB   NA   NA
STTD_2020-03-10 09:51:00,3/10/2020 9:51,STTD,2020,D,FALSE,CLR,Ebb,1,13.8,0.35,693,881,7.62,9.09,18.4,10,Low,612033,616000,3967,3967,26.09934754,26.09934754,1,NA,NA,Aquatic Insect,NA,NA,Ceratopogonidae,NA,Pupae,2,0.077,0.077,NA,NA,NA,NA,1,LAB,NA,NA,NA,NA,NA   1   NA   NA,NA   LAB   NA   NA
STTD_2020-03-10 09:51:00,3/10/2020 9:51,STTD,2020,D,FALSE,CLR,Ebb,1,13.8,0.35,693,881,7.62,9.09,18.4,10,Low,612033,616000,3967,3967,26.09934754,26.09934754,1,NA,NA,Aquatic Insect,NA,NA,Chironomidae,NA,Adults,11,0.421,0.421,NA,NA,NA,NA,1,LAB,NA,NA,NA,NA,NA   1   NA   NA,NA   LAB   NA   NA
STTD_2020-03-10 09:51:00,3/10/2020 9:51,STTD,2020,D,FALSE,CLR,Ebb,1,13.8,0.35,693,881,7.62,9.09,18.4,10,Low,612033,616000,3967,3967,26.09934754,26.09934754,1,NA,NA,Aquatic Insect,NA,NA,Chironomidae,NA,Larvae,4,0.153,0.153,NA,NA,NA,NA,1,LAB,NA,NA,NA,NA,NA   1   NA   NA,NA   LAB   NA   NA
STTD_2020-03-10 09:51:00,3/10/2020 9:51,STTD,2020,D,FALSE,CLR,Ebb,1,13.8,0.35,693,881,7.62,9.09,18.4,10,Low,612033,616000,3967,3967,26.09934754,26.09934754,1,NA,NA,Terrestrial Insect,NA,NA,Coleoptera,NA,Adults,2,0.077,0.077,NA,NA,NA,NA,1,LAB,NA,NA,NA,NA,NA   1   NA   NA,NA   LAB   NA   NA
STTD_2020-03-10 09:51:00,3/10/2020 9:51,STTD,2020,D,FALSE,CLR,Ebb,1,13.8,0.35,693,881,7.62,9.09,18.4,10,Low,612033,616000,3967,3967,26.09934754,26.09934754,1,NA,NA,Aquatic Non-Insect,NA,NA,Corbiculidae,NA,NA,2,0.077,0.077,NA,NA,NA,NA,1,LAB,NA,NA,NA,NA,NA   1   NA   NA,NA   LAB   NA   NA
STTD_2020-03-10 09:51:00,3/10/2020 9:51,STTD,2020,D,FALSE,CLR,Ebb,1,13.8,0.35,693,881,7.62,9.09,18.4,10,Low,612033,616000,3967,3967,26.09934754,26.09934754,1,NA,NA,Aquatic Insect,NA,NA,Gomphidae,NA,Larvae,1,0.038,0.038,NA,NA,NA,NA,1,LAB,NA,NA,NA,NA,NA   1   NA   NA,NA   LAB   NA   NA
STTD_2020-03-10 09:51:00,3/10/2020 9:51,STTD,2020,D,FALSE,CLR,Ebb,1,13.8,0.35,693,881,7.62,9.09,18.4,10,Low,612033,616000,3967,3967,26.09934754,26.09934754,1,NA,NA,Terrestrial Insect,NA,NA,Hemiptera,NA,Adults,1,0.038,0.038,NA,NA,NA,NA,1,LAB,NA,NA,NA,NA,NA   1   NA   NA,NA   LAB   NA   NA
STTD_2020-03-10 09:51:00,3/10/2020 9:51,STTD,2020,D,FALSE,CLR,Ebb,1,13.8,0.35,693,881,7.62,9.09,18.4,10,Low,612033,616000,3967,3967,26.09934754,26.09934754,1,NA,NA,Aquatic Non-Insect,NA,NA,Hydridae,NA,NA,3,0.115,0.115,NA,NA,NA,NA,1,LAB,NA,NA,NA,NA,NA   1   NA   NA,NA   LAB   NA   NA
STTD_2020-03-10 09:51:00,3/10/2020 9:51,STTD,2020,D,FALSE,CLR,Ebb,1,13.8,0.35,693,881,7.62,9.09,18.4,10,Low,612033,616000,3967,3967,26.09934754,26.09934754,1,NA,NA,Aquatic Insect,NA,NA,Hydroptilidae,NA,Adults,1,0.038,0.038,NA,NA,NA,NA,1,LAB,NA,NA,NA,NA,NA   1   NA   NA,NA   LAB   NA   NA
STTD_2020-03-10 09:51:00,3/10/2020 9:51,STTD,2020,D,FALSE,CLR,Ebb,1,13.8,0.35,693,881,7.62,9.09,18.4,10,Low,612033,616000,3967,3967,26.09934754,26.09934754,1,NA,NA,Aquatic Insect,NA,NA,Hydroptilidae,NA,Larvae,2,0.077,0.077,NA,NA,NA,NA,1,LAB,NA,NA,NA,NA,NA   1   NA   NA,NA   LAB   NA   NA
STTD_2020-03-10 09:51:00,3/10/2020 9:51,STTD,2020,D,FALSE,CLR,Ebb,1,13.8,0.35,693,881,7.62,9.09,18.4,10,Low,612033,616000,3967,3967,26.09934754,26.09934754,1,NA,NA,Terrestrial Insect,NA,NA,Hymenoptera,NA,Adults,1,0.038,0.038,NA,NA,NA,NA,1,LAB,NA,NA,NA,NA,NA   1   NA   NA,NA   LAB   NA   NA
STTD_2020-03-10 09:51:00,3/10/2020 9:51,STTD,2020,D,FALSE,CLR,Ebb,1,13.8,0.35,693,881,7.62,9.09,18.4,10,Low,612033,616000,3967,3967,26.09934754,26.09934754,1,NA,#2,Aquatic Non-Insect,NA,NA,Naididae,NA,NA,3,0.115,0.115,NA,NA,NA,NA,1,LAB,NA,NA,NA,NA,NA   1   NA   NA,NA   LAB   NA   NA
SHR_2020-11-16 10:25:00,11/16/2020 10:25,SHR,2021,D,FALSE,CLD,Ebb,1,11.4,3,105,142,7.48,10.43,3.4,10,Low,605999,611900,5901,5901,38.82335513,38.82335513,1,NA,NA,Terrestrial Insect,NA,NA,Andrenidae,NA,Adults,1,0.026,0.026,NA,NA,NA,NA,NA,NA,NA,NA,NA,NA,NA   NA   NA   NA,NA   NA   NA   NA
SHR_2020-11-16 10:25:00,11/16/2020 10:25,SHR,2021,D,FALSE,CLD,Ebb,1,11.4,3,105,142,7.48,10.43,3.4,10,Low,605999,611900,5901,5901,38.82335513,38.82335513,1,NA,NA,Terrestrial Insect,NA,NA,Aphididae,NA,Adults,41,1.056,1.056,NA,NA,NA,NA,NA,NA,NA,NA,NA,NA,NA   NA   NA   NA,NA   NA   NA   NA
SHR_2020-11-16 10:25:00,11/16/2020 10:25,SHR,2021,D,FALSE,CLD,Ebb,1,11.4,3,105,142,7.48,10.43,3.4,10,Low,605999,611900,5901,5901,38.82335513,38.82335513,1,NA,NA,Terrestrial Insect,NA,NA,Aphididae,NA,Larvae,5,0.129,0.129,NA,NA,NA,NA,NA,NA,NA,NA,NA,NA,NA   NA   NA   NA,NA   NA   NA   NA
SHR_2020-11-16 10:25:00,11/16/2020 10:25,SHR,2021,D,FALSE,CLD,Ebb,1,11.4,3,105,142,7.48,10.43,3.4,10,Low,605999,611900,5901,5901,38.82335513,38.82335513,1,NA,NA,Terrestrial Insect,NA,NA,Braconidae,NA,Adults,1,0.026,0.026,NA,NA,NA,NA,NA,NA,NA,NA,NA,NA,NA   NA   NA   NA,NA   NA   NA   NA
SHR_2020-11-16 10:25:00,11/16/2020 10:25,SHR,2021,D,FALSE,CLD,Ebb,1,11.4,3,105,142,7.48,10.43,3.4,10,Low,605999,611900,5901,5901,38.82335513,38.82335513,1,NA,NA,Terrestrial Insect,NA,NA,Cecidomyiidae,NA,Adults,1,0.026,0.026,NA,NA,NA,NA,NA,NA,NA,NA,NA,NA,NA   NA   NA   NA,NA   NA   NA   NA
SHR_2020-11-16 10:25:00,11/16/2020 10:25,SHR,2021,D,FALSE,CLD,Ebb,1,11.4,3,105,142,7.48,10.43,3.4,10,Low,605999,611900,5901,5901,38.82335513,38.82335513,1,NA,NA,Terrestrial Insect,NA,NA,Chalcidoidea,NA,Adults,1,0.026,0.026,NA,NA,NA,NA,NA,NA,NA,NA,NA,NA,NA   NA   NA   NA,NA   NA   NA   NA
SHR_2020-11-16 10:25:00,11/16/2020 10:25,SHR,2021,D,FALSE,CLD,Ebb,1,11.4,3,105,142,7.48,10.43,3.4,10,Low,605999,611900,5901,5901,38.82335513,38.82335513,1,NA,NA,Aquatic Insect,NA,NA,Chironomidae,NA,Adults,46,1.185,1.185,NA,NA,NA,NA,NA,NA,NA,NA,NA,NA,NA   NA   NA   NA,NA   NA   NA   NA
SHR_2020-11-16 10:25:00,11/16/2020 10:25,SHR,2021,D,FALSE,CLD,Ebb,1,11.4,3,105,142,7.48,10.43,3.4,10,Low,605999,611900,5901,5901,38.82335513,38.82335513,1,NA,NA,Aquatic Insect,NA,NA,Chironomidae,NA,Pupae,6,0.155,0.155,NA,NA,NA,NA,NA,NA,NA,NA,NA,NA,NA   NA   NA   NA,NA   NA   NA   NA
SHR_2020-11-16 10:25:00,11/16/2020 10:25,SHR,2021,D,FALSE,CLD,Ebb,1,11.4,3,105,142,7.48,10.43,3.4,10,Low,605999,611900,5901,5901,38.82335513,38.82335513,1,NA,NA,Terrestrial Insect,NA,NA,Cicadellidae,NA,Adults,5,0.129,0.129,NA,NA,NA,NA,NA,NA,NA,NA,NA,NA,NA   NA   NA   NA,NA   NA   NA   NA
SHR_2020-11-16 10:25:00,11/16/2020 10:25,SHR,2021,D,FALSE,CLD,Ebb,1,11.4,3,105,142,7.48,10.43,3.4,10,Low,605999,611900,5901,5901,38.82335513,38.82335513,1,NA,NA,Terrestrial Insect,NA,NA,Curculionidae,NA,Adults,1,0.026,0.026,NA,NA,NA,NA,NA,NA,NA,NA,NA,NA,NA   NA   NA   NA,NA   NA   NA   NA
SHR_2020-11-16 10:25:00,11/16/2020 10:25,SHR,2021,D,FALSE,CLD,Ebb,1,11.4,3,105,142,7.48,10.43,3.4,10,Low,605999,611900,5901,5901,38.82335513,38.82335513,1,NA,NA,Aquatic Insect,NA,NA,Dytiscidae,NA,Adults,2,0.052,0.052,NA,NA,NA,NA,NA,NA,NA,NA,NA,NA,NA   NA   NA   NA,NA   NA   NA   NA
SHR_2020-11-16 10:25:00,11/16/2020 10:25,SHR,2021,D,FALSE,CLD,Ebb,1,11.4,3,105,142,7.48,10.43,3.4,10,Low,605999,611900,5901,5901,38.82335513,38.82335513,1,NA,NA,Aquatic Insect,NA,NA,Empididae,NA,Adults,1,0.026,0.026,NA,NA,NA,NA,NA,NA,NA,NA,NA,NA,NA   NA   NA   NA,NA   NA   NA   NA
SHR_2020-11-16 10:25:00,11/16/2020 10:25,SHR,2021,D,FALSE,CLD,Ebb,1,11.4,3,105,142,7.48,10.43,3.4,10,Low,605999,611900,5901,5901,38.82335513,38.82335513,1,NA,NA,Aquatic Insect,NA,NA,Ephemeroptera,NA,Adults,1,0.026,0.026,NA,NA,NA,NA,NA,NA,NA,NA,NA,NA,NA   NA   NA   NA,NA   NA   NA   NA
SHR_2020-11-16 10:25:00,11/16/2020 10:25,SHR,2021,D,FALSE,CLD,Ebb,1,11.4,3,105,142,7.48,10.43,3.4,10,Low,605999,611900,5901,5901,38.82335513,38.82335513,1,NA,NA,Terrestrial Insect,NA,NA,Formicidae,NA,Adults,1,0.026,0.026,NA,NA,NA,NA,NA,NA,NA,NA,NA,NA,NA   NA   NA   NA,NA   NA   NA   NA
SHR_2020-11-16 10:25:00,11/16/2020 10:25,SHR,2021,D,FALSE,CLD,Ebb,1,11.4,3,105,142,7.48,10.43,3.4,10,Low,605999,611900,5901,5901,38.82335513,38.82335513,1,NA,NA,Aquatic Non-Insect,NA,NA,Gastropoda,NA,NA,1,0.026,0.026,NA,NA,NA,NA,NA,NA,NA,NA,NA,NA,NA   NA   NA   NA,NA   NA   NA   NA
SHR_2020-11-16 10:25:00,11/16/2020 10:25,SHR,2021,D,FALSE,CLD,Ebb,1,11.4,3,105,142,7.48,10.43,3.4,10,Low,605999,611900,5901,5901,38.82335513,38.82335513,1,NA,NA,Aquatic Non-Insect,NA,NA,Hyalellidae,NA,NA,1,0.026,0.026,NA,NA,NA,NA,NA,NA,NA,NA,NA,NA,NA   NA   NA   NA,NA   NA   NA   NA
SHR_2020-11-16 10:25:00,11/16/2020 10:25,SHR,2021,D,FALSE,CLD,Ebb,1,11.4,3,105,142,7.48,10.43,3.4,10,Low,605999,611900,5901,5901,38.82335513,38.82335513,1,NA,NA,Aquatic Insect,NA,NA,Hydraenidae,NA,Adults,1,0.026,0.026,NA,NA,NA,NA,NA,NA,NA,NA,NA,NA,NA   NA   NA   NA,NA   NA   NA   NA
SHR_2020-11-16 10:25:00,11/16/2020 10:25,SHR,2021,D,FALSE,CLD,Ebb,1,11.4,3,105,142,7.48,10.43,3.4,10,Low,605999,611900,5901,5901,38.82335513,38.82335513,1,NA,NA,Aquatic Non-Insect,NA,NA,Lebertiidae,NA,NA,1,0.026,0.026,NA,NA,NA,NA,NA,NA,NA,NA,NA,NA,NA   NA   NA   NA,NA   NA   NA   NA
SHR_2020-11-16 10:25:00,11/16/2020 10:25,SHR,2021,D,FALSE,CLD,Ebb,1,11.4,3,105,142,7.48,10.43,3.4,10,Low,605999,611900,5901,5901,38.82335513,38.82335513,1,NA,NA,Terrestrial Insect,NA,NA,Lygaeidae,NA,Adults,1,0.026,0.026,NA,NA,NA,NA,NA,NA,NA,NA,NA,NA,NA   NA   NA   NA,NA   NA   NA   NA
SHR_2020-11-16 10:25:00,11/16/2020 10:25,SHR,2021,D,FALSE,CLD,Ebb,1,11.4,3,105,142,7.48,10.43,3.4,10,Low,605999,611900,5901,5901,38.82335513,38.82335513,1,NA,NA,Aquatic Non-Insect,NA,NA,Naididae,NA,NA,1,0.026,0.026,NA,NA,NA,NA,NA,NA,NA,NA,NA,NA,NA   NA   NA   NA,NA   NA   NA   NA
SHR_2020-11-16 10:25:00,11/16/2020 10:25,SHR,2021,D,FALSE,CLD,Ebb,1,11.4,3,105,142,7.48,10.43,3.4,10,Low,605999,611900,5901,5901,38.82335513,38.82335513,1,NA,NA,Terrestrial Insect,NA,NA,Phlaeothripidae,NA,Adults,1,0.026,0.026,NA,NA,NA,NA,NA,NA,NA,NA,NA,NA,NA   NA   NA   NA,NA   NA   NA   NA
SHR_2020-11-16 10:25:00,11/16/2020 10:25,SHR,2021,D,FALSE,CLD,Ebb,1,11.4,3,105,142,7.48,10.43,3.4,10,Low,605999,611900,5901,5901,38.82335513,38.82335513,1,NA,NA,Terrestrial Insect,NA,NA,Poduridae,NA,Adults,1,0.026,0.026,NA,NA,NA,NA,NA,NA,NA,NA,NA,NA,NA   NA   NA   NA,NA   NA   NA   NA
SHR_2020-11-16 10:25:00,11/16/2020 10:25,SHR,2021,D,FALSE,CLD,Ebb,1,11.4,3,105,142,7.48,10.43,3.4,10,Low,605999,611900,5901,5901,38.82335513,38.82335513,1,NA,NA,Terrestrial Insect,NA,NA,Pteromalidae,NA,Adults,8,0.206,0.206,NA,NA,NA,NA,NA,NA,NA,NA,NA,NA,NA   NA   NA   NA,NA   NA   NA   NA
SHR_2020-11-16 10:25:00,11/16/2020 10:25,SHR,2021,D,FALSE,CLD,Ebb,1,11.4,3,105,142,7.48,10.43,3.4,10,Low,605999,611900,5901,5901,38.82335513,38.82335513,1,NA,NA,Terrestrial Insect,NA,NA,Ptiliidae,NA,Adults,1,0.026,0.026,NA,NA,NA,NA,NA,NA,NA,NA,NA,NA,NA   NA   NA   NA,NA   NA   NA   NA
SHR_2020-11-16 10:25:00,11/16/2020 10:25,SHR,2021,D,FALSE,CLD,Ebb,1,11.4,3,105,142,7.48,10.43,3.4,10,Low,605999,611900,5901,5901,38.82335513,38.82335513,1,NA,NA,Terrestrial Insect,NA,NA,Reduviidae,NA,Adults,1,0.026,0.026,NA,NA,NA,NA,NA,NA,NA,NA,NA,NA,NA   NA   NA   NA,NA   NA   NA   NA
SHR_2020-11-16 10:25:00,11/16/2020 10:25,SHR,2021,D,FALSE,CLD,Ebb,1,11.4,3,105,142,7.48,10.43,3.4,10,Low,605999,611900,5901,5901,38.82335513,38.82335513,1,NA,NA,Terrestrial Insect,NA,NA,Salticidae,NA,NA,1,0.026,0.026,NA,NA,NA,NA,NA,NA,NA,NA,NA,NA,NA   NA   NA   NA,NA   NA   NA   NA
SHR_2020-11-16 10:25:00,11/16/2020 10:25,SHR,2021,D,FALSE,CLD,Ebb,1,11.4,3,105,142,7.48,10.43,3.4,10,Low,605999,611900,5901,5901,38.82335513,38.82335513,1,NA,NA,Terrestrial Insect,NA,NA,Sciaridae,NA,Adults,1,0.026,0.026,NA,NA,NA,NA,NA,NA,NA,NA,NA,NA,NA   NA   NA   NA,NA   NA   NA   NA
SHR_2020-11-16 10:25:00,11/16/2020 10:25,SHR,2021,D,FALSE,CLD,Ebb,1,11.4,3,105,142,7.48,10.43,3.4,10,Low,605999,611900,5901,5901,38.82335513,38.82335513,1,NA,NA,Terrestrial Insect,NA,NA,Sciomyzidae,NA,Larvae,1,0.026,0.026,NA,NA,NA,NA,NA,NA,NA,NA,NA,NA,NA   NA   NA   NA,NA   NA   NA   NA
SHR_2020-11-16 10:25:00,11/16/2020 10:25,SHR,2021,D,FALSE,CLD,Ebb,1,11.4,3,105,142,7.48,10.43,3.4,10,Low,605999,611900,5901,5901,38.82335513,38.82335513,1,NA,NA,Terrestrial Insect,NA,NA,Staphylinidae,NA,Adults,1,0.026,0.026,NA,NA,NA,NA,NA,NA,NA,NA,NA,NA,NA   NA   NA   NA,NA   NA   NA   NA
STTD_2020-11-17 10:25:00,11/17/2020 10:25,STTD,2021,D,FALSE,CLD,Ebb,1,12.3,2,155,204,8.07,10.5,3.8,10,Low,603450,606000,2550,2550,16.77674218,16.77674218,1,NA,NA,Terrestrial Insect,NA,NA,Aphididae,NA,Adults,5,0.298,0.298,NA,NA,NA,NA,NA,NA,NA,NA,NA,NA,NA   NA   NA   NA,NA   NA   NA   NA
STTD_2020-11-17 10:25:00,11/17/2020 10:25,STTD,2021,D,FALSE,CLD,Ebb,1,12.3,2,155,204,8.07,10.5,3.8,10,Low,603450,606000,2550,2550,16.77674218,16.77674218,1,NA,NA,Terrestrial Insect,NA,NA,Aphididae,NA,Larvae,23,1.371,1.371,NA,NA,NA,NA,NA,NA,NA,NA,NA,NA,NA   NA   NA   NA,NA   NA   NA   NA
STTD_2020-11-17 10:25:00,11/17/2020 10:25,STTD,2021,D,FALSE,CLD,Ebb,1,12.3,2,155,204,8.07,10.5,3.8,10,Low,603450,606000,2550,2550,16.77674218,16.77674218,1,NA,NA,Terrestrial Insect,NA,NA,Chalcidoidea,NA,Adults,1,0.06,0.06,NA,NA,NA,NA,NA,NA,NA,NA,NA,NA,NA   NA   NA   NA,NA   NA   NA   NA
STTD_2020-11-17 10:25:00,11/17/2020 10:25,STTD,2021,D,FALSE,CLD,Ebb,1,12.3,2,155,204,8.07,10.5,3.8,10,Low,603450,606000,2550,2550,16.77674218,16.77674218,1,NA,NA,Aquatic Insect,NA,NA,Chironomidae,NA,Adults,5,0.298,0.298,NA,NA,NA,NA,NA,NA,NA,NA,NA,NA,NA   NA   NA   NA,NA   NA   NA   NA
STTD_2020-11-17 10:25:00,11/17/2020 10:25,STTD,2021,D,FALSE,CLD,Ebb,1,12.3,2,155,204,8.07,10.5,3.8,10,Low,603450,606000,2550,2550,16.77674218,16.77674218,1,NA,NA,Terrestrial Insect,NA,NA,Formicidae,NA,Adults,1,0.06,0.06,NA,NA,NA,NA,NA,NA,NA,NA,NA,NA,NA   NA   NA   NA,NA   NA   NA   NA
STTD_2020-11-17 10:25:00,11/17/2020 10:25,STTD,2021,D,FALSE,CLD,Ebb,1,12.3,2,155,204,8.07,10.5,3.8,10,Low,603450,606000,2550,2550,16.77674218,16.77674218,1,NA,NA,Terrestrial Insect,NA,NA,Hemiptera,NA,Adults,1,0.06,0.06,NA,NA,NA,NA,NA,NA,NA,NA,NA,NA,NA   NA   NA   NA,NA   NA   NA   NA
SHR_2020-11-30 10:13:00,11/30/2020 10:13,SHR,2021,D,FALSE,CLR,Ebb,1,9.9,3,105,147,7.46,10.76,4.7,10,Low,603427,598353,5074,5074,33.38242737,33.38242737,1,NA,NA,Terrestrial Insect,NA,NA,Aphididae,NA,Adults,1,0.03,0.03,NA,NA,NA,NA,NA,NA,NA,NA,NA,NA,NA   NA   NA   NA,NA   NA   NA   NA
SHR_2020-11-30 10:13:00,11/30/2020 10:13,SHR,2021,D,FALSE,CLR,Ebb,1,9.9,3,105,147,7.46,10.76,4.7,10,Low,603427,598353,5074,5074,33.38242737,33.38242737,1,NA,NA,Aquatic Insect,NA,NA,Chironomidae,NA,Adults,2,0.06,0.06,NA,NA,NA,NA,NA,NA,NA,NA,NA,NA,NA   NA   NA   NA,NA   NA   NA   NA
SHR_2020-11-30 10:13:00,11/30/2020 10:13,SHR,2021,D,FALSE,CLR,Ebb,1,9.9,3,105,147,7.46,10.76,4.7,10,Low,603427,598353,5074,5074,33.38242737,33.38242737,1,NA,NA,Aquatic Insect,NA,NA,Chironomidae,NA,Pupae,1,0.03,0.03,NA,NA,NA,NA,NA,NA,NA,NA,NA,NA,NA   NA   NA   NA,NA   NA   NA   NA
SHR_2020-11-30 10:13:00,11/30/2020 10:13,SHR,2021,D,FALSE,CLR,Ebb,1,9.9,3,105,147,7.46,10.76,4.7,10,Low,603427,598353,5074,5074,33.38242737,33.38242737,1,NA,NA,Terrestrial Insect,NA,NA,Hemiptera,NA,Larvae,1,0.03,0.03,NA,NA,NA,NA,NA,NA,NA,NA,NA,NA,NA   NA   NA   NA,NA   NA   NA   NA
SHR_2020-11-30 10:13:00,11/30/2020 10:13,SHR,2021,D,FALSE,CLR,Ebb,1,9.9,3,105,147,7.46,10.76,4.7,10,Low,603427,598353,5074,5074,33.38242737,33.38242737,1,NA,NA,Aquatic Non-Insect,NA,NA,Hyalellidae,NA,NA,1,0.03,0.03,NA,NA,NA,NA,NA,NA,NA,NA,NA,NA,NA   NA   NA   NA,NA   NA   NA   NA
SHR_2020-11-30 10:13:00,11/30/2020 10:13,SHR,2021,D,FALSE,CLR,Ebb,1,9.9,3,105,147,7.46,10.76,4.7,10,Low,603427,598353,5074,5074,33.38242737,33.38242737,1,NA,NA,Aquatic Non-Insect,NA,NA,Lebertiidae,NA,NA,1,0.03,0.03,NA,NA,NA,NA,NA,NA,NA,NA,NA,NA,NA   NA   NA   NA,NA   NA   NA   NA
SHR_2020-11-30 10:13:00,11/30/2020 10:13,SHR,2021,D,FALSE,CLR,Ebb,1,9.9,3,105,147,7.46,10.76,4.7,10,Low,603427,598353,5074,5074,33.38242737,33.38242737,1,NA,NA,Aquatic Insect,NA,NA,Leptoceridae,NA,Larvae,4,0.12,0.12,NA,NA,NA,NA,NA,NA,NA,NA,NA,NA,NA   NA   NA   NA,NA   NA   NA   NA
SHR_2020-11-30 10:13:00,11/30/2020 10:13,SHR,2021,D,FALSE,CLR,Ebb,1,9.9,3,105,147,7.46,10.76,4.7,10,Low,603427,598353,5074,5074,33.38242737,33.38242737,1,NA,NA,Terrestrial Insect,NA,NA,Sciaridae,NA,Adults,1,0.03,0.03,NA,NA,NA,NA,NA,NA,NA,NA,NA,NA,NA   NA   NA   NA,NA   NA   NA   NA
SHR_2020-11-30 10:13:00,11/30/2020 10:13,SHR,2021,D,FALSE,CLR,Ebb,1,9.9,3,105,147,7.46,10.76,4.7,10,Low,603427,598353,5074,5074,33.38242737,33.38242737,1,NA,NA,Aquatic Non-Insect,NA,NA,Sperchontidae,NA,NA,1,0.03,0.03,NA,NA,NA,NA,NA,NA,NA,NA,NA,NA,NA   NA   NA   NA,NA   NA   NA   NA
STTD_2020-12-01 09:55:00,12/1/2020 9:55,STTD,2021,D,FALSE,CLR,Ebb,1,9.5,1.3,157,222,8.11,11.1,6.5,10,Low,598702,600000,1298,1298,8.539690724,8.539690724,1,NA,NA,Aquatic Non-Insect,NA,NA,Actinopterygii,NA,NA,1,0.117,0.117,NA,NA,NA,NA,1,LAB,NA,NA,NA,NA,NA   1   NA   NA,NA   LAB   NA   NA
STTD_2020-12-01 09:55:00,12/1/2020 9:55,STTD,2021,D,FALSE,CLR,Ebb,1,9.5,1.3,157,222,8.11,11.1,6.5,10,Low,598702,600000,1298,1298,8.539690724,8.539690724,1,NA,NA,Terrestrial Insect,NA,NA,Aphididae,NA,Adults,1,0.117,0.117,NA,NA,NA,NA,1,LAB,NA,NA,NA,NA,NA   1   NA   NA,NA   LAB   NA   NA
STTD_2020-12-01 09:55:00,12/1/2020 9:55,STTD,2021,D,FALSE,CLR,Ebb,1,9.5,1.3,157,222,8.11,11.1,6.5,10,Low,598702,600000,1298,1298,8.539690724,8.539690724,1,NA,NA,Terrestrial Insect,NA,NA,Chalcidoidea,NA,Adults,2,0.234,0.234,NA,NA,NA,NA,1,LAB,NA,NA,NA,NA,NA   1   NA   NA,NA   LAB   NA   NA
STTD_2020-12-01 09:55:00,12/1/2020 9:55,STTD,2021,D,FALSE,CLR,Ebb,1,9.5,1.3,157,222,8.11,11.1,6.5,10,Low,598702,600000,1298,1298,8.539690724,8.539690724,1,NA,NA,Aquatic Insect,NA,NA,Chironomidae,NA,Adults,3,0.351,0.351,NA,NA,NA,NA,1,LAB,NA,NA,NA,NA,NA   1   NA   NA,NA   LAB   NA   NA
STTD_2020-12-01 09:55:00,12/1/2020 9:55,STTD,2021,D,FALSE,CLR,Ebb,1,9.5,1.3,157,222,8.11,11.1,6.5,10,Low,598702,600000,1298,1298,8.539690724,8.539690724,1,NA,nymph,Aquatic Insect,NA,NA,Coenagrionidae,NA,Larvae,1,0.117,0.117,NA,NA,NA,NA,1,LAB,NA,NA,NA,NA,NA   1   NA   NA,NA   LAB   NA   NA
STTD_2020-12-01 09:55:00,12/1/2020 9:55,STTD,2021,D,FALSE,CLR,Ebb,1,9.5,1.3,157,222,8.11,11.1,6.5,10,Low,598702,600000,1298,1298,8.539690724,8.539690724,1,NA,NA,Terrestrial Insect,NA,NA,Curculionidae,NA,Larvae,1,0.117,0.117,NA,NA,NA,NA,1,LAB,NA,NA,NA,NA,NA   1   NA   NA,NA   LAB   NA   NA
STTD_2020-12-01 09:55:00,12/1/2020 9:55,STTD,2021,D,FALSE,CLR,Ebb,1,9.5,1.3,157,222,8.11,11.1,6.5,10,Low,598702,600000,1298,1298,8.539690724,8.539690724,1,NA,NA,Aquatic Insect,NA,NA,Hydraenidae,NA,Adults,1,0.117,0.117,NA,NA,NA,NA,1,LAB,NA,NA,NA,NA,NA   1   NA   NA,NA   LAB   NA   NA
STTD_2020-12-01 09:55:00,12/1/2020 9:55,STTD,2021,D,FALSE,CLR,Ebb,1,9.5,1.3,157,222,8.11,11.1,6.5,10,Low,598702,600000,1298,1298,8.539690724,8.539690724,1,NA,NA,Aquatic Insect,NA,NA,Leptoceridae,NA,Larvae,1,0.117,0.117,NA,NA,NA,NA,1,LAB,NA,NA,NA,NA,NA   1   NA   NA,NA   LAB   NA   NA
STTD_2020-12-01 09:55:00,12/1/2020 9:55,STTD,2021,D,FALSE,CLR,Ebb,1,9.5,1.3,157,222,8.11,11.1,6.5,10,Low,598702,600000,1298,1298,8.539690724,8.539690724,1,NA,NA,Aquatic Non-Insect,NA,NA,Murchisonellidae,NA,NA,1,0.117,0.117,NA,NA,NA,NA,1,LAB,NA,NA,NA,NA,NA   1   NA   NA,NA   LAB   NA   NA
STTD_2020-12-01 09:55:00,12/1/2020 9:55,STTD,2021,D,FALSE,CLR,Ebb,1,9.5,1.3,157,222,8.11,11.1,6.5,10,Low,598702,600000,1298,1298,8.539690724,8.539690724,1,NA,NA,Aquatic Non-Insect,NA,NA,Physidae,NA,NA,1,0.117,0.117,NA,NA,NA,NA,1,LAB,NA,NA,NA,NA,NA   1   NA   NA,NA   LAB   NA   NA
STTD_2020-12-01 09:55:00,12/1/2020 9:55,STTD,2021,D,FALSE,CLR,Ebb,1,9.5,1.3,157,222,8.11,11.1,6.5,10,Low,598702,600000,1298,1298,8.539690724,8.539690724,1,NA,NA,Aquatic Non-Insect,NA,NA,Planorbidae,NA,NA,8,0.937,0.937,NA,NA,NA,NA,1,LAB,NA,NA,NA,NA,NA   1   NA   NA,NA   LAB   NA   NA
STTD_2020-12-01 09:55:00,12/1/2020 9:55,STTD,2021,D,FALSE,CLR,Ebb,1,9.5,1.3,157,222,8.11,11.1,6.5,10,Low,598702,600000,1298,1298,8.539690724,8.539690724,1,NA,NA,Terrestrial Insect,NA,NA,Poduridae,NA,Adults,1,0.117,0.117,NA,NA,NA,NA,1,LAB,NA,NA,NA,NA,NA   1   NA   NA,NA   LAB   NA   NA
STTD_2020-12-01 09:55:00,12/1/2020 9:55,STTD,2021,D,FALSE,CLR,Ebb,1,9.5,1.3,157,222,8.11,11.1,6.5,10,Low,598702,600000,1298,1298,8.539690724,8.539690724,1,NA,NA,Terrestrial Insect,NA,NA,Staphylinidae,NA,Adults,1,0.117,0.117,NA,NA,NA,NA,1,LAB,NA,NA,NA,NA,NA   1   NA   NA,NA   LAB   NA   NA
STTD_2020-12-01 09:55:00,12/1/2020 9:55,STTD,2021,D,FALSE,CLR,Ebb,1,9.5,1.3,157,222,8.11,11.1,6.5,10,Low,598702,600000,1298,1298,8.539690724,8.539690724,1,NA,NA,Aquatic Non-Insect,NA,NA,Truncatelloidea,NA,NA,2,0.234,0.234,NA,NA,NA,NA,1,LAB,NA,NA,NA,NA,NA   1   NA   NA,NA   LAB   NA   NA
SHR_2021-04-26 09:13:00,4/26/2021 9:13,SHR,2021,D,FALSE,CLR,Ebb,1,16.9,0.85,117,138,7.82,8.82,6.9,10,Low,992302,999807,7505,7505,49.37625492,49.37625492,1,13 cm deep. Tested new Flow Meter rig,NA,Terrestrial Non-Insect,NA,NA,Araneae,NA,NA,7,0.142,0.142,NA,NA,1,SAMP,NA,NA,NA,NA,NA,NA,1   NA   NA   NA,SAMP   NA   NA   NA
SHR_2021-04-26 09:13:00,4/26/2021 9:13,SHR,2021,D,FALSE,CLR,Ebb,1,16.9,0.85,117,138,7.82,8.82,6.9,10,Low,992302,999807,7505,7505,49.37625492,49.37625492,1,13 cm deep. Tested new Flow Meter rig,NA,Aquatic Non-Insect,NA,NA,Lebertiidae,NA,NA,1,0.02,0.02,NA,NA,1,SAMP,NA,NA,NA,NA,NA,NA,1   NA   NA   NA,SAMP   NA   NA   NA
SHR_2021-04-26 09:13:00,4/26/2021 9:13,SHR,2021,D,FALSE,CLR,Ebb,1,16.9,0.85,117,138,7.82,8.82,6.9,10,Low,992302,999807,7505,7505,49.37625492,49.37625492,1,13 cm deep. Tested new Flow Meter rig,NA,Aquatic Non-Insect,NA,NA,Lymnaeidae,NA,NA,1,0.02,0.02,NA,NA,1,SAMP,NA,NA,NA,NA,NA,NA,1   NA   NA   NA,SAMP   NA   NA   NA
SHR_2021-04-26 09:13:00,4/26/2021 9:13,SHR,2021,D,FALSE,CLR,Ebb,1,16.9,0.85,117,138,7.82,8.82,6.9,10,Low,992302,999807,7505,7505,49.37625492,49.37625492,1,13 cm deep. Tested new Flow Meter rig,NA,Aquatic Non-Insect,NA,NA,Physidae,NA,NA,6,0.122,0.122,NA,NA,1,SAMP,NA,NA,NA,NA,NA,NA,1   NA   NA   NA,SAMP   NA   NA   NA
SHR_2021-04-26 09:13:00,4/26/2021 9:13,SHR,2021,D,FALSE,CLR,Ebb,1,16.9,0.85,117,138,7.82,8.82,6.9,10,Low,992302,999807,7505,7505,49.37625492,49.37625492,1,13 cm deep. Tested new Flow Meter rig,NA,Terrestrial Insect,NA,NA,Coleoptera,NA,Larvae,1,0.02,0.02,NA,NA,1,SAMP,NA,NA,NA,NA,NA,NA,1   NA   NA   NA,SAMP   NA   NA   NA
SHR_2021-04-26 09:13:00,4/26/2021 9:13,SHR,2021,D,FALSE,CLR,Ebb,1,16.9,0.85,117,138,7.82,8.82,6.9,10,Low,992302,999807,7505,7505,49.37625492,49.37625492,1,13 cm deep. Tested new Flow Meter rig,NA,Terrestrial Insect,NA,NA,Diptera,NA,Pupae,1,0.02,0.02,NA,NA,1,SAMP,NA,NA,NA,NA,NA,NA,1   NA   NA   NA,SAMP   NA   NA   NA
SHR_2021-04-26 09:13:00,4/26/2021 9:13,SHR,2021,D,FALSE,CLR,Ebb,1,16.9,0.85,117,138,7.82,8.82,6.9,10,Low,992302,999807,7505,7505,49.37625492,49.37625492,1,13 cm deep. Tested new Flow Meter rig,NA,Terrestrial Insect,NA,NA,Diptera,NA,Adults,10,0.203,0.203,NA,NA,1,SAMP,NA,NA,NA,NA,NA,NA,1   NA   NA   NA,SAMP   NA   NA   NA
SHR_2021-04-26 09:13:00,4/26/2021 9:13,SHR,2021,D,FALSE,CLR,Ebb,1,16.9,0.85,117,138,7.82,8.82,6.9,10,Low,992302,999807,7505,7505,49.37625492,49.37625492,1,13 cm deep. Tested new Flow Meter rig,NA,Aquatic Insect,NA,NA,Ceratopogonidae,NA,Larvae,1,0.02,0.02,NA,NA,1,SAMP,NA,NA,NA,NA,NA,NA,1   NA   NA   NA,SAMP   NA   NA   NA
SHR_2021-04-26 09:13:00,4/26/2021 9:13,SHR,2021,D,FALSE,CLR,Ebb,1,16.9,0.85,117,138,7.82,8.82,6.9,10,Low,992302,999807,7505,7505,49.37625492,49.37625492,1,13 cm deep. Tested new Flow Meter rig,NA,Aquatic Insect,NA,NA,Ceratopogonidae,NA,Pupae,14,0.284,0.284,NA,NA,1,SAMP,NA,NA,NA,NA,NA,NA,1   NA   NA   NA,SAMP   NA   NA   NA
SHR_2021-04-26 09:13:00,4/26/2021 9:13,SHR,2021,D,FALSE,CLR,Ebb,1,16.9,0.85,117,138,7.82,8.82,6.9,10,Low,992302,999807,7505,7505,49.37625492,49.37625492,1,13 cm deep. Tested new Flow Meter rig,NA,Aquatic Insect,NA,NA,Chironomidae,NA,Larvae,1,0.02,0.02,NA,NA,1,SAMP,NA,NA,NA,NA,NA,NA,1   NA   NA   NA,SAMP   NA   NA   NA
SHR_2021-04-26 09:13:00,4/26/2021 9:13,SHR,2021,D,FALSE,CLR,Ebb,1,16.9,0.85,117,138,7.82,8.82,6.9,10,Low,992302,999807,7505,7505,49.37625492,49.37625492,1,13 cm deep. Tested new Flow Meter rig,NA,Aquatic Insect,NA,NA,Chironomidae,NA,Pupae,6,0.122,0.122,NA,NA,1,SAMP,NA,NA,NA,NA,NA,NA,1   NA   NA   NA,SAMP   NA   NA   NA
SHR_2021-04-26 09:13:00,4/26/2021 9:13,SHR,2021,D,FALSE,CLR,Ebb,1,16.9,0.85,117,138,7.82,8.82,6.9,10,Low,992302,999807,7505,7505,49.37625492,49.37625492,1,13 cm deep. Tested new Flow Meter rig,NA,Aquatic Insect,NA,NA,Chironomidae,NA,Adults,65,1.316,1.316,NA,NA,1,SAMP,NA,NA,NA,NA,NA,NA,1   NA   NA   NA,SAMP   NA   NA   NA
SHR_2021-04-26 09:13:00,4/26/2021 9:13,SHR,2021,D,FALSE,CLR,Ebb,1,16.9,0.85,117,138,7.82,8.82,6.9,10,Low,992302,999807,7505,7505,49.37625492,49.37625492,1,13 cm deep. Tested new Flow Meter rig,emergent,Aquatic Insect,NA,NA,Ephemeroptera,NA,Adults,1,0.02,0.02,NA,NA,1,SAMP,NA,NA,NA,NA,NA,NA,1   NA   NA   NA,SAMP   NA   NA   NA
SHR_2021-04-26 09:13:00,4/26/2021 9:13,SHR,2021,D,FALSE,CLR,Ebb,1,16.9,0.85,117,138,7.82,8.82,6.9,10,Low,992302,999807,7505,7505,49.37625492,49.37625492,1,13 cm deep. Tested new Flow Meter rig,NA,Terrestrial Insect,NA,NA,Hemiptera,NA,Nymphs,4,0.081,0.081,NA,NA,1,SAMP,NA,NA,NA,NA,NA,NA,1   NA   NA   NA,SAMP   NA   NA   NA
SHR_2021-04-26 09:13:00,4/26/2021 9:13,SHR,2021,D,FALSE,CLR,Ebb,1,16.9,0.85,117,138,7.82,8.82,6.9,10,Low,992302,999807,7505,7505,49.37625492,49.37625492,1,13 cm deep. Tested new Flow Meter rig,NA,Terrestrial Insect,NA,NA,Hemiptera,NA,Adults,42,0.851,0.851,NA,NA,1,SAMP,NA,NA,NA,NA,NA,NA,1   NA   NA   NA,SAMP   NA   NA   NA
SHR_2021-04-26 09:13:00,4/26/2021 9:13,SHR,2021,D,FALSE,CLR,Ebb,1,16.9,0.85,117,138,7.82,8.82,6.9,10,Low,992302,999807,7505,7505,49.37625492,49.37625492,1,13 cm deep. Tested new Flow Meter rig,NA,Terrestrial Insect,NA,NA,Hymenoptera,NA,Adults,1,0.02,0.02,NA,NA,1,SAMP,NA,NA,NA,NA,NA,NA,1   NA   NA   NA,SAMP   NA   NA   NA
SHR_2021-04-26 09:13:00,4/26/2021 9:13,SHR,2021,D,FALSE,CLR,Ebb,1,16.9,0.85,117,138,7.82,8.82,6.9,10,Low,992302,999807,7505,7505,49.37625492,49.37625492,1,13 cm deep. Tested new Flow Meter rig,NA,Terrestrial Insect,NA,NA,Thysanoptera,NA,Adults,3,0.061,0.061,NA,NA,1,SAMP,NA,NA,NA,NA,NA,NA,1   NA   NA   NA,SAMP   NA   NA   NA
SHR_2021-04-26 09:13:00,4/26/2021 9:13,SHR,2021,D,FALSE,CLR,Ebb,1,16.9,0.85,117,138,7.82,8.82,6.9,10,Low,992302,999807,7505,7505,49.37625492,49.37625492,1,13 cm deep. Tested new Flow Meter rig,NA,Aquatic Insect,NA,NA,Trichoptera,NA,Adults,1,0.02,0.02,NA,NA,1,SAMP,NA,NA,NA,NA,NA,NA,1   NA   NA   NA,SAMP   NA   NA   NA
SHR_2021-04-26 09:13:00,4/26/2021 9:13,SHR,2021,D,FALSE,CLR,Ebb,1,16.9,0.85,117,138,7.82,8.82,6.9,10,Low,992302,999807,7505,7505,49.37625492,49.37625492,1,13 cm deep. Tested new Flow Meter rig,NA,Aquatic Insect,NA,NA,Leptoceridae,NA,Larvae,1,0.02,0.02,NA,NA,1,SAMP,NA,NA,NA,NA,NA,NA,1   NA   NA   NA,SAMP   NA   NA   NA
SHR_2021-04-26 09:13:00,4/26/2021 9:13,SHR,2021,D,FALSE,CLR,Ebb,1,16.9,0.85,117,138,7.82,8.82,6.9,10,Low,992302,999807,7505,7505,49.37625492,49.37625492,1,13 cm deep. Tested new Flow Meter rig,NA,Aquatic Non-Insect,NA,NA,Amphipoda,NA,Nymphs,1,0.02,0.02,NA,NA,1,SAMP,NA,NA,NA,NA,NA,NA,1   NA   NA   NA,SAMP   NA   NA   NA
SHR_2021-04-26 09:13:00,4/26/2021 9:13,SHR,2021,D,FALSE,CLR,Ebb,1,16.9,0.85,117,138,7.82,8.82,6.9,10,Low,992302,999807,7505,7505,49.37625492,49.37625492,1,13 cm deep. Tested new Flow Meter rig,NA,Aquatic Non-Insect,NA,NA,Corophiidae,NA,Nymphs,1,0.02,0.02,NA,NA,1,SAMP,NA,NA,NA,NA,NA,NA,1   NA   NA   NA,SAMP   NA   NA   NA
SHR_2021-04-26 09:13:00,4/26/2021 9:13,SHR,2021,D,FALSE,CLR,Ebb,1,16.9,0.85,117,138,7.82,8.82,6.9,10,Low,992302,999807,7505,7505,49.37625492,49.37625492,1,13 cm deep. Tested new Flow Meter rig,NA,Aquatic Non-Insect,NA,NA,Hyalellidae,NA,Nymphs,4,0.081,0.081,NA,NA,1,SAMP,NA,NA,NA,NA,NA,NA,1   NA   NA   NA,SAMP   NA   NA   NA
SHR_2021-04-26 09:13:00,4/26/2021 9:13,SHR,2021,D,FALSE,CLR,Ebb,1,16.9,0.85,117,138,7.82,8.82,6.9,10,Low,992302,999807,7505,7505,49.37625492,49.37625492,1,13 cm deep. Tested new Flow Meter rig,NA,Aquatic Non-Insect,NA,NA,Ostracoda,NA,NA,3,0.061,0.061,NA,NA,1,SAMP,NA,NA,NA,NA,NA,NA,1   NA   NA   NA,SAMP   NA   NA   NA
STTD_2021-04-27 09:33:00,4/27/2021 9:33,STTD,2021,D,FALSE,CLR,Ebb,1,16.9,0.37,462,547,7.98,8,18.3,10,Low,992157,987030,5127,5127,33.73112045,33.73112045,1,NA,NA,Aquatic Non-Insect,NA,NA,Actinopterygii,NA,NA,6,0.178,0.178,NA,NA,NA,NA,NA,NA,NA,NA,NA,NA,NA   NA   NA   NA,NA   NA   NA   NA
STTD_2021-04-27 09:33:00,4/27/2021 9:33,STTD,2021,D,FALSE,CLR,Ebb,1,16.9,0.37,462,547,7.98,8,18.3,10,Low,992157,987030,5127,5127,33.73112045,33.73112045,1,NA,NA,Aquatic Non-Insect,NA,NA,Limnesiidae,NA,NA,1,0.03,0.03,NA,NA,NA,NA,NA,NA,NA,NA,NA,NA,NA   NA   NA   NA,NA   NA   NA   NA
STTD_2021-04-27 09:33:00,4/27/2021 9:33,STTD,2021,D,FALSE,CLR,Ebb,1,16.9,0.37,462,547,7.98,8,18.3,10,Low,992157,987030,5127,5127,33.73112045,33.73112045,1,NA,NA,Aquatic Non-Insect,NA,NA,Naididae,NA,NA,4,0.119,0.119,NA,NA,NA,NA,NA,NA,NA,NA,NA,NA,NA   NA   NA   NA,NA   NA   NA   NA
STTD_2021-04-27 09:33:00,4/27/2021 9:33,STTD,2021,D,FALSE,CLR,Ebb,1,16.9,0.37,462,547,7.98,8,18.3,10,Low,992157,987030,5127,5127,33.73112045,33.73112045,1,NA,NA,Aquatic Non-Insect,NA,NA,Murchisonellidae,NA,NA,1,0.03,0.03,NA,NA,NA,NA,NA,NA,NA,NA,NA,NA,NA   NA   NA   NA,NA   NA   NA   NA
STTD_2021-04-27 09:33:00,4/27/2021 9:33,STTD,2021,D,FALSE,CLR,Ebb,1,16.9,0.37,462,547,7.98,8,18.3,10,Low,992157,987030,5127,5127,33.73112045,33.73112045,1,NA,NA,Terrestrial Insect,NA,NA,Coleoptera,NA,Adults,2,0.059,0.059,NA,NA,NA,NA,NA,NA,NA,NA,NA,NA,NA   NA   NA   NA,NA   NA   NA   NA
STTD_2021-04-27 09:33:00,4/27/2021 9:33,STTD,2021,D,FALSE,CLR,Ebb,1,16.9,0.37,462,547,7.98,8,18.3,10,Low,992157,987030,5127,5127,33.73112045,33.73112045,1,NA,NA,Terrestrial Insect,NA,NA,Diptera,NA,Adults,3,0.089,0.089,NA,NA,NA,NA,NA,NA,NA,NA,NA,NA,NA   NA   NA   NA,NA   NA   NA   NA
STTD_2021-04-27 09:33:00,4/27/2021 9:33,STTD,2021,D,FALSE,CLR,Ebb,1,16.9,0.37,462,547,7.98,8,18.3,10,Low,992157,987030,5127,5127,33.73112045,33.73112045,1,NA,NA,Aquatic Insect,NA,NA,Ceratopogonidae,NA,Pupae,1,0.03,0.03,NA,NA,NA,NA,NA,NA,NA,NA,NA,NA,NA   NA   NA   NA,NA   NA   NA   NA
STTD_2021-04-27 09:33:00,4/27/2021 9:33,STTD,2021,D,FALSE,CLR,Ebb,1,16.9,0.37,462,547,7.98,8,18.3,10,Low,992157,987030,5127,5127,33.73112045,33.73112045,1,NA,NA,Aquatic Insect,NA,NA,Chironomidae,NA,Adults,5,0.148,0.148,NA,NA,NA,NA,NA,NA,NA,NA,NA,NA,NA   NA   NA   NA,NA   NA   NA   NA
STTD_2021-04-27 09:33:00,4/27/2021 9:33,STTD,2021,D,FALSE,CLR,Ebb,1,16.9,0.37,462,547,7.98,8,18.3,10,Low,992157,987030,5127,5127,33.73112045,33.73112045,1,NA,NA,Terrestrial Insect,NA,NA,Hemiptera,NA,Nymphs,2,0.059,0.059,NA,NA,NA,NA,NA,NA,NA,NA,NA,NA,NA   NA   NA   NA,NA   NA   NA   NA
STTD_2021-04-27 09:33:00,4/27/2021 9:33,STTD,2021,D,FALSE,CLR,Ebb,1,16.9,0.37,462,547,7.98,8,18.3,10,Low,992157,987030,5127,5127,33.73112045,33.73112045,1,NA,NA,Terrestrial Insect,NA,NA,Hemiptera,NA,Adults,15,0.445,0.445,NA,NA,NA,NA,NA,NA,NA,NA,NA,NA,NA   NA   NA   NA,NA   NA   NA   NA
STTD_2021-04-27 09:33:00,4/27/2021 9:33,STTD,2021,D,FALSE,CLR,Ebb,1,16.9,0.37,462,547,7.98,8,18.3,10,Low,992157,987030,5127,5127,33.73112045,33.73112045,1,NA,NA,Aquatic Insect,NA,NA,Corixidae,NA,Nymphs,9,0.267,0.267,NA,NA,NA,NA,NA,NA,NA,NA,NA,NA,NA   NA   NA   NA,NA   NA   NA   NA
STTD_2021-04-27 09:33:00,4/27/2021 9:33,STTD,2021,D,FALSE,CLR,Ebb,1,16.9,0.37,462,547,7.98,8,18.3,10,Low,992157,987030,5127,5127,33.73112045,33.73112045,1,NA,NA,Terrestrial Insect,NA,NA,Hymenoptera,NA,Adults,1,0.03,0.03,NA,NA,NA,NA,NA,NA,NA,NA,NA,NA,NA   NA   NA   NA,NA   NA   NA   NA
STTD_2021-04-27 09:33:00,4/27/2021 9:33,STTD,2021,D,FALSE,CLR,Ebb,1,16.9,0.37,462,547,7.98,8,18.3,10,Low,992157,987030,5127,5127,33.73112045,33.73112045,1,NA,NA,Aquatic Insect,NA,NA,Coenagrionidae,NA,Nymphs,1,0.03,0.03,NA,NA,NA,NA,NA,NA,NA,NA,NA,NA,NA   NA   NA   NA,NA   NA   NA   NA
STTD_2021-04-27 09:33:00,4/27/2021 9:33,STTD,2021,D,FALSE,CLR,Ebb,1,16.9,0.37,462,547,7.98,8,18.3,10,Low,992157,987030,5127,5127,33.73112045,33.73112045,1,NA,NA,Terrestrial Insect,NA,NA,Psocoptera,NA,Adults,1,0.03,0.03,NA,NA,NA,NA,NA,NA,NA,NA,NA,NA,NA   NA   NA   NA,NA   NA   NA   NA
STTD_2021-04-27 09:33:00,4/27/2021 9:33,STTD,2021,D,FALSE,CLR,Ebb,1,16.9,0.37,462,547,7.98,8,18.3,10,Low,992157,987030,5127,5127,33.73112045,33.73112045,1,NA,NA,Terrestrial Insect,NA,NA,Thysanoptera,NA,Nymphs,1,0.03,0.03,NA,NA,NA,NA,NA,NA,NA,NA,NA,NA,NA   NA   NA   NA,NA   NA   NA   NA
STTD_2021-04-27 09:33:00,4/27/2021 9:33,STTD,2021,D,FALSE,CLR,Ebb,1,16.9,0.37,462,547,7.98,8,18.3,10,Low,992157,987030,5127,5127,33.73112045,33.73112045,1,NA,NA,Aquatic Insect,NA,NA,Trichoptera,NA,Adults,2,0.059,0.059,NA,NA,NA,NA,NA,NA,NA,NA,NA,NA,NA   NA   NA   NA,NA   NA   NA   NA
STTD_2021-04-27 09:33:00,4/27/2021 9:33,STTD,2021,D,FALSE,CLR,Ebb,1,16.9,0.37,462,547,7.98,8,18.3,10,Low,992157,987030,5127,5127,33.73112045,33.73112045,1,NA,NA,Aquatic Insect,NA,NA,Hydroptilidae,NA,Larvae,1,0.03,0.03,NA,NA,NA,NA,NA,NA,NA,NA,NA,NA,NA   NA   NA   NA,NA   NA   NA   NA
STTD_2021-04-27 09:33:00,4/27/2021 9:33,STTD,2021,D,FALSE,CLR,Ebb,1,16.9,0.37,462,547,7.98,8,18.3,10,Low,992157,987030,5127,5127,33.73112045,33.73112045,1,NA,NA,Aquatic Non-Insect,NA,NA,Corophiidae,NA,NA,2,0.059,0.059,NA,NA,NA,NA,NA,NA,NA,NA,NA,NA,NA   NA   NA   NA,NA   NA   NA   NA
STTD_2021-04-27 09:33:00,4/27/2021 9:33,STTD,2021,D,FALSE,CLR,Ebb,1,16.9,0.37,462,547,7.98,8,18.3,10,Low,992157,987030,5127,5127,33.73112045,33.73112045,1,NA,NA,Aquatic Non-Insect,NA,NA,Hyalellidae,NA,Nymphs,2,0.059,0.059,NA,NA,NA,NA,NA,NA,NA,NA,NA,NA,NA   NA   NA   NA,NA   NA   NA   NA
STTD_2021-04-27 09:33:00,4/27/2021 9:33,STTD,2021,D,FALSE,CLR,Ebb,1,16.9,0.37,462,547,7.98,8,18.3,10,Low,992157,987030,5127,5127,33.73112045,33.73112045,1,NA,NA,Aquatic Non-Insect,NA,NA,Ostracoda,NA,NA,1,0.03,0.03,NA,NA,NA,NA,NA,NA,NA,NA,NA,NA,NA   NA   NA   NA,NA   NA   NA   NA
SHR_2021-05-10 09:55:00,5/10/2021 9:55,SHR,2021,D,FALSE,CLR,Ebb,1,20.5,2.1,134,146,7.5,8.29,5.9,10,Low,978900,986637,7737,7737,50.9026095,50.9026095,1,NA,NA,Terrestrial Non-Insect,NA,NA,Acari,NA,NA,183,3.595,3.595,NA,NA,NA,NA,1,LAB,NA,NA,NA,NA,NA   1   NA   NA,NA   LAB   NA   NA
SHR_2021-05-10 09:55:00,5/10/2021 9:55,SHR,2021,D,FALSE,CLR,Ebb,1,20.5,2.1,134,146,7.5,8.29,5.9,10,Low,978900,986637,7737,7737,50.9026095,50.9026095,1,NA,NA,Terrestrial Non-Insect,NA,NA,Acari,NA,NA,174,3.418,3.418,NA,NA,NA,NA,1,LAB,NA,NA,NA,NA,NA   1   NA   NA,NA   LAB   NA   NA
SHR_2021-05-10 09:55:00,5/10/2021 9:55,SHR,2021,D,FALSE,CLR,Ebb,1,20.5,2.1,134,146,7.5,8.29,5.9,10,Low,978900,986637,7737,7737,50.9026095,50.9026095,1,NA,NA,Terrestrial Non-Insect,NA,NA,Araneae,NA,NA,2,0.039,0.039,NA,NA,NA,NA,1,LAB,NA,NA,NA,NA,NA   1   NA   NA,NA   LAB   NA   NA
SHR_2021-05-10 09:55:00,5/10/2021 9:55,SHR,2021,D,FALSE,CLR,Ebb,1,20.5,2.1,134,146,7.5,8.29,5.9,10,Low,978900,986637,7737,7737,50.9026095,50.9026095,1,NA,NA,Terrestrial Non-Insect,NA,NA,Diplopoda,NA,NA,1,0.02,0.02,NA,NA,NA,NA,1,LAB,NA,NA,NA,NA,NA   1   NA   NA,NA   LAB   NA   NA
SHR_2021-05-10 09:55:00,5/10/2021 9:55,SHR,2021,D,FALSE,CLR,Ebb,1,20.5,2.1,134,146,7.5,8.29,5.9,10,Low,978900,986637,7737,7737,50.9026095,50.9026095,1,NA,NA,Aquatic Non-Insect,NA,NA,Physidae,NA,NA,1,0.02,0.02,NA,NA,NA,NA,1,LAB,NA,NA,NA,NA,NA   1   NA   NA,NA   LAB   NA   NA
SHR_2021-05-10 09:55:00,5/10/2021 9:55,SHR,2021,D,FALSE,CLR,Ebb,1,20.5,2.1,134,146,7.5,8.29,5.9,10,Low,978900,986637,7737,7737,50.9026095,50.9026095,1,NA,NA,Aquatic Non-Insect,NA,NA,Truncatelloidea,NA,NA,1,0.02,0.02,NA,NA,NA,NA,1,LAB,NA,NA,NA,NA,NA   1   NA   NA,NA   LAB   NA   NA
SHR_2021-05-10 09:55:00,5/10/2021 9:55,SHR,2021,D,FALSE,CLR,Ebb,1,20.5,2.1,134,146,7.5,8.29,5.9,10,Low,978900,986637,7737,7737,50.9026095,50.9026095,1,NA,NA,Terrestrial Insect,NA,NA,Coleoptera,NA,Larvae,28,0.55,0.55,NA,NA,NA,NA,1,LAB,NA,NA,NA,NA,NA   1   NA   NA,NA   LAB   NA   NA
SHR_2021-05-10 09:55:00,5/10/2021 9:55,SHR,2021,D,FALSE,CLR,Ebb,1,20.5,2.1,134,146,7.5,8.29,5.9,10,Low,978900,986637,7737,7737,50.9026095,50.9026095,1,NA,NA,Terrestrial Insect,NA,NA,Coleoptera,NA,Adults,18,0.354,0.354,NA,NA,NA,NA,1,LAB,NA,NA,NA,NA,NA   1   NA   NA,NA   LAB   NA   NA
SHR_2021-05-10 09:55:00,5/10/2021 9:55,SHR,2021,D,FALSE,CLR,Ebb,1,20.5,2.1,134,146,7.5,8.29,5.9,10,Low,978900,986637,7737,7737,50.9026095,50.9026095,1,NA,NA,Aquatic Insect,NA,NA,Dytiscidae,NA,Adults,3,0.059,0.059,NA,NA,NA,NA,1,LAB,NA,NA,NA,NA,NA   1   NA   NA,NA   LAB   NA   NA
SHR_2021-05-10 09:55:00,5/10/2021 9:55,SHR,2021,D,FALSE,CLR,Ebb,1,20.5,2.1,134,146,7.5,8.29,5.9,10,Low,978900,986637,7737,7737,50.9026095,50.9026095,1,NA,NA,Aquatic Insect,NA,NA,Hydraenidae,NA,Adults,5,0.098,0.098,NA,NA,NA,NA,1,LAB,NA,NA,NA,NA,NA   1   NA   NA,NA   LAB   NA   NA
SHR_2021-05-10 09:55:00,5/10/2021 9:55,SHR,2021,D,FALSE,CLR,Ebb,1,20.5,2.1,134,146,7.5,8.29,5.9,10,Low,978900,986637,7737,7737,50.9026095,50.9026095,1,NA,NA,Terrestrial Non-Insect,NA,NA,Collembola,NA,Larvae,13,0.255,0.255,NA,NA,NA,NA,1,LAB,NA,NA,NA,NA,NA   1   NA   NA,NA   LAB   NA   NA
SHR_2021-05-10 09:55:00,5/10/2021 9:55,SHR,2021,D,FALSE,CLR,Ebb,1,20.5,2.1,134,146,7.5,8.29,5.9,10,Low,978900,986637,7737,7737,50.9026095,50.9026095,1,NA,NA,Terrestrial Insect,NA,NA,Diptera,NA,Larvae,2,0.039,0.039,NA,NA,NA,NA,1,LAB,NA,NA,NA,NA,NA   1   NA   NA,NA   LAB   NA   NA
SHR_2021-05-10 09:55:00,5/10/2021 9:55,SHR,2021,D,FALSE,CLR,Ebb,1,20.5,2.1,134,146,7.5,8.29,5.9,10,Low,978900,986637,7737,7737,50.9026095,50.9026095,1,NA,NA,Terrestrial Insect,NA,NA,Diptera,NA,Adults,81,1.591,1.591,NA,NA,NA,NA,1,LAB,NA,NA,NA,NA,NA   1   NA   NA,NA   LAB   NA   NA
SHR_2021-05-10 09:55:00,5/10/2021 9:55,SHR,2021,D,FALSE,CLR,Ebb,1,20.5,2.1,134,146,7.5,8.29,5.9,10,Low,978900,986637,7737,7737,50.9026095,50.9026095,1,NA,NA,Aquatic Insect,NA,NA,Ceratopogonidae,NA,Larvae,3,0.059,0.059,NA,NA,NA,NA,1,LAB,NA,NA,NA,NA,NA   1   NA   NA,NA   LAB   NA   NA
SHR_2021-05-10 09:55:00,5/10/2021 9:55,SHR,2021,D,FALSE,CLR,Ebb,1,20.5,2.1,134,146,7.5,8.29,5.9,10,Low,978900,986637,7737,7737,50.9026095,50.9026095,1,NA,NA,Aquatic Insect,NA,NA,Ceratopogonidae,NA,Pupae,38,0.747,0.747,NA,NA,NA,NA,1,LAB,NA,NA,NA,NA,NA   1   NA   NA,NA   LAB   NA   NA
SHR_2021-05-10 09:55:00,5/10/2021 9:55,SHR,2021,D,FALSE,CLR,Ebb,1,20.5,2.1,134,146,7.5,8.29,5.9,10,Low,978900,986637,7737,7737,50.9026095,50.9026095,1,NA,1 emergent,Aquatic Insect,NA,NA,Ceratopogonidae,NA,Adults,1,0.02,0.02,NA,NA,NA,NA,1,LAB,NA,NA,NA,NA,NA   1   NA   NA,NA   LAB   NA   NA
SHR_2021-05-10 09:55:00,5/10/2021 9:55,SHR,2021,D,FALSE,CLR,Ebb,1,20.5,2.1,134,146,7.5,8.29,5.9,10,Low,978900,986637,7737,7737,50.9026095,50.9026095,1,NA,NA,Aquatic Insect,NA,NA,Chironomidae,NA,Larvae,23,0.452,0.452,NA,NA,NA,NA,1,LAB,NA,NA,NA,NA,NA   1   NA   NA,NA   LAB   NA   NA
SHR_2021-05-10 09:55:00,5/10/2021 9:55,SHR,2021,D,FALSE,CLR,Ebb,1,20.5,2.1,134,146,7.5,8.29,5.9,10,Low,978900,986637,7737,7737,50.9026095,50.9026095,1,NA,NA,Aquatic Insect,NA,NA,Chironomidae,NA,Pupae,14,0.275,0.275,NA,NA,NA,NA,1,LAB,NA,NA,NA,NA,NA   1   NA   NA,NA   LAB   NA   NA
SHR_2021-05-10 09:55:00,5/10/2021 9:55,SHR,2021,D,FALSE,CLR,Ebb,1,20.5,2.1,134,146,7.5,8.29,5.9,10,Low,978900,986637,7737,7737,50.9026095,50.9026095,1,NA,NA,Aquatic Insect,NA,NA,Chironomidae,NA,Adults,125,2.456,2.456,NA,NA,NA,NA,1,LAB,NA,NA,NA,NA,NA   1   NA   NA,NA   LAB   NA   NA
SHR_2021-05-10 09:55:00,5/10/2021 9:55,SHR,2021,D,FALSE,CLR,Ebb,1,20.5,2.1,134,146,7.5,8.29,5.9,10,Low,978900,986637,7737,7737,50.9026095,50.9026095,1,NA,NA,Terrestrial Insect,NA,NA,Hemiptera,NA,Nymphs,774,15.206,15.206,NA,NA,NA,NA,1,LAB,NA,NA,NA,NA,NA   1   NA   NA,NA   LAB   NA   NA
SHR_2021-05-10 09:55:00,5/10/2021 9:55,SHR,2021,D,FALSE,CLR,Ebb,1,20.5,2.1,134,146,7.5,8.29,5.9,10,Low,978900,986637,7737,7737,50.9026095,50.9026095,1,NA,NA,Terrestrial Insect,NA,NA,Hemiptera,NA,Adults,111,2.181,2.181,NA,NA,NA,NA,1,LAB,NA,NA,NA,NA,NA   1   NA   NA,NA   LAB   NA   NA
SHR_2021-05-10 09:55:00,5/10/2021 9:55,SHR,2021,D,FALSE,CLR,Ebb,1,20.5,2.1,134,146,7.5,8.29,5.9,10,Low,978900,986637,7737,7737,50.9026095,50.9026095,1,NA,NA,Terrestrial Insect,NA,NA,Hymenoptera,NA,Adults,245,4.813,4.813,NA,NA,NA,NA,1,LAB,NA,NA,NA,NA,NA   1   NA   NA,NA   LAB   NA   NA
SHR_2021-05-10 09:55:00,5/10/2021 9:55,SHR,2021,D,FALSE,CLR,Ebb,1,20.5,2.1,134,146,7.5,8.29,5.9,10,Low,978900,986637,7737,7737,50.9026095,50.9026095,1,NA,NA,Terrestrial Insect,NA,NA,Lepidoptera,NA,Larvae,2,0.039,0.039,NA,NA,NA,NA,1,LAB,NA,NA,NA,NA,NA   1   NA   NA,NA   LAB   NA   NA
SHR_2021-05-10 09:55:00,5/10/2021 9:55,SHR,2021,D,FALSE,CLR,Ebb,1,20.5,2.1,134,146,7.5,8.29,5.9,10,Low,978900,986637,7737,7737,50.9026095,50.9026095,1,NA,NA,Terrestrial Insect,NA,NA,Lepidoptera,NA,Adults,3,0.059,0.059,NA,NA,NA,NA,1,LAB,NA,NA,NA,NA,NA   1   NA   NA,NA   LAB   NA   NA
SHR_2021-05-10 09:55:00,5/10/2021 9:55,SHR,2021,D,FALSE,CLR,Ebb,1,20.5,2.1,134,146,7.5,8.29,5.9,10,Low,978900,986637,7737,7737,50.9026095,50.9026095,1,NA,NA,Aquatic Insect,NA,NA,Coenagrionidae,NA,Nymphs,1,0.02,0.02,NA,NA,NA,NA,1,LAB,NA,NA,NA,NA,NA   1   NA   NA,NA   LAB   NA   NA
SHR_2021-05-10 09:55:00,5/10/2021 9:55,SHR,2021,D,FALSE,CLR,Ebb,1,20.5,2.1,134,146,7.5,8.29,5.9,10,Low,978900,986637,7737,7737,50.9026095,50.9026095,1,NA,NA,Terrestrial Insect,NA,NA,Psocoptera,NA,Nymphs,13,0.255,0.255,NA,NA,NA,NA,1,LAB,NA,NA,NA,NA,NA   1   NA   NA,NA   LAB   NA   NA
SHR_2021-05-10 09:55:00,5/10/2021 9:55,SHR,2021,D,FALSE,CLR,Ebb,1,20.5,2.1,134,146,7.5,8.29,5.9,10,Low,978900,986637,7737,7737,50.9026095,50.9026095,1,NA,NA,Terrestrial Insect,NA,NA,Psocoptera,NA,Adults,6,0.118,0.118,NA,NA,NA,NA,1,LAB,NA,NA,NA,NA,NA   1   NA   NA,NA   LAB   NA   NA
SHR_2021-05-10 09:55:00,5/10/2021 9:55,SHR,2021,D,FALSE,CLR,Ebb,1,20.5,2.1,134,146,7.5,8.29,5.9,10,Low,978900,986637,7737,7737,50.9026095,50.9026095,1,NA,NA,Terrestrial Insect,NA,NA,Thysanoptera,NA,Nymphs,375,7.367,7.367,NA,NA,NA,NA,1,LAB,NA,NA,NA,NA,NA   1   NA   NA,NA   LAB   NA   NA
SHR_2021-05-10 09:55:00,5/10/2021 9:55,SHR,2021,D,FALSE,CLR,Ebb,1,20.5,2.1,134,146,7.5,8.29,5.9,10,Low,978900,986637,7737,7737,50.9026095,50.9026095,1,NA,NA,Terrestrial Insect,NA,NA,Thysanoptera,NA,Adults,439,8.624,8.624,NA,NA,NA,NA,1,LAB,NA,NA,NA,NA,NA   1   NA   NA,NA   LAB   NA   NA
SHR_2021-05-10 09:55:00,5/10/2021 9:55,SHR,2021,D,FALSE,CLR,Ebb,1,20.5,2.1,134,146,7.5,8.29,5.9,10,Low,978900,986637,7737,7737,50.9026095,50.9026095,1,NA,NA,Aquatic Insect,NA,NA,Trichoptera,NA,Adults,2,0.039,0.039,NA,NA,NA,NA,1,LAB,NA,NA,NA,NA,NA   1   NA   NA,NA   LAB   NA   NA
SHR_2021-05-10 09:55:00,5/10/2021 9:55,SHR,2021,D,FALSE,CLR,Ebb,1,20.5,2.1,134,146,7.5,8.29,5.9,10,Low,978900,986637,7737,7737,50.9026095,50.9026095,1,NA,NA,Aquatic Insect,NA,NA,Hydroptilidae,NA,Larvae,2,0.039,0.039,NA,NA,NA,NA,1,LAB,NA,NA,NA,NA,NA   1   NA   NA,NA   LAB   NA   NA
SHR_2021-05-10 09:55:00,5/10/2021 9:55,SHR,2021,D,FALSE,CLR,Ebb,1,20.5,2.1,134,146,7.5,8.29,5.9,10,Low,978900,986637,7737,7737,50.9026095,50.9026095,1,NA,NA,Aquatic Non-Insect,NA,NA,Corophiidae,NA,Nymphs,5,0.098,0.098,NA,NA,NA,NA,1,LAB,NA,NA,NA,NA,NA   1   NA   NA,NA   LAB   NA   NA
SHR_2021-05-10 09:55:00,5/10/2021 9:55,SHR,2021,D,FALSE,CLR,Ebb,1,20.5,2.1,134,146,7.5,8.29,5.9,10,Low,978900,986637,7737,7737,50.9026095,50.9026095,1,NA,NA,Aquatic Non-Insect,NA,NA,Hyalellidae,NA,Nymphs,5,0.098,0.098,NA,NA,NA,NA,1,LAB,NA,NA,NA,NA,NA   1   NA   NA,NA   LAB   NA   NA
SHR_2021-05-10 09:55:00,5/10/2021 9:55,SHR,2021,D,FALSE,CLR,Ebb,1,20.5,2.1,134,146,7.5,8.29,5.9,10,Low,978900,986637,7737,7737,50.9026095,50.9026095,1,NA,NA,Aquatic Non-Insect,NA,NA,Copepoda,NA,Nymphs,1,0.02,0.02,NA,NA,NA,NA,1,LAB,NA,NA,NA,NA,NA   1   NA   NA,NA   LAB   NA   NA
SHR_2021-05-10 09:55:00,5/10/2021 9:55,SHR,2021,D,FALSE,CLR,Ebb,1,20.5,2.1,134,146,7.5,8.29,5.9,10,Low,978900,986637,7737,7737,50.9026095,50.9026095,1,NA,NA,Aquatic Non-Insect,NA,NA,Ostracoda,NA,NA,1,0.02,0.02,NA,NA,NA,NA,1,LAB,NA,NA,NA,NA,NA   1   NA   NA,NA   LAB   NA   NA
STTD_2021-05-11 09:31:00,5/11/2021 9:31,STTD,2021,D,FALSE,CLR,Ebb,1,20,0.45,238,264,7.84,7.76,16.1,10,Low,974365,978760,4395,4395,28.91520858,28.91520858,1,NA,NA,Aquatic Non-Insect,NA,NA,Actinopterygii,NA,NA,15,0.519,0.519,NA,NA,NA,NA,1,LAB,NA,NA,NA,NA,NA   1   NA   NA,NA   LAB   NA   NA
STTD_2021-05-11 09:31:00,5/11/2021 9:31,STTD,2021,D,FALSE,CLR,Ebb,1,20,0.45,238,264,7.84,7.76,16.1,10,Low,974365,978760,4395,4395,28.91520858,28.91520858,1,NA,NA,Terrestrial Non-Insect,NA,NA,Acari,NA,NA,15,0.519,0.519,NA,NA,NA,NA,1,LAB,NA,NA,NA,NA,NA   1   NA   NA,NA   LAB   NA   NA
STTD_2021-05-11 09:31:00,5/11/2021 9:31,STTD,2021,D,FALSE,CLR,Ebb,1,20,0.45,238,264,7.84,7.76,16.1,10,Low,974365,978760,4395,4395,28.91520858,28.91520858,1,NA,NA,Terrestrial Non-Insect,NA,NA,Araneae,NA,NA,11,0.38,0.38,NA,NA,NA,NA,1,LAB,NA,NA,NA,NA,NA   1   NA   NA,NA   LAB   NA   NA
STTD_2021-05-11 09:31:00,5/11/2021 9:31,STTD,2021,D,FALSE,CLR,Ebb,1,20,0.45,238,264,7.84,7.76,16.1,10,Low,974365,978760,4395,4395,28.91520858,28.91520858,1,NA,NA,Aquatic Non-Insect,NA,NA,Naididae,NA,NA,3,0.104,0.104,NA,NA,NA,NA,1,LAB,NA,NA,NA,NA,NA   1   NA   NA,NA   LAB   NA   NA
STTD_2021-05-11 09:31:00,5/11/2021 9:31,STTD,2021,D,FALSE,CLR,Ebb,1,20,0.45,238,264,7.84,7.76,16.1,10,Low,974365,978760,4395,4395,28.91520858,28.91520858,1,NA,NA,Aquatic Non-Insect,NA,NA,Murchisonellidae,NA,NA,1,0.035,0.035,NA,NA,NA,NA,1,LAB,NA,NA,NA,NA,NA   1   NA   NA,NA   LAB   NA   NA
STTD_2021-05-11 09:31:00,5/11/2021 9:31,STTD,2021,D,FALSE,CLR,Ebb,1,20,0.45,238,264,7.84,7.76,16.1,10,Low,974365,978760,4395,4395,28.91520858,28.91520858,1,NA,NA,Aquatic Non-Insect,NA,NA,Lymnaeidae,NA,NA,3,0.104,0.104,NA,NA,NA,NA,1,LAB,NA,NA,NA,NA,NA   1   NA   NA,NA   LAB   NA   NA
STTD_2021-05-11 09:31:00,5/11/2021 9:31,STTD,2021,D,FALSE,CLR,Ebb,1,20,0.45,238,264,7.84,7.76,16.1,10,Low,974365,978760,4395,4395,28.91520858,28.91520858,1,NA,NA,Aquatic Non-Insect,NA,NA,Physidae,NA,NA,14,0.484,0.484,NA,NA,NA,NA,1,LAB,NA,NA,NA,NA,NA   1   NA   NA,NA   LAB   NA   NA
STTD_2021-05-11 09:31:00,5/11/2021 9:31,STTD,2021,D,FALSE,CLR,Ebb,1,20,0.45,238,264,7.84,7.76,16.1,10,Low,974365,978760,4395,4395,28.91520858,28.91520858,1,NA,NA,Aquatic Non-Insect,NA,NA,Planorbidae,NA,NA,9,0.311,0.311,NA,NA,NA,NA,1,LAB,NA,NA,NA,NA,NA   1   NA   NA,NA   LAB   NA   NA
STTD_2021-05-11 09:31:00,5/11/2021 9:31,STTD,2021,D,FALSE,CLR,Ebb,1,20,0.45,238,264,7.84,7.76,16.1,10,Low,974365,978760,4395,4395,28.91520858,28.91520858,1,NA,NA,Aquatic Non-Insect,NA,NA,Truncatelloidea,NA,NA,1,0.035,0.035,NA,NA,NA,NA,1,LAB,NA,NA,NA,NA,NA   1   NA   NA,NA   LAB   NA   NA
STTD_2021-05-11 09:31:00,5/11/2021 9:31,STTD,2021,D,FALSE,CLR,Ebb,1,20,0.45,238,264,7.84,7.76,16.1,10,Low,974365,978760,4395,4395,28.91520858,28.91520858,1,NA,NA,Terrestrial Insect,NA,NA,Coleoptera,NA,Larvae,2,0.069,0.069,NA,NA,NA,NA,1,LAB,NA,NA,NA,NA,NA   1   NA   NA,NA   LAB   NA   NA
STTD_2021-05-11 09:31:00,5/11/2021 9:31,STTD,2021,D,FALSE,CLR,Ebb,1,20,0.45,238,264,7.84,7.76,16.1,10,Low,974365,978760,4395,4395,28.91520858,28.91520858,1,NA,NA,Terrestrial Insect,NA,NA,Coleoptera,NA,Adults,16,0.553,0.553,NA,NA,NA,NA,1,LAB,NA,NA,NA,NA,NA   1   NA   NA,NA   LAB   NA   NA
STTD_2021-05-11 09:31:00,5/11/2021 9:31,STTD,2021,D,FALSE,CLR,Ebb,1,20,0.45,238,264,7.84,7.76,16.1,10,Low,974365,978760,4395,4395,28.91520858,28.91520858,1,NA,NA,Aquatic Insect,NA,NA,Dytiscidae,NA,Adults,3,0.104,0.104,NA,NA,NA,NA,1,LAB,NA,NA,NA,NA,NA   1   NA   NA,NA   LAB   NA   NA
STTD_2021-05-11 09:31:00,5/11/2021 9:31,STTD,2021,D,FALSE,CLR,Ebb,1,20,0.45,238,264,7.84,7.76,16.1,10,Low,974365,978760,4395,4395,28.91520858,28.91520858,1,NA,NA,Aquatic Insect,NA,NA,Helophoridae,NA,Adults,2,0.069,0.069,NA,NA,NA,NA,1,LAB,NA,NA,NA,NA,NA   1   NA   NA,NA   LAB   NA   NA
STTD_2021-05-11 09:31:00,5/11/2021 9:31,STTD,2021,D,FALSE,CLR,Ebb,1,20,0.45,238,264,7.84,7.76,16.1,10,Low,974365,978760,4395,4395,28.91520858,28.91520858,1,NA,NA,Aquatic Insect,NA,NA,Hydraenidae,NA,Adults,18,0.623,0.623,NA,NA,NA,NA,1,LAB,NA,NA,NA,NA,NA   1   NA   NA,NA   LAB   NA   NA
STTD_2021-05-11 09:31:00,5/11/2021 9:31,STTD,2021,D,FALSE,CLR,Ebb,1,20,0.45,238,264,7.84,7.76,16.1,10,Low,974365,978760,4395,4395,28.91520858,28.91520858,1,NA,NA,Aquatic Insect,NA,NA,Hydrophilidae,NA,Adults,1,0.035,0.035,NA,NA,NA,NA,1,LAB,NA,NA,NA,NA,NA   1   NA   NA,NA   LAB   NA   NA
STTD_2021-05-11 09:31:00,5/11/2021 9:31,STTD,2021,D,FALSE,CLR,Ebb,1,20,0.45,238,264,7.84,7.76,16.1,10,Low,974365,978760,4395,4395,28.91520858,28.91520858,1,NA,NA,Terrestrial Non-Insect,NA,NA,Collembola,NA,Larvae,150,5.188,5.188,NA,NA,NA,NA,1,LAB,NA,NA,NA,NA,NA   1   NA   NA,NA   LAB   NA   NA
STTD_2021-05-11 09:31:00,5/11/2021 9:31,STTD,2021,D,FALSE,CLR,Ebb,1,20,0.45,238,264,7.84,7.76,16.1,10,Low,974365,978760,4395,4395,28.91520858,28.91520858,1,NA,NA,Terrestrial Insect,NA,NA,Diptera,NA,Pupae,1,0.035,0.035,NA,NA,NA,NA,1,LAB,NA,NA,NA,NA,NA   1   NA   NA,NA   LAB   NA   NA
STTD_2021-05-11 09:31:00,5/11/2021 9:31,STTD,2021,D,FALSE,CLR,Ebb,1,20,0.45,238,264,7.84,7.76,16.1,10,Low,974365,978760,4395,4395,28.91520858,28.91520858,1,NA,NA,Terrestrial Insect,NA,NA,Diptera,NA,Adults,54,1.868,1.868,NA,NA,NA,NA,1,LAB,NA,NA,NA,NA,NA   1   NA   NA,NA   LAB   NA   NA
STTD_2021-05-11 09:31:00,5/11/2021 9:31,STTD,2021,D,FALSE,CLR,Ebb,1,20,0.45,238,264,7.84,7.76,16.1,10,Low,974365,978760,4395,4395,28.91520858,28.91520858,1,NA,NA,Aquatic Insect,NA,NA,Ceratopogonidae,NA,Pupae,7,0.242,0.242,NA,NA,NA,NA,1,LAB,NA,NA,NA,NA,NA   1   NA   NA,NA   LAB   NA   NA
STTD_2021-05-11 09:31:00,5/11/2021 9:31,STTD,2021,D,FALSE,CLR,Ebb,1,20,0.45,238,264,7.84,7.76,16.1,10,Low,974365,978760,4395,4395,28.91520858,28.91520858,1,NA,NA,Aquatic Insect,NA,NA,Chironomidae,NA,Larvae,26,0.899,0.899,NA,NA,NA,NA,1,LAB,NA,NA,NA,NA,NA   1   NA   NA,NA   LAB   NA   NA
STTD_2021-05-11 09:31:00,5/11/2021 9:31,STTD,2021,D,FALSE,CLR,Ebb,1,20,0.45,238,264,7.84,7.76,16.1,10,Low,974365,978760,4395,4395,28.91520858,28.91520858,1,NA,NA,Aquatic Insect,NA,NA,Chironomidae,NA,Adults,79,2.732,2.732,NA,NA,NA,NA,1,LAB,NA,NA,NA,NA,NA   1   NA   NA,NA   LAB   NA   NA
STTD_2021-05-11 09:31:00,5/11/2021 9:31,STTD,2021,D,FALSE,CLR,Ebb,1,20,0.45,238,264,7.84,7.76,16.1,10,Low,974365,978760,4395,4395,28.91520858,28.91520858,1,NA,emergent,Aquatic Insect,NA,NA,Ephemeroptera,NA,Adults,1,0.035,0.035,NA,NA,NA,NA,1,LAB,NA,NA,NA,NA,NA   1   NA   NA,NA   LAB   NA   NA
STTD_2021-05-11 09:31:00,5/11/2021 9:31,STTD,2021,D,FALSE,CLR,Ebb,1,20,0.45,238,264,7.84,7.76,16.1,10,Low,974365,978760,4395,4395,28.91520858,28.91520858,1,NA,NA,Terrestrial Insect,NA,NA,Hemiptera,NA,Nymphs,104,3.597,3.597,NA,NA,NA,NA,1,LAB,NA,NA,NA,NA,NA   1   NA   NA,NA   LAB   NA   NA
STTD_2021-05-11 09:31:00,5/11/2021 9:31,STTD,2021,D,FALSE,CLR,Ebb,1,20,0.45,238,264,7.84,7.76,16.1,10,Low,974365,978760,4395,4395,28.91520858,28.91520858,1,NA,NA,Terrestrial Insect,NA,NA,Hemiptera,NA,Adults,56,1.937,1.937,NA,NA,NA,NA,1,LAB,NA,NA,NA,NA,NA   1   NA   NA,NA   LAB   NA   NA
STTD_2021-05-11 09:31:00,5/11/2021 9:31,STTD,2021,D,FALSE,CLR,Ebb,1,20,0.45,238,264,7.84,7.76,16.1,10,Low,974365,978760,4395,4395,28.91520858,28.91520858,1,NA,NA,Aquatic Insect,NA,NA,Corixidae,NA,Nymphs,11,0.38,0.38,NA,NA,NA,NA,1,LAB,NA,NA,NA,NA,NA   1   NA   NA,NA   LAB   NA   NA
STTD_2021-05-11 09:31:00,5/11/2021 9:31,STTD,2021,D,FALSE,CLR,Ebb,1,20,0.45,238,264,7.84,7.76,16.1,10,Low,974365,978760,4395,4395,28.91520858,28.91520858,1,NA,NA,Aquatic Insect,NA,NA,Corixidae,NA,Adults,1,0.035,0.035,NA,NA,NA,NA,1,LAB,NA,NA,NA,NA,NA   1   NA   NA,NA   LAB   NA   NA
STTD_2021-05-11 09:31:00,5/11/2021 9:31,STTD,2021,D,FALSE,CLR,Ebb,1,20,0.45,238,264,7.84,7.76,16.1,10,Low,974365,978760,4395,4395,28.91520858,28.91520858,1,NA,NA,Terrestrial Insect,NA,NA,Hymenoptera,NA,Adults,70,2.421,2.421,NA,NA,NA,NA,1,LAB,NA,NA,NA,NA,NA   1   NA   NA,NA   LAB   NA   NA
STTD_2021-05-11 09:31:00,5/11/2021 9:31,STTD,2021,D,FALSE,CLR,Ebb,1,20,0.45,238,264,7.84,7.76,16.1,10,Low,974365,978760,4395,4395,28.91520858,28.91520858,1,NA,NA,Terrestrial Insect,NA,NA,Lepidoptera,NA,Adults,1,0.035,0.035,NA,NA,NA,NA,1,LAB,NA,NA,NA,NA,NA   1   NA   NA,NA   LAB   NA   NA
STTD_2021-05-11 09:31:00,5/11/2021 9:31,STTD,2021,D,FALSE,CLR,Ebb,1,20,0.45,238,264,7.84,7.76,16.1,10,Low,974365,978760,4395,4395,28.91520858,28.91520858,1,NA,NA,Terrestrial Insect,NA,NA,Neuroptera,NA,Larvae,2,0.069,0.069,NA,NA,NA,NA,1,LAB,NA,NA,NA,NA,NA   1   NA   NA,NA   LAB   NA   NA
STTD_2021-05-11 09:31:00,5/11/2021 9:31,STTD,2021,D,FALSE,CLR,Ebb,1,20,0.45,238,264,7.84,7.76,16.1,10,Low,974365,978760,4395,4395,28.91520858,28.91520858,1,NA,NA,Aquatic Insect,NA,NA,Coenagrionidae,NA,Larvae,6,0.208,0.208,NA,NA,NA,NA,1,LAB,NA,NA,NA,NA,NA   1   NA   NA,NA   LAB   NA   NA
STTD_2021-05-11 09:31:00,5/11/2021 9:31,STTD,2021,D,FALSE,CLR,Ebb,1,20,0.45,238,264,7.84,7.76,16.1,10,Low,974365,978760,4395,4395,28.91520858,28.91520858,1,NA,NA,Terrestrial Insect,NA,NA,Orthoptera,NA,Nymphs,1,0.035,0.035,NA,NA,NA,NA,1,LAB,NA,NA,NA,NA,NA   1   NA   NA,NA   LAB   NA   NA
STTD_2021-05-11 09:31:00,5/11/2021 9:31,STTD,2021,D,FALSE,CLR,Ebb,1,20,0.45,238,264,7.84,7.76,16.1,10,Low,974365,978760,4395,4395,28.91520858,28.91520858,1,NA,NA,Terrestrial Insect,NA,NA,Psocoptera,NA,Larvae,7,0.242,0.242,NA,NA,NA,NA,1,LAB,NA,NA,NA,NA,NA   1   NA   NA,NA   LAB   NA   NA
STTD_2021-05-11 09:31:00,5/11/2021 9:31,STTD,2021,D,FALSE,CLR,Ebb,1,20,0.45,238,264,7.84,7.76,16.1,10,Low,974365,978760,4395,4395,28.91520858,28.91520858,1,NA,NA,Terrestrial Insect,NA,NA,Psocoptera,NA,Adults,1,0.035,0.035,NA,NA,NA,NA,1,LAB,NA,NA,NA,NA,NA   1   NA   NA,NA   LAB   NA   NA
STTD_2021-05-11 09:31:00,5/11/2021 9:31,STTD,2021,D,FALSE,CLR,Ebb,1,20,0.45,238,264,7.84,7.76,16.1,10,Low,974365,978760,4395,4395,28.91520858,28.91520858,1,NA,NA,Terrestrial Insect,NA,NA,Thysanoptera,NA,Adults,80,2.767,2.767,NA,NA,NA,NA,1,LAB,NA,NA,NA,NA,NA   1   NA   NA,NA   LAB   NA   NA
STTD_2021-05-11 09:31:00,5/11/2021 9:31,STTD,2021,D,FALSE,CLR,Ebb,1,20,0.45,238,264,7.84,7.76,16.1,10,Low,974365,978760,4395,4395,28.91520858,28.91520858,1,NA,NA,Aquatic Insect,NA,NA,Trichoptera,NA,Adults,11,0.38,0.38,NA,NA,NA,NA,1,LAB,NA,NA,NA,NA,NA   1   NA   NA,NA   LAB   NA   NA
STTD_2021-05-11 09:31:00,5/11/2021 9:31,STTD,2021,D,FALSE,CLR,Ebb,1,20,0.45,238,264,7.84,7.76,16.1,10,Low,974365,978760,4395,4395,28.91520858,28.91520858,1,NA,NA,Aquatic Non-Insect,NA,NA,Corophiidae,NA,NA,3,0.104,0.104,NA,NA,NA,NA,1,LAB,NA,NA,NA,NA,NA   1   NA   NA,NA   LAB   NA   NA
STTD_2021-05-11 09:31:00,5/11/2021 9:31,STTD,2021,D,FALSE,CLR,Ebb,1,20,0.45,238,264,7.84,7.76,16.1,10,Low,974365,978760,4395,4395,28.91520858,28.91520858,1,NA,NA,Aquatic Non-Insect,NA,NA,Hyalellidae,NA,NA,289,9.995,9.995,NA,NA,NA,NA,1,LAB,NA,NA,NA,NA,NA   1   NA   NA,NA   LAB   NA   NA
STTD_2021-05-11 09:31:00,5/11/2021 9:31,STTD,2021,D,FALSE,CLR,Ebb,1,20,0.45,238,264,7.84,7.76,16.1,10,Low,974365,978760,4395,4395,28.91520858,28.91520858,1,NA,NA,Aquatic Non-Insect,NA,NA,Ostracoda,NA,NA,7,0.242,0.242,NA,NA,NA,NA,1,LAB,NA,NA,NA,NA,NA   1   NA   NA,NA   LAB   NA   NA
SHR_2021-05-24 09:44:00,5/24/2021 9:44,SHR,2021,D,FALSE,CLR,Ebb,1,20,1.38,124,137,7.74,8.72,5.8,10,Low,974411,962445,11966,11966,78.72568505,78.72568505,1,NA,All specimens in Ref. Coll. = Not Weighed,Terrestrial Insect,NA,NA,Protura,NA,Nymphs,1,0.013,0.013,NA,NA,NA,NA,NA,NA,NA,NA,NA,NA,NA   NA   NA   NA,NA   NA   NA   NA
SHR_2021-05-24 09:44:00,5/24/2021 9:44,SHR,2021,D,FALSE,CLR,Ebb,1,20,1.38,124,137,7.74,8.72,5.8,10,Low,974411,962445,11966,11966,78.72568505,78.72568505,1,NA,All specimens in Ref. Coll. = Not Weighed,Terrestrial Insect,NA,NA,Protura,NA,Nymphs,1,0.013,0.013,NA,NA,NA,NA,1,LAB,NA,NA,NA,NA,NA   1   NA   NA,NA   LAB   NA   NA
SHR_2021-05-24 09:44:00,5/24/2021 9:44,SHR,2021,D,FALSE,CLR,Ebb,1,20,1.38,124,137,7.74,8.72,5.8,10,Low,974411,962445,11966,11966,78.72568505,78.72568505,1,NA,NA,Aquatic Non-Insect,NA,NA,Actinopterygii,NA,NA,3,0.038,0.038,NA,NA,NA,NA,NA,NA,NA,NA,NA,NA,NA   NA   NA   NA,NA   NA   NA   NA
SHR_2021-05-24 09:44:00,5/24/2021 9:44,SHR,2021,D,FALSE,CLR,Ebb,1,20,1.38,124,137,7.74,8.72,5.8,10,Low,974411,962445,11966,11966,78.72568505,78.72568505,1,NA,NA,Aquatic Non-Insect,NA,NA,Actinopterygii,NA,NA,3,0.038,0.038,NA,NA,NA,NA,1,LAB,NA,NA,NA,NA,NA   1   NA   NA,NA   LAB   NA   NA
SHR_2021-05-24 09:44:00,5/24/2021 9:44,SHR,2021,D,FALSE,CLR,Ebb,1,20,1.38,124,137,7.74,8.72,5.8,10,Low,974411,962445,11966,11966,78.72568505,78.72568505,1,NA,NA,Terrestrial Non-Insect,NA,NA,Acari,NA,NA,1,0.013,0.013,NA,NA,NA,NA,NA,NA,NA,NA,NA,NA,NA   NA   NA   NA,NA   NA   NA   NA
SHR_2021-05-24 09:44:00,5/24/2021 9:44,SHR,2021,D,FALSE,CLR,Ebb,1,20,1.38,124,137,7.74,8.72,5.8,10,Low,974411,962445,11966,11966,78.72568505,78.72568505,1,NA,NA,Terrestrial Non-Insect,NA,NA,Acari,NA,NA,1,0.013,0.013,NA,NA,NA,NA,1,LAB,NA,NA,NA,NA,NA   1   NA   NA,NA   LAB   NA   NA
SHR_2021-05-24 09:44:00,5/24/2021 9:44,SHR,2021,D,FALSE,CLR,Ebb,1,20,1.38,124,137,7.74,8.72,5.8,10,Low,974411,962445,11966,11966,78.72568505,78.72568505,1,NA,NA,Terrestrial Non-Insect,NA,NA,Araneae,NA,NA,29,0.368,0.368,NA,NA,NA,NA,NA,NA,NA,NA,NA,NA,NA   NA   NA   NA,NA   NA   NA   NA
SHR_2021-05-24 09:44:00,5/24/2021 9:44,SHR,2021,D,FALSE,CLR,Ebb,1,20,1.38,124,137,7.74,8.72,5.8,10,Low,974411,962445,11966,11966,78.72568505,78.72568505,1,NA,NA,Terrestrial Non-Insect,NA,NA,Araneae,NA,NA,29,0.368,0.368,NA,NA,NA,NA,1,LAB,NA,NA,NA,NA,NA   1   NA   NA,NA   LAB   NA   NA
SHR_2021-05-24 09:44:00,5/24/2021 9:44,SHR,2021,D,FALSE,CLR,Ebb,1,20,1.38,124,137,7.74,8.72,5.8,10,Low,974411,962445,11966,11966,78.72568505,78.72568505,1,NA,NA,Aquatic Non-Insect,NA,NA,Naididae,NA,NA,20,0.254,0.254,NA,NA,NA,NA,NA,NA,NA,NA,NA,NA,NA   NA   NA   NA,NA   NA   NA   NA
SHR_2021-05-24 09:44:00,5/24/2021 9:44,SHR,2021,D,FALSE,CLR,Ebb,1,20,1.38,124,137,7.74,8.72,5.8,10,Low,974411,962445,11966,11966,78.72568505,78.72568505,1,NA,NA,Aquatic Non-Insect,NA,NA,Naididae,NA,NA,20,0.254,0.254,NA,NA,NA,NA,1,LAB,NA,NA,NA,NA,NA   1   NA   NA,NA   LAB   NA   NA
SHR_2021-05-24 09:44:00,5/24/2021 9:44,SHR,2021,D,FALSE,CLR,Ebb,1,20,1.38,124,137,7.74,8.72,5.8,10,Low,974411,962445,11966,11966,78.72568505,78.72568505,1,NA,All specimens in Ref. Coll. = Not Weighed,Terrestrial Non-Insect,NA,NA,Diplopoda,NA,NA,1,0.013,0.013,NA,NA,NA,NA,NA,NA,NA,NA,NA,NA,NA   NA   NA   NA,NA   NA   NA   NA
SHR_2021-05-24 09:44:00,5/24/2021 9:44,SHR,2021,D,FALSE,CLR,Ebb,1,20,1.38,124,137,7.74,8.72,5.8,10,Low,974411,962445,11966,11966,78.72568505,78.72568505,1,NA,All specimens in Ref. Coll. = Not Weighed,Terrestrial Non-Insect,NA,NA,Diplopoda,NA,NA,1,0.013,0.013,NA,NA,NA,NA,1,LAB,NA,NA,NA,NA,NA   1   NA   NA,NA   LAB   NA   NA
SHR_2021-05-24 09:44:00,5/24/2021 9:44,SHR,2021,D,FALSE,CLR,Ebb,1,20,1.38,124,137,7.74,8.72,5.8,10,Low,974411,962445,11966,11966,78.72568505,78.72568505,1,NA,All specimens in Ref. Coll. = Not Weighed,Aquatic Non-Insect,NA,NA,Lymnaeidae,NA,NA,2,0.025,0.025,NA,NA,NA,NA,NA,NA,NA,NA,NA,NA,NA   NA   NA   NA,NA   NA   NA   NA
SHR_2021-05-24 09:44:00,5/24/2021 9:44,SHR,2021,D,FALSE,CLR,Ebb,1,20,1.38,124,137,7.74,8.72,5.8,10,Low,974411,962445,11966,11966,78.72568505,78.72568505,1,NA,All specimens in Ref. Coll. = Not Weighed,Aquatic Non-Insect,NA,NA,Lymnaeidae,NA,NA,2,0.025,0.025,NA,NA,NA,NA,1,LAB,NA,NA,NA,NA,NA   1   NA   NA,NA   LAB   NA   NA
SHR_2021-05-24 09:44:00,5/24/2021 9:44,SHR,2021,D,FALSE,CLR,Ebb,1,20,1.38,124,137,7.74,8.72,5.8,10,Low,974411,962445,11966,11966,78.72568505,78.72568505,1,NA,NA,Aquatic Non-Insect,NA,NA,Physidae,NA,NA,2,0.025,0.025,NA,NA,NA,NA,NA,NA,NA,NA,NA,NA,NA   NA   NA   NA,NA   NA   NA   NA
SHR_2021-05-24 09:44:00,5/24/2021 9:44,SHR,2021,D,FALSE,CLR,Ebb,1,20,1.38,124,137,7.74,8.72,5.8,10,Low,974411,962445,11966,11966,78.72568505,78.72568505,1,NA,NA,Aquatic Non-Insect,NA,NA,Physidae,NA,NA,2,0.025,0.025,NA,NA,NA,NA,1,LAB,NA,NA,NA,NA,NA   1   NA   NA,NA   LAB   NA   NA
SHR_2021-05-24 09:44:00,5/24/2021 9:44,SHR,2021,D,FALSE,CLR,Ebb,1,20,1.38,124,137,7.74,8.72,5.8,10,Low,974411,962445,11966,11966,78.72568505,78.72568505,1,NA,NA,Aquatic Non-Insect,NA,NA,Planorbidae,NA,NA,3,0.038,0.038,NA,NA,NA,NA,NA,NA,NA,NA,NA,NA,NA   NA   NA   NA,NA   NA   NA   NA
SHR_2021-05-24 09:44:00,5/24/2021 9:44,SHR,2021,D,FALSE,CLR,Ebb,1,20,1.38,124,137,7.74,8.72,5.8,10,Low,974411,962445,11966,11966,78.72568505,78.72568505,1,NA,NA,Aquatic Non-Insect,NA,NA,Planorbidae,NA,NA,3,0.038,0.038,NA,NA,NA,NA,1,LAB,NA,NA,NA,NA,NA   1   NA   NA,NA   LAB   NA   NA
SHR_2021-05-24 09:44:00,5/24/2021 9:44,SHR,2021,D,FALSE,CLR,Ebb,1,20,1.38,124,137,7.74,8.72,5.8,10,Low,974411,962445,11966,11966,78.72568505,78.72568505,1,NA,NA,Aquatic Non-Insect,NA,NA,Truncatelloidea,NA,NA,6,0.076,0.076,NA,NA,NA,NA,NA,NA,NA,NA,NA,NA,NA   NA   NA   NA,NA   NA   NA   NA
SHR_2021-05-24 09:44:00,5/24/2021 9:44,SHR,2021,D,FALSE,CLR,Ebb,1,20,1.38,124,137,7.74,8.72,5.8,10,Low,974411,962445,11966,11966,78.72568505,78.72568505,1,NA,NA,Aquatic Non-Insect,NA,NA,Truncatelloidea,NA,NA,6,0.076,0.076,NA,NA,NA,NA,1,LAB,NA,NA,NA,NA,NA   1   NA   NA,NA   LAB   NA   NA
SHR_2021-05-24 09:44:00,5/24/2021 9:44,SHR,2021,D,FALSE,CLR,Ebb,1,20,1.38,124,137,7.74,8.72,5.8,10,Low,974411,962445,11966,11966,78.72568505,78.72568505,1,NA,NA,Terrestrial Insect,NA,NA,Coleoptera,NA,Adults,24,0.305,0.305,NA,NA,NA,NA,NA,NA,NA,NA,NA,NA,NA   NA   NA   NA,NA   NA   NA   NA
SHR_2021-05-24 09:44:00,5/24/2021 9:44,SHR,2021,D,FALSE,CLR,Ebb,1,20,1.38,124,137,7.74,8.72,5.8,10,Low,974411,962445,11966,11966,78.72568505,78.72568505,1,NA,NA,Terrestrial Insect,NA,NA,Coleoptera,NA,Adults,24,0.305,0.305,NA,NA,NA,NA,1,LAB,NA,NA,NA,NA,NA   1   NA   NA,NA   LAB   NA   NA
SHR_2021-05-24 09:44:00,5/24/2021 9:44,SHR,2021,D,FALSE,CLR,Ebb,1,20,1.38,124,137,7.74,8.72,5.8,10,Low,974411,962445,11966,11966,78.72568505,78.72568505,1,NA,NA,Aquatic Insect,NA,NA,Dytiscidae,NA,Adults,8,0.102,0.102,NA,NA,NA,NA,NA,NA,NA,NA,NA,NA,NA   NA   NA   NA,NA   NA   NA   NA
SHR_2021-05-24 09:44:00,5/24/2021 9:44,SHR,2021,D,FALSE,CLR,Ebb,1,20,1.38,124,137,7.74,8.72,5.8,10,Low,974411,962445,11966,11966,78.72568505,78.72568505,1,NA,NA,Aquatic Insect,NA,NA,Dytiscidae,NA,Adults,8,0.102,0.102,NA,NA,NA,NA,1,LAB,NA,NA,NA,NA,NA   1   NA   NA,NA   LAB   NA   NA
SHR_2021-05-24 09:44:00,5/24/2021 9:44,SHR,2021,D,FALSE,CLR,Ebb,1,20,1.38,124,137,7.74,8.72,5.8,10,Low,974411,962445,11966,11966,78.72568505,78.72568505,1,NA,NA,Aquatic Insect,NA,NA,Hydraenidae,NA,Adults,17,0.216,0.216,NA,NA,NA,NA,NA,NA,NA,NA,NA,NA,NA   NA   NA   NA,NA   NA   NA   NA
SHR_2021-05-24 09:44:00,5/24/2021 9:44,SHR,2021,D,FALSE,CLR,Ebb,1,20,1.38,124,137,7.74,8.72,5.8,10,Low,974411,962445,11966,11966,78.72568505,78.72568505,1,NA,NA,Aquatic Insect,NA,NA,Hydraenidae,NA,Adults,17,0.216,0.216,NA,NA,NA,NA,1,LAB,NA,NA,NA,NA,NA   1   NA   NA,NA   LAB   NA   NA
SHR_2021-05-24 09:44:00,5/24/2021 9:44,SHR,2021,D,FALSE,CLR,Ebb,1,20,1.38,124,137,7.74,8.72,5.8,10,Low,974411,962445,11966,11966,78.72568505,78.72568505,1,NA,NA,Terrestrial Insect,NA,NA,Collembola,NA,Larvae,18,0.229,0.229,NA,NA,NA,NA,NA,NA,NA,NA,NA,NA,NA   NA   NA   NA,NA   NA   NA   NA
SHR_2021-05-24 09:44:00,5/24/2021 9:44,SHR,2021,D,FALSE,CLR,Ebb,1,20,1.38,124,137,7.74,8.72,5.8,10,Low,974411,962445,11966,11966,78.72568505,78.72568505,1,NA,NA,Terrestrial Insect,NA,NA,Collembola,NA,Larvae,18,0.229,0.229,NA,NA,NA,NA,1,LAB,NA,NA,NA,NA,NA   1   NA   NA,NA   LAB   NA   NA
SHR_2021-05-24 09:44:00,5/24/2021 9:44,SHR,2021,D,FALSE,CLR,Ebb,1,20,1.38,124,137,7.74,8.72,5.8,10,Low,974411,962445,11966,11966,78.72568505,78.72568505,1,NA,NA,Terrestrial Insect,NA,NA,Diptera,NA,Pupae,1,0.013,0.013,NA,NA,NA,NA,NA,NA,NA,NA,NA,NA,NA   NA   NA   NA,NA   NA   NA   NA
SHR_2021-05-24 09:44:00,5/24/2021 9:44,SHR,2021,D,FALSE,CLR,Ebb,1,20,1.38,124,137,7.74,8.72,5.8,10,Low,974411,962445,11966,11966,78.72568505,78.72568505,1,NA,NA,Terrestrial Insect,NA,NA,Diptera,NA,Pupae,1,0.013,0.013,NA,NA,NA,NA,1,LAB,NA,NA,NA,NA,NA   1   NA   NA,NA   LAB   NA   NA
SHR_2021-05-24 09:44:00,5/24/2021 9:44,SHR,2021,D,FALSE,CLR,Ebb,1,20,1.38,124,137,7.74,8.72,5.8,10,Low,974411,962445,11966,11966,78.72568505,78.72568505,1,NA,NA,Terrestrial Insect,NA,NA,Diptera,NA,Adults,646,8.206,8.206,NA,NA,NA,NA,NA,NA,NA,NA,NA,NA,NA   NA   NA   NA,NA   NA   NA   NA
SHR_2021-05-24 09:44:00,5/24/2021 9:44,SHR,2021,D,FALSE,CLR,Ebb,1,20,1.38,124,137,7.74,8.72,5.8,10,Low,974411,962445,11966,11966,78.72568505,78.72568505,1,NA,NA,Terrestrial Insect,NA,NA,Diptera,NA,Adults,646,8.206,8.206,NA,NA,NA,NA,1,LAB,NA,NA,NA,NA,NA   1   NA   NA,NA   LAB   NA   NA
SHR_2021-05-24 09:44:00,5/24/2021 9:44,SHR,2021,D,FALSE,CLR,Ebb,1,20,1.38,124,137,7.74,8.72,5.8,10,Low,974411,962445,11966,11966,78.72568505,78.72568505,1,NA,NA,Aquatic Insect,NA,NA,Ceratopogonidae,NA,Larvae,1,0.013,0.013,NA,NA,NA,NA,NA,NA,NA,NA,NA,NA,NA   NA   NA   NA,NA   NA   NA   NA
SHR_2021-05-24 09:44:00,5/24/2021 9:44,SHR,2021,D,FALSE,CLR,Ebb,1,20,1.38,124,137,7.74,8.72,5.8,10,Low,974411,962445,11966,11966,78.72568505,78.72568505,1,NA,NA,Aquatic Insect,NA,NA,Ceratopogonidae,NA,Larvae,1,0.013,0.013,NA,NA,NA,NA,1,LAB,NA,NA,NA,NA,NA   1   NA   NA,NA   LAB   NA   NA
SHR_2021-05-24 09:44:00,5/24/2021 9:44,SHR,2021,D,FALSE,CLR,Ebb,1,20,1.38,124,137,7.74,8.72,5.8,10,Low,974411,962445,11966,11966,78.72568505,78.72568505,1,NA,NA,Aquatic Insect,NA,NA,Ceratopogonidae,NA,Pupae,115,1.461,1.461,NA,NA,NA,NA,NA,NA,NA,NA,NA,NA,NA   NA   NA   NA,NA   NA   NA   NA
SHR_2021-05-24 09:44:00,5/24/2021 9:44,SHR,2021,D,FALSE,CLR,Ebb,1,20,1.38,124,137,7.74,8.72,5.8,10,Low,974411,962445,11966,11966,78.72568505,78.72568505,1,NA,NA,Aquatic Insect,NA,NA,Ceratopogonidae,NA,Pupae,115,1.461,1.461,NA,NA,NA,NA,1,LAB,NA,NA,NA,NA,NA   1   NA   NA,NA   LAB   NA   NA
SHR_2021-05-24 09:44:00,5/24/2021 9:44,SHR,2021,D,FALSE,CLR,Ebb,1,20,1.38,124,137,7.74,8.72,5.8,10,Low,974411,962445,11966,11966,78.72568505,78.72568505,1,NA,NA,Aquatic Insect,NA,NA,Chironomidae,NA,Larvae,347,4.408,4.408,NA,NA,NA,NA,NA,NA,NA,NA,NA,NA,NA   NA   NA   NA,NA   NA   NA   NA
SHR_2021-05-24 09:44:00,5/24/2021 9:44,SHR,2021,D,FALSE,CLR,Ebb,1,20,1.38,124,137,7.74,8.72,5.8,10,Low,974411,962445,11966,11966,78.72568505,78.72568505,1,NA,NA,Aquatic Insect,NA,NA,Chironomidae,NA,Larvae,347,4.408,4.408,NA,NA,NA,NA,1,LAB,NA,NA,NA,NA,NA   1   NA   NA,NA   LAB   NA   NA
SHR_2021-05-24 09:44:00,5/24/2021 9:44,SHR,2021,D,FALSE,CLR,Ebb,1,20,1.38,124,137,7.74,8.72,5.8,10,Low,974411,962445,11966,11966,78.72568505,78.72568505,1,NA,NA,Aquatic Insect,NA,NA,Chironomidae,NA,Pupae,39,0.495,0.495,NA,NA,NA,NA,NA,NA,NA,NA,NA,NA,NA   NA   NA   NA,NA   NA   NA   NA
SHR_2021-05-24 09:44:00,5/24/2021 9:44,SHR,2021,D,FALSE,CLR,Ebb,1,20,1.38,124,137,7.74,8.72,5.8,10,Low,974411,962445,11966,11966,78.72568505,78.72568505,1,NA,NA,Aquatic Insect,NA,NA,Chironomidae,NA,Pupae,39,0.495,0.495,NA,NA,NA,NA,1,LAB,NA,NA,NA,NA,NA   1   NA   NA,NA   LAB   NA   NA
SHR_2021-05-24 09:44:00,5/24/2021 9:44,SHR,2021,D,FALSE,CLR,Ebb,1,20,1.38,124,137,7.74,8.72,5.8,10,Low,974411,962445,11966,11966,78.72568505,78.72568505,1,NA,29 emergent in adult count,Aquatic Insect,NA,NA,Chironomidae,NA,Adults,619,7.863,7.863,NA,NA,NA,NA,NA,NA,NA,NA,NA,NA,NA   NA   NA   NA,NA   NA   NA   NA
SHR_2021-05-24 09:44:00,5/24/2021 9:44,SHR,2021,D,FALSE,CLR,Ebb,1,20,1.38,124,137,7.74,8.72,5.8,10,Low,974411,962445,11966,11966,78.72568505,78.72568505,1,NA,29 emergent in adult count,Aquatic Insect,NA,NA,Chironomidae,NA,Adults,619,7.863,7.863,NA,NA,NA,NA,1,LAB,NA,NA,NA,NA,NA   1   NA   NA,NA   LAB   NA   NA
SHR_2021-05-24 09:44:00,5/24/2021 9:44,SHR,2021,D,FALSE,CLR,Ebb,1,20,1.38,124,137,7.74,8.72,5.8,10,Low,974411,962445,11966,11966,78.72568505,78.72568505,1,NA,NA,Aquatic Insect,NA,NA,Culicidae,NA,Larvae,1,0.013,0.013,NA,NA,NA,NA,NA,NA,NA,NA,NA,NA,NA   NA   NA   NA,NA   NA   NA   NA
SHR_2021-05-24 09:44:00,5/24/2021 9:44,SHR,2021,D,FALSE,CLR,Ebb,1,20,1.38,124,137,7.74,8.72,5.8,10,Low,974411,962445,11966,11966,78.72568505,78.72568505,1,NA,NA,Aquatic Insect,NA,NA,Culicidae,NA,Larvae,1,0.013,0.013,NA,NA,NA,NA,1,LAB,NA,NA,NA,NA,NA   1   NA   NA,NA   LAB   NA   NA
SHR_2021-05-24 09:44:00,5/24/2021 9:44,SHR,2021,D,FALSE,CLR,Ebb,1,20,1.38,124,137,7.74,8.72,5.8,10,Low,974411,962445,11966,11966,78.72568505,78.72568505,1,NA,NA,Aquatic Insect,NA,NA,Ephemeroptera,NA,Adults,3,0.038,0.038,NA,NA,NA,NA,NA,NA,NA,NA,NA,NA,NA   NA   NA   NA,NA   NA   NA   NA
SHR_2021-05-24 09:44:00,5/24/2021 9:44,SHR,2021,D,FALSE,CLR,Ebb,1,20,1.38,124,137,7.74,8.72,5.8,10,Low,974411,962445,11966,11966,78.72568505,78.72568505,1,NA,NA,Aquatic Insect,NA,NA,Ephemeroptera,NA,Adults,3,0.038,0.038,NA,NA,NA,NA,1,LAB,NA,NA,NA,NA,NA   1   NA   NA,NA   LAB   NA   NA
SHR_2021-05-24 09:44:00,5/24/2021 9:44,SHR,2021,D,FALSE,CLR,Ebb,1,20,1.38,124,137,7.74,8.72,5.8,10,Low,974411,962445,11966,11966,78.72568505,78.72568505,1,NA,NA,Aquatic Insect,NA,NA,Heptageniidae,NA,Nymphs,2,0.025,0.025,NA,NA,NA,NA,NA,NA,NA,NA,NA,NA,NA   NA   NA   NA,NA   NA   NA   NA
SHR_2021-05-24 09:44:00,5/24/2021 9:44,SHR,2021,D,FALSE,CLR,Ebb,1,20,1.38,124,137,7.74,8.72,5.8,10,Low,974411,962445,11966,11966,78.72568505,78.72568505,1,NA,NA,Aquatic Insect,NA,NA,Heptageniidae,NA,Nymphs,2,0.025,0.025,NA,NA,NA,NA,1,LAB,NA,NA,NA,NA,NA   1   NA   NA,NA   LAB   NA   NA
SHR_2021-05-24 09:44:00,5/24/2021 9:44,SHR,2021,D,FALSE,CLR,Ebb,1,20,1.38,124,137,7.74,8.72,5.8,10,Low,974411,962445,11966,11966,78.72568505,78.72568505,1,NA,NA,Aquatic Insect,NA,NA,Leptohyphidae,NA,Nymphs,2,0.025,0.025,NA,NA,NA,NA,NA,NA,NA,NA,NA,NA,NA   NA   NA   NA,NA   NA   NA   NA
SHR_2021-05-24 09:44:00,5/24/2021 9:44,SHR,2021,D,FALSE,CLR,Ebb,1,20,1.38,124,137,7.74,8.72,5.8,10,Low,974411,962445,11966,11966,78.72568505,78.72568505,1,NA,NA,Aquatic Insect,NA,NA,Leptohyphidae,NA,Nymphs,2,0.025,0.025,NA,NA,NA,NA,1,LAB,NA,NA,NA,NA,NA   1   NA   NA,NA   LAB   NA   NA
SHR_2021-05-24 09:44:00,5/24/2021 9:44,SHR,2021,D,FALSE,CLR,Ebb,1,20,1.38,124,137,7.74,8.72,5.8,10,Low,974411,962445,11966,11966,78.72568505,78.72568505,1,NA,NA,Terrestrial Insect,NA,NA,Hemiptera,NA,Nymphs,12,0.152,0.152,NA,NA,NA,NA,NA,NA,NA,NA,NA,NA,NA   NA   NA   NA,NA   NA   NA   NA
SHR_2021-05-24 09:44:00,5/24/2021 9:44,SHR,2021,D,FALSE,CLR,Ebb,1,20,1.38,124,137,7.74,8.72,5.8,10,Low,974411,962445,11966,11966,78.72568505,78.72568505,1,NA,NA,Terrestrial Insect,NA,NA,Hemiptera,NA,Nymphs,12,0.152,0.152,NA,NA,NA,NA,1,LAB,NA,NA,NA,NA,NA   1   NA   NA,NA   LAB   NA   NA
SHR_2021-05-24 09:44:00,5/24/2021 9:44,SHR,2021,D,FALSE,CLR,Ebb,1,20,1.38,124,137,7.74,8.72,5.8,10,Low,974411,962445,11966,11966,78.72568505,78.72568505,1,NA,NA,Terrestrial Insect,NA,NA,Hemiptera,NA,Adults,38,0.483,0.483,NA,NA,NA,NA,NA,NA,NA,NA,NA,NA,NA   NA   NA   NA,NA   NA   NA   NA
SHR_2021-05-24 09:44:00,5/24/2021 9:44,SHR,2021,D,FALSE,CLR,Ebb,1,20,1.38,124,137,7.74,8.72,5.8,10,Low,974411,962445,11966,11966,78.72568505,78.72568505,1,NA,NA,Terrestrial Insect,NA,NA,Hemiptera,NA,Adults,38,0.483,0.483,NA,NA,NA,NA,1,LAB,NA,NA,NA,NA,NA   1   NA   NA,NA   LAB   NA   NA
SHR_2021-05-24 09:44:00,5/24/2021 9:44,SHR,2021,D,FALSE,CLR,Ebb,1,20,1.38,124,137,7.74,8.72,5.8,10,Low,974411,962445,11966,11966,78.72568505,78.72568505,1,NA,NA,Aquatic Insect,NA,NA,Corixidae,NA,Nymphs,3,0.038,0.038,NA,NA,NA,NA,NA,NA,NA,NA,NA,NA,NA   NA   NA   NA,NA   NA   NA   NA
SHR_2021-05-24 09:44:00,5/24/2021 9:44,SHR,2021,D,FALSE,CLR,Ebb,1,20,1.38,124,137,7.74,8.72,5.8,10,Low,974411,962445,11966,11966,78.72568505,78.72568505,1,NA,NA,Aquatic Insect,NA,NA,Corixidae,NA,Nymphs,3,0.038,0.038,NA,NA,NA,NA,1,LAB,NA,NA,NA,NA,NA   1   NA   NA,NA   LAB   NA   NA
SHR_2021-05-24 09:44:00,5/24/2021 9:44,SHR,2021,D,FALSE,CLR,Ebb,1,20,1.38,124,137,7.74,8.72,5.8,10,Low,974411,962445,11966,11966,78.72568505,78.72568505,1,NA,NA,Aquatic Insect,NA,NA,Corixidae,NA,Adults,3,0.038,0.038,NA,NA,NA,NA,NA,NA,NA,NA,NA,NA,NA   NA   NA   NA,NA   NA   NA   NA
SHR_2021-05-24 09:44:00,5/24/2021 9:44,SHR,2021,D,FALSE,CLR,Ebb,1,20,1.38,124,137,7.74,8.72,5.8,10,Low,974411,962445,11966,11966,78.72568505,78.72568505,1,NA,NA,Aquatic Insect,NA,NA,Corixidae,NA,Adults,3,0.038,0.038,NA,NA,NA,NA,1,LAB,NA,NA,NA,NA,NA   1   NA   NA,NA   LAB   NA   NA
SHR_2021-05-24 09:44:00,5/24/2021 9:44,SHR,2021,D,FALSE,CLR,Ebb,1,20,1.38,124,137,7.74,8.72,5.8,10,Low,974411,962445,11966,11966,78.72568505,78.72568505,1,NA,All specimens in Ref. Coll. = Not Weighed,Aquatic Insect,NA,NA,Naucoridae,NA,Nymphs,2,0.025,0.025,NA,NA,NA,NA,NA,NA,NA,NA,NA,NA,NA   NA   NA   NA,NA   NA   NA   NA
SHR_2021-05-24 09:44:00,5/24/2021 9:44,SHR,2021,D,FALSE,CLR,Ebb,1,20,1.38,124,137,7.74,8.72,5.8,10,Low,974411,962445,11966,11966,78.72568505,78.72568505,1,NA,All specimens in Ref. Coll. = Not Weighed,Aquatic Insect,NA,NA,Naucoridae,NA,Nymphs,2,0.025,0.025,NA,NA,NA,NA,1,LAB,NA,NA,NA,NA,NA   1   NA   NA,NA   LAB   NA   NA
SHR_2021-05-24 09:44:00,5/24/2021 9:44,SHR,2021,D,FALSE,CLR,Ebb,1,20,1.38,124,137,7.74,8.72,5.8,10,Low,974411,962445,11966,11966,78.72568505,78.72568505,1,NA,NA,Terrestrial Insect,NA,NA,Hymenoptera,NA,Adults,96,1.219,1.219,NA,NA,NA,NA,NA,NA,NA,NA,NA,NA,NA   NA   NA   NA,NA   NA   NA   NA
SHR_2021-05-24 09:44:00,5/24/2021 9:44,SHR,2021,D,FALSE,CLR,Ebb,1,20,1.38,124,137,7.74,8.72,5.8,10,Low,974411,962445,11966,11966,78.72568505,78.72568505,1,NA,NA,Terrestrial Insect,NA,NA,Hymenoptera,NA,Adults,96,1.219,1.219,NA,NA,NA,NA,1,LAB,NA,NA,NA,NA,NA   1   NA   NA,NA   LAB   NA   NA
SHR_2021-05-24 09:44:00,5/24/2021 9:44,SHR,2021,D,FALSE,CLR,Ebb,1,20,1.38,124,137,7.74,8.72,5.8,10,Low,974411,962445,11966,11966,78.72568505,78.72568505,1,NA,All specimens in Ref. Coll. = Not Weighed,Aquatic Insect,NA,NA,Chloroperlidae,NA,Nymphs,1,0.013,0.013,NA,NA,NA,NA,NA,NA,NA,NA,NA,NA,NA   NA   NA   NA,NA   NA   NA   NA
SHR_2021-05-24 09:44:00,5/24/2021 9:44,SHR,2021,D,FALSE,CLR,Ebb,1,20,1.38,124,137,7.74,8.72,5.8,10,Low,974411,962445,11966,11966,78.72568505,78.72568505,1,NA,All specimens in Ref. Coll. = Not Weighed,Aquatic Insect,NA,NA,Chloroperlidae,NA,Nymphs,1,0.013,0.013,NA,NA,NA,NA,1,LAB,NA,NA,NA,NA,NA   1   NA   NA,NA   LAB   NA   NA
SHR_2021-05-24 09:44:00,5/24/2021 9:44,SHR,2021,D,FALSE,CLR,Ebb,1,20,1.38,124,137,7.74,8.72,5.8,10,Low,974411,962445,11966,11966,78.72568505,78.72568505,1,NA,NA,Terrestrial Insect,NA,NA,Psocoptera,NA,Adults,7,0.089,0.089,NA,NA,NA,NA,NA,NA,NA,NA,NA,NA,NA   NA   NA   NA,NA   NA   NA   NA
SHR_2021-05-24 09:44:00,5/24/2021 9:44,SHR,2021,D,FALSE,CLR,Ebb,1,20,1.38,124,137,7.74,8.72,5.8,10,Low,974411,962445,11966,11966,78.72568505,78.72568505,1,NA,NA,Terrestrial Insect,NA,NA,Psocoptera,NA,Adults,7,0.089,0.089,NA,NA,NA,NA,1,LAB,NA,NA,NA,NA,NA   1   NA   NA,NA   LAB   NA   NA
SHR_2021-05-24 09:44:00,5/24/2021 9:44,SHR,2021,D,FALSE,CLR,Ebb,1,20,1.38,124,137,7.74,8.72,5.8,10,Low,974411,962445,11966,11966,78.72568505,78.72568505,1,NA,NA,Terrestrial Insect,NA,NA,Thysanoptera,NA,Adults,39,0.495,0.495,NA,NA,NA,NA,NA,NA,NA,NA,NA,NA,NA   NA   NA   NA,NA   NA   NA   NA
SHR_2021-05-24 09:44:00,5/24/2021 9:44,SHR,2021,D,FALSE,CLR,Ebb,1,20,1.38,124,137,7.74,8.72,5.8,10,Low,974411,962445,11966,11966,78.72568505,78.72568505,1,NA,NA,Terrestrial Insect,NA,NA,Thysanoptera,NA,Adults,39,0.495,0.495,NA,NA,NA,NA,1,LAB,NA,NA,NA,NA,NA   1   NA   NA,NA   LAB   NA   NA
SHR_2021-05-24 09:44:00,5/24/2021 9:44,SHR,2021,D,FALSE,CLR,Ebb,1,20,1.38,124,137,7.74,8.72,5.8,10,Low,974411,962445,11966,11966,78.72568505,78.72568505,1,NA,NA,Aquatic Insect,NA,NA,Trichoptera,NA,Adults,11,0.14,0.14,NA,NA,NA,NA,NA,NA,NA,NA,NA,NA,NA   NA   NA   NA,NA   NA   NA   NA
SHR_2021-05-24 09:44:00,5/24/2021 9:44,SHR,2021,D,FALSE,CLR,Ebb,1,20,1.38,124,137,7.74,8.72,5.8,10,Low,974411,962445,11966,11966,78.72568505,78.72568505,1,NA,NA,Aquatic Insect,NA,NA,Trichoptera,NA,Adults,11,0.14,0.14,NA,NA,NA,NA,1,LAB,NA,NA,NA,NA,NA   1   NA   NA,NA   LAB   NA   NA
SHR_2021-05-24 09:44:00,5/24/2021 9:44,SHR,2021,D,FALSE,CLR,Ebb,1,20,1.38,124,137,7.74,8.72,5.8,10,Low,974411,962445,11966,11966,78.72568505,78.72568505,1,NA,NA,Aquatic Insect,NA,NA,Hydroptilidae,NA,Larvae,4,0.051,0.051,NA,NA,NA,NA,NA,NA,NA,NA,NA,NA,NA   NA   NA   NA,NA   NA   NA   NA
SHR_2021-05-24 09:44:00,5/24/2021 9:44,SHR,2021,D,FALSE,CLR,Ebb,1,20,1.38,124,137,7.74,8.72,5.8,10,Low,974411,962445,11966,11966,78.72568505,78.72568505,1,NA,NA,Aquatic Insect,NA,NA,Hydroptilidae,NA,Larvae,4,0.051,0.051,NA,NA,NA,NA,1,LAB,NA,NA,NA,NA,NA   1   NA   NA,NA   LAB   NA   NA
SHR_2021-05-24 09:44:00,5/24/2021 9:44,SHR,2021,D,FALSE,CLR,Ebb,1,20,1.38,124,137,7.74,8.72,5.8,10,Low,974411,962445,11966,11966,78.72568505,78.72568505,1,NA,NA,Aquatic Insect,NA,NA,Hydroptilidae,NA,Pupae,3,0.038,0.038,NA,NA,NA,NA,NA,NA,NA,NA,NA,NA,NA   NA   NA   NA,NA   NA   NA   NA
SHR_2021-05-24 09:44:00,5/24/2021 9:44,SHR,2021,D,FALSE,CLR,Ebb,1,20,1.38,124,137,7.74,8.72,5.8,10,Low,974411,962445,11966,11966,78.72568505,78.72568505,1,NA,NA,Aquatic Insect,NA,NA,Hydroptilidae,NA,Pupae,3,0.038,0.038,NA,NA,NA,NA,1,LAB,NA,NA,NA,NA,NA   1   NA   NA,NA   LAB   NA   NA
SHR_2021-05-24 09:44:00,5/24/2021 9:44,SHR,2021,D,FALSE,CLR,Ebb,1,20,1.38,124,137,7.74,8.72,5.8,10,Low,974411,962445,11966,11966,78.72568505,78.72568505,1,NA,NA,Aquatic Insect,NA,NA,Leptoceridae,NA,Larvae,3,0.038,0.038,NA,NA,NA,NA,NA,NA,NA,NA,NA,NA,NA   NA   NA   NA,NA   NA   NA   NA
SHR_2021-05-24 09:44:00,5/24/2021 9:44,SHR,2021,D,FALSE,CLR,Ebb,1,20,1.38,124,137,7.74,8.72,5.8,10,Low,974411,962445,11966,11966,78.72568505,78.72568505,1,NA,NA,Aquatic Insect,NA,NA,Leptoceridae,NA,Larvae,3,0.038,0.038,NA,NA,NA,NA,1,LAB,NA,NA,NA,NA,NA   1   NA   NA,NA   LAB   NA   NA
SHR_2021-05-24 09:44:00,5/24/2021 9:44,SHR,2021,D,FALSE,CLR,Ebb,1,20,1.38,124,137,7.74,8.72,5.8,10,Low,974411,962445,11966,11966,78.72568505,78.72568505,1,NA,NA,Aquatic Insect,NA,NA,Corophiidae,NA,Nymphs,1,0.013,0.013,NA,NA,NA,NA,NA,NA,NA,NA,NA,NA,NA   NA   NA   NA,NA   NA   NA   NA
SHR_2021-05-24 09:44:00,5/24/2021 9:44,SHR,2021,D,FALSE,CLR,Ebb,1,20,1.38,124,137,7.74,8.72,5.8,10,Low,974411,962445,11966,11966,78.72568505,78.72568505,1,NA,NA,Aquatic Insect,NA,NA,Corophiidae,NA,Nymphs,1,0.013,0.013,NA,NA,NA,NA,1,LAB,NA,NA,NA,NA,NA   1   NA   NA,NA   LAB   NA   NA
SHR_2021-05-24 09:44:00,5/24/2021 9:44,SHR,2021,D,FALSE,CLR,Ebb,1,20,1.38,124,137,7.74,8.72,5.8,10,Low,974411,962445,11966,11966,78.72568505,78.72568505,1,NA,NA,Aquatic Non-Insect,NA,NA,Hyalellidae,NA,NA,9,0.114,0.114,NA,NA,NA,NA,NA,NA,NA,NA,NA,NA,NA   NA   NA   NA,NA   NA   NA   NA
SHR_2021-05-24 09:44:00,5/24/2021 9:44,SHR,2021,D,FALSE,CLR,Ebb,1,20,1.38,124,137,7.74,8.72,5.8,10,Low,974411,962445,11966,11966,78.72568505,78.72568505,1,NA,NA,Aquatic Non-Insect,NA,NA,Hyalellidae,NA,NA,9,0.114,0.114,NA,NA,NA,NA,1,LAB,NA,NA,NA,NA,NA   1   NA   NA,NA   LAB   NA   NA
SHR_2021-06-07 09:02:00,6/7/2021 9:02,SHR,2021,D,FALSE,CLR,Ebb,1,24.1,2.3,132,135,7.75,8,3.9,10,Low,957000,946267,10733,10733,70.61363678,70.61363678,1,NA,NA,Aquatic Non-Insect,NA,NA,Hygrobatidae,NA,NA,1,0.014,0.014,NA,NA,NA,NA,1,LAB,NA,NA,NA,NA,NA   1   NA   NA,NA   LAB   NA   NA
SHR_2021-06-07 09:02:00,6/7/2021 9:02,SHR,2021,D,FALSE,CLR,Ebb,1,24.1,2.3,132,135,7.75,8,3.9,10,Low,957000,946267,10733,10733,70.61363678,70.61363678,1,NA,NA,Aquatic Non-Insect,NA,NA,Lebertiidae,NA,NA,1,0.014,0.014,NA,NA,NA,NA,1,LAB,NA,NA,NA,NA,NA   1   NA   NA,NA   LAB   NA   NA
SHR_2021-06-07 09:02:00,6/7/2021 9:02,SHR,2021,D,FALSE,CLR,Ebb,1,24.1,2.3,132,135,7.75,8,3.9,10,Low,957000,946267,10733,10733,70.61363678,70.61363678,1,NA,NA,Aquatic Non-Insect,NA,NA,Naididae,NA,NA,1,0.014,0.014,NA,NA,NA,NA,1,LAB,NA,NA,NA,NA,NA   1   NA   NA,NA   LAB   NA   NA
SHR_2021-06-07 09:02:00,6/7/2021 9:02,SHR,2021,D,FALSE,CLR,Ebb,1,24.1,2.3,132,135,7.75,8,3.9,10,Low,957000,946267,10733,10733,70.61363678,70.61363678,1,NA,NA,Aquatic Non-Insect,NA,NA,Planorbidae,NA,NA,1,0.014,0.014,NA,NA,NA,NA,1,LAB,NA,NA,NA,NA,NA   1   NA   NA,NA   LAB   NA   NA
SHR_2021-06-07 09:02:00,6/7/2021 9:02,SHR,2021,D,FALSE,CLR,Ebb,1,24.1,2.3,132,135,7.75,8,3.9,10,Low,957000,946267,10733,10733,70.61363678,70.61363678,1,NA,NA,Terrestrial Insect,NA,NA,Coleoptera,NA,Adults,1,0.014,0.014,NA,NA,NA,NA,1,LAB,NA,NA,NA,NA,NA   1   NA   NA,NA   LAB   NA   NA
SHR_2021-06-07 09:02:00,6/7/2021 9:02,SHR,2021,D,FALSE,CLR,Ebb,1,24.1,2.3,132,135,7.75,8,3.9,10,Low,957000,946267,10733,10733,70.61363678,70.61363678,1,NA,NA,Terrestrial Insect,NA,NA,Diptera,NA,Adults,3,0.042,0.042,NA,NA,NA,NA,1,LAB,NA,NA,NA,NA,NA   1   NA   NA,NA   LAB   NA   NA
SHR_2021-06-07 09:02:00,6/7/2021 9:02,SHR,2021,D,FALSE,CLR,Ebb,1,24.1,2.3,132,135,7.75,8,3.9,10,Low,957000,946267,10733,10733,70.61363678,70.61363678,1,NA,NA,Aquatic Insect,NA,NA,Chironomidae,NA,Larvae,1,0.014,0.014,NA,NA,NA,NA,1,LAB,NA,NA,NA,NA,NA   1   NA   NA,NA   LAB   NA   NA
SHR_2021-06-07 09:02:00,6/7/2021 9:02,SHR,2021,D,FALSE,CLR,Ebb,1,24.1,2.3,132,135,7.75,8,3.9,10,Low,957000,946267,10733,10733,70.61363678,70.61363678,1,NA,NA,Aquatic Insect,NA,NA,Chironomidae,NA,Adults,18,0.255,0.255,NA,NA,NA,NA,1,LAB,NA,NA,NA,NA,NA   1   NA   NA,NA   LAB   NA   NA
SHR_2021-06-07 09:02:00,6/7/2021 9:02,SHR,2021,D,FALSE,CLR,Ebb,1,24.1,2.3,132,135,7.75,8,3.9,10,Low,957000,946267,10733,10733,70.61363678,70.61363678,1,NA,NA,Terrestrial Insect,NA,NA,Hemiptera,NA,Adults,1,0.014,0.014,NA,NA,NA,NA,1,LAB,NA,NA,NA,NA,NA   1   NA   NA,NA   LAB   NA   NA
SHR_2021-06-07 09:02:00,6/7/2021 9:02,SHR,2021,D,FALSE,CLR,Ebb,1,24.1,2.3,132,135,7.75,8,3.9,10,Low,957000,946267,10733,10733,70.61363678,70.61363678,1,NA,1 emergent in adult count,Aquatic Insect,NA,NA,Trichoptera,NA,Adults,3,0.042,0.042,NA,NA,NA,NA,1,LAB,NA,NA,NA,NA,NA   1   NA   NA,NA   LAB   NA   NA
SHR_2021-06-07 09:02:00,6/7/2021 9:02,SHR,2021,D,FALSE,CLR,Ebb,1,24.1,2.3,132,135,7.75,8,3.9,10,Low,957000,946267,10733,10733,70.61363678,70.61363678,1,NA,NA,Aquatic Insect,NA,NA,Leptoceridae,NA,Larvae,4,0.057,0.057,NA,NA,NA,NA,1,LAB,NA,NA,NA,NA,NA   1   NA   NA,NA   LAB   NA   NA
SHR_2021-06-07 09:02:00,6/7/2021 9:02,SHR,2021,D,FALSE,CLR,Ebb,1,24.1,2.3,132,135,7.75,8,3.9,10,Low,957000,946267,10733,10733,70.61363678,70.61363678,1,NA,NA,Aquatic Non-Insect,NA,NA,Corophiidae,NA,Nymphs,1,0.014,0.014,NA,NA,NA,NA,1,LAB,NA,NA,NA,NA,NA   1   NA   NA,NA   LAB   NA   NA
SHR_2021-06-07 09:02:00,6/7/2021 9:02,SHR,2021,D,FALSE,CLR,Ebb,1,24.1,2.3,132,135,7.75,8,3.9,10,Low,957000,946267,10733,10733,70.61363678,70.61363678,1,NA,NA,Aquatic Non-Insect,NA,NA,Decapoda,NA,Nymphs,1,0.014,0.014,NA,NA,NA,NA,1,LAB,NA,NA,NA,NA,NA   1   NA   NA,NA   LAB   NA   NA
STTD_2021-06-09 09:37:00,6/9/2021 9:37,STTD,2021,D,FALSE,CLR,Ebb,1,19.7,0.38,189,210,8.47,7.9,17.7,10,Low,946108,945753,355,355,2.335585676,2.335585676,2,Some veg got wrapped around flowmeter,NA,Aquatic Non-Insect,NA,NA,Actinopterygii,NA,NA,2,0.856,0.856,NA,NA,2,SAMP,NA,NA,2,FM,NA,NA,2   NA   2   NA,SAMP   NA   FM   NA
STTD_2021-06-09 09:37:00,6/9/2021 9:37,STTD,2021,D,FALSE,CLR,Ebb,1,19.7,0.38,189,210,8.47,7.9,17.7,10,Low,946108,945753,355,355,2.335585676,2.335585676,2,Some veg got wrapped around flowmeter,NA,Aquatic Non-Insect,NA,NA,Naididae,NA,NA,2,0.856,0.856,NA,NA,2,SAMP,NA,NA,2,FM,NA,NA,2   NA   2   NA,SAMP   NA   FM   NA
STTD_2021-06-09 09:37:00,6/9/2021 9:37,STTD,2021,D,FALSE,CLR,Ebb,1,19.7,0.38,189,210,8.47,7.9,17.7,10,Low,946108,945753,355,355,2.335585676,2.335585676,2,Some veg got wrapped around flowmeter,NA,Terrestrial Insect,NA,NA,Coleoptera,NA,Adults,1,0.428,0.428,NA,NA,2,SAMP,NA,NA,2,FM,NA,NA,2   NA   2   NA,SAMP   NA   FM   NA
STTD_2021-06-09 09:37:00,6/9/2021 9:37,STTD,2021,D,FALSE,CLR,Ebb,1,19.7,0.38,189,210,8.47,7.9,17.7,10,Low,946108,945753,355,355,2.335585676,2.335585676,2,Some veg got wrapped around flowmeter,NA,Terrestrial Insect,NA,NA,Diptera,NA,Adults,5,2.141,2.141,NA,NA,2,SAMP,NA,NA,2,FM,NA,NA,2   NA   2   NA,SAMP   NA   FM   NA
STTD_2021-06-09 09:37:00,6/9/2021 9:37,STTD,2021,D,FALSE,CLR,Ebb,1,19.7,0.38,189,210,8.47,7.9,17.7,10,Low,946108,945753,355,355,2.335585676,2.335585676,2,Some veg got wrapped around flowmeter,NA,Aquatic Insect,NA,NA,Chironomidae,NA,Larvae,3,1.284,1.284,NA,NA,2,SAMP,NA,NA,2,FM,NA,NA,2   NA   2   NA,SAMP   NA   FM   NA
STTD_2021-06-09 09:37:00,6/9/2021 9:37,STTD,2021,D,FALSE,CLR,Ebb,1,19.7,0.38,189,210,8.47,7.9,17.7,10,Low,946108,945753,355,355,2.335585676,2.335585676,2,Some veg got wrapped around flowmeter,NA,Aquatic Insect,NA,NA,Chironomidae,NA,Adults,4,1.713,1.713,NA,NA,2,SAMP,NA,NA,2,FM,NA,NA,2   NA   2   NA,SAMP   NA   FM   NA
STTD_2021-06-09 09:37:00,6/9/2021 9:37,STTD,2021,D,FALSE,CLR,Ebb,1,19.7,0.38,189,210,8.47,7.9,17.7,10,Low,946108,945753,355,355,2.335585676,2.335585676,2,Some veg got wrapped around flowmeter,NA,Terrestrial Insect,NA,NA,Hemiptera,NA,Nymphs,2,0.856,0.856,NA,NA,2,SAMP,NA,NA,2,FM,NA,NA,2   NA   2   NA,SAMP   NA   FM   NA
STTD_2021-06-09 09:37:00,6/9/2021 9:37,STTD,2021,D,FALSE,CLR,Ebb,1,19.7,0.38,189,210,8.47,7.9,17.7,10,Low,946108,945753,355,355,2.335585676,2.335585676,2,Some veg got wrapped around flowmeter,NA,Terrestrial Insect,NA,NA,Hemiptera,NA,Adults,10,4.282,4.282,NA,NA,2,SAMP,NA,NA,2,FM,NA,NA,2   NA   2   NA,SAMP   NA   FM   NA
STTD_2021-06-09 09:37:00,6/9/2021 9:37,STTD,2021,D,FALSE,CLR,Ebb,1,19.7,0.38,189,210,8.47,7.9,17.7,10,Low,946108,945753,355,355,2.335585676,2.335585676,2,Some veg got wrapped around flowmeter,NA,Aquatic Insect,NA,NA,Corixidae,NA,Nymphs,8,3.425,3.425,NA,NA,2,SAMP,NA,NA,2,FM,NA,NA,2   NA   2   NA,SAMP   NA   FM   NA
STTD_2021-06-09 09:37:00,6/9/2021 9:37,STTD,2021,D,FALSE,CLR,Ebb,1,19.7,0.38,189,210,8.47,7.9,17.7,10,Low,946108,945753,355,355,2.335585676,2.335585676,2,Some veg got wrapped around flowmeter,NA,Aquatic Insect,NA,NA,Veliidae,NA,Nymphs,1,0.428,0.428,NA,NA,2,SAMP,NA,NA,2,FM,NA,NA,2   NA   2   NA,SAMP   NA   FM   NA
STTD_2021-06-09 09:37:00,6/9/2021 9:37,STTD,2021,D,FALSE,CLR,Ebb,1,19.7,0.38,189,210,8.47,7.9,17.7,10,Low,946108,945753,355,355,2.335585676,2.335585676,2,Some veg got wrapped around flowmeter,NA,Terrestrial Insect,NA,NA,Hymenoptera,NA,Adults,1,0.428,0.428,NA,NA,2,SAMP,NA,NA,2,FM,NA,NA,2   NA   2   NA,SAMP   NA   FM   NA
STTD_2021-06-09 09:37:00,6/9/2021 9:37,STTD,2021,D,FALSE,CLR,Ebb,1,19.7,0.38,189,210,8.47,7.9,17.7,10,Low,946108,945753,355,355,2.335585676,2.335585676,2,Some veg got wrapped around flowmeter,NA,Aquatic Insect,NA,NA,Coenagrionidae,NA,Nymphs,1,0.428,0.428,NA,NA,2,SAMP,NA,NA,2,FM,NA,NA,2   NA   2   NA,SAMP   NA   FM   NA
STTD_2021-06-09 09:37:00,6/9/2021 9:37,STTD,2021,D,FALSE,CLR,Ebb,1,19.7,0.38,189,210,8.47,7.9,17.7,10,Low,946108,945753,355,355,2.335585676,2.335585676,2,Some veg got wrapped around flowmeter,NA,Terrestrial Insect,NA,NA,Thysanoptera,NA,Adults,3,1.284,1.284,NA,NA,2,SAMP,NA,NA,2,FM,NA,NA,2   NA   2   NA,SAMP   NA   FM   NA
STTD_2021-06-09 09:37:00,6/9/2021 9:37,STTD,2021,D,FALSE,CLR,Ebb,1,19.7,0.38,189,210,8.47,7.9,17.7,10,Low,946108,945753,355,355,2.335585676,2.335585676,2,Some veg got wrapped around flowmeter,NA,Aquatic Non-Insect,NA,NA,Hyalellidae,NA,Nymphs,5,2.141,2.141,NA,NA,2,SAMP,NA,NA,2,FM,NA,NA,2   NA   2   NA,SAMP   NA   FM   NA
SHR_2021-06-21 08:58:00,6/21/2021 8:58,SHR,2021,D,FALSE,CLR,Ebb,1,24.5,1.5,123,124,7.71,7.81,3.5,10,Low,945578,934553,11025,11025,72.53473823,72.53473823,1,NA,NA,Aquatic Non-Insect,NA,NA,Actinopterygii,NA,NA,2,0.028,0.028,NA,NA,NA,NA,NA,NA,NA,NA,NA,NA,NA   NA   NA   NA,NA   NA   NA   NA
SHR_2021-06-21 08:58:00,6/21/2021 8:58,SHR,2021,D,FALSE,CLR,Ebb,1,24.5,1.5,123,124,7.71,7.81,3.5,10,Low,945578,934553,11025,11025,72.53473823,72.53473823,1,NA,NA,Terrestrial Non-Insect,NA,NA,Araneae,NA,NA,2,0.028,0.028,NA,NA,NA,NA,NA,NA,NA,NA,NA,NA,NA   NA   NA   NA,NA   NA   NA   NA
SHR_2021-06-21 08:58:00,6/21/2021 8:58,SHR,2021,D,FALSE,CLR,Ebb,1,24.5,1.5,123,124,7.71,7.81,3.5,10,Low,945578,934553,11025,11025,72.53473823,72.53473823,1,NA,NA,Aquatic Non-Insect,NA,NA,Naididae,NA,NA,6,0.083,0.083,NA,NA,NA,NA,NA,NA,NA,NA,NA,NA,NA   NA   NA   NA,NA   NA   NA   NA
SHR_2021-06-21 08:58:00,6/21/2021 8:58,SHR,2021,D,FALSE,CLR,Ebb,1,24.5,1.5,123,124,7.71,7.81,3.5,10,Low,945578,934553,11025,11025,72.53473823,72.53473823,1,NA,NA,Aquatic Non-Insect,NA,NA,Lymnaeidae,NA,NA,3,0.041,0.041,NA,NA,NA,NA,NA,NA,NA,NA,NA,NA,NA   NA   NA   NA,NA   NA   NA   NA
SHR_2021-06-21 08:58:00,6/21/2021 8:58,SHR,2021,D,FALSE,CLR,Ebb,1,24.5,1.5,123,124,7.71,7.81,3.5,10,Low,945578,934553,11025,11025,72.53473823,72.53473823,1,NA,NA,Aquatic Non-Insect,NA,NA,Planorbidae,NA,NA,2,0.028,0.028,NA,NA,NA,NA,NA,NA,NA,NA,NA,NA,NA   NA   NA   NA,NA   NA   NA   NA
SHR_2021-06-21 08:58:00,6/21/2021 8:58,SHR,2021,D,FALSE,CLR,Ebb,1,24.5,1.5,123,124,7.71,7.81,3.5,10,Low,945578,934553,11025,11025,72.53473823,72.53473823,1,NA,NA,Aquatic Non-Insect,NA,NA,Truncatelloidea,NA,NA,2,0.028,0.028,NA,NA,NA,NA,NA,NA,NA,NA,NA,NA,NA   NA   NA   NA,NA   NA   NA   NA
SHR_2021-06-21 08:58:00,6/21/2021 8:58,SHR,2021,D,FALSE,CLR,Ebb,1,24.5,1.5,123,124,7.71,7.81,3.5,10,Low,945578,934553,11025,11025,72.53473823,72.53473823,1,NA,NA,Terrestrial Insect,NA,NA,Coleoptera,NA,Larvae,1,0.014,0.014,NA,NA,NA,NA,NA,NA,NA,NA,NA,NA,NA   NA   NA   NA,NA   NA   NA   NA
SHR_2021-06-21 08:58:00,6/21/2021 8:58,SHR,2021,D,FALSE,CLR,Ebb,1,24.5,1.5,123,124,7.71,7.81,3.5,10,Low,945578,934553,11025,11025,72.53473823,72.53473823,1,NA,NA,Terrestrial Insect,NA,NA,Coleoptera,NA,Adults,2,0.028,0.028,NA,NA,NA,NA,NA,NA,NA,NA,NA,NA,NA   NA   NA   NA,NA   NA   NA   NA
SHR_2021-06-21 08:58:00,6/21/2021 8:58,SHR,2021,D,FALSE,CLR,Ebb,1,24.5,1.5,123,124,7.71,7.81,3.5,10,Low,945578,934553,11025,11025,72.53473823,72.53473823,1,NA,NA,Terrestrial Insect,NA,NA,Diptera,NA,Adults,15,0.207,0.207,NA,NA,NA,NA,NA,NA,NA,NA,NA,NA,NA   NA   NA   NA,NA   NA   NA   NA
SHR_2021-06-21 08:58:00,6/21/2021 8:58,SHR,2021,D,FALSE,CLR,Ebb,1,24.5,1.5,123,124,7.71,7.81,3.5,10,Low,945578,934553,11025,11025,72.53473823,72.53473823,1,NA,NA,Aquatic Insect,NA,NA,Chironomidae,NA,Larvae,3,0.041,0.041,NA,NA,NA,NA,NA,NA,NA,NA,NA,NA,NA   NA   NA   NA,NA   NA   NA   NA
SHR_2021-06-21 08:58:00,6/21/2021 8:58,SHR,2021,D,FALSE,CLR,Ebb,1,24.5,1.5,123,124,7.71,7.81,3.5,10,Low,945578,934553,11025,11025,72.53473823,72.53473823,1,NA,NA,Aquatic Insect,NA,NA,Chironomidae,NA,Adults,14,0.193,0.193,NA,NA,NA,NA,NA,NA,NA,NA,NA,NA,NA   NA   NA   NA,NA   NA   NA   NA
SHR_2021-06-21 08:58:00,6/21/2021 8:58,SHR,2021,D,FALSE,CLR,Ebb,1,24.5,1.5,123,124,7.71,7.81,3.5,10,Low,945578,934553,11025,11025,72.53473823,72.53473823,1,NA,NA,Terrestrial Insect,NA,NA,Hemiptera,NA,Nymphs,2,0.028,0.028,NA,NA,NA,NA,NA,NA,NA,NA,NA,NA,NA   NA   NA   NA,NA   NA   NA   NA
SHR_2021-06-21 08:58:00,6/21/2021 8:58,SHR,2021,D,FALSE,CLR,Ebb,1,24.5,1.5,123,124,7.71,7.81,3.5,10,Low,945578,934553,11025,11025,72.53473823,72.53473823,1,NA,NA,Terrestrial Insect,NA,NA,Hemiptera,NA,Adults,2,0.028,0.028,NA,NA,NA,NA,NA,NA,NA,NA,NA,NA,NA   NA   NA   NA,NA   NA   NA   NA
SHR_2021-06-21 08:58:00,6/21/2021 8:58,SHR,2021,D,FALSE,CLR,Ebb,1,24.5,1.5,123,124,7.71,7.81,3.5,10,Low,945578,934553,11025,11025,72.53473823,72.53473823,1,NA,NA,Aquatic Insect,NA,NA,Corixidae,NA,Nymphs,2,0.028,0.028,NA,NA,NA,NA,NA,NA,NA,NA,NA,NA,NA   NA   NA   NA,NA   NA   NA   NA
SHR_2021-06-21 08:58:00,6/21/2021 8:58,SHR,2021,D,FALSE,CLR,Ebb,1,24.5,1.5,123,124,7.71,7.81,3.5,10,Low,945578,934553,11025,11025,72.53473823,72.53473823,1,NA,NA,Aquatic Insect,NA,NA,Naucoridae,NA,Nymphs,1,0.014,0.014,NA,NA,NA,NA,NA,NA,NA,NA,NA,NA,NA   NA   NA   NA,NA   NA   NA   NA
SHR_2021-06-21 08:58:00,6/21/2021 8:58,SHR,2021,D,FALSE,CLR,Ebb,1,24.5,1.5,123,124,7.71,7.81,3.5,10,Low,945578,934553,11025,11025,72.53473823,72.53473823,1,NA,NA,Aquatic Insect,NA,NA,Veliidae,NA,Nymphs,1,0.014,0.014,NA,NA,NA,NA,NA,NA,NA,NA,NA,NA,NA   NA   NA   NA,NA   NA   NA   NA
SHR_2021-06-21 08:58:00,6/21/2021 8:58,SHR,2021,D,FALSE,CLR,Ebb,1,24.5,1.5,123,124,7.71,7.81,3.5,10,Low,945578,934553,11025,11025,72.53473823,72.53473823,1,NA,NA,Terrestrial Insect,NA,NA,Hymenoptera,NA,Adults,4,0.055,0.055,NA,NA,NA,NA,NA,NA,NA,NA,NA,NA,NA   NA   NA   NA,NA   NA   NA   NA
SHR_2021-06-21 08:58:00,6/21/2021 8:58,SHR,2021,D,FALSE,CLR,Ebb,1,24.5,1.5,123,124,7.71,7.81,3.5,10,Low,945578,934553,11025,11025,72.53473823,72.53473823,1,NA,NA,Terrestrial Insect,NA,NA,Psocoptera,NA,Adults,2,0.028,0.028,NA,NA,NA,NA,NA,NA,NA,NA,NA,NA,NA   NA   NA   NA,NA   NA   NA   NA
SHR_2021-06-21 08:58:00,6/21/2021 8:58,SHR,2021,D,FALSE,CLR,Ebb,1,24.5,1.5,123,124,7.71,7.81,3.5,10,Low,945578,934553,11025,11025,72.53473823,72.53473823,1,NA,NA,Terrestrial Insect,NA,NA,Thysanoptera,NA,Adults,1,0.014,0.014,NA,NA,NA,NA,NA,NA,NA,NA,NA,NA,NA   NA   NA   NA,NA   NA   NA   NA
SHR_2021-06-21 08:58:00,6/21/2021 8:58,SHR,2021,D,FALSE,CLR,Ebb,1,24.5,1.5,123,124,7.71,7.81,3.5,10,Low,945578,934553,11025,11025,72.53473823,72.53473823,1,NA,NA,Aquatic Insect,NA,NA,Hydroptilidae,NA,Larvae,1,0.014,0.014,NA,NA,NA,NA,NA,NA,NA,NA,NA,NA,NA   NA   NA   NA,NA   NA   NA   NA
SHR_2021-06-21 08:58:00,6/21/2021 8:58,SHR,2021,D,FALSE,CLR,Ebb,1,24.5,1.5,123,124,7.71,7.81,3.5,10,Low,945578,934553,11025,11025,72.53473823,72.53473823,1,NA,NA,Aquatic Insect,NA,NA,Leptoceridae,NA,Larvae,13,0.179,0.179,NA,NA,NA,NA,NA,NA,NA,NA,NA,NA,NA   NA   NA   NA,NA   NA   NA   NA
SHR_2021-06-21 08:58:00,6/21/2021 8:58,SHR,2021,D,FALSE,CLR,Ebb,1,24.5,1.5,123,124,7.71,7.81,3.5,10,Low,945578,934553,11025,11025,72.53473823,72.53473823,1,NA,NA,Aquatic Non-Insect,NA,NA,Corophiidae,NA,Nymphs,3,0.041,0.041,NA,NA,NA,NA,NA,NA,NA,NA,NA,NA,NA   NA   NA   NA,NA   NA   NA   NA
SHR_2021-06-21 08:58:00,6/21/2021 8:58,SHR,2021,D,FALSE,CLR,Ebb,1,24.5,1.5,123,124,7.71,7.81,3.5,10,Low,945578,934553,11025,11025,72.53473823,72.53473823,1,NA,NA,Aquatic Non-Insect,NA,NA,Hyalellidae,NA,Nymphs,1,0.014,0.014,NA,NA,NA,NA,NA,NA,NA,NA,NA,NA,NA   NA   NA   NA,NA   NA   NA   NA
SHR_2021-06-21 08:58:00,6/21/2021 8:58,SHR,2021,D,FALSE,CLR,Ebb,1,24.5,1.5,123,124,7.71,7.81,3.5,10,Low,945578,934553,11025,11025,72.53473823,72.53473823,1,NA,NA,Aquatic Non-Insect,NA,NA,Turbellaria,NA,NA,3,0.041,0.041,NA,NA,NA,NA,NA,NA,NA,NA,NA,NA,NA   NA   NA   NA,NA   NA   NA   NA
STTD_2021-06-22 09:17:00,6/22/2021 9:17,STTD,2021,D,FALSE,CLR,Ebb,1,22.6,0.5,200,210,8.45,7.43,16.4,10,Low,934500,930003,4497,4497,29.58627826,29.58627826,1,NA,NA,Aquatic Non-Insect,NA,NA,Actinopterygii,NA,NA,7,0.237,0.237,NA,NA,NA,NA,NA,NA,NA,NA,NA,NA,NA   NA   NA   NA,NA   NA   NA   NA
STTD_2021-06-22 09:17:00,6/22/2021 9:17,STTD,2021,D,FALSE,CLR,Ebb,1,22.6,0.5,200,210,8.45,7.43,16.4,10,Low,934500,930003,4497,4497,29.58627826,29.58627826,1,NA,NA,Aquatic Non-Insect,NA,NA,Naididae,NA,NA,2,0.068,0.068,NA,NA,NA,NA,NA,NA,NA,NA,NA,NA,NA   NA   NA   NA,NA   NA   NA   NA
STTD_2021-06-22 09:17:00,6/22/2021 9:17,STTD,2021,D,FALSE,CLR,Ebb,1,22.6,0.5,200,210,8.45,7.43,16.4,10,Low,934500,930003,4497,4497,29.58627826,29.58627826,1,NA,NA,Aquatic Insect,NA,NA,Dytiscidae,NA,Adults,1,0.034,0.034,NA,NA,NA,NA,NA,NA,NA,NA,NA,NA,NA   NA   NA   NA,NA   NA   NA   NA
STTD_2021-06-22 09:17:00,6/22/2021 9:17,STTD,2021,D,FALSE,CLR,Ebb,1,22.6,0.5,200,210,8.45,7.43,16.4,10,Low,934500,930003,4497,4497,29.58627826,29.58627826,1,NA,NA,Terrestrial Insect,NA,NA,Diptera,NA,Adults,3,0.101,0.101,NA,NA,NA,NA,NA,NA,NA,NA,NA,NA,NA   NA   NA   NA,NA   NA   NA   NA
STTD_2021-06-22 09:17:00,6/22/2021 9:17,STTD,2021,D,FALSE,CLR,Ebb,1,22.6,0.5,200,210,8.45,7.43,16.4,10,Low,934500,930003,4497,4497,29.58627826,29.58627826,1,NA,NA,Aquatic Insect,NA,NA,Chironomidae,NA,Larvae,1,0.034,0.034,NA,NA,NA,NA,NA,NA,NA,NA,NA,NA,NA   NA   NA   NA,NA   NA   NA   NA
STTD_2021-06-22 09:17:00,6/22/2021 9:17,STTD,2021,D,FALSE,CLR,Ebb,1,22.6,0.5,200,210,8.45,7.43,16.4,10,Low,934500,930003,4497,4497,29.58627826,29.58627826,1,NA,NA,Aquatic Insect,NA,NA,Chironomidae,NA,Adults,1,0.034,0.034,NA,NA,NA,NA,NA,NA,NA,NA,NA,NA,NA   NA   NA   NA,NA   NA   NA   NA
STTD_2021-06-22 09:17:00,6/22/2021 9:17,STTD,2021,D,FALSE,CLR,Ebb,1,22.6,0.5,200,210,8.45,7.43,16.4,10,Low,934500,930003,4497,4497,29.58627826,29.58627826,1,NA,NA,Terrestrial Insect,NA,NA,Hemiptera,NA,Nymphs,3,0.101,0.101,NA,NA,NA,NA,NA,NA,NA,NA,NA,NA,NA   NA   NA   NA,NA   NA   NA   NA
STTD_2021-06-22 09:17:00,6/22/2021 9:17,STTD,2021,D,FALSE,CLR,Ebb,1,22.6,0.5,200,210,8.45,7.43,16.4,10,Low,934500,930003,4497,4497,29.58627826,29.58627826,1,NA,NA,Terrestrial Insect,NA,NA,Hemiptera,NA,Adults,1,0.034,0.034,NA,NA,NA,NA,NA,NA,NA,NA,NA,NA,NA   NA   NA   NA,NA   NA   NA   NA
STTD_2021-06-22 09:17:00,6/22/2021 9:17,STTD,2021,D,FALSE,CLR,Ebb,1,22.6,0.5,200,210,8.45,7.43,16.4,10,Low,934500,930003,4497,4497,29.58627826,29.58627826,1,NA,NA,Aquatic Insect,NA,NA,Corixidae,NA,Nymphs,5,0.169,0.169,NA,NA,NA,NA,NA,NA,NA,NA,NA,NA,NA   NA   NA   NA,NA   NA   NA   NA
STTD_2021-06-22 09:17:00,6/22/2021 9:17,STTD,2021,D,FALSE,CLR,Ebb,1,22.6,0.5,200,210,8.45,7.43,16.4,10,Low,934500,930003,4497,4497,29.58627826,29.58627826,1,NA,NA,Aquatic Non-Insect,NA,NA,Corophiidae,NA,Nymphs,2,0.068,0.068,NA,NA,NA,NA,NA,NA,NA,NA,NA,NA,NA   NA   NA   NA,NA   NA   NA   NA
STTD_2021-06-22 09:17:00,6/22/2021 9:17,STTD,2021,D,FALSE,CLR,Ebb,1,22.6,0.5,200,210,8.45,7.43,16.4,10,Low,934500,930003,4497,4497,29.58627826,29.58627826,1,NA,NA,Aquatic Non-Insect,NA,NA,Gammaridae,NA,Nymphs,1,0.034,0.034,NA,NA,NA,NA,NA,NA,NA,NA,NA,NA,NA   NA   NA   NA,NA   NA   NA   NA
STTD_2021-06-22 09:17:00,6/22/2021 9:17,STTD,2021,D,FALSE,CLR,Ebb,1,22.6,0.5,200,210,8.45,7.43,16.4,10,Low,934500,930003,4497,4497,29.58627826,29.58627826,1,NA,NA,Aquatic Non-Insect,NA,NA,Hyalellidae,NA,Nymphs,5,0.169,0.169,NA,NA,NA,NA,NA,NA,NA,NA,NA,NA,NA   NA   NA   NA,NA   NA   NA   NA
STTD_2021-07-06 09:03:00,7/6/2021 9:03,STTD,2021,D,FALSE,CLR,Ebb,1,21.5,0.6,229,245,8.84,7.68,12,10,Low,929896,925636,4260,4260,28.02702811,28.02702811,1,NA,NA,Aquatic Non-Insect,NA,NA,Actinopterygii,NA,NA,5,0.178,0.178,NA,NA,NA,NA,NA,NA,NA,NA,NA,NA,NA   NA   NA   NA,NA   NA   NA   NA
STTD_2021-07-06 09:03:00,7/6/2021 9:03,STTD,2021,D,FALSE,CLR,Ebb,1,21.5,0.6,229,245,8.84,7.68,12,10,Low,929896,925636,4260,4260,28.02702811,28.02702811,1,NA,NA,Terrestrial Non-Insect,NA,NA,Araneae,NA,NA,1,0.036,0.036,NA,NA,NA,NA,NA,NA,NA,NA,NA,NA,NA   NA   NA   NA,NA   NA   NA   NA
STTD_2021-07-06 09:03:00,7/6/2021 9:03,STTD,2021,D,FALSE,CLR,Ebb,1,21.5,0.6,229,245,8.84,7.68,12,10,Low,929896,925636,4260,4260,28.02702811,28.02702811,1,NA,NA,Aquatic Non-Insect,NA,NA,Naididae,NA,NA,3,0.107,0.107,NA,NA,NA,NA,NA,NA,NA,NA,NA,NA,NA   NA   NA   NA,NA   NA   NA   NA
STTD_2021-07-06 09:03:00,7/6/2021 9:03,STTD,2021,D,FALSE,CLR,Ebb,1,21.5,0.6,229,245,8.84,7.68,12,10,Low,929896,925636,4260,4260,28.02702811,28.02702811,1,NA,NA,Aquatic Non-Insect,NA,NA,Hydridae,NA,Nymphs,2,0.071,0.071,NA,NA,NA,NA,NA,NA,NA,NA,NA,NA,NA   NA   NA   NA,NA   NA   NA   NA
STTD_2021-07-06 09:03:00,7/6/2021 9:03,STTD,2021,D,FALSE,CLR,Ebb,1,21.5,0.6,229,245,8.84,7.68,12,10,Low,929896,925636,4260,4260,28.02702811,28.02702811,1,NA,NA,Terrestrial Insect,NA,NA,Diptera,NA,Adults,1,0.036,0.036,NA,NA,NA,NA,NA,NA,NA,NA,NA,NA,NA   NA   NA   NA,NA   NA   NA   NA
STTD_2021-07-06 09:03:00,7/6/2021 9:03,STTD,2021,D,FALSE,CLR,Ebb,1,21.5,0.6,229,245,8.84,7.68,12,10,Low,929896,925636,4260,4260,28.02702811,28.02702811,1,NA,NA,Aquatic Insect,NA,NA,Chironomidae,NA,Adults,3,0.107,0.107,NA,NA,NA,NA,NA,NA,NA,NA,NA,NA,NA   NA   NA   NA,NA   NA   NA   NA
STTD_2021-07-06 09:03:00,7/6/2021 9:03,STTD,2021,D,FALSE,CLR,Ebb,1,21.5,0.6,229,245,8.84,7.68,12,10,Low,929896,925636,4260,4260,28.02702811,28.02702811,1,NA,NA,Terrestrial Insect,NA,NA,Hemiptera,NA,Adults,4,0.143,0.143,NA,NA,NA,NA,NA,NA,NA,NA,NA,NA,NA   NA   NA   NA,NA   NA   NA   NA
STTD_2021-07-06 09:03:00,7/6/2021 9:03,STTD,2021,D,FALSE,CLR,Ebb,1,21.5,0.6,229,245,8.84,7.68,12,10,Low,929896,925636,4260,4260,28.02702811,28.02702811,1,NA,NA,Aquatic Insect,NA,NA,Corixidae,NA,Nymphs,3,0.107,0.107,NA,NA,NA,NA,NA,NA,NA,NA,NA,NA,NA   NA   NA   NA,NA   NA   NA   NA
STTD_2021-07-06 09:03:00,7/6/2021 9:03,STTD,2021,D,FALSE,CLR,Ebb,1,21.5,0.6,229,245,8.84,7.68,12,10,Low,929896,925636,4260,4260,28.02702811,28.02702811,1,NA,NA,Terrestrial Insect,NA,NA,Hymenoptera,NA,Adults,1,0.036,0.036,NA,NA,NA,NA,NA,NA,NA,NA,NA,NA,NA   NA   NA   NA,NA   NA   NA   NA
STTD_2021-07-06 09:03:00,7/6/2021 9:03,STTD,2021,D,FALSE,CLR,Ebb,1,21.5,0.6,229,245,8.84,7.68,12,10,Low,929896,925636,4260,4260,28.02702811,28.02702811,1,NA,NA,Aquatic Insect,NA,NA,Coenagrionidae,NA,Nymphs,1,0.036,0.036,NA,NA,NA,NA,NA,NA,NA,NA,NA,NA,NA   NA   NA   NA,NA   NA   NA   NA
STTD_2021-07-06 09:03:00,7/6/2021 9:03,STTD,2021,D,FALSE,CLR,Ebb,1,21.5,0.6,229,245,8.84,7.68,12,10,Low,929896,925636,4260,4260,28.02702811,28.02702811,1,NA,NA,Terrestrial Insect,NA,NA,Thysanoptera,NA,Adults,2,0.071,0.071,NA,NA,NA,NA,NA,NA,NA,NA,NA,NA,NA   NA   NA   NA,NA   NA   NA   NA
STTD_2021-07-06 09:03:00,7/6/2021 9:03,STTD,2021,D,FALSE,CLR,Ebb,1,21.5,0.6,229,245,8.84,7.68,12,10,Low,929896,925636,4260,4260,28.02702811,28.02702811,1,NA,NA,Aquatic Non-Insect,NA,NA,Hyalellidae,NA,Nymphs,1,0.036,0.036,NA,NA,NA,NA,NA,NA,NA,NA,NA,NA,NA   NA   NA   NA,NA   NA   NA   NA
SHR_2021-07-07 09:35:00,7/7/2021 9:35,SHR,2021,D,FALSE,CLR,Ebb,1,24.1,1.1,127,129,7.69,7.85,5,10,Low,915603,925344,9741,9741,64.08715512,64.08715512,1,NA,NA,Terrestrial Non-Insect,NA,NA,Araneae,NA,NA,1,0.016,0.016,NA,NA,NA,NA,NA,NA,NA,NA,NA,NA,NA   NA   NA   NA,NA   NA   NA   NA
SHR_2021-07-07 09:35:00,7/7/2021 9:35,SHR,2021,D,FALSE,CLR,Ebb,1,24.1,1.1,127,129,7.69,7.85,5,10,Low,915603,925344,9741,9741,64.08715512,64.08715512,1,NA,NA,Aquatic Non-Insect,NA,NA,Hygrobatidae,NA,NA,1,0.016,0.016,NA,NA,NA,NA,NA,NA,NA,NA,NA,NA,NA   NA   NA   NA,NA   NA   NA   NA
SHR_2021-07-07 09:35:00,7/7/2021 9:35,SHR,2021,D,FALSE,CLR,Ebb,1,24.1,1.1,127,129,7.69,7.85,5,10,Low,915603,925344,9741,9741,64.08715512,64.08715512,1,NA,NA,Aquatic Non-Insect,NA,NA,Naididae,NA,NA,1,0.016,0.016,NA,NA,NA,NA,NA,NA,NA,NA,NA,NA,NA   NA   NA   NA,NA   NA   NA   NA
SHR_2021-07-07 09:35:00,7/7/2021 9:35,SHR,2021,D,FALSE,CLR,Ebb,1,24.1,1.1,127,129,7.69,7.85,5,10,Low,915603,925344,9741,9741,64.08715512,64.08715512,1,NA,NA,Aquatic Insect,NA,NA,Ceratopogonidae,NA,Pupae,1,0.016,0.016,NA,NA,NA,NA,NA,NA,NA,NA,NA,NA,NA   NA   NA   NA,NA   NA   NA   NA
SHR_2021-07-07 09:35:00,7/7/2021 9:35,SHR,2021,D,FALSE,CLR,Ebb,1,24.1,1.1,127,129,7.69,7.85,5,10,Low,915603,925344,9741,9741,64.08715512,64.08715512,1,NA,NA,Aquatic Insect,NA,NA,Chironomidae,NA,Adults,1,0.016,0.016,NA,NA,NA,NA,NA,NA,NA,NA,NA,NA,NA   NA   NA   NA,NA   NA   NA   NA
SHR_2021-07-07 09:35:00,7/7/2021 9:35,SHR,2021,D,FALSE,CLR,Ebb,1,24.1,1.1,127,129,7.69,7.85,5,10,Low,915603,925344,9741,9741,64.08715512,64.08715512,1,NA,NA,Terrestrial Insect,NA,NA,Hemiptera,NA,Adults,1,0.016,0.016,NA,NA,NA,NA,NA,NA,NA,NA,NA,NA,NA   NA   NA   NA,NA   NA   NA   NA
SHR_2021-07-07 09:35:00,7/7/2021 9:35,SHR,2021,D,FALSE,CLR,Ebb,1,24.1,1.1,127,129,7.69,7.85,5,10,Low,915603,925344,9741,9741,64.08715512,64.08715512,1,NA,NA,Terrestrial Insect,NA,NA,Hymenoptera,NA,Adults,1,0.016,0.016,NA,NA,NA,NA,NA,NA,NA,NA,NA,NA,NA   NA   NA   NA,NA   NA   NA   NA
SHR_2021-07-07 09:35:00,7/7/2021 9:35,SHR,2021,D,FALSE,CLR,Ebb,1,24.1,1.1,127,129,7.69,7.85,5,10,Low,915603,925344,9741,9741,64.08715512,64.08715512,1,NA,NA,Terrestrial Insect,NA,NA,Thysanoptera,NA,Adults,1,0.016,0.016,NA,NA,NA,NA,NA,NA,NA,NA,NA,NA,NA   NA   NA   NA,NA   NA   NA   NA
SHR_2021-07-07 09:35:00,7/7/2021 9:35,SHR,2021,D,FALSE,CLR,Ebb,1,24.1,1.1,127,129,7.69,7.85,5,10,Low,915603,925344,9741,9741,64.08715512,64.08715512,1,NA,NA,Aquatic Insect,NA,NA,Leptoceridae,NA,Larvae,1,0.016,0.016,NA,NA,NA,NA,NA,NA,NA,NA,NA,NA,NA   NA   NA   NA,NA   NA   NA   NA
STTD_2021-07-19 09:40:00,7/19/2021 9:40,STTD,2021,D,FALSE,CLD,Flood,1,23.5,0.51,241,248,9.05,8.47,11.4,10,Low,908527,915252,6725,6725,44.24454554,44.24454554,1,towed from boat,NA,Aquatic Non-Insect,NA,NA,Actinopterygii,NA,NA,2,0.045,0.045,NA,NA,1,SAMP,NA,NA,NA,NA,NA,NA,1   NA   NA   NA,SAMP   NA   NA   NA
STTD_2021-07-19 09:40:00,7/19/2021 9:40,STTD,2021,D,FALSE,CLD,Flood,1,23.5,0.51,241,248,9.05,8.47,11.4,10,Low,908527,915252,6725,6725,44.24454554,44.24454554,1,towed from boat,NA,Aquatic Non-Insect,NA,NA,Limnesiidae,NA,NA,1,0.023,0.023,NA,NA,1,SAMP,NA,NA,NA,NA,NA,NA,1   NA   NA   NA,SAMP   NA   NA   NA
STTD_2021-07-19 09:40:00,7/19/2021 9:40,STTD,2021,D,FALSE,CLD,Flood,1,23.5,0.51,241,248,9.05,8.47,11.4,10,Low,908527,915252,6725,6725,44.24454554,44.24454554,1,towed from boat,NA,Aquatic Non-Insect,NA,NA,Naididae,NA,NA,2,0.045,0.045,NA,NA,1,SAMP,NA,NA,NA,NA,NA,NA,1   NA   NA   NA,SAMP   NA   NA   NA
STTD_2021-07-19 09:40:00,7/19/2021 9:40,STTD,2021,D,FALSE,CLD,Flood,1,23.5,0.51,241,248,9.05,8.47,11.4,10,Low,908527,915252,6725,6725,44.24454554,44.24454554,1,towed from boat,NA,Terrestrial Insect,NA,NA,Collembola,NA,Adults,2,0.045,0.045,NA,NA,1,SAMP,NA,NA,NA,NA,NA,NA,1   NA   NA   NA,SAMP   NA   NA   NA
STTD_2021-07-19 09:40:00,7/19/2021 9:40,STTD,2021,D,FALSE,CLD,Flood,1,23.5,0.51,241,248,9.05,8.47,11.4,10,Low,908527,915252,6725,6725,44.24454554,44.24454554,1,towed from boat,NA,Terrestrial Insect,NA,NA,Diptera,NA,Adults,1,0.023,0.023,NA,NA,1,SAMP,NA,NA,NA,NA,NA,NA,1   NA   NA   NA,SAMP   NA   NA   NA
STTD_2021-07-19 09:40:00,7/19/2021 9:40,STTD,2021,D,FALSE,CLD,Flood,1,23.5,0.51,241,248,9.05,8.47,11.4,10,Low,908527,915252,6725,6725,44.24454554,44.24454554,1,towed from boat,NA,Aquatic Insect,NA,NA,Chironomidae,NA,Larvae,1,0.023,0.023,NA,NA,1,SAMP,NA,NA,NA,NA,NA,NA,1   NA   NA   NA,SAMP   NA   NA   NA
STTD_2021-07-19 09:40:00,7/19/2021 9:40,STTD,2021,D,FALSE,CLD,Flood,1,23.5,0.51,241,248,9.05,8.47,11.4,10,Low,908527,915252,6725,6725,44.24454554,44.24454554,1,towed from boat,NA,Aquatic Insect,NA,NA,Chironomidae,NA,Adults,5,0.113,0.113,NA,NA,1,SAMP,NA,NA,NA,NA,NA,NA,1   NA   NA   NA,SAMP   NA   NA   NA
STTD_2021-07-19 09:40:00,7/19/2021 9:40,STTD,2021,D,FALSE,CLD,Flood,1,23.5,0.51,241,248,9.05,8.47,11.4,10,Low,908527,915252,6725,6725,44.24454554,44.24454554,1,towed from boat,NA,Terrestrial Insect,NA,NA,Hemiptera,NA,Nymphs,1,0.023,0.023,NA,NA,1,SAMP,NA,NA,NA,NA,NA,NA,1   NA   NA   NA,SAMP   NA   NA   NA
STTD_2021-07-19 09:40:00,7/19/2021 9:40,STTD,2021,D,FALSE,CLD,Flood,1,23.5,0.51,241,248,9.05,8.47,11.4,10,Low,908527,915252,6725,6725,44.24454554,44.24454554,1,towed from boat,NA,Terrestrial Insect,NA,NA,Hemiptera,NA,Adults,3,0.068,0.068,NA,NA,1,SAMP,NA,NA,NA,NA,NA,NA,1   NA   NA   NA,SAMP   NA   NA   NA
STTD_2021-07-19 09:40:00,7/19/2021 9:40,STTD,2021,D,FALSE,CLD,Flood,1,23.5,0.51,241,248,9.05,8.47,11.4,10,Low,908527,915252,6725,6725,44.24454554,44.24454554,1,towed from boat,NA,Aquatic Insect,NA,NA,Corixidae,NA,Nymphs,2,0.045,0.045,NA,NA,1,SAMP,NA,NA,NA,NA,NA,NA,1   NA   NA   NA,SAMP   NA   NA   NA
STTD_2021-07-19 09:40:00,7/19/2021 9:40,STTD,2021,D,FALSE,CLD,Flood,1,23.5,0.51,241,248,9.05,8.47,11.4,10,Low,908527,915252,6725,6725,44.24454554,44.24454554,1,towed from boat,NA,Aquatic Insect,NA,NA,Corixidae,NA,Adults,1,0.023,0.023,NA,NA,1,SAMP,NA,NA,NA,NA,NA,NA,1   NA   NA   NA,SAMP   NA   NA   NA
STTD_2021-07-19 09:40:00,7/19/2021 9:40,STTD,2021,D,FALSE,CLD,Flood,1,23.5,0.51,241,248,9.05,8.47,11.4,10,Low,908527,915252,6725,6725,44.24454554,44.24454554,1,towed from boat,NA,Terrestrial Insect,NA,NA,Hymenoptera,NA,Adults,6,0.136,0.136,NA,NA,1,SAMP,NA,NA,NA,NA,NA,NA,1   NA   NA   NA,SAMP   NA   NA   NA
STTD_2021-07-19 09:40:00,7/19/2021 9:40,STTD,2021,D,FALSE,CLD,Flood,1,23.5,0.51,241,248,9.05,8.47,11.4,10,Low,908527,915252,6725,6725,44.24454554,44.24454554,1,towed from boat,NA,Aquatic Insect,NA,NA,Hydroptilidae,NA,Larvae,2,0.045,0.045,NA,NA,1,SAMP,NA,NA,NA,NA,NA,NA,1   NA   NA   NA,SAMP   NA   NA   NA
SHR_2021-07-20 09:18:00,7/20/2021 9:18,SHR,2021,D,FALSE,CLR,Ebb,1,23.7,1,131,134,7.93,8.11,5.6,10,Low,887558,897998,10440,10440,68.68595621,68.68595621,1,NA,NA,Aquatic Non-Insect,NA,NA,Bivalvia,NA,NA,1,0.015,0.015,NA,NA,NA,NA,NA,NA,NA,NA,NA,NA,NA   NA   NA   NA,NA   NA   NA   NA
SHR_2021-07-20 09:18:00,7/20/2021 9:18,SHR,2021,D,FALSE,CLR,Ebb,1,23.7,1,131,134,7.93,8.11,5.6,10,Low,887558,897998,10440,10440,68.68595621,68.68595621,1,NA,NA,Aquatic Non-Insect,NA,NA,Naididae,NA,NA,2,0.029,0.029,NA,NA,NA,NA,NA,NA,NA,NA,NA,NA,NA   NA   NA   NA,NA   NA   NA   NA
SHR_2021-07-20 09:18:00,7/20/2021 9:18,SHR,2021,D,FALSE,CLR,Ebb,1,23.7,1,131,134,7.93,8.11,5.6,10,Low,887558,897998,10440,10440,68.68595621,68.68595621,1,NA,NA,Aquatic Non-Insect,NA,NA,Truncatelloidea,NA,NA,1,0.015,0.015,NA,NA,NA,NA,NA,NA,NA,NA,NA,NA,NA   NA   NA   NA,NA   NA   NA   NA
SHR_2021-07-20 09:18:00,7/20/2021 9:18,SHR,2021,D,FALSE,CLR,Ebb,1,23.7,1,131,134,7.93,8.11,5.6,10,Low,887558,897998,10440,10440,68.68595621,68.68595621,1,NA,NA,Aquatic Insect,NA,NA,Elmidae,NA,Larvae,1,0.015,0.015,NA,NA,NA,NA,NA,NA,NA,NA,NA,NA,NA   NA   NA   NA,NA   NA   NA   NA
SHR_2021-07-20 09:18:00,7/20/2021 9:18,SHR,2021,D,FALSE,CLR,Ebb,1,23.7,1,131,134,7.93,8.11,5.6,10,Low,887558,897998,10440,10440,68.68595621,68.68595621,1,NA,NA,Aquatic Insect,NA,NA,Chironomidae,NA,Emergent,1,0.015,0.015,NA,NA,NA,NA,NA,NA,NA,NA,NA,NA,NA   NA   NA   NA,NA   NA   NA   NA
SHR_2021-07-20 09:18:00,7/20/2021 9:18,SHR,2021,D,FALSE,CLR,Ebb,1,23.7,1,131,134,7.93,8.11,5.6,10,Low,887558,897998,10440,10440,68.68595621,68.68595621,1,NA,NA,Terrestrial Insect,NA,NA,Hymenoptera,NA,Larvae,1,0.015,0.015,NA,NA,NA,NA,NA,NA,NA,NA,NA,NA,NA   NA   NA   NA,NA   NA   NA   NA
SHR_2021-07-20 09:18:00,7/20/2021 9:18,SHR,2021,D,FALSE,CLR,Ebb,1,23.7,1,131,134,7.93,8.11,5.6,10,Low,887558,897998,10440,10440,68.68595621,68.68595621,1,NA,NA,Aquatic Insect,NA,NA,Coenagrionidae,NA,Nymphs,1,0.015,0.015,NA,NA,NA,NA,NA,NA,NA,NA,NA,NA,NA   NA   NA   NA,NA   NA   NA   NA
SHR_2021-07-20 09:18:00,7/20/2021 9:18,SHR,2021,D,FALSE,CLR,Ebb,1,23.7,1,131,134,7.93,8.11,5.6,10,Low,887558,897998,10440,10440,68.68595621,68.68595621,1,NA,NA,Aquatic Insect,NA,NA,Leptoceridae,NA,Larvae,2,0.029,0.029,NA,NA,NA,NA,NA,NA,NA,NA,NA,NA,NA   NA   NA   NA,NA   NA   NA   NA
SHR_2021-07-20 09:18:00,7/20/2021 9:18,SHR,2021,D,FALSE,CLR,Ebb,1,23.7,1,131,134,7.93,8.11,5.6,10,Low,887558,897998,10440,10440,68.68595621,68.68595621,1,NA,NA,Aquatic Non-Insect,NA,NA,Hyalellidae,NA,NA,7,0.102,0.102,NA,NA,NA,NA,NA,NA,NA,NA,NA,NA,NA   NA   NA   NA,NA   NA   NA   NA
SHR_2021-08-03 08:50:00,8/3/2021 8:50,SHR,2021,D,FALSE,CLR,Ebb,1,23.6,2,134,138,7.78,8.13,5.6,10,Low,875460,887400,11940,11940,78.55462807,78.55462807,1,NA,NA,Terrestrial Non-Insect,NA,NA,Araneae,NA,NA,4,0.051,0.051,NA,NA,NA,NA,NA,NA,NA,NA,NA,NA,NA   NA   NA   NA,NA   NA   NA   NA
SHR_2021-08-03 08:50:00,8/3/2021 8:50,SHR,2021,D,FALSE,CLR,Ebb,1,23.6,2,134,138,7.78,8.13,5.6,10,Low,875460,887400,11940,11940,78.55462807,78.55462807,1,NA,NA,Aquatic Non-Insect,NA,NA,Hygrobatidae,NA,NA,1,0.013,0.013,NA,NA,NA,NA,NA,NA,NA,NA,NA,NA,NA   NA   NA   NA,NA   NA   NA   NA
SHR_2021-08-03 08:50:00,8/3/2021 8:50,SHR,2021,D,FALSE,CLR,Ebb,1,23.6,2,134,138,7.78,8.13,5.6,10,Low,875460,887400,11940,11940,78.55462807,78.55462807,1,NA,NA,Aquatic Non-Insect,NA,NA,Lebertiidae,NA,NA,1,0.013,0.013,NA,NA,NA,NA,NA,NA,NA,NA,NA,NA,NA   NA   NA   NA,NA   NA   NA   NA
SHR_2021-08-03 08:50:00,8/3/2021 8:50,SHR,2021,D,FALSE,CLR,Ebb,1,23.6,2,134,138,7.78,8.13,5.6,10,Low,875460,887400,11940,11940,78.55462807,78.55462807,1,NA,NA,Aquatic Non-Insect,NA,NA,Naididae,NA,NA,5,0.064,0.064,NA,NA,NA,NA,NA,NA,NA,NA,NA,NA,NA   NA   NA   NA,NA   NA   NA   NA
SHR_2021-08-03 08:50:00,8/3/2021 8:50,SHR,2021,D,FALSE,CLR,Ebb,1,23.6,2,134,138,7.78,8.13,5.6,10,Low,875460,887400,11940,11940,78.55462807,78.55462807,1,NA,NA,Aquatic Non-Insect,NA,NA,Lymnaeidae,NA,NA,2,0.025,0.025,NA,NA,NA,NA,NA,NA,NA,NA,NA,NA,NA   NA   NA   NA,NA   NA   NA   NA
SHR_2021-08-03 08:50:00,8/3/2021 8:50,SHR,2021,D,FALSE,CLR,Ebb,1,23.6,2,134,138,7.78,8.13,5.6,10,Low,875460,887400,11940,11940,78.55462807,78.55462807,1,NA,NA,Terrestrial Insect,NA,NA,Coleoptera,NA,Adults,3,0.038,0.038,NA,NA,NA,NA,NA,NA,NA,NA,NA,NA,NA   NA   NA   NA,NA   NA   NA   NA
SHR_2021-08-03 08:50:00,8/3/2021 8:50,SHR,2021,D,FALSE,CLR,Ebb,1,23.6,2,134,138,7.78,8.13,5.6,10,Low,875460,887400,11940,11940,78.55462807,78.55462807,1,NA,NA,Aquatic Insect,NA,NA,Chironomidae,NA,Larvae,6,0.076,0.076,NA,NA,NA,NA,NA,NA,NA,NA,NA,NA,NA   NA   NA   NA,NA   NA   NA   NA
SHR_2021-08-03 08:50:00,8/3/2021 8:50,SHR,2021,D,FALSE,CLR,Ebb,1,23.6,2,134,138,7.78,8.13,5.6,10,Low,875460,887400,11940,11940,78.55462807,78.55462807,1,NA,NA,Aquatic Insect,NA,NA,Chironomidae,NA,Adults,5,0.064,0.064,NA,NA,NA,NA,NA,NA,NA,NA,NA,NA,NA   NA   NA   NA,NA   NA   NA   NA
SHR_2021-08-03 08:50:00,8/3/2021 8:50,SHR,2021,D,FALSE,CLR,Ebb,1,23.6,2,134,138,7.78,8.13,5.6,10,Low,875460,887400,11940,11940,78.55462807,78.55462807,1,NA,NA,Aquatic Insect,NA,NA,Psychodidae,NA,Pupae,1,0.013,0.013,NA,NA,NA,NA,NA,NA,NA,NA,NA,NA,NA   NA   NA   NA,NA   NA   NA   NA
SHR_2021-08-03 08:50:00,8/3/2021 8:50,SHR,2021,D,FALSE,CLR,Ebb,1,23.6,2,134,138,7.78,8.13,5.6,10,Low,875460,887400,11940,11940,78.55462807,78.55462807,1,NA,NA,Terrestrial Insect,NA,NA,Hemiptera,NA,Nymphs,1,0.013,0.013,NA,NA,NA,NA,NA,NA,NA,NA,NA,NA,NA   NA   NA   NA,NA   NA   NA   NA
SHR_2021-08-03 08:50:00,8/3/2021 8:50,SHR,2021,D,FALSE,CLR,Ebb,1,23.6,2,134,138,7.78,8.13,5.6,10,Low,875460,887400,11940,11940,78.55462807,78.55462807,1,NA,NA,Terrestrial Insect,NA,NA,Hemiptera,NA,Adults,11,0.14,0.14,NA,NA,NA,NA,NA,NA,NA,NA,NA,NA,NA   NA   NA   NA,NA   NA   NA   NA
SHR_2021-08-03 08:50:00,8/3/2021 8:50,SHR,2021,D,FALSE,CLR,Ebb,1,23.6,2,134,138,7.78,8.13,5.6,10,Low,875460,887400,11940,11940,78.55462807,78.55462807,1,NA,NA,Terrestrial Insect,NA,NA,Hymenoptera,NA,Adults,4,0.051,0.051,NA,NA,NA,NA,NA,NA,NA,NA,NA,NA,NA   NA   NA   NA,NA   NA   NA   NA
SHR_2021-08-03 08:50:00,8/3/2021 8:50,SHR,2021,D,FALSE,CLR,Ebb,1,23.6,2,134,138,7.78,8.13,5.6,10,Low,875460,887400,11940,11940,78.55462807,78.55462807,1,NA,NA,Aquatic Insect,NA,NA,Sisyridae,NA,Larvae,1,0.013,0.013,NA,NA,NA,NA,NA,NA,NA,NA,NA,NA,NA   NA   NA   NA,NA   NA   NA   NA
SHR_2021-08-03 08:50:00,8/3/2021 8:50,SHR,2021,D,FALSE,CLR,Ebb,1,23.6,2,134,138,7.78,8.13,5.6,10,Low,875460,887400,11940,11940,78.55462807,78.55462807,1,NA,NA,Aquatic Insect,NA,NA,Coenagrionidae,NA,Nymphs,1,0.013,0.013,NA,NA,NA,NA,NA,NA,NA,NA,NA,NA,NA   NA   NA   NA,NA   NA   NA   NA
SHR_2021-08-03 08:50:00,8/3/2021 8:50,SHR,2021,D,FALSE,CLR,Ebb,1,23.6,2,134,138,7.78,8.13,5.6,10,Low,875460,887400,11940,11940,78.55462807,78.55462807,1,NA,NA,Aquatic Insect,NA,NA,Leptoceridae,NA,Larvae,4,0.051,0.051,NA,NA,NA,NA,NA,NA,NA,NA,NA,NA,NA   NA   NA   NA,NA   NA   NA   NA
SHR_2021-08-03 08:50:00,8/3/2021 8:50,SHR,2021,D,FALSE,CLR,Ebb,1,23.6,2,134,138,7.78,8.13,5.6,10,Low,875460,887400,11940,11940,78.55462807,78.55462807,1,NA,NA,Aquatic Non-Insect,NA,NA,Hyalellidae,NA,NA,3,0.038,0.038,NA,NA,NA,NA,NA,NA,NA,NA,NA,NA,NA   NA   NA   NA,NA   NA   NA   NA
STTD_2021-08-03 10:55:00,8/3/2021 10:55,STTD,2021,D,FALSE,CLR,Flood,2,22.6,1,239,251,8.35,7.63,10,10,Low,867960,875200,7240,7240,47.63278955,47.63278955,1,"WQ taken by USFW, LA/Drift/Zoop taken by DWR",NA,Aquatic Non-Insect,NA,NA,Actinopterygii,NA,NA,2,0.042,0.042,NA,NA,1,SAMP,NA,NA,NA,NA,NA,NA,1   NA   NA   NA,SAMP   NA   NA   NA
STTD_2021-08-03 10:55:00,8/3/2021 10:55,STTD,2021,D,FALSE,CLR,Flood,2,22.6,1,239,251,8.35,7.63,10,10,Low,867960,875200,7240,7240,47.63278955,47.63278955,1,"WQ taken by USFW, LA/Drift/Zoop taken by DWR",NA,Terrestrial Non-Insect,NA,NA,Acari,NA,NA,1,0.021,0.021,NA,NA,1,SAMP,NA,NA,NA,NA,NA,NA,1   NA   NA   NA,SAMP   NA   NA   NA
STTD_2021-08-03 10:55:00,8/3/2021 10:55,STTD,2021,D,FALSE,CLR,Flood,2,22.6,1,239,251,8.35,7.63,10,10,Low,867960,875200,7240,7240,47.63278955,47.63278955,1,"WQ taken by USFW, LA/Drift/Zoop taken by DWR",NA,Terrestrial Non-Insect,NA,NA,Araneae,NA,NA,2,0.042,0.042,NA,NA,1,SAMP,NA,NA,NA,NA,NA,NA,1   NA   NA   NA,SAMP   NA   NA   NA
STTD_2021-08-03 10:55:00,8/3/2021 10:55,STTD,2021,D,FALSE,CLR,Flood,2,22.6,1,239,251,8.35,7.63,10,10,Low,867960,875200,7240,7240,47.63278955,47.63278955,1,"WQ taken by USFW, LA/Drift/Zoop taken by DWR",NA,Aquatic Non-Insect,NA,NA,Hygrobatidae,NA,NA,1,0.021,0.021,NA,NA,1,SAMP,NA,NA,NA,NA,NA,NA,1   NA   NA   NA,SAMP   NA   NA   NA
STTD_2021-08-03 10:55:00,8/3/2021 10:55,STTD,2021,D,FALSE,CLR,Flood,2,22.6,1,239,251,8.35,7.63,10,10,Low,867960,875200,7240,7240,47.63278955,47.63278955,1,"WQ taken by USFW, LA/Drift/Zoop taken by DWR",NA,Aquatic Non-Insect,NA,NA,Limnesiidae,NA,NA,1,0.021,0.021,NA,NA,1,SAMP,NA,NA,NA,NA,NA,NA,1   NA   NA   NA,SAMP   NA   NA   NA
STTD_2021-08-03 10:55:00,8/3/2021 10:55,STTD,2021,D,FALSE,CLR,Flood,2,22.6,1,239,251,8.35,7.63,10,10,Low,867960,875200,7240,7240,47.63278955,47.63278955,1,"WQ taken by USFW, LA/Drift/Zoop taken by DWR",NA,Aquatic Non-Insect,NA,NA,Planorbidae,NA,NA,2,0.042,0.042,NA,NA,1,SAMP,NA,NA,NA,NA,NA,NA,1   NA   NA   NA,SAMP   NA   NA   NA
STTD_2021-08-03 10:55:00,8/3/2021 10:55,STTD,2021,D,FALSE,CLR,Flood,2,22.6,1,239,251,8.35,7.63,10,10,Low,867960,875200,7240,7240,47.63278955,47.63278955,1,"WQ taken by USFW, LA/Drift/Zoop taken by DWR",NA,Aquatic Non-Insect,NA,NA,Amnicolidae,NA,NA,3,0.063,0.063,NA,NA,1,SAMP,NA,NA,NA,NA,NA,NA,1   NA   NA   NA,SAMP   NA   NA   NA
STTD_2021-08-03 10:55:00,8/3/2021 10:55,STTD,2021,D,FALSE,CLR,Flood,2,22.6,1,239,251,8.35,7.63,10,10,Low,867960,875200,7240,7240,47.63278955,47.63278955,1,"WQ taken by USFW, LA/Drift/Zoop taken by DWR",NA,Terrestrial Insect,NA,NA,Coleoptera,NA,Larvae,1,0.021,0.021,NA,NA,1,SAMP,NA,NA,NA,NA,NA,NA,1   NA   NA   NA,SAMP   NA   NA   NA
STTD_2021-08-03 10:55:00,8/3/2021 10:55,STTD,2021,D,FALSE,CLR,Flood,2,22.6,1,239,251,8.35,7.63,10,10,Low,867960,875200,7240,7240,47.63278955,47.63278955,1,"WQ taken by USFW, LA/Drift/Zoop taken by DWR",NA,Terrestrial Insect,NA,NA,Coleoptera,NA,Adults,4,0.084,0.084,NA,NA,1,SAMP,NA,NA,NA,NA,NA,NA,1   NA   NA   NA,SAMP   NA   NA   NA
STTD_2021-08-03 10:55:00,8/3/2021 10:55,STTD,2021,D,FALSE,CLR,Flood,2,22.6,1,239,251,8.35,7.63,10,10,Low,867960,875200,7240,7240,47.63278955,47.63278955,1,"WQ taken by USFW, LA/Drift/Zoop taken by DWR",NA,Aquatic Insect,NA,NA,Hydraenidae,NA,Adults,1,0.021,0.021,NA,NA,1,SAMP,NA,NA,NA,NA,NA,NA,1   NA   NA   NA,SAMP   NA   NA   NA
STTD_2021-08-03 10:55:00,8/3/2021 10:55,STTD,2021,D,FALSE,CLR,Flood,2,22.6,1,239,251,8.35,7.63,10,10,Low,867960,875200,7240,7240,47.63278955,47.63278955,1,"WQ taken by USFW, LA/Drift/Zoop taken by DWR",NA,Terrestrial Insect,NA,NA,Collembola,NA,Adults,1,0.021,0.021,NA,NA,1,SAMP,NA,NA,NA,NA,NA,NA,1   NA   NA   NA,SAMP   NA   NA   NA
STTD_2021-08-03 10:55:00,8/3/2021 10:55,STTD,2021,D,FALSE,CLR,Flood,2,22.6,1,239,251,8.35,7.63,10,10,Low,867960,875200,7240,7240,47.63278955,47.63278955,1,"WQ taken by USFW, LA/Drift/Zoop taken by DWR",NA,Terrestrial Insect,NA,NA,Diptera,NA,Adults,7,0.147,0.147,NA,NA,1,SAMP,NA,NA,NA,NA,NA,NA,1   NA   NA   NA,SAMP   NA   NA   NA
STTD_2021-08-03 10:55:00,8/3/2021 10:55,STTD,2021,D,FALSE,CLR,Flood,2,22.6,1,239,251,8.35,7.63,10,10,Low,867960,875200,7240,7240,47.63278955,47.63278955,1,"WQ taken by USFW, LA/Drift/Zoop taken by DWR",NA,Aquatic Insect,NA,NA,Ceratopogonidae,NA,Pupae,1,0.021,0.021,NA,NA,1,SAMP,NA,NA,NA,NA,NA,NA,1   NA   NA   NA,SAMP   NA   NA   NA
STTD_2021-08-03 10:55:00,8/3/2021 10:55,STTD,2021,D,FALSE,CLR,Flood,2,22.6,1,239,251,8.35,7.63,10,10,Low,867960,875200,7240,7240,47.63278955,47.63278955,1,"WQ taken by USFW, LA/Drift/Zoop taken by DWR",NA,Aquatic Insect,NA,NA,Ceratopogonidae,NA,Adults,2,0.042,0.042,NA,NA,1,SAMP,NA,NA,NA,NA,NA,NA,1   NA   NA   NA,SAMP   NA   NA   NA
STTD_2021-08-03 10:55:00,8/3/2021 10:55,STTD,2021,D,FALSE,CLR,Flood,2,22.6,1,239,251,8.35,7.63,10,10,Low,867960,875200,7240,7240,47.63278955,47.63278955,1,"WQ taken by USFW, LA/Drift/Zoop taken by DWR",NA,Aquatic Insect,NA,NA,Chironomidae,NA,Larvae,3,0.063,0.063,NA,NA,1,SAMP,NA,NA,NA,NA,NA,NA,1   NA   NA   NA,SAMP   NA   NA   NA
STTD_2021-08-03 10:55:00,8/3/2021 10:55,STTD,2021,D,FALSE,CLR,Flood,2,22.6,1,239,251,8.35,7.63,10,10,Low,867960,875200,7240,7240,47.63278955,47.63278955,1,"WQ taken by USFW, LA/Drift/Zoop taken by DWR",NA,Aquatic Insect,NA,NA,Chironomidae,NA,Adults,15,0.315,0.315,NA,NA,1,SAMP,NA,NA,NA,NA,NA,NA,1   NA   NA   NA,SAMP   NA   NA   NA
STTD_2021-08-03 10:55:00,8/3/2021 10:55,STTD,2021,D,FALSE,CLR,Flood,2,22.6,1,239,251,8.35,7.63,10,10,Low,867960,875200,7240,7240,47.63278955,47.63278955,1,"WQ taken by USFW, LA/Drift/Zoop taken by DWR",NA,Terrestrial Insect,NA,NA,Hemiptera,NA,Nymphs,68,1.428,1.428,NA,NA,1,SAMP,NA,NA,NA,NA,NA,NA,1   NA   NA   NA,SAMP   NA   NA   NA
STTD_2021-08-03 10:55:00,8/3/2021 10:55,STTD,2021,D,FALSE,CLR,Flood,2,22.6,1,239,251,8.35,7.63,10,10,Low,867960,875200,7240,7240,47.63278955,47.63278955,1,"WQ taken by USFW, LA/Drift/Zoop taken by DWR",NA,Terrestrial Insect,NA,NA,Hemiptera,NA,Adults,23,0.483,0.483,NA,NA,1,SAMP,NA,NA,NA,NA,NA,NA,1   NA   NA   NA,SAMP   NA   NA   NA
STTD_2021-08-03 10:55:00,8/3/2021 10:55,STTD,2021,D,FALSE,CLR,Flood,2,22.6,1,239,251,8.35,7.63,10,10,Low,867960,875200,7240,7240,47.63278955,47.63278955,1,"WQ taken by USFW, LA/Drift/Zoop taken by DWR",NA,Aquatic Insect,NA,NA,Corixidae,NA,Nymphs,1,0.021,0.021,NA,NA,1,SAMP,NA,NA,NA,NA,NA,NA,1   NA   NA   NA,SAMP   NA   NA   NA
STTD_2021-08-03 10:55:00,8/3/2021 10:55,STTD,2021,D,FALSE,CLR,Flood,2,22.6,1,239,251,8.35,7.63,10,10,Low,867960,875200,7240,7240,47.63278955,47.63278955,1,"WQ taken by USFW, LA/Drift/Zoop taken by DWR",NA,Aquatic Insect,NA,NA,Corixidae,NA,Adults,6,0.126,0.126,NA,NA,1,SAMP,NA,NA,NA,NA,NA,NA,1   NA   NA   NA,SAMP   NA   NA   NA
STTD_2021-08-03 10:55:00,8/3/2021 10:55,STTD,2021,D,FALSE,CLR,Flood,2,22.6,1,239,251,8.35,7.63,10,10,Low,867960,875200,7240,7240,47.63278955,47.63278955,1,"WQ taken by USFW, LA/Drift/Zoop taken by DWR",NA,Aquatic Insect,NA,NA,Notonectidae,NA,Nymphs,1,0.021,0.021,NA,NA,1,SAMP,NA,NA,NA,NA,NA,NA,1   NA   NA   NA,SAMP   NA   NA   NA
STTD_2021-08-03 10:55:00,8/3/2021 10:55,STTD,2021,D,FALSE,CLR,Flood,2,22.6,1,239,251,8.35,7.63,10,10,Low,867960,875200,7240,7240,47.63278955,47.63278955,1,"WQ taken by USFW, LA/Drift/Zoop taken by DWR",NA,Terrestrial Insect,NA,NA,Hymenoptera,NA,Adults,108,2.267,2.267,NA,NA,1,SAMP,NA,NA,NA,NA,NA,NA,1   NA   NA   NA,SAMP   NA   NA   NA
STTD_2021-08-03 10:55:00,8/3/2021 10:55,STTD,2021,D,FALSE,CLR,Flood,2,22.6,1,239,251,8.35,7.63,10,10,Low,867960,875200,7240,7240,47.63278955,47.63278955,1,"WQ taken by USFW, LA/Drift/Zoop taken by DWR",NA,Aquatic Insect,NA,NA,Coenagrionidae,NA,Nymphs,2,0.042,0.042,NA,NA,1,SAMP,NA,NA,NA,NA,NA,NA,1   NA   NA   NA,SAMP   NA   NA   NA
STTD_2021-08-03 10:55:00,8/3/2021 10:55,STTD,2021,D,FALSE,CLR,Flood,2,22.6,1,239,251,8.35,7.63,10,10,Low,867960,875200,7240,7240,47.63278955,47.63278955,1,"WQ taken by USFW, LA/Drift/Zoop taken by DWR",NA,Aquatic Insect,NA,NA,Hydropsychidae,NA,Larvae,1,0.021,0.021,NA,NA,1,SAMP,NA,NA,NA,NA,NA,NA,1   NA   NA   NA,SAMP   NA   NA   NA
STTD_2021-08-03 10:55:00,8/3/2021 10:55,STTD,2021,D,FALSE,CLR,Flood,2,22.6,1,239,251,8.35,7.63,10,10,Low,867960,875200,7240,7240,47.63278955,47.63278955,1,"WQ taken by USFW, LA/Drift/Zoop taken by DWR",NA,Aquatic Insect,NA,NA,Hydroptilidae,NA,Larvae,2,0.042,0.042,NA,NA,1,SAMP,NA,NA,NA,NA,NA,NA,1   NA   NA   NA,SAMP   NA   NA   NA
STTD_2021-08-03 10:55:00,8/3/2021 10:55,STTD,2021,D,FALSE,CLR,Flood,2,22.6,1,239,251,8.35,7.63,10,10,Low,867960,875200,7240,7240,47.63278955,47.63278955,1,"WQ taken by USFW, LA/Drift/Zoop taken by DWR",NA,Aquatic Insect,NA,NA,Hydroptilidae,NA,Pupae,1,0.021,0.021,NA,NA,1,SAMP,NA,NA,NA,NA,NA,NA,1   NA   NA   NA,SAMP   NA   NA   NA
STTD_2021-08-03 10:55:00,8/3/2021 10:55,STTD,2021,D,FALSE,CLR,Flood,2,22.6,1,239,251,8.35,7.63,10,10,Low,867960,875200,7240,7240,47.63278955,47.63278955,1,"WQ taken by USFW, LA/Drift/Zoop taken by DWR",NA,Aquatic Insect,NA,NA,Leptoceridae,NA,Larvae,1,0.021,0.021,NA,NA,1,SAMP,NA,NA,NA,NA,NA,NA,1   NA   NA   NA,SAMP   NA   NA   NA
STTD_2021-08-03 10:55:00,8/3/2021 10:55,STTD,2021,D,FALSE,CLR,Flood,2,22.6,1,239,251,8.35,7.63,10,10,Low,867960,875200,7240,7240,47.63278955,47.63278955,1,"WQ taken by USFW, LA/Drift/Zoop taken by DWR",NA,Aquatic Non-Insect,NA,NA,Gammaridae,NA,NA,5,0.105,0.105,NA,NA,1,SAMP,NA,NA,NA,NA,NA,NA,1   NA   NA   NA,SAMP   NA   NA   NA
STTD_2021-08-03 10:55:00,8/3/2021 10:55,STTD,2021,D,FALSE,CLR,Flood,2,22.6,1,239,251,8.35,7.63,10,10,Low,867960,875200,7240,7240,47.63278955,47.63278955,1,"WQ taken by USFW, LA/Drift/Zoop taken by DWR",NA,Aquatic Non-Insect,NA,NA,Hyalellidae,NA,NA,24,0.504,0.504,NA,NA,1,SAMP,NA,NA,NA,NA,NA,NA,1   NA   NA   NA,SAMP   NA   NA   NA
STTD_2021-08-03 10:55:00,8/3/2021 10:55,STTD,2021,D,FALSE,CLR,Flood,2,22.6,1,239,251,8.35,7.63,10,10,Low,867960,875200,7240,7240,47.63278955,47.63278955,1,"WQ taken by USFW, LA/Drift/Zoop taken by DWR",NA,Aquatic Non-Insect,NA,NA,Turbellaria,NA,NA,11,0.231,0.231,NA,NA,1,SAMP,NA,NA,NA,NA,NA,NA,1   NA   NA   NA,SAMP   NA   NA   NA
SHR_2021-08-17 07:55:00,8/17/2021 7:55,SHR,2021,D,FALSE,CLD,Ebb,1,23.4,1.7,143,148,7.8,8.97,3.8,10,Low,857145,867702,10557,10557,69.45571261,69.45571261,1,NA,NA,Aquatic Non-Insect,NA,NA,Lebertiidae,NA,NA,3,0.043,0.043,NA,NA,NA,NA,NA,NA,NA,NA,NA,NA,NA   NA   NA   NA,NA   NA   NA   NA
SHR_2021-08-17 07:55:00,8/17/2021 7:55,SHR,2021,D,FALSE,CLD,Ebb,1,23.4,1.7,143,148,7.8,8.97,3.8,10,Low,857145,867702,10557,10557,69.45571261,69.45571261,1,NA,NA,Aquatic Non-Insect,NA,NA,Naididae,NA,NA,2,0.029,0.029,NA,NA,NA,NA,NA,NA,NA,NA,NA,NA,NA   NA   NA   NA,NA   NA   NA   NA
SHR_2021-08-17 07:55:00,8/17/2021 7:55,SHR,2021,D,FALSE,CLD,Ebb,1,23.4,1.7,143,148,7.8,8.97,3.8,10,Low,857145,867702,10557,10557,69.45571261,69.45571261,1,NA,NA,Aquatic Insect,NA,NA,Chironomidae,NA,Larvae,1,0.014,0.014,NA,NA,NA,NA,NA,NA,NA,NA,NA,NA,NA   NA   NA   NA,NA   NA   NA   NA
SHR_2021-08-17 07:55:00,8/17/2021 7:55,SHR,2021,D,FALSE,CLD,Ebb,1,23.4,1.7,143,148,7.8,8.97,3.8,10,Low,857145,867702,10557,10557,69.45571261,69.45571261,1,NA,NA,Aquatic Insect,NA,NA,Chironomidae,NA,Adults,7,0.101,0.101,NA,NA,NA,NA,NA,NA,NA,NA,NA,NA,NA   NA   NA   NA,NA   NA   NA   NA
SHR_2021-08-17 07:55:00,8/17/2021 7:55,SHR,2021,D,FALSE,CLD,Ebb,1,23.4,1.7,143,148,7.8,8.97,3.8,10,Low,857145,867702,10557,10557,69.45571261,69.45571261,1,NA,NA,Terrestrial Insect,NA,NA,Hemiptera,NA,Nymphs,1,0.014,0.014,NA,NA,NA,NA,NA,NA,NA,NA,NA,NA,NA   NA   NA   NA,NA   NA   NA   NA
SHR_2021-08-17 07:55:00,8/17/2021 7:55,SHR,2021,D,FALSE,CLD,Ebb,1,23.4,1.7,143,148,7.8,8.97,3.8,10,Low,857145,867702,10557,10557,69.45571261,69.45571261,1,NA,NA,Terrestrial Insect,NA,NA,Hemiptera,NA,Adults,1,0.014,0.014,NA,NA,NA,NA,NA,NA,NA,NA,NA,NA,NA   NA   NA   NA,NA   NA   NA   NA
SHR_2021-08-17 07:55:00,8/17/2021 7:55,SHR,2021,D,FALSE,CLD,Ebb,1,23.4,1.7,143,148,7.8,8.97,3.8,10,Low,857145,867702,10557,10557,69.45571261,69.45571261,1,NA,NA,Terrestrial Insect,NA,NA,Hymenoptera,NA,Adults,1,0.014,0.014,NA,NA,NA,NA,NA,NA,NA,NA,NA,NA,NA   NA   NA   NA,NA   NA   NA   NA
SHR_2021-08-17 07:55:00,8/17/2021 7:55,SHR,2021,D,FALSE,CLD,Ebb,1,23.4,1.7,143,148,7.8,8.97,3.8,10,Low,857145,867702,10557,10557,69.45571261,69.45571261,1,NA,NA,Aquatic Insect,NA,NA,Leptoceridae,NA,Larvae,4,0.058,0.058,NA,NA,NA,NA,NA,NA,NA,NA,NA,NA,NA   NA   NA   NA,NA   NA   NA   NA
SHR_2021-08-17 07:55:00,8/17/2021 7:55,SHR,2021,D,FALSE,CLD,Ebb,1,23.4,1.7,143,148,7.8,8.97,3.8,10,Low,857145,867702,10557,10557,69.45571261,69.45571261,1,NA,NA,Aquatic Non-Insect,NA,NA,Corophiidae,NA,NA,1,0.014,0.014,NA,NA,NA,NA,NA,NA,NA,NA,NA,NA,NA   NA   NA   NA,NA   NA   NA   NA
SHR_2021-08-17 07:55:00,8/17/2021 7:55,SHR,2021,D,FALSE,CLD,Ebb,1,23.4,1.7,143,148,7.8,8.97,3.8,10,Low,857145,867702,10557,10557,69.45571261,69.45571261,1,NA,NA,Aquatic Non-Insect,NA,NA,Hyalellidae,NA,NA,29,0.418,0.418,NA,NA,NA,NA,NA,NA,NA,NA,NA,NA,NA   NA   NA   NA,NA   NA   NA   NA
STTD_2021-08-17 10:47:00,8/17/2021 10:47,STTD,2021,D,FALSE,CLD,Flood,1,22.8,0.77,219,229,8.29,7.72,10.4,10,Low,849247,857068,7821,7821,51.45525512,51.45525512,1,NA,NA,Aquatic Non-Insect,NA,NA,Limnesiidae,NA,NA,1,0.019,0.019,NA,NA,NA,NA,NA,NA,NA,NA,NA,NA,NA   NA   NA   NA,NA   NA   NA   NA
STTD_2021-08-17 10:47:00,8/17/2021 10:47,STTD,2021,D,FALSE,CLD,Flood,1,22.8,0.77,219,229,8.29,7.72,10.4,10,Low,849247,857068,7821,7821,51.45525512,51.45525512,1,NA,NA,Aquatic Non-Insect,NA,NA,Naididae,NA,NA,9,0.175,0.175,NA,NA,NA,NA,NA,NA,NA,NA,NA,NA,NA   NA   NA   NA,NA   NA   NA   NA
STTD_2021-08-17 10:47:00,8/17/2021 10:47,STTD,2021,D,FALSE,CLD,Flood,1,22.8,0.77,219,229,8.29,7.72,10.4,10,Low,849247,857068,7821,7821,51.45525512,51.45525512,1,NA,NA,Aquatic Non-Insect,NA,NA,Physidae,NA,NA,2,0.039,0.039,NA,NA,NA,NA,NA,NA,NA,NA,NA,NA,NA   NA   NA   NA,NA   NA   NA   NA
STTD_2021-08-17 10:47:00,8/17/2021 10:47,STTD,2021,D,FALSE,CLD,Flood,1,22.8,0.77,219,229,8.29,7.72,10.4,10,Low,849247,857068,7821,7821,51.45525512,51.45525512,1,NA,NA,Aquatic Non-Insect,NA,NA,Planorbidae,NA,NA,5,0.097,0.097,NA,NA,NA,NA,NA,NA,NA,NA,NA,NA,NA   NA   NA   NA,NA   NA   NA   NA
STTD_2021-08-17 10:47:00,8/17/2021 10:47,STTD,2021,D,FALSE,CLD,Flood,1,22.8,0.77,219,229,8.29,7.72,10.4,10,Low,849247,857068,7821,7821,51.45525512,51.45525512,1,NA,NA,Aquatic Non-Insect,NA,NA,Truncatelloidea,NA,NA,5,0.097,0.097,NA,NA,NA,NA,NA,NA,NA,NA,NA,NA,NA   NA   NA   NA,NA   NA   NA   NA
STTD_2021-08-17 10:47:00,8/17/2021 10:47,STTD,2021,D,FALSE,CLD,Flood,1,22.8,0.77,219,229,8.29,7.72,10.4,10,Low,849247,857068,7821,7821,51.45525512,51.45525512,1,NA,NA,Terrestrial Insect,NA,NA,Coleoptera,NA,Adults,1,0.019,0.019,NA,NA,NA,NA,NA,NA,NA,NA,NA,NA,NA   NA   NA   NA,NA   NA   NA   NA
STTD_2021-08-17 10:47:00,8/17/2021 10:47,STTD,2021,D,FALSE,CLD,Flood,1,22.8,0.77,219,229,8.29,7.72,10.4,10,Low,849247,857068,7821,7821,51.45525512,51.45525512,1,NA,NA,Aquatic Insect,NA,NA,Diptera,NA,Adults,1,0.019,0.019,NA,NA,NA,NA,NA,NA,NA,NA,NA,NA,NA   NA   NA   NA,NA   NA   NA   NA
STTD_2021-08-17 10:47:00,8/17/2021 10:47,STTD,2021,D,FALSE,CLD,Flood,1,22.8,0.77,219,229,8.29,7.72,10.4,10,Low,849247,857068,7821,7821,51.45525512,51.45525512,1,NA,NA,Aquatic Insect,NA,NA,Ceratopogonidae,NA,Pupae,1,0.019,0.019,NA,NA,NA,NA,NA,NA,NA,NA,NA,NA,NA   NA   NA   NA,NA   NA   NA   NA
STTD_2021-08-17 10:47:00,8/17/2021 10:47,STTD,2021,D,FALSE,CLD,Flood,1,22.8,0.77,219,229,8.29,7.72,10.4,10,Low,849247,857068,7821,7821,51.45525512,51.45525512,1,NA,NA,Aquatic Insect,NA,NA,Chironomidae,NA,Larvae,16,0.311,0.311,NA,NA,NA,NA,NA,NA,NA,NA,NA,NA,NA   NA   NA   NA,NA   NA   NA   NA
STTD_2021-08-17 10:47:00,8/17/2021 10:47,STTD,2021,D,FALSE,CLD,Flood,1,22.8,0.77,219,229,8.29,7.72,10.4,10,Low,849247,857068,7821,7821,51.45525512,51.45525512,1,NA,NA,Aquatic Insect,NA,NA,Chironomidae,NA,Pupae,5,0.097,0.097,NA,NA,NA,NA,NA,NA,NA,NA,NA,NA,NA   NA   NA   NA,NA   NA   NA   NA
STTD_2021-08-17 10:47:00,8/17/2021 10:47,STTD,2021,D,FALSE,CLD,Flood,1,22.8,0.77,219,229,8.29,7.72,10.4,10,Low,849247,857068,7821,7821,51.45525512,51.45525512,1,NA,NA,Aquatic Insect,NA,NA,Chironomidae,NA,Adults,1,0.019,0.019,NA,NA,NA,NA,NA,NA,NA,NA,NA,NA,NA   NA   NA   NA,NA   NA   NA   NA
STTD_2021-08-17 10:47:00,8/17/2021 10:47,STTD,2021,D,FALSE,CLD,Flood,1,22.8,0.77,219,229,8.29,7.72,10.4,10,Low,849247,857068,7821,7821,51.45525512,51.45525512,1,NA,NA,Terrestrial Insect,NA,NA,Hemiptera,NA,Nymphs,7,0.136,0.136,NA,NA,NA,NA,NA,NA,NA,NA,NA,NA,NA   NA   NA   NA,NA   NA   NA   NA
STTD_2021-08-17 10:47:00,8/17/2021 10:47,STTD,2021,D,FALSE,CLD,Flood,1,22.8,0.77,219,229,8.29,7.72,10.4,10,Low,849247,857068,7821,7821,51.45525512,51.45525512,1,NA,NA,Terrestrial Insect,NA,NA,Hemiptera,NA,Adults,9,0.175,0.175,NA,NA,NA,NA,NA,NA,NA,NA,NA,NA,NA   NA   NA   NA,NA   NA   NA   NA
STTD_2021-08-17 10:47:00,8/17/2021 10:47,STTD,2021,D,FALSE,CLD,Flood,1,22.8,0.77,219,229,8.29,7.72,10.4,10,Low,849247,857068,7821,7821,51.45525512,51.45525512,1,NA,NA,Aquatic Insect,NA,NA,Corixidae,NA,Adults,1,0.019,0.019,NA,NA,NA,NA,NA,NA,NA,NA,NA,NA,NA   NA   NA   NA,NA   NA   NA   NA
STTD_2021-08-17 10:47:00,8/17/2021 10:47,STTD,2021,D,FALSE,CLD,Flood,1,22.8,0.77,219,229,8.29,7.72,10.4,10,Low,849247,857068,7821,7821,51.45525512,51.45525512,1,NA,NA,Terrestrial Insect,NA,NA,Hymenoptera,NA,Adults,1,0.019,0.019,NA,NA,NA,NA,NA,NA,NA,NA,NA,NA,NA   NA   NA   NA,NA   NA   NA   NA
STTD_2021-08-17 10:47:00,8/17/2021 10:47,STTD,2021,D,FALSE,CLD,Flood,1,22.8,0.77,219,229,8.29,7.72,10.4,10,Low,849247,857068,7821,7821,51.45525512,51.45525512,1,NA,NA,Aquatic Insect,NA,NA,Trichoptera,NA,Adults,1,0.019,0.019,NA,NA,NA,NA,NA,NA,NA,NA,NA,NA,NA   NA   NA   NA,NA   NA   NA   NA
STTD_2021-08-17 10:47:00,8/17/2021 10:47,STTD,2021,D,FALSE,CLD,Flood,1,22.8,0.77,219,229,8.29,7.72,10.4,10,Low,849247,857068,7821,7821,51.45525512,51.45525512,1,NA,NA,Aquatic Insect,NA,NA,Leptoceridae,NA,Pupae,1,0.019,0.019,NA,NA,NA,NA,NA,NA,NA,NA,NA,NA,NA   NA   NA   NA,NA   NA   NA   NA
STTD_2021-08-17 10:47:00,8/17/2021 10:47,STTD,2021,D,FALSE,CLD,Flood,1,22.8,0.77,219,229,8.29,7.72,10.4,10,Low,849247,857068,7821,7821,51.45525512,51.45525512,1,NA,NA,Aquatic Non-Insect,NA,NA,Gammaridae,NA,NA,11,0.214,0.214,NA,NA,NA,NA,NA,NA,NA,NA,NA,NA,NA   NA   NA   NA,NA   NA   NA   NA
STTD_2021-08-17 10:47:00,8/17/2021 10:47,STTD,2021,D,FALSE,CLD,Flood,1,22.8,0.77,219,229,8.29,7.72,10.4,10,Low,849247,857068,7821,7821,51.45525512,51.45525512,1,NA,NA,Aquatic Non-Insect,NA,NA,Hyalellidae,NA,NA,48,0.933,0.933,NA,NA,NA,NA,NA,NA,NA,NA,NA,NA,NA   NA   NA   NA,NA   NA   NA   NA
STTD_2021-08-17 10:47:00,8/17/2021 10:47,STTD,2021,D,FALSE,CLD,Flood,1,22.8,0.77,219,229,8.29,7.72,10.4,10,Low,849247,857068,7821,7821,51.45525512,51.45525512,1,NA,NA,Aquatic Non-Insect,NA,NA,Ostracoda,NA,NA,3,0.058,0.058,NA,NA,NA,NA,NA,NA,NA,NA,NA,NA,NA   NA   NA   NA,NA   NA   NA   NA
STTD_2021-08-17 10:47:00,8/17/2021 10:47,STTD,2021,D,FALSE,CLD,Flood,1,22.8,0.77,219,229,8.29,7.72,10.4,10,Low,849247,857068,7821,7821,51.45525512,51.45525512,1,NA,NA,Aquatic Non-Insect,NA,NA,Turbellaria,NA,NA,6,0.117,0.117,NA,NA,NA,NA,NA,NA,NA,NA,NA,NA,NA   NA   NA   NA,NA   NA   NA   NA
SHR_2021-08-31 08:06:00,8/31/2021 8:06,SHR,2021,D,FALSE,CLR,Ebb,1,22.8,2.1,182,190,7.59,8.14,3.4,10,Low,849068,839104,9964,9964,65.55429767,65.55429767,1,Flowmeter flowing w/ numbers going down?,NA,Aquatic Non-Insect,NA,NA,Hygrobatidae,NA,NA,1,0.015,0.015,NA,NA,1,SAMP,NA,NA,NA,NA,NA,NA,1   NA   NA   NA,SAMP   NA   NA   NA
SHR_2021-08-31 08:06:00,8/31/2021 8:06,SHR,2021,D,FALSE,CLR,Ebb,1,22.8,2.1,182,190,7.59,8.14,3.4,10,Low,849068,839104,9964,9964,65.55429767,65.55429767,1,Flowmeter flowing w/ numbers going down?,NA,Aquatic Non-Insect,NA,NA,Hygrobatidae,NA,NA,1,0.015,0.015,NA,NA,2,SAMP,NA,NA,NA,NA,NA,NA,2   NA   NA   NA,SAMP   NA   NA   NA
SHR_2021-08-31 08:06:00,8/31/2021 8:06,SHR,2021,D,FALSE,CLR,Ebb,1,22.8,2.1,182,190,7.59,8.14,3.4,10,Low,849068,839104,9964,9964,65.55429767,65.55429767,1,Flowmeter flowing w/ numbers going down?,NA,Aquatic Non-Insect,NA,NA,Lebertiidae,NA,NA,9,0.137,0.137,NA,NA,1,SAMP,NA,NA,NA,NA,NA,NA,1   NA   NA   NA,SAMP   NA   NA   NA
SHR_2021-08-31 08:06:00,8/31/2021 8:06,SHR,2021,D,FALSE,CLR,Ebb,1,22.8,2.1,182,190,7.59,8.14,3.4,10,Low,849068,839104,9964,9964,65.55429767,65.55429767,1,Flowmeter flowing w/ numbers going down?,NA,Aquatic Non-Insect,NA,NA,Lebertiidae,NA,NA,9,0.137,0.137,NA,NA,2,SAMP,NA,NA,NA,NA,NA,NA,2   NA   NA   NA,SAMP   NA   NA   NA
SHR_2021-08-31 08:06:00,8/31/2021 8:06,SHR,2021,D,FALSE,CLR,Ebb,1,22.8,2.1,182,190,7.59,8.14,3.4,10,Low,849068,839104,9964,9964,65.55429767,65.55429767,1,Flowmeter flowing w/ numbers going down?,NA,Aquatic Non-Insect,NA,NA,Cladocera,NA,NA,1,0.015,0.015,NA,NA,1,SAMP,NA,NA,NA,NA,NA,NA,1   NA   NA   NA,SAMP   NA   NA   NA
SHR_2021-08-31 08:06:00,8/31/2021 8:06,SHR,2021,D,FALSE,CLR,Ebb,1,22.8,2.1,182,190,7.59,8.14,3.4,10,Low,849068,839104,9964,9964,65.55429767,65.55429767,1,Flowmeter flowing w/ numbers going down?,NA,Aquatic Non-Insect,NA,NA,Cladocera,NA,NA,1,0.015,0.015,NA,NA,2,SAMP,NA,NA,NA,NA,NA,NA,2   NA   NA   NA,SAMP   NA   NA   NA
SHR_2021-08-31 08:06:00,8/31/2021 8:06,SHR,2021,D,FALSE,CLR,Ebb,1,22.8,2.1,182,190,7.59,8.14,3.4,10,Low,849068,839104,9964,9964,65.55429767,65.55429767,1,Flowmeter flowing w/ numbers going down?,NA,Aquatic Non-Insect,NA,NA,Planorbidae,NA,NA,1,0.015,0.015,NA,NA,1,SAMP,NA,NA,NA,NA,NA,NA,1   NA   NA   NA,SAMP   NA   NA   NA
SHR_2021-08-31 08:06:00,8/31/2021 8:06,SHR,2021,D,FALSE,CLR,Ebb,1,22.8,2.1,182,190,7.59,8.14,3.4,10,Low,849068,839104,9964,9964,65.55429767,65.55429767,1,Flowmeter flowing w/ numbers going down?,NA,Aquatic Non-Insect,NA,NA,Planorbidae,NA,NA,1,0.015,0.015,NA,NA,2,SAMP,NA,NA,NA,NA,NA,NA,2   NA   NA   NA,SAMP   NA   NA   NA
SHR_2021-08-31 08:06:00,8/31/2021 8:06,SHR,2021,D,FALSE,CLR,Ebb,1,22.8,2.1,182,190,7.59,8.14,3.4,10,Low,849068,839104,9964,9964,65.55429767,65.55429767,1,Flowmeter flowing w/ numbers going down?,NA,Terrestrial Insect,NA,NA,Coleoptera,NA,Adults,1,0.015,0.015,NA,NA,1,SAMP,NA,NA,NA,NA,NA,NA,1   NA   NA   NA,SAMP   NA   NA   NA
SHR_2021-08-31 08:06:00,8/31/2021 8:06,SHR,2021,D,FALSE,CLR,Ebb,1,22.8,2.1,182,190,7.59,8.14,3.4,10,Low,849068,839104,9964,9964,65.55429767,65.55429767,1,Flowmeter flowing w/ numbers going down?,NA,Terrestrial Insect,NA,NA,Coleoptera,NA,Adults,1,0.015,0.015,NA,NA,2,SAMP,NA,NA,NA,NA,NA,NA,2   NA   NA   NA,SAMP   NA   NA   NA
SHR_2021-08-31 08:06:00,8/31/2021 8:06,SHR,2021,D,FALSE,CLR,Ebb,1,22.8,2.1,182,190,7.59,8.14,3.4,10,Low,849068,839104,9964,9964,65.55429767,65.55429767,1,Flowmeter flowing w/ numbers going down?,NA,Aquatic Insect,NA,NA,Chironomidae,NA,Larvae,7,0.107,0.107,NA,NA,1,SAMP,NA,NA,NA,NA,NA,NA,1   NA   NA   NA,SAMP   NA   NA   NA
SHR_2021-08-31 08:06:00,8/31/2021 8:06,SHR,2021,D,FALSE,CLR,Ebb,1,22.8,2.1,182,190,7.59,8.14,3.4,10,Low,849068,839104,9964,9964,65.55429767,65.55429767,1,Flowmeter flowing w/ numbers going down?,NA,Aquatic Insect,NA,NA,Chironomidae,NA,Larvae,7,0.107,0.107,NA,NA,2,SAMP,NA,NA,NA,NA,NA,NA,2   NA   NA   NA,SAMP   NA   NA   NA
SHR_2021-08-31 08:06:00,8/31/2021 8:06,SHR,2021,D,FALSE,CLR,Ebb,1,22.8,2.1,182,190,7.59,8.14,3.4,10,Low,849068,839104,9964,9964,65.55429767,65.55429767,1,Flowmeter flowing w/ numbers going down?,NA,Aquatic Insect,NA,NA,Chironomidae,NA,Pupae,1,0.015,0.015,NA,NA,1,SAMP,NA,NA,NA,NA,NA,NA,1   NA   NA   NA,SAMP   NA   NA   NA
SHR_2021-08-31 08:06:00,8/31/2021 8:06,SHR,2021,D,FALSE,CLR,Ebb,1,22.8,2.1,182,190,7.59,8.14,3.4,10,Low,849068,839104,9964,9964,65.55429767,65.55429767,1,Flowmeter flowing w/ numbers going down?,NA,Aquatic Insect,NA,NA,Chironomidae,NA,Pupae,1,0.015,0.015,NA,NA,2,SAMP,NA,NA,NA,NA,NA,NA,2   NA   NA   NA,SAMP   NA   NA   NA
SHR_2021-08-31 08:06:00,8/31/2021 8:06,SHR,2021,D,FALSE,CLR,Ebb,1,22.8,2.1,182,190,7.59,8.14,3.4,10,Low,849068,839104,9964,9964,65.55429767,65.55429767,1,Flowmeter flowing w/ numbers going down?,NA,Aquatic Insect,NA,NA,Chironomidae,NA,Adults,2,0.031,0.031,NA,NA,1,SAMP,NA,NA,NA,NA,NA,NA,1   NA   NA   NA,SAMP   NA   NA   NA
SHR_2021-08-31 08:06:00,8/31/2021 8:06,SHR,2021,D,FALSE,CLR,Ebb,1,22.8,2.1,182,190,7.59,8.14,3.4,10,Low,849068,839104,9964,9964,65.55429767,65.55429767,1,Flowmeter flowing w/ numbers going down?,NA,Aquatic Insect,NA,NA,Chironomidae,NA,Adults,2,0.031,0.031,NA,NA,2,SAMP,NA,NA,NA,NA,NA,NA,2   NA   NA   NA,SAMP   NA   NA   NA
SHR_2021-08-31 08:06:00,8/31/2021 8:06,SHR,2021,D,FALSE,CLR,Ebb,1,22.8,2.1,182,190,7.59,8.14,3.4,10,Low,849068,839104,9964,9964,65.55429767,65.55429767,1,Flowmeter flowing w/ numbers going down?,NA,Terrestrial Insect,NA,NA,Hemiptera,NA,Adults,3,0.046,0.046,NA,NA,1,SAMP,NA,NA,NA,NA,NA,NA,1   NA   NA   NA,SAMP   NA   NA   NA
SHR_2021-08-31 08:06:00,8/31/2021 8:06,SHR,2021,D,FALSE,CLR,Ebb,1,22.8,2.1,182,190,7.59,8.14,3.4,10,Low,849068,839104,9964,9964,65.55429767,65.55429767,1,Flowmeter flowing w/ numbers going down?,NA,Terrestrial Insect,NA,NA,Hemiptera,NA,Adults,3,0.046,0.046,NA,NA,2,SAMP,NA,NA,NA,NA,NA,NA,2   NA   NA   NA,SAMP   NA   NA   NA
SHR_2021-08-31 08:06:00,8/31/2021 8:06,SHR,2021,D,FALSE,CLR,Ebb,1,22.8,2.1,182,190,7.59,8.14,3.4,10,Low,849068,839104,9964,9964,65.55429767,65.55429767,1,Flowmeter flowing w/ numbers going down?,NA,Terrestrial Insect,NA,NA,Hymenoptera,NA,Adults,2,0.031,0.031,NA,NA,1,SAMP,NA,NA,NA,NA,NA,NA,1   NA   NA   NA,SAMP   NA   NA   NA
SHR_2021-08-31 08:06:00,8/31/2021 8:06,SHR,2021,D,FALSE,CLR,Ebb,1,22.8,2.1,182,190,7.59,8.14,3.4,10,Low,849068,839104,9964,9964,65.55429767,65.55429767,1,Flowmeter flowing w/ numbers going down?,NA,Terrestrial Insect,NA,NA,Hymenoptera,NA,Adults,2,0.031,0.031,NA,NA,2,SAMP,NA,NA,NA,NA,NA,NA,2   NA   NA   NA,SAMP   NA   NA   NA
SHR_2021-08-31 08:06:00,8/31/2021 8:06,SHR,2021,D,FALSE,CLR,Ebb,1,22.8,2.1,182,190,7.59,8.14,3.4,10,Low,849068,839104,9964,9964,65.55429767,65.55429767,1,Flowmeter flowing w/ numbers going down?,NA,Terrestrial Insect,NA,NA,Psocoptera,NA,Adults,1,0.015,0.015,NA,NA,1,SAMP,NA,NA,NA,NA,NA,NA,1   NA   NA   NA,SAMP   NA   NA   NA
SHR_2021-08-31 08:06:00,8/31/2021 8:06,SHR,2021,D,FALSE,CLR,Ebb,1,22.8,2.1,182,190,7.59,8.14,3.4,10,Low,849068,839104,9964,9964,65.55429767,65.55429767,1,Flowmeter flowing w/ numbers going down?,NA,Terrestrial Insect,NA,NA,Psocoptera,NA,Adults,1,0.015,0.015,NA,NA,2,SAMP,NA,NA,NA,NA,NA,NA,2   NA   NA   NA,SAMP   NA   NA   NA
SHR_2021-08-31 08:06:00,8/31/2021 8:06,SHR,2021,D,FALSE,CLR,Ebb,1,22.8,2.1,182,190,7.59,8.14,3.4,10,Low,849068,839104,9964,9964,65.55429767,65.55429767,1,Flowmeter flowing w/ numbers going down?,NA,Aquatic Insect,NA,NA,Hydroptilidae,NA,Larvae,1,0.015,0.015,NA,NA,1,SAMP,NA,NA,NA,NA,NA,NA,1   NA   NA   NA,SAMP   NA   NA   NA
SHR_2021-08-31 08:06:00,8/31/2021 8:06,SHR,2021,D,FALSE,CLR,Ebb,1,22.8,2.1,182,190,7.59,8.14,3.4,10,Low,849068,839104,9964,9964,65.55429767,65.55429767,1,Flowmeter flowing w/ numbers going down?,NA,Aquatic Insect,NA,NA,Hydroptilidae,NA,Larvae,1,0.015,0.015,NA,NA,2,SAMP,NA,NA,NA,NA,NA,NA,2   NA   NA   NA,SAMP   NA   NA   NA
SHR_2021-08-31 08:06:00,8/31/2021 8:06,SHR,2021,D,FALSE,CLR,Ebb,1,22.8,2.1,182,190,7.59,8.14,3.4,10,Low,849068,839104,9964,9964,65.55429767,65.55429767,1,Flowmeter flowing w/ numbers going down?,NA,Aquatic Insect,NA,NA,Leptoceridae,NA,Larvae,3,0.046,0.046,NA,NA,1,SAMP,NA,NA,NA,NA,NA,NA,1   NA   NA   NA,SAMP   NA   NA   NA
SHR_2021-08-31 08:06:00,8/31/2021 8:06,SHR,2021,D,FALSE,CLR,Ebb,1,22.8,2.1,182,190,7.59,8.14,3.4,10,Low,849068,839104,9964,9964,65.55429767,65.55429767,1,Flowmeter flowing w/ numbers going down?,NA,Aquatic Insect,NA,NA,Leptoceridae,NA,Larvae,3,0.046,0.046,NA,NA,2,SAMP,NA,NA,NA,NA,NA,NA,2   NA   NA   NA,SAMP   NA   NA   NA
SHR_2021-08-31 08:06:00,8/31/2021 8:06,SHR,2021,D,FALSE,CLR,Ebb,1,22.8,2.1,182,190,7.59,8.14,3.4,10,Low,849068,839104,9964,9964,65.55429767,65.55429767,1,Flowmeter flowing w/ numbers going down?,NA,Aquatic Non-Insect,NA,NA,Hyalellidae,NA,NA,2,0.031,0.031,NA,NA,1,SAMP,NA,NA,NA,NA,NA,NA,1   NA   NA   NA,SAMP   NA   NA   NA
SHR_2021-08-31 08:06:00,8/31/2021 8:06,SHR,2021,D,FALSE,CLR,Ebb,1,22.8,2.1,182,190,7.59,8.14,3.4,10,Low,849068,839104,9964,9964,65.55429767,65.55429767,1,Flowmeter flowing w/ numbers going down?,NA,Aquatic Non-Insect,NA,NA,Hyalellidae,NA,NA,2,0.031,0.031,NA,NA,2,SAMP,NA,NA,NA,NA,NA,NA,2   NA   NA   NA,SAMP   NA   NA   NA
STTD_2021-08-31 11:06:00,8/31/2021 11:06,STTD,2021,D,FALSE,CLR,Flood,1,23.1,0.56,226,234,8.18,7.74,13.2,10,Low,838900,834952,3948,3948,25.97434436,25.97434436,1,NA,NA,Aquatic Insect,NA,NA,Ceratopogonidae,NA,Pupae,1,0.038,0.038,NA,NA,NA,NA,NA,NA,NA,NA,NA,NA,NA   NA   NA   NA,NA   NA   NA   NA
STTD_2021-08-31 11:06:00,8/31/2021 11:06,STTD,2021,D,FALSE,CLR,Flood,1,23.1,0.56,226,234,8.18,7.74,13.2,10,Low,838900,834952,3948,3948,25.97434436,25.97434436,1,NA,NA,Terrestrial Insect,NA,NA,Hemiptera,NA,Nymphs,5,0.192,0.192,NA,NA,NA,NA,NA,NA,NA,NA,NA,NA,NA   NA   NA   NA,NA   NA   NA   NA
STTD_2021-08-31 11:06:00,8/31/2021 11:06,STTD,2021,D,FALSE,CLR,Flood,1,23.1,0.56,226,234,8.18,7.74,13.2,10,Low,838900,834952,3948,3948,25.97434436,25.97434436,1,NA,NA,Aquatic Non-Insect,NA,NA,Hyalellidae,NA,NA,1,0.038,0.038,NA,NA,NA,NA,NA,NA,NA,NA,NA,NA,NA   NA   NA   NA,NA   NA   NA   NA
SHR_2021-09-14 07:51:00,9/14/2021 7:51,SHR,2021,D,FALSE,CLR,Ebb,1,23.3,2.1,182,188,7.71,7.87,3.5,10,Low,834847,825385,9462,9462,62.25158215,62.25158215,1,NA,NA,Aquatic Non-Insect,NA,NA,Naididae,NA,NA,1,0.016,0.016,NA,NA,NA,NA,NA,NA,NA,NA,NA,NA,NA   NA   NA   NA,NA   NA   NA   NA
SHR_2021-09-14 07:51:00,9/14/2021 7:51,SHR,2021,D,FALSE,CLR,Ebb,1,23.3,2.1,182,188,7.71,7.87,3.5,10,Low,834847,825385,9462,9462,62.25158215,62.25158215,1,NA,NA,Aquatic Insect,NA,NA,Dytiscidae,NA,Adults,1,0.016,0.016,NA,NA,NA,NA,NA,NA,NA,NA,NA,NA,NA   NA   NA   NA,NA   NA   NA   NA
SHR_2021-09-14 07:51:00,9/14/2021 7:51,SHR,2021,D,FALSE,CLR,Ebb,1,23.3,2.1,182,188,7.71,7.87,3.5,10,Low,834847,825385,9462,9462,62.25158215,62.25158215,1,NA,NA,Aquatic Insect,NA,NA,Chironomidae,NA,Larvae,3,0.048,0.048,NA,NA,NA,NA,NA,NA,NA,NA,NA,NA,NA   NA   NA   NA,NA   NA   NA   NA
SHR_2021-09-14 07:51:00,9/14/2021 7:51,SHR,2021,D,FALSE,CLR,Ebb,1,23.3,2.1,182,188,7.71,7.87,3.5,10,Low,834847,825385,9462,9462,62.25158215,62.25158215,1,NA,NA,Aquatic Insect,NA,NA,Chironomidae,NA,Pupae,2,0.032,0.032,NA,NA,NA,NA,NA,NA,NA,NA,NA,NA,NA   NA   NA   NA,NA   NA   NA   NA
SHR_2021-09-14 07:51:00,9/14/2021 7:51,SHR,2021,D,FALSE,CLR,Ebb,1,23.3,2.1,182,188,7.71,7.87,3.5,10,Low,834847,825385,9462,9462,62.25158215,62.25158215,1,NA,NA,Aquatic Insect,NA,NA,Chironomidae,NA,Adults,3,0.048,0.048,NA,NA,NA,NA,NA,NA,NA,NA,NA,NA,NA   NA   NA   NA,NA   NA   NA   NA
SHR_2021-09-14 07:51:00,9/14/2021 7:51,SHR,2021,D,FALSE,CLR,Ebb,1,23.3,2.1,182,188,7.71,7.87,3.5,10,Low,834847,825385,9462,9462,62.25158215,62.25158215,1,NA,NA,Terrestrial Insect,NA,NA,Hemiptera,NA,Nymphs,1,0.016,0.016,NA,NA,NA,NA,NA,NA,NA,NA,NA,NA,NA   NA   NA   NA,NA   NA   NA   NA
SHR_2021-09-14 07:51:00,9/14/2021 7:51,SHR,2021,D,FALSE,CLR,Ebb,1,23.3,2.1,182,188,7.71,7.87,3.5,10,Low,834847,825385,9462,9462,62.25158215,62.25158215,1,NA,NA,Terrestrial Insect,NA,NA,Hemiptera,NA,Adults,2,0.032,0.032,NA,NA,NA,NA,NA,NA,NA,NA,NA,NA,NA   NA   NA   NA,NA   NA   NA   NA
SHR_2021-09-14 07:51:00,9/14/2021 7:51,SHR,2021,D,FALSE,CLR,Ebb,1,23.3,2.1,182,188,7.71,7.87,3.5,10,Low,834847,825385,9462,9462,62.25158215,62.25158215,1,NA,NA,Aquatic Insect,NA,NA,Leptoceridae,NA,Larvae,1,0.016,0.016,NA,NA,NA,NA,NA,NA,NA,NA,NA,NA,NA   NA   NA   NA,NA   NA   NA   NA
SHR_2021-09-14 07:51:00,9/14/2021 7:51,SHR,2021,D,FALSE,CLR,Ebb,1,23.3,2.1,182,188,7.71,7.87,3.5,10,Low,834847,825385,9462,9462,62.25158215,62.25158215,1,NA,NA,Aquatic Non-Insect,NA,NA,Turbellaria,NA,NA,1,0.016,0.016,NA,NA,NA,NA,NA,NA,NA,NA,NA,NA,NA   NA   NA   NA,NA   NA   NA   NA
STTD_2021-09-14 11:34:00,9/14/2021 11:34,STTD,2021,D,FALSE,CLR,Flood,2,23.8,0.55,251,257,8.11,7.11,15.4,10,Low,825276,818234,7042,7042,46.33012487,46.33012487,1,NA,NA,Terrestrial Non-Insect,NA,NA,Araneae,NA,NA,1,0.022,0.022,NA,NA,NA,NA,NA,NA,NA,NA,NA,NA,NA   NA   NA   NA,NA   NA   NA   NA
STTD_2021-09-14 11:34:00,9/14/2021 11:34,STTD,2021,D,FALSE,CLR,Flood,2,23.8,0.55,251,257,8.11,7.11,15.4,10,Low,825276,818234,7042,7042,46.33012487,46.33012487,1,NA,NA,Aquatic Non-Insect,NA,NA,Unionicolidae,NA,NA,1,0.022,0.022,NA,NA,NA,NA,NA,NA,NA,NA,NA,NA,NA   NA   NA   NA,NA   NA   NA   NA
STTD_2021-09-14 11:34:00,9/14/2021 11:34,STTD,2021,D,FALSE,CLR,Flood,2,23.8,0.55,251,257,8.11,7.11,15.4,10,Low,825276,818234,7042,7042,46.33012487,46.33012487,1,NA,NA,Aquatic Non-Insect,NA,NA,Naididae,NA,NA,4,0.086,0.086,NA,NA,NA,NA,NA,NA,NA,NA,NA,NA,NA   NA   NA   NA,NA   NA   NA   NA
STTD_2021-09-14 11:34:00,9/14/2021 11:34,STTD,2021,D,FALSE,CLR,Flood,2,23.8,0.55,251,257,8.11,7.11,15.4,10,Low,825276,818234,7042,7042,46.33012487,46.33012487,1,NA,NA,Aquatic Non-Insect,NA,NA,Physidae,NA,NA,1,0.022,0.022,NA,NA,NA,NA,NA,NA,NA,NA,NA,NA,NA   NA   NA   NA,NA   NA   NA   NA
STTD_2021-09-14 11:34:00,9/14/2021 11:34,STTD,2021,D,FALSE,CLR,Flood,2,23.8,0.55,251,257,8.11,7.11,15.4,10,Low,825276,818234,7042,7042,46.33012487,46.33012487,1,NA,NA,Aquatic Non-Insect,NA,NA,Planorbidae,NA,NA,3,0.065,0.065,NA,NA,NA,NA,NA,NA,NA,NA,NA,NA,NA   NA   NA   NA,NA   NA   NA   NA
STTD_2021-09-14 11:34:00,9/14/2021 11:34,STTD,2021,D,FALSE,CLR,Flood,2,23.8,0.55,251,257,8.11,7.11,15.4,10,Low,825276,818234,7042,7042,46.33012487,46.33012487,1,NA,NA,Aquatic Non-Insect,NA,NA,Amnicolidae,NA,NA,10,0.216,0.216,NA,NA,NA,NA,NA,NA,NA,NA,NA,NA,NA   NA   NA   NA,NA   NA   NA   NA
STTD_2021-09-14 11:34:00,9/14/2021 11:34,STTD,2021,D,FALSE,CLR,Flood,2,23.8,0.55,251,257,8.11,7.11,15.4,10,Low,825276,818234,7042,7042,46.33012487,46.33012487,1,NA,NA,Terrestrial Insect,NA,NA,Coleoptera,NA,Larvae,1,0.022,0.022,NA,NA,NA,NA,NA,NA,NA,NA,NA,NA,NA   NA   NA   NA,NA   NA   NA   NA
STTD_2021-09-14 11:34:00,9/14/2021 11:34,STTD,2021,D,FALSE,CLR,Flood,2,23.8,0.55,251,257,8.11,7.11,15.4,10,Low,825276,818234,7042,7042,46.33012487,46.33012487,1,NA,NA,Terrestrial Insect,NA,NA,Coleoptera,NA,Adults,1,0.022,0.022,NA,NA,NA,NA,NA,NA,NA,NA,NA,NA,NA   NA   NA   NA,NA   NA   NA   NA
STTD_2021-09-14 11:34:00,9/14/2021 11:34,STTD,2021,D,FALSE,CLR,Flood,2,23.8,0.55,251,257,8.11,7.11,15.4,10,Low,825276,818234,7042,7042,46.33012487,46.33012487,1,NA,NA,Aquatic Insect,NA,NA,Dytiscidae,NA,Adults,1,0.022,0.022,NA,NA,NA,NA,NA,NA,NA,NA,NA,NA,NA   NA   NA   NA,NA   NA   NA   NA
STTD_2021-09-14 11:34:00,9/14/2021 11:34,STTD,2021,D,FALSE,CLR,Flood,2,23.8,0.55,251,257,8.11,7.11,15.4,10,Low,825276,818234,7042,7042,46.33012487,46.33012487,1,NA,NA,Terrestrial Insect,NA,NA,Collembola,NA,Larvae,1,0.022,0.022,NA,NA,NA,NA,NA,NA,NA,NA,NA,NA,NA   NA   NA   NA,NA   NA   NA   NA
STTD_2021-09-14 11:34:00,9/14/2021 11:34,STTD,2021,D,FALSE,CLR,Flood,2,23.8,0.55,251,257,8.11,7.11,15.4,10,Low,825276,818234,7042,7042,46.33012487,46.33012487,1,NA,NA,Terrestrial Insect,NA,NA,Diptera,NA,Adults,1,0.022,0.022,NA,NA,NA,NA,NA,NA,NA,NA,NA,NA,NA   NA   NA   NA,NA   NA   NA   NA
STTD_2021-09-14 11:34:00,9/14/2021 11:34,STTD,2021,D,FALSE,CLR,Flood,2,23.8,0.55,251,257,8.11,7.11,15.4,10,Low,825276,818234,7042,7042,46.33012487,46.33012487,1,NA,NA,Aquatic Insect,NA,NA,Ceratopogonidae,NA,Pupae,1,0.022,0.022,NA,NA,NA,NA,NA,NA,NA,NA,NA,NA,NA   NA   NA   NA,NA   NA   NA   NA
STTD_2021-09-14 11:34:00,9/14/2021 11:34,STTD,2021,D,FALSE,CLR,Flood,2,23.8,0.55,251,257,8.11,7.11,15.4,10,Low,825276,818234,7042,7042,46.33012487,46.33012487,1,NA,NA,Aquatic Insect,NA,NA,Chironomidae,NA,Larvae,1,0.022,0.022,NA,NA,NA,NA,NA,NA,NA,NA,NA,NA,NA   NA   NA   NA,NA   NA   NA   NA
STTD_2021-09-14 11:34:00,9/14/2021 11:34,STTD,2021,D,FALSE,CLR,Flood,2,23.8,0.55,251,257,8.11,7.11,15.4,10,Low,825276,818234,7042,7042,46.33012487,46.33012487,1,NA,NA,Aquatic Insect,NA,NA,Chironomidae,NA,Pupae,1,0.022,0.022,NA,NA,NA,NA,NA,NA,NA,NA,NA,NA,NA   NA   NA   NA,NA   NA   NA   NA
STTD_2021-09-14 11:34:00,9/14/2021 11:34,STTD,2021,D,FALSE,CLR,Flood,2,23.8,0.55,251,257,8.11,7.11,15.4,10,Low,825276,818234,7042,7042,46.33012487,46.33012487,1,NA,NA,Aquatic Insect,NA,NA,Chironomidae,NA,Adults,4,0.086,0.086,NA,NA,NA,NA,NA,NA,NA,NA,NA,NA,NA   NA   NA   NA,NA   NA   NA   NA
STTD_2021-09-14 11:34:00,9/14/2021 11:34,STTD,2021,D,FALSE,CLR,Flood,2,23.8,0.55,251,257,8.11,7.11,15.4,10,Low,825276,818234,7042,7042,46.33012487,46.33012487,1,NA,NA,Terrestrial Insect,NA,NA,Hemiptera,NA,Nymphs,8,0.173,0.173,NA,NA,NA,NA,NA,NA,NA,NA,NA,NA,NA   NA   NA   NA,NA   NA   NA   NA
STTD_2021-09-14 11:34:00,9/14/2021 11:34,STTD,2021,D,FALSE,CLR,Flood,2,23.8,0.55,251,257,8.11,7.11,15.4,10,Low,825276,818234,7042,7042,46.33012487,46.33012487,1,NA,NA,Terrestrial Insect,NA,NA,Hemiptera,NA,Adults,5,0.108,0.108,NA,NA,NA,NA,NA,NA,NA,NA,NA,NA,NA   NA   NA   NA,NA   NA   NA   NA
STTD_2021-09-14 11:34:00,9/14/2021 11:34,STTD,2021,D,FALSE,CLR,Flood,2,23.8,0.55,251,257,8.11,7.11,15.4,10,Low,825276,818234,7042,7042,46.33012487,46.33012487,1,NA,NA,Aquatic Insect,NA,NA,Corixidae,NA,Nymphs,1,0.022,0.022,NA,NA,NA,NA,NA,NA,NA,NA,NA,NA,NA   NA   NA   NA,NA   NA   NA   NA
STTD_2021-09-14 11:34:00,9/14/2021 11:34,STTD,2021,D,FALSE,CLR,Flood,2,23.8,0.55,251,257,8.11,7.11,15.4,10,Low,825276,818234,7042,7042,46.33012487,46.33012487,1,NA,NA,Terrestrial Insect,NA,NA,Hymenoptera,NA,Larvae,1,0.022,0.022,NA,NA,NA,NA,NA,NA,NA,NA,NA,NA,NA   NA   NA   NA,NA   NA   NA   NA
STTD_2021-09-14 11:34:00,9/14/2021 11:34,STTD,2021,D,FALSE,CLR,Flood,2,23.8,0.55,251,257,8.11,7.11,15.4,10,Low,825276,818234,7042,7042,46.33012487,46.33012487,1,NA,NA,Terrestrial Insect,NA,NA,Hymenoptera,NA,Adults,48,1.036,1.036,NA,NA,NA,NA,NA,NA,NA,NA,NA,NA,NA   NA   NA   NA,NA   NA   NA   NA
STTD_2021-09-14 11:34:00,9/14/2021 11:34,STTD,2021,D,FALSE,CLR,Flood,2,23.8,0.55,251,257,8.11,7.11,15.4,10,Low,825276,818234,7042,7042,46.33012487,46.33012487,1,NA,NA,Aquatic Insect,NA,NA,Aeshnidae,NA,Nymphs,1,0.022,0.022,NA,NA,NA,NA,NA,NA,NA,NA,NA,NA,NA   NA   NA   NA,NA   NA   NA   NA
STTD_2021-09-14 11:34:00,9/14/2021 11:34,STTD,2021,D,FALSE,CLR,Flood,2,23.8,0.55,251,257,8.11,7.11,15.4,10,Low,825276,818234,7042,7042,46.33012487,46.33012487,1,NA,NA,Aquatic Non-Insect,NA,NA,Gammaridae,NA,NA,8,0.173,0.173,NA,NA,NA,NA,NA,NA,NA,NA,NA,NA,NA   NA   NA   NA,NA   NA   NA   NA
STTD_2021-09-14 11:34:00,9/14/2021 11:34,STTD,2021,D,FALSE,CLR,Flood,2,23.8,0.55,251,257,8.11,7.11,15.4,10,Low,825276,818234,7042,7042,46.33012487,46.33012487,1,NA,NA,Aquatic Non-Insect,NA,NA,Hyalellidae,NA,NA,76,1.64,1.64,NA,NA,NA,NA,NA,NA,NA,NA,NA,NA,NA   NA   NA   NA,NA   NA   NA   NA
STTD_2021-09-14 11:34:00,9/14/2021 11:34,STTD,2021,D,FALSE,CLR,Flood,2,23.8,0.55,251,257,8.11,7.11,15.4,10,Low,825276,818234,7042,7042,46.33012487,46.33012487,1,NA,NA,Aquatic Non-Insect,NA,NA,Leptocheliidae,NA,NA,1,0.022,0.022,NA,NA,NA,NA,NA,NA,NA,NA,NA,NA,NA   NA   NA   NA,NA   NA   NA   NA
STTD_2021-09-14 11:34:00,9/14/2021 11:34,STTD,2021,D,FALSE,CLR,Flood,2,23.8,0.55,251,257,8.11,7.11,15.4,10,Low,825276,818234,7042,7042,46.33012487,46.33012487,1,NA,NA,Aquatic Non-Insect,NA,NA,Ostracoda,NA,NA,1,0.022,0.022,NA,NA,NA,NA,NA,NA,NA,NA,NA,NA,NA   NA   NA   NA,NA   NA   NA   NA
STTD_2021-09-14 11:34:00,9/14/2021 11:34,STTD,2021,D,FALSE,CLR,Flood,2,23.8,0.55,251,257,8.11,7.11,15.4,10,Low,825276,818234,7042,7042,46.33012487,46.33012487,1,NA,NA,Aquatic Non-Insect,NA,NA,Turbellaria,NA,NA,2,0.043,0.043,NA,NA,NA,NA,NA,NA,NA,NA,NA,NA,NA   NA   NA   NA,NA   NA   NA   NA
SHR_2021-09-28 08:10:00,9/28/2021 8:10,SHR,2021,D,FALSE,CLD,Flood,1,20.1,3,124,137,7.96,8.62,3.3,10,Low,818171,808333,9838,9838,64.72532923,64.72532923,NA,NA,NA,Aquatic Non-Insect,NA,NA,Lebertiidae,NA,NA,3,0.046,0.046,NA,NA,NA,NA,NA,NA,NA,NA,NA,NA,NA   NA   NA   NA,NA   NA   NA   NA
SHR_2021-09-28 08:10:00,9/28/2021 8:10,SHR,2021,D,FALSE,CLD,Flood,1,20.1,3,124,137,7.96,8.62,3.3,10,Low,818171,808333,9838,9838,64.72532923,64.72532923,NA,NA,NA,Aquatic Non-Insect,NA,NA,Cladocera,NA,NA,1,0.015,0.015,NA,NA,NA,NA,NA,NA,NA,NA,NA,NA,NA   NA   NA   NA,NA   NA   NA   NA
SHR_2021-09-28 08:10:00,9/28/2021 8:10,SHR,2021,D,FALSE,CLD,Flood,1,20.1,3,124,137,7.96,8.62,3.3,10,Low,818171,808333,9838,9838,64.72532923,64.72532923,NA,NA,NA,Aquatic Non-Insect,NA,NA,Amnicolidae,NA,NA,1,0.015,0.015,NA,NA,NA,NA,NA,NA,NA,NA,NA,NA,NA   NA   NA   NA,NA   NA   NA   NA
SHR_2021-09-28 08:10:00,9/28/2021 8:10,SHR,2021,D,FALSE,CLD,Flood,1,20.1,3,124,137,7.96,8.62,3.3,10,Low,818171,808333,9838,9838,64.72532923,64.72532923,NA,NA,NA,Terrestrial Insect,NA,NA,Coleoptera,NA,Adults,5,0.077,0.077,NA,NA,NA,NA,NA,NA,NA,NA,NA,NA,NA   NA   NA   NA,NA   NA   NA   NA
SHR_2021-09-28 08:10:00,9/28/2021 8:10,SHR,2021,D,FALSE,CLD,Flood,1,20.1,3,124,137,7.96,8.62,3.3,10,Low,818171,808333,9838,9838,64.72532923,64.72532923,NA,NA,NA,Aquatic Insect,NA,NA,Ceratopogonidae,NA,Adults,1,0.015,0.015,NA,NA,NA,NA,NA,NA,NA,NA,NA,NA,NA   NA   NA   NA,NA   NA   NA   NA
SHR_2021-09-28 08:10:00,9/28/2021 8:10,SHR,2021,D,FALSE,CLD,Flood,1,20.1,3,124,137,7.96,8.62,3.3,10,Low,818171,808333,9838,9838,64.72532923,64.72532923,NA,NA,NA,Aquatic Insect,NA,NA,Chironomidae,NA,Pupae,2,0.031,0.031,NA,NA,NA,NA,NA,NA,NA,NA,NA,NA,NA   NA   NA   NA,NA   NA   NA   NA
SHR_2021-09-28 08:10:00,9/28/2021 8:10,SHR,2021,D,FALSE,CLD,Flood,1,20.1,3,124,137,7.96,8.62,3.3,10,Low,818171,808333,9838,9838,64.72532923,64.72532923,NA,NA,NA,Aquatic Insect,NA,NA,Chironomidae,NA,Adults,14,0.216,0.216,NA,NA,NA,NA,NA,NA,NA,NA,NA,NA,NA   NA   NA   NA,NA   NA   NA   NA
SHR_2021-09-28 08:10:00,9/28/2021 8:10,SHR,2021,D,FALSE,CLD,Flood,1,20.1,3,124,137,7.96,8.62,3.3,10,Low,818171,808333,9838,9838,64.72532923,64.72532923,NA,NA,NA,Aquatic Insect,NA,NA,Ephemeroptera,NA,Adults,5,0.077,0.077,NA,NA,NA,NA,NA,NA,NA,NA,NA,NA,NA   NA   NA   NA,NA   NA   NA   NA
SHR_2021-09-28 08:10:00,9/28/2021 8:10,SHR,2021,D,FALSE,CLD,Flood,1,20.1,3,124,137,7.96,8.62,3.3,10,Low,818171,808333,9838,9838,64.72532923,64.72532923,NA,NA,NA,Terrestrial Insect,NA,NA,Hemiptera,NA,Nymphs,14,0.216,0.216,NA,NA,NA,NA,NA,NA,NA,NA,NA,NA,NA   NA   NA   NA,NA   NA   NA   NA
SHR_2021-09-28 08:10:00,9/28/2021 8:10,SHR,2021,D,FALSE,CLD,Flood,1,20.1,3,124,137,7.96,8.62,3.3,10,Low,818171,808333,9838,9838,64.72532923,64.72532923,NA,NA,NA,Terrestrial Insect,NA,NA,Hemiptera,NA,Adults,3,0.046,0.046,NA,NA,NA,NA,NA,NA,NA,NA,NA,NA,NA   NA   NA   NA,NA   NA   NA   NA
SHR_2021-09-28 08:10:00,9/28/2021 8:10,SHR,2021,D,FALSE,CLD,Flood,1,20.1,3,124,137,7.96,8.62,3.3,10,Low,818171,808333,9838,9838,64.72532923,64.72532923,NA,NA,NA,Terrestrial Insect,NA,NA,Hymenoptera,NA,Adults,4,0.062,0.062,NA,NA,NA,NA,NA,NA,NA,NA,NA,NA,NA   NA   NA   NA,NA   NA   NA   NA
SHR_2021-09-28 08:10:00,9/28/2021 8:10,SHR,2021,D,FALSE,CLD,Flood,1,20.1,3,124,137,7.96,8.62,3.3,10,Low,818171,808333,9838,9838,64.72532923,64.72532923,NA,NA,NA,Aquatic Insect,NA,NA,Lepidoptera,NA,Larvae,2,0.031,0.031,NA,NA,NA,NA,NA,NA,NA,NA,NA,NA,NA   NA   NA   NA,NA   NA   NA   NA
SHR_2021-09-28 08:10:00,9/28/2021 8:10,SHR,2021,D,FALSE,CLD,Flood,1,20.1,3,124,137,7.96,8.62,3.3,10,Low,818171,808333,9838,9838,64.72532923,64.72532923,NA,NA,NA,Aquatic Insect,NA,NA,Coenagrionidae,NA,Nymphs,2,0.031,0.031,NA,NA,NA,NA,NA,NA,NA,NA,NA,NA,NA   NA   NA   NA,NA   NA   NA   NA
SHR_2021-09-28 08:10:00,9/28/2021 8:10,SHR,2021,D,FALSE,CLD,Flood,1,20.1,3,124,137,7.96,8.62,3.3,10,Low,818171,808333,9838,9838,64.72532923,64.72532923,NA,NA,NA,Aquatic Insect,NA,NA,Leptoceridae,NA,Larvae,3,0.046,0.046,NA,NA,NA,NA,NA,NA,NA,NA,NA,NA,NA   NA   NA   NA,NA   NA   NA   NA
STTD_2021-09-28 11:25:00,9/28/2021 11:25,STTD,2021,D,FALSE,CLR,Flood,1,19.1,0.75,216,143,8.36,8.08,13.8,10,Low,808080,805353,2727,2727,17.94124546,17.94124546,1,NA,NA,Terrestrial Insect,NA,NA,Diptera,NA,Adults,1,0.056,0.056,NA,NA,NA,NA,NA,NA,NA,NA,NA,NA,NA   NA   NA   NA,NA   NA   NA   NA
STTD_2021-09-28 11:25:00,9/28/2021 11:25,STTD,2021,D,FALSE,CLR,Flood,1,19.1,0.75,216,143,8.36,8.08,13.8,10,Low,808080,805353,2727,2727,17.94124546,17.94124546,1,NA,NA,Terrestrial Insect,NA,NA,Hemiptera,NA,Nymphs,6,0.334,0.334,NA,NA,NA,NA,NA,NA,NA,NA,NA,NA,NA   NA   NA   NA,NA   NA   NA   NA
STTD_2021-09-28 11:25:00,9/28/2021 11:25,STTD,2021,D,FALSE,CLR,Flood,1,19.1,0.75,216,143,8.36,8.08,13.8,10,Low,808080,805353,2727,2727,17.94124546,17.94124546,1,NA,NA,Terrestrial Insect,NA,NA,Hemiptera,NA,Adults,1,0.056,0.056,NA,NA,NA,NA,NA,NA,NA,NA,NA,NA,NA   NA   NA   NA,NA   NA   NA   NA
STTD_2021-09-28 11:25:00,9/28/2021 11:25,STTD,2021,D,FALSE,CLR,Flood,1,19.1,0.75,216,143,8.36,8.08,13.8,10,Low,808080,805353,2727,2727,17.94124546,17.94124546,1,NA,NA,Terrestrial Insect,NA,NA,Hymenoptera,NA,Adults,2,0.111,0.111,NA,NA,NA,NA,NA,NA,NA,NA,NA,NA,NA   NA   NA   NA,NA   NA   NA   NA
STTD_2021-09-28 11:25:00,9/28/2021 11:25,STTD,2021,D,FALSE,CLR,Flood,1,19.1,0.75,216,143,8.36,8.08,13.8,10,Low,808080,805353,2727,2727,17.94124546,17.94124546,1,NA,NA,Aquatic Insect,NA,NA,Leptoceridae,NA,Larvae,1,0.056,0.056,NA,NA,NA,NA,NA,NA,NA,NA,NA,NA,NA   NA   NA   NA,NA   NA   NA   NA
SHR_2021-10-12 08:24:00,10/12/2021 8:24,SHR,2022,D,FALSE,CLR,Flood,1,15.3,2.79,109,134,7.99,9.45,8.4,10,Low,805190,795151,10039,10039,66.04773126,66.04773126,1,NA,NA,Aquatic Non-Insect,NA,NA,Lebertiidae,NA,NA,4,0.061,0.061,NA,NA,NA,NA,NA,NA,NA,NA,NA,NA,NA   NA   NA   NA,NA   NA   NA   NA
SHR_2021-10-12 08:24:00,10/12/2021 8:24,SHR,2022,D,FALSE,CLR,Flood,1,15.3,2.79,109,134,7.99,9.45,8.4,10,Low,805190,795151,10039,10039,66.04773126,66.04773126,1,NA,NA,Aquatic Insect,NA,NA,Chironomidae,NA,Pupae,1,0.015,0.015,NA,NA,NA,NA,NA,NA,NA,NA,NA,NA,NA   NA   NA   NA,NA   NA   NA   NA
SHR_2021-10-12 08:24:00,10/12/2021 8:24,SHR,2022,D,FALSE,CLR,Flood,1,15.3,2.79,109,134,7.99,9.45,8.4,10,Low,805190,795151,10039,10039,66.04773126,66.04773126,1,NA,NA,Aquatic Insect,NA,NA,Chironomidae,NA,Adults,8,0.121,0.121,NA,NA,NA,NA,NA,NA,NA,NA,NA,NA,NA   NA   NA   NA,NA   NA   NA   NA
SHR_2021-10-12 08:24:00,10/12/2021 8:24,SHR,2022,D,FALSE,CLR,Flood,1,15.3,2.79,109,134,7.99,9.45,8.4,10,Low,805190,795151,10039,10039,66.04773126,66.04773126,1,NA,NA,Aquatic Insect,NA,NA,Ephemeroptera,NA,Adults,2,0.03,0.03,NA,NA,NA,NA,NA,NA,NA,NA,NA,NA,NA   NA   NA   NA,NA   NA   NA   NA
SHR_2021-10-12 08:24:00,10/12/2021 8:24,SHR,2022,D,FALSE,CLR,Flood,1,15.3,2.79,109,134,7.99,9.45,8.4,10,Low,805190,795151,10039,10039,66.04773126,66.04773126,1,NA,NA,Terrestrial Insect,NA,NA,Hemiptera,NA,Adults,2,0.03,0.03,NA,NA,NA,NA,NA,NA,NA,NA,NA,NA,NA   NA   NA   NA,NA   NA   NA   NA
SHR_2021-10-12 08:24:00,10/12/2021 8:24,SHR,2022,D,FALSE,CLR,Flood,1,15.3,2.79,109,134,7.99,9.45,8.4,10,Low,805190,795151,10039,10039,66.04773126,66.04773126,1,NA,NA,Terrestrial Insect,NA,NA,Hymenoptera,NA,Adults,1,0.015,0.015,NA,NA,NA,NA,NA,NA,NA,NA,NA,NA,NA   NA   NA   NA,NA   NA   NA   NA
SHR_2021-10-12 08:24:00,10/12/2021 8:24,SHR,2022,D,FALSE,CLR,Flood,1,15.3,2.79,109,134,7.99,9.45,8.4,10,Low,805190,795151,10039,10039,66.04773126,66.04773126,1,NA,NA,Terrestrial Insect,NA,NA,Thysanoptera,NA,Adults,2,0.03,0.03,NA,NA,NA,NA,NA,NA,NA,NA,NA,NA,NA   NA   NA   NA,NA   NA   NA   NA
STTD_2021-10-13 11:07:00,10/13/2021 11:07,STTD,2022,D,FALSE,CLR,Flood,1,14,0.64,1777,2248,8.15,9.42,12.2,10,Low,794960,788937,6023,6023,39.62600711,39.62600711,1,NA,NA,Terrestrial Non-Insect,NA,NA,Araneae,NA,NA,1,0.025,0.025,2,COND,NA,NA,NA,NA,NA,NA,NA,NA,NA   NA   NA   NA,NA   NA   NA   NA
STTD_2021-10-13 11:07:00,10/13/2021 11:07,STTD,2022,D,FALSE,CLR,Flood,1,14,0.64,1777,2248,8.15,9.42,12.2,10,Low,794960,788937,6023,6023,39.62600711,39.62600711,1,NA,NA,Terrestrial Non-Insect,NA,NA,Ixodida,NA,NA,1,0.025,0.025,2,COND,NA,NA,NA,NA,NA,NA,NA,NA,NA   NA   NA   NA,NA   NA   NA   NA
STTD_2021-10-13 11:07:00,10/13/2021 11:07,STTD,2022,D,FALSE,CLR,Flood,1,14,0.64,1777,2248,8.15,9.42,12.2,10,Low,794960,788937,6023,6023,39.62600711,39.62600711,1,NA,NA,Aquatic Non-Insect,NA,NA,Naididae,NA,NA,1,0.025,0.025,2,COND,NA,NA,NA,NA,NA,NA,NA,NA,NA   NA   NA   NA,NA   NA   NA   NA
STTD_2021-10-13 11:07:00,10/13/2021 11:07,STTD,2022,D,FALSE,CLR,Flood,1,14,0.64,1777,2248,8.15,9.42,12.2,10,Low,794960,788937,6023,6023,39.62600711,39.62600711,1,NA,NA,Aquatic Non-Insect,NA,NA,Truncatelloidea,NA,NA,1,0.025,0.025,2,COND,NA,NA,NA,NA,NA,NA,NA,NA,NA   NA   NA   NA,NA   NA   NA   NA
STTD_2021-10-13 11:07:00,10/13/2021 11:07,STTD,2022,D,FALSE,CLR,Flood,1,14,0.64,1777,2248,8.15,9.42,12.2,10,Low,794960,788937,6023,6023,39.62600711,39.62600711,1,NA,NA,Terrestrial Insect,NA,NA,Coleoptera,NA,Larvae,1,0.025,0.025,2,COND,NA,NA,NA,NA,NA,NA,NA,NA,NA   NA   NA   NA,NA   NA   NA   NA
STTD_2021-10-13 11:07:00,10/13/2021 11:07,STTD,2022,D,FALSE,CLR,Flood,1,14,0.64,1777,2248,8.15,9.42,12.2,10,Low,794960,788937,6023,6023,39.62600711,39.62600711,1,NA,NA,Terrestrial Insect,NA,NA,Coleoptera,NA,Adults,1,0.025,0.025,2,COND,NA,NA,NA,NA,NA,NA,NA,NA,NA   NA   NA   NA,NA   NA   NA   NA
STTD_2021-10-13 11:07:00,10/13/2021 11:07,STTD,2022,D,FALSE,CLR,Flood,1,14,0.64,1777,2248,8.15,9.42,12.2,10,Low,794960,788937,6023,6023,39.62600711,39.62600711,1,NA,NA,Aquatic Insect,NA,NA,Chironomidae,NA,Larvae,1,0.025,0.025,2,COND,NA,NA,NA,NA,NA,NA,NA,NA,NA   NA   NA   NA,NA   NA   NA   NA
STTD_2021-10-13 11:07:00,10/13/2021 11:07,STTD,2022,D,FALSE,CLR,Flood,1,14,0.64,1777,2248,8.15,9.42,12.2,10,Low,794960,788937,6023,6023,39.62600711,39.62600711,1,NA,NA,Aquatic Insect,NA,NA,Chironomidae,NA,Pupae,3,0.076,0.076,2,COND,NA,NA,NA,NA,NA,NA,NA,NA,NA   NA   NA   NA,NA   NA   NA   NA
STTD_2021-10-13 11:07:00,10/13/2021 11:07,STTD,2022,D,FALSE,CLR,Flood,1,14,0.64,1777,2248,8.15,9.42,12.2,10,Low,794960,788937,6023,6023,39.62600711,39.62600711,1,NA,NA,Aquatic Insect,NA,NA,Chironomidae,NA,Adults,11,0.278,0.278,2,COND,NA,NA,NA,NA,NA,NA,NA,NA,NA   NA   NA   NA,NA   NA   NA   NA
STTD_2021-10-13 11:07:00,10/13/2021 11:07,STTD,2022,D,FALSE,CLR,Flood,1,14,0.64,1777,2248,8.15,9.42,12.2,10,Low,794960,788937,6023,6023,39.62600711,39.62600711,1,NA,NA,Aquatic Insect,NA,NA,Psychodidae,NA,Adults,1,0.025,0.025,2,COND,NA,NA,NA,NA,NA,NA,NA,NA,NA   NA   NA   NA,NA   NA   NA   NA
STTD_2021-10-13 11:07:00,10/13/2021 11:07,STTD,2022,D,FALSE,CLR,Flood,1,14,0.64,1777,2248,8.15,9.42,12.2,10,Low,794960,788937,6023,6023,39.62600711,39.62600711,1,NA,NA,Terrestrial Insect,NA,NA,Hemiptera,NA,Nymphs,12,0.303,0.303,2,COND,NA,NA,NA,NA,NA,NA,NA,NA,NA   NA   NA   NA,NA   NA   NA   NA
STTD_2021-10-13 11:07:00,10/13/2021 11:07,STTD,2022,D,FALSE,CLR,Flood,1,14,0.64,1777,2248,8.15,9.42,12.2,10,Low,794960,788937,6023,6023,39.62600711,39.62600711,1,NA,NA,Terrestrial Insect,NA,NA,Hemiptera,NA,Adults,14,0.353,0.353,2,COND,NA,NA,NA,NA,NA,NA,NA,NA,NA   NA   NA   NA,NA   NA   NA   NA
STTD_2021-10-13 11:07:00,10/13/2021 11:07,STTD,2022,D,FALSE,CLR,Flood,1,14,0.64,1777,2248,8.15,9.42,12.2,10,Low,794960,788937,6023,6023,39.62600711,39.62600711,1,NA,NA,Aquatic Insect,NA,NA,Corixidae,NA,Nymphs,2,0.05,0.05,2,COND,NA,NA,NA,NA,NA,NA,NA,NA,NA   NA   NA   NA,NA   NA   NA   NA
STTD_2021-10-13 11:07:00,10/13/2021 11:07,STTD,2022,D,FALSE,CLR,Flood,1,14,0.64,1777,2248,8.15,9.42,12.2,10,Low,794960,788937,6023,6023,39.62600711,39.62600711,1,NA,NA,Terrestrial Insect,NA,NA,Hymenoptera,NA,Adults,8,0.202,0.202,2,COND,NA,NA,NA,NA,NA,NA,NA,NA,NA   NA   NA   NA,NA   NA   NA   NA
STTD_2021-10-13 11:07:00,10/13/2021 11:07,STTD,2022,D,FALSE,CLR,Flood,1,14,0.64,1777,2248,8.15,9.42,12.2,10,Low,794960,788937,6023,6023,39.62600711,39.62600711,1,NA,NA,Aquatic Insect,NA,NA,Coenagrionidae,NA,Nymphs,1,0.025,0.025,2,COND,NA,NA,NA,NA,NA,NA,NA,NA,NA   NA   NA   NA,NA   NA   NA   NA
STTD_2021-10-13 11:07:00,10/13/2021 11:07,STTD,2022,D,FALSE,CLR,Flood,1,14,0.64,1777,2248,8.15,9.42,12.2,10,Low,794960,788937,6023,6023,39.62600711,39.62600711,1,NA,NA,Terrestrial Insect,NA,NA,Psocoptera,NA,Nymphs,1,0.025,0.025,2,COND,NA,NA,NA,NA,NA,NA,NA,NA,NA   NA   NA   NA,NA   NA   NA   NA
STTD_2021-10-13 11:07:00,10/13/2021 11:07,STTD,2022,D,FALSE,CLR,Flood,1,14,0.64,1777,2248,8.15,9.42,12.2,10,Low,794960,788937,6023,6023,39.62600711,39.62600711,1,NA,NA,Aquatic Non-Insect,NA,NA,Gammaridae,NA,NA,13,0.328,0.328,2,COND,NA,NA,NA,NA,NA,NA,NA,NA,NA   NA   NA   NA,NA   NA   NA   NA
STTD_2021-10-13 11:07:00,10/13/2021 11:07,STTD,2022,D,FALSE,CLR,Flood,1,14,0.64,1777,2248,8.15,9.42,12.2,10,Low,794960,788937,6023,6023,39.62600711,39.62600711,1,NA,NA,Aquatic Non-Insect,NA,NA,Hyalellidae,NA,NA,3,0.076,0.076,2,COND,NA,NA,NA,NA,NA,NA,NA,NA,NA   NA   NA   NA,NA   NA   NA   NA
STTD_2021-10-13 11:07:00,10/13/2021 11:07,STTD,2022,D,FALSE,CLR,Flood,1,14,0.64,1777,2248,8.15,9.42,12.2,10,Low,794960,788937,6023,6023,39.62600711,39.62600711,1,NA,NA,Aquatic Non-Insect,NA,NA,Palaemonidae,NA,NA,1,0.025,0.025,2,COND,NA,NA,NA,NA,NA,NA,NA,NA,NA   NA   NA   NA,NA   NA   NA   NA
SHR_2021-10-18 08:23:00,10/18/2021 8:23,SHR,2022,D,FALSE,CLR,Ebb,1,15.5,4.3,111,136,7.98,9.6,3.8,10,Low,788877,779507,9370,9370,61.64630361,61.64630361,1,NA,NA,Terrestrial Non-Insect,NA,NA,Araneae,NA,NA,1,0.016,0.016,NA,NA,NA,NA,NA,NA,NA,NA,NA,NA,NA   NA   NA   NA,NA   NA   NA   NA
SHR_2021-10-18 08:23:00,10/18/2021 8:23,SHR,2022,D,FALSE,CLR,Ebb,1,15.5,4.3,111,136,7.98,9.6,3.8,10,Low,788877,779507,9370,9370,61.64630361,61.64630361,1,NA,NA,Aquatic Non-Insect,NA,NA,Lebertiidae,NA,NA,5,0.081,0.081,NA,NA,NA,NA,NA,NA,NA,NA,NA,NA,NA   NA   NA   NA,NA   NA   NA   NA
SHR_2021-10-18 08:23:00,10/18/2021 8:23,SHR,2022,D,FALSE,CLR,Ebb,1,15.5,4.3,111,136,7.98,9.6,3.8,10,Low,788877,779507,9370,9370,61.64630361,61.64630361,1,NA,NA,Aquatic Non-Insect,NA,NA,Hydridae,NA,NA,1,0.016,0.016,NA,NA,NA,NA,NA,NA,NA,NA,NA,NA,NA   NA   NA   NA,NA   NA   NA   NA
SHR_2021-10-18 08:23:00,10/18/2021 8:23,SHR,2022,D,FALSE,CLR,Ebb,1,15.5,4.3,111,136,7.98,9.6,3.8,10,Low,788877,779507,9370,9370,61.64630361,61.64630361,1,NA,NA,Terrestrial Insect,NA,NA,Coleoptera,NA,Adults,1,0.016,0.016,NA,NA,NA,NA,NA,NA,NA,NA,NA,NA,NA   NA   NA   NA,NA   NA   NA   NA
SHR_2021-10-18 08:23:00,10/18/2021 8:23,SHR,2022,D,FALSE,CLR,Ebb,1,15.5,4.3,111,136,7.98,9.6,3.8,10,Low,788877,779507,9370,9370,61.64630361,61.64630361,1,NA,NA,Aquatic Insect,NA,NA,Dytiscidae,NA,Adults,2,0.032,0.032,NA,NA,NA,NA,NA,NA,NA,NA,NA,NA,NA   NA   NA   NA,NA   NA   NA   NA
SHR_2021-10-18 08:23:00,10/18/2021 8:23,SHR,2022,D,FALSE,CLR,Ebb,1,15.5,4.3,111,136,7.98,9.6,3.8,10,Low,788877,779507,9370,9370,61.64630361,61.64630361,1,NA,NA,Aquatic Insect,NA,NA,Ceratopogonidae,NA,Pupae,1,0.016,0.016,NA,NA,NA,NA,NA,NA,NA,NA,NA,NA,NA   NA   NA   NA,NA   NA   NA   NA
SHR_2021-10-18 08:23:00,10/18/2021 8:23,SHR,2022,D,FALSE,CLR,Ebb,1,15.5,4.3,111,136,7.98,9.6,3.8,10,Low,788877,779507,9370,9370,61.64630361,61.64630361,1,NA,NA,Aquatic Insect,NA,NA,Chironomidae,NA,Larvae,3,0.049,0.049,NA,NA,NA,NA,NA,NA,NA,NA,NA,NA,NA   NA   NA   NA,NA   NA   NA   NA
SHR_2021-10-18 08:23:00,10/18/2021 8:23,SHR,2022,D,FALSE,CLR,Ebb,1,15.5,4.3,111,136,7.98,9.6,3.8,10,Low,788877,779507,9370,9370,61.64630361,61.64630361,1,NA,NA,Aquatic Insect,NA,NA,Chironomidae,NA,Pupae,1,0.016,0.016,NA,NA,NA,NA,NA,NA,NA,NA,NA,NA,NA   NA   NA   NA,NA   NA   NA   NA
SHR_2021-10-18 08:23:00,10/18/2021 8:23,SHR,2022,D,FALSE,CLR,Ebb,1,15.5,4.3,111,136,7.98,9.6,3.8,10,Low,788877,779507,9370,9370,61.64630361,61.64630361,1,NA,NA,Aquatic Insect,NA,NA,Chironomidae,NA,Adults,14,0.227,0.227,NA,NA,NA,NA,NA,NA,NA,NA,NA,NA,NA   NA   NA   NA,NA   NA   NA   NA
SHR_2021-10-18 08:23:00,10/18/2021 8:23,SHR,2022,D,FALSE,CLR,Ebb,1,15.5,4.3,111,136,7.98,9.6,3.8,10,Low,788877,779507,9370,9370,61.64630361,61.64630361,1,NA,NA,Terrestrial Insect,NA,NA,Hymenoptera,NA,Adults,2,0.032,0.032,NA,NA,NA,NA,NA,NA,NA,NA,NA,NA,NA   NA   NA   NA,NA   NA   NA   NA
SHR_2021-10-18 08:23:00,10/18/2021 8:23,SHR,2022,D,FALSE,CLR,Ebb,1,15.5,4.3,111,136,7.98,9.6,3.8,10,Low,788877,779507,9370,9370,61.64630361,61.64630361,1,NA,NA,Aquatic Non-Insect,NA,NA,Hyalellidae,NA,NA,2,0.032,0.032,NA,NA,NA,NA,NA,NA,NA,NA,NA,NA,NA   NA   NA   NA,NA   NA   NA   NA
STTD_2021-10-19 08:13:00,10/19/2021 8:13,STTD,2022,D,FALSE,CLR,Ebb,1,16.3,1,164,197,7.71,9.73,8.6,10,Low,779403,775811,3592,3592,23.63217957,23.63217957,1,NA,NA,Terrestrial Non-Insect,NA,NA,Araneae,NA,NA,1,0.042,0.042,NA,NA,NA,NA,NA,NA,NA,NA,NA,NA,NA   NA   NA   NA,NA   NA   NA   NA
STTD_2021-10-19 08:13:00,10/19/2021 8:13,STTD,2022,D,FALSE,CLR,Ebb,1,16.3,1,164,197,7.71,9.73,8.6,10,Low,779403,775811,3592,3592,23.63217957,23.63217957,1,NA,NA,Aquatic Non-Insect,NA,NA,Physidae,NA,NA,1,0.042,0.042,NA,NA,NA,NA,NA,NA,NA,NA,NA,NA,NA   NA   NA   NA,NA   NA   NA   NA
STTD_2021-10-19 08:13:00,10/19/2021 8:13,STTD,2022,D,FALSE,CLR,Ebb,1,16.3,1,164,197,7.71,9.73,8.6,10,Low,779403,775811,3592,3592,23.63217957,23.63217957,1,NA,NA,Terrestrial Insect,NA,NA,Coleoptera,NA,Adults,1,0.042,0.042,NA,NA,NA,NA,NA,NA,NA,NA,NA,NA,NA   NA   NA   NA,NA   NA   NA   NA
STTD_2021-10-19 08:13:00,10/19/2021 8:13,STTD,2022,D,FALSE,CLR,Ebb,1,16.3,1,164,197,7.71,9.73,8.6,10,Low,779403,775811,3592,3592,23.63217957,23.63217957,1,NA,NA,Terrestrial Non-Insect,NA,NA,Collembola,NA,Larvae,2,0.085,0.085,NA,NA,NA,NA,NA,NA,NA,NA,NA,NA,NA   NA   NA   NA,NA   NA   NA   NA
STTD_2021-10-19 08:13:00,10/19/2021 8:13,STTD,2022,D,FALSE,CLR,Ebb,1,16.3,1,164,197,7.71,9.73,8.6,10,Low,779403,775811,3592,3592,23.63217957,23.63217957,1,NA,NA,Aquatic Insect,NA,NA,Chironomidae,NA,Adults,1,0.042,0.042,NA,NA,NA,NA,NA,NA,NA,NA,NA,NA,NA   NA   NA   NA,NA   NA   NA   NA
STTD_2021-10-19 08:13:00,10/19/2021 8:13,STTD,2022,D,FALSE,CLR,Ebb,1,16.3,1,164,197,7.71,9.73,8.6,10,Low,779403,775811,3592,3592,23.63217957,23.63217957,1,NA,NA,Terrestrial Insect,NA,NA,Hemiptera,NA,Nymphs,1,0.042,0.042,NA,NA,NA,NA,NA,NA,NA,NA,NA,NA,NA   NA   NA   NA,NA   NA   NA   NA
STTD_2021-10-19 08:13:00,10/19/2021 8:13,STTD,2022,D,FALSE,CLR,Ebb,1,16.3,1,164,197,7.71,9.73,8.6,10,Low,779403,775811,3592,3592,23.63217957,23.63217957,1,NA,NA,Terrestrial Insect,NA,NA,Hemiptera,NA,Adults,2,0.085,0.085,NA,NA,NA,NA,NA,NA,NA,NA,NA,NA,NA   NA   NA   NA,NA   NA   NA   NA
STTD_2021-10-19 08:13:00,10/19/2021 8:13,STTD,2022,D,FALSE,CLR,Ebb,1,16.3,1,164,197,7.71,9.73,8.6,10,Low,779403,775811,3592,3592,23.63217957,23.63217957,1,NA,NA,Terrestrial Insect,NA,NA,Hymenoptera,NA,Adults,2,0.085,0.085,NA,NA,NA,NA,NA,NA,NA,NA,NA,NA,NA   NA   NA   NA,NA   NA   NA   NA
STTD_2021-10-19 08:13:00,10/19/2021 8:13,STTD,2022,D,FALSE,CLR,Ebb,1,16.3,1,164,197,7.71,9.73,8.6,10,Low,779403,775811,3592,3592,23.63217957,23.63217957,1,NA,NA,Terrestrial Insect,NA,NA,Neuroptera,NA,Larvae,1,0.042,0.042,NA,NA,NA,NA,NA,NA,NA,NA,NA,NA,NA   NA   NA   NA,NA   NA   NA   NA
STTD_2021-10-19 08:13:00,10/19/2021 8:13,STTD,2022,D,FALSE,CLR,Ebb,1,16.3,1,164,197,7.71,9.73,8.6,10,Low,779403,775811,3592,3592,23.63217957,23.63217957,1,NA,NA,Aquatic Insect,NA,NA,Coenagrionidae,NA,Nymphs,2,0.085,0.085,NA,NA,NA,NA,NA,NA,NA,NA,NA,NA,NA   NA   NA   NA,NA   NA   NA   NA
STTD_2021-10-19 08:13:00,10/19/2021 8:13,STTD,2022,D,FALSE,CLR,Ebb,1,16.3,1,164,197,7.71,9.73,8.6,10,Low,779403,775811,3592,3592,23.63217957,23.63217957,1,NA,NA,Terrestrial Insect,NA,NA,Psocoptera,NA,Nymphs,1,0.042,0.042,NA,NA,NA,NA,NA,NA,NA,NA,NA,NA,NA   NA   NA   NA,NA   NA   NA   NA
STTD_2021-10-19 08:13:00,10/19/2021 8:13,STTD,2022,D,FALSE,CLR,Ebb,1,16.3,1,164,197,7.71,9.73,8.6,10,Low,779403,775811,3592,3592,23.63217957,23.63217957,1,NA,NA,Terrestrial Insect,NA,NA,Thysanoptera,NA,Adults,1,0.042,0.042,NA,NA,NA,NA,NA,NA,NA,NA,NA,NA,NA   NA   NA   NA,NA   NA   NA   NA
STTD_2021-10-19 08:13:00,10/19/2021 8:13,STTD,2022,D,FALSE,CLR,Ebb,1,16.3,1,164,197,7.71,9.73,8.6,10,Low,779403,775811,3592,3592,23.63217957,23.63217957,1,NA,NA,Aquatic Non-Insect,NA,NA,Hyalellidae,NA,NA,1,0.042,0.042,NA,NA,NA,NA,NA,NA,NA,NA,NA,NA,NA   NA   NA   NA,NA   NA   NA   NA
SHR_2021-11-01 08:31:00,11/1/2021 8:31,SHR,2022,D,FALSE,CLD,Ebb,1,16,0.85,161,194,7.23,7.82,11.9,5,Low,771477,774917,3440,3440,22.63215415,22.63215415,1,"High Silt, had to shorten tow",NA,Aquatic Non-Insect,NA,NA,Lebertiidae,NA,NA,19,0.84,0.84,NA,NA,2,SAMP,NA,NA,NA,NA,NA,NA,2   NA   NA   NA,SAMP   NA   NA   NA
SHR_2021-11-01 08:31:00,11/1/2021 8:31,SHR,2022,D,FALSE,CLD,Ebb,1,16,0.85,161,194,7.23,7.82,11.9,5,Low,771477,774917,3440,3440,22.63215415,22.63215415,1,"High Silt, had to shorten tow",NA,Aquatic Non-Insect,NA,NA,Lymnaeidae,NA,NA,1,0.044,0.044,NA,NA,2,SAMP,NA,NA,NA,NA,NA,NA,2   NA   NA   NA,SAMP   NA   NA   NA
SHR_2021-11-01 08:31:00,11/1/2021 8:31,SHR,2022,D,FALSE,CLD,Ebb,1,16,0.85,161,194,7.23,7.82,11.9,5,Low,771477,774917,3440,3440,22.63215415,22.63215415,1,"High Silt, had to shorten tow",NA,Aquatic Non-Insect,NA,NA,Physidae,NA,NA,1,0.044,0.044,NA,NA,2,SAMP,NA,NA,NA,NA,NA,NA,2   NA   NA   NA,SAMP   NA   NA   NA
SHR_2021-11-01 08:31:00,11/1/2021 8:31,SHR,2022,D,FALSE,CLD,Ebb,1,16,0.85,161,194,7.23,7.82,11.9,5,Low,771477,774917,3440,3440,22.63215415,22.63215415,1,"High Silt, had to shorten tow",NA,Aquatic Non-Insect,NA,NA,Planorbidae,NA,NA,4,0.177,0.177,NA,NA,2,SAMP,NA,NA,NA,NA,NA,NA,2   NA   NA   NA,SAMP   NA   NA   NA
SHR_2021-11-01 08:31:00,11/1/2021 8:31,SHR,2022,D,FALSE,CLD,Ebb,1,16,0.85,161,194,7.23,7.82,11.9,5,Low,771477,774917,3440,3440,22.63215415,22.63215415,1,"High Silt, had to shorten tow",NA,Terrestrial Insect,NA,NA,Coleoptera,NA,Larvae,1,0.044,0.044,NA,NA,2,SAMP,NA,NA,NA,NA,NA,NA,2   NA   NA   NA,SAMP   NA   NA   NA
SHR_2021-11-01 08:31:00,11/1/2021 8:31,SHR,2022,D,FALSE,CLD,Ebb,1,16,0.85,161,194,7.23,7.82,11.9,5,Low,771477,774917,3440,3440,22.63215415,22.63215415,1,"High Silt, had to shorten tow",NA,Terrestrial Insect,NA,NA,Coleoptera,NA,Adults,2,0.088,0.088,NA,NA,2,SAMP,NA,NA,NA,NA,NA,NA,2   NA   NA   NA,SAMP   NA   NA   NA
SHR_2021-11-01 08:31:00,11/1/2021 8:31,SHR,2022,D,FALSE,CLD,Ebb,1,16,0.85,161,194,7.23,7.82,11.9,5,Low,771477,774917,3440,3440,22.63215415,22.63215415,1,"High Silt, had to shorten tow",NA,Aquatic Insect,NA,NA,Dytiscidae,NA,Adults,2,0.088,0.088,NA,NA,2,SAMP,NA,NA,NA,NA,NA,NA,2   NA   NA   NA,SAMP   NA   NA   NA
SHR_2021-11-01 08:31:00,11/1/2021 8:31,SHR,2022,D,FALSE,CLD,Ebb,1,16,0.85,161,194,7.23,7.82,11.9,5,Low,771477,774917,3440,3440,22.63215415,22.63215415,1,"High Silt, had to shorten tow",NA,Terrestrial Insect,NA,NA,Diptera,NA,Adults,1,0.044,0.044,NA,NA,2,SAMP,NA,NA,NA,NA,NA,NA,2   NA   NA   NA,SAMP   NA   NA   NA
SHR_2021-11-01 08:31:00,11/1/2021 8:31,SHR,2022,D,FALSE,CLD,Ebb,1,16,0.85,161,194,7.23,7.82,11.9,5,Low,771477,774917,3440,3440,22.63215415,22.63215415,1,"High Silt, had to shorten tow",NA,Aquatic Insect,NA,NA,Chironomidae,NA,Larvae,2,0.088,0.088,NA,NA,2,SAMP,NA,NA,NA,NA,NA,NA,2   NA   NA   NA,SAMP   NA   NA   NA
SHR_2021-11-01 08:31:00,11/1/2021 8:31,SHR,2022,D,FALSE,CLD,Ebb,1,16,0.85,161,194,7.23,7.82,11.9,5,Low,771477,774917,3440,3440,22.63215415,22.63215415,1,"High Silt, had to shorten tow",NA,Aquatic Insect,NA,NA,Chironomidae,NA,Pupae,2,0.088,0.088,NA,NA,2,SAMP,NA,NA,NA,NA,NA,NA,2   NA   NA   NA,SAMP   NA   NA   NA
SHR_2021-11-01 08:31:00,11/1/2021 8:31,SHR,2022,D,FALSE,CLD,Ebb,1,16,0.85,161,194,7.23,7.82,11.9,5,Low,771477,774917,3440,3440,22.63215415,22.63215415,1,"High Silt, had to shorten tow",NA,Aquatic Insect,NA,NA,Chironomidae,NA,Adults,17,0.751,0.751,NA,NA,2,SAMP,NA,NA,NA,NA,NA,NA,2   NA   NA   NA,SAMP   NA   NA   NA
SHR_2021-11-01 08:31:00,11/1/2021 8:31,SHR,2022,D,FALSE,CLD,Ebb,1,16,0.85,161,194,7.23,7.82,11.9,5,Low,771477,774917,3440,3440,22.63215415,22.63215415,1,"High Silt, had to shorten tow",NA,Aquatic Insect,NA,NA,Caenidae,NA,Nymphs,1,0.044,0.044,NA,NA,2,SAMP,NA,NA,NA,NA,NA,NA,2   NA   NA   NA,SAMP   NA   NA   NA
SHR_2021-11-01 08:31:00,11/1/2021 8:31,SHR,2022,D,FALSE,CLD,Ebb,1,16,0.85,161,194,7.23,7.82,11.9,5,Low,771477,774917,3440,3440,22.63215415,22.63215415,1,"High Silt, had to shorten tow",NA,Terrestrial Insect,NA,NA,Hemiptera,NA,Nymphs,2,0.088,0.088,NA,NA,2,SAMP,NA,NA,NA,NA,NA,NA,2   NA   NA   NA,SAMP   NA   NA   NA
SHR_2021-11-01 08:31:00,11/1/2021 8:31,SHR,2022,D,FALSE,CLD,Ebb,1,16,0.85,161,194,7.23,7.82,11.9,5,Low,771477,774917,3440,3440,22.63215415,22.63215415,1,"High Silt, had to shorten tow",NA,Terrestrial Insect,NA,NA,Hemiptera,NA,Adults,4,0.177,0.177,NA,NA,2,SAMP,NA,NA,NA,NA,NA,NA,2   NA   NA   NA,SAMP   NA   NA   NA
SHR_2021-11-01 08:31:00,11/1/2021 8:31,SHR,2022,D,FALSE,CLD,Ebb,1,16,0.85,161,194,7.23,7.82,11.9,5,Low,771477,774917,3440,3440,22.63215415,22.63215415,1,"High Silt, had to shorten tow",NA,Aquatic Insect,NA,NA,Corixidae,NA,Nymphs,1,0.044,0.044,NA,NA,2,SAMP,NA,NA,NA,NA,NA,NA,2   NA   NA   NA,SAMP   NA   NA   NA
SHR_2021-11-01 08:31:00,11/1/2021 8:31,SHR,2022,D,FALSE,CLD,Ebb,1,16,0.85,161,194,7.23,7.82,11.9,5,Low,771477,774917,3440,3440,22.63215415,22.63215415,1,"High Silt, had to shorten tow",NA,Terrestrial Insect,NA,NA,Hymenoptera,NA,Adults,24,1.06,1.06,NA,NA,2,SAMP,NA,NA,NA,NA,NA,NA,2   NA   NA   NA,SAMP   NA   NA   NA
SHR_2021-11-01 08:31:00,11/1/2021 8:31,SHR,2022,D,FALSE,CLD,Ebb,1,16,0.85,161,194,7.23,7.82,11.9,5,Low,771477,774917,3440,3440,22.63215415,22.63215415,1,"High Silt, had to shorten tow",NA,Aquatic Insect,NA,NA,Neuroptera,NA,Larvae,1,0.044,0.044,NA,NA,2,SAMP,NA,NA,NA,NA,NA,NA,2   NA   NA   NA,SAMP   NA   NA   NA
SHR_2021-11-01 08:31:00,11/1/2021 8:31,SHR,2022,D,FALSE,CLD,Ebb,1,16,0.85,161,194,7.23,7.82,11.9,5,Low,771477,774917,3440,3440,22.63215415,22.63215415,1,"High Silt, had to shorten tow",NA,Aquatic Insect,NA,NA,Coenagrionidae,NA,Nymphs,19,0.84,0.84,NA,NA,2,SAMP,NA,NA,NA,NA,NA,NA,2   NA   NA   NA,SAMP   NA   NA   NA
SHR_2021-11-01 08:31:00,11/1/2021 8:31,SHR,2022,D,FALSE,CLD,Ebb,1,16,0.85,161,194,7.23,7.82,11.9,5,Low,771477,774917,3440,3440,22.63215415,22.63215415,1,"High Silt, had to shorten tow",NA,Terrestrial Insect,NA,NA,Thysanoptera,NA,Adults,2,0.088,0.088,NA,NA,2,SAMP,NA,NA,NA,NA,NA,NA,2   NA   NA   NA,SAMP   NA   NA   NA
SHR_2021-11-01 08:31:00,11/1/2021 8:31,SHR,2022,D,FALSE,CLD,Ebb,1,16,0.85,161,194,7.23,7.82,11.9,5,Low,771477,774917,3440,3440,22.63215415,22.63215415,1,"High Silt, had to shorten tow",NA,Aquatic Insect,NA,NA,Leptoceridae,NA,Larvae,10,0.442,0.442,NA,NA,2,SAMP,NA,NA,NA,NA,NA,NA,2   NA   NA   NA,SAMP   NA   NA   NA
SHR_2021-11-01 08:31:00,11/1/2021 8:31,SHR,2022,D,FALSE,CLD,Ebb,1,16,0.85,161,194,7.23,7.82,11.9,5,Low,771477,774917,3440,3440,22.63215415,22.63215415,1,"High Silt, had to shorten tow",NA,Aquatic Non-Insect,NA,NA,Hyalellidae,NA,NA,110,4.86,4.86,NA,NA,2,SAMP,NA,NA,NA,NA,NA,NA,2   NA   NA   NA,SAMP   NA   NA   NA
SHR_2021-11-01 08:31:00,11/1/2021 8:31,SHR,2022,D,FALSE,CLD,Ebb,1,16,0.85,161,194,7.23,7.82,11.9,5,Low,771477,774917,3440,3440,22.63215415,22.63215415,1,"High Silt, had to shorten tow",NA,Aquatic Non-Insect,NA,NA,Copepoda,NA,NA,1,0.044,0.044,NA,NA,2,SAMP,NA,NA,NA,NA,NA,NA,2   NA   NA   NA,SAMP   NA   NA   NA
STTD_2021-11-02 08:53:00,11/2/2021 8:53,STTD,2022,D,FALSE,CLD,Ebb,1,16.5,0.52,381,454,7.17,1.11,17.8,5,Low,765097,766957,1860,1860,12.23715312,12.23715312,3,"Redo due to High FAV/Azula, Moved to port side& 5min, lots of duckweed couldn’t fit into bottle",NA,Terrestrial Non-Insect,NA,NA,Araneae,NA,NA,2,0.163,0.163,NA,NA,3,SAMP,NA,NA,NA,NA,NA,NA,3   NA   NA   NA,SAMP   NA   NA   NA
STTD_2021-11-02 08:53:00,11/2/2021 8:53,STTD,2022,D,FALSE,CLD,Ebb,1,16.5,0.52,381,454,7.17,1.11,17.8,5,Low,765097,766957,1860,1860,12.23715312,12.23715312,3,"Redo due to High FAV/Azula, Moved to port side& 5min, lots of duckweed couldn’t fit into bottle",NA,Aquatic Non-Insect,NA,NA,Arrenuridae,NA,NA,1,0.082,0.082,NA,NA,3,SAMP,NA,NA,NA,NA,NA,NA,3   NA   NA   NA,SAMP   NA   NA   NA
STTD_2021-11-02 08:53:00,11/2/2021 8:53,STTD,2022,D,FALSE,CLD,Ebb,1,16.5,0.52,381,454,7.17,1.11,17.8,5,Low,765097,766957,1860,1860,12.23715312,12.23715312,3,"Redo due to High FAV/Azula, Moved to port side& 5min, lots of duckweed couldn’t fit into bottle",NA,Aquatic Non-Insect,NA,NA,Naididae,NA,NA,3,0.245,0.245,NA,NA,3,SAMP,NA,NA,NA,NA,NA,NA,3   NA   NA   NA,SAMP   NA   NA   NA
STTD_2021-11-02 08:53:00,11/2/2021 8:53,STTD,2022,D,FALSE,CLD,Ebb,1,16.5,0.52,381,454,7.17,1.11,17.8,5,Low,765097,766957,1860,1860,12.23715312,12.23715312,3,"Redo due to High FAV/Azula, Moved to port side& 5min, lots of duckweed couldn’t fit into bottle",NA,Aquatic Non-Insect,NA,NA,Lymnaeidae,NA,NA,1,0.082,0.082,NA,NA,3,SAMP,NA,NA,NA,NA,NA,NA,3   NA   NA   NA,SAMP   NA   NA   NA
STTD_2021-11-02 08:53:00,11/2/2021 8:53,STTD,2022,D,FALSE,CLD,Ebb,1,16.5,0.52,381,454,7.17,1.11,17.8,5,Low,765097,766957,1860,1860,12.23715312,12.23715312,3,"Redo due to High FAV/Azula, Moved to port side& 5min, lots of duckweed couldn’t fit into bottle",NA,Terrestrial Insect,NA,NA,Coleoptera,NA,Larvae,15,1.226,1.226,NA,NA,3,SAMP,NA,NA,NA,NA,NA,NA,3   NA   NA   NA,SAMP   NA   NA   NA
STTD_2021-11-02 08:53:00,11/2/2021 8:53,STTD,2022,D,FALSE,CLD,Ebb,1,16.5,0.52,381,454,7.17,1.11,17.8,5,Low,765097,766957,1860,1860,12.23715312,12.23715312,3,"Redo due to High FAV/Azula, Moved to port side& 5min, lots of duckweed couldn’t fit into bottle",NA,Terrestrial Insect,NA,NA,Coleoptera,NA,Adults,4,0.327,0.327,NA,NA,3,SAMP,NA,NA,NA,NA,NA,NA,3   NA   NA   NA,SAMP   NA   NA   NA
STTD_2021-11-02 08:53:00,11/2/2021 8:53,STTD,2022,D,FALSE,CLD,Ebb,1,16.5,0.52,381,454,7.17,1.11,17.8,5,Low,765097,766957,1860,1860,12.23715312,12.23715312,3,"Redo due to High FAV/Azula, Moved to port side& 5min, lots of duckweed couldn’t fit into bottle",NA,Terrestrial Non-Insect,NA,NA,Collembola,NA,Larvae,6,0.49,0.49,NA,NA,3,SAMP,NA,NA,NA,NA,NA,NA,3   NA   NA   NA,SAMP   NA   NA   NA
STTD_2021-11-02 08:53:00,11/2/2021 8:53,STTD,2022,D,FALSE,CLD,Ebb,1,16.5,0.52,381,454,7.17,1.11,17.8,5,Low,765097,766957,1860,1860,12.23715312,12.23715312,3,"Redo due to High FAV/Azula, Moved to port side& 5min, lots of duckweed couldn’t fit into bottle",NA,Aquatic Insect,NA,NA,Diptera,NA,Pupae,2,0.163,0.163,NA,NA,3,SAMP,NA,NA,NA,NA,NA,NA,3   NA   NA   NA,SAMP   NA   NA   NA
STTD_2021-11-02 08:53:00,11/2/2021 8:53,STTD,2022,D,FALSE,CLD,Ebb,1,16.5,0.52,381,454,7.17,1.11,17.8,5,Low,765097,766957,1860,1860,12.23715312,12.23715312,3,"Redo due to High FAV/Azula, Moved to port side& 5min, lots of duckweed couldn’t fit into bottle",NA,Aquatic Insect,NA,NA,Chironomidae,NA,Larvae,5,0.409,0.409,NA,NA,3,SAMP,NA,NA,NA,NA,NA,NA,3   NA   NA   NA,SAMP   NA   NA   NA
STTD_2021-11-02 08:53:00,11/2/2021 8:53,STTD,2022,D,FALSE,CLD,Ebb,1,16.5,0.52,381,454,7.17,1.11,17.8,5,Low,765097,766957,1860,1860,12.23715312,12.23715312,3,"Redo due to High FAV/Azula, Moved to port side& 5min, lots of duckweed couldn’t fit into bottle",NA,Aquatic Insect,NA,NA,Chironomidae,NA,Pupae,1,0.082,0.082,NA,NA,3,SAMP,NA,NA,NA,NA,NA,NA,3   NA   NA   NA,SAMP   NA   NA   NA
STTD_2021-11-02 08:53:00,11/2/2021 8:53,STTD,2022,D,FALSE,CLD,Ebb,1,16.5,0.52,381,454,7.17,1.11,17.8,5,Low,765097,766957,1860,1860,12.23715312,12.23715312,3,"Redo due to High FAV/Azula, Moved to port side& 5min, lots of duckweed couldn’t fit into bottle",NA,Aquatic Insect,NA,NA,Ephydridae,NA,Pupae,1,0.082,0.082,NA,NA,3,SAMP,NA,NA,NA,NA,NA,NA,3   NA   NA   NA,SAMP   NA   NA   NA
STTD_2021-11-02 08:53:00,11/2/2021 8:53,STTD,2022,D,FALSE,CLD,Ebb,1,16.5,0.52,381,454,7.17,1.11,17.8,5,Low,765097,766957,1860,1860,12.23715312,12.23715312,3,"Redo due to High FAV/Azula, Moved to port side& 5min, lots of duckweed couldn’t fit into bottle",NA,Aquatic Insect,NA,NA,Tipulidae,NA,Larvae,6,0.49,0.49,NA,NA,3,SAMP,NA,NA,NA,NA,NA,NA,3   NA   NA   NA,SAMP   NA   NA   NA
STTD_2021-11-02 08:53:00,11/2/2021 8:53,STTD,2022,D,FALSE,CLD,Ebb,1,16.5,0.52,381,454,7.17,1.11,17.8,5,Low,765097,766957,1860,1860,12.23715312,12.23715312,3,"Redo due to High FAV/Azula, Moved to port side& 5min, lots of duckweed couldn’t fit into bottle",NA,Terrestrial Insect,NA,NA,Hemiptera,NA,Nymphs,2,0.163,0.163,NA,NA,3,SAMP,NA,NA,NA,NA,NA,NA,3   NA   NA   NA,SAMP   NA   NA   NA
STTD_2021-11-02 08:53:00,11/2/2021 8:53,STTD,2022,D,FALSE,CLD,Ebb,1,16.5,0.52,381,454,7.17,1.11,17.8,5,Low,765097,766957,1860,1860,12.23715312,12.23715312,3,"Redo due to High FAV/Azula, Moved to port side& 5min, lots of duckweed couldn’t fit into bottle",NA,Terrestrial Insect,NA,NA,Hemiptera,NA,Adults,19,1.553,1.553,NA,NA,3,SAMP,NA,NA,NA,NA,NA,NA,3   NA   NA   NA,SAMP   NA   NA   NA
STTD_2021-11-02 08:53:00,11/2/2021 8:53,STTD,2022,D,FALSE,CLD,Ebb,1,16.5,0.52,381,454,7.17,1.11,17.8,5,Low,765097,766957,1860,1860,12.23715312,12.23715312,3,"Redo due to High FAV/Azula, Moved to port side& 5min, lots of duckweed couldn’t fit into bottle",NA,Aquatic Insect,NA,NA,Corixidae,NA,Nymphs,64,5.23,5.23,NA,NA,3,SAMP,NA,NA,NA,NA,NA,NA,3   NA   NA   NA,SAMP   NA   NA   NA
STTD_2021-11-02 08:53:00,11/2/2021 8:53,STTD,2022,D,FALSE,CLD,Ebb,1,16.5,0.52,381,454,7.17,1.11,17.8,5,Low,765097,766957,1860,1860,12.23715312,12.23715312,3,"Redo due to High FAV/Azula, Moved to port side& 5min, lots of duckweed couldn’t fit into bottle",NA,Terrestrial Insect,NA,NA,Hymenoptera,NA,Adults,1,0.082,0.082,NA,NA,3,SAMP,NA,NA,NA,NA,NA,NA,3   NA   NA   NA,SAMP   NA   NA   NA
STTD_2021-11-02 08:53:00,11/2/2021 8:53,STTD,2022,D,FALSE,CLD,Ebb,1,16.5,0.52,381,454,7.17,1.11,17.8,5,Low,765097,766957,1860,1860,12.23715312,12.23715312,3,"Redo due to High FAV/Azula, Moved to port side& 5min, lots of duckweed couldn’t fit into bottle",NA,Aquatic Insect,NA,NA,Crambidae,NA,Larvae,5,0.409,0.409,NA,NA,3,SAMP,NA,NA,NA,NA,NA,NA,3   NA   NA   NA,SAMP   NA   NA   NA
STTD_2021-11-02 08:53:00,11/2/2021 8:53,STTD,2022,D,FALSE,CLD,Ebb,1,16.5,0.52,381,454,7.17,1.11,17.8,5,Low,765097,766957,1860,1860,12.23715312,12.23715312,3,"Redo due to High FAV/Azula, Moved to port side& 5min, lots of duckweed couldn’t fit into bottle",NA,Aquatic Insect,NA,NA,Coenagrionidae,NA,Nymphs,6,0.49,0.49,NA,NA,3,SAMP,NA,NA,NA,NA,NA,NA,3   NA   NA   NA,SAMP   NA   NA   NA
STTD_2021-11-02 08:53:00,11/2/2021 8:53,STTD,2022,D,FALSE,CLD,Ebb,1,16.5,0.52,381,454,7.17,1.11,17.8,5,Low,765097,766957,1860,1860,12.23715312,12.23715312,3,"Redo due to High FAV/Azula, Moved to port side& 5min, lots of duckweed couldn’t fit into bottle",NA,Aquatic Non-Insect,NA,NA,Corophiidae,NA,NA,16,1.307,1.307,NA,NA,3,SAMP,NA,NA,NA,NA,NA,NA,3   NA   NA   NA,SAMP   NA   NA   NA
STTD_2021-11-02 08:53:00,11/2/2021 8:53,STTD,2022,D,FALSE,CLD,Ebb,1,16.5,0.52,381,454,7.17,1.11,17.8,5,Low,765097,766957,1860,1860,12.23715312,12.23715312,3,"Redo due to High FAV/Azula, Moved to port side& 5min, lots of duckweed couldn’t fit into bottle",NA,Aquatic Non-Insect,NA,NA,Gammaridae,NA,NA,622,50.829,50.829,NA,NA,3,SAMP,NA,NA,NA,NA,NA,NA,3   NA   NA   NA,SAMP   NA   NA   NA
STTD_2021-11-02 08:53:00,11/2/2021 8:53,STTD,2022,D,FALSE,CLD,Ebb,1,16.5,0.52,381,454,7.17,1.11,17.8,5,Low,765097,766957,1860,1860,12.23715312,12.23715312,3,"Redo due to High FAV/Azula, Moved to port side& 5min, lots of duckweed couldn’t fit into bottle",NA,Aquatic Non-Insect,NA,NA,Hyalellidae,NA,NA,42,3.432,3.432,NA,NA,3,SAMP,NA,NA,NA,NA,NA,NA,3   NA   NA   NA,SAMP   NA   NA   NA
SHR_2021-11-15 10:05:00,11/15/2021 10:05,SHR,2022,D,FALSE,CLD,Ebb,1,13.7,0.8,144,183,7.42,8.98,12.9,10,Low,764877,757646,7231,7231,47.57357752,47.57357752,1,NA,NA,Aquatic Non-Insect,NA,NA,Acari,NA,NA,1,0.021,0.021,NA,NA,NA,NA,NA,NA,NA,NA,NA,NA,NA   NA   NA   NA,NA   NA   NA   NA
SHR_2021-11-15 10:05:00,11/15/2021 10:05,SHR,2022,D,FALSE,CLD,Ebb,1,13.7,0.8,144,183,7.42,8.98,12.9,10,Low,764877,757646,7231,7231,47.57357752,47.57357752,1,NA,NA,Terrestrial Non-Insect,NA,NA,Araneae,NA,NA,2,0.042,0.042,NA,NA,NA,NA,NA,NA,NA,NA,NA,NA,NA   NA   NA   NA,NA   NA   NA   NA
SHR_2021-11-15 10:05:00,11/15/2021 10:05,SHR,2022,D,FALSE,CLD,Ebb,1,13.7,0.8,144,183,7.42,8.98,12.9,10,Low,764877,757646,7231,7231,47.57357752,47.57357752,1,NA,NA,Aquatic Non-Insect,NA,NA,Hygrobatidae,NA,NA,2,0.042,0.042,NA,NA,NA,NA,NA,NA,NA,NA,NA,NA,NA   NA   NA   NA,NA   NA   NA   NA
SHR_2021-11-15 10:05:00,11/15/2021 10:05,SHR,2022,D,FALSE,CLD,Ebb,1,13.7,0.8,144,183,7.42,8.98,12.9,10,Low,764877,757646,7231,7231,47.57357752,47.57357752,1,NA,NA,Aquatic Non-Insect,NA,NA,Lebertiidae,NA,NA,23,0.483,0.483,NA,NA,NA,NA,NA,NA,NA,NA,NA,NA,NA   NA   NA   NA,NA   NA   NA   NA
SHR_2021-11-15 10:05:00,11/15/2021 10:05,SHR,2022,D,FALSE,CLD,Ebb,1,13.7,0.8,144,183,7.42,8.98,12.9,10,Low,764877,757646,7231,7231,47.57357752,47.57357752,1,NA,NA,Aquatic Non-Insect,NA,NA,Limnesiidae,NA,NA,1,0.021,0.021,NA,NA,NA,NA,NA,NA,NA,NA,NA,NA,NA   NA   NA   NA,NA   NA   NA   NA
SHR_2021-11-15 10:05:00,11/15/2021 10:05,SHR,2022,D,FALSE,CLD,Ebb,1,13.7,0.8,144,183,7.42,8.98,12.9,10,Low,764877,757646,7231,7231,47.57357752,47.57357752,1,NA,NA,Aquatic Non-Insect,NA,NA,Naididae,NA,NA,1,0.021,0.021,NA,NA,NA,NA,NA,NA,NA,NA,NA,NA,NA   NA   NA   NA,NA   NA   NA   NA
SHR_2021-11-15 10:05:00,11/15/2021 10:05,SHR,2022,D,FALSE,CLD,Ebb,1,13.7,0.8,144,183,7.42,8.98,12.9,10,Low,764877,757646,7231,7231,47.57357752,47.57357752,1,NA,NA,Aquatic Non-Insect,NA,NA,Planorbidae,NA,NA,3,0.063,0.063,NA,NA,NA,NA,NA,NA,NA,NA,NA,NA,NA   NA   NA   NA,NA   NA   NA   NA
SHR_2021-11-15 10:05:00,11/15/2021 10:05,SHR,2022,D,FALSE,CLD,Ebb,1,13.7,0.8,144,183,7.42,8.98,12.9,10,Low,764877,757646,7231,7231,47.57357752,47.57357752,1,NA,NA,Terrestrial Insect,NA,NA,Coleoptera,NA,Adults,2,0.042,0.042,NA,NA,NA,NA,NA,NA,NA,NA,NA,NA,NA   NA   NA   NA,NA   NA   NA   NA
SHR_2021-11-15 10:05:00,11/15/2021 10:05,SHR,2022,D,FALSE,CLD,Ebb,1,13.7,0.8,144,183,7.42,8.98,12.9,10,Low,764877,757646,7231,7231,47.57357752,47.57357752,1,NA,NA,Terrestrial Insect,NA,NA,Diptera,NA,Adults,1,0.021,0.021,NA,NA,NA,NA,NA,NA,NA,NA,NA,NA,NA   NA   NA   NA,NA   NA   NA   NA
SHR_2021-11-15 10:05:00,11/15/2021 10:05,SHR,2022,D,FALSE,CLD,Ebb,1,13.7,0.8,144,183,7.42,8.98,12.9,10,Low,764877,757646,7231,7231,47.57357752,47.57357752,1,NA,NA,Aquatic Insect,NA,NA,Chironomidae,NA,Pupae,4,0.084,0.084,NA,NA,NA,NA,NA,NA,NA,NA,NA,NA,NA   NA   NA   NA,NA   NA   NA   NA
SHR_2021-11-15 10:05:00,11/15/2021 10:05,SHR,2022,D,FALSE,CLD,Ebb,1,13.7,0.8,144,183,7.42,8.98,12.9,10,Low,764877,757646,7231,7231,47.57357752,47.57357752,1,NA,NA,Aquatic Insect,NA,NA,Chironomidae,NA,Adults,14,0.294,0.294,NA,NA,NA,NA,NA,NA,NA,NA,NA,NA,NA   NA   NA   NA,NA   NA   NA   NA
SHR_2021-11-15 10:05:00,11/15/2021 10:05,SHR,2022,D,FALSE,CLD,Ebb,1,13.7,0.8,144,183,7.42,8.98,12.9,10,Low,764877,757646,7231,7231,47.57357752,47.57357752,1,NA,NA,Terrestrial Insect,NA,NA,Hemiptera,NA,Adults,4,0.084,0.084,NA,NA,NA,NA,NA,NA,NA,NA,NA,NA,NA   NA   NA   NA,NA   NA   NA   NA
SHR_2021-11-15 10:05:00,11/15/2021 10:05,SHR,2022,D,FALSE,CLD,Ebb,1,13.7,0.8,144,183,7.42,8.98,12.9,10,Low,764877,757646,7231,7231,47.57357752,47.57357752,1,NA,NA,Terrestrial Insect,NA,NA,Hymenoptera,NA,Adults,1,0.021,0.021,NA,NA,NA,NA,NA,NA,NA,NA,NA,NA,NA   NA   NA   NA,NA   NA   NA   NA
SHR_2021-11-15 10:05:00,11/15/2021 10:05,SHR,2022,D,FALSE,CLD,Ebb,1,13.7,0.8,144,183,7.42,8.98,12.9,10,Low,764877,757646,7231,7231,47.57357752,47.57357752,1,NA,NA,Aquatic Insect,NA,NA,Coenagrionidae,NA,Nymphs,2,0.042,0.042,NA,NA,NA,NA,NA,NA,NA,NA,NA,NA,NA   NA   NA   NA,NA   NA   NA   NA
SHR_2021-11-15 10:05:00,11/15/2021 10:05,SHR,2022,D,FALSE,CLD,Ebb,1,13.7,0.8,144,183,7.42,8.98,12.9,10,Low,764877,757646,7231,7231,47.57357752,47.57357752,1,NA,NA,Aquatic Insect,NA,NA,Leptoceridae,NA,Larvae,5,0.105,0.105,NA,NA,NA,NA,NA,NA,NA,NA,NA,NA,NA   NA   NA   NA,NA   NA   NA   NA
SHR_2021-11-15 10:05:00,11/15/2021 10:05,SHR,2022,D,FALSE,CLD,Ebb,1,13.7,0.8,144,183,7.42,8.98,12.9,10,Low,764877,757646,7231,7231,47.57357752,47.57357752,1,NA,NA,Aquatic Non-Insect,NA,NA,Hyalellidae,NA,NA,10,0.21,0.21,NA,NA,NA,NA,NA,NA,NA,NA,NA,NA,NA   NA   NA   NA,NA   NA   NA   NA
SHR_2021-11-15 10:05:00,11/15/2021 10:05,SHR,2022,D,FALSE,CLD,Ebb,1,13.7,0.8,144,183,7.42,8.98,12.9,10,Low,764877,757646,7231,7231,47.57357752,47.57357752,1,NA,NA,Aquatic Non-Insect,NA,NA,Copepoda,NA,NA,1,0.021,0.021,NA,NA,NA,NA,NA,NA,NA,NA,NA,NA,NA   NA   NA   NA,NA   NA   NA   NA
SHR_2021-11-15 10:05:00,11/15/2021 10:05,SHR,2022,D,FALSE,CLD,Ebb,1,13.7,0.8,144,183,7.42,8.98,12.9,10,Low,764877,757646,7231,7231,47.57357752,47.57357752,1,NA,NA,Aquatic Non-Insect,NA,NA,Ostracoda,NA,NA,1,0.021,0.021,NA,NA,NA,NA,NA,NA,NA,NA,NA,NA,NA   NA   NA   NA,NA   NA   NA   NA
STTD_2021-11-16 09:48:00,11/16/2021 9:48,STTD,2022,D,FALSE,FOG,Ebb,1,14.5,0.72,432,541,7.34,1.14,5.2,10,Low,757538,754627,2911,2911,19.15180254,19.15180254,1,NA,NA,Terrestrial Non-Insect,NA,NA,Collembola,NA,Adults,1,0.052,0.052,NA,NA,NA,NA,NA,NA,NA,NA,NA,NA,NA   NA   NA   NA,NA   NA   NA   NA
STTD_2021-11-16 09:48:00,11/16/2021 9:48,STTD,2022,D,FALSE,FOG,Ebb,1,14.5,0.72,432,541,7.34,1.14,5.2,10,Low,757538,754627,2911,2911,19.15180254,19.15180254,1,NA,NA,Terrestrial Insect,NA,NA,Diptera,NA,Adults,1,0.052,0.052,NA,NA,NA,NA,NA,NA,NA,NA,NA,NA,NA   NA   NA   NA,NA   NA   NA   NA
STTD_2021-11-16 09:48:00,11/16/2021 9:48,STTD,2022,D,FALSE,FOG,Ebb,1,14.5,0.72,432,541,7.34,1.14,5.2,10,Low,757538,754627,2911,2911,19.15180254,19.15180254,1,NA,NA,Aquatic Insect,NA,NA,Ephydridae,NA,Larvae,1,0.052,0.052,NA,NA,NA,NA,NA,NA,NA,NA,NA,NA,NA   NA   NA   NA,NA   NA   NA   NA
STTD_2021-11-16 09:48:00,11/16/2021 9:48,STTD,2022,D,FALSE,FOG,Ebb,1,14.5,0.72,432,541,7.34,1.14,5.2,10,Low,757538,754627,2911,2911,19.15180254,19.15180254,1,NA,NA,Terrestrial Insect,NA,NA,Hemiptera,NA,Adults,2,0.104,0.104,NA,NA,NA,NA,NA,NA,NA,NA,NA,NA,NA   NA   NA   NA,NA   NA   NA   NA
STTD_2021-11-16 09:48:00,11/16/2021 9:48,STTD,2022,D,FALSE,FOG,Ebb,1,14.5,0.72,432,541,7.34,1.14,5.2,10,Low,757538,754627,2911,2911,19.15180254,19.15180254,1,NA,NA,Aquatic Insect,NA,NA,Corixidae,NA,Nymphs,3,0.157,0.157,NA,NA,NA,NA,NA,NA,NA,NA,NA,NA,NA   NA   NA   NA,NA   NA   NA   NA
SHR_2021-11-29 09:19:00,11/29/2021 9:19,SHR,2022,D,FALSE,CLR,Flood,1,11.7,1.05,141,190,7.56,10.24,5.5,10,Low,754562,749206,5356,5356,35.23773769,35.23773769,1,NA,NA,Terrestrial Non-Insect,NA,NA,Acari,NA,NA,1,0.028,0.028,NA,NA,NA,NA,NA,NA,NA,NA,NA,NA,NA   NA   NA   NA,NA   NA   NA   NA
SHR_2021-11-29 09:19:00,11/29/2021 9:19,SHR,2022,D,FALSE,CLR,Flood,1,11.7,1.05,141,190,7.56,10.24,5.5,10,Low,754562,749206,5356,5356,35.23773769,35.23773769,1,NA,NA,Aquatic Non-Insect,NA,NA,Lebertiidae,NA,NA,4,0.114,0.114,NA,NA,NA,NA,NA,NA,NA,NA,NA,NA,NA   NA   NA   NA,NA   NA   NA   NA
SHR_2021-11-29 09:19:00,11/29/2021 9:19,SHR,2022,D,FALSE,CLR,Flood,1,11.7,1.05,141,190,7.56,10.24,5.5,10,Low,754562,749206,5356,5356,35.23773769,35.23773769,1,NA,NA,Aquatic Non-Insect,NA,NA,Planorbidae,NA,NA,1,0.028,0.028,NA,NA,NA,NA,NA,NA,NA,NA,NA,NA,NA   NA   NA   NA,NA   NA   NA   NA
SHR_2021-11-29 09:19:00,11/29/2021 9:19,SHR,2022,D,FALSE,CLR,Flood,1,11.7,1.05,141,190,7.56,10.24,5.5,10,Low,754562,749206,5356,5356,35.23773769,35.23773769,1,NA,NA,Terrestrial Insect,NA,NA,Coleoptera,NA,Adults,2,0.057,0.057,NA,NA,NA,NA,NA,NA,NA,NA,NA,NA,NA   NA   NA   NA,NA   NA   NA   NA
SHR_2021-11-29 09:19:00,11/29/2021 9:19,SHR,2022,D,FALSE,CLR,Flood,1,11.7,1.05,141,190,7.56,10.24,5.5,10,Low,754562,749206,5356,5356,35.23773769,35.23773769,1,NA,NA,Terrestrial Insect,NA,NA,Diptera,NA,Adults,18,0.511,0.511,NA,NA,NA,NA,NA,NA,NA,NA,NA,NA,NA   NA   NA   NA,NA   NA   NA   NA
SHR_2021-11-29 09:19:00,11/29/2021 9:19,SHR,2022,D,FALSE,CLR,Flood,1,11.7,1.05,141,190,7.56,10.24,5.5,10,Low,754562,749206,5356,5356,35.23773769,35.23773769,1,NA,NA,Aquatic Insect,NA,NA,Chironomidae,NA,Pupae,1,0.028,0.028,NA,NA,NA,NA,NA,NA,NA,NA,NA,NA,NA   NA   NA   NA,NA   NA   NA   NA
SHR_2021-11-29 09:19:00,11/29/2021 9:19,SHR,2022,D,FALSE,CLR,Flood,1,11.7,1.05,141,190,7.56,10.24,5.5,10,Low,754562,749206,5356,5356,35.23773769,35.23773769,1,NA,NA,Aquatic Insect,NA,NA,Chironomidae,NA,Adults,36,1.022,1.022,NA,NA,NA,NA,NA,NA,NA,NA,NA,NA,NA   NA   NA   NA,NA   NA   NA   NA
SHR_2021-11-29 09:19:00,11/29/2021 9:19,SHR,2022,D,FALSE,CLR,Flood,1,11.7,1.05,141,190,7.56,10.24,5.5,10,Low,754562,749206,5356,5356,35.23773769,35.23773769,1,NA,NA,Terrestrial Insect,NA,NA,Hemiptera,NA,Adults,10,0.284,0.284,NA,NA,NA,NA,NA,NA,NA,NA,NA,NA,NA   NA   NA   NA,NA   NA   NA   NA
SHR_2021-11-29 09:19:00,11/29/2021 9:19,SHR,2022,D,FALSE,CLR,Flood,1,11.7,1.05,141,190,7.56,10.24,5.5,10,Low,754562,749206,5356,5356,35.23773769,35.23773769,1,NA,NA,Terrestrial Insect,NA,NA,Hymenoptera,NA,Adults,3,0.085,0.085,NA,NA,NA,NA,NA,NA,NA,NA,NA,NA,NA   NA   NA   NA,NA   NA   NA   NA
SHR_2021-11-29 09:19:00,11/29/2021 9:19,SHR,2022,D,FALSE,CLR,Flood,1,11.7,1.05,141,190,7.56,10.24,5.5,10,Low,754562,749206,5356,5356,35.23773769,35.23773769,1,NA,NA,Aquatic Non-Insect,NA,NA,Amphipoda,NA,NA,1,0.028,0.028,NA,NA,NA,NA,NA,NA,NA,NA,NA,NA,NA   NA   NA   NA,NA   NA   NA   NA
SHR_2021-11-29 09:19:00,11/29/2021 9:19,SHR,2022,D,FALSE,CLR,Flood,1,11.7,1.05,141,190,7.56,10.24,5.5,10,Low,754562,749206,5356,5356,35.23773769,35.23773769,1,NA,NA,Aquatic Non-Insect,NA,NA,Ostracoda,NA,NA,1,0.028,0.028,NA,NA,NA,NA,NA,NA,NA,NA,NA,NA,NA   NA   NA   NA,NA   NA   NA   NA
STTD_2021-11-30 09:30:00,11/30/2021 9:30,STTD,2022,D,FALSE,FOG,Flood,1,12.1,0.89,323,429,7.69,7.74,9.7,10,Low,749000,745847,3153,3153,20.74394827,20.74394827,1,Boat Tows,NA,Terrestrial Non-Insect,NA,NA,Acari,NA,NA,5,0.241,0.241,NA,NA,1,SAMP,NA,NA,NA,NA,NA,NA,1   NA   NA   NA,SAMP   NA   NA   NA
STTD_2021-11-30 09:30:00,11/30/2021 9:30,STTD,2022,D,FALSE,FOG,Flood,1,12.1,0.89,323,429,7.69,7.74,9.7,10,Low,749000,745847,3153,3153,20.74394827,20.74394827,1,Boat Tows,NA,Terrestrial Non-Insect,NA,NA,Acari,NA,NA,5,0.241,0.241,NA,NA,1,SAMP,2,LAB,NA,NA,NA,NA,1   2   NA   NA,SAMP   LAB   NA   NA
STTD_2021-11-30 09:30:00,11/30/2021 9:30,STTD,2022,D,FALSE,FOG,Flood,1,12.1,0.89,323,429,7.69,7.74,9.7,10,Low,749000,745847,3153,3153,20.74394827,20.74394827,1,Boat Tows,NA,Aquatic Non-Insect,NA,NA,Naididae,NA,NA,4,0.193,0.193,NA,NA,1,SAMP,NA,NA,NA,NA,NA,NA,1   NA   NA   NA,SAMP   NA   NA   NA
STTD_2021-11-30 09:30:00,11/30/2021 9:30,STTD,2022,D,FALSE,FOG,Flood,1,12.1,0.89,323,429,7.69,7.74,9.7,10,Low,749000,745847,3153,3153,20.74394827,20.74394827,1,Boat Tows,NA,Aquatic Non-Insect,NA,NA,Naididae,NA,NA,4,0.193,0.193,NA,NA,1,SAMP,2,LAB,NA,NA,NA,NA,1   2   NA   NA,SAMP   LAB   NA   NA
STTD_2021-11-30 09:30:00,11/30/2021 9:30,STTD,2022,D,FALSE,FOG,Flood,1,12.1,0.89,323,429,7.69,7.74,9.7,10,Low,749000,745847,3153,3153,20.74394827,20.74394827,1,Boat Tows,NA,Aquatic Non-Insect,NA,NA,Planorbidae,NA,NA,2,0.096,0.096,NA,NA,1,SAMP,NA,NA,NA,NA,NA,NA,1   NA   NA   NA,SAMP   NA   NA   NA
STTD_2021-11-30 09:30:00,11/30/2021 9:30,STTD,2022,D,FALSE,FOG,Flood,1,12.1,0.89,323,429,7.69,7.74,9.7,10,Low,749000,745847,3153,3153,20.74394827,20.74394827,1,Boat Tows,NA,Aquatic Non-Insect,NA,NA,Planorbidae,NA,NA,2,0.096,0.096,NA,NA,1,SAMP,2,LAB,NA,NA,NA,NA,1   2   NA   NA,SAMP   LAB   NA   NA
STTD_2021-11-30 09:30:00,11/30/2021 9:30,STTD,2022,D,FALSE,FOG,Flood,1,12.1,0.89,323,429,7.69,7.74,9.7,10,Low,749000,745847,3153,3153,20.74394827,20.74394827,1,Boat Tows,NA,Aquatic Non-Insect,NA,NA,Hydridae,NA,NA,1,0.048,0.048,NA,NA,1,SAMP,NA,NA,NA,NA,NA,NA,1   NA   NA   NA,SAMP   NA   NA   NA
STTD_2021-11-30 09:30:00,11/30/2021 9:30,STTD,2022,D,FALSE,FOG,Flood,1,12.1,0.89,323,429,7.69,7.74,9.7,10,Low,749000,745847,3153,3153,20.74394827,20.74394827,1,Boat Tows,NA,Aquatic Non-Insect,NA,NA,Hydridae,NA,NA,1,0.048,0.048,NA,NA,1,SAMP,2,LAB,NA,NA,NA,NA,1   2   NA   NA,SAMP   LAB   NA   NA
STTD_2021-11-30 09:30:00,11/30/2021 9:30,STTD,2022,D,FALSE,FOG,Flood,1,12.1,0.89,323,429,7.69,7.74,9.7,10,Low,749000,745847,3153,3153,20.74394827,20.74394827,1,Boat Tows,damaged,Terrestrial Insect,NA,NA,Insecta,NA,Larvae,1,0.048,0.048,NA,NA,1,SAMP,NA,NA,NA,NA,NA,NA,1   NA   NA   NA,SAMP   NA   NA   NA
STTD_2021-11-30 09:30:00,11/30/2021 9:30,STTD,2022,D,FALSE,FOG,Flood,1,12.1,0.89,323,429,7.69,7.74,9.7,10,Low,749000,745847,3153,3153,20.74394827,20.74394827,1,Boat Tows,damaged,Terrestrial Insect,NA,NA,Insecta,NA,Larvae,1,0.048,0.048,NA,NA,1,SAMP,2,LAB,NA,NA,NA,NA,1   2   NA   NA,SAMP   LAB   NA   NA
STTD_2021-11-30 09:30:00,11/30/2021 9:30,STTD,2022,D,FALSE,FOG,Flood,1,12.1,0.89,323,429,7.69,7.74,9.7,10,Low,749000,745847,3153,3153,20.74394827,20.74394827,1,Boat Tows,NA,Terrestrial Insect,NA,NA,Coleoptera,NA,Adults,1,0.048,0.048,NA,NA,1,SAMP,NA,NA,NA,NA,NA,NA,1   NA   NA   NA,SAMP   NA   NA   NA
STTD_2021-11-30 09:30:00,11/30/2021 9:30,STTD,2022,D,FALSE,FOG,Flood,1,12.1,0.89,323,429,7.69,7.74,9.7,10,Low,749000,745847,3153,3153,20.74394827,20.74394827,1,Boat Tows,NA,Terrestrial Insect,NA,NA,Coleoptera,NA,Adults,1,0.048,0.048,NA,NA,1,SAMP,2,LAB,NA,NA,NA,NA,1   2   NA   NA,SAMP   LAB   NA   NA
STTD_2021-11-30 09:30:00,11/30/2021 9:30,STTD,2022,D,FALSE,FOG,Flood,1,12.1,0.89,323,429,7.69,7.74,9.7,10,Low,749000,745847,3153,3153,20.74394827,20.74394827,1,Boat Tows,NA,Terrestrial Non-Insect,NA,NA,Collembola,NA,Larvae,7,0.337,0.337,NA,NA,1,SAMP,NA,NA,NA,NA,NA,NA,1   NA   NA   NA,SAMP   NA   NA   NA
STTD_2021-11-30 09:30:00,11/30/2021 9:30,STTD,2022,D,FALSE,FOG,Flood,1,12.1,0.89,323,429,7.69,7.74,9.7,10,Low,749000,745847,3153,3153,20.74394827,20.74394827,1,Boat Tows,NA,Terrestrial Non-Insect,NA,NA,Collembola,NA,Larvae,7,0.337,0.337,NA,NA,1,SAMP,2,LAB,NA,NA,NA,NA,1   2   NA   NA,SAMP   LAB   NA   NA
STTD_2021-11-30 09:30:00,11/30/2021 9:30,STTD,2022,D,FALSE,FOG,Flood,1,12.1,0.89,323,429,7.69,7.74,9.7,10,Low,749000,745847,3153,3153,20.74394827,20.74394827,1,Boat Tows,NA,Terrestrial Insect,NA,NA,Diptera,NA,Adults,5,0.241,0.241,NA,NA,1,SAMP,NA,NA,NA,NA,NA,NA,1   NA   NA   NA,SAMP   NA   NA   NA
STTD_2021-11-30 09:30:00,11/30/2021 9:30,STTD,2022,D,FALSE,FOG,Flood,1,12.1,0.89,323,429,7.69,7.74,9.7,10,Low,749000,745847,3153,3153,20.74394827,20.74394827,1,Boat Tows,NA,Terrestrial Insect,NA,NA,Diptera,NA,Adults,5,0.241,0.241,NA,NA,1,SAMP,2,LAB,NA,NA,NA,NA,1   2   NA   NA,SAMP   LAB   NA   NA
STTD_2021-11-30 09:30:00,11/30/2021 9:30,STTD,2022,D,FALSE,FOG,Flood,1,12.1,0.89,323,429,7.69,7.74,9.7,10,Low,749000,745847,3153,3153,20.74394827,20.74394827,1,Boat Tows,NA,Aquatic Insect,NA,NA,Chironomidae,NA,Adults,5,0.241,0.241,NA,NA,1,SAMP,NA,NA,NA,NA,NA,NA,1   NA   NA   NA,SAMP   NA   NA   NA
STTD_2021-11-30 09:30:00,11/30/2021 9:30,STTD,2022,D,FALSE,FOG,Flood,1,12.1,0.89,323,429,7.69,7.74,9.7,10,Low,749000,745847,3153,3153,20.74394827,20.74394827,1,Boat Tows,NA,Aquatic Insect,NA,NA,Chironomidae,NA,Adults,5,0.241,0.241,NA,NA,1,SAMP,2,LAB,NA,NA,NA,NA,1   2   NA   NA,SAMP   LAB   NA   NA
STTD_2021-11-30 09:30:00,11/30/2021 9:30,STTD,2022,D,FALSE,FOG,Flood,1,12.1,0.89,323,429,7.69,7.74,9.7,10,Low,749000,745847,3153,3153,20.74394827,20.74394827,1,Boat Tows,NA,Aquatic Insect,NA,NA,Culicidae,NA,Adults,1,0.048,0.048,NA,NA,1,SAMP,NA,NA,NA,NA,NA,NA,1   NA   NA   NA,SAMP   NA   NA   NA
STTD_2021-11-30 09:30:00,11/30/2021 9:30,STTD,2022,D,FALSE,FOG,Flood,1,12.1,0.89,323,429,7.69,7.74,9.7,10,Low,749000,745847,3153,3153,20.74394827,20.74394827,1,Boat Tows,NA,Aquatic Insect,NA,NA,Culicidae,NA,Adults,1,0.048,0.048,NA,NA,1,SAMP,2,LAB,NA,NA,NA,NA,1   2   NA   NA,SAMP   LAB   NA   NA
STTD_2021-11-30 09:30:00,11/30/2021 9:30,STTD,2022,D,FALSE,FOG,Flood,1,12.1,0.89,323,429,7.69,7.74,9.7,10,Low,749000,745847,3153,3153,20.74394827,20.74394827,1,Boat Tows,NA,Aquatic Insect,NA,NA,Ephydridae,NA,Pupae,1,0.048,0.048,NA,NA,1,SAMP,NA,NA,NA,NA,NA,NA,1   NA   NA   NA,SAMP   NA   NA   NA
STTD_2021-11-30 09:30:00,11/30/2021 9:30,STTD,2022,D,FALSE,FOG,Flood,1,12.1,0.89,323,429,7.69,7.74,9.7,10,Low,749000,745847,3153,3153,20.74394827,20.74394827,1,Boat Tows,NA,Aquatic Insect,NA,NA,Ephydridae,NA,Pupae,1,0.048,0.048,NA,NA,1,SAMP,2,LAB,NA,NA,NA,NA,1   2   NA   NA,SAMP   LAB   NA   NA
STTD_2021-11-30 09:30:00,11/30/2021 9:30,STTD,2022,D,FALSE,FOG,Flood,1,12.1,0.89,323,429,7.69,7.74,9.7,10,Low,749000,745847,3153,3153,20.74394827,20.74394827,1,Boat Tows,NA,Terrestrial Insect,NA,NA,Hymenoptera,NA,Adults,1,0.048,0.048,NA,NA,1,SAMP,NA,NA,NA,NA,NA,NA,1   NA   NA   NA,SAMP   NA   NA   NA
STTD_2021-11-30 09:30:00,11/30/2021 9:30,STTD,2022,D,FALSE,FOG,Flood,1,12.1,0.89,323,429,7.69,7.74,9.7,10,Low,749000,745847,3153,3153,20.74394827,20.74394827,1,Boat Tows,NA,Terrestrial Insect,NA,NA,Hymenoptera,NA,Adults,1,0.048,0.048,NA,NA,1,SAMP,2,LAB,NA,NA,NA,NA,1   2   NA   NA,SAMP   LAB   NA   NA
STTD_2021-11-30 09:30:00,11/30/2021 9:30,STTD,2022,D,FALSE,FOG,Flood,1,12.1,0.89,323,429,7.69,7.74,9.7,10,Low,749000,745847,3153,3153,20.74394827,20.74394827,1,Boat Tows,NA,Aquatic Non-Insect,NA,NA,Gammaridae,NA,NA,2,0.096,0.096,NA,NA,1,SAMP,NA,NA,NA,NA,NA,NA,1   NA   NA   NA,SAMP   NA   NA   NA
STTD_2021-11-30 09:30:00,11/30/2021 9:30,STTD,2022,D,FALSE,FOG,Flood,1,12.1,0.89,323,429,7.69,7.74,9.7,10,Low,749000,745847,3153,3153,20.74394827,20.74394827,1,Boat Tows,NA,Aquatic Non-Insect,NA,NA,Gammaridae,NA,NA,2,0.096,0.096,NA,NA,1,SAMP,2,LAB,NA,NA,NA,NA,1   2   NA   NA,SAMP   LAB   NA   NA
SHR_2021-12-13 09:21:00,12/13/2021 9:21,SHR,2022,D,FALSE,RAN,Ebb,1,10.1,1.3,141,197,7.76,10.71,9.5,5,Low,745711,741150,4561,4561,30.0073416,30.0073416,1,NA,NA,Aquatic Non-Insect,NA,NA,Lebertiidae,NA,NA,1,0.033,0.033,NA,NA,NA,NA,NA,NA,NA,NA,NA,NA,NA   NA   NA   NA,NA   NA   NA   NA
SHR_2021-12-13 09:21:00,12/13/2021 9:21,SHR,2022,D,FALSE,RAN,Ebb,1,10.1,1.3,141,197,7.76,10.71,9.5,5,Low,745711,741150,4561,4561,30.0073416,30.0073416,1,NA,NA,Terrestrial Insect,NA,NA,Hemiptera,NA,Adults,2,0.067,0.067,NA,NA,NA,NA,NA,NA,NA,NA,NA,NA,NA   NA   NA   NA,NA   NA   NA   NA
STTD_2021-12-14 10:25:00,12/14/2021 10:25,STTD,2022,D,FALSE,CLR,Flood,NA,9.8,0.38,390,550,7.73,8.6,20.4,5,Low,741067,737932,3135,3135,20.62552421,20.62552421,1,NA,NA,Terrestrial Non-Insect,NA,NA,Acari,NA,Nymphs,1,0.048,0.048,NA,NA,NA,NA,NA,NA,NA,NA,NA,NA,NA   NA   NA   NA,NA   NA   NA   NA
STTD_2021-12-14 10:25:00,12/14/2021 10:25,STTD,2022,D,FALSE,CLR,Flood,NA,9.8,0.38,390,550,7.73,8.6,20.4,5,Low,741067,737932,3135,3135,20.62552421,20.62552421,1,NA,NA,Terrestrial Non-Insect,NA,NA,Araneae,NA,NA,1,0.048,0.048,NA,NA,NA,NA,NA,NA,NA,NA,NA,NA,NA   NA   NA   NA,NA   NA   NA   NA
STTD_2021-12-14 10:25:00,12/14/2021 10:25,STTD,2022,D,FALSE,CLR,Flood,NA,9.8,0.38,390,550,7.73,8.6,20.4,5,Low,741067,737932,3135,3135,20.62552421,20.62552421,1,NA,NA,Aquatic Non-Insect,NA,NA,Cladocera,NA,NA,1,0.048,0.048,NA,NA,NA,NA,NA,NA,NA,NA,NA,NA,NA   NA   NA   NA,NA   NA   NA   NA
STTD_2021-12-14 10:25:00,12/14/2021 10:25,STTD,2022,D,FALSE,CLR,Flood,NA,9.8,0.38,390,550,7.73,8.6,20.4,5,Low,741067,737932,3135,3135,20.62552421,20.62552421,1,NA,NA,Terrestrial Non-Insect,NA,NA,Collembola,NA,Larvae,1,0.048,0.048,NA,NA,NA,NA,NA,NA,NA,NA,NA,NA,NA   NA   NA   NA,NA   NA   NA   NA
STTD_2021-12-14 10:25:00,12/14/2021 10:25,STTD,2022,D,FALSE,CLR,Flood,NA,9.8,0.38,390,550,7.73,8.6,20.4,5,Low,741067,737932,3135,3135,20.62552421,20.62552421,1,NA,NA,Aquatic Insect,NA,NA,Chironomidae,NA,Adults,6,0.291,0.291,NA,NA,NA,NA,NA,NA,NA,NA,NA,NA,NA   NA   NA   NA,NA   NA   NA   NA
STTD_2021-12-14 10:25:00,12/14/2021 10:25,STTD,2022,D,FALSE,CLR,Flood,NA,9.8,0.38,390,550,7.73,8.6,20.4,5,Low,741067,737932,3135,3135,20.62552421,20.62552421,1,NA,NA,Terrestrial Insect,NA,NA,Hemiptera,NA,Nymphs,1,0.048,0.048,NA,NA,NA,NA,NA,NA,NA,NA,NA,NA,NA   NA   NA   NA,NA   NA   NA   NA
STTD_2021-12-14 10:25:00,12/14/2021 10:25,STTD,2022,D,FALSE,CLR,Flood,NA,9.8,0.38,390,550,7.73,8.6,20.4,5,Low,741067,737932,3135,3135,20.62552421,20.62552421,1,NA,NA,Aquatic Insect,NA,NA,Corixidae,NA,Nymphs,1,0.048,0.048,NA,NA,NA,NA,NA,NA,NA,NA,NA,NA,NA   NA   NA   NA,NA   NA   NA   NA
STTD_2021-12-14 10:25:00,12/14/2021 10:25,STTD,2022,D,FALSE,CLR,Flood,NA,9.8,0.38,390,550,7.73,8.6,20.4,5,Low,741067,737932,3135,3135,20.62552421,20.62552421,1,NA,NA,Terrestrial Insect,NA,NA,Hymenoptera,NA,Adults,1,0.048,0.048,NA,NA,NA,NA,NA,NA,NA,NA,NA,NA,NA   NA   NA   NA,NA   NA   NA   NA
STTD_2021-12-14 10:25:00,12/14/2021 10:25,STTD,2022,D,FALSE,CLR,Flood,NA,9.8,0.38,390,550,7.73,8.6,20.4,5,Low,741067,737932,3135,3135,20.62552421,20.62552421,1,NA,NA,Aquatic Non-Insect,NA,NA,Gammaridae,NA,NA,1,0.048,0.048,NA,NA,NA,NA,NA,NA,NA,NA,NA,NA,NA   NA   NA   NA,NA   NA   NA   NA
STTD_2021-12-14 10:25:00,12/14/2021 10:25,STTD,2022,D,FALSE,CLR,Flood,NA,9.8,0.38,390,550,7.73,8.6,20.4,5,Low,741067,737932,3135,3135,20.62552421,20.62552421,1,NA,NA,Aquatic Non-Insect,NA,NA,Copepoda,NA,NA,1,0.048,0.048,NA,NA,NA,NA,NA,NA,NA,NA,NA,NA,NA   NA   NA   NA,NA   NA   NA   NA
SHR_2021-12-27 10:18:00,12/27/2021 10:18,SHR,2022,D,FALSE,CLD,Flood,1,8.5,0.23,90,131,7.47,10.6,44.1,5,Low,736997,734515,2482,2482,16.32936239,16.32936239,2,High silt so shortened tow time,NA,Aquatic Non-Insect,NA,NA,Nematoda,NA,NA,1,0.061,0.061,NA,NA,1,SAMP,NA,NA,NA,NA,NA,NA,1   NA   NA   NA,SAMP   NA   NA   NA
SHR_2021-12-27 10:18:00,12/27/2021 10:18,SHR,2022,D,FALSE,CLD,Flood,1,8.5,0.23,90,131,7.47,10.6,44.1,5,Low,736997,734515,2482,2482,16.32936239,16.32936239,2,High silt so shortened tow time,NA,Terrestrial Non-Insect,NA,NA,Araneae,NA,NA,1,0.061,0.061,NA,NA,1,SAMP,NA,NA,NA,NA,NA,NA,1   NA   NA   NA,SAMP   NA   NA   NA
SHR_2021-12-27 10:18:00,12/27/2021 10:18,SHR,2022,D,FALSE,CLD,Flood,1,8.5,0.23,90,131,7.47,10.6,44.1,5,Low,736997,734515,2482,2482,16.32936239,16.32936239,2,High silt so shortened tow time,NA,Aquatic Non-Insect,NA,NA,Hygrobatidae,NA,NA,1,0.061,0.061,NA,NA,1,SAMP,NA,NA,NA,NA,NA,NA,1   NA   NA   NA,SAMP   NA   NA   NA
SHR_2021-12-27 10:18:00,12/27/2021 10:18,SHR,2022,D,FALSE,CLD,Flood,1,8.5,0.23,90,131,7.47,10.6,44.1,5,Low,736997,734515,2482,2482,16.32936239,16.32936239,2,High silt so shortened tow time,NA,Aquatic Non-Insect,NA,NA,Unionicolidae,NA,NA,1,0.061,0.061,NA,NA,1,SAMP,NA,NA,NA,NA,NA,NA,1   NA   NA   NA,SAMP   NA   NA   NA
SHR_2021-12-27 10:18:00,12/27/2021 10:18,SHR,2022,D,FALSE,CLD,Flood,1,8.5,0.23,90,131,7.47,10.6,44.1,5,Low,736997,734515,2482,2482,16.32936239,16.32936239,2,High silt so shortened tow time,NA,Aquatic Non-Insect,NA,NA,Naididae,NA,NA,4,0.245,0.245,NA,NA,1,SAMP,NA,NA,NA,NA,NA,NA,1   NA   NA   NA,SAMP   NA   NA   NA
SHR_2021-12-27 10:18:00,12/27/2021 10:18,SHR,2022,D,FALSE,CLD,Flood,1,8.5,0.23,90,131,7.47,10.6,44.1,5,Low,736997,734515,2482,2482,16.32936239,16.32936239,2,High silt so shortened tow time,NA,Aquatic Insect,NA,NA,Corixidae,NA,Nymphs,1,0.061,0.061,NA,NA,1,SAMP,NA,NA,NA,NA,NA,NA,1   NA   NA   NA,SAMP   NA   NA   NA
SHR_2021-12-27 10:18:00,12/27/2021 10:18,SHR,2022,D,FALSE,CLD,Flood,1,8.5,0.23,90,131,7.47,10.6,44.1,5,Low,736997,734515,2482,2482,16.32936239,16.32936239,2,High silt so shortened tow time,NA,Aquatic Insect,NA,NA,Hydropsychidae,NA,Larvae,2,0.122,0.122,NA,NA,1,SAMP,NA,NA,NA,NA,NA,NA,1   NA   NA   NA,SAMP   NA   NA   NA
SHR_2021-12-27 10:18:00,12/27/2021 10:18,SHR,2022,D,FALSE,CLD,Flood,1,8.5,0.23,90,131,7.47,10.6,44.1,5,Low,736997,734515,2482,2482,16.32936239,16.32936239,2,High silt so shortened tow time,NA,Aquatic Non-Insect,NA,NA,Hyalellidae,NA,NA,2,0.122,0.122,NA,NA,1,SAMP,NA,NA,NA,NA,NA,NA,1   NA   NA   NA,SAMP   NA   NA   NA
STTD_2021-12-28 10:48:00,12/28/2021 10:48,STTD,2022,D,FALSE,CLD,Flood,1,8,0.14,337,500,7.59,8.84,75.7,5,Low,734447,731561,2886,2886,18.98732468,18.98732468,2,Lots of Azula,NA,Terrestrial Non-Insect,NA,NA,Acari,NA,NA,2,0.105,0.105,NA,NA,1,SAMP,NA,NA,NA,NA,NA,NA,1   NA   NA   NA,SAMP   NA   NA   NA
STTD_2021-12-28 10:48:00,12/28/2021 10:48,STTD,2022,D,FALSE,CLD,Flood,1,8,0.14,337,500,7.59,8.84,75.7,5,Low,734447,731561,2886,2886,18.98732468,18.98732468,2,Lots of Azula,NA,Aquatic Non-Insect,NA,NA,Naididae,NA,NA,1,0.053,0.053,NA,NA,1,SAMP,NA,NA,NA,NA,NA,NA,1   NA   NA   NA,SAMP   NA   NA   NA
STTD_2021-12-28 10:48:00,12/28/2021 10:48,STTD,2022,D,FALSE,CLD,Flood,1,8,0.14,337,500,7.59,8.84,75.7,5,Low,734447,731561,2886,2886,18.98732468,18.98732468,2,Lots of Azula,NA,Aquatic Non-Insect,NA,NA,Physidae,NA,NA,1,0.053,0.053,NA,NA,1,SAMP,NA,NA,NA,NA,NA,NA,1   NA   NA   NA,SAMP   NA   NA   NA
STTD_2021-12-28 10:48:00,12/28/2021 10:48,STTD,2022,D,FALSE,CLD,Flood,1,8,0.14,337,500,7.59,8.84,75.7,5,Low,734447,731561,2886,2886,18.98732468,18.98732468,2,Lots of Azula,NA,Aquatic Non-Insect,NA,NA,Planorbidae,NA,NA,1,0.053,0.053,NA,NA,1,SAMP,NA,NA,NA,NA,NA,NA,1   NA   NA   NA,SAMP   NA   NA   NA
STTD_2021-12-28 10:48:00,12/28/2021 10:48,STTD,2022,D,FALSE,CLD,Flood,1,8,0.14,337,500,7.59,8.84,75.7,5,Low,734447,731561,2886,2886,18.98732468,18.98732468,2,Lots of Azula,NA,Terrestrial Insect,NA,NA,Coleoptera,NA,Larvae,20,1.053,1.053,NA,NA,1,SAMP,NA,NA,NA,NA,NA,NA,1   NA   NA   NA,SAMP   NA   NA   NA
STTD_2021-12-28 10:48:00,12/28/2021 10:48,STTD,2022,D,FALSE,CLD,Flood,1,8,0.14,337,500,7.59,8.84,75.7,5,Low,734447,731561,2886,2886,18.98732468,18.98732468,2,Lots of Azula,NA,Terrestrial Insect,NA,NA,Coleoptera,NA,Adults,6,0.316,0.316,NA,NA,1,SAMP,NA,NA,NA,NA,NA,NA,1   NA   NA   NA,SAMP   NA   NA   NA
STTD_2021-12-28 10:48:00,12/28/2021 10:48,STTD,2022,D,FALSE,CLD,Flood,1,8,0.14,337,500,7.59,8.84,75.7,5,Low,734447,731561,2886,2886,18.98732468,18.98732468,2,Lots of Azula,NA,Terrestrial Non-Insect,NA,NA,Collembola,NA,Larvae,357,18.802,18.802,NA,NA,1,SAMP,NA,NA,NA,NA,NA,NA,1   NA   NA   NA,SAMP   NA   NA   NA
STTD_2021-12-28 10:48:00,12/28/2021 10:48,STTD,2022,D,FALSE,CLD,Flood,1,8,0.14,337,500,7.59,8.84,75.7,5,Low,734447,731561,2886,2886,18.98732468,18.98732468,2,Lots of Azula,NA,Terrestrial Insect,NA,NA,Diptera,NA,Pupae,2,0.105,0.105,NA,NA,1,SAMP,NA,NA,NA,NA,NA,NA,1   NA   NA   NA,SAMP   NA   NA   NA
STTD_2021-12-28 10:48:00,12/28/2021 10:48,STTD,2022,D,FALSE,CLD,Flood,1,8,0.14,337,500,7.59,8.84,75.7,5,Low,734447,731561,2886,2886,18.98732468,18.98732468,2,Lots of Azula,NA,Terrestrial Insect,NA,NA,Diptera,NA,Adults,3,0.158,0.158,NA,NA,1,SAMP,NA,NA,NA,NA,NA,NA,1   NA   NA   NA,SAMP   NA   NA   NA
STTD_2021-12-28 10:48:00,12/28/2021 10:48,STTD,2022,D,FALSE,CLD,Flood,1,8,0.14,337,500,7.59,8.84,75.7,5,Low,734447,731561,2886,2886,18.98732468,18.98732468,2,Lots of Azula,NA,Aquatic Insect,NA,NA,Chironomidae,NA,Larvae,3,0.158,0.158,NA,NA,1,SAMP,NA,NA,NA,NA,NA,NA,1   NA   NA   NA,SAMP   NA   NA   NA
STTD_2021-12-28 10:48:00,12/28/2021 10:48,STTD,2022,D,FALSE,CLD,Flood,1,8,0.14,337,500,7.59,8.84,75.7,5,Low,734447,731561,2886,2886,18.98732468,18.98732468,2,Lots of Azula,NA,Aquatic Insect,NA,NA,Chironomidae,NA,Adults,55,2.897,2.897,NA,NA,1,SAMP,NA,NA,NA,NA,NA,NA,1   NA   NA   NA,SAMP   NA   NA   NA
STTD_2021-12-28 10:48:00,12/28/2021 10:48,STTD,2022,D,FALSE,CLD,Flood,1,8,0.14,337,500,7.59,8.84,75.7,5,Low,734447,731561,2886,2886,18.98732468,18.98732468,2,Lots of Azula,NA,Aquatic Insect,NA,NA,Ephydridae,NA,Larvae,1,0.053,0.053,NA,NA,1,SAMP,NA,NA,NA,NA,NA,NA,1   NA   NA   NA,SAMP   NA   NA   NA
STTD_2021-12-28 10:48:00,12/28/2021 10:48,STTD,2022,D,FALSE,CLD,Flood,1,8,0.14,337,500,7.59,8.84,75.7,5,Low,734447,731561,2886,2886,18.98732468,18.98732468,2,Lots of Azula,NA,Aquatic Insect,NA,NA,Ephydridae,NA,Pupae,1,0.053,0.053,NA,NA,1,SAMP,NA,NA,NA,NA,NA,NA,1   NA   NA   NA,SAMP   NA   NA   NA
STTD_2021-12-28 10:48:00,12/28/2021 10:48,STTD,2022,D,FALSE,CLD,Flood,1,8,0.14,337,500,7.59,8.84,75.7,5,Low,734447,731561,2886,2886,18.98732468,18.98732468,2,Lots of Azula,NA,Aquatic Insect,NA,NA,Tipulidae,NA,Larvae,33,1.738,1.738,NA,NA,1,SAMP,NA,NA,NA,NA,NA,NA,1   NA   NA   NA,SAMP   NA   NA   NA
STTD_2021-12-28 10:48:00,12/28/2021 10:48,STTD,2022,D,FALSE,CLD,Flood,1,8,0.14,337,500,7.59,8.84,75.7,5,Low,734447,731561,2886,2886,18.98732468,18.98732468,2,Lots of Azula,NA,Terrestrial Insect,NA,NA,Hemiptera,NA,Nymphs,3,0.158,0.158,NA,NA,1,SAMP,NA,NA,NA,NA,NA,NA,1   NA   NA   NA,SAMP   NA   NA   NA
STTD_2021-12-28 10:48:00,12/28/2021 10:48,STTD,2022,D,FALSE,CLD,Flood,1,8,0.14,337,500,7.59,8.84,75.7,5,Low,734447,731561,2886,2886,18.98732468,18.98732468,2,Lots of Azula,NA,Aquatic Insect,NA,NA,Corixidae,NA,Nymphs,5,0.263,0.263,NA,NA,1,SAMP,NA,NA,NA,NA,NA,NA,1   NA   NA   NA,SAMP   NA   NA   NA
STTD_2021-12-28 10:48:00,12/28/2021 10:48,STTD,2022,D,FALSE,CLD,Flood,1,8,0.14,337,500,7.59,8.84,75.7,5,Low,734447,731561,2886,2886,18.98732468,18.98732468,2,Lots of Azula,NA,Aquatic Insect,NA,NA,Corixidae,NA,Adults,4,0.211,0.211,NA,NA,1,SAMP,NA,NA,NA,NA,NA,NA,1   NA   NA   NA,SAMP   NA   NA   NA
STTD_2021-12-28 10:48:00,12/28/2021 10:48,STTD,2022,D,FALSE,CLD,Flood,1,8,0.14,337,500,7.59,8.84,75.7,5,Low,734447,731561,2886,2886,18.98732468,18.98732468,2,Lots of Azula,NA,Terrestrial Insect,NA,NA,Hymenoptera,NA,Adults,1,0.053,0.053,NA,NA,1,SAMP,NA,NA,NA,NA,NA,NA,1   NA   NA   NA,SAMP   NA   NA   NA
STTD_2021-12-28 10:48:00,12/28/2021 10:48,STTD,2022,D,FALSE,CLD,Flood,1,8,0.14,337,500,7.59,8.84,75.7,5,Low,734447,731561,2886,2886,18.98732468,18.98732468,2,Lots of Azula,NA,Aquatic Non-Insect,NA,NA,Crangonyctidae,NA,NA,1,0.053,0.053,NA,NA,1,SAMP,NA,NA,NA,NA,NA,NA,1   NA   NA   NA,SAMP   NA   NA   NA
STTD_2022-01-10 10:54:00,1/10/2022 10:54,STTD,2022,D,FALSE,CLR,Flood,1,9.9,0.33,475,662,7.6,7.98,17.9,5,Low,731057,729767,1290,1290,8.487057807,8.487057807,1,NA,NA,Aquatic Non-Insect,NA,NA,Naididae,NA,NA,1,0.118,0.118,NA,NA,NA,NA,NA,NA,NA,NA,NA,NA,NA   NA   NA   NA,NA   NA   NA   NA
STTD_2022-01-10 10:54:00,1/10/2022 10:54,STTD,2022,D,FALSE,CLR,Flood,1,9.9,0.33,475,662,7.6,7.98,17.9,5,Low,731057,729767,1290,1290,8.487057807,8.487057807,1,NA,NA,Aquatic Non-Insect,NA,NA,Physidae,NA,NA,1,0.118,0.118,NA,NA,NA,NA,NA,NA,NA,NA,NA,NA,NA   NA   NA   NA,NA   NA   NA   NA
STTD_2022-01-10 10:54:00,1/10/2022 10:54,STTD,2022,D,FALSE,CLR,Flood,1,9.9,0.33,475,662,7.6,7.98,17.9,5,Low,731057,729767,1290,1290,8.487057807,8.487057807,1,NA,NA,Aquatic Non-Insect,NA,NA,Planorbidae,NA,NA,5,0.589,0.589,NA,NA,NA,NA,NA,NA,NA,NA,NA,NA,NA   NA   NA   NA,NA   NA   NA   NA
STTD_2022-01-10 10:54:00,1/10/2022 10:54,STTD,2022,D,FALSE,CLR,Flood,1,9.9,0.33,475,662,7.6,7.98,17.9,5,Low,731057,729767,1290,1290,8.487057807,8.487057807,1,NA,NA,Aquatic Non-Insect,NA,NA,Hydridae,NA,NA,1,0.118,0.118,NA,NA,NA,NA,NA,NA,NA,NA,NA,NA,NA   NA   NA   NA,NA   NA   NA   NA
STTD_2022-01-10 10:54:00,1/10/2022 10:54,STTD,2022,D,FALSE,CLR,Flood,1,9.9,0.33,475,662,7.6,7.98,17.9,5,Low,731057,729767,1290,1290,8.487057807,8.487057807,1,NA,NA,Terrestrial Insect,NA,NA,Coleoptera,NA,Larvae,1,0.118,0.118,NA,NA,NA,NA,NA,NA,NA,NA,NA,NA,NA   NA   NA   NA,NA   NA   NA   NA
STTD_2022-01-10 10:54:00,1/10/2022 10:54,STTD,2022,D,FALSE,CLR,Flood,1,9.9,0.33,475,662,7.6,7.98,17.9,5,Low,731057,729767,1290,1290,8.487057807,8.487057807,1,NA,NA,Terrestrial Insect,NA,NA,Coleoptera,NA,Adults,3,0.353,0.353,NA,NA,NA,NA,NA,NA,NA,NA,NA,NA,NA   NA   NA   NA,NA   NA   NA   NA
STTD_2022-01-10 10:54:00,1/10/2022 10:54,STTD,2022,D,FALSE,CLR,Flood,1,9.9,0.33,475,662,7.6,7.98,17.9,5,Low,731057,729767,1290,1290,8.487057807,8.487057807,1,NA,NA,Terrestrial Non-Insect,NA,NA,Collembola,NA,Larvae,11,1.296,1.296,NA,NA,NA,NA,NA,NA,NA,NA,NA,NA,NA   NA   NA   NA,NA   NA   NA   NA
STTD_2022-01-10 10:54:00,1/10/2022 10:54,STTD,2022,D,FALSE,CLR,Flood,1,9.9,0.33,475,662,7.6,7.98,17.9,5,Low,731057,729767,1290,1290,8.487057807,8.487057807,1,NA,NA,Aquatic Insect,NA,NA,Chironomidae,NA,Larvae,7,0.825,0.825,NA,NA,NA,NA,NA,NA,NA,NA,NA,NA,NA   NA   NA   NA,NA   NA   NA   NA
STTD_2022-01-10 10:54:00,1/10/2022 10:54,STTD,2022,D,FALSE,CLR,Flood,1,9.9,0.33,475,662,7.6,7.98,17.9,5,Low,731057,729767,1290,1290,8.487057807,8.487057807,1,NA,NA,Aquatic Insect,NA,NA,Chironomidae,NA,Pupae,1,0.118,0.118,NA,NA,NA,NA,NA,NA,NA,NA,NA,NA,NA   NA   NA   NA,NA   NA   NA   NA
STTD_2022-01-10 10:54:00,1/10/2022 10:54,STTD,2022,D,FALSE,CLR,Flood,1,9.9,0.33,475,662,7.6,7.98,17.9,5,Low,731057,729767,1290,1290,8.487057807,8.487057807,1,NA,NA,Aquatic Insect,NA,NA,Chironomidae,NA,Adults,5,0.589,0.589,NA,NA,NA,NA,NA,NA,NA,NA,NA,NA,NA   NA   NA   NA,NA   NA   NA   NA
STTD_2022-01-10 10:54:00,1/10/2022 10:54,STTD,2022,D,FALSE,CLR,Flood,1,9.9,0.33,475,662,7.6,7.98,17.9,5,Low,731057,729767,1290,1290,8.487057807,8.487057807,1,NA,NA,Aquatic Insect,NA,NA,Ephydridae,NA,Larvae,1,0.118,0.118,NA,NA,NA,NA,NA,NA,NA,NA,NA,NA,NA   NA   NA   NA,NA   NA   NA   NA
STTD_2022-01-10 10:54:00,1/10/2022 10:54,STTD,2022,D,FALSE,CLR,Flood,1,9.9,0.33,475,662,7.6,7.98,17.9,5,Low,731057,729767,1290,1290,8.487057807,8.487057807,1,NA,NA,Aquatic Insect,NA,NA,Tipulidae,NA,Larvae,3,0.353,0.353,NA,NA,NA,NA,NA,NA,NA,NA,NA,NA,NA   NA   NA   NA,NA   NA   NA   NA
STTD_2022-01-10 10:54:00,1/10/2022 10:54,STTD,2022,D,FALSE,CLR,Flood,1,9.9,0.33,475,662,7.6,7.98,17.9,5,Low,731057,729767,1290,1290,8.487057807,8.487057807,1,NA,NA,Terrestrial Insect,NA,NA,Hemiptera,NA,Adults,1,0.118,0.118,NA,NA,NA,NA,NA,NA,NA,NA,NA,NA,NA   NA   NA   NA,NA   NA   NA   NA
STTD_2022-01-10 10:54:00,1/10/2022 10:54,STTD,2022,D,FALSE,CLR,Flood,1,9.9,0.33,475,662,7.6,7.98,17.9,5,Low,731057,729767,1290,1290,8.487057807,8.487057807,1,NA,NA,Aquatic Insect,NA,NA,Corixidae,NA,Adults,1,0.118,0.118,NA,NA,NA,NA,NA,NA,NA,NA,NA,NA,NA   NA   NA   NA,NA   NA   NA   NA
STTD_2022-01-10 10:54:00,1/10/2022 10:54,STTD,2022,D,FALSE,CLR,Flood,1,9.9,0.33,475,662,7.6,7.98,17.9,5,Low,731057,729767,1290,1290,8.487057807,8.487057807,1,NA,NA,Terrestrial Insect,NA,NA,Hymenoptera,NA,Adults,4,0.471,0.471,NA,NA,NA,NA,NA,NA,NA,NA,NA,NA,NA   NA   NA   NA,NA   NA   NA   NA
STTD_2022-01-10 10:54:00,1/10/2022 10:54,STTD,2022,D,FALSE,CLR,Flood,1,9.9,0.33,475,662,7.6,7.98,17.9,5,Low,731057,729767,1290,1290,8.487057807,8.487057807,1,NA,lost,Terrestrial Insect,NA,NA,Thysanoptera,NA,Nymphs,1,0.118,0.118,NA,NA,NA,NA,NA,NA,NA,NA,NA,NA,NA   NA   NA   NA,NA   NA   NA   NA
STTD_2022-01-10 10:54:00,1/10/2022 10:54,STTD,2022,D,FALSE,CLR,Flood,1,9.9,0.33,475,662,7.6,7.98,17.9,5,Low,731057,729767,1290,1290,8.487057807,8.487057807,1,NA,NA,Terrestrial Insect,NA,NA,Thysanoptera,NA,Adults,1,0.118,0.118,NA,NA,NA,NA,NA,NA,NA,NA,NA,NA,NA   NA   NA   NA,NA   NA   NA   NA
STTD_2022-01-10 10:54:00,1/10/2022 10:54,STTD,2022,D,FALSE,CLR,Flood,1,9.9,0.33,475,662,7.6,7.98,17.9,5,Low,731057,729767,1290,1290,8.487057807,8.487057807,1,NA,NA,Aquatic Insect,NA,NA,Hydroptilidae,NA,Adults,2,0.236,0.236,NA,NA,NA,NA,NA,NA,NA,NA,NA,NA,NA   NA   NA   NA,NA   NA   NA   NA
STTD_2022-01-10 10:54:00,1/10/2022 10:54,STTD,2022,D,FALSE,CLR,Flood,1,9.9,0.33,475,662,7.6,7.98,17.9,5,Low,731057,729767,1290,1290,8.487057807,8.487057807,1,NA,NA,Aquatic Non-Insect,NA,NA,Hyalellidae,NA,NA,3,0.353,0.353,NA,NA,NA,NA,NA,NA,NA,NA,NA,NA,NA   NA   NA   NA,NA   NA   NA   NA
SHR_2022-01-11 09:14:00,1/11/2022 9:14,SHR,2022,D,FALSE,CLR,Up,1,9.3,0.47,118,169,7.47,10.95,16.8,5,Low,729502,724454,5048,5048,33.2113704,33.2113704,1,NA,NA,Terrestrial Non-Insect,NA,NA,Acari,NA,NA,3,0.09,0.09,NA,NA,NA,NA,NA,NA,NA,NA,NA,NA,NA   NA   NA   NA,NA   NA   NA   NA
SHR_2022-01-11 09:14:00,1/11/2022 9:14,SHR,2022,D,FALSE,CLR,Up,1,9.3,0.47,118,169,7.47,10.95,16.8,5,Low,729502,724454,5048,5048,33.2113704,33.2113704,1,NA,NA,Aquatic Non-Insect,NA,NA,Lebertiidae,NA,NA,14,0.422,0.422,NA,NA,NA,NA,NA,NA,NA,NA,NA,NA,NA   NA   NA   NA,NA   NA   NA   NA
SHR_2022-01-11 09:14:00,1/11/2022 9:14,SHR,2022,D,FALSE,CLR,Up,1,9.3,0.47,118,169,7.47,10.95,16.8,5,Low,729502,724454,5048,5048,33.2113704,33.2113704,1,NA,NA,Aquatic Non-Insect,NA,NA,Naididae,NA,NA,3,0.09,0.09,NA,NA,NA,NA,NA,NA,NA,NA,NA,NA,NA   NA   NA   NA,NA   NA   NA   NA
SHR_2022-01-11 09:14:00,1/11/2022 9:14,SHR,2022,D,FALSE,CLR,Up,1,9.3,0.47,118,169,7.47,10.95,16.8,5,Low,729502,724454,5048,5048,33.2113704,33.2113704,1,NA,NA,Terrestrial Insect,NA,NA,Coleoptera,NA,Adults,3,0.09,0.09,NA,NA,NA,NA,NA,NA,NA,NA,NA,NA,NA   NA   NA   NA,NA   NA   NA   NA
SHR_2022-01-11 09:14:00,1/11/2022 9:14,SHR,2022,D,FALSE,CLR,Up,1,9.3,0.47,118,169,7.47,10.95,16.8,5,Low,729502,724454,5048,5048,33.2113704,33.2113704,1,NA,NA,Terrestrial Non-Insect,NA,NA,Collembola,NA,Adults,4,0.12,0.12,NA,NA,NA,NA,NA,NA,NA,NA,NA,NA,NA   NA   NA   NA,NA   NA   NA   NA
SHR_2022-01-11 09:14:00,1/11/2022 9:14,SHR,2022,D,FALSE,CLR,Up,1,9.3,0.47,118,169,7.47,10.95,16.8,5,Low,729502,724454,5048,5048,33.2113704,33.2113704,1,NA,NA,Terrestrial Insect,NA,NA,Diptera,NA,Pupae,1,0.03,0.03,NA,NA,NA,NA,NA,NA,NA,NA,NA,NA,NA   NA   NA   NA,NA   NA   NA   NA
SHR_2022-01-11 09:14:00,1/11/2022 9:14,SHR,2022,D,FALSE,CLR,Up,1,9.3,0.47,118,169,7.47,10.95,16.8,5,Low,729502,724454,5048,5048,33.2113704,33.2113704,1,NA,NA,Terrestrial Insect,NA,NA,Diptera,NA,Adults,4,0.12,0.12,NA,NA,NA,NA,NA,NA,NA,NA,NA,NA,NA   NA   NA   NA,NA   NA   NA   NA
SHR_2022-01-11 09:14:00,1/11/2022 9:14,SHR,2022,D,FALSE,CLR,Up,1,9.3,0.47,118,169,7.47,10.95,16.8,5,Low,729502,724454,5048,5048,33.2113704,33.2113704,1,NA,NA,Aquatic Insect,NA,NA,Chironomidae,NA,Pupae,2,0.06,0.06,NA,NA,NA,NA,NA,NA,NA,NA,NA,NA,NA   NA   NA   NA,NA   NA   NA   NA
SHR_2022-01-11 09:14:00,1/11/2022 9:14,SHR,2022,D,FALSE,CLR,Up,1,9.3,0.47,118,169,7.47,10.95,16.8,5,Low,729502,724454,5048,5048,33.2113704,33.2113704,1,NA,NA,Aquatic Insect,NA,NA,Chironomidae,NA,Adults,46,1.385,1.385,NA,NA,NA,NA,NA,NA,NA,NA,NA,NA,NA   NA   NA   NA,NA   NA   NA   NA
SHR_2022-01-11 09:14:00,1/11/2022 9:14,SHR,2022,D,FALSE,CLR,Up,1,9.3,0.47,118,169,7.47,10.95,16.8,5,Low,729502,724454,5048,5048,33.2113704,33.2113704,1,NA,NA,Aquatic Insect,NA,NA,Psychodidae,NA,Adults,1,0.03,0.03,NA,NA,NA,NA,NA,NA,NA,NA,NA,NA,NA   NA   NA   NA,NA   NA   NA   NA
SHR_2022-01-11 09:14:00,1/11/2022 9:14,SHR,2022,D,FALSE,CLR,Up,1,9.3,0.47,118,169,7.47,10.95,16.8,5,Low,729502,724454,5048,5048,33.2113704,33.2113704,1,NA,NA,Aquatic Insect,NA,NA,Ephemeroptera,NA,Adults,2,0.06,0.06,NA,NA,NA,NA,NA,NA,NA,NA,NA,NA,NA   NA   NA   NA,NA   NA   NA   NA
SHR_2022-01-11 09:14:00,1/11/2022 9:14,SHR,2022,D,FALSE,CLR,Up,1,9.3,0.47,118,169,7.47,10.95,16.8,5,Low,729502,724454,5048,5048,33.2113704,33.2113704,1,NA,NA,Terrestrial Insect,NA,NA,Hemiptera,NA,Adults,4,0.12,0.12,NA,NA,NA,NA,NA,NA,NA,NA,NA,NA,NA   NA   NA   NA,NA   NA   NA   NA
SHR_2022-01-11 09:14:00,1/11/2022 9:14,SHR,2022,D,FALSE,CLR,Up,1,9.3,0.47,118,169,7.47,10.95,16.8,5,Low,729502,724454,5048,5048,33.2113704,33.2113704,1,NA,NA,Aquatic Insect,NA,NA,Corixidae,NA,Nymphs,1,0.03,0.03,NA,NA,NA,NA,NA,NA,NA,NA,NA,NA,NA   NA   NA   NA,NA   NA   NA   NA
SHR_2022-01-11 09:14:00,1/11/2022 9:14,SHR,2022,D,FALSE,CLR,Up,1,9.3,0.47,118,169,7.47,10.95,16.8,5,Low,729502,724454,5048,5048,33.2113704,33.2113704,1,NA,NA,Terrestrial Insect,NA,NA,Hymenoptera,NA,Adults,6,0.181,0.181,NA,NA,NA,NA,NA,NA,NA,NA,NA,NA,NA   NA   NA   NA,NA   NA   NA   NA
SHR_2022-01-11 09:14:00,1/11/2022 9:14,SHR,2022,D,FALSE,CLR,Up,1,9.3,0.47,118,169,7.47,10.95,16.8,5,Low,729502,724454,5048,5048,33.2113704,33.2113704,1,NA,NA,Terrestrial Insect,NA,NA,Psocoptera,NA,Adults,1,0.03,0.03,NA,NA,NA,NA,NA,NA,NA,NA,NA,NA,NA   NA   NA   NA,NA   NA   NA   NA
SHR_2022-01-11 09:14:00,1/11/2022 9:14,SHR,2022,D,FALSE,CLR,Up,1,9.3,0.47,118,169,7.47,10.95,16.8,5,Low,729502,724454,5048,5048,33.2113704,33.2113704,1,NA,NA,Aquatic Insect,NA,NA,Trichoptera,NA,Adults,1,0.03,0.03,NA,NA,NA,NA,NA,NA,NA,NA,NA,NA,NA   NA   NA   NA,NA   NA   NA   NA
SHR_2022-01-11 09:14:00,1/11/2022 9:14,SHR,2022,D,FALSE,CLR,Up,1,9.3,0.47,118,169,7.47,10.95,16.8,5,Low,729502,724454,5048,5048,33.2113704,33.2113704,1,NA,NA,Aquatic Non-Insect,NA,NA,Hyalellidae,NA,NA,10,0.301,0.301,NA,NA,NA,NA,NA,NA,NA,NA,NA,NA,NA   NA   NA   NA,NA   NA   NA   NA
STTD_2022-01-24 12:33:00,1/24/2022 12:33,STTD,2022,D,FALSE,CLR,Ebb,1,10.3,0.64,494,687,7.97,10.34,8.4,10,Low,724020,720225,3795,3795,24.96773983,24.96773983,2,A lot of veg,NA,Terrestrial Non-Insect,NA,NA,Acari,NA,NA,1,0.04,0.04,NA,NA,1,SAMP,NA,NA,NA,NA,NA,NA,1   NA   NA   NA,SAMP   NA   NA   NA
STTD_2022-01-24 12:33:00,1/24/2022 12:33,STTD,2022,D,FALSE,CLR,Ebb,1,10.3,0.64,494,687,7.97,10.34,8.4,10,Low,724020,720225,3795,3795,24.96773983,24.96773983,2,A lot of veg,NA,Terrestrial Non-Insect,NA,NA,Araneae,NA,NA,1,0.04,0.04,NA,NA,1,SAMP,NA,NA,NA,NA,NA,NA,1   NA   NA   NA,SAMP   NA   NA   NA
STTD_2022-01-24 12:33:00,1/24/2022 12:33,STTD,2022,D,FALSE,CLR,Ebb,1,10.3,0.64,494,687,7.97,10.34,8.4,10,Low,724020,720225,3795,3795,24.96773983,24.96773983,2,A lot of veg,NA,Aquatic Non-Insect,NA,NA,Lymnaeidae,NA,NA,3,0.12,0.12,NA,NA,1,SAMP,NA,NA,NA,NA,NA,NA,1   NA   NA   NA,SAMP   NA   NA   NA
STTD_2022-01-24 12:33:00,1/24/2022 12:33,STTD,2022,D,FALSE,CLR,Ebb,1,10.3,0.64,494,687,7.97,10.34,8.4,10,Low,724020,720225,3795,3795,24.96773983,24.96773983,2,A lot of veg,NA,Aquatic Insect,NA,NA,Physidae,NA,NA,3,0.12,0.12,NA,NA,1,SAMP,NA,NA,NA,NA,NA,NA,1   NA   NA   NA,SAMP   NA   NA   NA
STTD_2022-01-24 12:33:00,1/24/2022 12:33,STTD,2022,D,FALSE,CLR,Ebb,1,10.3,0.64,494,687,7.97,10.34,8.4,10,Low,724020,720225,3795,3795,24.96773983,24.96773983,2,A lot of veg,NA,Aquatic Non-Insect,NA,NA,Planorbidae,NA,NA,13,0.521,0.521,NA,NA,1,SAMP,NA,NA,NA,NA,NA,NA,1   NA   NA   NA,SAMP   NA   NA   NA
STTD_2022-01-24 12:33:00,1/24/2022 12:33,STTD,2022,D,FALSE,CLR,Ebb,1,10.3,0.64,494,687,7.97,10.34,8.4,10,Low,724020,720225,3795,3795,24.96773983,24.96773983,2,A lot of veg,NA,Aquatic Non-Insect,NA,NA,Amnicolidae,NA,NA,2,0.08,0.08,NA,NA,1,SAMP,NA,NA,NA,NA,NA,NA,1   NA   NA   NA,SAMP   NA   NA   NA
STTD_2022-01-24 12:33:00,1/24/2022 12:33,STTD,2022,D,FALSE,CLR,Ebb,1,10.3,0.64,494,687,7.97,10.34,8.4,10,Low,724020,720225,3795,3795,24.96773983,24.96773983,2,A lot of veg,NA,Terrestrial Insect,NA,NA,Coleoptera,NA,Larvae,4,0.16,0.16,NA,NA,1,SAMP,NA,NA,NA,NA,NA,NA,1   NA   NA   NA,SAMP   NA   NA   NA
STTD_2022-01-24 12:33:00,1/24/2022 12:33,STTD,2022,D,FALSE,CLR,Ebb,1,10.3,0.64,494,687,7.97,10.34,8.4,10,Low,724020,720225,3795,3795,24.96773983,24.96773983,2,A lot of veg,NA,Terrestrial Insect,NA,NA,Coleoptera,NA,Pupae,1,0.04,0.04,NA,NA,1,SAMP,NA,NA,NA,NA,NA,NA,1   NA   NA   NA,SAMP   NA   NA   NA
STTD_2022-01-24 12:33:00,1/24/2022 12:33,STTD,2022,D,FALSE,CLR,Ebb,1,10.3,0.64,494,687,7.97,10.34,8.4,10,Low,724020,720225,3795,3795,24.96773983,24.96773983,2,A lot of veg,NA,Terrestrial Insect,NA,NA,Coleoptera,NA,Adults,6,0.24,0.24,NA,NA,1,SAMP,NA,NA,NA,NA,NA,NA,1   NA   NA   NA,SAMP   NA   NA   NA
STTD_2022-01-24 12:33:00,1/24/2022 12:33,STTD,2022,D,FALSE,CLR,Ebb,1,10.3,0.64,494,687,7.97,10.34,8.4,10,Low,724020,720225,3795,3795,24.96773983,24.96773983,2,A lot of veg,NA,Terrestrial Non-Insect,NA,NA,Collembola,NA,Adults,207,8.291,8.291,NA,NA,1,SAMP,NA,NA,NA,NA,NA,NA,1   NA   NA   NA,SAMP   NA   NA   NA
STTD_2022-01-24 12:33:00,1/24/2022 12:33,STTD,2022,D,FALSE,CLR,Ebb,1,10.3,0.64,494,687,7.97,10.34,8.4,10,Low,724020,720225,3795,3795,24.96773983,24.96773983,2,A lot of veg,NA,Terrestrial Insect,NA,NA,Diptera,NA,Larvae,1,0.04,0.04,NA,NA,1,SAMP,NA,NA,NA,NA,NA,NA,1   NA   NA   NA,SAMP   NA   NA   NA
STTD_2022-01-24 12:33:00,1/24/2022 12:33,STTD,2022,D,FALSE,CLR,Ebb,1,10.3,0.64,494,687,7.97,10.34,8.4,10,Low,724020,720225,3795,3795,24.96773983,24.96773983,2,A lot of veg,NA,Terrestrial Insect,NA,NA,Diptera,NA,Adults,12,0.481,0.481,NA,NA,1,SAMP,NA,NA,NA,NA,NA,NA,1   NA   NA   NA,SAMP   NA   NA   NA
STTD_2022-01-24 12:33:00,1/24/2022 12:33,STTD,2022,D,FALSE,CLR,Ebb,1,10.3,0.64,494,687,7.97,10.34,8.4,10,Low,724020,720225,3795,3795,24.96773983,24.96773983,2,A lot of veg,NA,Aquatic Insect,NA,NA,Ceratopogonidae,NA,Larvae,1,0.04,0.04,NA,NA,1,SAMP,NA,NA,NA,NA,NA,NA,1   NA   NA   NA,SAMP   NA   NA   NA
STTD_2022-01-24 12:33:00,1/24/2022 12:33,STTD,2022,D,FALSE,CLR,Ebb,1,10.3,0.64,494,687,7.97,10.34,8.4,10,Low,724020,720225,3795,3795,24.96773983,24.96773983,2,A lot of veg,NA,Aquatic Insect,NA,NA,Chaoboridae,NA,Larvae,2,0.08,0.08,NA,NA,1,SAMP,NA,NA,NA,NA,NA,NA,1   NA   NA   NA,SAMP   NA   NA   NA
STTD_2022-01-24 12:33:00,1/24/2022 12:33,STTD,2022,D,FALSE,CLR,Ebb,1,10.3,0.64,494,687,7.97,10.34,8.4,10,Low,724020,720225,3795,3795,24.96773983,24.96773983,2,A lot of veg,NA,Aquatic Insect,NA,NA,Chironomidae,NA,Larvae,7,0.28,0.28,NA,NA,1,SAMP,NA,NA,NA,NA,NA,NA,1   NA   NA   NA,SAMP   NA   NA   NA
STTD_2022-01-24 12:33:00,1/24/2022 12:33,STTD,2022,D,FALSE,CLR,Ebb,1,10.3,0.64,494,687,7.97,10.34,8.4,10,Low,724020,720225,3795,3795,24.96773983,24.96773983,2,A lot of veg,NA,Aquatic Insect,NA,NA,Chironomidae,NA,Pupae,6,0.24,0.24,NA,NA,1,SAMP,NA,NA,NA,NA,NA,NA,1   NA   NA   NA,SAMP   NA   NA   NA
STTD_2022-01-24 12:33:00,1/24/2022 12:33,STTD,2022,D,FALSE,CLR,Ebb,1,10.3,0.64,494,687,7.97,10.34,8.4,10,Low,724020,720225,3795,3795,24.96773983,24.96773983,2,A lot of veg,NA,Aquatic Insect,NA,NA,Chironomidae,NA,Adults,38,1.522,1.522,NA,NA,1,SAMP,NA,NA,NA,NA,NA,NA,1   NA   NA   NA,SAMP   NA   NA   NA
STTD_2022-01-24 12:33:00,1/24/2022 12:33,STTD,2022,D,FALSE,CLR,Ebb,1,10.3,0.64,494,687,7.97,10.34,8.4,10,Low,724020,720225,3795,3795,24.96773983,24.96773983,2,A lot of veg,NA,Aquatic Insect,NA,NA,Psychodidae,NA,Adults,2,0.08,0.08,NA,NA,1,SAMP,NA,NA,NA,NA,NA,NA,1   NA   NA   NA,SAMP   NA   NA   NA
STTD_2022-01-24 12:33:00,1/24/2022 12:33,STTD,2022,D,FALSE,CLR,Ebb,1,10.3,0.64,494,687,7.97,10.34,8.4,10,Low,724020,720225,3795,3795,24.96773983,24.96773983,2,A lot of veg,NA,Aquatic Insect,NA,NA,Tipulidae,NA,Larvae,10,0.401,0.401,NA,NA,1,SAMP,NA,NA,NA,NA,NA,NA,1   NA   NA   NA,SAMP   NA   NA   NA
STTD_2022-01-24 12:33:00,1/24/2022 12:33,STTD,2022,D,FALSE,CLR,Ebb,1,10.3,0.64,494,687,7.97,10.34,8.4,10,Low,724020,720225,3795,3795,24.96773983,24.96773983,2,A lot of veg,NA,Aquatic Insect,NA,NA,Tipulidae,NA,Pupae,3,0.12,0.12,NA,NA,1,SAMP,NA,NA,NA,NA,NA,NA,1   NA   NA   NA,SAMP   NA   NA   NA
STTD_2022-01-24 12:33:00,1/24/2022 12:33,STTD,2022,D,FALSE,CLR,Ebb,1,10.3,0.64,494,687,7.97,10.34,8.4,10,Low,724020,720225,3795,3795,24.96773983,24.96773983,2,A lot of veg,NA,Terrestrial Insect,NA,NA,Hemiptera,NA,Nymphs,2,0.08,0.08,NA,NA,1,SAMP,NA,NA,NA,NA,NA,NA,1   NA   NA   NA,SAMP   NA   NA   NA
STTD_2022-01-24 12:33:00,1/24/2022 12:33,STTD,2022,D,FALSE,CLR,Ebb,1,10.3,0.64,494,687,7.97,10.34,8.4,10,Low,724020,720225,3795,3795,24.96773983,24.96773983,2,A lot of veg,NA,Terrestrial Insect,NA,NA,Hemiptera,NA,Adults,5,0.2,0.2,NA,NA,1,SAMP,NA,NA,NA,NA,NA,NA,1   NA   NA   NA,SAMP   NA   NA   NA
STTD_2022-01-24 12:33:00,1/24/2022 12:33,STTD,2022,D,FALSE,CLR,Ebb,1,10.3,0.64,494,687,7.97,10.34,8.4,10,Low,724020,720225,3795,3795,24.96773983,24.96773983,2,A lot of veg,NA,Aquatic Insect,NA,NA,Corixidae,NA,Adults,1,0.04,0.04,NA,NA,1,SAMP,NA,NA,NA,NA,NA,NA,1   NA   NA   NA,SAMP   NA   NA   NA
STTD_2022-01-24 12:33:00,1/24/2022 12:33,STTD,2022,D,FALSE,CLR,Ebb,1,10.3,0.64,494,687,7.97,10.34,8.4,10,Low,724020,720225,3795,3795,24.96773983,24.96773983,2,A lot of veg,NA,Terrestrial Insect,NA,NA,Hymenoptera,NA,Adults,9,0.36,0.36,NA,NA,1,SAMP,NA,NA,NA,NA,NA,NA,1   NA   NA   NA,SAMP   NA   NA   NA
STTD_2022-01-24 12:33:00,1/24/2022 12:33,STTD,2022,D,FALSE,CLR,Ebb,1,10.3,0.64,494,687,7.97,10.34,8.4,10,Low,724020,720225,3795,3795,24.96773983,24.96773983,2,A lot of veg,NA,Unknown (Insect),NA,NA,Lepidoptera,NA,Larvae,1,0.04,0.04,NA,NA,1,SAMP,NA,NA,NA,NA,NA,NA,1   NA   NA   NA,SAMP   NA   NA   NA
STTD_2022-01-24 12:33:00,1/24/2022 12:33,STTD,2022,D,FALSE,CLR,Ebb,1,10.3,0.64,494,687,7.97,10.34,8.4,10,Low,724020,720225,3795,3795,24.96773983,24.96773983,2,A lot of veg,NA,Aquatic Insect,NA,NA,Coenagrionidae,NA,Nymphs,7,0.28,0.28,NA,NA,1,SAMP,NA,NA,NA,NA,NA,NA,1   NA   NA   NA,SAMP   NA   NA   NA
STTD_2022-01-24 12:33:00,1/24/2022 12:33,STTD,2022,D,FALSE,CLR,Ebb,1,10.3,0.64,494,687,7.97,10.34,8.4,10,Low,724020,720225,3795,3795,24.96773983,24.96773983,2,A lot of veg,NA,Aquatic Non-Insect,NA,NA,Corophiidae,NA,NA,1,0.04,0.04,NA,NA,1,SAMP,NA,NA,NA,NA,NA,NA,1   NA   NA   NA,SAMP   NA   NA   NA
STTD_2022-01-24 12:33:00,1/24/2022 12:33,STTD,2022,D,FALSE,CLR,Ebb,1,10.3,0.64,494,687,7.97,10.34,8.4,10,Low,724020,720225,3795,3795,24.96773983,24.96773983,2,A lot of veg,NA,Aquatic Non-Insect,NA,NA,Hyalellidae,NA,NA,33,1.322,1.322,NA,NA,1,SAMP,NA,NA,NA,NA,NA,NA,1   NA   NA   NA,SAMP   NA   NA   NA
STTD_2022-01-24 12:33:00,1/24/2022 12:33,STTD,2022,D,FALSE,CLR,Ebb,1,10.3,0.64,494,687,7.97,10.34,8.4,10,Low,724020,720225,3795,3795,24.96773983,24.96773983,2,A lot of veg,NA,Aquatic Non-Insect,NA,NA,Ostracoda,NA,NA,12,0.481,0.481,NA,NA,1,SAMP,NA,NA,NA,NA,NA,NA,1   NA   NA   NA,SAMP   NA   NA   NA
SHR_2022-01-25 09:28:00,1/25/2022 9:28,SHR,2022,D,FALSE,CLR,Flood,1,9.3,1.6,121,172,7.68,11.31,5.1,5,Low,718350,713547,4803,4803,31.59948732,31.59948732,1,NA,NA,Aquatic Non-Insect,NA,NA,Lebertiidae,NA,NA,1,0.032,0.032,NA,NA,NA,NA,1,LAB,NA,NA,NA,NA,NA   1   NA   NA,NA   LAB   NA   NA
SHR_2022-01-25 09:28:00,1/25/2022 9:28,SHR,2022,D,FALSE,CLR,Flood,1,9.3,1.6,121,172,7.68,11.31,5.1,5,Low,718350,713547,4803,4803,31.59948732,31.59948732,1,NA,RC #1,Aquatic Non-Insect,NA,NA,Naididae,NA,NA,1,0.032,0.032,NA,NA,NA,NA,1,LAB,NA,NA,NA,NA,NA   1   NA   NA,NA   LAB   NA   NA
SHR_2022-01-25 09:28:00,1/25/2022 9:28,SHR,2022,D,FALSE,CLR,Flood,1,9.3,1.6,121,172,7.68,11.31,5.1,5,Low,718350,713547,4803,4803,31.59948732,31.59948732,1,NA,NA,Aquatic Insect,NA,NA,Chironomidae,NA,Adults,1,0.032,0.032,NA,NA,NA,NA,1,LAB,NA,NA,NA,NA,NA   1   NA   NA,NA   LAB   NA   NA
SHR_2022-01-25 09:28:00,1/25/2022 9:28,SHR,2022,D,FALSE,CLR,Flood,1,9.3,1.6,121,172,7.68,11.31,5.1,5,Low,718350,713547,4803,4803,31.59948732,31.59948732,1,NA,NA,Terrestrial Insect,NA,NA,Hemiptera,NA,Adults,1,0.032,0.032,NA,NA,NA,NA,1,LAB,NA,NA,NA,NA,NA   1   NA   NA,NA   LAB   NA   NA
STTD_2022-02-07 10:17:00,2/7/2022 10:17,STTD,2022,D,FALSE,CLR,Flood,1,10.1,0.7,482,671,8.31,12.82,11.2,10,Low,713421,708067,5354,5354,35.22457946,35.22457946,1,NA,NA,Aquatic Non-Insect,NA,NA,Physidae,NA,NA,2,0.057,0.057,2,DO,NA,NA,NA,NA,NA,NA,NA,NA,NA   NA   NA   NA,NA   NA   NA   NA
STTD_2022-02-07 10:17:00,2/7/2022 10:17,STTD,2022,D,FALSE,CLR,Flood,1,10.1,0.7,482,671,8.31,12.82,11.2,10,Low,713421,708067,5354,5354,35.22457946,35.22457946,1,NA,NA,Aquatic Non-Insect,NA,NA,Planorbidae,NA,NA,8,0.227,0.227,2,DO,NA,NA,NA,NA,NA,NA,NA,NA,NA   NA   NA   NA,NA   NA   NA   NA
STTD_2022-02-07 10:17:00,2/7/2022 10:17,STTD,2022,D,FALSE,CLR,Flood,1,10.1,0.7,482,671,8.31,12.82,11.2,10,Low,713421,708067,5354,5354,35.22457946,35.22457946,1,NA,NA,Terrestrial Insect,NA,NA,Coleoptera,NA,Larvae,1,0.028,0.028,2,DO,NA,NA,NA,NA,NA,NA,NA,NA,NA   NA   NA   NA,NA   NA   NA   NA
STTD_2022-02-07 10:17:00,2/7/2022 10:17,STTD,2022,D,FALSE,CLR,Flood,1,10.1,0.7,482,671,8.31,12.82,11.2,10,Low,713421,708067,5354,5354,35.22457946,35.22457946,1,NA,NA,Terrestrial Insect,NA,NA,Coleoptera,NA,Adults,2,0.057,0.057,2,DO,NA,NA,NA,NA,NA,NA,NA,NA,NA   NA   NA   NA,NA   NA   NA   NA
STTD_2022-02-07 10:17:00,2/7/2022 10:17,STTD,2022,D,FALSE,CLR,Flood,1,10.1,0.7,482,671,8.31,12.82,11.2,10,Low,713421,708067,5354,5354,35.22457946,35.22457946,1,NA,NA,Terrestrial Non-Insect,NA,NA,Collembola,NA,Larvae,18,0.511,0.511,2,DO,NA,NA,NA,NA,NA,NA,NA,NA,NA   NA   NA   NA,NA   NA   NA   NA
STTD_2022-02-07 10:17:00,2/7/2022 10:17,STTD,2022,D,FALSE,CLR,Flood,1,10.1,0.7,482,671,8.31,12.82,11.2,10,Low,713421,708067,5354,5354,35.22457946,35.22457946,1,NA,NA,Terrestrial Insect,NA,NA,Diptera,NA,Pupae,1,0.028,0.028,2,DO,NA,NA,NA,NA,NA,NA,NA,NA,NA   NA   NA   NA,NA   NA   NA   NA
STTD_2022-02-07 10:17:00,2/7/2022 10:17,STTD,2022,D,FALSE,CLR,Flood,1,10.1,0.7,482,671,8.31,12.82,11.2,10,Low,713421,708067,5354,5354,35.22457946,35.22457946,1,NA,NA,Terrestrial Insect,NA,NA,Diptera,NA,Adults,2,0.057,0.057,2,DO,NA,NA,NA,NA,NA,NA,NA,NA,NA   NA   NA   NA,NA   NA   NA   NA
STTD_2022-02-07 10:17:00,2/7/2022 10:17,STTD,2022,D,FALSE,CLR,Flood,1,10.1,0.7,482,671,8.31,12.82,11.2,10,Low,713421,708067,5354,5354,35.22457946,35.22457946,1,NA,NA,Aquatic Insect,NA,NA,Chironomidae,NA,Pupae,1,0.028,0.028,2,DO,NA,NA,NA,NA,NA,NA,NA,NA,NA   NA   NA   NA,NA   NA   NA   NA
STTD_2022-02-07 10:17:00,2/7/2022 10:17,STTD,2022,D,FALSE,CLR,Flood,1,10.1,0.7,482,671,8.31,12.82,11.2,10,Low,713421,708067,5354,5354,35.22457946,35.22457946,1,NA,NA,Aquatic Insect,NA,NA,Chironomidae,NA,Adults,45,1.278,1.278,2,DO,NA,NA,NA,NA,NA,NA,NA,NA,NA   NA   NA   NA,NA   NA   NA   NA
STTD_2022-02-07 10:17:00,2/7/2022 10:17,STTD,2022,D,FALSE,CLR,Flood,1,10.1,0.7,482,671,8.31,12.82,11.2,10,Low,713421,708067,5354,5354,35.22457946,35.22457946,1,NA,NA,Aquatic Insect,NA,NA,Psychodidae,NA,Adults,2,0.057,0.057,2,DO,NA,NA,NA,NA,NA,NA,NA,NA,NA   NA   NA   NA,NA   NA   NA   NA
STTD_2022-02-07 10:17:00,2/7/2022 10:17,STTD,2022,D,FALSE,CLR,Flood,1,10.1,0.7,482,671,8.31,12.82,11.2,10,Low,713421,708067,5354,5354,35.22457946,35.22457946,1,NA,NA,Aquatic Insect,NA,NA,Tipulidae,NA,Larvae,1,0.028,0.028,2,DO,NA,NA,NA,NA,NA,NA,NA,NA,NA   NA   NA   NA,NA   NA   NA   NA
STTD_2022-02-07 10:17:00,2/7/2022 10:17,STTD,2022,D,FALSE,CLR,Flood,1,10.1,0.7,482,671,8.31,12.82,11.2,10,Low,713421,708067,5354,5354,35.22457946,35.22457946,1,NA,NA,Terrestrial Insect,NA,NA,Hemiptera,NA,Adults,4,0.114,0.114,2,DO,NA,NA,NA,NA,NA,NA,NA,NA,NA   NA   NA   NA,NA   NA   NA   NA
STTD_2022-02-07 10:17:00,2/7/2022 10:17,STTD,2022,D,FALSE,CLR,Flood,1,10.1,0.7,482,671,8.31,12.82,11.2,10,Low,713421,708067,5354,5354,35.22457946,35.22457946,1,NA,NA,Aquatic Insect,NA,NA,Corixidae,NA,Nymphs,1,0.028,0.028,2,DO,NA,NA,NA,NA,NA,NA,NA,NA,NA   NA   NA   NA,NA   NA   NA   NA
STTD_2022-02-07 10:17:00,2/7/2022 10:17,STTD,2022,D,FALSE,CLR,Flood,1,10.1,0.7,482,671,8.31,12.82,11.2,10,Low,713421,708067,5354,5354,35.22457946,35.22457946,1,NA,NA,Terrestrial Insect,NA,NA,Hymenoptera,NA,Adults,2,0.057,0.057,2,DO,NA,NA,NA,NA,NA,NA,NA,NA,NA   NA   NA   NA,NA   NA   NA   NA
STTD_2022-02-07 10:17:00,2/7/2022 10:17,STTD,2022,D,FALSE,CLR,Flood,1,10.1,0.7,482,671,8.31,12.82,11.2,10,Low,713421,708067,5354,5354,35.22457946,35.22457946,1,NA,NA,Unknown (Insect),NA,NA,Lepidoptera,NA,Larvae,1,0.028,0.028,2,DO,NA,NA,NA,NA,NA,NA,NA,NA,NA   NA   NA   NA,NA   NA   NA   NA
STTD_2022-02-07 10:17:00,2/7/2022 10:17,STTD,2022,D,FALSE,CLR,Flood,1,10.1,0.7,482,671,8.31,12.82,11.2,10,Low,713421,708067,5354,5354,35.22457946,35.22457946,1,NA,NA,Terrestrial Insect,NA,NA,Thysanoptera,NA,Adults,1,0.028,0.028,2,DO,NA,NA,NA,NA,NA,NA,NA,NA,NA   NA   NA   NA,NA   NA   NA   NA
STTD_2022-02-07 10:17:00,2/7/2022 10:17,STTD,2022,D,FALSE,CLR,Flood,1,10.1,0.7,482,671,8.31,12.82,11.2,10,Low,713421,708067,5354,5354,35.22457946,35.22457946,1,NA,NA,Aquatic Insect,NA,NA,Hydroptilidae,NA,Larvae,3,0.085,0.085,2,DO,NA,NA,NA,NA,NA,NA,NA,NA,NA   NA   NA   NA,NA   NA   NA   NA
STTD_2022-02-07 10:17:00,2/7/2022 10:17,STTD,2022,D,FALSE,CLR,Flood,1,10.1,0.7,482,671,8.31,12.82,11.2,10,Low,713421,708067,5354,5354,35.22457946,35.22457946,1,NA,NA,Aquatic Non-Insect,NA,NA,Hyalellidae,NA,NA,13,0.369,0.369,2,DO,NA,NA,NA,NA,NA,NA,NA,NA,NA   NA   NA   NA,NA   NA   NA   NA
SHR_2022-02-08 09:38:00,2/8/2022 9:38,SHR,2022,D,FALSE,CLR,Flood,1,9.9,1.34,115,161,7.86,11.42,7.2,5,Low,708021,703484,4537,4537,29.84944285,29.84944285,1,Towed from Port side sue to USFWS tow going concurently,NA,Terrestrial Non-Insect,NA,NA,Araneae,NA,NA,3,0.101,0.101,NA,NA,1,SAMP,NA,NA,NA,NA,NA,NA,1   NA   NA   NA,SAMP   NA   NA   NA
SHR_2022-02-08 09:38:00,2/8/2022 9:38,SHR,2022,D,FALSE,CLR,Flood,1,9.9,1.34,115,161,7.86,11.42,7.2,5,Low,708021,703484,4537,4537,29.84944285,29.84944285,1,Towed from Port side sue to USFWS tow going concurently,NA,Aquatic Non-Insect,NA,NA,Naididae,NA,NA,1,0.034,0.034,NA,NA,1,SAMP,NA,NA,NA,NA,NA,NA,1   NA   NA   NA,SAMP   NA   NA   NA
SHR_2022-02-08 09:38:00,2/8/2022 9:38,SHR,2022,D,FALSE,CLR,Flood,1,9.9,1.34,115,161,7.86,11.42,7.2,5,Low,708021,703484,4537,4537,29.84944285,29.84944285,1,Towed from Port side sue to USFWS tow going concurently,NA,Terrestrial Insect,NA,NA,Coleoptera,NA,Adults,5,0.168,0.168,NA,NA,1,SAMP,NA,NA,NA,NA,NA,NA,1   NA   NA   NA,SAMP   NA   NA   NA
SHR_2022-02-08 09:38:00,2/8/2022 9:38,SHR,2022,D,FALSE,CLR,Flood,1,9.9,1.34,115,161,7.86,11.42,7.2,5,Low,708021,703484,4537,4537,29.84944285,29.84944285,1,Towed from Port side sue to USFWS tow going concurently,NA,Aquatic Insect,NA,NA,Dytiscidae,NA,Adults,4,0.134,0.134,NA,NA,1,SAMP,NA,NA,NA,NA,NA,NA,1   NA   NA   NA,SAMP   NA   NA   NA
SHR_2022-02-08 09:38:00,2/8/2022 9:38,SHR,2022,D,FALSE,CLR,Flood,1,9.9,1.34,115,161,7.86,11.42,7.2,5,Low,708021,703484,4537,4537,29.84944285,29.84944285,1,Towed from Port side sue to USFWS tow going concurently,NA,Aquatic Insect,NA,NA,Hydraenidae,NA,Adults,2,0.067,0.067,NA,NA,1,SAMP,NA,NA,NA,NA,NA,NA,1   NA   NA   NA,SAMP   NA   NA   NA
SHR_2022-02-08 09:38:00,2/8/2022 9:38,SHR,2022,D,FALSE,CLR,Flood,1,9.9,1.34,115,161,7.86,11.42,7.2,5,Low,708021,703484,4537,4537,29.84944285,29.84944285,1,Towed from Port side sue to USFWS tow going concurently,NA,Terrestrial Non-Insect,NA,NA,Collembola,NA,Adults,10,0.335,0.335,NA,NA,1,SAMP,NA,NA,NA,NA,NA,NA,1   NA   NA   NA,SAMP   NA   NA   NA
SHR_2022-02-08 09:38:00,2/8/2022 9:38,SHR,2022,D,FALSE,CLR,Flood,1,9.9,1.34,115,161,7.86,11.42,7.2,5,Low,708021,703484,4537,4537,29.84944285,29.84944285,1,Towed from Port side sue to USFWS tow going concurently,NA,Terrestrial Insect,NA,NA,Diptera,NA,Pupae,1,0.034,0.034,NA,NA,1,SAMP,NA,NA,NA,NA,NA,NA,1   NA   NA   NA,SAMP   NA   NA   NA
SHR_2022-02-08 09:38:00,2/8/2022 9:38,SHR,2022,D,FALSE,CLR,Flood,1,9.9,1.34,115,161,7.86,11.42,7.2,5,Low,708021,703484,4537,4537,29.84944285,29.84944285,1,Towed from Port side sue to USFWS tow going concurently,NA,Terrestrial Insect,NA,NA,Diptera,NA,Adults,21,0.704,0.704,NA,NA,1,SAMP,NA,NA,NA,NA,NA,NA,1   NA   NA   NA,SAMP   NA   NA   NA
SHR_2022-02-08 09:38:00,2/8/2022 9:38,SHR,2022,D,FALSE,CLR,Flood,1,9.9,1.34,115,161,7.86,11.42,7.2,5,Low,708021,703484,4537,4537,29.84944285,29.84944285,1,Towed from Port side sue to USFWS tow going concurently,NA,Aquatic Insect,NA,NA,Chironomidae,NA,Pupae,4,0.134,0.134,NA,NA,1,SAMP,NA,NA,NA,NA,NA,NA,1   NA   NA   NA,SAMP   NA   NA   NA
SHR_2022-02-08 09:38:00,2/8/2022 9:38,SHR,2022,D,FALSE,CLR,Flood,1,9.9,1.34,115,161,7.86,11.42,7.2,5,Low,708021,703484,4537,4537,29.84944285,29.84944285,1,Towed from Port side sue to USFWS tow going concurently,NA,Aquatic Insect,NA,NA,Chironomidae,NA,Adults,36,1.206,1.206,NA,NA,1,SAMP,NA,NA,NA,NA,NA,NA,1   NA   NA   NA,SAMP   NA   NA   NA
SHR_2022-02-08 09:38:00,2/8/2022 9:38,SHR,2022,D,FALSE,CLR,Flood,1,9.9,1.34,115,161,7.86,11.42,7.2,5,Low,708021,703484,4537,4537,29.84944285,29.84944285,1,Towed from Port side sue to USFWS tow going concurently,NA,Aquatic Insect,NA,NA,Psychodidae,NA,Adults,3,0.101,0.101,NA,NA,1,SAMP,NA,NA,NA,NA,NA,NA,1   NA   NA   NA,SAMP   NA   NA   NA
SHR_2022-02-08 09:38:00,2/8/2022 9:38,SHR,2022,D,FALSE,CLR,Flood,1,9.9,1.34,115,161,7.86,11.42,7.2,5,Low,708021,703484,4537,4537,29.84944285,29.84944285,1,Towed from Port side sue to USFWS tow going concurently,NA,Terrestrial Insect,NA,NA,Hemiptera,NA,Adults,44,1.474,1.474,NA,NA,1,SAMP,NA,NA,NA,NA,NA,NA,1   NA   NA   NA,SAMP   NA   NA   NA
SHR_2022-02-08 09:38:00,2/8/2022 9:38,SHR,2022,D,FALSE,CLR,Flood,1,9.9,1.34,115,161,7.86,11.42,7.2,5,Low,708021,703484,4537,4537,29.84944285,29.84944285,1,Towed from Port side sue to USFWS tow going concurently,NA,Terrestrial Insect,NA,NA,Hymenoptera,NA,Adults,7,0.235,0.235,NA,NA,1,SAMP,NA,NA,NA,NA,NA,NA,1   NA   NA   NA,SAMP   NA   NA   NA
SHR_2022-02-08 09:38:00,2/8/2022 9:38,SHR,2022,D,FALSE,CLR,Flood,1,9.9,1.34,115,161,7.86,11.42,7.2,5,Low,708021,703484,4537,4537,29.84944285,29.84944285,1,Towed from Port side sue to USFWS tow going concurently,NA,Terrestrial Insect,NA,NA,Lepidoptera,NA,Adults,1,0.034,0.034,NA,NA,1,SAMP,NA,NA,NA,NA,NA,NA,1   NA   NA   NA,SAMP   NA   NA   NA
SHR_2022-02-08 09:38:00,2/8/2022 9:38,SHR,2022,D,FALSE,CLR,Flood,1,9.9,1.34,115,161,7.86,11.42,7.2,5,Low,708021,703484,4537,4537,29.84944285,29.84944285,1,Towed from Port side sue to USFWS tow going concurently,NA,Terrestrial Insect,NA,NA,Psocoptera,NA,Adults,1,0.034,0.034,NA,NA,1,SAMP,NA,NA,NA,NA,NA,NA,1   NA   NA   NA,SAMP   NA   NA   NA
SHR_2022-02-08 09:38:00,2/8/2022 9:38,SHR,2022,D,FALSE,CLR,Flood,1,9.9,1.34,115,161,7.86,11.42,7.2,5,Low,708021,703484,4537,4537,29.84944285,29.84944285,1,Towed from Port side sue to USFWS tow going concurently,NA,Aquatic Insect,NA,NA,Hydroptilidae,NA,Adults,1,0.034,0.034,NA,NA,1,SAMP,NA,NA,NA,NA,NA,NA,1   NA   NA   NA,SAMP   NA   NA   NA
SHR_2022-02-08 09:38:00,2/8/2022 9:38,SHR,2022,D,FALSE,CLR,Flood,1,9.9,1.34,115,161,7.86,11.42,7.2,5,Low,708021,703484,4537,4537,29.84944285,29.84944285,1,Towed from Port side sue to USFWS tow going concurently,NA,Aquatic Non-Insect,NA,NA,Hyalellidae,NA,NA,1,0.034,0.034,NA,NA,1,SAMP,NA,NA,NA,NA,NA,NA,1   NA   NA   NA,SAMP   NA   NA   NA
SHR_2022-02-08 09:38:00,2/8/2022 9:38,SHR,2022,D,FALSE,CLR,Flood,1,9.9,1.34,115,161,7.86,11.42,7.2,5,Low,708021,703484,4537,4537,29.84944285,29.84944285,1,Towed from Port side sue to USFWS tow going concurently,NA,Aquatic Non-Insect,NA,NA,Ostracoda,NA,NA,1,0.034,0.034,NA,NA,1,SAMP,NA,NA,NA,NA,NA,NA,1   NA   NA   NA,SAMP   NA   NA   NA
STTD_2022-02-22 09:52:00,2/22/2022 9:52,STTD,2022,D,FALSE,CLR,Flood,1,11.3,NA,428,579,8.71,10.9,9.3,10,Low,703311,699832,3479,3479,22.88873962,22.88873962,1,NA,NA,Aquatic Non-Insect,NA,NA,Hydridae,NA,NA,14,0.612,0.612,NA,NA,NA,NA,NA,NA,NA,NA,NA,NA,NA   NA   NA   NA,NA   NA   NA   NA
STTD_2022-02-22 09:52:00,2/22/2022 9:52,STTD,2022,D,FALSE,CLR,Flood,1,11.3,NA,428,579,8.71,10.9,9.3,10,Low,703311,699832,3479,3479,22.88873962,22.88873962,1,NA,NA,Terrestrial Insect,NA,NA,Coleoptera,NA,Adults,2,0.087,0.087,NA,NA,NA,NA,NA,NA,NA,NA,NA,NA,NA   NA   NA   NA,NA   NA   NA   NA
STTD_2022-02-22 09:52:00,2/22/2022 9:52,STTD,2022,D,FALSE,CLR,Flood,1,11.3,NA,428,579,8.71,10.9,9.3,10,Low,703311,699832,3479,3479,22.88873962,22.88873962,1,NA,NA,Aquatic Insect,NA,NA,Chironomidae,NA,Adults,8,0.35,0.35,NA,NA,NA,NA,NA,NA,NA,NA,NA,NA,NA   NA   NA   NA,NA   NA   NA   NA
STTD_2022-02-22 09:52:00,2/22/2022 9:52,STTD,2022,D,FALSE,CLR,Flood,1,11.3,NA,428,579,8.71,10.9,9.3,10,Low,703311,699832,3479,3479,22.88873962,22.88873962,1,NA,NA,Terrestrial Insect,NA,NA,Hemiptera,NA,Nymphs,1,0.044,0.044,NA,NA,NA,NA,NA,NA,NA,NA,NA,NA,NA   NA   NA   NA,NA   NA   NA   NA
STTD_2022-02-22 09:52:00,2/22/2022 9:52,STTD,2022,D,FALSE,CLR,Flood,1,11.3,NA,428,579,8.71,10.9,9.3,10,Low,703311,699832,3479,3479,22.88873962,22.88873962,1,NA,NA,Terrestrial Insect,NA,NA,Hemiptera,NA,Adults,6,0.262,0.262,NA,NA,NA,NA,NA,NA,NA,NA,NA,NA,NA   NA   NA   NA,NA   NA   NA   NA
SHR_2022-02-23 10:01:00,2/23/2022 10:01,SHR,2022,D,FALSE,CLR,High,1,11.2,2.12,116,158,7.89,10.62,5.7,10,Low,699702,689260,10442,10442,68.69911444,68.69911444,1,NA,NA,Aquatic Non-Insect,NA,NA,Acari,NA,NA,1,0.015,0.015,NA,NA,NA,NA,NA,NA,NA,NA,NA,NA,NA   NA   NA   NA,NA   NA   NA   NA
SHR_2022-02-23 10:01:00,2/23/2022 10:01,SHR,2022,D,FALSE,CLR,High,1,11.2,2.12,116,158,7.89,10.62,5.7,10,Low,699702,689260,10442,10442,68.69911444,68.69911444,1,NA,NA,Aquatic Non-Insect,NA,NA,Hydridae,NA,NA,1,0.015,0.015,NA,NA,NA,NA,NA,NA,NA,NA,NA,NA,NA   NA   NA   NA,NA   NA   NA   NA
SHR_2022-02-23 10:01:00,2/23/2022 10:01,SHR,2022,D,FALSE,CLR,High,1,11.2,2.12,116,158,7.89,10.62,5.7,10,Low,699702,689260,10442,10442,68.69911444,68.69911444,1,NA,NA,Terrestrial Insect,NA,NA,Diptera,NA,Adults,2,0.029,0.029,NA,NA,NA,NA,NA,NA,NA,NA,NA,NA,NA   NA   NA   NA,NA   NA   NA   NA
SHR_2022-02-23 10:01:00,2/23/2022 10:01,SHR,2022,D,FALSE,CLR,High,1,11.2,2.12,116,158,7.89,10.62,5.7,10,Low,699702,689260,10442,10442,68.69911444,68.69911444,1,NA,NA,Aquatic Insect,NA,NA,Chironomidae,NA,Adults,12,0.175,0.175,NA,NA,NA,NA,NA,NA,NA,NA,NA,NA,NA   NA   NA   NA,NA   NA   NA   NA
SHR_2022-02-23 10:01:00,2/23/2022 10:01,SHR,2022,D,FALSE,CLR,High,1,11.2,2.12,116,158,7.89,10.62,5.7,10,Low,699702,689260,10442,10442,68.69911444,68.69911444,1,NA,NA,Terrestrial Insect,NA,NA,Hemiptera,NA,Adults,53,0.771,0.771,NA,NA,NA,NA,NA,NA,NA,NA,NA,NA,NA   NA   NA   NA,NA   NA   NA   NA
SHR_2022-02-23 10:01:00,2/23/2022 10:01,SHR,2022,D,FALSE,CLR,High,1,11.2,2.12,116,158,7.89,10.62,5.7,10,Low,699702,689260,10442,10442,68.69911444,68.69911444,1,NA,NA,Terrestrial Insect,NA,NA,Hymenoptera,NA,Adults,5,0.073,0.073,NA,NA,NA,NA,NA,NA,NA,NA,NA,NA,NA   NA   NA   NA,NA   NA   NA   NA
SHR_2022-02-23 10:01:00,2/23/2022 10:01,SHR,2022,D,FALSE,CLR,High,1,11.2,2.12,116,158,7.89,10.62,5.7,10,Low,699702,689260,10442,10442,68.69911444,68.69911444,1,NA,NA,Aquatic Non-Insect,NA,NA,Ostracoda,NA,NA,1,0.015,0.015,NA,NA,NA,NA,NA,NA,NA,NA,NA,NA,NA   NA   NA   NA,NA   NA   NA   NA
STTD_2022-03-14 09:27:00,3/14/2022 9:27,STTD,2022,D,FALSE,CLR,Ebb,1,14.1,0.3,692,874,8.67,15.73,22.2,5,Low,689387,687158,2229,2229,14.6648464,14.6648464,2,Paddled drift tow (boat ran out of battery),NA,Aquatic Non-Insect,NA,NA,Actinopterygii,NA,NA,1,0.068,0.068,2,DO,1,SAMP,NA,NA,NA,NA,NA,NA,1   NA   NA   NA,SAMP   NA   NA   NA
STTD_2022-03-14 09:27:00,3/14/2022 9:27,STTD,2022,D,FALSE,CLR,Ebb,1,14.1,0.3,692,874,8.67,15.73,22.2,5,Low,689387,687158,2229,2229,14.6648464,14.6648464,2,Paddled drift tow (boat ran out of battery),NA,Unknown (Non-Insect),NA,NA,Acari,NA,NA,2,0.136,0.136,2,DO,1,SAMP,NA,NA,NA,NA,NA,NA,1   NA   NA   NA,SAMP   NA   NA   NA
STTD_2022-03-14 09:27:00,3/14/2022 9:27,STTD,2022,D,FALSE,CLR,Ebb,1,14.1,0.3,692,874,8.67,15.73,22.2,5,Low,689387,687158,2229,2229,14.6648464,14.6648464,2,Paddled drift tow (boat ran out of battery),NA,Terrestrial Non-Insect,NA,NA,Araneae,NA,NA,3,0.205,0.205,2,DO,1,SAMP,NA,NA,NA,NA,NA,NA,1   NA   NA   NA,SAMP   NA   NA   NA
STTD_2022-03-14 09:27:00,3/14/2022 9:27,STTD,2022,D,FALSE,CLR,Ebb,1,14.1,0.3,692,874,8.67,15.73,22.2,5,Low,689387,687158,2229,2229,14.6648464,14.6648464,2,Paddled drift tow (boat ran out of battery),NA,Aquatic Non-Insect,NA,NA,Naididae,NA,NA,4,0.273,0.273,2,DO,1,SAMP,NA,NA,NA,NA,NA,NA,1   NA   NA   NA,SAMP   NA   NA   NA
STTD_2022-03-14 09:27:00,3/14/2022 9:27,STTD,2022,D,FALSE,CLR,Ebb,1,14.1,0.3,692,874,8.67,15.73,22.2,5,Low,689387,687158,2229,2229,14.6648464,14.6648464,2,Paddled drift tow (boat ran out of battery),NA,Aquatic Non-Insect,NA,NA,Planorbidae,NA,NA,1,0.068,0.068,2,DO,1,SAMP,NA,NA,NA,NA,NA,NA,1   NA   NA   NA,SAMP   NA   NA   NA
STTD_2022-03-14 09:27:00,3/14/2022 9:27,STTD,2022,D,FALSE,CLR,Ebb,1,14.1,0.3,692,874,8.67,15.73,22.2,5,Low,689387,687158,2229,2229,14.6648464,14.6648464,2,Paddled drift tow (boat ran out of battery),NA,Aquatic Non-Insect,NA,NA,Hydridae,NA,NA,1,0.068,0.068,2,DO,1,SAMP,NA,NA,NA,NA,NA,NA,1   NA   NA   NA,SAMP   NA   NA   NA
STTD_2022-03-14 09:27:00,3/14/2022 9:27,STTD,2022,D,FALSE,CLR,Ebb,1,14.1,0.3,692,874,8.67,15.73,22.2,5,Low,689387,687158,2229,2229,14.6648464,14.6648464,2,Paddled drift tow (boat ran out of battery),NA,Terrestrial Insect,NA,NA,Coleoptera,NA,Adults,1,0.068,0.068,2,DO,1,SAMP,NA,NA,NA,NA,NA,NA,1   NA   NA   NA,SAMP   NA   NA   NA
STTD_2022-03-14 09:27:00,3/14/2022 9:27,STTD,2022,D,FALSE,CLR,Ebb,1,14.1,0.3,692,874,8.67,15.73,22.2,5,Low,689387,687158,2229,2229,14.6648464,14.6648464,2,Paddled drift tow (boat ran out of battery),NA,Aquatic Insect,NA,NA,Hydraenidae,NA,Adults,1,0.068,0.068,2,DO,1,SAMP,NA,NA,NA,NA,NA,NA,1   NA   NA   NA,SAMP   NA   NA   NA
STTD_2022-03-14 09:27:00,3/14/2022 9:27,STTD,2022,D,FALSE,CLR,Ebb,1,14.1,0.3,692,874,8.67,15.73,22.2,5,Low,689387,687158,2229,2229,14.6648464,14.6648464,2,Paddled drift tow (boat ran out of battery),NA,Terrestrial Non-Insect,NA,NA,Collembola,NA,Adults,21,1.432,1.432,2,DO,1,SAMP,NA,NA,NA,NA,NA,NA,1   NA   NA   NA,SAMP   NA   NA   NA
STTD_2022-03-14 09:27:00,3/14/2022 9:27,STTD,2022,D,FALSE,CLR,Ebb,1,14.1,0.3,692,874,8.67,15.73,22.2,5,Low,689387,687158,2229,2229,14.6648464,14.6648464,2,Paddled drift tow (boat ran out of battery),NA,Terrestrial Insect,NA,NA,Diptera,NA,Adults,5,0.341,0.341,2,DO,1,SAMP,NA,NA,NA,NA,NA,NA,1   NA   NA   NA,SAMP   NA   NA   NA
STTD_2022-03-14 09:27:00,3/14/2022 9:27,STTD,2022,D,FALSE,CLR,Ebb,1,14.1,0.3,692,874,8.67,15.73,22.2,5,Low,689387,687158,2229,2229,14.6648464,14.6648464,2,Paddled drift tow (boat ran out of battery),NA,Aquatic Insect,NA,NA,Ceratopogonidae,NA,Pupae,2,0.136,0.136,2,DO,1,SAMP,NA,NA,NA,NA,NA,NA,1   NA   NA   NA,SAMP   NA   NA   NA
STTD_2022-03-14 09:27:00,3/14/2022 9:27,STTD,2022,D,FALSE,CLR,Ebb,1,14.1,0.3,692,874,8.67,15.73,22.2,5,Low,689387,687158,2229,2229,14.6648464,14.6648464,2,Paddled drift tow (boat ran out of battery),NA,Aquatic Insect,NA,NA,Chironomidae,NA,Larvae,5,0.341,0.341,2,DO,1,SAMP,NA,NA,NA,NA,NA,NA,1   NA   NA   NA,SAMP   NA   NA   NA
STTD_2022-03-14 09:27:00,3/14/2022 9:27,STTD,2022,D,FALSE,CLR,Ebb,1,14.1,0.3,692,874,8.67,15.73,22.2,5,Low,689387,687158,2229,2229,14.6648464,14.6648464,2,Paddled drift tow (boat ran out of battery),NA,Aquatic Insect,NA,NA,Chironomidae,NA,Adults,49,3.341,3.341,2,DO,1,SAMP,NA,NA,NA,NA,NA,NA,1   NA   NA   NA,SAMP   NA   NA   NA
STTD_2022-03-14 09:27:00,3/14/2022 9:27,STTD,2022,D,FALSE,CLR,Ebb,1,14.1,0.3,692,874,8.67,15.73,22.2,5,Low,689387,687158,2229,2229,14.6648464,14.6648464,2,Paddled drift tow (boat ran out of battery),NA,Aquatic Insect,NA,NA,Tipulidae,NA,Larvae,1,0.068,0.068,2,DO,1,SAMP,NA,NA,NA,NA,NA,NA,1   NA   NA   NA,SAMP   NA   NA   NA
STTD_2022-03-14 09:27:00,3/14/2022 9:27,STTD,2022,D,FALSE,CLR,Ebb,1,14.1,0.3,692,874,8.67,15.73,22.2,5,Low,689387,687158,2229,2229,14.6648464,14.6648464,2,Paddled drift tow (boat ran out of battery),NA,Aquatic Insect,NA,NA,Caenidae,NA,Nymphs,1,0.068,0.068,2,DO,1,SAMP,NA,NA,NA,NA,NA,NA,1   NA   NA   NA,SAMP   NA   NA   NA
STTD_2022-03-14 09:27:00,3/14/2022 9:27,STTD,2022,D,FALSE,CLR,Ebb,1,14.1,0.3,692,874,8.67,15.73,22.2,5,Low,689387,687158,2229,2229,14.6648464,14.6648464,2,Paddled drift tow (boat ran out of battery),NA,Terrestrial Insect,NA,NA,Hemiptera,NA,Nymphs,8,0.546,0.546,2,DO,1,SAMP,NA,NA,NA,NA,NA,NA,1   NA   NA   NA,SAMP   NA   NA   NA
STTD_2022-03-14 09:27:00,3/14/2022 9:27,STTD,2022,D,FALSE,CLR,Ebb,1,14.1,0.3,692,874,8.67,15.73,22.2,5,Low,689387,687158,2229,2229,14.6648464,14.6648464,2,Paddled drift tow (boat ran out of battery),NA,Terrestrial Insect,NA,NA,Hemiptera,NA,Adults,93,6.342,6.342,2,DO,1,SAMP,NA,NA,NA,NA,NA,NA,1   NA   NA   NA,SAMP   NA   NA   NA
STTD_2022-03-14 09:27:00,3/14/2022 9:27,STTD,2022,D,FALSE,CLR,Ebb,1,14.1,0.3,692,874,8.67,15.73,22.2,5,Low,689387,687158,2229,2229,14.6648464,14.6648464,2,Paddled drift tow (boat ran out of battery),NA,Aquatic Insect,NA,NA,Corixidae,NA,Nymphs,1,0.068,0.068,2,DO,1,SAMP,NA,NA,NA,NA,NA,NA,1   NA   NA   NA,SAMP   NA   NA   NA
STTD_2022-03-14 09:27:00,3/14/2022 9:27,STTD,2022,D,FALSE,CLR,Ebb,1,14.1,0.3,692,874,8.67,15.73,22.2,5,Low,689387,687158,2229,2229,14.6648464,14.6648464,2,Paddled drift tow (boat ran out of battery),NA,Terrestrial Insect,NA,NA,Hymenoptera,NA,Adults,7,0.477,0.477,2,DO,1,SAMP,NA,NA,NA,NA,NA,NA,1   NA   NA   NA,SAMP   NA   NA   NA
STTD_2022-03-14 09:27:00,3/14/2022 9:27,STTD,2022,D,FALSE,CLR,Ebb,1,14.1,0.3,692,874,8.67,15.73,22.2,5,Low,689387,687158,2229,2229,14.6648464,14.6648464,2,Paddled drift tow (boat ran out of battery),NA,Unknown (Insect),NA,NA,Lepidoptera,NA,Larvae,1,0.068,0.068,2,DO,1,SAMP,NA,NA,NA,NA,NA,NA,1   NA   NA   NA,SAMP   NA   NA   NA
STTD_2022-03-14 09:27:00,3/14/2022 9:27,STTD,2022,D,FALSE,CLR,Ebb,1,14.1,0.3,692,874,8.67,15.73,22.2,5,Low,689387,687158,2229,2229,14.6648464,14.6648464,2,Paddled drift tow (boat ran out of battery),NA,Unknown (Insect),NA,NA,Lepidoptera,NA,Adults,3,0.205,0.205,2,DO,1,SAMP,NA,NA,NA,NA,NA,NA,1   NA   NA   NA,SAMP   NA   NA   NA
STTD_2022-03-14 09:27:00,3/14/2022 9:27,STTD,2022,D,FALSE,CLR,Ebb,1,14.1,0.3,692,874,8.67,15.73,22.2,5,Low,689387,687158,2229,2229,14.6648464,14.6648464,2,Paddled drift tow (boat ran out of battery),NA,Aquatic Insect,NA,NA,Coenagrionidae,NA,Nymphs,1,0.068,0.068,2,DO,1,SAMP,NA,NA,NA,NA,NA,NA,1   NA   NA   NA,SAMP   NA   NA   NA
STTD_2022-03-14 09:27:00,3/14/2022 9:27,STTD,2022,D,FALSE,CLR,Ebb,1,14.1,0.3,692,874,8.67,15.73,22.2,5,Low,689387,687158,2229,2229,14.6648464,14.6648464,2,Paddled drift tow (boat ran out of battery),NA,Aquatic Insect,NA,NA,Trichoptera,NA,Adults,1,0.068,0.068,2,DO,1,SAMP,NA,NA,NA,NA,NA,NA,1   NA   NA   NA,SAMP   NA   NA   NA
STTD_2022-03-14 09:27:00,3/14/2022 9:27,STTD,2022,D,FALSE,CLR,Ebb,1,14.1,0.3,692,874,8.67,15.73,22.2,5,Low,689387,687158,2229,2229,14.6648464,14.6648464,2,Paddled drift tow (boat ran out of battery),NA,Aquatic Non-Insect,NA,NA,Hyalellidae,NA,NA,1,0.068,0.068,2,DO,1,SAMP,NA,NA,NA,NA,NA,NA,1   NA   NA   NA,SAMP   NA   NA   NA
STTD_2022-03-14 09:27:00,3/14/2022 9:27,STTD,2022,D,FALSE,CLR,Ebb,1,14.1,0.3,692,874,8.67,15.73,22.2,5,Low,689387,687158,2229,2229,14.6648464,14.6648464,2,Paddled drift tow (boat ran out of battery),NA,Aquatic Non-Insect,NA,NA,Ostracoda,NA,NA,13,0.886,0.886,2,DO,1,SAMP,NA,NA,NA,NA,NA,NA,1   NA   NA   NA,SAMP   NA   NA   NA
SHR_2022-03-15 08:37:00,3/15/2022 8:37,SHR,2022,D,FALSE,CLD,Ebb,1,13.3,1.75,117,150,7.79,10.15,4,10,Low,686702,676870,9832,9832,64.68585454,64.68585454,1,NA,NA,Aquatic Non-Insect,NA,NA,Lebertiidae,NA,NA,8,0.124,0.124,NA,NA,NA,NA,NA,NA,NA,NA,NA,NA,NA   NA   NA   NA,NA   NA   NA   NA
SHR_2022-03-15 08:37:00,3/15/2022 8:37,SHR,2022,D,FALSE,CLD,Ebb,1,13.3,1.75,117,150,7.79,10.15,4,10,Low,686702,676870,9832,9832,64.68585454,64.68585454,1,NA,NA,Terrestrial Insect,NA,NA,Coleoptera,NA,Larvae,7,0.108,0.108,NA,NA,NA,NA,NA,NA,NA,NA,NA,NA,NA   NA   NA   NA,NA   NA   NA   NA
SHR_2022-03-15 08:37:00,3/15/2022 8:37,SHR,2022,D,FALSE,CLD,Ebb,1,13.3,1.75,117,150,7.79,10.15,4,10,Low,686702,676870,9832,9832,64.68585454,64.68585454,1,NA,NA,Terrestrial Insect,NA,NA,Coleoptera,NA,Adults,2,0.031,0.031,NA,NA,NA,NA,NA,NA,NA,NA,NA,NA,NA   NA   NA   NA,NA   NA   NA   NA
SHR_2022-03-15 08:37:00,3/15/2022 8:37,SHR,2022,D,FALSE,CLD,Ebb,1,13.3,1.75,117,150,7.79,10.15,4,10,Low,686702,676870,9832,9832,64.68585454,64.68585454,1,NA,NA,Aquatic Insect,NA,NA,Dytiscidae,NA,Adults,1,0.015,0.015,NA,NA,NA,NA,NA,NA,NA,NA,NA,NA,NA   NA   NA   NA,NA   NA   NA   NA
SHR_2022-03-15 08:37:00,3/15/2022 8:37,SHR,2022,D,FALSE,CLD,Ebb,1,13.3,1.75,117,150,7.79,10.15,4,10,Low,686702,676870,9832,9832,64.68585454,64.68585454,1,NA,NA,Aquatic Insect,NA,NA,Hydraenidae,NA,Adults,2,0.031,0.031,NA,NA,NA,NA,NA,NA,NA,NA,NA,NA,NA   NA   NA   NA,NA   NA   NA   NA
SHR_2022-03-15 08:37:00,3/15/2022 8:37,SHR,2022,D,FALSE,CLD,Ebb,1,13.3,1.75,117,150,7.79,10.15,4,10,Low,686702,676870,9832,9832,64.68585454,64.68585454,1,NA,NA,Terrestrial Non-Insect,NA,NA,Collembola,NA,Adults,3,0.046,0.046,NA,NA,NA,NA,NA,NA,NA,NA,NA,NA,NA   NA   NA   NA,NA   NA   NA   NA
SHR_2022-03-15 08:37:00,3/15/2022 8:37,SHR,2022,D,FALSE,CLD,Ebb,1,13.3,1.75,117,150,7.79,10.15,4,10,Low,686702,676870,9832,9832,64.68585454,64.68585454,1,NA,NA,Terrestrial Insect,NA,NA,Diptera,NA,Pupae,1,0.015,0.015,NA,NA,NA,NA,NA,NA,NA,NA,NA,NA,NA   NA   NA   NA,NA   NA   NA   NA
SHR_2022-03-15 08:37:00,3/15/2022 8:37,SHR,2022,D,FALSE,CLD,Ebb,1,13.3,1.75,117,150,7.79,10.15,4,10,Low,686702,676870,9832,9832,64.68585454,64.68585454,1,NA,NA,Terrestrial Insect,NA,NA,Diptera,NA,Adults,5,0.077,0.077,NA,NA,NA,NA,NA,NA,NA,NA,NA,NA,NA   NA   NA   NA,NA   NA   NA   NA
SHR_2022-03-15 08:37:00,3/15/2022 8:37,SHR,2022,D,FALSE,CLD,Ebb,1,13.3,1.75,117,150,7.79,10.15,4,10,Low,686702,676870,9832,9832,64.68585454,64.68585454,1,NA,NA,Aquatic Insect,NA,NA,Chironomidae,NA,Larvae,17,0.263,0.263,NA,NA,NA,NA,NA,NA,NA,NA,NA,NA,NA   NA   NA   NA,NA   NA   NA   NA
SHR_2022-03-15 08:37:00,3/15/2022 8:37,SHR,2022,D,FALSE,CLD,Ebb,1,13.3,1.75,117,150,7.79,10.15,4,10,Low,686702,676870,9832,9832,64.68585454,64.68585454,1,NA,NA,Aquatic Insect,NA,NA,Chironomidae,NA,Pupae,2,0.031,0.031,NA,NA,NA,NA,NA,NA,NA,NA,NA,NA,NA   NA   NA   NA,NA   NA   NA   NA
SHR_2022-03-15 08:37:00,3/15/2022 8:37,SHR,2022,D,FALSE,CLD,Ebb,1,13.3,1.75,117,150,7.79,10.15,4,10,Low,686702,676870,9832,9832,64.68585454,64.68585454,1,NA,NA,Aquatic Insect,NA,NA,Chironomidae,NA,Adults,42,0.649,0.649,NA,NA,NA,NA,NA,NA,NA,NA,NA,NA,NA   NA   NA   NA,NA   NA   NA   NA
SHR_2022-03-15 08:37:00,3/15/2022 8:37,SHR,2022,D,FALSE,CLD,Ebb,1,13.3,1.75,117,150,7.79,10.15,4,10,Low,686702,676870,9832,9832,64.68585454,64.68585454,1,NA,NA,Aquatic Insect,NA,NA,Culicidae,NA,Larvae,1,0.015,0.015,NA,NA,NA,NA,NA,NA,NA,NA,NA,NA,NA   NA   NA   NA,NA   NA   NA   NA
SHR_2022-03-15 08:37:00,3/15/2022 8:37,SHR,2022,D,FALSE,CLD,Ebb,1,13.3,1.75,117,150,7.79,10.15,4,10,Low,686702,676870,9832,9832,64.68585454,64.68585454,1,NA,NA,Aquatic Insect,NA,NA,Psychodidae,NA,Pupae,3,0.046,0.046,NA,NA,NA,NA,NA,NA,NA,NA,NA,NA,NA   NA   NA   NA,NA   NA   NA   NA
SHR_2022-03-15 08:37:00,3/15/2022 8:37,SHR,2022,D,FALSE,CLD,Ebb,1,13.3,1.75,117,150,7.79,10.15,4,10,Low,686702,676870,9832,9832,64.68585454,64.68585454,1,NA,NA,Terrestrial Insect,NA,NA,Hemiptera,NA,Nymphs,3,0.046,0.046,NA,NA,NA,NA,NA,NA,NA,NA,NA,NA,NA   NA   NA   NA,NA   NA   NA   NA
SHR_2022-03-15 08:37:00,3/15/2022 8:37,SHR,2022,D,FALSE,CLD,Ebb,1,13.3,1.75,117,150,7.79,10.15,4,10,Low,686702,676870,9832,9832,64.68585454,64.68585454,1,NA,NA,Terrestrial Insect,NA,NA,Hemiptera,NA,Adults,42,0.649,0.649,NA,NA,NA,NA,NA,NA,NA,NA,NA,NA,NA   NA   NA   NA,NA   NA   NA   NA
SHR_2022-03-15 08:37:00,3/15/2022 8:37,SHR,2022,D,FALSE,CLD,Ebb,1,13.3,1.75,117,150,7.79,10.15,4,10,Low,686702,676870,9832,9832,64.68585454,64.68585454,1,NA,NA,Aquatic Insect,NA,NA,Corixidae,NA,Nymphs,2,0.031,0.031,NA,NA,NA,NA,NA,NA,NA,NA,NA,NA,NA   NA   NA   NA,NA   NA   NA   NA
SHR_2022-03-15 08:37:00,3/15/2022 8:37,SHR,2022,D,FALSE,CLD,Ebb,1,13.3,1.75,117,150,7.79,10.15,4,10,Low,686702,676870,9832,9832,64.68585454,64.68585454,1,NA,NA,Terrestrial Insect,NA,NA,Hymenoptera,NA,Adults,13,0.201,0.201,NA,NA,NA,NA,NA,NA,NA,NA,NA,NA,NA   NA   NA   NA,NA   NA   NA   NA
SHR_2022-03-15 08:37:00,3/15/2022 8:37,SHR,2022,D,FALSE,CLD,Ebb,1,13.3,1.75,117,150,7.79,10.15,4,10,Low,686702,676870,9832,9832,64.68585454,64.68585454,1,NA,NA,Terrestrial Non-Insect,NA,NA,Thysanoptera,NA,Adults,1,0.015,0.015,NA,NA,NA,NA,NA,NA,NA,NA,NA,NA,NA   NA   NA   NA,NA   NA   NA   NA
SHR_2022-03-15 08:37:00,3/15/2022 8:37,SHR,2022,D,FALSE,CLD,Ebb,1,13.3,1.75,117,150,7.79,10.15,4,10,Low,686702,676870,9832,9832,64.68585454,64.68585454,1,NA,NA,Aquatic Insect,NA,NA,Hydroptilidae,NA,Larvae,1,0.015,0.015,NA,NA,NA,NA,NA,NA,NA,NA,NA,NA,NA   NA   NA   NA,NA   NA   NA   NA
SHR_2022-03-15 08:37:00,3/15/2022 8:37,SHR,2022,D,FALSE,CLD,Ebb,1,13.3,1.75,117,150,7.79,10.15,4,10,Low,686702,676870,9832,9832,64.68585454,64.68585454,1,NA,NA,Aquatic Non-Insect,NA,NA,Crangonyctidae,NA,NA,3,0.046,0.046,NA,NA,NA,NA,NA,NA,NA,NA,NA,NA,NA   NA   NA   NA,NA   NA   NA   NA
STTD_2022-03-28 08:01:00,3/28/2022 8:01,STTD,2022,D,FALSE,CLD,Ebb,1,17.2,0.28,608,715,7.91,6.29,21.1,10,Low,676819,673500,3319,3319,21.83608129,21.83608129,1,NA,NA,Aquatic Non-Insect,NA,NA,Actinopterygii,NA,NA,6,0.275,0.275,NA,NA,NA,NA,NA,NA,NA,NA,NA,NA,NA   NA   NA   NA,NA   NA   NA   NA
STTD_2022-03-28 08:01:00,3/28/2022 8:01,STTD,2022,D,FALSE,CLD,Ebb,1,17.2,0.28,608,715,7.91,6.29,21.1,10,Low,676819,673500,3319,3319,21.83608129,21.83608129,1,NA,NA,Terrestrial Non-Insect,NA,NA,Acari,NA,NA,2,0.092,0.092,NA,NA,NA,NA,NA,NA,NA,NA,NA,NA,NA   NA   NA   NA,NA   NA   NA   NA
STTD_2022-03-28 08:01:00,3/28/2022 8:01,STTD,2022,D,FALSE,CLD,Ebb,1,17.2,0.28,608,715,7.91,6.29,21.1,10,Low,676819,673500,3319,3319,21.83608129,21.83608129,1,NA,NA,Terrestrial Non-Insect,NA,NA,Araneae,NA,NA,4,0.183,0.183,NA,NA,NA,NA,NA,NA,NA,NA,NA,NA,NA   NA   NA   NA,NA   NA   NA   NA
STTD_2022-03-28 08:01:00,3/28/2022 8:01,STTD,2022,D,FALSE,CLD,Ebb,1,17.2,0.28,608,715,7.91,6.29,21.1,10,Low,676819,673500,3319,3319,21.83608129,21.83608129,1,NA,NA,Aquatic Non-Insect,NA,NA,Limnesiidae,NA,NA,1,0.046,0.046,NA,NA,NA,NA,NA,NA,NA,NA,NA,NA,NA   NA   NA   NA,NA   NA   NA   NA
STTD_2022-03-28 08:01:00,3/28/2022 8:01,STTD,2022,D,FALSE,CLD,Ebb,1,17.2,0.28,608,715,7.91,6.29,21.1,10,Low,676819,673500,3319,3319,21.83608129,21.83608129,1,NA,NA,Aquatic Non-Insect,NA,NA,Pionidae,NA,NA,91,4.167,4.167,NA,NA,NA,NA,NA,NA,NA,NA,NA,NA,NA   NA   NA   NA,NA   NA   NA   NA
STTD_2022-03-28 08:01:00,3/28/2022 8:01,STTD,2022,D,FALSE,CLD,Ebb,1,17.2,0.28,608,715,7.91,6.29,21.1,10,Low,676819,673500,3319,3319,21.83608129,21.83608129,1,NA,NA,Aquatic Non-Insect,NA,NA,Naididae,NA,NA,7,0.321,0.321,NA,NA,NA,NA,NA,NA,NA,NA,NA,NA,NA   NA   NA   NA,NA   NA   NA   NA
STTD_2022-03-28 08:01:00,3/28/2022 8:01,STTD,2022,D,FALSE,CLD,Ebb,1,17.2,0.28,608,715,7.91,6.29,21.1,10,Low,676819,673500,3319,3319,21.83608129,21.83608129,1,NA,NA,Aquatic Non-Insect,NA,NA,Physidae,NA,NA,1,0.046,0.046,NA,NA,NA,NA,NA,NA,NA,NA,NA,NA,NA   NA   NA   NA,NA   NA   NA   NA
STTD_2022-03-28 08:01:00,3/28/2022 8:01,STTD,2022,D,FALSE,CLD,Ebb,1,17.2,0.28,608,715,7.91,6.29,21.1,10,Low,676819,673500,3319,3319,21.83608129,21.83608129,1,NA,NA,Aquatic Non-Insect,NA,NA,Planorbidae,NA,NA,3,0.137,0.137,NA,NA,NA,NA,NA,NA,NA,NA,NA,NA,NA   NA   NA   NA,NA   NA   NA   NA
STTD_2022-03-28 08:01:00,3/28/2022 8:01,STTD,2022,D,FALSE,CLD,Ebb,1,17.2,0.28,608,715,7.91,6.29,21.1,10,Low,676819,673500,3319,3319,21.83608129,21.83608129,1,NA,NA,Aquatic Non-Insect,NA,NA,Amnicolidae,NA,NA,1,0.046,0.046,NA,NA,NA,NA,NA,NA,NA,NA,NA,NA,NA   NA   NA   NA,NA   NA   NA   NA
STTD_2022-03-28 08:01:00,3/28/2022 8:01,STTD,2022,D,FALSE,CLD,Ebb,1,17.2,0.28,608,715,7.91,6.29,21.1,10,Low,676819,673500,3319,3319,21.83608129,21.83608129,1,NA,NA,Aquatic Insect,NA,NA,Hydridae,NA,NA,9,0.412,0.412,NA,NA,NA,NA,NA,NA,NA,NA,NA,NA,NA   NA   NA   NA,NA   NA   NA   NA
STTD_2022-03-28 08:01:00,3/28/2022 8:01,STTD,2022,D,FALSE,CLD,Ebb,1,17.2,0.28,608,715,7.91,6.29,21.1,10,Low,676819,673500,3319,3319,21.83608129,21.83608129,1,NA,NA,Terrestrial Insect,NA,NA,Coleoptera,NA,Adults,1,0.046,0.046,NA,NA,NA,NA,NA,NA,NA,NA,NA,NA,NA   NA   NA   NA,NA   NA   NA   NA
STTD_2022-03-28 08:01:00,3/28/2022 8:01,STTD,2022,D,FALSE,CLD,Ebb,1,17.2,0.28,608,715,7.91,6.29,21.1,10,Low,676819,673500,3319,3319,21.83608129,21.83608129,1,NA,NA,Terrestrial Non-Insect,NA,NA,Collembola,NA,Adults,3,0.137,0.137,NA,NA,NA,NA,NA,NA,NA,NA,NA,NA,NA   NA   NA   NA,NA   NA   NA   NA
STTD_2022-03-28 08:01:00,3/28/2022 8:01,STTD,2022,D,FALSE,CLD,Ebb,1,17.2,0.28,608,715,7.91,6.29,21.1,10,Low,676819,673500,3319,3319,21.83608129,21.83608129,1,NA,NA,Aquatic Insect,NA,NA,Chironomidae,NA,Larvae,2,0.092,0.092,NA,NA,NA,NA,NA,NA,NA,NA,NA,NA,NA   NA   NA   NA,NA   NA   NA   NA
STTD_2022-03-28 08:01:00,3/28/2022 8:01,STTD,2022,D,FALSE,CLD,Ebb,1,17.2,0.28,608,715,7.91,6.29,21.1,10,Low,676819,673500,3319,3319,21.83608129,21.83608129,1,NA,NA,Aquatic Insect,NA,NA,Chironomidae,NA,Pupae,2,0.092,0.092,NA,NA,NA,NA,NA,NA,NA,NA,NA,NA,NA   NA   NA   NA,NA   NA   NA   NA
STTD_2022-03-28 08:01:00,3/28/2022 8:01,STTD,2022,D,FALSE,CLD,Ebb,1,17.2,0.28,608,715,7.91,6.29,21.1,10,Low,676819,673500,3319,3319,21.83608129,21.83608129,1,NA,NA,Aquatic Insect,NA,NA,Chironomidae,NA,Adults,9,0.412,0.412,NA,NA,NA,NA,NA,NA,NA,NA,NA,NA,NA   NA   NA   NA,NA   NA   NA   NA
STTD_2022-03-28 08:01:00,3/28/2022 8:01,STTD,2022,D,FALSE,CLD,Ebb,1,17.2,0.28,608,715,7.91,6.29,21.1,10,Low,676819,673500,3319,3319,21.83608129,21.83608129,1,NA,NA,Terrestrial Insect,NA,NA,Hemiptera,NA,Nymphs,20,0.916,0.916,NA,NA,NA,NA,NA,NA,NA,NA,NA,NA,NA   NA   NA   NA,NA   NA   NA   NA
STTD_2022-03-28 08:01:00,3/28/2022 8:01,STTD,2022,D,FALSE,CLD,Ebb,1,17.2,0.28,608,715,7.91,6.29,21.1,10,Low,676819,673500,3319,3319,21.83608129,21.83608129,1,NA,NA,Terrestrial Insect,NA,NA,Hemiptera,NA,Adults,13,0.595,0.595,NA,NA,NA,NA,NA,NA,NA,NA,NA,NA,NA   NA   NA   NA,NA   NA   NA   NA
STTD_2022-03-28 08:01:00,3/28/2022 8:01,STTD,2022,D,FALSE,CLD,Ebb,1,17.2,0.28,608,715,7.91,6.29,21.1,10,Low,676819,673500,3319,3319,21.83608129,21.83608129,1,NA,NA,Aquatic Insect,NA,NA,Corixidae,NA,Nymphs,7,0.321,0.321,NA,NA,NA,NA,NA,NA,NA,NA,NA,NA,NA   NA   NA   NA,NA   NA   NA   NA
STTD_2022-03-28 08:01:00,3/28/2022 8:01,STTD,2022,D,FALSE,CLD,Ebb,1,17.2,0.28,608,715,7.91,6.29,21.1,10,Low,676819,673500,3319,3319,21.83608129,21.83608129,1,NA,NA,Aquatic Insect,NA,NA,Coenagrionidae,NA,Larvae,2,0.092,0.092,NA,NA,NA,NA,NA,NA,NA,NA,NA,NA,NA   NA   NA   NA,NA   NA   NA   NA
STTD_2022-03-28 08:01:00,3/28/2022 8:01,STTD,2022,D,FALSE,CLD,Ebb,1,17.2,0.28,608,715,7.91,6.29,21.1,10,Low,676819,673500,3319,3319,21.83608129,21.83608129,1,NA,NA,Terrestrial Insect,NA,NA,Psocoptera,NA,Nymphs,1,0.046,0.046,NA,NA,NA,NA,NA,NA,NA,NA,NA,NA,NA   NA   NA   NA,NA   NA   NA   NA
STTD_2022-03-28 08:01:00,3/28/2022 8:01,STTD,2022,D,FALSE,CLD,Ebb,1,17.2,0.28,608,715,7.91,6.29,21.1,10,Low,676819,673500,3319,3319,21.83608129,21.83608129,1,NA,NA,Aquatic Non-Insect,NA,NA,Corophiidae,NA,NA,13,0.595,0.595,NA,NA,NA,NA,NA,NA,NA,NA,NA,NA,NA   NA   NA   NA,NA   NA   NA   NA
STTD_2022-03-28 08:01:00,3/28/2022 8:01,STTD,2022,D,FALSE,CLD,Ebb,1,17.2,0.28,608,715,7.91,6.29,21.1,10,Low,676819,673500,3319,3319,21.83608129,21.83608129,1,NA,NA,Aquatic Non-Insect,NA,NA,Hyalellidae,NA,NA,10,0.458,0.458,NA,NA,NA,NA,NA,NA,NA,NA,NA,NA,NA   NA   NA   NA,NA   NA   NA   NA
STTD_2022-03-28 08:01:00,3/28/2022 8:01,STTD,2022,D,FALSE,CLD,Ebb,1,17.2,0.28,608,715,7.91,6.29,21.1,10,Low,676819,673500,3319,3319,21.83608129,21.83608129,1,NA,NA,Aquatic Non-Insect,NA,NA,Ostracoda,NA,NA,2,0.092,0.092,NA,NA,NA,NA,NA,NA,NA,NA,NA,NA,NA   NA   NA   NA,NA   NA   NA   NA
SHR_2022-03-29 09:00:00,3/29/2022 9:00,SHR,2022,D,FALSE,CLR,Ebb,1,16.4,1.57,124,149,7.38,8.8,5.2,5,Low,673267,670251,3016,3016,19.84260957,19.84260957,1,shortened tow time due to high silt,NA,Aquatic Non-Insect,NA,NA,Lebertiidae,NA,NA,2,0.101,0.101,NA,NA,1,SAMP,NA,NA,NA,NA,NA,NA,1   NA   NA   NA,SAMP   NA   NA   NA
SHR_2022-03-29 09:00:00,3/29/2022 9:00,SHR,2022,D,FALSE,CLR,Ebb,1,16.4,1.57,124,149,7.38,8.8,5.2,5,Low,673267,670251,3016,3016,19.84260957,19.84260957,1,shortened tow time due to high silt,NA,Aquatic Non-Insect,NA,NA,Pionidae,NA,NA,2,0.101,0.101,NA,NA,1,SAMP,NA,NA,NA,NA,NA,NA,1   NA   NA   NA,SAMP   NA   NA   NA
SHR_2022-03-29 09:00:00,3/29/2022 9:00,SHR,2022,D,FALSE,CLR,Ebb,1,16.4,1.57,124,149,7.38,8.8,5.2,5,Low,673267,670251,3016,3016,19.84260957,19.84260957,1,shortened tow time due to high silt,NA,Aquatic Non-Insect,NA,NA,Physidae,NA,NA,2,0.101,0.101,NA,NA,1,SAMP,NA,NA,NA,NA,NA,NA,1   NA   NA   NA,SAMP   NA   NA   NA
SHR_2022-03-29 09:00:00,3/29/2022 9:00,SHR,2022,D,FALSE,CLR,Ebb,1,16.4,1.57,124,149,7.38,8.8,5.2,5,Low,673267,670251,3016,3016,19.84260957,19.84260957,1,shortened tow time due to high silt,NA,Aquatic Non-Insect,NA,NA,Hydridae,NA,NA,1,0.05,0.05,NA,NA,1,SAMP,NA,NA,NA,NA,NA,NA,1   NA   NA   NA,SAMP   NA   NA   NA
SHR_2022-03-29 09:00:00,3/29/2022 9:00,SHR,2022,D,FALSE,CLR,Ebb,1,16.4,1.57,124,149,7.38,8.8,5.2,5,Low,673267,670251,3016,3016,19.84260957,19.84260957,1,shortened tow time due to high silt,NA,Terrestrial Insect,NA,NA,Coleoptera,NA,Larvae,1,0.05,0.05,NA,NA,1,SAMP,NA,NA,NA,NA,NA,NA,1   NA   NA   NA,SAMP   NA   NA   NA
SHR_2022-03-29 09:00:00,3/29/2022 9:00,SHR,2022,D,FALSE,CLR,Ebb,1,16.4,1.57,124,149,7.38,8.8,5.2,5,Low,673267,670251,3016,3016,19.84260957,19.84260957,1,shortened tow time due to high silt,NA,Terrestrial Insect,NA,NA,Coleoptera,NA,Adults,1,0.05,0.05,NA,NA,1,SAMP,NA,NA,NA,NA,NA,NA,1   NA   NA   NA,SAMP   NA   NA   NA
SHR_2022-03-29 09:00:00,3/29/2022 9:00,SHR,2022,D,FALSE,CLR,Ebb,1,16.4,1.57,124,149,7.38,8.8,5.2,5,Low,673267,670251,3016,3016,19.84260957,19.84260957,1,shortened tow time due to high silt,NA,Aquatic Insect,NA,NA,Dytiscidae,NA,Adults,2,0.101,0.101,NA,NA,1,SAMP,NA,NA,NA,NA,NA,NA,1   NA   NA   NA,SAMP   NA   NA   NA
SHR_2022-03-29 09:00:00,3/29/2022 9:00,SHR,2022,D,FALSE,CLR,Ebb,1,16.4,1.57,124,149,7.38,8.8,5.2,5,Low,673267,670251,3016,3016,19.84260957,19.84260957,1,shortened tow time due to high silt,NA,Terrestrial Insect,NA,NA,Diptera,NA,Adults,1,0.05,0.05,NA,NA,1,SAMP,NA,NA,NA,NA,NA,NA,1   NA   NA   NA,SAMP   NA   NA   NA
SHR_2022-03-29 09:00:00,3/29/2022 9:00,SHR,2022,D,FALSE,CLR,Ebb,1,16.4,1.57,124,149,7.38,8.8,5.2,5,Low,673267,670251,3016,3016,19.84260957,19.84260957,1,shortened tow time due to high silt,NA,Aquatic Insect,NA,NA,Ceratopogonidae,NA,Pupae,1,0.05,0.05,NA,NA,1,SAMP,NA,NA,NA,NA,NA,NA,1   NA   NA   NA,SAMP   NA   NA   NA
SHR_2022-03-29 09:00:00,3/29/2022 9:00,SHR,2022,D,FALSE,CLR,Ebb,1,16.4,1.57,124,149,7.38,8.8,5.2,5,Low,673267,670251,3016,3016,19.84260957,19.84260957,1,shortened tow time due to high silt,NA,Aquatic Insect,NA,NA,Chironomidae,NA,Larvae,5,0.252,0.252,NA,NA,1,SAMP,NA,NA,NA,NA,NA,NA,1   NA   NA   NA,SAMP   NA   NA   NA
SHR_2022-03-29 09:00:00,3/29/2022 9:00,SHR,2022,D,FALSE,CLR,Ebb,1,16.4,1.57,124,149,7.38,8.8,5.2,5,Low,673267,670251,3016,3016,19.84260957,19.84260957,1,shortened tow time due to high silt,NA,Aquatic Insect,NA,NA,Chironomidae,NA,Pupae,4,0.202,0.202,NA,NA,1,SAMP,NA,NA,NA,NA,NA,NA,1   NA   NA   NA,SAMP   NA   NA   NA
SHR_2022-03-29 09:00:00,3/29/2022 9:00,SHR,2022,D,FALSE,CLR,Ebb,1,16.4,1.57,124,149,7.38,8.8,5.2,5,Low,673267,670251,3016,3016,19.84260957,19.84260957,1,shortened tow time due to high silt,NA,Aquatic Insect,NA,NA,Chironomidae,NA,Adults,56,2.822,2.822,NA,NA,1,SAMP,NA,NA,NA,NA,NA,NA,1   NA   NA   NA,SAMP   NA   NA   NA
SHR_2022-03-29 09:00:00,3/29/2022 9:00,SHR,2022,D,FALSE,CLR,Ebb,1,16.4,1.57,124,149,7.38,8.8,5.2,5,Low,673267,670251,3016,3016,19.84260957,19.84260957,1,shortened tow time due to high silt,NA,Aquatic Insect,NA,NA,Culicidae,NA,Larvae,1,0.05,0.05,NA,NA,1,SAMP,NA,NA,NA,NA,NA,NA,1   NA   NA   NA,SAMP   NA   NA   NA
SHR_2022-03-29 09:00:00,3/29/2022 9:00,SHR,2022,D,FALSE,CLR,Ebb,1,16.4,1.57,124,149,7.38,8.8,5.2,5,Low,673267,670251,3016,3016,19.84260957,19.84260957,1,shortened tow time due to high silt,NA,Terrestrial Insect,NA,NA,Hemiptera,NA,Nymphs,2,0.101,0.101,NA,NA,1,SAMP,NA,NA,NA,NA,NA,NA,1   NA   NA   NA,SAMP   NA   NA   NA
SHR_2022-03-29 09:00:00,3/29/2022 9:00,SHR,2022,D,FALSE,CLR,Ebb,1,16.4,1.57,124,149,7.38,8.8,5.2,5,Low,673267,670251,3016,3016,19.84260957,19.84260957,1,shortened tow time due to high silt,NA,Terrestrial Insect,NA,NA,Hemiptera,NA,Adults,6,0.302,0.302,NA,NA,1,SAMP,NA,NA,NA,NA,NA,NA,1   NA   NA   NA,SAMP   NA   NA   NA
SHR_2022-03-29 09:00:00,3/29/2022 9:00,SHR,2022,D,FALSE,CLR,Ebb,1,16.4,1.57,124,149,7.38,8.8,5.2,5,Low,673267,670251,3016,3016,19.84260957,19.84260957,1,shortened tow time due to high silt,NA,Terrestrial Insect,NA,NA,Hymenoptera,NA,Adults,20,1.008,1.008,NA,NA,1,SAMP,NA,NA,NA,NA,NA,NA,1   NA   NA   NA,SAMP   NA   NA   NA
SHR_2022-03-29 09:00:00,3/29/2022 9:00,SHR,2022,D,FALSE,CLR,Ebb,1,16.4,1.57,124,149,7.38,8.8,5.2,5,Low,673267,670251,3016,3016,19.84260957,19.84260957,1,shortened tow time due to high silt,NA,Aquatic Insect,NA,NA,Coenagrionidae,NA,Nymphs,2,0.101,0.101,NA,NA,1,SAMP,NA,NA,NA,NA,NA,NA,1   NA   NA   NA,SAMP   NA   NA   NA
SHR_2022-03-29 09:00:00,3/29/2022 9:00,SHR,2022,D,FALSE,CLR,Ebb,1,16.4,1.57,124,149,7.38,8.8,5.2,5,Low,673267,670251,3016,3016,19.84260957,19.84260957,1,shortened tow time due to high silt,NA,Aquatic Insect,NA,NA,Trichoptera,NA,Adults,2,0.101,0.101,NA,NA,1,SAMP,NA,NA,NA,NA,NA,NA,1   NA   NA   NA,SAMP   NA   NA   NA
SHR_2022-03-29 09:00:00,3/29/2022 9:00,SHR,2022,D,FALSE,CLR,Ebb,1,16.4,1.57,124,149,7.38,8.8,5.2,5,Low,673267,670251,3016,3016,19.84260957,19.84260957,1,shortened tow time due to high silt,NA,Aquatic Non-Insect,NA,NA,Ostracoda,NA,NA,2,0.101,0.101,NA,NA,1,SAMP,NA,NA,NA,NA,NA,NA,1   NA   NA   NA,SAMP   NA   NA   NA
STTD_2022-04-11 08:05:00,4/11/2022 8:05,STTD,2022,D,FALSE,RAN,Ebb,1,17,0.36,708,836,7.99,7.36,22.7,10,Low,670020,667022,2998,2998,19.72418551,19.72418551,1,sampled from jonboat,NA,Aquatic Non-Insect,NA,NA,Actinopterygii,NA,NA,1,0.051,0.051,NA,NA,NA,NA,NA,NA,NA,NA,NA,NA,NA   NA   NA   NA,NA   NA   NA   NA
STTD_2022-04-11 08:05:00,4/11/2022 8:05,STTD,2022,D,FALSE,RAN,Ebb,1,17,0.36,708,836,7.99,7.36,22.7,10,Low,670020,667022,2998,2998,19.72418551,19.72418551,1,sampled from jonboat,NA,Unknown (Non-Insect),NA,NA,Acari,NA,NA,1,0.051,0.051,NA,NA,NA,NA,NA,NA,NA,NA,NA,NA,NA   NA   NA   NA,NA   NA   NA   NA
STTD_2022-04-11 08:05:00,4/11/2022 8:05,STTD,2022,D,FALSE,RAN,Ebb,1,17,0.36,708,836,7.99,7.36,22.7,10,Low,670020,667022,2998,2998,19.72418551,19.72418551,1,sampled from jonboat,NA,Aquatic Non-Insect,NA,NA,Pionidae,NA,NA,1,0.051,0.051,NA,NA,NA,NA,NA,NA,NA,NA,NA,NA,NA   NA   NA   NA,NA   NA   NA   NA
STTD_2022-04-11 08:05:00,4/11/2022 8:05,STTD,2022,D,FALSE,RAN,Ebb,1,17,0.36,708,836,7.99,7.36,22.7,10,Low,670020,667022,2998,2998,19.72418551,19.72418551,1,sampled from jonboat,NA,Aquatic Non-Insect,NA,NA,Naididae,NA,NA,2,0.101,0.101,NA,NA,NA,NA,NA,NA,NA,NA,NA,NA,NA   NA   NA   NA,NA   NA   NA   NA
STTD_2022-04-11 08:05:00,4/11/2022 8:05,STTD,2022,D,FALSE,RAN,Ebb,1,17,0.36,708,836,7.99,7.36,22.7,10,Low,670020,667022,2998,2998,19.72418551,19.72418551,1,sampled from jonboat,NA,Aquatic Non-Insect,NA,NA,Physidae,NA,NA,4,0.203,0.203,NA,NA,NA,NA,NA,NA,NA,NA,NA,NA,NA   NA   NA   NA,NA   NA   NA   NA
STTD_2022-04-11 08:05:00,4/11/2022 8:05,STTD,2022,D,FALSE,RAN,Ebb,1,17,0.36,708,836,7.99,7.36,22.7,10,Low,670020,667022,2998,2998,19.72418551,19.72418551,1,sampled from jonboat,NA,Aquatic Non-Insect,NA,NA,Hydridae,NA,NA,1,0.051,0.051,NA,NA,NA,NA,NA,NA,NA,NA,NA,NA,NA   NA   NA   NA,NA   NA   NA   NA
STTD_2022-04-11 08:05:00,4/11/2022 8:05,STTD,2022,D,FALSE,RAN,Ebb,1,17,0.36,708,836,7.99,7.36,22.7,10,Low,670020,667022,2998,2998,19.72418551,19.72418551,1,sampled from jonboat,NA,Aquatic Insect,NA,NA,Chironomidae,NA,Pupae,1,0.051,0.051,NA,NA,NA,NA,NA,NA,NA,NA,NA,NA,NA   NA   NA   NA,NA   NA   NA   NA
STTD_2022-04-11 08:05:00,4/11/2022 8:05,STTD,2022,D,FALSE,RAN,Ebb,1,17,0.36,708,836,7.99,7.36,22.7,10,Low,670020,667022,2998,2998,19.72418551,19.72418551,1,sampled from jonboat,NA,Aquatic Insect,NA,NA,Corixidae,NA,Nymphs,1,0.051,0.051,NA,NA,NA,NA,NA,NA,NA,NA,NA,NA,NA   NA   NA   NA,NA   NA   NA   NA
STTD_2022-04-11 08:05:00,4/11/2022 8:05,STTD,2022,D,FALSE,RAN,Ebb,1,17,0.36,708,836,7.99,7.36,22.7,10,Low,670020,667022,2998,2998,19.72418551,19.72418551,1,sampled from jonboat,NA,Aquatic Insect,NA,NA,Coenagrionidae,NA,Nymphs,1,0.051,0.051,NA,NA,NA,NA,NA,NA,NA,NA,NA,NA,NA   NA   NA   NA,NA   NA   NA   NA
STTD_2022-04-11 08:05:00,4/11/2022 8:05,STTD,2022,D,FALSE,RAN,Ebb,1,17,0.36,708,836,7.99,7.36,22.7,10,Low,670020,667022,2998,2998,19.72418551,19.72418551,1,sampled from jonboat,NA,Aquatic Non-Insect,NA,NA,Corophiidae,NA,NA,7,0.355,0.355,NA,NA,NA,NA,NA,NA,NA,NA,NA,NA,NA   NA   NA   NA,NA   NA   NA   NA
STTD_2022-04-11 08:05:00,4/11/2022 8:05,STTD,2022,D,FALSE,RAN,Ebb,1,17,0.36,708,836,7.99,7.36,22.7,10,Low,670020,667022,2998,2998,19.72418551,19.72418551,1,sampled from jonboat,NA,Aquatic Non-Insect,NA,NA,Hyalellidae,NA,NA,1,0.051,0.051,NA,NA,NA,NA,NA,NA,NA,NA,NA,NA,NA   NA   NA   NA,NA   NA   NA   NA
STTD_2022-04-11 08:05:00,4/11/2022 8:05,STTD,2022,D,FALSE,RAN,Ebb,1,17,0.36,708,836,7.99,7.36,22.7,10,Low,670020,667022,2998,2998,19.72418551,19.72418551,1,sampled from jonboat,NA,Aquatic Non-Insect,NA,NA,Ostracoda,NA,NA,1,0.051,0.051,NA,NA,NA,NA,NA,NA,NA,NA,NA,NA,NA   NA   NA   NA,NA   NA   NA   NA
SHR_2022-04-12 08:26:00,4/12/2022 8:26,SHR,2022,D,FALSE,CLR,Ebb,1,15.5,1.46,120,147,7.52,9.39,8.9,5,Low,666881,662712,4169,4169,27.42832868,27.42832868,1,"high silt, shortened tow",NA,Aquatic Non-Insect,NA,NA,Actinopterygii,NA,NA,8,0.292,0.292,NA,NA,1,SAMP,NA,NA,NA,NA,NA,NA,1   NA   NA   NA,SAMP   NA   NA   NA
SHR_2022-04-12 08:26:00,4/12/2022 8:26,SHR,2022,D,FALSE,CLR,Ebb,1,15.5,1.46,120,147,7.52,9.39,8.9,5,Low,666881,662712,4169,4169,27.42832868,27.42832868,1,"high silt, shortened tow",NA,Terrestrial Insect,NA,NA,Coleoptera,NA,Adults,1,0.036,0.036,NA,NA,1,SAMP,NA,NA,NA,NA,NA,NA,1   NA   NA   NA,SAMP   NA   NA   NA
SHR_2022-04-12 08:26:00,4/12/2022 8:26,SHR,2022,D,FALSE,CLR,Ebb,1,15.5,1.46,120,147,7.52,9.39,8.9,5,Low,666881,662712,4169,4169,27.42832868,27.42832868,1,"high silt, shortened tow",NA,Aquatic Insect,NA,NA,Chironomidae,NA,Pupae,1,0.036,0.036,NA,NA,1,SAMP,NA,NA,NA,NA,NA,NA,1   NA   NA   NA,SAMP   NA   NA   NA
SHR_2022-04-12 08:26:00,4/12/2022 8:26,SHR,2022,D,FALSE,CLR,Ebb,1,15.5,1.46,120,147,7.52,9.39,8.9,5,Low,666881,662712,4169,4169,27.42832868,27.42832868,1,"high silt, shortened tow",NA,Aquatic Insect,NA,NA,Chironomidae,NA,Adults,11,0.401,0.401,NA,NA,1,SAMP,NA,NA,NA,NA,NA,NA,1   NA   NA   NA,SAMP   NA   NA   NA
SHR_2022-04-12 08:26:00,4/12/2022 8:26,SHR,2022,D,FALSE,CLR,Ebb,1,15.5,1.46,120,147,7.52,9.39,8.9,5,Low,666881,662712,4169,4169,27.42832868,27.42832868,1,"high silt, shortened tow",NA,Terrestrial Insect,NA,NA,Hemiptera,NA,Adults,1,0.036,0.036,NA,NA,1,SAMP,NA,NA,NA,NA,NA,NA,1   NA   NA   NA,SAMP   NA   NA   NA
SHR_2022-04-12 08:26:00,4/12/2022 8:26,SHR,2022,D,FALSE,CLR,Ebb,1,15.5,1.46,120,147,7.52,9.39,8.9,5,Low,666881,662712,4169,4169,27.42832868,27.42832868,1,"high silt, shortened tow",NA,Terrestrial Insect,NA,NA,Hymenoptera,NA,Adults,13,0.474,0.474,NA,NA,1,SAMP,NA,NA,NA,NA,NA,NA,1   NA   NA   NA,SAMP   NA   NA   NA
SHR_2022-04-12 08:26:00,4/12/2022 8:26,SHR,2022,D,FALSE,CLR,Ebb,1,15.5,1.46,120,147,7.52,9.39,8.9,5,Low,666881,662712,4169,4169,27.42832868,27.42832868,1,"high silt, shortened tow",NA,Terrestrial Insect,NA,NA,Psocoptera,NA,Adults,1,0.036,0.036,NA,NA,1,SAMP,NA,NA,NA,NA,NA,NA,1   NA   NA   NA,SAMP   NA   NA   NA
STTD_2022-04-25 08:07:00,4/25/2022 8:07,STTD,2022,D,FALSE,CLD,Ebb,1,18.3,0.35,647,743,8.07,7.66,22.8,10,Low,662700,660099,2601,2601,17.11227702,17.11227702,NA,NA,NA,Aquatic Non-Insect,NA,NA,Actinopterygii,NA,NA,15,0.877,0.877,NA,NA,NA,NA,NA,NA,NA,NA,NA,NA,NA   NA   NA   NA,NA   NA   NA   NA
STTD_2022-04-25 08:07:00,4/25/2022 8:07,STTD,2022,D,FALSE,CLD,Ebb,1,18.3,0.35,647,743,8.07,7.66,22.8,10,Low,662700,660099,2601,2601,17.11227702,17.11227702,NA,NA,NA,Aquatic Non-Insect,NA,NA,Pionidae,NA,NA,2,0.117,0.117,NA,NA,NA,NA,NA,NA,NA,NA,NA,NA,NA   NA   NA   NA,NA   NA   NA   NA
STTD_2022-04-25 08:07:00,4/25/2022 8:07,STTD,2022,D,FALSE,CLD,Ebb,1,18.3,0.35,647,743,8.07,7.66,22.8,10,Low,662700,660099,2601,2601,17.11227702,17.11227702,NA,NA,NA,Aquatic Insect,NA,NA,Ceratopogonidae,NA,Adults,1,0.058,0.058,NA,NA,NA,NA,NA,NA,NA,NA,NA,NA,NA   NA   NA   NA,NA   NA   NA   NA
STTD_2022-04-25 08:07:00,4/25/2022 8:07,STTD,2022,D,FALSE,CLD,Ebb,1,18.3,0.35,647,743,8.07,7.66,22.8,10,Low,662700,660099,2601,2601,17.11227702,17.11227702,NA,NA,NA,Aquatic Insect,NA,NA,Chironomidae,NA,Adults,2,0.117,0.117,NA,NA,NA,NA,NA,NA,NA,NA,NA,NA,NA   NA   NA   NA,NA   NA   NA   NA
STTD_2022-04-25 08:07:00,4/25/2022 8:07,STTD,2022,D,FALSE,CLD,Ebb,1,18.3,0.35,647,743,8.07,7.66,22.8,10,Low,662700,660099,2601,2601,17.11227702,17.11227702,NA,NA,NA,Terrestrial Insect,NA,NA,Hemiptera,NA,Adults,4,0.234,0.234,NA,NA,NA,NA,NA,NA,NA,NA,NA,NA,NA   NA   NA   NA,NA   NA   NA   NA
STTD_2022-04-25 08:07:00,4/25/2022 8:07,STTD,2022,D,FALSE,CLD,Ebb,1,18.3,0.35,647,743,8.07,7.66,22.8,10,Low,662700,660099,2601,2601,17.11227702,17.11227702,NA,NA,NA,Terrestrial Insect,NA,NA,Thysanoptera,NA,Adults,1,0.058,0.058,NA,NA,NA,NA,NA,NA,NA,NA,NA,NA,NA   NA   NA   NA,NA   NA   NA   NA
STTD_2022-04-25 08:07:00,4/25/2022 8:07,STTD,2022,D,FALSE,CLD,Ebb,1,18.3,0.35,647,743,8.07,7.66,22.8,10,Low,662700,660099,2601,2601,17.11227702,17.11227702,NA,NA,NA,Aquatic Non-Insect,NA,NA,Corophiidae,NA,NA,2,0.117,0.117,NA,NA,NA,NA,NA,NA,NA,NA,NA,NA,NA   NA   NA   NA,NA   NA   NA   NA
STTD_2022-04-25 08:07:00,4/25/2022 8:07,STTD,2022,D,FALSE,CLD,Ebb,1,18.3,0.35,647,743,8.07,7.66,22.8,10,Low,662700,660099,2601,2601,17.11227702,17.11227702,NA,NA,NA,Aquatic Non-Insect,NA,NA,Leptocheliidae,NA,NA,1,0.058,0.058,NA,NA,NA,NA,NA,NA,NA,NA,NA,NA,NA   NA   NA   NA,NA   NA   NA   NA
SHR_2022-04-26 08:55:00,4/26/2022 8:55,SHR,2022,D,FALSE,CLR,Ebb,1,17.2,1.25,120,140,10.1,9.13,6.1,10,Low,659837,650652,9185,9185,60.42916741,60.42916741,1,NA,NA,Aquatic Non-Insect,NA,NA,Actinopterygii,NA,NA,1,0.017,0.017,2,PH,NA,NA,NA,NA,NA,NA,NA,NA,NA   NA   NA   NA,NA   NA   NA   NA
SHR_2022-04-26 08:55:00,4/26/2022 8:55,SHR,2022,D,FALSE,CLR,Ebb,1,17.2,1.25,120,140,10.1,9.13,6.1,10,Low,659837,650652,9185,9185,60.42916741,60.42916741,1,NA,NA,Terrestrial Non-Insect,NA,NA,Acari,NA,NA,1,0.017,0.017,2,PH,NA,NA,NA,NA,NA,NA,NA,NA,NA   NA   NA   NA,NA   NA   NA   NA
SHR_2022-04-26 08:55:00,4/26/2022 8:55,SHR,2022,D,FALSE,CLR,Ebb,1,17.2,1.25,120,140,10.1,9.13,6.1,10,Low,659837,650652,9185,9185,60.42916741,60.42916741,1,NA,NA,Aquatic Non-Insect,NA,NA,Lebertiidae,NA,NA,4,0.066,0.066,2,PH,NA,NA,NA,NA,NA,NA,NA,NA,NA   NA   NA   NA,NA   NA   NA   NA
SHR_2022-04-26 08:55:00,4/26/2022 8:55,SHR,2022,D,FALSE,CLR,Ebb,1,17.2,1.25,120,140,10.1,9.13,6.1,10,Low,659837,650652,9185,9185,60.42916741,60.42916741,1,NA,NA,Aquatic Non-Insect,NA,NA,Mideopsidae,NA,NA,2,0.033,0.033,2,PH,NA,NA,NA,NA,NA,NA,NA,NA,NA   NA   NA   NA,NA   NA   NA   NA
SHR_2022-04-26 08:55:00,4/26/2022 8:55,SHR,2022,D,FALSE,CLR,Ebb,1,17.2,1.25,120,140,10.1,9.13,6.1,10,Low,659837,650652,9185,9185,60.42916741,60.42916741,1,NA,NA,Aquatic Non-Insect,NA,NA,Pionidae,NA,NA,1,0.017,0.017,2,PH,NA,NA,NA,NA,NA,NA,NA,NA,NA   NA   NA   NA,NA   NA   NA   NA
SHR_2022-04-26 08:55:00,4/26/2022 8:55,SHR,2022,D,FALSE,CLR,Ebb,1,17.2,1.25,120,140,10.1,9.13,6.1,10,Low,659837,650652,9185,9185,60.42916741,60.42916741,1,NA,NA,Terrestrial Insect,NA,NA,Coleoptera,NA,Adults,6,0.099,0.099,2,PH,NA,NA,NA,NA,NA,NA,NA,NA,NA   NA   NA   NA,NA   NA   NA   NA
SHR_2022-04-26 08:55:00,4/26/2022 8:55,SHR,2022,D,FALSE,CLR,Ebb,1,17.2,1.25,120,140,10.1,9.13,6.1,10,Low,659837,650652,9185,9185,60.42916741,60.42916741,1,NA,NA,Aquatic Insect,NA,NA,Dytiscidae,NA,Adults,4,0.066,0.066,2,PH,NA,NA,NA,NA,NA,NA,NA,NA,NA   NA   NA   NA,NA   NA   NA   NA
SHR_2022-04-26 08:55:00,4/26/2022 8:55,SHR,2022,D,FALSE,CLR,Ebb,1,17.2,1.25,120,140,10.1,9.13,6.1,10,Low,659837,650652,9185,9185,60.42916741,60.42916741,1,NA,NA,Aquatic Insect,NA,NA,Hydraenidae,NA,Adults,1,0.017,0.017,2,PH,NA,NA,NA,NA,NA,NA,NA,NA,NA   NA   NA   NA,NA   NA   NA   NA
SHR_2022-04-26 08:55:00,4/26/2022 8:55,SHR,2022,D,FALSE,CLR,Ebb,1,17.2,1.25,120,140,10.1,9.13,6.1,10,Low,659837,650652,9185,9185,60.42916741,60.42916741,1,NA,NA,Terrestrial Non-Insect,NA,NA,Collembola,NA,Larvae,17,0.281,0.281,2,PH,NA,NA,NA,NA,NA,NA,NA,NA,NA   NA   NA   NA,NA   NA   NA   NA
SHR_2022-04-26 08:55:00,4/26/2022 8:55,SHR,2022,D,FALSE,CLR,Ebb,1,17.2,1.25,120,140,10.1,9.13,6.1,10,Low,659837,650652,9185,9185,60.42916741,60.42916741,1,NA,NA,Terrestrial Insect,NA,NA,Diptera,NA,Adults,13,0.215,0.215,2,PH,NA,NA,NA,NA,NA,NA,NA,NA,NA   NA   NA   NA,NA   NA   NA   NA
SHR_2022-04-26 08:55:00,4/26/2022 8:55,SHR,2022,D,FALSE,CLR,Ebb,1,17.2,1.25,120,140,10.1,9.13,6.1,10,Low,659837,650652,9185,9185,60.42916741,60.42916741,1,NA,NA,Aquatic Insect,NA,NA,Ceratopogonidae,NA,Pupae,17,0.281,0.281,2,PH,NA,NA,NA,NA,NA,NA,NA,NA,NA   NA   NA   NA,NA   NA   NA   NA
SHR_2022-04-26 08:55:00,4/26/2022 8:55,SHR,2022,D,FALSE,CLR,Ebb,1,17.2,1.25,120,140,10.1,9.13,6.1,10,Low,659837,650652,9185,9185,60.42916741,60.42916741,1,NA,NA,Aquatic Insect,NA,NA,Chironomidae,NA,Larvae,16,0.265,0.265,2,PH,NA,NA,NA,NA,NA,NA,NA,NA,NA   NA   NA   NA,NA   NA   NA   NA
SHR_2022-04-26 08:55:00,4/26/2022 8:55,SHR,2022,D,FALSE,CLR,Ebb,1,17.2,1.25,120,140,10.1,9.13,6.1,10,Low,659837,650652,9185,9185,60.42916741,60.42916741,1,NA,NA,Aquatic Insect,NA,NA,Chironomidae,NA,Pupae,12,0.199,0.199,2,PH,NA,NA,NA,NA,NA,NA,NA,NA,NA   NA   NA   NA,NA   NA   NA   NA
SHR_2022-04-26 08:55:00,4/26/2022 8:55,SHR,2022,D,FALSE,CLR,Ebb,1,17.2,1.25,120,140,10.1,9.13,6.1,10,Low,659837,650652,9185,9185,60.42916741,60.42916741,1,NA,NA,Aquatic Insect,NA,NA,Chironomidae,NA,Adults,106,1.754,1.754,2,PH,NA,NA,NA,NA,NA,NA,NA,NA,NA   NA   NA   NA,NA   NA   NA   NA
SHR_2022-04-26 08:55:00,4/26/2022 8:55,SHR,2022,D,FALSE,CLR,Ebb,1,17.2,1.25,120,140,10.1,9.13,6.1,10,Low,659837,650652,9185,9185,60.42916741,60.42916741,1,NA,NA,Terrestrial Insect,NA,NA,Hemiptera,NA,Larvae,1,0.017,0.017,2,PH,NA,NA,NA,NA,NA,NA,NA,NA,NA   NA   NA   NA,NA   NA   NA   NA
SHR_2022-04-26 08:55:00,4/26/2022 8:55,SHR,2022,D,FALSE,CLR,Ebb,1,17.2,1.25,120,140,10.1,9.13,6.1,10,Low,659837,650652,9185,9185,60.42916741,60.42916741,1,NA,NA,Terrestrial Insect,NA,NA,Hemiptera,NA,Adults,15,0.248,0.248,2,PH,NA,NA,NA,NA,NA,NA,NA,NA,NA   NA   NA   NA,NA   NA   NA   NA
SHR_2022-04-26 08:55:00,4/26/2022 8:55,SHR,2022,D,FALSE,CLR,Ebb,1,17.2,1.25,120,140,10.1,9.13,6.1,10,Low,659837,650652,9185,9185,60.42916741,60.42916741,1,NA,NA,Aquatic Insect,NA,NA,Corixidae,NA,Nymphs,13,0.215,0.215,2,PH,NA,NA,NA,NA,NA,NA,NA,NA,NA   NA   NA   NA,NA   NA   NA   NA
SHR_2022-04-26 08:55:00,4/26/2022 8:55,SHR,2022,D,FALSE,CLR,Ebb,1,17.2,1.25,120,140,10.1,9.13,6.1,10,Low,659837,650652,9185,9185,60.42916741,60.42916741,1,NA,NA,Terrestrial Insect,NA,NA,Hymenoptera,NA,Adults,22,0.364,0.364,2,PH,NA,NA,NA,NA,NA,NA,NA,NA,NA   NA   NA   NA,NA   NA   NA   NA
SHR_2022-04-26 08:55:00,4/26/2022 8:55,SHR,2022,D,FALSE,CLR,Ebb,1,17.2,1.25,120,140,10.1,9.13,6.1,10,Low,659837,650652,9185,9185,60.42916741,60.42916741,1,NA,NA,Terrestrial Insect,NA,NA,Psocoptera,NA,Adults,3,0.05,0.05,2,PH,NA,NA,NA,NA,NA,NA,NA,NA,NA   NA   NA   NA,NA   NA   NA   NA
SHR_2022-04-26 08:55:00,4/26/2022 8:55,SHR,2022,D,FALSE,CLR,Ebb,1,17.2,1.25,120,140,10.1,9.13,6.1,10,Low,659837,650652,9185,9185,60.42916741,60.42916741,1,NA,NA,Terrestrial Insect,NA,NA,Thysanoptera,NA,Adults,2,0.033,0.033,2,PH,NA,NA,NA,NA,NA,NA,NA,NA,NA   NA   NA   NA,NA   NA   NA   NA
SHR_2022-04-26 08:55:00,4/26/2022 8:55,SHR,2022,D,FALSE,CLR,Ebb,1,17.2,1.25,120,140,10.1,9.13,6.1,10,Low,659837,650652,9185,9185,60.42916741,60.42916741,1,NA,NA,Aquatic Insect,NA,NA,Hydroptilidae,NA,Larvae,2,0.033,0.033,2,PH,NA,NA,NA,NA,NA,NA,NA,NA,NA   NA   NA   NA,NA   NA   NA   NA
SHR_2022-04-26 08:55:00,4/26/2022 8:55,SHR,2022,D,FALSE,CLR,Ebb,1,17.2,1.25,120,140,10.1,9.13,6.1,10,Low,659837,650652,9185,9185,60.42916741,60.42916741,1,NA,NA,Aquatic Insect,NA,NA,Leptoceridae,NA,Larvae,1,0.017,0.017,2,PH,NA,NA,NA,NA,NA,NA,NA,NA,NA   NA   NA   NA,NA   NA   NA   NA
SHR_2022-04-26 08:55:00,4/26/2022 8:55,SHR,2022,D,FALSE,CLR,Ebb,1,17.2,1.25,120,140,10.1,9.13,6.1,10,Low,659837,650652,9185,9185,60.42916741,60.42916741,1,NA,NA,Aquatic Non-Insect,NA,NA,Crangonyctidae,NA,NA,2,0.033,0.033,2,PH,NA,NA,NA,NA,NA,NA,NA,NA,NA   NA   NA   NA,NA   NA   NA   NA
SHR_2022-04-26 08:55:00,4/26/2022 8:55,SHR,2022,D,FALSE,CLR,Ebb,1,17.2,1.25,120,140,10.1,9.13,6.1,10,Low,659837,650652,9185,9185,60.42916741,60.42916741,1,NA,NA,Aquatic Non-Insect,NA,NA,Hyalellidae,NA,NA,9,0.149,0.149,2,PH,NA,NA,NA,NA,NA,NA,NA,NA,NA   NA   NA   NA,NA   NA   NA   NA
STTD_2022-05-09 10:39:00,5/9/2022 10:39,STTD,2022,D,FALSE,CLR,High,1,17.9,0.58,239,276,8.91,9.34,10.4,10,Low,650490,647080,3410,3410,22.43478071,22.43478071,1,NA,NA,Aquatic Non-Insect,NA,NA,Actinopterygii,NA,NA,19,0.847,0.847,NA,NA,NA,NA,NA,NA,NA,NA,NA,NA,NA   NA   NA   NA,NA   NA   NA   NA
STTD_2022-05-09 10:39:00,5/9/2022 10:39,STTD,2022,D,FALSE,CLR,High,1,17.9,0.58,239,276,8.91,9.34,10.4,10,Low,650490,647080,3410,3410,22.43478071,22.43478071,1,NA,NA,Aquatic Non-Insect,NA,NA,Acari,NA,NA,1,0.045,0.045,NA,NA,NA,NA,NA,NA,NA,NA,NA,NA,NA   NA   NA   NA,NA   NA   NA   NA
STTD_2022-05-09 10:39:00,5/9/2022 10:39,STTD,2022,D,FALSE,CLR,High,1,17.9,0.58,239,276,8.91,9.34,10.4,10,Low,650490,647080,3410,3410,22.43478071,22.43478071,1,NA,NA,Aquatic Non-Insect,NA,NA,Pionidae,NA,NA,2,0.089,0.089,NA,NA,NA,NA,NA,NA,NA,NA,NA,NA,NA   NA   NA   NA,NA   NA   NA   NA
STTD_2022-05-09 10:39:00,5/9/2022 10:39,STTD,2022,D,FALSE,CLR,High,1,17.9,0.58,239,276,8.91,9.34,10.4,10,Low,650490,647080,3410,3410,22.43478071,22.43478071,1,NA,NA,Aquatic Non-Insect,NA,NA,Physidae,NA,NA,1,0.045,0.045,NA,NA,NA,NA,NA,NA,NA,NA,NA,NA,NA   NA   NA   NA,NA   NA   NA   NA
STTD_2022-05-09 10:39:00,5/9/2022 10:39,STTD,2022,D,FALSE,CLR,High,1,17.9,0.58,239,276,8.91,9.34,10.4,10,Low,650490,647080,3410,3410,22.43478071,22.43478071,1,NA,NA,Terrestrial Insect,NA,NA,Diptera,NA,Adults,8,0.357,0.357,NA,NA,NA,NA,NA,NA,NA,NA,NA,NA,NA   NA   NA   NA,NA   NA   NA   NA
STTD_2022-05-09 10:39:00,5/9/2022 10:39,STTD,2022,D,FALSE,CLR,High,1,17.9,0.58,239,276,8.91,9.34,10.4,10,Low,650490,647080,3410,3410,22.43478071,22.43478071,1,NA,NA,Aquatic Insect,NA,NA,Ceratopogonidae,NA,Pupae,1,0.045,0.045,NA,NA,NA,NA,NA,NA,NA,NA,NA,NA,NA   NA   NA   NA,NA   NA   NA   NA
STTD_2022-05-09 10:39:00,5/9/2022 10:39,STTD,2022,D,FALSE,CLR,High,1,17.9,0.58,239,276,8.91,9.34,10.4,10,Low,650490,647080,3410,3410,22.43478071,22.43478071,1,NA,NA,Aquatic Insect,NA,NA,Chironomidae,NA,Larvae,1,0.045,0.045,NA,NA,NA,NA,NA,NA,NA,NA,NA,NA,NA   NA   NA   NA,NA   NA   NA   NA
STTD_2022-05-09 10:39:00,5/9/2022 10:39,STTD,2022,D,FALSE,CLR,High,1,17.9,0.58,239,276,8.91,9.34,10.4,10,Low,650490,647080,3410,3410,22.43478071,22.43478071,1,NA,NA,Aquatic Insect,NA,NA,Chironomidae,NA,Pupae,1,0.045,0.045,NA,NA,NA,NA,NA,NA,NA,NA,NA,NA,NA   NA   NA   NA,NA   NA   NA   NA
STTD_2022-05-09 10:39:00,5/9/2022 10:39,STTD,2022,D,FALSE,CLR,High,1,17.9,0.58,239,276,8.91,9.34,10.4,10,Low,650490,647080,3410,3410,22.43478071,22.43478071,1,NA,NA,Aquatic Insect,NA,NA,Chironomidae,NA,Adults,3,0.134,0.134,NA,NA,NA,NA,NA,NA,NA,NA,NA,NA,NA   NA   NA   NA,NA   NA   NA   NA
STTD_2022-05-09 10:39:00,5/9/2022 10:39,STTD,2022,D,FALSE,CLR,High,1,17.9,0.58,239,276,8.91,9.34,10.4,10,Low,650490,647080,3410,3410,22.43478071,22.43478071,1,NA,NA,Terrestrial Insect,NA,NA,Hemiptera,NA,Nymphs,1,0.045,0.045,NA,NA,NA,NA,NA,NA,NA,NA,NA,NA,NA   NA   NA   NA,NA   NA   NA   NA
STTD_2022-05-09 10:39:00,5/9/2022 10:39,STTD,2022,D,FALSE,CLR,High,1,17.9,0.58,239,276,8.91,9.34,10.4,10,Low,650490,647080,3410,3410,22.43478071,22.43478071,1,NA,NA,Terrestrial Insect,NA,NA,Hemiptera,NA,Adults,8,0.357,0.357,NA,NA,NA,NA,NA,NA,NA,NA,NA,NA,NA   NA   NA   NA,NA   NA   NA   NA
STTD_2022-05-09 10:39:00,5/9/2022 10:39,STTD,2022,D,FALSE,CLR,High,1,17.9,0.58,239,276,8.91,9.34,10.4,10,Low,650490,647080,3410,3410,22.43478071,22.43478071,1,NA,NA,Aquatic Insect,NA,NA,Corixidae,NA,Nymphs,2,0.089,0.089,NA,NA,NA,NA,NA,NA,NA,NA,NA,NA,NA   NA   NA   NA,NA   NA   NA   NA
STTD_2022-05-09 10:39:00,5/9/2022 10:39,STTD,2022,D,FALSE,CLR,High,1,17.9,0.58,239,276,8.91,9.34,10.4,10,Low,650490,647080,3410,3410,22.43478071,22.43478071,1,NA,NA,Terrestrial Insect,NA,NA,Hymenoptera,NA,Adults,4,0.178,0.178,NA,NA,NA,NA,NA,NA,NA,NA,NA,NA,NA   NA   NA   NA,NA   NA   NA   NA
STTD_2022-05-09 10:39:00,5/9/2022 10:39,STTD,2022,D,FALSE,CLR,High,1,17.9,0.58,239,276,8.91,9.34,10.4,10,Low,650490,647080,3410,3410,22.43478071,22.43478071,1,NA,NA,Terrestrial Insect,NA,NA,Psocoptera,NA,Adults,1,0.045,0.045,NA,NA,NA,NA,NA,NA,NA,NA,NA,NA,NA   NA   NA   NA,NA   NA   NA   NA
STTD_2022-05-09 10:39:00,5/9/2022 10:39,STTD,2022,D,FALSE,CLR,High,1,17.9,0.58,239,276,8.91,9.34,10.4,10,Low,650490,647080,3410,3410,22.43478071,22.43478071,1,NA,NA,Terrestrial Insect,NA,NA,Thysanoptera,NA,Adults,3,0.134,0.134,NA,NA,NA,NA,NA,NA,NA,NA,NA,NA,NA   NA   NA   NA,NA   NA   NA   NA
STTD_2022-05-09 10:39:00,5/9/2022 10:39,STTD,2022,D,FALSE,CLR,High,1,17.9,0.58,239,276,8.91,9.34,10.4,10,Low,650490,647080,3410,3410,22.43478071,22.43478071,1,NA,NA,Aquatic Insect,NA,NA,Trichoptera,NA,Adults,1,0.045,0.045,NA,NA,NA,NA,NA,NA,NA,NA,NA,NA,NA   NA   NA   NA,NA   NA   NA   NA
SHR_2022-05-10 08:34:00,5/10/2022 8:34,SHR,2022,D,FALSE,CLR,Low,1,17.5,0.91,119,138,7.64,9.35,7.4,10,Low,647088,635795,11293,11293,74.29794094,74.29794094,1,NA,NA,Aquatic Non-Insect,NA,NA,Actinopterygii,NA,NA,3,0.04,0.04,NA,NA,NA,NA,NA,NA,NA,NA,NA,NA,NA   NA   NA   NA,NA   NA   NA   NA
SHR_2022-05-10 08:34:00,5/10/2022 8:34,SHR,2022,D,FALSE,CLR,Low,1,17.5,0.91,119,138,7.64,9.35,7.4,10,Low,647088,635795,11293,11293,74.29794094,74.29794094,1,NA,NA,Terrestrial Non-Insect,NA,NA,Araneae,NA,NA,4,0.054,0.054,NA,NA,NA,NA,NA,NA,NA,NA,NA,NA,NA   NA   NA   NA,NA   NA   NA   NA
SHR_2022-05-10 08:34:00,5/10/2022 8:34,SHR,2022,D,FALSE,CLR,Low,1,17.5,0.91,119,138,7.64,9.35,7.4,10,Low,647088,635795,11293,11293,74.29794094,74.29794094,1,NA,NA,Aquatic Non-Insect,NA,NA,Lebertiidae,NA,NA,3,0.04,0.04,NA,NA,NA,NA,NA,NA,NA,NA,NA,NA,NA   NA   NA   NA,NA   NA   NA   NA
SHR_2022-05-10 08:34:00,5/10/2022 8:34,SHR,2022,D,FALSE,CLR,Low,1,17.5,0.91,119,138,7.64,9.35,7.4,10,Low,647088,635795,11293,11293,74.29794094,74.29794094,1,NA,NA,Aquatic Non-Insect,NA,NA,Mideopsidae,NA,NA,1,0.013,0.013,NA,NA,NA,NA,NA,NA,NA,NA,NA,NA,NA   NA   NA   NA,NA   NA   NA   NA
SHR_2022-05-10 08:34:00,5/10/2022 8:34,SHR,2022,D,FALSE,CLR,Low,1,17.5,0.91,119,138,7.64,9.35,7.4,10,Low,647088,635795,11293,11293,74.29794094,74.29794094,1,NA,NA,Aquatic Non-Insect,NA,NA,Hydridae,NA,NA,1,0.013,0.013,NA,NA,NA,NA,NA,NA,NA,NA,NA,NA,NA   NA   NA   NA,NA   NA   NA   NA
SHR_2022-05-10 08:34:00,5/10/2022 8:34,SHR,2022,D,FALSE,CLR,Low,1,17.5,0.91,119,138,7.64,9.35,7.4,10,Low,647088,635795,11293,11293,74.29794094,74.29794094,1,NA,NA,Aquatic Insect,NA,NA,Hydraenidae,NA,Adults,3,0.04,0.04,NA,NA,NA,NA,NA,NA,NA,NA,NA,NA,NA   NA   NA   NA,NA   NA   NA   NA
SHR_2022-05-10 08:34:00,5/10/2022 8:34,SHR,2022,D,FALSE,CLR,Low,1,17.5,0.91,119,138,7.64,9.35,7.4,10,Low,647088,635795,11293,11293,74.29794094,74.29794094,1,NA,NA,Terrestrial Non-Insect,NA,NA,Collembola,NA,Adults,1,0.013,0.013,NA,NA,NA,NA,NA,NA,NA,NA,NA,NA,NA   NA   NA   NA,NA   NA   NA   NA
SHR_2022-05-10 08:34:00,5/10/2022 8:34,SHR,2022,D,FALSE,CLR,Low,1,17.5,0.91,119,138,7.64,9.35,7.4,10,Low,647088,635795,11293,11293,74.29794094,74.29794094,1,NA,NA,Terrestrial Insect,NA,NA,Diptera,NA,Adults,15,0.202,0.202,NA,NA,NA,NA,NA,NA,NA,NA,NA,NA,NA   NA   NA   NA,NA   NA   NA   NA
SHR_2022-05-10 08:34:00,5/10/2022 8:34,SHR,2022,D,FALSE,CLR,Low,1,17.5,0.91,119,138,7.64,9.35,7.4,10,Low,647088,635795,11293,11293,74.29794094,74.29794094,1,NA,NA,Aquatic Insect,NA,NA,Ceratopogonidae,NA,Pupae,7,0.094,0.094,NA,NA,NA,NA,NA,NA,NA,NA,NA,NA,NA   NA   NA   NA,NA   NA   NA   NA
SHR_2022-05-10 08:34:00,5/10/2022 8:34,SHR,2022,D,FALSE,CLR,Low,1,17.5,0.91,119,138,7.64,9.35,7.4,10,Low,647088,635795,11293,11293,74.29794094,74.29794094,1,NA,NA,Aquatic Insect,NA,NA,Chironomidae,NA,Larvae,1,0.013,0.013,NA,NA,NA,NA,NA,NA,NA,NA,NA,NA,NA   NA   NA   NA,NA   NA   NA   NA
SHR_2022-05-10 08:34:00,5/10/2022 8:34,SHR,2022,D,FALSE,CLR,Low,1,17.5,0.91,119,138,7.64,9.35,7.4,10,Low,647088,635795,11293,11293,74.29794094,74.29794094,1,NA,NA,Aquatic Insect,NA,NA,Chironomidae,NA,Pupae,11,0.148,0.148,NA,NA,NA,NA,NA,NA,NA,NA,NA,NA,NA   NA   NA   NA,NA   NA   NA   NA
SHR_2022-05-10 08:34:00,5/10/2022 8:34,SHR,2022,D,FALSE,CLR,Low,1,17.5,0.91,119,138,7.64,9.35,7.4,10,Low,647088,635795,11293,11293,74.29794094,74.29794094,1,NA,NA,Aquatic Insect,NA,NA,Chironomidae,NA,Adults,191,2.571,2.571,NA,NA,NA,NA,NA,NA,NA,NA,NA,NA,NA   NA   NA   NA,NA   NA   NA   NA
SHR_2022-05-10 08:34:00,5/10/2022 8:34,SHR,2022,D,FALSE,CLR,Low,1,17.5,0.91,119,138,7.64,9.35,7.4,10,Low,647088,635795,11293,11293,74.29794094,74.29794094,1,NA,NA,Terrestrial Insect,NA,NA,Hemiptera,NA,Adults,17,0.229,0.229,NA,NA,NA,NA,NA,NA,NA,NA,NA,NA,NA   NA   NA   NA,NA   NA   NA   NA
SHR_2022-05-10 08:34:00,5/10/2022 8:34,SHR,2022,D,FALSE,CLR,Low,1,17.5,0.91,119,138,7.64,9.35,7.4,10,Low,647088,635795,11293,11293,74.29794094,74.29794094,1,NA,NA,Aquatic Insect,NA,NA,Corixidae,NA,Nymphs,1,0.013,0.013,NA,NA,NA,NA,NA,NA,NA,NA,NA,NA,NA   NA   NA   NA,NA   NA   NA   NA
SHR_2022-05-10 08:34:00,5/10/2022 8:34,SHR,2022,D,FALSE,CLR,Low,1,17.5,0.91,119,138,7.64,9.35,7.4,10,Low,647088,635795,11293,11293,74.29794094,74.29794094,1,NA,NA,Terrestrial Insect,NA,NA,Hymenoptera,NA,Adults,9,0.121,0.121,NA,NA,NA,NA,NA,NA,NA,NA,NA,NA,NA   NA   NA   NA,NA   NA   NA   NA
SHR_2022-05-10 08:34:00,5/10/2022 8:34,SHR,2022,D,FALSE,CLR,Low,1,17.5,0.91,119,138,7.64,9.35,7.4,10,Low,647088,635795,11293,11293,74.29794094,74.29794094,1,NA,NA,Terrestrial Insect,NA,NA,Psocoptera,NA,Adults,1,0.013,0.013,NA,NA,NA,NA,NA,NA,NA,NA,NA,NA,NA   NA   NA   NA,NA   NA   NA   NA
SHR_2022-05-10 08:34:00,5/10/2022 8:34,SHR,2022,D,FALSE,CLR,Low,1,17.5,0.91,119,138,7.64,9.35,7.4,10,Low,647088,635795,11293,11293,74.29794094,74.29794094,1,NA,NA,Terrestrial Non-Insect,NA,NA,Thysanoptera,NA,Adults,5,0.067,0.067,NA,NA,NA,NA,NA,NA,NA,NA,NA,NA,NA   NA   NA   NA,NA   NA   NA   NA
SHR_2022-05-10 08:34:00,5/10/2022 8:34,SHR,2022,D,FALSE,CLR,Low,1,17.5,0.91,119,138,7.64,9.35,7.4,10,Low,647088,635795,11293,11293,74.29794094,74.29794094,1,NA,NA,Aquatic Insect,NA,NA,Hydroptilidae,NA,Adults,2,0.027,0.027,NA,NA,NA,NA,NA,NA,NA,NA,NA,NA,NA   NA   NA   NA,NA   NA   NA   NA
SHR_2022-05-10 08:34:00,5/10/2022 8:34,SHR,2022,D,FALSE,CLR,Low,1,17.5,0.91,119,138,7.64,9.35,7.4,10,Low,647088,635795,11293,11293,74.29794094,74.29794094,1,NA,NA,Aquatic Non-Insect,NA,NA,Hyalellidae,NA,NA,1,0.013,0.013,NA,NA,NA,NA,NA,NA,NA,NA,NA,NA,NA   NA   NA   NA,NA   NA   NA   NA
STTD_2022-05-23 10:12:00,5/23/2022 10:12,STTD,2022,D,FALSE,CLR,Flood,1,21.8,0.4,217,231,8.52,8.88,18.7,10,Low,634599,629922,4677,4677,30.77051889,30.77051889,1,towed from Jon boat,NA,Aquatic Non-Insect,NA,NA,Actinopterygii,NA,NA,92,2.99,2.99,NA,NA,1,SAMP,NA,NA,NA,NA,NA,NA,1   NA   NA   NA,SAMP   NA   NA   NA
STTD_2022-05-23 10:12:00,5/23/2022 10:12,STTD,2022,D,FALSE,CLR,Flood,1,21.8,0.4,217,231,8.52,8.88,18.7,10,Low,634599,629922,4677,4677,30.77051889,30.77051889,1,towed from Jon boat,NA,Aquatic Non-Insect,NA,NA,Actinopterygii,NA,NA,92,2.99,2.99,NA,NA,NA,NA,NA,NA,NA,NA,NA,NA,NA   NA   NA   NA,NA   NA   NA   NA
STTD_2022-05-23 10:12:00,5/23/2022 10:12,STTD,2022,D,FALSE,CLR,Flood,1,21.8,0.4,217,231,8.52,8.88,18.7,10,Low,634599,629922,4677,4677,30.77051889,30.77051889,1,towed from Jon boat,NA,Aquatic Non-Insect,NA,NA,Limnesiidae,NA,NA,1,0.032,0.032,NA,NA,1,SAMP,NA,NA,NA,NA,NA,NA,1   NA   NA   NA,SAMP   NA   NA   NA
STTD_2022-05-23 10:12:00,5/23/2022 10:12,STTD,2022,D,FALSE,CLR,Flood,1,21.8,0.4,217,231,8.52,8.88,18.7,10,Low,634599,629922,4677,4677,30.77051889,30.77051889,1,towed from Jon boat,NA,Aquatic Non-Insect,NA,NA,Limnesiidae,NA,NA,1,0.032,0.032,NA,NA,NA,NA,NA,NA,NA,NA,NA,NA,NA   NA   NA   NA,NA   NA   NA   NA
STTD_2022-05-23 10:12:00,5/23/2022 10:12,STTD,2022,D,FALSE,CLR,Flood,1,21.8,0.4,217,231,8.52,8.88,18.7,10,Low,634599,629922,4677,4677,30.77051889,30.77051889,1,towed from Jon boat,NA,Aquatic Non-Insect,NA,NA,Pionidae,NA,NA,3,0.097,0.097,NA,NA,1,SAMP,NA,NA,NA,NA,NA,NA,1   NA   NA   NA,SAMP   NA   NA   NA
STTD_2022-05-23 10:12:00,5/23/2022 10:12,STTD,2022,D,FALSE,CLR,Flood,1,21.8,0.4,217,231,8.52,8.88,18.7,10,Low,634599,629922,4677,4677,30.77051889,30.77051889,1,towed from Jon boat,NA,Aquatic Non-Insect,NA,NA,Pionidae,NA,NA,3,0.097,0.097,NA,NA,NA,NA,NA,NA,NA,NA,NA,NA,NA   NA   NA   NA,NA   NA   NA   NA
STTD_2022-05-23 10:12:00,5/23/2022 10:12,STTD,2022,D,FALSE,CLR,Flood,1,21.8,0.4,217,231,8.52,8.88,18.7,10,Low,634599,629922,4677,4677,30.77051889,30.77051889,1,towed from Jon boat,NA,Aquatic Non-Insect,NA,NA,Oligochaeta,NA,NA,1,0.032,0.032,NA,NA,1,SAMP,NA,NA,NA,NA,NA,NA,1   NA   NA   NA,SAMP   NA   NA   NA
STTD_2022-05-23 10:12:00,5/23/2022 10:12,STTD,2022,D,FALSE,CLR,Flood,1,21.8,0.4,217,231,8.52,8.88,18.7,10,Low,634599,629922,4677,4677,30.77051889,30.77051889,1,towed from Jon boat,NA,Aquatic Non-Insect,NA,NA,Oligochaeta,NA,NA,1,0.032,0.032,NA,NA,NA,NA,NA,NA,NA,NA,NA,NA,NA   NA   NA   NA,NA   NA   NA   NA
STTD_2022-05-23 10:12:00,5/23/2022 10:12,STTD,2022,D,FALSE,CLR,Flood,1,21.8,0.4,217,231,8.52,8.88,18.7,10,Low,634599,629922,4677,4677,30.77051889,30.77051889,1,towed from Jon boat,NA,Terrestrial Non-Insect,NA,NA,Lymnaeidae,NA,NA,3,0.097,0.097,NA,NA,1,SAMP,NA,NA,NA,NA,NA,NA,1   NA   NA   NA,SAMP   NA   NA   NA
STTD_2022-05-23 10:12:00,5/23/2022 10:12,STTD,2022,D,FALSE,CLR,Flood,1,21.8,0.4,217,231,8.52,8.88,18.7,10,Low,634599,629922,4677,4677,30.77051889,30.77051889,1,towed from Jon boat,NA,Terrestrial Non-Insect,NA,NA,Lymnaeidae,NA,NA,3,0.097,0.097,NA,NA,NA,NA,NA,NA,NA,NA,NA,NA,NA   NA   NA   NA,NA   NA   NA   NA
STTD_2022-05-23 10:12:00,5/23/2022 10:12,STTD,2022,D,FALSE,CLR,Flood,1,21.8,0.4,217,231,8.52,8.88,18.7,10,Low,634599,629922,4677,4677,30.77051889,30.77051889,1,towed from Jon boat,NA,Aquatic Non-Insect,NA,NA,Physidae,NA,NA,3,0.097,0.097,NA,NA,1,SAMP,NA,NA,NA,NA,NA,NA,1   NA   NA   NA,SAMP   NA   NA   NA
STTD_2022-05-23 10:12:00,5/23/2022 10:12,STTD,2022,D,FALSE,CLR,Flood,1,21.8,0.4,217,231,8.52,8.88,18.7,10,Low,634599,629922,4677,4677,30.77051889,30.77051889,1,towed from Jon boat,NA,Aquatic Non-Insect,NA,NA,Physidae,NA,NA,3,0.097,0.097,NA,NA,NA,NA,NA,NA,NA,NA,NA,NA,NA   NA   NA   NA,NA   NA   NA   NA
STTD_2022-05-23 10:12:00,5/23/2022 10:12,STTD,2022,D,FALSE,CLR,Flood,1,21.8,0.4,217,231,8.52,8.88,18.7,10,Low,634599,629922,4677,4677,30.77051889,30.77051889,1,towed from Jon boat,NA,Aquatic Non-Insect,NA,NA,Planorbidae,NA,NA,2,0.065,0.065,NA,NA,1,SAMP,NA,NA,NA,NA,NA,NA,1   NA   NA   NA,SAMP   NA   NA   NA
STTD_2022-05-23 10:12:00,5/23/2022 10:12,STTD,2022,D,FALSE,CLR,Flood,1,21.8,0.4,217,231,8.52,8.88,18.7,10,Low,634599,629922,4677,4677,30.77051889,30.77051889,1,towed from Jon boat,NA,Aquatic Non-Insect,NA,NA,Planorbidae,NA,NA,2,0.065,0.065,NA,NA,NA,NA,NA,NA,NA,NA,NA,NA,NA   NA   NA   NA,NA   NA   NA   NA
STTD_2022-05-23 10:12:00,5/23/2022 10:12,STTD,2022,D,FALSE,CLR,Flood,1,21.8,0.4,217,231,8.52,8.88,18.7,10,Low,634599,629922,4677,4677,30.77051889,30.77051889,1,towed from Jon boat,NA,Terrestrial Insect,NA,NA,Coleoptera,NA,Larvae,1,0.032,0.032,NA,NA,1,SAMP,NA,NA,NA,NA,NA,NA,1   NA   NA   NA,SAMP   NA   NA   NA
STTD_2022-05-23 10:12:00,5/23/2022 10:12,STTD,2022,D,FALSE,CLR,Flood,1,21.8,0.4,217,231,8.52,8.88,18.7,10,Low,634599,629922,4677,4677,30.77051889,30.77051889,1,towed from Jon boat,NA,Terrestrial Insect,NA,NA,Coleoptera,NA,Larvae,1,0.032,0.032,NA,NA,NA,NA,NA,NA,NA,NA,NA,NA,NA   NA   NA   NA,NA   NA   NA   NA
STTD_2022-05-23 10:12:00,5/23/2022 10:12,STTD,2022,D,FALSE,CLR,Flood,1,21.8,0.4,217,231,8.52,8.88,18.7,10,Low,634599,629922,4677,4677,30.77051889,30.77051889,1,towed from Jon boat,NA,Terrestrial Insect,NA,NA,Diptera,NA,Pupae,1,0.032,0.032,NA,NA,1,SAMP,NA,NA,NA,NA,NA,NA,1   NA   NA   NA,SAMP   NA   NA   NA
STTD_2022-05-23 10:12:00,5/23/2022 10:12,STTD,2022,D,FALSE,CLR,Flood,1,21.8,0.4,217,231,8.52,8.88,18.7,10,Low,634599,629922,4677,4677,30.77051889,30.77051889,1,towed from Jon boat,NA,Terrestrial Insect,NA,NA,Diptera,NA,Pupae,1,0.032,0.032,NA,NA,NA,NA,NA,NA,NA,NA,NA,NA,NA   NA   NA   NA,NA   NA   NA   NA
STTD_2022-05-23 10:12:00,5/23/2022 10:12,STTD,2022,D,FALSE,CLR,Flood,1,21.8,0.4,217,231,8.52,8.88,18.7,10,Low,634599,629922,4677,4677,30.77051889,30.77051889,1,towed from Jon boat,NA,Aquatic Insect,NA,NA,Chironomidae,NA,Larvae,2,0.065,0.065,NA,NA,1,SAMP,NA,NA,NA,NA,NA,NA,1   NA   NA   NA,SAMP   NA   NA   NA
STTD_2022-05-23 10:12:00,5/23/2022 10:12,STTD,2022,D,FALSE,CLR,Flood,1,21.8,0.4,217,231,8.52,8.88,18.7,10,Low,634599,629922,4677,4677,30.77051889,30.77051889,1,towed from Jon boat,NA,Aquatic Insect,NA,NA,Chironomidae,NA,Larvae,2,0.065,0.065,NA,NA,NA,NA,NA,NA,NA,NA,NA,NA,NA   NA   NA   NA,NA   NA   NA   NA
STTD_2022-05-23 10:12:00,5/23/2022 10:12,STTD,2022,D,FALSE,CLR,Flood,1,21.8,0.4,217,231,8.52,8.88,18.7,10,Low,634599,629922,4677,4677,30.77051889,30.77051889,1,towed from Jon boat,NA,Aquatic Insect,NA,NA,Chironomidae,NA,Pupae,1,0.032,0.032,NA,NA,1,SAMP,NA,NA,NA,NA,NA,NA,1   NA   NA   NA,SAMP   NA   NA   NA
STTD_2022-05-23 10:12:00,5/23/2022 10:12,STTD,2022,D,FALSE,CLR,Flood,1,21.8,0.4,217,231,8.52,8.88,18.7,10,Low,634599,629922,4677,4677,30.77051889,30.77051889,1,towed from Jon boat,NA,Aquatic Insect,NA,NA,Chironomidae,NA,Pupae,1,0.032,0.032,NA,NA,NA,NA,NA,NA,NA,NA,NA,NA,NA   NA   NA   NA,NA   NA   NA   NA
STTD_2022-05-23 10:12:00,5/23/2022 10:12,STTD,2022,D,FALSE,CLR,Flood,1,21.8,0.4,217,231,8.52,8.88,18.7,10,Low,634599,629922,4677,4677,30.77051889,30.77051889,1,towed from Jon boat,NA,Aquatic Insect,NA,NA,Chironomidae,NA,Adults,4,0.13,0.13,NA,NA,1,SAMP,NA,NA,NA,NA,NA,NA,1   NA   NA   NA,SAMP   NA   NA   NA
STTD_2022-05-23 10:12:00,5/23/2022 10:12,STTD,2022,D,FALSE,CLR,Flood,1,21.8,0.4,217,231,8.52,8.88,18.7,10,Low,634599,629922,4677,4677,30.77051889,30.77051889,1,towed from Jon boat,NA,Aquatic Insect,NA,NA,Chironomidae,NA,Adults,4,0.13,0.13,NA,NA,NA,NA,NA,NA,NA,NA,NA,NA,NA   NA   NA   NA,NA   NA   NA   NA
STTD_2022-05-23 10:12:00,5/23/2022 10:12,STTD,2022,D,FALSE,CLR,Flood,1,21.8,0.4,217,231,8.52,8.88,18.7,10,Low,634599,629922,4677,4677,30.77051889,30.77051889,1,towed from Jon boat,NA,Aquatic Insect,NA,NA,Hemiptera,NA,Nymphs,2,0.065,0.065,NA,NA,1,SAMP,NA,NA,NA,NA,NA,NA,1   NA   NA   NA,SAMP   NA   NA   NA
STTD_2022-05-23 10:12:00,5/23/2022 10:12,STTD,2022,D,FALSE,CLR,Flood,1,21.8,0.4,217,231,8.52,8.88,18.7,10,Low,634599,629922,4677,4677,30.77051889,30.77051889,1,towed from Jon boat,NA,Aquatic Insect,NA,NA,Hemiptera,NA,Nymphs,2,0.065,0.065,NA,NA,NA,NA,NA,NA,NA,NA,NA,NA,NA   NA   NA   NA,NA   NA   NA   NA
STTD_2022-05-23 10:12:00,5/23/2022 10:12,STTD,2022,D,FALSE,CLR,Flood,1,21.8,0.4,217,231,8.52,8.88,18.7,10,Low,634599,629922,4677,4677,30.77051889,30.77051889,1,towed from Jon boat,NA,Aquatic Insect,NA,NA,Hemiptera,NA,Adults,1,0.032,0.032,NA,NA,1,SAMP,NA,NA,NA,NA,NA,NA,1   NA   NA   NA,SAMP   NA   NA   NA
STTD_2022-05-23 10:12:00,5/23/2022 10:12,STTD,2022,D,FALSE,CLR,Flood,1,21.8,0.4,217,231,8.52,8.88,18.7,10,Low,634599,629922,4677,4677,30.77051889,30.77051889,1,towed from Jon boat,NA,Aquatic Insect,NA,NA,Hemiptera,NA,Adults,1,0.032,0.032,NA,NA,NA,NA,NA,NA,NA,NA,NA,NA,NA   NA   NA   NA,NA   NA   NA   NA
STTD_2022-05-23 10:12:00,5/23/2022 10:12,STTD,2022,D,FALSE,CLR,Flood,1,21.8,0.4,217,231,8.52,8.88,18.7,10,Low,634599,629922,4677,4677,30.77051889,30.77051889,1,towed from Jon boat,NA,Aquatic Insect,NA,NA,Corixidae,NA,Nymphs,3,0.097,0.097,NA,NA,1,SAMP,NA,NA,NA,NA,NA,NA,1   NA   NA   NA,SAMP   NA   NA   NA
STTD_2022-05-23 10:12:00,5/23/2022 10:12,STTD,2022,D,FALSE,CLR,Flood,1,21.8,0.4,217,231,8.52,8.88,18.7,10,Low,634599,629922,4677,4677,30.77051889,30.77051889,1,towed from Jon boat,NA,Aquatic Insect,NA,NA,Corixidae,NA,Nymphs,3,0.097,0.097,NA,NA,NA,NA,NA,NA,NA,NA,NA,NA,NA   NA   NA   NA,NA   NA   NA   NA
STTD_2022-05-23 10:12:00,5/23/2022 10:12,STTD,2022,D,FALSE,CLR,Flood,1,21.8,0.4,217,231,8.52,8.88,18.7,10,Low,634599,629922,4677,4677,30.77051889,30.77051889,1,towed from Jon boat,NA,Terrestrial Insect,NA,NA,Hymenoptera,NA,Adults,2,0.065,0.065,NA,NA,1,SAMP,NA,NA,NA,NA,NA,NA,1   NA   NA   NA,SAMP   NA   NA   NA
STTD_2022-05-23 10:12:00,5/23/2022 10:12,STTD,2022,D,FALSE,CLR,Flood,1,21.8,0.4,217,231,8.52,8.88,18.7,10,Low,634599,629922,4677,4677,30.77051889,30.77051889,1,towed from Jon boat,NA,Terrestrial Insect,NA,NA,Hymenoptera,NA,Adults,2,0.065,0.065,NA,NA,NA,NA,NA,NA,NA,NA,NA,NA,NA   NA   NA   NA,NA   NA   NA   NA
STTD_2022-05-23 10:12:00,5/23/2022 10:12,STTD,2022,D,FALSE,CLR,Flood,1,21.8,0.4,217,231,8.52,8.88,18.7,10,Low,634599,629922,4677,4677,30.77051889,30.77051889,1,towed from Jon boat,NA,Aquatic Insect,NA,NA,Coenagrionidae,NA,Nymphs,1,0.032,0.032,NA,NA,1,SAMP,NA,NA,NA,NA,NA,NA,1   NA   NA   NA,SAMP   NA   NA   NA
STTD_2022-05-23 10:12:00,5/23/2022 10:12,STTD,2022,D,FALSE,CLR,Flood,1,21.8,0.4,217,231,8.52,8.88,18.7,10,Low,634599,629922,4677,4677,30.77051889,30.77051889,1,towed from Jon boat,NA,Aquatic Insect,NA,NA,Coenagrionidae,NA,Nymphs,1,0.032,0.032,NA,NA,NA,NA,NA,NA,NA,NA,NA,NA,NA   NA   NA   NA,NA   NA   NA   NA
STTD_2022-05-23 10:12:00,5/23/2022 10:12,STTD,2022,D,FALSE,CLR,Flood,1,21.8,0.4,217,231,8.52,8.88,18.7,10,Low,634599,629922,4677,4677,30.77051889,30.77051889,1,towed from Jon boat,NA,Aquatic Non-Insect,NA,NA,Corophiidae,NA,NA,3,0.097,0.097,NA,NA,1,SAMP,NA,NA,NA,NA,NA,NA,1   NA   NA   NA,SAMP   NA   NA   NA
STTD_2022-05-23 10:12:00,5/23/2022 10:12,STTD,2022,D,FALSE,CLR,Flood,1,21.8,0.4,217,231,8.52,8.88,18.7,10,Low,634599,629922,4677,4677,30.77051889,30.77051889,1,towed from Jon boat,NA,Aquatic Non-Insect,NA,NA,Corophiidae,NA,NA,3,0.097,0.097,NA,NA,NA,NA,NA,NA,NA,NA,NA,NA,NA   NA   NA   NA,NA   NA   NA   NA
STTD_2022-05-23 10:12:00,5/23/2022 10:12,STTD,2022,D,FALSE,CLR,Flood,1,21.8,0.4,217,231,8.52,8.88,18.7,10,Low,634599,629922,4677,4677,30.77051889,30.77051889,1,towed from Jon boat,NA,Aquatic Non-Insect,NA,NA,Hyalellidae,NA,NA,1,0.032,0.032,NA,NA,1,SAMP,NA,NA,NA,NA,NA,NA,1   NA   NA   NA,SAMP   NA   NA   NA
STTD_2022-05-23 10:12:00,5/23/2022 10:12,STTD,2022,D,FALSE,CLR,Flood,1,21.8,0.4,217,231,8.52,8.88,18.7,10,Low,634599,629922,4677,4677,30.77051889,30.77051889,1,towed from Jon boat,NA,Aquatic Non-Insect,NA,NA,Hyalellidae,NA,NA,1,0.032,0.032,NA,NA,NA,NA,NA,NA,NA,NA,NA,NA,NA   NA   NA   NA,NA   NA   NA   NA
SHR_2022-05-24 08:00:00,5/24/2022 8:00,SHR,2022,D,FALSE,CLR,Ebb,1,21.7,1.12,116,124,7.4,8.29,5.1,10,Low,620937,629531,8594,8594,56.54091069,56.54091069,1,NA,NA,Aquatic Non-Insect,NA,NA,Actinopterygii,NA,NA,7,0.124,0.124,NA,NA,NA,NA,NA,NA,NA,NA,NA,NA,NA   NA   NA   NA,NA   NA   NA   NA
SHR_2022-05-24 08:00:00,5/24/2022 8:00,SHR,2022,D,FALSE,CLR,Ebb,1,21.7,1.12,116,124,7.4,8.29,5.1,10,Low,620937,629531,8594,8594,56.54091069,56.54091069,1,NA,NA,Terrestrial Non-Insect,NA,NA,Araneae,NA,NA,10,0.177,0.177,NA,NA,NA,NA,NA,NA,NA,NA,NA,NA,NA   NA   NA   NA,NA   NA   NA   NA
SHR_2022-05-24 08:00:00,5/24/2022 8:00,SHR,2022,D,FALSE,CLR,Ebb,1,21.7,1.12,116,124,7.4,8.29,5.1,10,Low,620937,629531,8594,8594,56.54091069,56.54091069,1,NA,NA,Aquatic Non-Insect,NA,NA,Lebertiidae,NA,NA,1,0.018,0.018,NA,NA,NA,NA,NA,NA,NA,NA,NA,NA,NA   NA   NA   NA,NA   NA   NA   NA
SHR_2022-05-24 08:00:00,5/24/2022 8:00,SHR,2022,D,FALSE,CLR,Ebb,1,21.7,1.12,116,124,7.4,8.29,5.1,10,Low,620937,629531,8594,8594,56.54091069,56.54091069,1,NA,NA,Aquatic Non-Insect,NA,NA,Pionidae,NA,NA,2,0.035,0.035,NA,NA,NA,NA,NA,NA,NA,NA,NA,NA,NA   NA   NA   NA,NA   NA   NA   NA
SHR_2022-05-24 08:00:00,5/24/2022 8:00,SHR,2022,D,FALSE,CLR,Ebb,1,21.7,1.12,116,124,7.4,8.29,5.1,10,Low,620937,629531,8594,8594,56.54091069,56.54091069,1,NA,NA,Aquatic Non-Insect,NA,NA,Oligochaeta,NA,NA,1,0.018,0.018,NA,NA,NA,NA,NA,NA,NA,NA,NA,NA,NA   NA   NA   NA,NA   NA   NA   NA
SHR_2022-05-24 08:00:00,5/24/2022 8:00,SHR,2022,D,FALSE,CLR,Ebb,1,21.7,1.12,116,124,7.4,8.29,5.1,10,Low,620937,629531,8594,8594,56.54091069,56.54091069,1,NA,NA,Terrestrial Insect,NA,NA,Coleoptera,NA,Adults,6,0.106,0.106,NA,NA,NA,NA,NA,NA,NA,NA,NA,NA,NA   NA   NA   NA,NA   NA   NA   NA
SHR_2022-05-24 08:00:00,5/24/2022 8:00,SHR,2022,D,FALSE,CLR,Ebb,1,21.7,1.12,116,124,7.4,8.29,5.1,10,Low,620937,629531,8594,8594,56.54091069,56.54091069,1,NA,NA,Aquatic Insect,NA,NA,Dytiscidae,NA,Larvae,1,0.018,0.018,NA,NA,NA,NA,NA,NA,NA,NA,NA,NA,NA   NA   NA   NA,NA   NA   NA   NA
SHR_2022-05-24 08:00:00,5/24/2022 8:00,SHR,2022,D,FALSE,CLR,Ebb,1,21.7,1.12,116,124,7.4,8.29,5.1,10,Low,620937,629531,8594,8594,56.54091069,56.54091069,1,NA,NA,Aquatic Insect,NA,NA,Hydraenidae,NA,Adults,1,0.018,0.018,NA,NA,NA,NA,NA,NA,NA,NA,NA,NA,NA   NA   NA   NA,NA   NA   NA   NA
SHR_2022-05-24 08:00:00,5/24/2022 8:00,SHR,2022,D,FALSE,CLR,Ebb,1,21.7,1.12,116,124,7.4,8.29,5.1,10,Low,620937,629531,8594,8594,56.54091069,56.54091069,1,NA,NA,Terrestrial Insect,NA,NA,Diptera,NA,Adults,27,0.478,0.478,NA,NA,NA,NA,NA,NA,NA,NA,NA,NA,NA   NA   NA   NA,NA   NA   NA   NA
SHR_2022-05-24 08:00:00,5/24/2022 8:00,SHR,2022,D,FALSE,CLR,Ebb,1,21.7,1.12,116,124,7.4,8.29,5.1,10,Low,620937,629531,8594,8594,56.54091069,56.54091069,1,NA,NA,Aquatic Insect,NA,NA,Ceratopogonidae,NA,Larvae,1,0.018,0.018,NA,NA,NA,NA,NA,NA,NA,NA,NA,NA,NA   NA   NA   NA,NA   NA   NA   NA
SHR_2022-05-24 08:00:00,5/24/2022 8:00,SHR,2022,D,FALSE,CLR,Ebb,1,21.7,1.12,116,124,7.4,8.29,5.1,10,Low,620937,629531,8594,8594,56.54091069,56.54091069,1,NA,NA,Aquatic Insect,NA,NA,Ceratopogonidae,NA,Pupae,1,0.018,0.018,NA,NA,NA,NA,NA,NA,NA,NA,NA,NA,NA   NA   NA   NA,NA   NA   NA   NA
SHR_2022-05-24 08:00:00,5/24/2022 8:00,SHR,2022,D,FALSE,CLR,Ebb,1,21.7,1.12,116,124,7.4,8.29,5.1,10,Low,620937,629531,8594,8594,56.54091069,56.54091069,1,NA,NA,Aquatic Insect,NA,NA,Chironomidae,NA,Larvae,3,0.053,0.053,NA,NA,NA,NA,NA,NA,NA,NA,NA,NA,NA   NA   NA   NA,NA   NA   NA   NA
SHR_2022-05-24 08:00:00,5/24/2022 8:00,SHR,2022,D,FALSE,CLR,Ebb,1,21.7,1.12,116,124,7.4,8.29,5.1,10,Low,620937,629531,8594,8594,56.54091069,56.54091069,1,NA,NA,Aquatic Insect,NA,NA,Chironomidae,NA,Pupae,5,0.088,0.088,NA,NA,NA,NA,NA,NA,NA,NA,NA,NA,NA   NA   NA   NA,NA   NA   NA   NA
SHR_2022-05-24 08:00:00,5/24/2022 8:00,SHR,2022,D,FALSE,CLR,Ebb,1,21.7,1.12,116,124,7.4,8.29,5.1,10,Low,620937,629531,8594,8594,56.54091069,56.54091069,1,NA,NA,Aquatic Insect,NA,NA,Chironomidae,NA,Adults,83,1.468,1.468,NA,NA,NA,NA,NA,NA,NA,NA,NA,NA,NA   NA   NA   NA,NA   NA   NA   NA
SHR_2022-05-24 08:00:00,5/24/2022 8:00,SHR,2022,D,FALSE,CLR,Ebb,1,21.7,1.12,116,124,7.4,8.29,5.1,10,Low,620937,629531,8594,8594,56.54091069,56.54091069,1,NA,NA,Terrestrial Insect,NA,NA,Hemiptera,NA,Adults,13,0.23,0.23,NA,NA,NA,NA,NA,NA,NA,NA,NA,NA,NA   NA   NA   NA,NA   NA   NA   NA
SHR_2022-05-24 08:00:00,5/24/2022 8:00,SHR,2022,D,FALSE,CLR,Ebb,1,21.7,1.12,116,124,7.4,8.29,5.1,10,Low,620937,629531,8594,8594,56.54091069,56.54091069,1,NA,NA,Terrestrial Insect,NA,NA,Hymenoptera,NA,Adults,15,0.265,0.265,NA,NA,NA,NA,NA,NA,NA,NA,NA,NA,NA   NA   NA   NA,NA   NA   NA   NA
SHR_2022-05-24 08:00:00,5/24/2022 8:00,SHR,2022,D,FALSE,CLR,Ebb,1,21.7,1.12,116,124,7.4,8.29,5.1,10,Low,620937,629531,8594,8594,56.54091069,56.54091069,1,NA,NA,Terrestrial Insect,NA,NA,Psocoptera,NA,Adults,2,0.035,0.035,NA,NA,NA,NA,NA,NA,NA,NA,NA,NA,NA   NA   NA   NA,NA   NA   NA   NA
SHR_2022-05-24 08:00:00,5/24/2022 8:00,SHR,2022,D,FALSE,CLR,Ebb,1,21.7,1.12,116,124,7.4,8.29,5.1,10,Low,620937,629531,8594,8594,56.54091069,56.54091069,1,NA,NA,Terrestrial Insect,NA,NA,Thysanoptera,NA,Adults,1,0.018,0.018,NA,NA,NA,NA,NA,NA,NA,NA,NA,NA,NA   NA   NA   NA,NA   NA   NA   NA
SHR_2022-05-24 08:00:00,5/24/2022 8:00,SHR,2022,D,FALSE,CLR,Ebb,1,21.7,1.12,116,124,7.4,8.29,5.1,10,Low,620937,629531,8594,8594,56.54091069,56.54091069,1,NA,NA,Aquatic Insect,NA,NA,Leptoceridae,NA,Larvae,1,0.018,0.018,NA,NA,NA,NA,NA,NA,NA,NA,NA,NA,NA   NA   NA   NA,NA   NA   NA   NA
SHR_2022-05-24 08:00:00,5/24/2022 8:00,SHR,2022,D,FALSE,CLR,Ebb,1,21.7,1.12,116,124,7.4,8.29,5.1,10,Low,620937,629531,8594,8594,56.54091069,56.54091069,1,NA,NA,Aquatic Non-Insect,NA,NA,Hyalellidae,NA,NA,3,0.053,0.053,NA,NA,NA,NA,NA,NA,NA,NA,NA,NA,NA   NA   NA   NA,NA   NA   NA   NA
SHR_2022-05-24 08:00:00,5/24/2022 8:00,SHR,2022,D,FALSE,CLR,Ebb,1,21.7,1.12,116,124,7.4,8.29,5.1,10,Low,620937,629531,8594,8594,56.54091069,56.54091069,1,NA,NA,Aquatic Non-Insect,NA,NA,Ostracoda,NA,NA,1,0.018,0.018,NA,NA,NA,NA,NA,NA,NA,NA,NA,NA,NA   NA   NA   NA,NA   NA   NA   NA
SHR_2022-06-06 07:24:00,6/6/2022 7:24,SHR,2022,D,FALSE,CLR,Flood,1,20.9,1.5,109,118,7.45,8.32,5.5,10,Low,620600,611811,8789,8789,57.82383804,57.82383804,1,NA,NA,Aquatic Non-Insect,NA,NA,Actinopterygii,NA,NA,2,0.035,0.035,NA,NA,NA,NA,NA,NA,NA,NA,NA,NA,NA   NA   NA   NA,NA   NA   NA   NA
SHR_2022-06-06 07:24:00,6/6/2022 7:24,SHR,2022,D,FALSE,CLR,Flood,1,20.9,1.5,109,118,7.45,8.32,5.5,10,Low,620600,611811,8789,8789,57.82383804,57.82383804,1,NA,NA,Terrestrial Non-Insect,NA,NA,Araneae,NA,NA,2,0.035,0.035,NA,NA,NA,NA,NA,NA,NA,NA,NA,NA,NA   NA   NA   NA,NA   NA   NA   NA
SHR_2022-06-06 07:24:00,6/6/2022 7:24,SHR,2022,D,FALSE,CLR,Flood,1,20.9,1.5,109,118,7.45,8.32,5.5,10,Low,620600,611811,8789,8789,57.82383804,57.82383804,1,NA,NA,Aquatic Non-Insect,NA,NA,Lebertiidae,NA,NA,3,0.052,0.052,NA,NA,NA,NA,NA,NA,NA,NA,NA,NA,NA   NA   NA   NA,NA   NA   NA   NA
SHR_2022-06-06 07:24:00,6/6/2022 7:24,SHR,2022,D,FALSE,CLR,Flood,1,20.9,1.5,109,118,7.45,8.32,5.5,10,Low,620600,611811,8789,8789,57.82383804,57.82383804,1,NA,NA,Aquatic Non-Insect,NA,NA,Planorbidae,NA,NA,9,0.156,0.156,NA,NA,NA,NA,NA,NA,NA,NA,NA,NA,NA   NA   NA   NA,NA   NA   NA   NA
SHR_2022-06-06 07:24:00,6/6/2022 7:24,SHR,2022,D,FALSE,CLR,Flood,1,20.9,1.5,109,118,7.45,8.32,5.5,10,Low,620600,611811,8789,8789,57.82383804,57.82383804,1,NA,NA,Terrestrial Insect,NA,NA,Coleoptera,NA,Adults,2,0.035,0.035,NA,NA,NA,NA,NA,NA,NA,NA,NA,NA,NA   NA   NA   NA,NA   NA   NA   NA
SHR_2022-06-06 07:24:00,6/6/2022 7:24,SHR,2022,D,FALSE,CLR,Flood,1,20.9,1.5,109,118,7.45,8.32,5.5,10,Low,620600,611811,8789,8789,57.82383804,57.82383804,1,NA,NA,Terrestrial Insect,NA,NA,Diptera,NA,Adults,2,0.035,0.035,NA,NA,NA,NA,NA,NA,NA,NA,NA,NA,NA   NA   NA   NA,NA   NA   NA   NA
SHR_2022-06-06 07:24:00,6/6/2022 7:24,SHR,2022,D,FALSE,CLR,Flood,1,20.9,1.5,109,118,7.45,8.32,5.5,10,Low,620600,611811,8789,8789,57.82383804,57.82383804,1,NA,NA,Aquatic Insect,NA,NA,Ceratopogonidae,NA,Larvae,2,0.035,0.035,NA,NA,NA,NA,NA,NA,NA,NA,NA,NA,NA   NA   NA   NA,NA   NA   NA   NA
SHR_2022-06-06 07:24:00,6/6/2022 7:24,SHR,2022,D,FALSE,CLR,Flood,1,20.9,1.5,109,118,7.45,8.32,5.5,10,Low,620600,611811,8789,8789,57.82383804,57.82383804,1,NA,NA,Aquatic Insect,NA,NA,Chironomidae,NA,Larvae,8,0.138,0.138,NA,NA,NA,NA,NA,NA,NA,NA,NA,NA,NA   NA   NA   NA,NA   NA   NA   NA
SHR_2022-06-06 07:24:00,6/6/2022 7:24,SHR,2022,D,FALSE,CLR,Flood,1,20.9,1.5,109,118,7.45,8.32,5.5,10,Low,620600,611811,8789,8789,57.82383804,57.82383804,1,NA,NA,Aquatic Insect,NA,NA,Chironomidae,NA,Pupae,8,0.138,0.138,NA,NA,NA,NA,NA,NA,NA,NA,NA,NA,NA   NA   NA   NA,NA   NA   NA   NA
SHR_2022-06-06 07:24:00,6/6/2022 7:24,SHR,2022,D,FALSE,CLR,Flood,1,20.9,1.5,109,118,7.45,8.32,5.5,10,Low,620600,611811,8789,8789,57.82383804,57.82383804,1,NA,NA,Aquatic Insect,NA,NA,Chironomidae,NA,Adults,71,1.228,1.228,NA,NA,NA,NA,NA,NA,NA,NA,NA,NA,NA   NA   NA   NA,NA   NA   NA   NA
SHR_2022-06-06 07:24:00,6/6/2022 7:24,SHR,2022,D,FALSE,CLR,Flood,1,20.9,1.5,109,118,7.45,8.32,5.5,10,Low,620600,611811,8789,8789,57.82383804,57.82383804,1,NA,NA,Terrestrial Insect,NA,NA,Hemiptera,NA,Nymphs,3,0.052,0.052,NA,NA,NA,NA,NA,NA,NA,NA,NA,NA,NA   NA   NA   NA,NA   NA   NA   NA
SHR_2022-06-06 07:24:00,6/6/2022 7:24,SHR,2022,D,FALSE,CLR,Flood,1,20.9,1.5,109,118,7.45,8.32,5.5,10,Low,620600,611811,8789,8789,57.82383804,57.82383804,1,NA,NA,Terrestrial Insect,NA,NA,Hemiptera,NA,Adults,2,0.035,0.035,NA,NA,NA,NA,NA,NA,NA,NA,NA,NA,NA   NA   NA   NA,NA   NA   NA   NA
SHR_2022-06-06 07:24:00,6/6/2022 7:24,SHR,2022,D,FALSE,CLR,Flood,1,20.9,1.5,109,118,7.45,8.32,5.5,10,Low,620600,611811,8789,8789,57.82383804,57.82383804,1,NA,NA,Aquatic Insect,NA,NA,Corixidae,NA,Nymphs,2,0.035,0.035,NA,NA,NA,NA,NA,NA,NA,NA,NA,NA,NA   NA   NA   NA,NA   NA   NA   NA
SHR_2022-06-06 07:24:00,6/6/2022 7:24,SHR,2022,D,FALSE,CLR,Flood,1,20.9,1.5,109,118,7.45,8.32,5.5,10,Low,620600,611811,8789,8789,57.82383804,57.82383804,1,NA,NA,Aquatic Insect,NA,NA,Corixidae,NA,Adults,1,0.017,0.017,NA,NA,NA,NA,NA,NA,NA,NA,NA,NA,NA   NA   NA   NA,NA   NA   NA   NA
SHR_2022-06-06 07:24:00,6/6/2022 7:24,SHR,2022,D,FALSE,CLR,Flood,1,20.9,1.5,109,118,7.45,8.32,5.5,10,Low,620600,611811,8789,8789,57.82383804,57.82383804,1,NA,NA,Terrestrial Insect,NA,NA,Hymenoptera,NA,Adults,15,0.259,0.259,NA,NA,NA,NA,NA,NA,NA,NA,NA,NA,NA   NA   NA   NA,NA   NA   NA   NA
SHR_2022-06-06 07:24:00,6/6/2022 7:24,SHR,2022,D,FALSE,CLR,Flood,1,20.9,1.5,109,118,7.45,8.32,5.5,10,Low,620600,611811,8789,8789,57.82383804,57.82383804,1,NA,NA,Terrestrial Insect,NA,NA,Psocoptera,NA,Adults,1,0.017,0.017,NA,NA,NA,NA,NA,NA,NA,NA,NA,NA,NA   NA   NA   NA,NA   NA   NA   NA
SHR_2022-06-06 07:24:00,6/6/2022 7:24,SHR,2022,D,FALSE,CLR,Flood,1,20.9,1.5,109,118,7.45,8.32,5.5,10,Low,620600,611811,8789,8789,57.82383804,57.82383804,1,NA,NA,Aquatic Insect,NA,NA,Hydroptilidae,NA,Larvae,2,0.035,0.035,NA,NA,NA,NA,NA,NA,NA,NA,NA,NA,NA   NA   NA   NA,NA   NA   NA   NA
SHR_2022-06-06 07:24:00,6/6/2022 7:24,SHR,2022,D,FALSE,CLR,Flood,1,20.9,1.5,109,118,7.45,8.32,5.5,10,Low,620600,611811,8789,8789,57.82383804,57.82383804,1,NA,NA,Aquatic Insect,NA,NA,Hydroptilidae,NA,Adults,1,0.017,0.017,NA,NA,NA,NA,NA,NA,NA,NA,NA,NA,NA   NA   NA   NA,NA   NA   NA   NA
SHR_2022-06-06 07:24:00,6/6/2022 7:24,SHR,2022,D,FALSE,CLR,Flood,1,20.9,1.5,109,118,7.45,8.32,5.5,10,Low,620600,611811,8789,8789,57.82383804,57.82383804,1,NA,NA,Aquatic Insect,NA,NA,Leptoceridae,NA,Larvae,2,0.035,0.035,NA,NA,NA,NA,NA,NA,NA,NA,NA,NA,NA   NA   NA   NA,NA   NA   NA   NA
STTD_2022-06-07 08:17:00,6/7/2022 8:17,STTD,2022,D,FALSE,CLR,Flood,1,22.9,0.43,199,207,9.1,9.77,18.2,10,Low,612000,606123,5877,5877,38.66545638,38.66545638,1,NA,NA,Aquatic Non-Insect,NA,NA,Actinopterygii,NA,NA,24,0.621,0.621,NA,NA,NA,NA,NA,NA,NA,NA,NA,NA,NA   NA   NA   NA,NA   NA   NA   NA
STTD_2022-06-07 08:17:00,6/7/2022 8:17,STTD,2022,D,FALSE,CLR,Flood,1,22.9,0.43,199,207,9.1,9.77,18.2,10,Low,612000,606123,5877,5877,38.66545638,38.66545638,1,NA,NA,Terrestrial Non-Insect,NA,NA,Araneae,NA,NA,2,0.052,0.052,NA,NA,NA,NA,NA,NA,NA,NA,NA,NA,NA   NA   NA   NA,NA   NA   NA   NA
STTD_2022-06-07 08:17:00,6/7/2022 8:17,STTD,2022,D,FALSE,CLR,Flood,1,22.9,0.43,199,207,9.1,9.77,18.2,10,Low,612000,606123,5877,5877,38.66545638,38.66545638,1,NA,NA,Aquatic Non-Insect,NA,NA,Limnesiidae,NA,NA,1,0.026,0.026,NA,NA,NA,NA,NA,NA,NA,NA,NA,NA,NA   NA   NA   NA,NA   NA   NA   NA
STTD_2022-06-07 08:17:00,6/7/2022 8:17,STTD,2022,D,FALSE,CLR,Flood,1,22.9,0.43,199,207,9.1,9.77,18.2,10,Low,612000,606123,5877,5877,38.66545638,38.66545638,1,NA,NA,Aquatic Non-Insect,NA,NA,Lymnaeidae,NA,NA,1,0.026,0.026,NA,NA,NA,NA,NA,NA,NA,NA,NA,NA,NA   NA   NA   NA,NA   NA   NA   NA
STTD_2022-06-07 08:17:00,6/7/2022 8:17,STTD,2022,D,FALSE,CLR,Flood,1,22.9,0.43,199,207,9.1,9.77,18.2,10,Low,612000,606123,5877,5877,38.66545638,38.66545638,1,NA,NA,Aquatic Non-Insect,NA,NA,Physidae,NA,NA,1,0.026,0.026,NA,NA,NA,NA,NA,NA,NA,NA,NA,NA,NA   NA   NA   NA,NA   NA   NA   NA
STTD_2022-06-07 08:17:00,6/7/2022 8:17,STTD,2022,D,FALSE,CLR,Flood,1,22.9,0.43,199,207,9.1,9.77,18.2,10,Low,612000,606123,5877,5877,38.66545638,38.66545638,1,NA,NA,Aquatic Insect,NA,NA,Chironomidae,NA,Larvae,1,0.026,0.026,NA,NA,NA,NA,NA,NA,NA,NA,NA,NA,NA   NA   NA   NA,NA   NA   NA   NA
STTD_2022-06-07 08:17:00,6/7/2022 8:17,STTD,2022,D,FALSE,CLR,Flood,1,22.9,0.43,199,207,9.1,9.77,18.2,10,Low,612000,606123,5877,5877,38.66545638,38.66545638,1,NA,NA,Aquatic Insect,NA,NA,Chironomidae,NA,Adults,10,0.259,0.259,NA,NA,NA,NA,NA,NA,NA,NA,NA,NA,NA   NA   NA   NA,NA   NA   NA   NA
STTD_2022-06-07 08:17:00,6/7/2022 8:17,STTD,2022,D,FALSE,CLR,Flood,1,22.9,0.43,199,207,9.1,9.77,18.2,10,Low,612000,606123,5877,5877,38.66545638,38.66545638,1,NA,NA,Terrestrial Insect,NA,NA,Hemiptera,NA,Adults,1,0.026,0.026,NA,NA,NA,NA,NA,NA,NA,NA,NA,NA,NA   NA   NA   NA,NA   NA   NA   NA
STTD_2022-06-07 08:17:00,6/7/2022 8:17,STTD,2022,D,FALSE,CLR,Flood,1,22.9,0.43,199,207,9.1,9.77,18.2,10,Low,612000,606123,5877,5877,38.66545638,38.66545638,1,NA,NA,Aquatic Insect,NA,NA,Corixidae,NA,Nymphs,1,0.026,0.026,NA,NA,NA,NA,NA,NA,NA,NA,NA,NA,NA   NA   NA   NA,NA   NA   NA   NA
STTD_2022-06-07 08:17:00,6/7/2022 8:17,STTD,2022,D,FALSE,CLR,Flood,1,22.9,0.43,199,207,9.1,9.77,18.2,10,Low,612000,606123,5877,5877,38.66545638,38.66545638,1,NA,NA,Terrestrial Insect,NA,NA,Hymenoptera,NA,Adults,5,0.129,0.129,NA,NA,NA,NA,NA,NA,NA,NA,NA,NA,NA   NA   NA   NA,NA   NA   NA   NA
STTD_2022-06-07 08:17:00,6/7/2022 8:17,STTD,2022,D,FALSE,CLR,Flood,1,22.9,0.43,199,207,9.1,9.77,18.2,10,Low,612000,606123,5877,5877,38.66545638,38.66545638,1,NA,NA,Aquatic Insect,NA,NA,Coenagrionidae,NA,Nymphs,1,0.026,0.026,NA,NA,NA,NA,NA,NA,NA,NA,NA,NA,NA   NA   NA   NA,NA   NA   NA   NA
STTD_2022-06-07 08:17:00,6/7/2022 8:17,STTD,2022,D,FALSE,CLR,Flood,1,22.9,0.43,199,207,9.1,9.77,18.2,10,Low,612000,606123,5877,5877,38.66545638,38.66545638,1,NA,NA,Aquatic Insect,NA,NA,Leptoceridae,NA,Larvae,1,0.026,0.026,NA,NA,NA,NA,NA,NA,NA,NA,NA,NA,NA   NA   NA   NA,NA   NA   NA   NA
STTD_2022-06-07 08:17:00,6/7/2022 8:17,STTD,2022,D,FALSE,CLR,Flood,1,22.9,0.43,199,207,9.1,9.77,18.2,10,Low,612000,606123,5877,5877,38.66545638,38.66545638,1,NA,NA,Aquatic Non-Insect,NA,NA,Corophiidae,NA,NA,5,0.129,0.129,NA,NA,NA,NA,NA,NA,NA,NA,NA,NA,NA   NA   NA   NA,NA   NA   NA   NA
SHR_2022-06-20 08:25:00,6/20/2022 8:25,SHR,2022,D,FALSE,CLR,Flood,1,21.2,0.95,101,109,7.55,8.7,6.1,10,Low,606058,595626,10432,10432,68.63332329,68.63332329,1,boat used,NA,Aquatic Non-Insect,NA,NA,Actinopterygii,NA,NA,1,0.015,0.015,NA,NA,NA,NA,NA,NA,NA,NA,NA,NA,NA   NA   NA   NA,NA   NA   NA   NA
SHR_2022-06-20 08:25:00,6/20/2022 8:25,SHR,2022,D,FALSE,CLR,Flood,1,21.2,0.95,101,109,7.55,8.7,6.1,10,Low,606058,595626,10432,10432,68.63332329,68.63332329,1,boat used,NA,Terrestrial Non-Insect,NA,NA,Araneae,NA,NA,13,0.189,0.189,NA,NA,NA,NA,NA,NA,NA,NA,NA,NA,NA   NA   NA   NA,NA   NA   NA   NA
SHR_2022-06-20 08:25:00,6/20/2022 8:25,SHR,2022,D,FALSE,CLR,Flood,1,21.2,0.95,101,109,7.55,8.7,6.1,10,Low,606058,595626,10432,10432,68.63332329,68.63332329,1,boat used,NA,Aquatic Non-Insect,NA,NA,Oligochaeta,NA,NA,2,0.029,0.029,NA,NA,NA,NA,NA,NA,NA,NA,NA,NA,NA   NA   NA   NA,NA   NA   NA   NA
SHR_2022-06-20 08:25:00,6/20/2022 8:25,SHR,2022,D,FALSE,CLR,Flood,1,21.2,0.95,101,109,7.55,8.7,6.1,10,Low,606058,595626,10432,10432,68.63332329,68.63332329,1,boat used,NA,Aquatic Non-Insect,NA,NA,Lymnaeidae,NA,NA,1,0.015,0.015,NA,NA,NA,NA,NA,NA,NA,NA,NA,NA,NA   NA   NA   NA,NA   NA   NA   NA
SHR_2022-06-20 08:25:00,6/20/2022 8:25,SHR,2022,D,FALSE,CLR,Flood,1,21.2,0.95,101,109,7.55,8.7,6.1,10,Low,606058,595626,10432,10432,68.63332329,68.63332329,1,boat used,NA,Aquatic Non-Insect,NA,NA,Planorbidae,NA,NA,15,0.219,0.219,NA,NA,NA,NA,NA,NA,NA,NA,NA,NA,NA   NA   NA   NA,NA   NA   NA   NA
SHR_2022-06-20 08:25:00,6/20/2022 8:25,SHR,2022,D,FALSE,CLR,Flood,1,21.2,0.95,101,109,7.55,8.7,6.1,10,Low,606058,595626,10432,10432,68.63332329,68.63332329,1,boat used,NA,Aquatic Non-Insect,NA,NA,Amnicolidae,NA,NA,5,0.073,0.073,NA,NA,NA,NA,NA,NA,NA,NA,NA,NA,NA   NA   NA   NA,NA   NA   NA   NA
SHR_2022-06-20 08:25:00,6/20/2022 8:25,SHR,2022,D,FALSE,CLR,Flood,1,21.2,0.95,101,109,7.55,8.7,6.1,10,Low,606058,595626,10432,10432,68.63332329,68.63332329,1,boat used,NA,Terrestrial Insect,NA,NA,Coleoptera,NA,Larvae,1,0.015,0.015,NA,NA,NA,NA,NA,NA,NA,NA,NA,NA,NA   NA   NA   NA,NA   NA   NA   NA
SHR_2022-06-20 08:25:00,6/20/2022 8:25,SHR,2022,D,FALSE,CLR,Flood,1,21.2,0.95,101,109,7.55,8.7,6.1,10,Low,606058,595626,10432,10432,68.63332329,68.63332329,1,boat used,NA,Terrestrial Insect,NA,NA,Coleoptera,NA,Adults,15,0.219,0.219,NA,NA,NA,NA,NA,NA,NA,NA,NA,NA,NA   NA   NA   NA,NA   NA   NA   NA
SHR_2022-06-20 08:25:00,6/20/2022 8:25,SHR,2022,D,FALSE,CLR,Flood,1,21.2,0.95,101,109,7.55,8.7,6.1,10,Low,606058,595626,10432,10432,68.63332329,68.63332329,1,boat used,NA,Aquatic Insect,NA,NA,Hydraenidae,NA,Adults,2,0.029,0.029,NA,NA,NA,NA,NA,NA,NA,NA,NA,NA,NA   NA   NA   NA,NA   NA   NA   NA
SHR_2022-06-20 08:25:00,6/20/2022 8:25,SHR,2022,D,FALSE,CLR,Flood,1,21.2,0.95,101,109,7.55,8.7,6.1,10,Low,606058,595626,10432,10432,68.63332329,68.63332329,1,boat used,NA,Terrestrial Insect,NA,NA,Diptera,NA,Adults,10,0.146,0.146,NA,NA,NA,NA,NA,NA,NA,NA,NA,NA,NA   NA   NA   NA,NA   NA   NA   NA
SHR_2022-06-20 08:25:00,6/20/2022 8:25,SHR,2022,D,FALSE,CLR,Flood,1,21.2,0.95,101,109,7.55,8.7,6.1,10,Low,606058,595626,10432,10432,68.63332329,68.63332329,1,boat used,NA,Aquatic Insect,NA,NA,Ceratopogonidae,NA,Adults,1,0.015,0.015,NA,NA,NA,NA,NA,NA,NA,NA,NA,NA,NA   NA   NA   NA,NA   NA   NA   NA
SHR_2022-06-20 08:25:00,6/20/2022 8:25,SHR,2022,D,FALSE,CLR,Flood,1,21.2,0.95,101,109,7.55,8.7,6.1,10,Low,606058,595626,10432,10432,68.63332329,68.63332329,1,boat used,NA,Aquatic Insect,NA,NA,Chironomidae,NA,Larvae,198,2.885,2.885,NA,NA,NA,NA,NA,NA,NA,NA,NA,NA,NA   NA   NA   NA,NA   NA   NA   NA
SHR_2022-06-20 08:25:00,6/20/2022 8:25,SHR,2022,D,FALSE,CLR,Flood,1,21.2,0.95,101,109,7.55,8.7,6.1,10,Low,606058,595626,10432,10432,68.63332329,68.63332329,1,boat used,NA,Aquatic Insect,NA,NA,Chironomidae,NA,Pupae,8,0.117,0.117,NA,NA,NA,NA,NA,NA,NA,NA,NA,NA,NA   NA   NA   NA,NA   NA   NA   NA
SHR_2022-06-20 08:25:00,6/20/2022 8:25,SHR,2022,D,FALSE,CLR,Flood,1,21.2,0.95,101,109,7.55,8.7,6.1,10,Low,606058,595626,10432,10432,68.63332329,68.63332329,1,boat used,NA,Aquatic Insect,NA,NA,Chironomidae,NA,Adults,352,5.129,5.129,NA,NA,NA,NA,NA,NA,NA,NA,NA,NA,NA   NA   NA   NA,NA   NA   NA   NA
SHR_2022-06-20 08:25:00,6/20/2022 8:25,SHR,2022,D,FALSE,CLR,Flood,1,21.2,0.95,101,109,7.55,8.7,6.1,10,Low,606058,595626,10432,10432,68.63332329,68.63332329,1,boat used,NA,Unknown Insect,NA,NA,Phoridae,NA,Adults,6,0.087,0.087,NA,NA,NA,NA,NA,NA,NA,NA,NA,NA,NA   NA   NA   NA,NA   NA   NA   NA
SHR_2022-06-20 08:25:00,6/20/2022 8:25,SHR,2022,D,FALSE,CLR,Flood,1,21.2,0.95,101,109,7.55,8.7,6.1,10,Low,606058,595626,10432,10432,68.63332329,68.63332329,1,boat used,NA,Terrestrial Insect,NA,NA,Hemiptera,NA,Nymphs,1258,18.329,18.329,NA,NA,NA,NA,NA,NA,NA,NA,NA,NA,NA   NA   NA   NA,NA   NA   NA   NA
SHR_2022-06-20 08:25:00,6/20/2022 8:25,SHR,2022,D,FALSE,CLR,Flood,1,21.2,0.95,101,109,7.55,8.7,6.1,10,Low,606058,595626,10432,10432,68.63332329,68.63332329,1,boat used,NA,Terrestrial Insect,NA,NA,Hemiptera,NA,Adults,43,0.627,0.627,NA,NA,NA,NA,NA,NA,NA,NA,NA,NA,NA   NA   NA   NA,NA   NA   NA   NA
SHR_2022-06-20 08:25:00,6/20/2022 8:25,SHR,2022,D,FALSE,CLR,Flood,1,21.2,0.95,101,109,7.55,8.7,6.1,10,Low,606058,595626,10432,10432,68.63332329,68.63332329,1,boat used,NA,Terrestrial Insect,NA,NA,Veliidae,NA,Nymphs,1,0.015,0.015,NA,NA,NA,NA,NA,NA,NA,NA,NA,NA,NA   NA   NA   NA,NA   NA   NA   NA
SHR_2022-06-20 08:25:00,6/20/2022 8:25,SHR,2022,D,FALSE,CLR,Flood,1,21.2,0.95,101,109,7.55,8.7,6.1,10,Low,606058,595626,10432,10432,68.63332329,68.63332329,1,boat used,NA,Terrestrial Insect,NA,NA,Hymenoptera,NA,Adults,50,0.729,0.729,NA,NA,NA,NA,NA,NA,NA,NA,NA,NA,NA   NA   NA   NA,NA   NA   NA   NA
SHR_2022-06-20 08:25:00,6/20/2022 8:25,SHR,2022,D,FALSE,CLR,Flood,1,21.2,0.95,101,109,7.55,8.7,6.1,10,Low,606058,595626,10432,10432,68.63332329,68.63332329,1,boat used,NA,Aquatic Insect,NA,NA,Sisyridae,NA,Larvae,2,0.029,0.029,NA,NA,NA,NA,NA,NA,NA,NA,NA,NA,NA   NA   NA   NA,NA   NA   NA   NA
SHR_2022-06-20 08:25:00,6/20/2022 8:25,SHR,2022,D,FALSE,CLR,Flood,1,21.2,0.95,101,109,7.55,8.7,6.1,10,Low,606058,595626,10432,10432,68.63332329,68.63332329,1,boat used,NA,Aquatic Insect,NA,NA,Coenagrionidae,NA,Nymphs,1,0.015,0.015,NA,NA,NA,NA,NA,NA,NA,NA,NA,NA,NA   NA   NA   NA,NA   NA   NA   NA
SHR_2022-06-20 08:25:00,6/20/2022 8:25,SHR,2022,D,FALSE,CLR,Flood,1,21.2,0.95,101,109,7.55,8.7,6.1,10,Low,606058,595626,10432,10432,68.63332329,68.63332329,1,boat used,NA,Terrestrial Insect,NA,NA,Psocoptera,NA,Adults,4,0.058,0.058,NA,NA,NA,NA,NA,NA,NA,NA,NA,NA,NA   NA   NA   NA,NA   NA   NA   NA
SHR_2022-06-20 08:25:00,6/20/2022 8:25,SHR,2022,D,FALSE,CLR,Flood,1,21.2,0.95,101,109,7.55,8.7,6.1,10,Low,606058,595626,10432,10432,68.63332329,68.63332329,1,boat used,NA,Terrestrial Insect,NA,NA,Thysanoptera,NA,Adults,13,0.189,0.189,NA,NA,NA,NA,NA,NA,NA,NA,NA,NA,NA   NA   NA   NA,NA   NA   NA   NA
SHR_2022-06-20 08:25:00,6/20/2022 8:25,SHR,2022,D,FALSE,CLR,Flood,1,21.2,0.95,101,109,7.55,8.7,6.1,10,Low,606058,595626,10432,10432,68.63332329,68.63332329,1,boat used,NA,Aquatic Insect,NA,NA,Hydroptilidae,NA,Larvae,3,0.044,0.044,NA,NA,NA,NA,NA,NA,NA,NA,NA,NA,NA   NA   NA   NA,NA   NA   NA   NA
SHR_2022-06-20 08:25:00,6/20/2022 8:25,SHR,2022,D,FALSE,CLR,Flood,1,21.2,0.95,101,109,7.55,8.7,6.1,10,Low,606058,595626,10432,10432,68.63332329,68.63332329,1,boat used,NA,Aquatic Insect,NA,NA,Hydroptilidae,NA,Adults,1,0.015,0.015,NA,NA,NA,NA,NA,NA,NA,NA,NA,NA,NA   NA   NA   NA,NA   NA   NA   NA
SHR_2022-06-20 08:25:00,6/20/2022 8:25,SHR,2022,D,FALSE,CLR,Flood,1,21.2,0.95,101,109,7.55,8.7,6.1,10,Low,606058,595626,10432,10432,68.63332329,68.63332329,1,boat used,NA,Aquatic Insect,NA,NA,Leptoceridae,NA,Larvae,12,0.175,0.175,NA,NA,NA,NA,NA,NA,NA,NA,NA,NA,NA   NA   NA   NA,NA   NA   NA   NA
SHR_2022-06-20 08:25:00,6/20/2022 8:25,SHR,2022,D,FALSE,CLR,Flood,1,21.2,0.95,101,109,7.55,8.7,6.1,10,Low,606058,595626,10432,10432,68.63332329,68.63332329,1,boat used,NA,Aquatic Insect,NA,NA,Leptoceridae,NA,Pupae,1,0.015,0.015,NA,NA,NA,NA,NA,NA,NA,NA,NA,NA,NA   NA   NA   NA,NA   NA   NA   NA
SHR_2022-06-20 08:25:00,6/20/2022 8:25,SHR,2022,D,FALSE,CLR,Flood,1,21.2,0.95,101,109,7.55,8.7,6.1,10,Low,606058,595626,10432,10432,68.63332329,68.63332329,1,boat used,NA,Aquatic Non-Insect,NA,NA,Hyalellidae,NA,NA,23,0.335,0.335,NA,NA,NA,NA,NA,NA,NA,NA,NA,NA,NA   NA   NA   NA,NA   NA   NA   NA
SHR_2022-06-20 08:25:00,6/20/2022 8:25,SHR,2022,D,FALSE,CLR,Flood,1,21.2,0.95,101,109,7.55,8.7,6.1,10,Low,606058,595626,10432,10432,68.63332329,68.63332329,1,boat used,NA,Aquatic Non-Insect,NA,NA,Ostracoda,NA,NA,4,0.058,0.058,NA,NA,NA,NA,NA,NA,NA,NA,NA,NA,NA   NA   NA   NA,NA   NA   NA   NA
SHR_2022-06-20 08:25:00,6/20/2022 8:25,SHR,2022,D,FALSE,CLR,Flood,1,21.2,0.95,101,109,7.55,8.7,6.1,10,Low,606058,595626,10432,10432,68.63332329,68.63332329,1,boat used,NA,Terrestrial Non-Insect,NA,NA,Turbellaria,NA,NA,4,0.058,0.058,NA,NA,NA,NA,NA,NA,NA,NA,NA,NA,NA   NA   NA   NA,NA   NA   NA   NA
STTD_2022-06-21 08:09:00,6/21/2022 8:09,STTD,2022,D,FALSE,CLR,Flood,1,23,0.65,191,198,8.9,9.4,12.9,10,Low,595370,590776,4594,4594,30.22445238,30.22445238,1,"boat used, veg in sample",NA,Aquatic Non-Insect,NA,NA,Actinopterygii,NA,NA,30,0.993,0.993,NA,NA,1,SAMP,NA,NA,NA,NA,NA,NA,1   NA   NA   NA,SAMP   NA   NA   NA
STTD_2022-06-21 08:09:00,6/21/2022 8:09,STTD,2022,D,FALSE,CLR,Flood,1,23,0.65,191,198,8.9,9.4,12.9,10,Low,595370,590776,4594,4594,30.22445238,30.22445238,1,"boat used, veg in sample",NA,Aquatic Non-Insect,NA,NA,Oribatei,NA,NA,1,0.033,0.033,NA,NA,1,SAMP,NA,NA,NA,NA,NA,NA,1   NA   NA   NA,SAMP   NA   NA   NA
STTD_2022-06-21 08:09:00,6/21/2022 8:09,STTD,2022,D,FALSE,CLR,Flood,1,23,0.65,191,198,8.9,9.4,12.9,10,Low,595370,590776,4594,4594,30.22445238,30.22445238,1,"boat used, veg in sample",NA,Terrestrial Non-Insect,NA,NA,Araneae,NA,NA,2,0.066,0.066,NA,NA,1,SAMP,NA,NA,NA,NA,NA,NA,1   NA   NA   NA,SAMP   NA   NA   NA
STTD_2022-06-21 08:09:00,6/21/2022 8:09,STTD,2022,D,FALSE,CLR,Flood,1,23,0.65,191,198,8.9,9.4,12.9,10,Low,595370,590776,4594,4594,30.22445238,30.22445238,1,"boat used, veg in sample",NA,Aquatic Non-Insect,NA,NA,Pionidae,NA,NA,1,0.033,0.033,NA,NA,1,SAMP,NA,NA,NA,NA,NA,NA,1   NA   NA   NA,SAMP   NA   NA   NA
STTD_2022-06-21 08:09:00,6/21/2022 8:09,STTD,2022,D,FALSE,CLR,Flood,1,23,0.65,191,198,8.9,9.4,12.9,10,Low,595370,590776,4594,4594,30.22445238,30.22445238,1,"boat used, veg in sample",NA,Aquatic Non-Insect,NA,NA,Planorbidae,NA,NA,3,0.099,0.099,NA,NA,1,SAMP,NA,NA,NA,NA,NA,NA,1   NA   NA   NA,SAMP   NA   NA   NA
STTD_2022-06-21 08:09:00,6/21/2022 8:09,STTD,2022,D,FALSE,CLR,Flood,1,23,0.65,191,198,8.9,9.4,12.9,10,Low,595370,590776,4594,4594,30.22445238,30.22445238,1,"boat used, veg in sample",NA,Terrestrial Insect,NA,NA,Coleoptera,NA,Adults,2,0.066,0.066,NA,NA,1,SAMP,NA,NA,NA,NA,NA,NA,1   NA   NA   NA,SAMP   NA   NA   NA
STTD_2022-06-21 08:09:00,6/21/2022 8:09,STTD,2022,D,FALSE,CLR,Flood,1,23,0.65,191,198,8.9,9.4,12.9,10,Low,595370,590776,4594,4594,30.22445238,30.22445238,1,"boat used, veg in sample",NA,Unknown Insect,NA,NA,Diptera,NA,Pupae,1,0.033,0.033,NA,NA,1,SAMP,NA,NA,NA,NA,NA,NA,1   NA   NA   NA,SAMP   NA   NA   NA
STTD_2022-06-21 08:09:00,6/21/2022 8:09,STTD,2022,D,FALSE,CLR,Flood,1,23,0.65,191,198,8.9,9.4,12.9,10,Low,595370,590776,4594,4594,30.22445238,30.22445238,1,"boat used, veg in sample",NA,Aquatic Insect,NA,NA,Chironomidae,NA,Larvae,5,0.165,0.165,NA,NA,1,SAMP,NA,NA,NA,NA,NA,NA,1   NA   NA   NA,SAMP   NA   NA   NA
STTD_2022-06-21 08:09:00,6/21/2022 8:09,STTD,2022,D,FALSE,CLR,Flood,1,23,0.65,191,198,8.9,9.4,12.9,10,Low,595370,590776,4594,4594,30.22445238,30.22445238,1,"boat used, veg in sample",NA,Aquatic Insect,NA,NA,Chironomidae,NA,Adults,13,0.43,0.43,NA,NA,1,SAMP,NA,NA,NA,NA,NA,NA,1   NA   NA   NA,SAMP   NA   NA   NA
STTD_2022-06-21 08:09:00,6/21/2022 8:09,STTD,2022,D,FALSE,CLR,Flood,1,23,0.65,191,198,8.9,9.4,12.9,10,Low,595370,590776,4594,4594,30.22445238,30.22445238,1,"boat used, veg in sample",NA,Terrestrial Insect,NA,NA,Hemiptera,NA,Nymphs,1,0.033,0.033,NA,NA,1,SAMP,NA,NA,NA,NA,NA,NA,1   NA   NA   NA,SAMP   NA   NA   NA
STTD_2022-06-21 08:09:00,6/21/2022 8:09,STTD,2022,D,FALSE,CLR,Flood,1,23,0.65,191,198,8.9,9.4,12.9,10,Low,595370,590776,4594,4594,30.22445238,30.22445238,1,"boat used, veg in sample",NA,Terrestrial Insect,NA,NA,Hemiptera,NA,Adults,3,0.099,0.099,NA,NA,1,SAMP,NA,NA,NA,NA,NA,NA,1   NA   NA   NA,SAMP   NA   NA   NA
STTD_2022-06-21 08:09:00,6/21/2022 8:09,STTD,2022,D,FALSE,CLR,Flood,1,23,0.65,191,198,8.9,9.4,12.9,10,Low,595370,590776,4594,4594,30.22445238,30.22445238,1,"boat used, veg in sample",NA,Aquatic Insect,NA,NA,Corixidae,NA,Nymphs,1,0.033,0.033,NA,NA,1,SAMP,NA,NA,NA,NA,NA,NA,1   NA   NA   NA,SAMP   NA   NA   NA
STTD_2022-06-21 08:09:00,6/21/2022 8:09,STTD,2022,D,FALSE,CLR,Flood,1,23,0.65,191,198,8.9,9.4,12.9,10,Low,595370,590776,4594,4594,30.22445238,30.22445238,1,"boat used, veg in sample",NA,Aquatic Insect,NA,NA,Corixidae,NA,Adults,1,0.033,0.033,NA,NA,1,SAMP,NA,NA,NA,NA,NA,NA,1   NA   NA   NA,SAMP   NA   NA   NA
STTD_2022-06-21 08:09:00,6/21/2022 8:09,STTD,2022,D,FALSE,CLR,Flood,1,23,0.65,191,198,8.9,9.4,12.9,10,Low,595370,590776,4594,4594,30.22445238,30.22445238,1,"boat used, veg in sample",NA,Terrestrial Insect,NA,NA,Veliidae,NA,Nymphs,1,0.033,0.033,NA,NA,1,SAMP,NA,NA,NA,NA,NA,NA,1   NA   NA   NA,SAMP   NA   NA   NA
STTD_2022-06-21 08:09:00,6/21/2022 8:09,STTD,2022,D,FALSE,CLR,Flood,1,23,0.65,191,198,8.9,9.4,12.9,10,Low,595370,590776,4594,4594,30.22445238,30.22445238,1,"boat used, veg in sample",NA,Terrestrial Insect,NA,NA,Hymenoptera,NA,Adults,4,0.132,0.132,NA,NA,1,SAMP,NA,NA,NA,NA,NA,NA,1   NA   NA   NA,SAMP   NA   NA   NA
STTD_2022-06-21 08:09:00,6/21/2022 8:09,STTD,2022,D,FALSE,CLR,Flood,1,23,0.65,191,198,8.9,9.4,12.9,10,Low,595370,590776,4594,4594,30.22445238,30.22445238,1,"boat used, veg in sample",NA,Aquatic Insect,NA,NA,Coenagrionidae,NA,Nymphs,3,0.099,0.099,NA,NA,1,SAMP,NA,NA,NA,NA,NA,NA,1   NA   NA   NA,SAMP   NA   NA   NA
STTD_2022-06-21 08:09:00,6/21/2022 8:09,STTD,2022,D,FALSE,CLR,Flood,1,23,0.65,191,198,8.9,9.4,12.9,10,Low,595370,590776,4594,4594,30.22445238,30.22445238,1,"boat used, veg in sample",NA,Aquatic Non-Insect,NA,NA,Palaemonidae,NA,NA,2,0.066,0.066,NA,NA,1,SAMP,NA,NA,NA,NA,NA,NA,1   NA   NA   NA,SAMP   NA   NA   NA
STTD_2022-07-12 09:31:00,7/12/2022 9:31,STTD,2022,D,FALSE,CLR,Ebb,1,24,0.62,154,157,8.68,7.53,6.8,10,Low,590191,586426,3765,3765,24.77036639,24.77036639,1,a LOT of filamentous algae,NA,Aquatic Insect,NA,NA,Actinopterygii,NA,NA,4,0.161,0.161,NA,NA,1,SAMP,NA,NA,NA,NA,NA,NA,1   NA   NA   NA,SAMP   NA   NA   NA
STTD_2022-07-12 09:31:00,7/12/2022 9:31,STTD,2022,D,FALSE,CLR,Ebb,1,24,0.62,154,157,8.68,7.53,6.8,10,Low,590191,586426,3765,3765,24.77036639,24.77036639,1,a LOT of filamentous algae,NA,Aquatic Non-Insect,NA,NA,Acari,NA,NA,1,0.04,0.04,NA,NA,1,SAMP,NA,NA,NA,NA,NA,NA,1   NA   NA   NA,SAMP   NA   NA   NA
STTD_2022-07-12 09:31:00,7/12/2022 9:31,STTD,2022,D,FALSE,CLR,Ebb,1,24,0.62,154,157,8.68,7.53,6.8,10,Low,590191,586426,3765,3765,24.77036639,24.77036639,1,a LOT of filamentous algae,NA,Aquatic Non-Insect,NA,NA,Unionicolidae,NA,NA,1,0.04,0.04,NA,NA,1,SAMP,NA,NA,NA,NA,NA,NA,1   NA   NA   NA,SAMP   NA   NA   NA
STTD_2022-07-12 09:31:00,7/12/2022 9:31,STTD,2022,D,FALSE,CLR,Ebb,1,24,0.62,154,157,8.68,7.53,6.8,10,Low,590191,586426,3765,3765,24.77036639,24.77036639,1,a LOT of filamentous algae,NA,Aquatic Non-Insect,NA,NA,Oligochaeta,NA,NA,1,0.04,0.04,NA,NA,1,SAMP,NA,NA,NA,NA,NA,NA,1   NA   NA   NA,SAMP   NA   NA   NA
STTD_2022-07-12 09:31:00,7/12/2022 9:31,STTD,2022,D,FALSE,CLR,Ebb,1,24,0.62,154,157,8.68,7.53,6.8,10,Low,590191,586426,3765,3765,24.77036639,24.77036639,1,a LOT of filamentous algae,NA,Aquatic Non-Insect,NA,NA,Planorbidae,NA,NA,1,0.04,0.04,NA,NA,1,SAMP,NA,NA,NA,NA,NA,NA,1   NA   NA   NA,SAMP   NA   NA   NA
STTD_2022-07-12 09:31:00,7/12/2022 9:31,STTD,2022,D,FALSE,CLR,Ebb,1,24,0.62,154,157,8.68,7.53,6.8,10,Low,590191,586426,3765,3765,24.77036639,24.77036639,1,a LOT of filamentous algae,NA,Aquatic Non-Insect,NA,NA,Hydridae,NA,NA,3,0.121,0.121,NA,NA,1,SAMP,NA,NA,NA,NA,NA,NA,1   NA   NA   NA,SAMP   NA   NA   NA
STTD_2022-07-12 09:31:00,7/12/2022 9:31,STTD,2022,D,FALSE,CLR,Ebb,1,24,0.62,154,157,8.68,7.53,6.8,10,Low,590191,586426,3765,3765,24.77036639,24.77036639,1,a LOT of filamentous algae,NA,Aquatic Insect,NA,NA,Dytiscidae,NA,Adults,1,0.04,0.04,NA,NA,1,SAMP,NA,NA,NA,NA,NA,NA,1   NA   NA   NA,SAMP   NA   NA   NA
STTD_2022-07-12 09:31:00,7/12/2022 9:31,STTD,2022,D,FALSE,CLR,Ebb,1,24,0.62,154,157,8.68,7.53,6.8,10,Low,590191,586426,3765,3765,24.77036639,24.77036639,1,a LOT of filamentous algae,NA,Aquatic Insect,NA,NA,Chironomidae,NA,Adults,1,0.04,0.04,NA,NA,1,SAMP,NA,NA,NA,NA,NA,NA,1   NA   NA   NA,SAMP   NA   NA   NA
STTD_2022-07-12 09:31:00,7/12/2022 9:31,STTD,2022,D,FALSE,CLR,Ebb,1,24,0.62,154,157,8.68,7.53,6.8,10,Low,590191,586426,3765,3765,24.77036639,24.77036639,1,a LOT of filamentous algae,NA,Unknown Insect,NA,NA,Phoridae,NA,Adults,2,0.081,0.081,NA,NA,1,SAMP,NA,NA,NA,NA,NA,NA,1   NA   NA   NA,SAMP   NA   NA   NA
STTD_2022-07-12 09:31:00,7/12/2022 9:31,STTD,2022,D,FALSE,CLR,Ebb,1,24,0.62,154,157,8.68,7.53,6.8,10,Low,590191,586426,3765,3765,24.77036639,24.77036639,1,a LOT of filamentous algae,NA,Terrestrial Insect,NA,NA,Hemiptera,NA,Nymphs,7,0.283,0.283,NA,NA,1,SAMP,NA,NA,NA,NA,NA,NA,1   NA   NA   NA,SAMP   NA   NA   NA
STTD_2022-07-12 09:31:00,7/12/2022 9:31,STTD,2022,D,FALSE,CLR,Ebb,1,24,0.62,154,157,8.68,7.53,6.8,10,Low,590191,586426,3765,3765,24.77036639,24.77036639,1,a LOT of filamentous algae,NA,Terrestrial Insect,NA,NA,Hemiptera,NA,Adults,35,1.413,1.413,NA,NA,1,SAMP,NA,NA,NA,NA,NA,NA,1   NA   NA   NA,SAMP   NA   NA   NA
STTD_2022-07-12 09:31:00,7/12/2022 9:31,STTD,2022,D,FALSE,CLR,Ebb,1,24,0.62,154,157,8.68,7.53,6.8,10,Low,590191,586426,3765,3765,24.77036639,24.77036639,1,a LOT of filamentous algae,NA,Terrestrial Insect,NA,NA,Hymenoptera,NA,Adults,4,0.161,0.161,NA,NA,1,SAMP,NA,NA,NA,NA,NA,NA,1   NA   NA   NA,SAMP   NA   NA   NA
STTD_2022-07-12 09:31:00,7/12/2022 9:31,STTD,2022,D,FALSE,CLR,Ebb,1,24,0.62,154,157,8.68,7.53,6.8,10,Low,590191,586426,3765,3765,24.77036639,24.77036639,1,a LOT of filamentous algae,NA,Aquatic Insect,NA,NA,Coenagrionidae,NA,Nymphs,1,0.04,0.04,NA,NA,1,SAMP,NA,NA,NA,NA,NA,NA,1   NA   NA   NA,SAMP   NA   NA   NA
STTD_2022-07-12 09:31:00,7/12/2022 9:31,STTD,2022,D,FALSE,CLR,Ebb,1,24,0.62,154,157,8.68,7.53,6.8,10,Low,590191,586426,3765,3765,24.77036639,24.77036639,1,a LOT of filamentous algae,NA,Aquatic Non-Insect,NA,NA,Hyalellidae,NA,NA,2,0.081,0.081,NA,NA,1,SAMP,NA,NA,NA,NA,NA,NA,1   NA   NA   NA,SAMP   NA   NA   NA
STTD_2022-07-12 09:31:00,7/12/2022 9:31,STTD,2022,D,FALSE,CLR,Ebb,1,24,0.62,154,157,8.68,7.53,6.8,10,Low,590191,586426,3765,3765,24.77036639,24.77036639,1,a LOT of filamentous algae,NA,Aquatic Non-Insect,NA,NA,Turbellaria,NA,NA,1,0.04,0.04,NA,NA,1,SAMP,NA,NA,NA,NA,NA,NA,1   NA   NA   NA,SAMP   NA   NA   NA
SHR_2022-07-13 09:07:00,7/13/2022 9:07,SHR,2022,D,FALSE,CLR,Ebb,1,22.6,0.75,95,98,7.78,8.26,6.7,10,Low,586084,575021,11063,11063,72.78474459,72.78474459,1,NA,NA,Terrestrial Non-Insect,NA,NA,Araneae,NA,NA,8,0.11,0.11,NA,NA,NA,NA,NA,NA,NA,NA,NA,NA,NA   NA   NA   NA,NA   NA   NA   NA
SHR_2022-07-13 09:07:00,7/13/2022 9:07,SHR,2022,D,FALSE,CLR,Ebb,1,22.6,0.75,95,98,7.78,8.26,6.7,10,Low,586084,575021,11063,11063,72.78474459,72.78474459,1,NA,NA,Aquatic Non-Insect,NA,NA,Lebertiidae,NA,NA,5,0.069,0.069,NA,NA,NA,NA,NA,NA,NA,NA,NA,NA,NA   NA   NA   NA,NA   NA   NA   NA
SHR_2022-07-13 09:07:00,7/13/2022 9:07,SHR,2022,D,FALSE,CLR,Ebb,1,22.6,0.75,95,98,7.78,8.26,6.7,10,Low,586084,575021,11063,11063,72.78474459,72.78474459,1,NA,NA,Aquatic Non-Insect,NA,NA,Mideopsidae,NA,NA,1,0.014,0.014,NA,NA,NA,NA,NA,NA,NA,NA,NA,NA,NA   NA   NA   NA,NA   NA   NA   NA
SHR_2022-07-13 09:07:00,7/13/2022 9:07,SHR,2022,D,FALSE,CLR,Ebb,1,22.6,0.75,95,98,7.78,8.26,6.7,10,Low,586084,575021,11063,11063,72.78474459,72.78474459,1,NA,NA,Aquatic Non-Insect,NA,NA,Pionidae,NA,NA,1,0.014,0.014,NA,NA,NA,NA,NA,NA,NA,NA,NA,NA,NA   NA   NA   NA,NA   NA   NA   NA
SHR_2022-07-13 09:07:00,7/13/2022 9:07,SHR,2022,D,FALSE,CLR,Ebb,1,22.6,0.75,95,98,7.78,8.26,6.7,10,Low,586084,575021,11063,11063,72.78474459,72.78474459,1,NA,NA,Aquatic Non-Insect,NA,NA,Oligochaeta,NA,NA,1,0.014,0.014,NA,NA,NA,NA,NA,NA,NA,NA,NA,NA,NA   NA   NA   NA,NA   NA   NA   NA
SHR_2022-07-13 09:07:00,7/13/2022 9:07,SHR,2022,D,FALSE,CLR,Ebb,1,22.6,0.75,95,98,7.78,8.26,6.7,10,Low,586084,575021,11063,11063,72.78474459,72.78474459,1,NA,NA,Aquatic Non-Insect,NA,NA,Planorbidae,NA,NA,1,0.014,0.014,NA,NA,NA,NA,NA,NA,NA,NA,NA,NA,NA   NA   NA   NA,NA   NA   NA   NA
SHR_2022-07-13 09:07:00,7/13/2022 9:07,SHR,2022,D,FALSE,CLR,Ebb,1,22.6,0.75,95,98,7.78,8.26,6.7,10,Low,586084,575021,11063,11063,72.78474459,72.78474459,1,NA,NA,Terrestrial Non-Insect,NA,NA,Succineidae,NA,NA,1,0.014,0.014,NA,NA,NA,NA,NA,NA,NA,NA,NA,NA,NA   NA   NA   NA,NA   NA   NA   NA
SHR_2022-07-13 09:07:00,7/13/2022 9:07,SHR,2022,D,FALSE,CLR,Ebb,1,22.6,0.75,95,98,7.78,8.26,6.7,10,Low,586084,575021,11063,11063,72.78474459,72.78474459,1,NA,NA,Aquatic Non-Insect,NA,NA,Hydridae,NA,NA,1,0.014,0.014,NA,NA,NA,NA,NA,NA,NA,NA,NA,NA,NA   NA   NA   NA,NA   NA   NA   NA
SHR_2022-07-13 09:07:00,7/13/2022 9:07,SHR,2022,D,FALSE,CLR,Ebb,1,22.6,0.75,95,98,7.78,8.26,6.7,10,Low,586084,575021,11063,11063,72.78474459,72.78474459,1,NA,NA,Terrestrial Insect,NA,NA,Coleoptera,NA,Adults,4,0.055,0.055,NA,NA,NA,NA,NA,NA,NA,NA,NA,NA,NA   NA   NA   NA,NA   NA   NA   NA
SHR_2022-07-13 09:07:00,7/13/2022 9:07,SHR,2022,D,FALSE,CLR,Ebb,1,22.6,0.75,95,98,7.78,8.26,6.7,10,Low,586084,575021,11063,11063,72.78474459,72.78474459,1,NA,NA,Aquatic Insect,NA,NA,Dytiscidae,NA,Adults,3,0.041,0.041,NA,NA,NA,NA,NA,NA,NA,NA,NA,NA,NA   NA   NA   NA,NA   NA   NA   NA
SHR_2022-07-13 09:07:00,7/13/2022 9:07,SHR,2022,D,FALSE,CLR,Ebb,1,22.6,0.75,95,98,7.78,8.26,6.7,10,Low,586084,575021,11063,11063,72.78474459,72.78474459,1,NA,NA,Aquatic Insect,NA,NA,Haliplidae,NA,Adults,1,0.014,0.014,NA,NA,NA,NA,NA,NA,NA,NA,NA,NA,NA   NA   NA   NA,NA   NA   NA   NA
SHR_2022-07-13 09:07:00,7/13/2022 9:07,SHR,2022,D,FALSE,CLR,Ebb,1,22.6,0.75,95,98,7.78,8.26,6.7,10,Low,586084,575021,11063,11063,72.78474459,72.78474459,1,NA,NA,Aquatic Insect,NA,NA,Hydraenidae,NA,Adults,7,0.096,0.096,NA,NA,NA,NA,NA,NA,NA,NA,NA,NA,NA   NA   NA   NA,NA   NA   NA   NA
SHR_2022-07-13 09:07:00,7/13/2022 9:07,SHR,2022,D,FALSE,CLR,Ebb,1,22.6,0.75,95,98,7.78,8.26,6.7,10,Low,586084,575021,11063,11063,72.78474459,72.78474459,1,NA,NA,Terrestrial Insect,NA,NA,Diptera,NA,Adults,2,0.027,0.027,NA,NA,NA,NA,NA,NA,NA,NA,NA,NA,NA   NA   NA   NA,NA   NA   NA   NA
SHR_2022-07-13 09:07:00,7/13/2022 9:07,SHR,2022,D,FALSE,CLR,Ebb,1,22.6,0.75,95,98,7.78,8.26,6.7,10,Low,586084,575021,11063,11063,72.78474459,72.78474459,1,NA,NA,Aquatic Insect,NA,NA,Ceratopogonidae,NA,Pupae,2,0.027,0.027,NA,NA,NA,NA,NA,NA,NA,NA,NA,NA,NA   NA   NA   NA,NA   NA   NA   NA
SHR_2022-07-13 09:07:00,7/13/2022 9:07,SHR,2022,D,FALSE,CLR,Ebb,1,22.6,0.75,95,98,7.78,8.26,6.7,10,Low,586084,575021,11063,11063,72.78474459,72.78474459,1,NA,NA,Aquatic Insect,NA,NA,Ceratopogonidae,NA,Adults,1,0.014,0.014,NA,NA,NA,NA,NA,NA,NA,NA,NA,NA,NA   NA   NA   NA,NA   NA   NA   NA
SHR_2022-07-13 09:07:00,7/13/2022 9:07,SHR,2022,D,FALSE,CLR,Ebb,1,22.6,0.75,95,98,7.78,8.26,6.7,10,Low,586084,575021,11063,11063,72.78474459,72.78474459,1,NA,NA,Aquatic Insect,NA,NA,Chironomidae,NA,Larvae,4,0.055,0.055,NA,NA,NA,NA,NA,NA,NA,NA,NA,NA,NA   NA   NA   NA,NA   NA   NA   NA
SHR_2022-07-13 09:07:00,7/13/2022 9:07,SHR,2022,D,FALSE,CLR,Ebb,1,22.6,0.75,95,98,7.78,8.26,6.7,10,Low,586084,575021,11063,11063,72.78474459,72.78474459,1,NA,NA,Aquatic Insect,NA,NA,Chironomidae,NA,Pupae,1,0.014,0.014,NA,NA,NA,NA,NA,NA,NA,NA,NA,NA,NA   NA   NA   NA,NA   NA   NA   NA
SHR_2022-07-13 09:07:00,7/13/2022 9:07,SHR,2022,D,FALSE,CLR,Ebb,1,22.6,0.75,95,98,7.78,8.26,6.7,10,Low,586084,575021,11063,11063,72.78474459,72.78474459,1,NA,NA,Aquatic Insect,NA,NA,Chironomidae,NA,Adults,64,0.879,0.879,NA,NA,NA,NA,NA,NA,NA,NA,NA,NA,NA   NA   NA   NA,NA   NA   NA   NA
SHR_2022-07-13 09:07:00,7/13/2022 9:07,SHR,2022,D,FALSE,CLR,Ebb,1,22.6,0.75,95,98,7.78,8.26,6.7,10,Low,586084,575021,11063,11063,72.78474459,72.78474459,1,NA,NA,Aquatic Insect,NA,NA,Simuliidae,NA,Pupae,1,0.014,0.014,NA,NA,NA,NA,NA,NA,NA,NA,NA,NA,NA   NA   NA   NA,NA   NA   NA   NA
SHR_2022-07-13 09:07:00,7/13/2022 9:07,SHR,2022,D,FALSE,CLR,Ebb,1,22.6,0.75,95,98,7.78,8.26,6.7,10,Low,586084,575021,11063,11063,72.78474459,72.78474459,1,NA,NA,Terrestrial Insect,NA,NA,Hemiptera,NA,Nymphs,29,0.398,0.398,NA,NA,NA,NA,NA,NA,NA,NA,NA,NA,NA   NA   NA   NA,NA   NA   NA   NA
SHR_2022-07-13 09:07:00,7/13/2022 9:07,SHR,2022,D,FALSE,CLR,Ebb,1,22.6,0.75,95,98,7.78,8.26,6.7,10,Low,586084,575021,11063,11063,72.78474459,72.78474459,1,NA,NA,Terrestrial Insect,NA,NA,Hemiptera,NA,Adults,17,0.234,0.234,NA,NA,NA,NA,NA,NA,NA,NA,NA,NA,NA   NA   NA   NA,NA   NA   NA   NA
SHR_2022-07-13 09:07:00,7/13/2022 9:07,SHR,2022,D,FALSE,CLR,Ebb,1,22.6,0.75,95,98,7.78,8.26,6.7,10,Low,586084,575021,11063,11063,72.78474459,72.78474459,1,NA,NA,Terrestrial Insect,NA,NA,Hymenoptera,NA,Adults,13,0.179,0.179,NA,NA,NA,NA,NA,NA,NA,NA,NA,NA,NA   NA   NA   NA,NA   NA   NA   NA
SHR_2022-07-13 09:07:00,7/13/2022 9:07,SHR,2022,D,FALSE,CLR,Ebb,1,22.6,0.75,95,98,7.78,8.26,6.7,10,Low,586084,575021,11063,11063,72.78474459,72.78474459,1,NA,NA,Aquatic Insect,NA,NA,Sisyridae,NA,Larvae,1,0.014,0.014,NA,NA,NA,NA,NA,NA,NA,NA,NA,NA,NA   NA   NA   NA,NA   NA   NA   NA
SHR_2022-07-13 09:07:00,7/13/2022 9:07,SHR,2022,D,FALSE,CLR,Ebb,1,22.6,0.75,95,98,7.78,8.26,6.7,10,Low,586084,575021,11063,11063,72.78474459,72.78474459,1,NA,NA,Terrestrial Insect,NA,NA,Psocoptera,NA,Adults,14,0.192,0.192,NA,NA,NA,NA,NA,NA,NA,NA,NA,NA,NA   NA   NA   NA,NA   NA   NA   NA
SHR_2022-07-13 09:07:00,7/13/2022 9:07,SHR,2022,D,FALSE,CLR,Ebb,1,22.6,0.75,95,98,7.78,8.26,6.7,10,Low,586084,575021,11063,11063,72.78474459,72.78474459,1,NA,NA,Aquatic Insect,NA,NA,Hydroptilidae,NA,Adults,1,0.014,0.014,NA,NA,NA,NA,NA,NA,NA,NA,NA,NA,NA   NA   NA   NA,NA   NA   NA   NA
SHR_2022-07-13 09:07:00,7/13/2022 9:07,SHR,2022,D,FALSE,CLR,Ebb,1,22.6,0.75,95,98,7.78,8.26,6.7,10,Low,586084,575021,11063,11063,72.78474459,72.78474459,1,NA,NA,Aquatic Insect,NA,NA,Leptoceridae,NA,Larvae,27,0.371,0.371,NA,NA,NA,NA,NA,NA,NA,NA,NA,NA,NA   NA   NA   NA,NA   NA   NA   NA
SHR_2022-07-13 09:07:00,7/13/2022 9:07,SHR,2022,D,FALSE,CLR,Ebb,1,22.6,0.75,95,98,7.78,8.26,6.7,10,Low,586084,575021,11063,11063,72.78474459,72.78474459,1,NA,NA,Aquatic Non-Insect,NA,NA,Hyalellidae,NA,NA,10,0.137,0.137,NA,NA,NA,NA,NA,NA,NA,NA,NA,NA,NA   NA   NA   NA,NA   NA   NA   NA
STTD_2022-07-26 09:10:00,7/26/2022 9:10,STTD,2022,D,FALSE,CLR,Ebb,1,22,0.49,146,155,8.86,7.9,10.8,10,Low,574783,571374,3409,3409,22.4282016,22.4282016,1,NA,NA,Aquatic Non-Insect,NA,NA,Oligochaeta,NA,NA,1,0.045,0.045,NA,NA,NA,NA,NA,NA,NA,NA,NA,NA,NA   NA   NA   NA,NA   NA   NA   NA
STTD_2022-07-26 09:10:00,7/26/2022 9:10,STTD,2022,D,FALSE,CLR,Ebb,1,22,0.49,146,155,8.86,7.9,10.8,10,Low,574783,571374,3409,3409,22.4282016,22.4282016,1,NA,NA,Terrestrial Insect,NA,NA,Coleoptera,NA,Adults,1,0.045,0.045,NA,NA,NA,NA,NA,NA,NA,NA,NA,NA,NA   NA   NA   NA,NA   NA   NA   NA
STTD_2022-07-26 09:10:00,7/26/2022 9:10,STTD,2022,D,FALSE,CLR,Ebb,1,22,0.49,146,155,8.86,7.9,10.8,10,Low,574783,571374,3409,3409,22.4282016,22.4282016,1,NA,NA,Aquatic Insect,NA,NA,Chironomidae,NA,Larvae,1,0.045,0.045,NA,NA,NA,NA,NA,NA,NA,NA,NA,NA,NA   NA   NA   NA,NA   NA   NA   NA
STTD_2022-07-26 09:10:00,7/26/2022 9:10,STTD,2022,D,FALSE,CLR,Ebb,1,22,0.49,146,155,8.86,7.9,10.8,10,Low,574783,571374,3409,3409,22.4282016,22.4282016,1,NA,NA,Aquatic Insect,NA,NA,Corixidae,NA,Nymphs,1,0.045,0.045,NA,NA,NA,NA,NA,NA,NA,NA,NA,NA,NA   NA   NA   NA,NA   NA   NA   NA
STTD_2022-07-26 09:10:00,7/26/2022 9:10,STTD,2022,D,FALSE,CLR,Ebb,1,22,0.49,146,155,8.86,7.9,10.8,10,Low,574783,571374,3409,3409,22.4282016,22.4282016,1,NA,NA,Terrestrial Insect,NA,NA,Hymenoptera,NA,Adults,1,0.045,0.045,NA,NA,NA,NA,NA,NA,NA,NA,NA,NA,NA   NA   NA   NA,NA   NA   NA   NA
SHR_2022-07-27 08:59:00,7/27/2022 8:59,SHR,2022,D,FALSE,CLD,Ebb,1,22.1,0.9,94,99,7.98,8.24,5.2,10,Low,571039,561216,9823,9823,64.62664251,64.62664251,1,NA,NA,Aquatic Non-Insect,NA,NA,Hygrobatidae,NA,NA,1,0.015,0.015,NA,NA,NA,NA,NA,NA,NA,NA,NA,NA,NA   NA   NA   NA,NA   NA   NA   NA
SHR_2022-07-27 08:59:00,7/27/2022 8:59,SHR,2022,D,FALSE,CLD,Ebb,1,22.1,0.9,94,99,7.98,8.24,5.2,10,Low,571039,561216,9823,9823,64.62664251,64.62664251,1,NA,NA,Aquatic Non-Insect,NA,NA,Planorbidae,NA,NA,3,0.046,0.046,NA,NA,NA,NA,NA,NA,NA,NA,NA,NA,NA   NA   NA   NA,NA   NA   NA   NA
SHR_2022-07-27 08:59:00,7/27/2022 8:59,SHR,2022,D,FALSE,CLD,Ebb,1,22.1,0.9,94,99,7.98,8.24,5.2,10,Low,571039,561216,9823,9823,64.62664251,64.62664251,1,NA,NA,Aquatic Non-Insect,NA,NA,Amnicolidae,NA,NA,1,0.015,0.015,NA,NA,NA,NA,NA,NA,NA,NA,NA,NA,NA   NA   NA   NA,NA   NA   NA   NA
SHR_2022-07-27 08:59:00,7/27/2022 8:59,SHR,2022,D,FALSE,CLD,Ebb,1,22.1,0.9,94,99,7.98,8.24,5.2,10,Low,571039,561216,9823,9823,64.62664251,64.62664251,1,NA,NA,Aquatic Insect,NA,NA,Chironomidae,NA,Adults,7,0.108,0.108,NA,NA,NA,NA,NA,NA,NA,NA,NA,NA,NA   NA   NA   NA,NA   NA   NA   NA
SHR_2022-07-27 08:59:00,7/27/2022 8:59,SHR,2022,D,FALSE,CLD,Ebb,1,22.1,0.9,94,99,7.98,8.24,5.2,10,Low,571039,561216,9823,9823,64.62664251,64.62664251,1,NA,NA,Terrestrial Insect,NA,NA,Hemiptera,NA,Nymphs,3,0.046,0.046,NA,NA,NA,NA,NA,NA,NA,NA,NA,NA,NA   NA   NA   NA,NA   NA   NA   NA
SHR_2022-07-27 08:59:00,7/27/2022 8:59,SHR,2022,D,FALSE,CLD,Ebb,1,22.1,0.9,94,99,7.98,8.24,5.2,10,Low,571039,561216,9823,9823,64.62664251,64.62664251,1,NA,NA,Terrestrial Insect,NA,NA,Hymenoptera,NA,Adults,1,0.015,0.015,NA,NA,NA,NA,NA,NA,NA,NA,NA,NA,NA   NA   NA   NA,NA   NA   NA   NA
SHR_2022-07-27 08:59:00,7/27/2022 8:59,SHR,2022,D,FALSE,CLD,Ebb,1,22.1,0.9,94,99,7.98,8.24,5.2,10,Low,571039,561216,9823,9823,64.62664251,64.62664251,1,NA,NA,Terrestrial Insect,NA,NA,Psocoptera,NA,Adults,1,0.015,0.015,NA,NA,NA,NA,NA,NA,NA,NA,NA,NA,NA   NA   NA   NA,NA   NA   NA   NA
SHR_2022-07-27 08:59:00,7/27/2022 8:59,SHR,2022,D,FALSE,CLD,Ebb,1,22.1,0.9,94,99,7.98,8.24,5.2,10,Low,571039,561216,9823,9823,64.62664251,64.62664251,1,NA,NA,Aquatic Insect,NA,NA,Hydroptilidae,NA,Larvae,1,0.015,0.015,NA,NA,NA,NA,NA,NA,NA,NA,NA,NA,NA   NA   NA   NA,NA   NA   NA   NA
SHR_2022-07-27 08:59:00,7/27/2022 8:59,SHR,2022,D,FALSE,CLD,Ebb,1,22.1,0.9,94,99,7.98,8.24,5.2,10,Low,571039,561216,9823,9823,64.62664251,64.62664251,1,NA,NA,Aquatic Insect,NA,NA,Leptoceridae,NA,Larvae,5,0.077,0.077,NA,NA,NA,NA,NA,NA,NA,NA,NA,NA,NA   NA   NA   NA,NA   NA   NA   NA
SHR_2022-07-27 08:59:00,7/27/2022 8:59,SHR,2022,D,FALSE,CLD,Ebb,1,22.1,0.9,94,99,7.98,8.24,5.2,10,Low,571039,561216,9823,9823,64.62664251,64.62664251,1,NA,NA,Aquatic Non-Insect,NA,NA,Hyalellidae,NA,NA,31,0.48,0.48,NA,NA,NA,NA,NA,NA,NA,NA,NA,NA,NA   NA   NA   NA,NA   NA   NA   NA
STTD_2022-08-09 09:02:00,8/9/2022 9:02,STTD,2022,D,FALSE,CLR,Ebb,1,21.9,0.8,147,156,8.34,7.59,7.7,10,Low,560649,556856,3793,3793,24.9545816,24.9545816,1,NA,NA,Aquatic Non-Insect,NA,NA,Limnesiidae,NA,NA,1,0.04,0.04,NA,NA,NA,NA,NA,NA,NA,NA,NA,NA,NA   NA   NA   NA,NA   NA   NA   NA
STTD_2022-08-09 09:02:00,8/9/2022 9:02,STTD,2022,D,FALSE,CLR,Ebb,1,21.9,0.8,147,156,8.34,7.59,7.7,10,Low,560649,556856,3793,3793,24.9545816,24.9545816,1,NA,NA,Aquatic Non-Insect,NA,NA,Amnicolidae,NA,NA,1,0.04,0.04,NA,NA,NA,NA,NA,NA,NA,NA,NA,NA,NA   NA   NA   NA,NA   NA   NA   NA
STTD_2022-08-09 09:02:00,8/9/2022 9:02,STTD,2022,D,FALSE,CLR,Ebb,1,21.9,0.8,147,156,8.34,7.59,7.7,10,Low,560649,556856,3793,3793,24.9545816,24.9545816,1,NA,NA,Terrestrial Insect,NA,NA,Coleoptera,NA,Adults,2,0.08,0.08,NA,NA,NA,NA,NA,NA,NA,NA,NA,NA,NA   NA   NA   NA,NA   NA   NA   NA
STTD_2022-08-09 09:02:00,8/9/2022 9:02,STTD,2022,D,FALSE,CLR,Ebb,1,21.9,0.8,147,156,8.34,7.59,7.7,10,Low,560649,556856,3793,3793,24.9545816,24.9545816,1,NA,NA,Terrestrial Insect,NA,NA,Hemiptera,NA,Nymphs,1,0.04,0.04,NA,NA,NA,NA,NA,NA,NA,NA,NA,NA,NA   NA   NA   NA,NA   NA   NA   NA
STTD_2022-08-09 09:02:00,8/9/2022 9:02,STTD,2022,D,FALSE,CLR,Ebb,1,21.9,0.8,147,156,8.34,7.59,7.7,10,Low,560649,556856,3793,3793,24.9545816,24.9545816,1,NA,NA,Terrestrial Insect,NA,NA,Hemiptera,NA,Adults,2,0.08,0.08,NA,NA,NA,NA,NA,NA,NA,NA,NA,NA,NA   NA   NA   NA,NA   NA   NA   NA
STTD_2022-08-09 09:02:00,8/9/2022 9:02,STTD,2022,D,FALSE,CLR,Ebb,1,21.9,0.8,147,156,8.34,7.59,7.7,10,Low,560649,556856,3793,3793,24.9545816,24.9545816,1,NA,NA,Terrestrial Insect,NA,NA,Hymenoptera,NA,Adults,1,0.04,0.04,NA,NA,NA,NA,NA,NA,NA,NA,NA,NA,NA   NA   NA   NA,NA   NA   NA   NA
STTD_2022-08-09 09:02:00,8/9/2022 9:02,STTD,2022,D,FALSE,CLR,Ebb,1,21.9,0.8,147,156,8.34,7.59,7.7,10,Low,560649,556856,3793,3793,24.9545816,24.9545816,1,NA,NA,Aquatic Insect,NA,NA,Coenagrionidae,NA,Nymphs,5,0.2,0.2,NA,NA,NA,NA,NA,NA,NA,NA,NA,NA,NA   NA   NA   NA,NA   NA   NA   NA
STTD_2022-08-09 09:02:00,8/9/2022 9:02,STTD,2022,D,FALSE,CLR,Ebb,1,21.9,0.8,147,156,8.34,7.59,7.7,10,Low,560649,556856,3793,3793,24.9545816,24.9545816,1,NA,NA,Aquatic Non-Insect,NA,NA,Hyalellidae,NA,NA,4,0.16,0.16,NA,NA,NA,NA,NA,NA,NA,NA,NA,NA,NA   NA   NA   NA,NA   NA   NA   NA
SHR_2022-08-10 09:23:00,8/10/2022 9:23,SHR,2022,D,FALSE,CLR,Ebb,1,22,2.38,93,99,7.63,8.32,6.6,10,Low,556683,548511,8172,8172,53.76452434,53.76452434,1,Lots of large debris,NA,Terrestrial Non-Insect,NA,NA,Araneae,NA,NA,2,0.037,0.037,NA,NA,2,SAMP,NA,NA,NA,NA,NA,NA,2   NA   NA   NA,SAMP   NA   NA   NA
SHR_2022-08-10 09:23:00,8/10/2022 9:23,SHR,2022,D,FALSE,CLR,Ebb,1,22,2.38,93,99,7.63,8.32,6.6,10,Low,556683,548511,8172,8172,53.76452434,53.76452434,1,Lots of large debris,NA,Terrestrial Insect,NA,NA,Coleoptera,NA,Adults,1,0.019,0.019,NA,NA,2,SAMP,NA,NA,NA,NA,NA,NA,2   NA   NA   NA,SAMP   NA   NA   NA
SHR_2022-08-10 09:23:00,8/10/2022 9:23,SHR,2022,D,FALSE,CLR,Ebb,1,22,2.38,93,99,7.63,8.32,6.6,10,Low,556683,548511,8172,8172,53.76452434,53.76452434,1,Lots of large debris,NA,Aquatic Insect,NA,NA,Dytiscidae,NA,Adults,1,0.019,0.019,NA,NA,2,SAMP,NA,NA,NA,NA,NA,NA,2   NA   NA   NA,SAMP   NA   NA   NA
SHR_2022-08-10 09:23:00,8/10/2022 9:23,SHR,2022,D,FALSE,CLR,Ebb,1,22,2.38,93,99,7.63,8.32,6.6,10,Low,556683,548511,8172,8172,53.76452434,53.76452434,1,Lots of large debris,NA,Terrestrial Insect,NA,NA,Diptera,NA,Adults,1,0.019,0.019,NA,NA,2,SAMP,NA,NA,NA,NA,NA,NA,2   NA   NA   NA,SAMP   NA   NA   NA
SHR_2022-08-10 09:23:00,8/10/2022 9:23,SHR,2022,D,FALSE,CLR,Ebb,1,22,2.38,93,99,7.63,8.32,6.6,10,Low,556683,548511,8172,8172,53.76452434,53.76452434,1,Lots of large debris,NA,Aquatic Insect,NA,NA,Ceratopogonidae,NA,Pupae,2,0.037,0.037,NA,NA,2,SAMP,NA,NA,NA,NA,NA,NA,2   NA   NA   NA,SAMP   NA   NA   NA
SHR_2022-08-10 09:23:00,8/10/2022 9:23,SHR,2022,D,FALSE,CLR,Ebb,1,22,2.38,93,99,7.63,8.32,6.6,10,Low,556683,548511,8172,8172,53.76452434,53.76452434,1,Lots of large debris,NA,Aquatic Insect,NA,NA,Chironomidae,NA,Larvae,13,0.242,0.242,NA,NA,2,SAMP,NA,NA,NA,NA,NA,NA,2   NA   NA   NA,SAMP   NA   NA   NA
SHR_2022-08-10 09:23:00,8/10/2022 9:23,SHR,2022,D,FALSE,CLR,Ebb,1,22,2.38,93,99,7.63,8.32,6.6,10,Low,556683,548511,8172,8172,53.76452434,53.76452434,1,Lots of large debris,NA,Aquatic Insect,NA,NA,Chironomidae,NA,Adults,18,0.335,0.335,NA,NA,2,SAMP,NA,NA,NA,NA,NA,NA,2   NA   NA   NA,SAMP   NA   NA   NA
SHR_2022-08-10 09:23:00,8/10/2022 9:23,SHR,2022,D,FALSE,CLR,Ebb,1,22,2.38,93,99,7.63,8.32,6.6,10,Low,556683,548511,8172,8172,53.76452434,53.76452434,1,Lots of large debris,NA,Aquatic Insect,NA,NA,Caenidae,NA,Larvae,1,0.019,0.019,NA,NA,2,SAMP,NA,NA,NA,NA,NA,NA,2   NA   NA   NA,SAMP   NA   NA   NA
SHR_2022-08-10 09:23:00,8/10/2022 9:23,SHR,2022,D,FALSE,CLR,Ebb,1,22,2.38,93,99,7.63,8.32,6.6,10,Low,556683,548511,8172,8172,53.76452434,53.76452434,1,Lots of large debris,NA,Terrestrial Insect,NA,NA,Hemiptera,NA,Nymphs,66,1.228,1.228,NA,NA,2,SAMP,NA,NA,NA,NA,NA,NA,2   NA   NA   NA,SAMP   NA   NA   NA
SHR_2022-08-10 09:23:00,8/10/2022 9:23,SHR,2022,D,FALSE,CLR,Ebb,1,22,2.38,93,99,7.63,8.32,6.6,10,Low,556683,548511,8172,8172,53.76452434,53.76452434,1,Lots of large debris,NA,Terrestrial Insect,NA,NA,Hemiptera,NA,Adults,27,0.502,0.502,NA,NA,2,SAMP,NA,NA,NA,NA,NA,NA,2   NA   NA   NA,SAMP   NA   NA   NA
SHR_2022-08-10 09:23:00,8/10/2022 9:23,SHR,2022,D,FALSE,CLR,Ebb,1,22,2.38,93,99,7.63,8.32,6.6,10,Low,556683,548511,8172,8172,53.76452434,53.76452434,1,Lots of large debris,NA,Terrestrial Insect,NA,NA,Hymenoptera,NA,Adults,7,0.13,0.13,NA,NA,2,SAMP,NA,NA,NA,NA,NA,NA,2   NA   NA   NA,SAMP   NA   NA   NA
SHR_2022-08-10 09:23:00,8/10/2022 9:23,SHR,2022,D,FALSE,CLR,Ebb,1,22,2.38,93,99,7.63,8.32,6.6,10,Low,556683,548511,8172,8172,53.76452434,53.76452434,1,Lots of large debris,NA,Aquatic Insect,NA,NA,Hydroptilidae,NA,Pupae,2,0.037,0.037,NA,NA,2,SAMP,NA,NA,NA,NA,NA,NA,2   NA   NA   NA,SAMP   NA   NA   NA
SHR_2022-08-10 09:23:00,8/10/2022 9:23,SHR,2022,D,FALSE,CLR,Ebb,1,22,2.38,93,99,7.63,8.32,6.6,10,Low,556683,548511,8172,8172,53.76452434,53.76452434,1,Lots of large debris,NA,Aquatic Insect,NA,NA,Leptoceridae,NA,Larvae,21,0.391,0.391,NA,NA,2,SAMP,NA,NA,NA,NA,NA,NA,2   NA   NA   NA,SAMP   NA   NA   NA
SHR_2022-08-10 09:23:00,8/10/2022 9:23,SHR,2022,D,FALSE,CLR,Ebb,1,22,2.38,93,99,7.63,8.32,6.6,10,Low,556683,548511,8172,8172,53.76452434,53.76452434,1,Lots of large debris,NA,Aquatic Non-Insect,NA,NA,Hyalellidae,NA,NA,8,0.149,0.149,NA,NA,2,SAMP,NA,NA,NA,NA,NA,NA,2   NA   NA   NA,SAMP   NA   NA   NA
STTD_2022-08-23 08:29:00,8/23/2022 8:29,STTD,2022,D,FALSE,CLR,Ebb,1,23.3,1.16,158,164,8.3,7.25,8.5,10,Low,544205,548147,3942,3942,25.93486967,25.93486967,1,NA,NA,Terrestrial Non-Insect,NA,NA,Araneae,NA,NA,1,0.039,0.039,NA,NA,NA,NA,NA,NA,NA,NA,NA,NA,NA   NA   NA   NA,NA   NA   NA   NA
STTD_2022-08-23 08:29:00,8/23/2022 8:29,STTD,2022,D,FALSE,CLR,Ebb,1,23.3,1.16,158,164,8.3,7.25,8.5,10,Low,544205,548147,3942,3942,25.93486967,25.93486967,1,NA,NA,Aquatic Non-Insect,NA,NA,Pionidae,NA,NA,1,0.039,0.039,NA,NA,NA,NA,NA,NA,NA,NA,NA,NA,NA   NA   NA   NA,NA   NA   NA   NA
STTD_2022-08-23 08:29:00,8/23/2022 8:29,STTD,2022,D,FALSE,CLR,Ebb,1,23.3,1.16,158,164,8.3,7.25,8.5,10,Low,544205,548147,3942,3942,25.93486967,25.93486967,1,NA,NA,Terrestrial Insect,NA,NA,Diptera,NA,Adults,1,0.039,0.039,NA,NA,NA,NA,NA,NA,NA,NA,NA,NA,NA   NA   NA   NA,NA   NA   NA   NA
STTD_2022-08-23 08:29:00,8/23/2022 8:29,STTD,2022,D,FALSE,CLR,Ebb,1,23.3,1.16,158,164,8.3,7.25,8.5,10,Low,544205,548147,3942,3942,25.93486967,25.93486967,1,NA,NA,Aquatic Insect,NA,NA,Chironomidae,NA,Pupae,1,0.039,0.039,NA,NA,NA,NA,NA,NA,NA,NA,NA,NA,NA   NA   NA   NA,NA   NA   NA   NA
STTD_2022-08-23 08:29:00,8/23/2022 8:29,STTD,2022,D,FALSE,CLR,Ebb,1,23.3,1.16,158,164,8.3,7.25,8.5,10,Low,544205,548147,3942,3942,25.93486967,25.93486967,1,NA,NA,Aquatic Insect,NA,NA,Chironomidae,NA,Adults,1,0.039,0.039,NA,NA,NA,NA,NA,NA,NA,NA,NA,NA,NA   NA   NA   NA,NA   NA   NA   NA
STTD_2022-08-23 08:29:00,8/23/2022 8:29,STTD,2022,D,FALSE,CLR,Ebb,1,23.3,1.16,158,164,8.3,7.25,8.5,10,Low,544205,548147,3942,3942,25.93486967,25.93486967,1,NA,NA,Terrestrial Insect,NA,NA,Hemiptera,NA,Nymphs,21,0.81,0.81,NA,NA,NA,NA,NA,NA,NA,NA,NA,NA,NA   NA   NA   NA,NA   NA   NA   NA
STTD_2022-08-23 08:29:00,8/23/2022 8:29,STTD,2022,D,FALSE,CLR,Ebb,1,23.3,1.16,158,164,8.3,7.25,8.5,10,Low,544205,548147,3942,3942,25.93486967,25.93486967,1,NA,NA,Terrestrial Insect,NA,NA,Hemiptera,NA,Adults,21,0.81,0.81,NA,NA,NA,NA,NA,NA,NA,NA,NA,NA,NA   NA   NA   NA,NA   NA   NA   NA
STTD_2022-08-23 08:29:00,8/23/2022 8:29,STTD,2022,D,FALSE,CLR,Ebb,1,23.3,1.16,158,164,8.3,7.25,8.5,10,Low,544205,548147,3942,3942,25.93486967,25.93486967,1,NA,NA,Aquatic Insect,NA,NA,Corixidae,NA,Nymphs,1,0.039,0.039,NA,NA,NA,NA,NA,NA,NA,NA,NA,NA,NA   NA   NA   NA,NA   NA   NA   NA
STTD_2022-08-23 08:29:00,8/23/2022 8:29,STTD,2022,D,FALSE,CLR,Ebb,1,23.3,1.16,158,164,8.3,7.25,8.5,10,Low,544205,548147,3942,3942,25.93486967,25.93486967,1,NA,NA,Terrestrial Insect,NA,NA,Hymenoptera,NA,Adults,6,0.231,0.231,NA,NA,NA,NA,NA,NA,NA,NA,NA,NA,NA   NA   NA   NA,NA   NA   NA   NA
STTD_2022-08-23 08:29:00,8/23/2022 8:29,STTD,2022,D,FALSE,CLR,Ebb,1,23.3,1.16,158,164,8.3,7.25,8.5,10,Low,544205,548147,3942,3942,25.93486967,25.93486967,1,NA,NA,Aquatic Insect,NA,NA,Coenagrionidae,NA,Nymphs,1,0.039,0.039,NA,NA,NA,NA,NA,NA,NA,NA,NA,NA,NA   NA   NA   NA,NA   NA   NA   NA
STTD_2022-08-23 08:29:00,8/23/2022 8:29,STTD,2022,D,FALSE,CLR,Ebb,1,23.3,1.16,158,164,8.3,7.25,8.5,10,Low,544205,548147,3942,3942,25.93486967,25.93486967,1,NA,NA,Terrestrial Insect,NA,NA,Thysanoptera,NA,Adults,1,0.039,0.039,NA,NA,NA,NA,NA,NA,NA,NA,NA,NA,NA   NA   NA   NA,NA   NA   NA   NA
STTD_2022-08-23 08:29:00,8/23/2022 8:29,STTD,2022,D,FALSE,CLR,Ebb,1,23.3,1.16,158,164,8.3,7.25,8.5,10,Low,544205,548147,3942,3942,25.93486967,25.93486967,1,NA,NA,Aquatic Insect,NA,NA,Trichoptera,NA,Adults,1,0.039,0.039,NA,NA,NA,NA,NA,NA,NA,NA,NA,NA,NA   NA   NA   NA,NA   NA   NA   NA
SHR_2022-08-24 09:00:00,8/24/2022 9:00,SHR,2022,D,FALSE,CLR,Ebb,1,23.2,3,105,109,7.4,8.24,4.4,10,Low,523821,533782,9961,9961,65.53456032,65.53456032,1,Lost sample and had to retake; sample from boat,NA,Aquatic Non-Insect,NA,NA,Lebertiidae,NA,NA,1,0.015,0.015,NA,NA,2,SAMP,NA,NA,NA,NA,NA,NA,2   NA   NA   NA,SAMP   NA   NA   NA
SHR_2022-08-24 09:00:00,8/24/2022 9:00,SHR,2022,D,FALSE,CLR,Ebb,1,23.2,3,105,109,7.4,8.24,4.4,10,Low,523821,533782,9961,9961,65.53456032,65.53456032,1,Lost sample and had to retake; sample from boat,NA,Aquatic Non-Insect,NA,NA,Oligochaeta,NA,NA,2,0.031,0.031,NA,NA,2,SAMP,NA,NA,NA,NA,NA,NA,2   NA   NA   NA,SAMP   NA   NA   NA
SHR_2022-08-24 09:00:00,8/24/2022 9:00,SHR,2022,D,FALSE,CLR,Ebb,1,23.2,3,105,109,7.4,8.24,4.4,10,Low,523821,533782,9961,9961,65.53456032,65.53456032,1,Lost sample and had to retake; sample from boat,NA,Terrestrial Insect,NA,NA,Coleoptera,NA,Adults,1,0.015,0.015,NA,NA,2,SAMP,NA,NA,NA,NA,NA,NA,2   NA   NA   NA,SAMP   NA   NA   NA
SHR_2022-08-24 09:00:00,8/24/2022 9:00,SHR,2022,D,FALSE,CLR,Ebb,1,23.2,3,105,109,7.4,8.24,4.4,10,Low,523821,533782,9961,9961,65.53456032,65.53456032,1,Lost sample and had to retake; sample from boat,NA,Aquatic Insect,NA,NA,Hydraenidae,NA,Adults,1,0.015,0.015,NA,NA,2,SAMP,NA,NA,NA,NA,NA,NA,2   NA   NA   NA,SAMP   NA   NA   NA
SHR_2022-08-24 09:00:00,8/24/2022 9:00,SHR,2022,D,FALSE,CLR,Ebb,1,23.2,3,105,109,7.4,8.24,4.4,10,Low,523821,533782,9961,9961,65.53456032,65.53456032,1,Lost sample and had to retake; sample from boat,NA,Aquatic Insect,NA,NA,Chironomidae,NA,Larvae,2,0.031,0.031,NA,NA,2,SAMP,NA,NA,NA,NA,NA,NA,2   NA   NA   NA,SAMP   NA   NA   NA
SHR_2022-08-24 09:00:00,8/24/2022 9:00,SHR,2022,D,FALSE,CLR,Ebb,1,23.2,3,105,109,7.4,8.24,4.4,10,Low,523821,533782,9961,9961,65.53456032,65.53456032,1,Lost sample and had to retake; sample from boat,NA,Aquatic Insect,NA,NA,Chironomidae,NA,Pupae,2,0.031,0.031,NA,NA,2,SAMP,NA,NA,NA,NA,NA,NA,2   NA   NA   NA,SAMP   NA   NA   NA
SHR_2022-08-24 09:00:00,8/24/2022 9:00,SHR,2022,D,FALSE,CLR,Ebb,1,23.2,3,105,109,7.4,8.24,4.4,10,Low,523821,533782,9961,9961,65.53456032,65.53456032,1,Lost sample and had to retake; sample from boat,NA,Aquatic Insect,NA,NA,Chironomidae,NA,Adults,8,0.122,0.122,NA,NA,2,SAMP,NA,NA,NA,NA,NA,NA,2   NA   NA   NA,SAMP   NA   NA   NA
SHR_2022-08-24 09:00:00,8/24/2022 9:00,SHR,2022,D,FALSE,CLR,Ebb,1,23.2,3,105,109,7.4,8.24,4.4,10,Low,523821,533782,9961,9961,65.53456032,65.53456032,1,Lost sample and had to retake; sample from boat,NA,Terrestrial Insect,NA,NA,Hemiptera,NA,Nymphs,25,0.381,0.381,NA,NA,2,SAMP,NA,NA,NA,NA,NA,NA,2   NA   NA   NA,SAMP   NA   NA   NA
SHR_2022-08-24 09:00:00,8/24/2022 9:00,SHR,2022,D,FALSE,CLR,Ebb,1,23.2,3,105,109,7.4,8.24,4.4,10,Low,523821,533782,9961,9961,65.53456032,65.53456032,1,Lost sample and had to retake; sample from boat,NA,Terrestrial Insect,NA,NA,Hemiptera,NA,Adults,4,0.061,0.061,NA,NA,2,SAMP,NA,NA,NA,NA,NA,NA,2   NA   NA   NA,SAMP   NA   NA   NA
SHR_2022-08-24 09:00:00,8/24/2022 9:00,SHR,2022,D,FALSE,CLR,Ebb,1,23.2,3,105,109,7.4,8.24,4.4,10,Low,523821,533782,9961,9961,65.53456032,65.53456032,1,Lost sample and had to retake; sample from boat,NA,Terrestrial Insect,NA,NA,Hymenoptera,NA,Adults,1,0.015,0.015,NA,NA,2,SAMP,NA,NA,NA,NA,NA,NA,2   NA   NA   NA,SAMP   NA   NA   NA
SHR_2022-08-24 09:00:00,8/24/2022 9:00,SHR,2022,D,FALSE,CLR,Ebb,1,23.2,3,105,109,7.4,8.24,4.4,10,Low,523821,533782,9961,9961,65.53456032,65.53456032,1,Lost sample and had to retake; sample from boat,NA,Aquatic Insect,NA,NA,Hydroptilidae,NA,Larvae,1,0.015,0.015,NA,NA,2,SAMP,NA,NA,NA,NA,NA,NA,2   NA   NA   NA,SAMP   NA   NA   NA
SHR_2022-08-24 09:00:00,8/24/2022 9:00,SHR,2022,D,FALSE,CLR,Ebb,1,23.2,3,105,109,7.4,8.24,4.4,10,Low,523821,533782,9961,9961,65.53456032,65.53456032,1,Lost sample and had to retake; sample from boat,NA,Aquatic Insect,NA,NA,Leptoceridae,NA,Larvae,4,0.061,0.061,NA,NA,2,SAMP,NA,NA,NA,NA,NA,NA,2   NA   NA   NA,SAMP   NA   NA   NA
SHR_2022-09-06 07:29:00,9/6/2022 7:29,SHR,2022,D,FALSE,CLR,Ebb,1,23.3,2.41,102,106,NA,8.27,5.3,10,Low,993680,262,6581,5280,43.29715305,34.73772498,1,pieces of fibers trapped inside flowmeter,NA,Aquatic Non-Insect,NA,NA,Lebertiidae,NA,NA,2,0.046,0.058,NA,NA,2,FM,NA,NA,NA,NA,NA,NA,2   NA   NA   NA,FM   NA   NA   NA
SHR_2022-09-06 07:29:00,9/6/2022 7:29,SHR,2022,D,FALSE,CLR,Ebb,1,23.3,2.41,102,106,NA,8.27,5.3,10,Low,993680,262,6581,5280,43.29715305,34.73772498,1,pieces of fibers trapped inside flowmeter,NA,Aquatic Non-Insect,NA,NA,Oligochaeta,NA,NA,4,0.092,0.115,NA,NA,2,FM,NA,NA,NA,NA,NA,NA,2   NA   NA   NA,FM   NA   NA   NA
SHR_2022-09-06 07:29:00,9/6/2022 7:29,SHR,2022,D,FALSE,CLR,Ebb,1,23.3,2.41,102,106,NA,8.27,5.3,10,Low,993680,262,6581,5280,43.29715305,34.73772498,1,pieces of fibers trapped inside flowmeter,NA,Aquatic Non-Insect,NA,NA,Planorbidae,NA,NA,1,0.023,0.029,NA,NA,2,FM,NA,NA,NA,NA,NA,NA,2   NA   NA   NA,FM   NA   NA   NA
SHR_2022-09-06 07:29:00,9/6/2022 7:29,SHR,2022,D,FALSE,CLR,Ebb,1,23.3,2.41,102,106,NA,8.27,5.3,10,Low,993680,262,6581,5280,43.29715305,34.73772498,1,pieces of fibers trapped inside flowmeter,NA,Aquatic Non-Insect,NA,NA,Amnicolidae,NA,NA,9,0.208,0.259,NA,NA,2,FM,NA,NA,NA,NA,NA,NA,2   NA   NA   NA,FM   NA   NA   NA
SHR_2022-09-06 07:29:00,9/6/2022 7:29,SHR,2022,D,FALSE,CLR,Ebb,1,23.3,2.41,102,106,NA,8.27,5.3,10,Low,993680,262,6581,5280,43.29715305,34.73772498,1,pieces of fibers trapped inside flowmeter,NA,Terrestrial Insect,NA,NA,Coleoptera,NA,Adults,3,0.069,0.086,NA,NA,2,FM,NA,NA,NA,NA,NA,NA,2   NA   NA   NA,FM   NA   NA   NA
SHR_2022-09-06 07:29:00,9/6/2022 7:29,SHR,2022,D,FALSE,CLR,Ebb,1,23.3,2.41,102,106,NA,8.27,5.3,10,Low,993680,262,6581,5280,43.29715305,34.73772498,1,pieces of fibers trapped inside flowmeter,NA,Aquatic Insect,NA,NA,Ceratopogonidae,NA,Adults,1,0.023,0.029,NA,NA,2,FM,NA,NA,NA,NA,NA,NA,2   NA   NA   NA,FM   NA   NA   NA
SHR_2022-09-06 07:29:00,9/6/2022 7:29,SHR,2022,D,FALSE,CLR,Ebb,1,23.3,2.41,102,106,NA,8.27,5.3,10,Low,993680,262,6581,5280,43.29715305,34.73772498,1,pieces of fibers trapped inside flowmeter,NA,Aquatic Insect,NA,NA,Chironomidae,NA,Larvae,15,0.346,0.432,NA,NA,2,FM,NA,NA,NA,NA,NA,NA,2   NA   NA   NA,FM   NA   NA   NA
SHR_2022-09-06 07:29:00,9/6/2022 7:29,SHR,2022,D,FALSE,CLR,Ebb,1,23.3,2.41,102,106,NA,8.27,5.3,10,Low,993680,262,6581,5280,43.29715305,34.73772498,1,pieces of fibers trapped inside flowmeter,NA,Aquatic Insect,NA,NA,Chironomidae,NA,Pupae,2,0.046,0.058,NA,NA,2,FM,NA,NA,NA,NA,NA,NA,2   NA   NA   NA,FM   NA   NA   NA
SHR_2022-09-06 07:29:00,9/6/2022 7:29,SHR,2022,D,FALSE,CLR,Ebb,1,23.3,2.41,102,106,NA,8.27,5.3,10,Low,993680,262,6581,5280,43.29715305,34.73772498,1,pieces of fibers trapped inside flowmeter,NA,Aquatic Insect,NA,NA,Chironomidae,NA,Adults,15,0.346,0.432,NA,NA,2,FM,NA,NA,NA,NA,NA,NA,2   NA   NA   NA,FM   NA   NA   NA
SHR_2022-09-06 07:29:00,9/6/2022 7:29,SHR,2022,D,FALSE,CLR,Ebb,1,23.3,2.41,102,106,NA,8.27,5.3,10,Low,993680,262,6581,5280,43.29715305,34.73772498,1,pieces of fibers trapped inside flowmeter,NA,Aquatic Insect,NA,NA,Baetidae,NA,Nymphs,1,0.023,0.029,NA,NA,2,FM,NA,NA,NA,NA,NA,NA,2   NA   NA   NA,FM   NA   NA   NA
SHR_2022-09-06 07:29:00,9/6/2022 7:29,SHR,2022,D,FALSE,CLR,Ebb,1,23.3,2.41,102,106,NA,8.27,5.3,10,Low,993680,262,6581,5280,43.29715305,34.73772498,1,pieces of fibers trapped inside flowmeter,NA,Terrestrial Insect,NA,NA,Hemiptera,NA,Nymphs,113,2.61,3.253,NA,NA,2,FM,NA,NA,NA,NA,NA,NA,2   NA   NA   NA,FM   NA   NA   NA
SHR_2022-09-06 07:29:00,9/6/2022 7:29,SHR,2022,D,FALSE,CLR,Ebb,1,23.3,2.41,102,106,NA,8.27,5.3,10,Low,993680,262,6581,5280,43.29715305,34.73772498,1,pieces of fibers trapped inside flowmeter,NA,Terrestrial Insect,NA,NA,Hemiptera,NA,Adults,21,0.485,0.605,NA,NA,2,FM,NA,NA,NA,NA,NA,NA,2   NA   NA   NA,FM   NA   NA   NA
SHR_2022-09-06 07:29:00,9/6/2022 7:29,SHR,2022,D,FALSE,CLR,Ebb,1,23.3,2.41,102,106,NA,8.27,5.3,10,Low,993680,262,6581,5280,43.29715305,34.73772498,1,pieces of fibers trapped inside flowmeter,NA,Terrestrial Insect,NA,NA,Hymenoptera,NA,Adults,9,0.208,0.259,NA,NA,2,FM,NA,NA,NA,NA,NA,NA,2   NA   NA   NA,FM   NA   NA   NA
SHR_2022-09-06 07:29:00,9/6/2022 7:29,SHR,2022,D,FALSE,CLR,Ebb,1,23.3,2.41,102,106,NA,8.27,5.3,10,Low,993680,262,6581,5280,43.29715305,34.73772498,1,pieces of fibers trapped inside flowmeter,NA,Aquatic Insect,NA,NA,Coenagrionidae,NA,Nymphs,1,0.023,0.029,NA,NA,2,FM,NA,NA,NA,NA,NA,NA,2   NA   NA   NA,FM   NA   NA   NA
SHR_2022-09-06 07:29:00,9/6/2022 7:29,SHR,2022,D,FALSE,CLR,Ebb,1,23.3,2.41,102,106,NA,8.27,5.3,10,Low,993680,262,6581,5280,43.29715305,34.73772498,1,pieces of fibers trapped inside flowmeter,NA,Aquatic Insect,NA,NA,Hydroptilidae,NA,Adults,2,0.046,0.058,NA,NA,2,FM,NA,NA,NA,NA,NA,NA,2   NA   NA   NA,FM   NA   NA   NA
SHR_2022-09-06 07:29:00,9/6/2022 7:29,SHR,2022,D,FALSE,CLR,Ebb,1,23.3,2.41,102,106,NA,8.27,5.3,10,Low,993680,262,6581,5280,43.29715305,34.73772498,1,pieces of fibers trapped inside flowmeter,NA,Aquatic Insect,NA,NA,Leptoceridae,NA,Larvae,3,0.069,0.086,NA,NA,2,FM,NA,NA,NA,NA,NA,NA,2   NA   NA   NA,FM   NA   NA   NA
SHR_2022-09-06 07:29:00,9/6/2022 7:29,SHR,2022,D,FALSE,CLR,Ebb,1,23.3,2.41,102,106,NA,8.27,5.3,10,Low,993680,262,6581,5280,43.29715305,34.73772498,1,pieces of fibers trapped inside flowmeter,NA,Aquatic Non-Insect,NA,NA,Hyalellidae,NA,NA,9,0.208,0.259,NA,NA,2,FM,NA,NA,NA,NA,NA,NA,2   NA   NA   NA,FM   NA   NA   NA
SHR_2022-09-06 07:29:00,9/6/2022 7:29,SHR,2022,D,FALSE,CLR,Ebb,1,23.3,2.41,102,106,NA,8.27,5.3,10,Low,993680,262,6581,5280,43.29715305,34.73772498,1,pieces of fibers trapped inside flowmeter,NA,Aquatic Non-Insect,NA,NA,Ostracoda,NA,NA,2,0.046,0.058,NA,NA,2,FM,NA,NA,NA,NA,NA,NA,2   NA   NA   NA,FM   NA   NA   NA
STTD_2022-09-07 06:20:00,9/7/2022 6:20,STTD,2022,D,FALSE,CLR,Ebb,1,25.6,0.89,163,161,7.81,6.7,6.8,10,Low,993659,990611,3048,3048,20.05314124,20.05314124,1,NA,NA,Aquatic Non-Insect,NA,NA,Oligochaeta,NA,NA,4,0.199,0.199,NA,NA,NA,NA,NA,NA,NA,NA,NA,NA,NA   NA   NA   NA,NA   NA   NA   NA
STTD_2022-09-07 06:20:00,9/7/2022 6:20,STTD,2022,D,FALSE,CLR,Ebb,1,25.6,0.89,163,161,7.81,6.7,6.8,10,Low,993659,990611,3048,3048,20.05314124,20.05314124,1,NA,NA,Aquatic Non-Insect,NA,NA,Planorbidae,NA,NA,1,0.05,0.05,NA,NA,NA,NA,NA,NA,NA,NA,NA,NA,NA   NA   NA   NA,NA   NA   NA   NA
STTD_2022-09-07 06:20:00,9/7/2022 6:20,STTD,2022,D,FALSE,CLR,Ebb,1,25.6,0.89,163,161,7.81,6.7,6.8,10,Low,993659,990611,3048,3048,20.05314124,20.05314124,1,NA,NA,Aquatic Non-Insect,NA,NA,Amnicolidae,NA,NA,1,0.05,0.05,NA,NA,NA,NA,NA,NA,NA,NA,NA,NA,NA   NA   NA   NA,NA   NA   NA   NA
STTD_2022-09-07 06:20:00,9/7/2022 6:20,STTD,2022,D,FALSE,CLR,Ebb,1,25.6,0.89,163,161,7.81,6.7,6.8,10,Low,993659,990611,3048,3048,20.05314124,20.05314124,1,NA,NA,Terrestrial Insect,NA,NA,Coleoptera,NA,Adults,1,0.05,0.05,NA,NA,NA,NA,NA,NA,NA,NA,NA,NA,NA   NA   NA   NA,NA   NA   NA   NA
STTD_2022-09-07 06:20:00,9/7/2022 6:20,STTD,2022,D,FALSE,CLR,Ebb,1,25.6,0.89,163,161,7.81,6.7,6.8,10,Low,993659,990611,3048,3048,20.05314124,20.05314124,1,NA,NA,Terrestrial Insect,NA,NA,Hemiptera,NA,Nymphs,2,0.1,0.1,NA,NA,NA,NA,NA,NA,NA,NA,NA,NA,NA   NA   NA   NA,NA   NA   NA   NA
STTD_2022-09-07 06:20:00,9/7/2022 6:20,STTD,2022,D,FALSE,CLR,Ebb,1,25.6,0.89,163,161,7.81,6.7,6.8,10,Low,993659,990611,3048,3048,20.05314124,20.05314124,1,NA,NA,Aquatic Insect,NA,NA,Corixidae,NA,Nymphs,1,0.05,0.05,NA,NA,NA,NA,NA,NA,NA,NA,NA,NA,NA   NA   NA   NA,NA   NA   NA   NA
STTD_2022-09-07 06:20:00,9/7/2022 6:20,STTD,2022,D,FALSE,CLR,Ebb,1,25.6,0.89,163,161,7.81,6.7,6.8,10,Low,993659,990611,3048,3048,20.05314124,20.05314124,1,NA,NA,Aquatic Insect,NA,NA,Leptoceridae,NA,Larvae,1,0.05,0.05,NA,NA,NA,NA,NA,NA,NA,NA,NA,NA,NA   NA   NA   NA,NA   NA   NA   NA
STTD_2022-09-07 06:20:00,9/7/2022 6:20,STTD,2022,D,FALSE,CLR,Ebb,1,25.6,0.89,163,161,7.81,6.7,6.8,10,Low,993659,990611,3048,3048,20.05314124,20.05314124,1,NA,NA,Aquatic Non-Insect,NA,NA,Hyalellidae,NA,NA,12,0.598,0.598,NA,NA,NA,NA,NA,NA,NA,NA,NA,NA,NA   NA   NA   NA,NA   NA   NA   NA
STTD_2022-09-07 06:20:00,9/7/2022 6:20,STTD,2022,D,FALSE,CLR,Ebb,1,25.6,0.89,163,161,7.81,6.7,6.8,10,Low,993659,990611,3048,3048,20.05314124,20.05314124,1,NA,NA,Aquatic Non-Insect,NA,NA,Turbellaria,NA,NA,1,0.05,0.05,NA,NA,NA,NA,NA,NA,NA,NA,NA,NA,NA   NA   NA   NA,NA   NA   NA   NA
STTD_2022-09-20 08:57:00,9/20/2022 8:57,STTD,2022,D,FALSE,CLD,Ebb,1,20.2,0.45,160,176,7.68,6.94,19.3,10,Low,990600,988757,1843,1843,12.12530817,12.12530817,1,NA,NA,Terrestrial Insect,NA,NA,Coleoptera,NA,Adults,1,0.082,0.082,NA,NA,NA,NA,NA,NA,NA,NA,NA,NA,NA   NA   NA   NA,NA   NA   NA   NA
STTD_2022-09-20 08:57:00,9/20/2022 8:57,STTD,2022,D,FALSE,CLD,Ebb,1,20.2,0.45,160,176,7.68,6.94,19.3,10,Low,990600,988757,1843,1843,12.12530817,12.12530817,1,NA,NA,Aquatic Insect,NA,NA,Chironomidae,NA,Adults,1,0.082,0.082,NA,NA,NA,NA,NA,NA,NA,NA,NA,NA,NA   NA   NA   NA,NA   NA   NA   NA
STTD_2022-09-20 08:57:00,9/20/2022 8:57,STTD,2022,D,FALSE,CLD,Ebb,1,20.2,0.45,160,176,7.68,6.94,19.3,10,Low,990600,988757,1843,1843,12.12530817,12.12530817,1,NA,NA,Terrestrial Insect,NA,NA,Hemiptera,NA,Nymphs,2,0.165,0.165,NA,NA,NA,NA,NA,NA,NA,NA,NA,NA,NA   NA   NA   NA,NA   NA   NA   NA
STTD_2022-09-20 08:57:00,9/20/2022 8:57,STTD,2022,D,FALSE,CLD,Ebb,1,20.2,0.45,160,176,7.68,6.94,19.3,10,Low,990600,988757,1843,1843,12.12530817,12.12530817,1,NA,NA,Terrestrial Insect,NA,NA,Hemiptera,NA,Adults,2,0.165,0.165,NA,NA,NA,NA,NA,NA,NA,NA,NA,NA,NA   NA   NA   NA,NA   NA   NA   NA
STTD_2022-09-20 08:57:00,9/20/2022 8:57,STTD,2022,D,FALSE,CLD,Ebb,1,20.2,0.45,160,176,7.68,6.94,19.3,10,Low,990600,988757,1843,1843,12.12530817,12.12530817,1,NA,NA,Aquatic Non-Insect,NA,NA,Hyalellidae,NA,NA,1,0.082,0.082,NA,NA,NA,NA,NA,NA,NA,NA,NA,NA,NA   NA   NA   NA,NA   NA   NA   NA
STTD_2022-09-20 08:57:00,9/20/2022 8:57,STTD,2022,D,FALSE,CLD,Ebb,1,20.2,0.45,160,176,7.68,6.94,19.3,10,Low,990600,988757,1843,1843,12.12530817,12.12530817,1,NA,NA,Aquatic Non-Insect,NA,NA,Turbellaria,NA,NA,1,0.082,0.082,NA,NA,NA,NA,NA,NA,NA,NA,NA,NA,NA   NA   NA   NA,NA   NA   NA   NA
SHR_2022-09-21 09:24:00,9/21/2022 9:24,SHR,2022,D,FALSE,CLD,Ebb,1,19.9,1.3,109,120,7.62,8.46,4.4,10,Low,988504,980806,7698,7698,50.64602403,50.64602403,1,A lot of veg in sample,NA,Terrestrial Non-Insect,NA,NA,Araneae,NA,NA,1,0.02,0.02,NA,NA,1,SAMP,NA,NA,NA,NA,NA,NA,1   NA   NA   NA,SAMP   NA   NA   NA
SHR_2022-09-21 09:24:00,9/21/2022 9:24,SHR,2022,D,FALSE,CLD,Ebb,1,19.9,1.3,109,120,7.62,8.46,4.4,10,Low,988504,980806,7698,7698,50.64602403,50.64602403,1,A lot of veg in sample,NA,Aquatic Non-Insect,NA,NA,Lebertiidae,NA,NA,2,0.039,0.039,NA,NA,1,SAMP,NA,NA,NA,NA,NA,NA,1   NA   NA   NA,SAMP   NA   NA   NA
SHR_2022-09-21 09:24:00,9/21/2022 9:24,SHR,2022,D,FALSE,CLD,Ebb,1,19.9,1.3,109,120,7.62,8.46,4.4,10,Low,988504,980806,7698,7698,50.64602403,50.64602403,1,A lot of veg in sample,NA,Aquatic Non-Insect,NA,NA,Mideopsidae,NA,NA,2,0.039,0.039,NA,NA,1,SAMP,NA,NA,NA,NA,NA,NA,1   NA   NA   NA,SAMP   NA   NA   NA
SHR_2022-09-21 09:24:00,9/21/2022 9:24,SHR,2022,D,FALSE,CLD,Ebb,1,19.9,1.3,109,120,7.62,8.46,4.4,10,Low,988504,980806,7698,7698,50.64602403,50.64602403,1,A lot of veg in sample,NA,Aquatic Non-Insect,NA,NA,Oligochaeta,NA,NA,5,0.099,0.099,NA,NA,1,SAMP,NA,NA,NA,NA,NA,NA,1   NA   NA   NA,SAMP   NA   NA   NA
SHR_2022-09-21 09:24:00,9/21/2022 9:24,SHR,2022,D,FALSE,CLD,Ebb,1,19.9,1.3,109,120,7.62,8.46,4.4,10,Low,988504,980806,7698,7698,50.64602403,50.64602403,1,A lot of veg in sample,NA,Aquatic Non-Insect,NA,NA,Lymnaeidae,NA,NA,5,0.099,0.099,NA,NA,1,SAMP,NA,NA,NA,NA,NA,NA,1   NA   NA   NA,SAMP   NA   NA   NA
SHR_2022-09-21 09:24:00,9/21/2022 9:24,SHR,2022,D,FALSE,CLD,Ebb,1,19.9,1.3,109,120,7.62,8.46,4.4,10,Low,988504,980806,7698,7698,50.64602403,50.64602403,1,A lot of veg in sample,NA,Aquatic Non-Insect,NA,NA,Planorbidae,NA,NA,3,0.059,0.059,NA,NA,1,SAMP,NA,NA,NA,NA,NA,NA,1   NA   NA   NA,SAMP   NA   NA   NA
SHR_2022-09-21 09:24:00,9/21/2022 9:24,SHR,2022,D,FALSE,CLD,Ebb,1,19.9,1.3,109,120,7.62,8.46,4.4,10,Low,988504,980806,7698,7698,50.64602403,50.64602403,1,A lot of veg in sample,NA,Terrestrial Insect,NA,NA,Coleoptera,NA,Adults,2,0.039,0.039,NA,NA,1,SAMP,NA,NA,NA,NA,NA,NA,1   NA   NA   NA,SAMP   NA   NA   NA
SHR_2022-09-21 09:24:00,9/21/2022 9:24,SHR,2022,D,FALSE,CLD,Ebb,1,19.9,1.3,109,120,7.62,8.46,4.4,10,Low,988504,980806,7698,7698,50.64602403,50.64602403,1,A lot of veg in sample,NA,Aquatic Insect,NA,NA,Dytiscidae,NA,Adults,7,0.138,0.138,NA,NA,1,SAMP,NA,NA,NA,NA,NA,NA,1   NA   NA   NA,SAMP   NA   NA   NA
SHR_2022-09-21 09:24:00,9/21/2022 9:24,SHR,2022,D,FALSE,CLD,Ebb,1,19.9,1.3,109,120,7.62,8.46,4.4,10,Low,988504,980806,7698,7698,50.64602403,50.64602403,1,A lot of veg in sample,NA,Aquatic Insect,NA,NA,Hydrophilidae,NA,Adults,1,0.02,0.02,NA,NA,1,SAMP,NA,NA,NA,NA,NA,NA,1   NA   NA   NA,SAMP   NA   NA   NA
SHR_2022-09-21 09:24:00,9/21/2022 9:24,SHR,2022,D,FALSE,CLD,Ebb,1,19.9,1.3,109,120,7.62,8.46,4.4,10,Low,988504,980806,7698,7698,50.64602403,50.64602403,1,A lot of veg in sample,NA,Terrestrial Non-Insect,NA,NA,Collembola,NA,Adults,3,0.059,0.059,NA,NA,1,SAMP,NA,NA,NA,NA,NA,NA,1   NA   NA   NA,SAMP   NA   NA   NA
SHR_2022-09-21 09:24:00,9/21/2022 9:24,SHR,2022,D,FALSE,CLD,Ebb,1,19.9,1.3,109,120,7.62,8.46,4.4,10,Low,988504,980806,7698,7698,50.64602403,50.64602403,1,A lot of veg in sample,NA,Terrestrial Insect,NA,NA,Dermaptera,NA,Adults,1,0.02,0.02,NA,NA,1,SAMP,NA,NA,NA,NA,NA,NA,1   NA   NA   NA,SAMP   NA   NA   NA
SHR_2022-09-21 09:24:00,9/21/2022 9:24,SHR,2022,D,FALSE,CLD,Ebb,1,19.9,1.3,109,120,7.62,8.46,4.4,10,Low,988504,980806,7698,7698,50.64602403,50.64602403,1,A lot of veg in sample,NA,Aquatic Insect,NA,NA,Ceratopogonidae,NA,Pupae,3,0.059,0.059,NA,NA,1,SAMP,NA,NA,NA,NA,NA,NA,1   NA   NA   NA,SAMP   NA   NA   NA
SHR_2022-09-21 09:24:00,9/21/2022 9:24,SHR,2022,D,FALSE,CLD,Ebb,1,19.9,1.3,109,120,7.62,8.46,4.4,10,Low,988504,980806,7698,7698,50.64602403,50.64602403,1,A lot of veg in sample,NA,Aquatic Insect,NA,NA,Chironomidae,NA,Larvae,54,1.066,1.066,NA,NA,1,SAMP,NA,NA,NA,NA,NA,NA,1   NA   NA   NA,SAMP   NA   NA   NA
SHR_2022-09-21 09:24:00,9/21/2022 9:24,SHR,2022,D,FALSE,CLD,Ebb,1,19.9,1.3,109,120,7.62,8.46,4.4,10,Low,988504,980806,7698,7698,50.64602403,50.64602403,1,A lot of veg in sample,NA,Aquatic Insect,NA,NA,Chironomidae,NA,Pupae,1,0.02,0.02,NA,NA,1,SAMP,NA,NA,NA,NA,NA,NA,1   NA   NA   NA,SAMP   NA   NA   NA
SHR_2022-09-21 09:24:00,9/21/2022 9:24,SHR,2022,D,FALSE,CLD,Ebb,1,19.9,1.3,109,120,7.62,8.46,4.4,10,Low,988504,980806,7698,7698,50.64602403,50.64602403,1,A lot of veg in sample,NA,Aquatic Insect,NA,NA,Chironomidae,NA,Adults,25,0.494,0.494,NA,NA,1,SAMP,NA,NA,NA,NA,NA,NA,1   NA   NA   NA,SAMP   NA   NA   NA
SHR_2022-09-21 09:24:00,9/21/2022 9:24,SHR,2022,D,FALSE,CLD,Ebb,1,19.9,1.3,109,120,7.62,8.46,4.4,10,Low,988504,980806,7698,7698,50.64602403,50.64602403,1,A lot of veg in sample,NA,Aquatic Insect,NA,NA,Culicidae,NA,Larvae,1,0.02,0.02,NA,NA,1,SAMP,NA,NA,NA,NA,NA,NA,1   NA   NA   NA,SAMP   NA   NA   NA
SHR_2022-09-21 09:24:00,9/21/2022 9:24,SHR,2022,D,FALSE,CLD,Ebb,1,19.9,1.3,109,120,7.62,8.46,4.4,10,Low,988504,980806,7698,7698,50.64602403,50.64602403,1,A lot of veg in sample,NA,Terrestrial Insect,NA,NA,Hemiptera,NA,Larvae,19,0.375,0.375,NA,NA,1,SAMP,NA,NA,NA,NA,NA,NA,1   NA   NA   NA,SAMP   NA   NA   NA
SHR_2022-09-21 09:24:00,9/21/2022 9:24,SHR,2022,D,FALSE,CLD,Ebb,1,19.9,1.3,109,120,7.62,8.46,4.4,10,Low,988504,980806,7698,7698,50.64602403,50.64602403,1,A lot of veg in sample,NA,Terrestrial Insect,NA,NA,Hemiptera,NA,Adults,12,0.237,0.237,NA,NA,1,SAMP,NA,NA,NA,NA,NA,NA,1   NA   NA   NA,SAMP   NA   NA   NA
SHR_2022-09-21 09:24:00,9/21/2022 9:24,SHR,2022,D,FALSE,CLD,Ebb,1,19.9,1.3,109,120,7.62,8.46,4.4,10,Low,988504,980806,7698,7698,50.64602403,50.64602403,1,A lot of veg in sample,NA,Terrestrial Insect,NA,NA,Hymenoptera,NA,Adults,19,0.375,0.375,NA,NA,1,SAMP,NA,NA,NA,NA,NA,NA,1   NA   NA   NA,SAMP   NA   NA   NA
SHR_2022-09-21 09:24:00,9/21/2022 9:24,SHR,2022,D,FALSE,CLD,Ebb,1,19.9,1.3,109,120,7.62,8.46,4.4,10,Low,988504,980806,7698,7698,50.64602403,50.64602403,1,A lot of veg in sample,NA,Terrestrial Insect,NA,NA,Mantodea,NA,Adults,1,0.02,0.02,NA,NA,1,SAMP,NA,NA,NA,NA,NA,NA,1   NA   NA   NA,SAMP   NA   NA   NA
SHR_2022-09-21 09:24:00,9/21/2022 9:24,SHR,2022,D,FALSE,CLD,Ebb,1,19.9,1.3,109,120,7.62,8.46,4.4,10,Low,988504,980806,7698,7698,50.64602403,50.64602403,1,A lot of veg in sample,NA,Aquatic Insect,NA,NA,Coenagrionidae,NA,Nymphs,1,0.02,0.02,NA,NA,1,SAMP,NA,NA,NA,NA,NA,NA,1   NA   NA   NA,SAMP   NA   NA   NA
SHR_2022-09-21 09:24:00,9/21/2022 9:24,SHR,2022,D,FALSE,CLD,Ebb,1,19.9,1.3,109,120,7.62,8.46,4.4,10,Low,988504,980806,7698,7698,50.64602403,50.64602403,1,A lot of veg in sample,NA,Aquatic Insect,NA,NA,Hydroptilidae,NA,Larvae,1,0.02,0.02,NA,NA,1,SAMP,NA,NA,NA,NA,NA,NA,1   NA   NA   NA,SAMP   NA   NA   NA
SHR_2022-09-21 09:24:00,9/21/2022 9:24,SHR,2022,D,FALSE,CLD,Ebb,1,19.9,1.3,109,120,7.62,8.46,4.4,10,Low,988504,980806,7698,7698,50.64602403,50.64602403,1,A lot of veg in sample,NA,Aquatic Insect,NA,NA,Hydroptilidae,NA,Pupae,1,0.02,0.02,NA,NA,1,SAMP,NA,NA,NA,NA,NA,NA,1   NA   NA   NA,SAMP   NA   NA   NA
SHR_2022-09-21 09:24:00,9/21/2022 9:24,SHR,2022,D,FALSE,CLD,Ebb,1,19.9,1.3,109,120,7.62,8.46,4.4,10,Low,988504,980806,7698,7698,50.64602403,50.64602403,1,A lot of veg in sample,NA,Aquatic Insect,NA,NA,Leptoceridae,NA,Larvae,19,0.375,0.375,NA,NA,1,SAMP,NA,NA,NA,NA,NA,NA,1   NA   NA   NA,SAMP   NA   NA   NA
SHR_2022-09-21 09:24:00,9/21/2022 9:24,SHR,2022,D,FALSE,CLD,Ebb,1,19.9,1.3,109,120,7.62,8.46,4.4,10,Low,988504,980806,7698,7698,50.64602403,50.64602403,1,A lot of veg in sample,NA,Aquatic Non-Insect,NA,NA,Hyalellidae,NA,NA,9,0.178,0.178,NA,NA,1,SAMP,NA,NA,NA,NA,NA,NA,1   NA   NA   NA,SAMP   NA   NA   NA
STTD_2022-10-04 08:25:00,10/4/2022 8:25,STTD,2023,NA,FALSE,CLR,Flood,1,19.4,0.47,161,180,7.43,7.5,13.8,10,Low,980725,974592,6133,6133,40.34970971,40.34970971,1,Sampled from jon boat.,NA,Aquatic Non-Insect,NA,NA,Nematoda,NA,NA,1,0.025,0.025,NA,NA,1,SAMP,NA,NA,NA,NA,NA,NA,1   NA   NA   NA,SAMP   NA   NA   NA
STTD_2022-10-04 08:25:00,10/4/2022 8:25,STTD,2023,NA,FALSE,CLR,Flood,1,19.4,0.47,161,180,7.43,7.5,13.8,10,Low,980725,974592,6133,6133,40.34970971,40.34970971,1,Sampled from jon boat.,NA,Aquatic Non-Insect,NA,NA,Nematoda,NA,NA,1,0.025,0.025,NA,NA,NA,NA,NA,NA,NA,NA,NA,NA,NA   NA   NA   NA,NA   NA   NA   NA
STTD_2022-10-04 08:25:00,10/4/2022 8:25,STTD,2023,NA,FALSE,CLR,Flood,1,19.4,0.47,161,180,7.43,7.5,13.8,10,Low,980725,974592,6133,6133,40.34970971,40.34970971,1,Sampled from jon boat.,NA,Aquatic Non-Insect,NA,NA,Glossiphoniidae,NA,NA,1,0.025,0.025,NA,NA,1,SAMP,NA,NA,NA,NA,NA,NA,1   NA   NA   NA,SAMP   NA   NA   NA
STTD_2022-10-04 08:25:00,10/4/2022 8:25,STTD,2023,NA,FALSE,CLR,Flood,1,19.4,0.47,161,180,7.43,7.5,13.8,10,Low,980725,974592,6133,6133,40.34970971,40.34970971,1,Sampled from jon boat.,NA,Aquatic Non-Insect,NA,NA,Glossiphoniidae,NA,NA,1,0.025,0.025,NA,NA,NA,NA,NA,NA,NA,NA,NA,NA,NA   NA   NA   NA,NA   NA   NA   NA
STTD_2022-10-04 08:25:00,10/4/2022 8:25,STTD,2023,NA,FALSE,CLR,Flood,1,19.4,0.47,161,180,7.43,7.5,13.8,10,Low,980725,974592,6133,6133,40.34970971,40.34970971,1,Sampled from jon boat.,NA,Aquatic Non-Insect,NA,NA,Planorbidae,NA,NA,1,0.025,0.025,NA,NA,1,SAMP,NA,NA,NA,NA,NA,NA,1   NA   NA   NA,SAMP   NA   NA   NA
STTD_2022-10-04 08:25:00,10/4/2022 8:25,STTD,2023,NA,FALSE,CLR,Flood,1,19.4,0.47,161,180,7.43,7.5,13.8,10,Low,980725,974592,6133,6133,40.34970971,40.34970971,1,Sampled from jon boat.,NA,Aquatic Non-Insect,NA,NA,Planorbidae,NA,NA,1,0.025,0.025,NA,NA,NA,NA,NA,NA,NA,NA,NA,NA,NA   NA   NA   NA,NA   NA   NA   NA
STTD_2022-10-04 08:25:00,10/4/2022 8:25,STTD,2023,NA,FALSE,CLR,Flood,1,19.4,0.47,161,180,7.43,7.5,13.8,10,Low,980725,974592,6133,6133,40.34970971,40.34970971,1,Sampled from jon boat.,NA,Aquatic Non-Insect,NA,NA,Amnicolidae,NA,NA,4,0.099,0.099,NA,NA,1,SAMP,NA,NA,NA,NA,NA,NA,1   NA   NA   NA,SAMP   NA   NA   NA
STTD_2022-10-04 08:25:00,10/4/2022 8:25,STTD,2023,NA,FALSE,CLR,Flood,1,19.4,0.47,161,180,7.43,7.5,13.8,10,Low,980725,974592,6133,6133,40.34970971,40.34970971,1,Sampled from jon boat.,NA,Aquatic Non-Insect,NA,NA,Amnicolidae,NA,NA,4,0.099,0.099,NA,NA,NA,NA,NA,NA,NA,NA,NA,NA,NA   NA   NA   NA,NA   NA   NA   NA
STTD_2022-10-04 08:25:00,10/4/2022 8:25,STTD,2023,NA,FALSE,CLR,Flood,1,19.4,0.47,161,180,7.43,7.5,13.8,10,Low,980725,974592,6133,6133,40.34970971,40.34970971,1,Sampled from jon boat.,NA,Terrestrial Insect,NA,NA,Diptera,NA,Adults,6,0.149,0.149,NA,NA,1,SAMP,NA,NA,NA,NA,NA,NA,1   NA   NA   NA,SAMP   NA   NA   NA
STTD_2022-10-04 08:25:00,10/4/2022 8:25,STTD,2023,NA,FALSE,CLR,Flood,1,19.4,0.47,161,180,7.43,7.5,13.8,10,Low,980725,974592,6133,6133,40.34970971,40.34970971,1,Sampled from jon boat.,NA,Terrestrial Insect,NA,NA,Diptera,NA,Adults,6,0.149,0.149,NA,NA,NA,NA,NA,NA,NA,NA,NA,NA,NA   NA   NA   NA,NA   NA   NA   NA
STTD_2022-10-04 08:25:00,10/4/2022 8:25,STTD,2023,NA,FALSE,CLR,Flood,1,19.4,0.47,161,180,7.43,7.5,13.8,10,Low,980725,974592,6133,6133,40.34970971,40.34970971,1,Sampled from jon boat.,NA,Aquatic Insect,NA,NA,Chironomidae,NA,Pupae,1,0.025,0.025,NA,NA,1,SAMP,NA,NA,NA,NA,NA,NA,1   NA   NA   NA,SAMP   NA   NA   NA
STTD_2022-10-04 08:25:00,10/4/2022 8:25,STTD,2023,NA,FALSE,CLR,Flood,1,19.4,0.47,161,180,7.43,7.5,13.8,10,Low,980725,974592,6133,6133,40.34970971,40.34970971,1,Sampled from jon boat.,NA,Aquatic Insect,NA,NA,Chironomidae,NA,Pupae,1,0.025,0.025,NA,NA,NA,NA,NA,NA,NA,NA,NA,NA,NA   NA   NA   NA,NA   NA   NA   NA
STTD_2022-10-04 08:25:00,10/4/2022 8:25,STTD,2023,NA,FALSE,CLR,Flood,1,19.4,0.47,161,180,7.43,7.5,13.8,10,Low,980725,974592,6133,6133,40.34970971,40.34970971,1,Sampled from jon boat.,NA,Terrestrial Insect,NA,NA,Hemiptera,NA,Nymphs,18,0.446,0.446,NA,NA,1,SAMP,NA,NA,NA,NA,NA,NA,1   NA   NA   NA,SAMP   NA   NA   NA
STTD_2022-10-04 08:25:00,10/4/2022 8:25,STTD,2023,NA,FALSE,CLR,Flood,1,19.4,0.47,161,180,7.43,7.5,13.8,10,Low,980725,974592,6133,6133,40.34970971,40.34970971,1,Sampled from jon boat.,NA,Terrestrial Insect,NA,NA,Hemiptera,NA,Nymphs,18,0.446,0.446,NA,NA,NA,NA,NA,NA,NA,NA,NA,NA,NA   NA   NA   NA,NA   NA   NA   NA
STTD_2022-10-04 08:25:00,10/4/2022 8:25,STTD,2023,NA,FALSE,CLR,Flood,1,19.4,0.47,161,180,7.43,7.5,13.8,10,Low,980725,974592,6133,6133,40.34970971,40.34970971,1,Sampled from jon boat.,NA,Terrestrial Insect,NA,NA,Hemiptera,NA,Adults,10,0.248,0.248,NA,NA,1,SAMP,NA,NA,NA,NA,NA,NA,1   NA   NA   NA,SAMP   NA   NA   NA
STTD_2022-10-04 08:25:00,10/4/2022 8:25,STTD,2023,NA,FALSE,CLR,Flood,1,19.4,0.47,161,180,7.43,7.5,13.8,10,Low,980725,974592,6133,6133,40.34970971,40.34970971,1,Sampled from jon boat.,NA,Terrestrial Insect,NA,NA,Hemiptera,NA,Adults,10,0.248,0.248,NA,NA,NA,NA,NA,NA,NA,NA,NA,NA,NA   NA   NA   NA,NA   NA   NA   NA
STTD_2022-10-04 08:25:00,10/4/2022 8:25,STTD,2023,NA,FALSE,CLR,Flood,1,19.4,0.47,161,180,7.43,7.5,13.8,10,Low,980725,974592,6133,6133,40.34970971,40.34970971,1,Sampled from jon boat.,NA,Aquatic Insect,NA,NA,Corixidae,NA,Nymphs,4,0.099,0.099,NA,NA,1,SAMP,NA,NA,NA,NA,NA,NA,1   NA   NA   NA,SAMP   NA   NA   NA
STTD_2022-10-04 08:25:00,10/4/2022 8:25,STTD,2023,NA,FALSE,CLR,Flood,1,19.4,0.47,161,180,7.43,7.5,13.8,10,Low,980725,974592,6133,6133,40.34970971,40.34970971,1,Sampled from jon boat.,NA,Aquatic Insect,NA,NA,Corixidae,NA,Nymphs,4,0.099,0.099,NA,NA,NA,NA,NA,NA,NA,NA,NA,NA,NA   NA   NA   NA,NA   NA   NA   NA
STTD_2022-10-04 08:25:00,10/4/2022 8:25,STTD,2023,NA,FALSE,CLR,Flood,1,19.4,0.47,161,180,7.43,7.5,13.8,10,Low,980725,974592,6133,6133,40.34970971,40.34970971,1,Sampled from jon boat.,NA,Terrestrial Insect,NA,NA,Hymenoptera,NA,Adults,5,0.124,0.124,NA,NA,1,SAMP,NA,NA,NA,NA,NA,NA,1   NA   NA   NA,SAMP   NA   NA   NA
STTD_2022-10-04 08:25:00,10/4/2022 8:25,STTD,2023,NA,FALSE,CLR,Flood,1,19.4,0.47,161,180,7.43,7.5,13.8,10,Low,980725,974592,6133,6133,40.34970971,40.34970971,1,Sampled from jon boat.,NA,Terrestrial Insect,NA,NA,Hymenoptera,NA,Adults,5,0.124,0.124,NA,NA,NA,NA,NA,NA,NA,NA,NA,NA,NA   NA   NA   NA,NA   NA   NA   NA
STTD_2022-10-04 08:25:00,10/4/2022 8:25,STTD,2023,NA,FALSE,CLR,Flood,1,19.4,0.47,161,180,7.43,7.5,13.8,10,Low,980725,974592,6133,6133,40.34970971,40.34970971,1,Sampled from jon boat.,NA,Unknown Insect,NA,NA,Lepidoptera,NA,Larvae,6,0.149,0.149,NA,NA,1,SAMP,NA,NA,NA,NA,NA,NA,1   NA   NA   NA,SAMP   NA   NA   NA
STTD_2022-10-04 08:25:00,10/4/2022 8:25,STTD,2023,NA,FALSE,CLR,Flood,1,19.4,0.47,161,180,7.43,7.5,13.8,10,Low,980725,974592,6133,6133,40.34970971,40.34970971,1,Sampled from jon boat.,NA,Unknown Insect,NA,NA,Lepidoptera,NA,Larvae,6,0.149,0.149,NA,NA,NA,NA,NA,NA,NA,NA,NA,NA,NA   NA   NA   NA,NA   NA   NA   NA
STTD_2022-10-04 08:25:00,10/4/2022 8:25,STTD,2023,NA,FALSE,CLR,Flood,1,19.4,0.47,161,180,7.43,7.5,13.8,10,Low,980725,974592,6133,6133,40.34970971,40.34970971,1,Sampled from jon boat.,NA,Aquatic Insect,NA,NA,Hydroptilidae,NA,Adults,1,0.025,0.025,NA,NA,1,SAMP,NA,NA,NA,NA,NA,NA,1   NA   NA   NA,SAMP   NA   NA   NA
STTD_2022-10-04 08:25:00,10/4/2022 8:25,STTD,2023,NA,FALSE,CLR,Flood,1,19.4,0.47,161,180,7.43,7.5,13.8,10,Low,980725,974592,6133,6133,40.34970971,40.34970971,1,Sampled from jon boat.,NA,Aquatic Insect,NA,NA,Hydroptilidae,NA,Adults,1,0.025,0.025,NA,NA,NA,NA,NA,NA,NA,NA,NA,NA,NA   NA   NA   NA,NA   NA   NA   NA
STTD_2022-10-04 08:25:00,10/4/2022 8:25,STTD,2023,NA,FALSE,CLR,Flood,1,19.4,0.47,161,180,7.43,7.5,13.8,10,Low,980725,974592,6133,6133,40.34970971,40.34970971,1,Sampled from jon boat.,NA,Aquatic Non-Insect,NA,NA,Gammaridae,NA,NA,1,0.025,0.025,NA,NA,1,SAMP,NA,NA,NA,NA,NA,NA,1   NA   NA   NA,SAMP   NA   NA   NA
STTD_2022-10-04 08:25:00,10/4/2022 8:25,STTD,2023,NA,FALSE,CLR,Flood,1,19.4,0.47,161,180,7.43,7.5,13.8,10,Low,980725,974592,6133,6133,40.34970971,40.34970971,1,Sampled from jon boat.,NA,Aquatic Non-Insect,NA,NA,Gammaridae,NA,NA,1,0.025,0.025,NA,NA,NA,NA,NA,NA,NA,NA,NA,NA,NA   NA   NA   NA,NA   NA   NA   NA
STTD_2022-10-04 08:25:00,10/4/2022 8:25,STTD,2023,NA,FALSE,CLR,Flood,1,19.4,0.47,161,180,7.43,7.5,13.8,10,Low,980725,974592,6133,6133,40.34970971,40.34970971,1,Sampled from jon boat.,NA,Aquatic Non-Insect,NA,NA,Hyalellidae,NA,NA,5,0.124,0.124,NA,NA,1,SAMP,NA,NA,NA,NA,NA,NA,1   NA   NA   NA,SAMP   NA   NA   NA
STTD_2022-10-04 08:25:00,10/4/2022 8:25,STTD,2023,NA,FALSE,CLR,Flood,1,19.4,0.47,161,180,7.43,7.5,13.8,10,Low,980725,974592,6133,6133,40.34970971,40.34970971,1,Sampled from jon boat.,NA,Aquatic Non-Insect,NA,NA,Hyalellidae,NA,NA,5,0.124,0.124,NA,NA,NA,NA,NA,NA,NA,NA,NA,NA,NA   NA   NA   NA,NA   NA   NA   NA
STTD_2022-10-04 08:25:00,10/4/2022 8:25,STTD,2023,NA,FALSE,CLR,Flood,1,19.4,0.47,161,180,7.43,7.5,13.8,10,Low,980725,974592,6133,6133,40.34970971,40.34970971,1,Sampled from jon boat.,NA,Aquatic Non-Insect,NA,NA,Turbellaria,NA,NA,1,0.025,0.025,NA,NA,1,SAMP,NA,NA,NA,NA,NA,NA,1   NA   NA   NA,SAMP   NA   NA   NA
STTD_2022-10-04 08:25:00,10/4/2022 8:25,STTD,2023,NA,FALSE,CLR,Flood,1,19.4,0.47,161,180,7.43,7.5,13.8,10,Low,980725,974592,6133,6133,40.34970971,40.34970971,1,Sampled from jon boat.,NA,Aquatic Non-Insect,NA,NA,Turbellaria,NA,NA,1,0.025,0.025,NA,NA,NA,NA,NA,NA,NA,NA,NA,NA,NA   NA   NA   NA,NA   NA   NA   NA
SHR_2022-10-05 09:05:00,10/5/2022 9:05,SHR,2023,NA,FALSE,CLR,Ebb,1,20.7,2.75,115,125,7.95,8.59,7.2,10,Low,967196,974554,7358,7358,48.40912507,48.40912507,1,NA,NA,Aquatic Non-Insect,NA,NA,Lebertiidae,NA,NA,2,0.041,0.041,NA,NA,NA,NA,NA,NA,NA,NA,NA,NA,NA   NA   NA   NA,NA   NA   NA   NA
SHR_2022-10-05 09:05:00,10/5/2022 9:05,SHR,2023,NA,FALSE,CLR,Ebb,1,20.7,2.75,115,125,7.95,8.59,7.2,10,Low,967196,974554,7358,7358,48.40912507,48.40912507,1,NA,NA,Aquatic Non-Insect,NA,NA,Unionicolidae,NA,NA,1,0.021,0.021,NA,NA,NA,NA,NA,NA,NA,NA,NA,NA,NA   NA   NA   NA,NA   NA   NA   NA
SHR_2022-10-05 09:05:00,10/5/2022 9:05,SHR,2023,NA,FALSE,CLR,Ebb,1,20.7,2.75,115,125,7.95,8.59,7.2,10,Low,967196,974554,7358,7358,48.40912507,48.40912507,1,NA,NA,Aquatic Non-Insect,NA,NA,Oligochaeta,NA,NA,2,0.041,0.041,NA,NA,NA,NA,NA,NA,NA,NA,NA,NA,NA   NA   NA   NA,NA   NA   NA   NA
SHR_2022-10-05 09:05:00,10/5/2022 9:05,SHR,2023,NA,FALSE,CLR,Ebb,1,20.7,2.75,115,125,7.95,8.59,7.2,10,Low,967196,974554,7358,7358,48.40912507,48.40912507,1,NA,NA,Aquatic Non-Insect,NA,NA,Amnicolidae,NA,NA,1,0.021,0.021,NA,NA,NA,NA,NA,NA,NA,NA,NA,NA,NA   NA   NA   NA,NA   NA   NA   NA
SHR_2022-10-05 09:05:00,10/5/2022 9:05,SHR,2023,NA,FALSE,CLR,Ebb,1,20.7,2.75,115,125,7.95,8.59,7.2,10,Low,967196,974554,7358,7358,48.40912507,48.40912507,1,NA,NA,Aquatic Insect,NA,NA,Dytiscidae,NA,Adults,3,0.062,0.062,NA,NA,NA,NA,NA,NA,NA,NA,NA,NA,NA   NA   NA   NA,NA   NA   NA   NA
SHR_2022-10-05 09:05:00,10/5/2022 9:05,SHR,2023,NA,FALSE,CLR,Ebb,1,20.7,2.75,115,125,7.95,8.59,7.2,10,Low,967196,974554,7358,7358,48.40912507,48.40912507,1,NA,NA,Aquatic Insect,NA,NA,Chironomidae,NA,Larvae,2,0.041,0.041,NA,NA,NA,NA,NA,NA,NA,NA,NA,NA,NA   NA   NA   NA,NA   NA   NA   NA
SHR_2022-10-05 09:05:00,10/5/2022 9:05,SHR,2023,NA,FALSE,CLR,Ebb,1,20.7,2.75,115,125,7.95,8.59,7.2,10,Low,967196,974554,7358,7358,48.40912507,48.40912507,1,NA,NA,Aquatic Insect,NA,NA,Chironomidae,NA,Adults,2,0.041,0.041,NA,NA,NA,NA,NA,NA,NA,NA,NA,NA,NA   NA   NA   NA,NA   NA   NA   NA
SHR_2022-10-05 09:05:00,10/5/2022 9:05,SHR,2023,NA,FALSE,CLR,Ebb,1,20.7,2.75,115,125,7.95,8.59,7.2,10,Low,967196,974554,7358,7358,48.40912507,48.40912507,1,NA,NA,Aquatic Insect,NA,NA,Hemiptera,NA,Nymphs,2,0.041,0.041,NA,NA,NA,NA,NA,NA,NA,NA,NA,NA,NA   NA   NA   NA,NA   NA   NA   NA
SHR_2022-10-05 09:05:00,10/5/2022 9:05,SHR,2023,NA,FALSE,CLR,Ebb,1,20.7,2.75,115,125,7.95,8.59,7.2,10,Low,967196,974554,7358,7358,48.40912507,48.40912507,1,NA,NA,Aquatic Insect,NA,NA,Hemiptera,NA,Adults,5,0.103,0.103,NA,NA,NA,NA,NA,NA,NA,NA,NA,NA,NA   NA   NA   NA,NA   NA   NA   NA
SHR_2022-10-05 09:05:00,10/5/2022 9:05,SHR,2023,NA,FALSE,CLR,Ebb,1,20.7,2.75,115,125,7.95,8.59,7.2,10,Low,967196,974554,7358,7358,48.40912507,48.40912507,1,NA,NA,Terrestrial Insect,NA,NA,Hymenoptera,NA,Adults,2,0.041,0.041,NA,NA,NA,NA,NA,NA,NA,NA,NA,NA,NA   NA   NA   NA,NA   NA   NA   NA
SHR_2022-10-05 09:05:00,10/5/2022 9:05,SHR,2023,NA,FALSE,CLR,Ebb,1,20.7,2.75,115,125,7.95,8.59,7.2,10,Low,967196,974554,7358,7358,48.40912507,48.40912507,1,NA,NA,Unknown Insect,NA,NA,Lepidoptera,NA,Larvae,1,0.021,0.021,NA,NA,NA,NA,NA,NA,NA,NA,NA,NA,NA   NA   NA   NA,NA   NA   NA   NA
SHR_2022-10-05 09:05:00,10/5/2022 9:05,SHR,2023,NA,FALSE,CLR,Ebb,1,20.7,2.75,115,125,7.95,8.59,7.2,10,Low,967196,974554,7358,7358,48.40912507,48.40912507,1,NA,NA,Aquatic Insect,NA,NA,Leptoceridae,NA,Larvae,6,0.124,0.124,NA,NA,NA,NA,NA,NA,NA,NA,NA,NA,NA   NA   NA   NA,NA   NA   NA   NA
STTD_2022-10-18 09:19:00,10/18/2022 9:19,STTD,2023,NA,FALSE,CLD,Flood,1,17.7,0.64,163,189,7.46,7.93,11.5,10,Low,967164,965087,2077,2077,13.66482098,13.66482098,1,Sampled from jon boat.,NA,Terrestrial Non-Insect,NA,NA,Acari,NA,NA,1,0.073,0.073,NA,NA,NA,NA,NA,NA,NA,NA,NA,NA,NA   NA   NA   NA,NA   NA   NA   NA
STTD_2022-10-18 09:19:00,10/18/2022 9:19,STTD,2023,NA,FALSE,CLD,Flood,1,17.7,0.64,163,189,7.46,7.93,11.5,10,Low,967164,965087,2077,2077,13.66482098,13.66482098,1,Sampled from jon boat.,NA,Terrestrial Non-Insect,NA,NA,Araneae,NA,NA,2,0.146,0.146,NA,NA,NA,NA,NA,NA,NA,NA,NA,NA,NA   NA   NA   NA,NA   NA   NA   NA
STTD_2022-10-18 09:19:00,10/18/2022 9:19,STTD,2023,NA,FALSE,CLD,Flood,1,17.7,0.64,163,189,7.46,7.93,11.5,10,Low,967164,965087,2077,2077,13.66482098,13.66482098,1,Sampled from jon boat.,NA,Aquatic Non-Insect,NA,NA,Lebertiidae,NA,NA,2,0.146,0.146,NA,NA,NA,NA,NA,NA,NA,NA,NA,NA,NA   NA   NA   NA,NA   NA   NA   NA
STTD_2022-10-18 09:19:00,10/18/2022 9:19,STTD,2023,NA,FALSE,CLD,Flood,1,17.7,0.64,163,189,7.46,7.93,11.5,10,Low,967164,965087,2077,2077,13.66482098,13.66482098,1,Sampled from jon boat.,NA,Aquatic Non-Insect,NA,NA,Unionicolidae,NA,NA,1,0.073,0.073,NA,NA,NA,NA,NA,NA,NA,NA,NA,NA,NA   NA   NA   NA,NA   NA   NA   NA
STTD_2022-10-18 09:19:00,10/18/2022 9:19,STTD,2023,NA,FALSE,CLD,Flood,1,17.7,0.64,163,189,7.46,7.93,11.5,10,Low,967164,965087,2077,2077,13.66482098,13.66482098,1,Sampled from jon boat.,NA,Aquatic Non-Insect,NA,NA,Amnicolidae,NA,NA,1,0.073,0.073,NA,NA,NA,NA,NA,NA,NA,NA,NA,NA,NA   NA   NA   NA,NA   NA   NA   NA
STTD_2022-10-18 09:19:00,10/18/2022 9:19,STTD,2023,NA,FALSE,CLD,Flood,1,17.7,0.64,163,189,7.46,7.93,11.5,10,Low,967164,965087,2077,2077,13.66482098,13.66482098,1,Sampled from jon boat.,NA,Aquatic Non-Insect,NA,NA,Hydridae,NA,NA,1,0.073,0.073,NA,NA,NA,NA,NA,NA,NA,NA,NA,NA,NA   NA   NA   NA,NA   NA   NA   NA
STTD_2022-10-18 09:19:00,10/18/2022 9:19,STTD,2023,NA,FALSE,CLD,Flood,1,17.7,0.64,163,189,7.46,7.93,11.5,10,Low,967164,965087,2077,2077,13.66482098,13.66482098,1,Sampled from jon boat.,NA,Terrestrial Insect,NA,NA,Coleoptera,NA,Larvae,1,0.073,0.073,NA,NA,NA,NA,NA,NA,NA,NA,NA,NA,NA   NA   NA   NA,NA   NA   NA   NA
STTD_2022-10-18 09:19:00,10/18/2022 9:19,STTD,2023,NA,FALSE,CLD,Flood,1,17.7,0.64,163,189,7.46,7.93,11.5,10,Low,967164,965087,2077,2077,13.66482098,13.66482098,1,Sampled from jon boat.,NA,Terrestrial Insect,NA,NA,Coleoptera,NA,Adults,1,0.073,0.073,NA,NA,NA,NA,NA,NA,NA,NA,NA,NA,NA   NA   NA   NA,NA   NA   NA   NA
STTD_2022-10-18 09:19:00,10/18/2022 9:19,STTD,2023,NA,FALSE,CLD,Flood,1,17.7,0.64,163,189,7.46,7.93,11.5,10,Low,967164,965087,2077,2077,13.66482098,13.66482098,1,Sampled from jon boat.,NA,Terrestrial Insect,NA,NA,Diptera,NA,Adults,1,0.073,0.073,NA,NA,NA,NA,NA,NA,NA,NA,NA,NA,NA   NA   NA   NA,NA   NA   NA   NA
STTD_2022-10-18 09:19:00,10/18/2022 9:19,STTD,2023,NA,FALSE,CLD,Flood,1,17.7,0.64,163,189,7.46,7.93,11.5,10,Low,967164,965087,2077,2077,13.66482098,13.66482098,1,Sampled from jon boat.,NA,Aquatic Insect,NA,NA,Chironomidae,NA,Larvae,2,0.146,0.146,NA,NA,NA,NA,NA,NA,NA,NA,NA,NA,NA   NA   NA   NA,NA   NA   NA   NA
STTD_2022-10-18 09:19:00,10/18/2022 9:19,STTD,2023,NA,FALSE,CLD,Flood,1,17.7,0.64,163,189,7.46,7.93,11.5,10,Low,967164,965087,2077,2077,13.66482098,13.66482098,1,Sampled from jon boat.,NA,Aquatic Insect,NA,NA,Chironomidae,NA,Adults,1,0.073,0.073,NA,NA,NA,NA,NA,NA,NA,NA,NA,NA,NA   NA   NA   NA,NA   NA   NA   NA
STTD_2022-10-18 09:19:00,10/18/2022 9:19,STTD,2023,NA,FALSE,CLD,Flood,1,17.7,0.64,163,189,7.46,7.93,11.5,10,Low,967164,965087,2077,2077,13.66482098,13.66482098,1,Sampled from jon boat.,NA,Terrestrial Insect,NA,NA,Hemiptera,NA,Nymphs,13,0.951,0.951,NA,NA,NA,NA,NA,NA,NA,NA,NA,NA,NA   NA   NA   NA,NA   NA   NA   NA
STTD_2022-10-18 09:19:00,10/18/2022 9:19,STTD,2023,NA,FALSE,CLD,Flood,1,17.7,0.64,163,189,7.46,7.93,11.5,10,Low,967164,965087,2077,2077,13.66482098,13.66482098,1,Sampled from jon boat.,NA,Terrestrial Insect,NA,NA,Hemiptera,NA,Adults,4,0.293,0.293,NA,NA,NA,NA,NA,NA,NA,NA,NA,NA,NA   NA   NA   NA,NA   NA   NA   NA
STTD_2022-10-18 09:19:00,10/18/2022 9:19,STTD,2023,NA,FALSE,CLD,Flood,1,17.7,0.64,163,189,7.46,7.93,11.5,10,Low,967164,965087,2077,2077,13.66482098,13.66482098,1,Sampled from jon boat.,NA,Terrestrial Insect,NA,NA,Hymenoptera,NA,Adults,2,0.146,0.146,NA,NA,NA,NA,NA,NA,NA,NA,NA,NA,NA   NA   NA   NA,NA   NA   NA   NA
STTD_2022-10-18 09:19:00,10/18/2022 9:19,STTD,2023,NA,FALSE,CLD,Flood,1,17.7,0.64,163,189,7.46,7.93,11.5,10,Low,967164,965087,2077,2077,13.66482098,13.66482098,1,Sampled from jon boat.,NA,Aquatic Insect,NA,NA,Coenagrionidae,NA,Nymphs,1,0.073,0.073,NA,NA,NA,NA,NA,NA,NA,NA,NA,NA,NA   NA   NA   NA,NA   NA   NA   NA
STTD_2022-10-18 09:19:00,10/18/2022 9:19,STTD,2023,NA,FALSE,CLD,Flood,1,17.7,0.64,163,189,7.46,7.93,11.5,10,Low,967164,965087,2077,2077,13.66482098,13.66482098,1,Sampled from jon boat.,NA,Aquatic Non-Insect,NA,NA,Gammaridae,NA,NA,1,0.073,0.073,NA,NA,NA,NA,NA,NA,NA,NA,NA,NA,NA   NA   NA   NA,NA   NA   NA   NA
STTD_2022-10-18 09:19:00,10/18/2022 9:19,STTD,2023,NA,FALSE,CLD,Flood,1,17.7,0.64,163,189,7.46,7.93,11.5,10,Low,967164,965087,2077,2077,13.66482098,13.66482098,1,Sampled from jon boat.,NA,Aquatic Non-Insect,NA,NA,Hyalellidae,NA,NA,4,0.293,0.293,NA,NA,NA,NA,NA,NA,NA,NA,NA,NA,NA   NA   NA   NA,NA   NA   NA   NA
STTD_2022-10-31 08:40:00,10/31/2022 8:40,STTD,2023,NA,FALSE,CLD,Flood,1,15.5,1.55,157,192,8.02,9.61,5.7,10,Low,950612,954374,3762,3762,24.75062905,24.75062905,1,Sampled from jon boat.,NA,Aquatic Non-Insect,NA,NA,Physidae,NA,NA,1,0.04,0.04,NA,NA,NA,NA,NA,NA,NA,NA,NA,NA,NA   NA   NA   NA,NA   NA   NA   NA
STTD_2022-10-31 08:40:00,10/31/2022 8:40,STTD,2023,NA,FALSE,CLD,Flood,1,15.5,1.55,157,192,8.02,9.61,5.7,10,Low,950612,954374,3762,3762,24.75062905,24.75062905,1,Sampled from jon boat.,NA,Aquatic Non-Insect,NA,NA,Planorbidae,NA,NA,1,0.04,0.04,NA,NA,NA,NA,NA,NA,NA,NA,NA,NA,NA   NA   NA   NA,NA   NA   NA   NA
STTD_2022-10-31 08:40:00,10/31/2022 8:40,STTD,2023,NA,FALSE,CLD,Flood,1,15.5,1.55,157,192,8.02,9.61,5.7,10,Low,950612,954374,3762,3762,24.75062905,24.75062905,1,Sampled from jon boat.,NA,Terrestrial Insect,NA,NA,Coleoptera,NA,Adults,1,0.04,0.04,NA,NA,NA,NA,NA,NA,NA,NA,NA,NA,NA   NA   NA   NA,NA   NA   NA   NA
STTD_2022-10-31 08:40:00,10/31/2022 8:40,STTD,2023,NA,FALSE,CLD,Flood,1,15.5,1.55,157,192,8.02,9.61,5.7,10,Low,950612,954374,3762,3762,24.75062905,24.75062905,1,Sampled from jon boat.,NA,Terrestrial Non-Insect,NA,NA,Collembola,NA,Adults,2,0.081,0.081,NA,NA,NA,NA,NA,NA,NA,NA,NA,NA,NA   NA   NA   NA,NA   NA   NA   NA
STTD_2022-10-31 08:40:00,10/31/2022 8:40,STTD,2023,NA,FALSE,CLD,Flood,1,15.5,1.55,157,192,8.02,9.61,5.7,10,Low,950612,954374,3762,3762,24.75062905,24.75062905,1,Sampled from jon boat.,NA,Aquatic Insect,NA,NA,Chironomidae,NA,Adults,3,0.121,0.121,NA,NA,NA,NA,NA,NA,NA,NA,NA,NA,NA   NA   NA   NA,NA   NA   NA   NA
STTD_2022-10-31 08:40:00,10/31/2022 8:40,STTD,2023,NA,FALSE,CLD,Flood,1,15.5,1.55,157,192,8.02,9.61,5.7,10,Low,950612,954374,3762,3762,24.75062905,24.75062905,1,Sampled from jon boat.,NA,Aquatic Insect,NA,NA,Hemiptera,NA,Nymphs,11,0.444,0.444,NA,NA,NA,NA,NA,NA,NA,NA,NA,NA,NA   NA   NA   NA,NA   NA   NA   NA
STTD_2022-10-31 08:40:00,10/31/2022 8:40,STTD,2023,NA,FALSE,CLD,Flood,1,15.5,1.55,157,192,8.02,9.61,5.7,10,Low,950612,954374,3762,3762,24.75062905,24.75062905,1,Sampled from jon boat.,NA,Aquatic Insect,NA,NA,Hemiptera,NA,Adults,2,0.081,0.081,NA,NA,NA,NA,NA,NA,NA,NA,NA,NA,NA   NA   NA   NA,NA   NA   NA   NA
STTD_2022-10-31 08:40:00,10/31/2022 8:40,STTD,2023,NA,FALSE,CLD,Flood,1,15.5,1.55,157,192,8.02,9.61,5.7,10,Low,950612,954374,3762,3762,24.75062905,24.75062905,1,Sampled from jon boat.,NA,Terrestrial Insect,NA,NA,Hymenoptera,NA,Adults,5,0.202,0.202,NA,NA,NA,NA,NA,NA,NA,NA,NA,NA,NA   NA   NA   NA,NA   NA   NA   NA
STTD_2022-10-31 08:40:00,10/31/2022 8:40,STTD,2023,NA,FALSE,CLD,Flood,1,15.5,1.55,157,192,8.02,9.61,5.7,10,Low,950612,954374,3762,3762,24.75062905,24.75062905,1,Sampled from jon boat.,NA,Terrestrial Insect,NA,NA,Thysanoptera,NA,Adults,1,0.04,0.04,NA,NA,NA,NA,NA,NA,NA,NA,NA,NA,NA   NA   NA   NA,NA   NA   NA   NA
STTD_2022-10-31 08:40:00,10/31/2022 8:40,STTD,2023,NA,FALSE,CLD,Flood,1,15.5,1.55,157,192,8.02,9.61,5.7,10,Low,950612,954374,3762,3762,24.75062905,24.75062905,1,Sampled from jon boat.,NA,Aquatic Non-Insect,NA,NA,Ostracoda,NA,NA,3,0.121,0.121,NA,NA,NA,NA,NA,NA,NA,NA,NA,NA,NA   NA   NA   NA,NA   NA   NA   NA
SHR_2022-11-01 08:57:00,11/1/2022 8:57,SHR,2023,NA,FALSE,CLD,Flood,1,14.6,3,99,123,7.75,9.68,2.8,10,Low,950551,940283,10268,10268,67.5543485,67.5543485,1,NA,NA,Terrestrial Non-Insect,NA,NA,Lebertiidae,NA,NA,6,0.089,0.089,NA,NA,NA,NA,NA,NA,NA,NA,NA,NA,NA   NA   NA   NA,NA   NA   NA   NA
SHR_2022-11-01 08:57:00,11/1/2022 8:57,SHR,2023,NA,FALSE,CLD,Flood,1,14.6,3,99,123,7.75,9.68,2.8,10,Low,950551,940283,10268,10268,67.5543485,67.5543485,1,NA,NA,Unknown Non-Insect,NA,NA,Corbiculidae,NA,NA,2,0.03,0.03,NA,NA,NA,NA,NA,NA,NA,NA,NA,NA,NA   NA   NA   NA,NA   NA   NA   NA
SHR_2022-11-01 08:57:00,11/1/2022 8:57,SHR,2023,NA,FALSE,CLD,Flood,1,14.6,3,99,123,7.75,9.68,2.8,10,Low,950551,940283,10268,10268,67.5543485,67.5543485,1,NA,NA,Aquatic Non-Insect,NA,NA,Planorbidae,NA,NA,1,0.015,0.015,NA,NA,NA,NA,NA,NA,NA,NA,NA,NA,NA   NA   NA   NA,NA   NA   NA   NA
SHR_2022-11-01 08:57:00,11/1/2022 8:57,SHR,2023,NA,FALSE,CLD,Flood,1,14.6,3,99,123,7.75,9.68,2.8,10,Low,950551,940283,10268,10268,67.5543485,67.5543485,1,NA,NA,Aquatic Insect,NA,NA,Chironomidae,NA,Pupae,7,0.104,0.104,NA,NA,NA,NA,NA,NA,NA,NA,NA,NA,NA   NA   NA   NA,NA   NA   NA   NA
SHR_2022-11-01 08:57:00,11/1/2022 8:57,SHR,2023,NA,FALSE,CLD,Flood,1,14.6,3,99,123,7.75,9.68,2.8,10,Low,950551,940283,10268,10268,67.5543485,67.5543485,1,NA,NA,Aquatic Insect,NA,NA,Chironomidae,NA,Adults,9,0.133,0.133,NA,NA,NA,NA,NA,NA,NA,NA,NA,NA,NA   NA   NA   NA,NA   NA   NA   NA
SHR_2022-11-01 08:57:00,11/1/2022 8:57,SHR,2023,NA,FALSE,CLD,Flood,1,14.6,3,99,123,7.75,9.68,2.8,10,Low,950551,940283,10268,10268,67.5543485,67.5543485,1,NA,NA,Terrestrial Insect,NA,NA,Hemiptera,NA,Nymphs,6,0.089,0.089,NA,NA,NA,NA,NA,NA,NA,NA,NA,NA,NA   NA   NA   NA,NA   NA   NA   NA
SHR_2022-11-01 08:57:00,11/1/2022 8:57,SHR,2023,NA,FALSE,CLD,Flood,1,14.6,3,99,123,7.75,9.68,2.8,10,Low,950551,940283,10268,10268,67.5543485,67.5543485,1,NA,NA,Terrestrial Insect,NA,NA,Hemiptera,NA,Adults,5,0.074,0.074,NA,NA,NA,NA,NA,NA,NA,NA,NA,NA,NA   NA   NA   NA,NA   NA   NA   NA
SHR_2022-11-01 08:57:00,11/1/2022 8:57,SHR,2023,NA,FALSE,CLD,Flood,1,14.6,3,99,123,7.75,9.68,2.8,10,Low,950551,940283,10268,10268,67.5543485,67.5543485,1,NA,NA,Terrestrial Insect,NA,NA,Hymenoptera,NA,Adults,2,0.03,0.03,NA,NA,NA,NA,NA,NA,NA,NA,NA,NA,NA   NA   NA   NA,NA   NA   NA   NA
SHR_2022-11-01 08:57:00,11/1/2022 8:57,SHR,2023,NA,FALSE,CLD,Flood,1,14.6,3,99,123,7.75,9.68,2.8,10,Low,950551,940283,10268,10268,67.5543485,67.5543485,1,NA,NA,Unknown Insect,NA,NA,Lepidoptera,NA,Larvae,1,0.015,0.015,NA,NA,NA,NA,NA,NA,NA,NA,NA,NA,NA   NA   NA   NA,NA   NA   NA   NA
SHR_2022-11-01 08:57:00,11/1/2022 8:57,SHR,2023,NA,FALSE,CLD,Flood,1,14.6,3,99,123,7.75,9.68,2.8,10,Low,950551,940283,10268,10268,67.5543485,67.5543485,1,NA,NA,Aquatic Insect,NA,NA,Leptoceridae,NA,Larvae,3,0.044,0.044,NA,NA,NA,NA,NA,NA,NA,NA,NA,NA,NA   NA   NA   NA,NA   NA   NA   NA
SHR_2022-11-01 08:57:00,11/1/2022 8:57,SHR,2023,NA,FALSE,CLD,Flood,1,14.6,3,99,123,7.75,9.68,2.8,10,Low,950551,940283,10268,10268,67.5543485,67.5543485,1,NA,NA,Aquatic Non-Insect,NA,NA,Hyalellidae,NA,NA,1,0.015,0.015,NA,NA,NA,NA,NA,NA,NA,NA,NA,NA,NA   NA   NA   NA,NA   NA   NA   NA
SHR_2022-11-15 10:08:00,11/15/2022 10:08,SHR,2023,NA,FALSE,CLR,Flood,1,11,3,103,141,7.83,10.66,1.1,10,Low,934722,924095,10627,10627,69.91625063,69.91625063,1,NA,NA,Terrestrial Non-Insect,NA,NA,Acari,NA,NA,1,0.014,0.014,NA,NA,NA,NA,NA,NA,NA,NA,NA,NA,NA   NA   NA   NA,NA   NA   NA   NA
SHR_2022-11-15 10:08:00,11/15/2022 10:08,SHR,2023,NA,FALSE,CLR,Flood,1,11,3,103,141,7.83,10.66,1.1,10,Low,934722,924095,10627,10627,69.91625063,69.91625063,1,NA,NA,Terrestrial Non-Insect,NA,NA,Araneae,NA,NA,1,0.014,0.014,NA,NA,NA,NA,NA,NA,NA,NA,NA,NA,NA   NA   NA   NA,NA   NA   NA   NA
SHR_2022-11-15 10:08:00,11/15/2022 10:08,SHR,2023,NA,FALSE,CLR,Flood,1,11,3,103,141,7.83,10.66,1.1,10,Low,934722,924095,10627,10627,69.91625063,69.91625063,1,NA,NA,Aquatic Non-Insect,NA,NA,Lebertiidae,NA,NA,3,0.043,0.043,NA,NA,NA,NA,NA,NA,NA,NA,NA,NA,NA   NA   NA   NA,NA   NA   NA   NA
SHR_2022-11-15 10:08:00,11/15/2022 10:08,SHR,2023,NA,FALSE,CLR,Flood,1,11,3,103,141,7.83,10.66,1.1,10,Low,934722,924095,10627,10627,69.91625063,69.91625063,1,NA,NA,Aquatic Non-Insect,NA,NA,Oligochaeta,NA,NA,2,0.029,0.029,NA,NA,NA,NA,NA,NA,NA,NA,NA,NA,NA   NA   NA   NA,NA   NA   NA   NA
SHR_2022-11-15 10:08:00,11/15/2022 10:08,SHR,2023,NA,FALSE,CLR,Flood,1,11,3,103,141,7.83,10.66,1.1,10,Low,934722,924095,10627,10627,69.91625063,69.91625063,1,NA,NA,Aquatic Non-Insect,NA,NA,Physidae,NA,NA,1,0.014,0.014,NA,NA,NA,NA,NA,NA,NA,NA,NA,NA,NA   NA   NA   NA,NA   NA   NA   NA
SHR_2022-11-15 10:08:00,11/15/2022 10:08,SHR,2023,NA,FALSE,CLR,Flood,1,11,3,103,141,7.83,10.66,1.1,10,Low,934722,924095,10627,10627,69.91625063,69.91625063,1,NA,NA,Terrestrial Insect,NA,NA,Coleoptera,NA,Larvae,40,0.572,0.572,NA,NA,NA,NA,NA,NA,NA,NA,NA,NA,NA   NA   NA   NA,NA   NA   NA   NA
SHR_2022-11-15 10:08:00,11/15/2022 10:08,SHR,2023,NA,FALSE,CLR,Flood,1,11,3,103,141,7.83,10.66,1.1,10,Low,934722,924095,10627,10627,69.91625063,69.91625063,1,NA,NA,Terrestrial Insect,NA,NA,Coleoptera,NA,Adults,28,0.4,0.4,NA,NA,NA,NA,NA,NA,NA,NA,NA,NA,NA   NA   NA   NA,NA   NA   NA   NA
SHR_2022-11-15 10:08:00,11/15/2022 10:08,SHR,2023,NA,FALSE,CLR,Flood,1,11,3,103,141,7.83,10.66,1.1,10,Low,934722,924095,10627,10627,69.91625063,69.91625063,1,NA,NA,Aquatic Insect,NA,NA,Dytiscidae,NA,Adults,2,0.029,0.029,NA,NA,NA,NA,NA,NA,NA,NA,NA,NA,NA   NA   NA   NA,NA   NA   NA   NA
SHR_2022-11-15 10:08:00,11/15/2022 10:08,SHR,2023,NA,FALSE,CLR,Flood,1,11,3,103,141,7.83,10.66,1.1,10,Low,934722,924095,10627,10627,69.91625063,69.91625063,1,NA,NA,Terrestrial Non-Insect,NA,NA,Collembola,NA,Adults,2,0.029,0.029,NA,NA,NA,NA,NA,NA,NA,NA,NA,NA,NA   NA   NA   NA,NA   NA   NA   NA
SHR_2022-11-15 10:08:00,11/15/2022 10:08,SHR,2023,NA,FALSE,CLR,Flood,1,11,3,103,141,7.83,10.66,1.1,10,Low,934722,924095,10627,10627,69.91625063,69.91625063,1,NA,NA,Terrestrial Insect,NA,NA,Diptera,NA,Adults,3,0.043,0.043,NA,NA,NA,NA,NA,NA,NA,NA,NA,NA,NA   NA   NA   NA,NA   NA   NA   NA
SHR_2022-11-15 10:08:00,11/15/2022 10:08,SHR,2023,NA,FALSE,CLR,Flood,1,11,3,103,141,7.83,10.66,1.1,10,Low,934722,924095,10627,10627,69.91625063,69.91625063,1,NA,NA,Aquatic Insect,NA,NA,Chironomidae,NA,Larvae,2,0.029,0.029,NA,NA,NA,NA,NA,NA,NA,NA,NA,NA,NA   NA   NA   NA,NA   NA   NA   NA
SHR_2022-11-15 10:08:00,11/15/2022 10:08,SHR,2023,NA,FALSE,CLR,Flood,1,11,3,103,141,7.83,10.66,1.1,10,Low,934722,924095,10627,10627,69.91625063,69.91625063,1,NA,NA,Aquatic Insect,NA,NA,Chironomidae,NA,Pupae,5,0.072,0.072,NA,NA,NA,NA,NA,NA,NA,NA,NA,NA,NA   NA   NA   NA,NA   NA   NA   NA
SHR_2022-11-15 10:08:00,11/15/2022 10:08,SHR,2023,NA,FALSE,CLR,Flood,1,11,3,103,141,7.83,10.66,1.1,10,Low,934722,924095,10627,10627,69.91625063,69.91625063,1,NA,NA,Aquatic Insect,NA,NA,Chironomidae,NA,Adults,23,0.329,0.329,NA,NA,NA,NA,NA,NA,NA,NA,NA,NA,NA   NA   NA   NA,NA   NA   NA   NA
SHR_2022-11-15 10:08:00,11/15/2022 10:08,SHR,2023,NA,FALSE,CLR,Flood,1,11,3,103,141,7.83,10.66,1.1,10,Low,934722,924095,10627,10627,69.91625063,69.91625063,1,NA,NA,Terrestrial Insect,NA,NA,Hemiptera,NA,Nymphs,21,0.3,0.3,NA,NA,NA,NA,NA,NA,NA,NA,NA,NA,NA   NA   NA   NA,NA   NA   NA   NA
SHR_2022-11-15 10:08:00,11/15/2022 10:08,SHR,2023,NA,FALSE,CLR,Flood,1,11,3,103,141,7.83,10.66,1.1,10,Low,934722,924095,10627,10627,69.91625063,69.91625063,1,NA,NA,Terrestrial Insect,NA,NA,Hemiptera,NA,Adults,12,0.172,0.172,NA,NA,NA,NA,NA,NA,NA,NA,NA,NA,NA   NA   NA   NA,NA   NA   NA   NA
SHR_2022-11-15 10:08:00,11/15/2022 10:08,SHR,2023,NA,FALSE,CLR,Flood,1,11,3,103,141,7.83,10.66,1.1,10,Low,934722,924095,10627,10627,69.91625063,69.91625063,1,NA,NA,Terrestrial Insect,NA,NA,Hymenoptera,NA,Adults,8,0.114,0.114,NA,NA,NA,NA,NA,NA,NA,NA,NA,NA,NA   NA   NA   NA,NA   NA   NA   NA
SHR_2022-11-15 10:08:00,11/15/2022 10:08,SHR,2023,NA,FALSE,CLR,Flood,1,11,3,103,141,7.83,10.66,1.1,10,Low,934722,924095,10627,10627,69.91625063,69.91625063,1,NA,NA,Terrestrial Insect,NA,NA,Psocoptera,NA,Adults,3,0.043,0.043,NA,NA,NA,NA,NA,NA,NA,NA,NA,NA,NA   NA   NA   NA,NA   NA   NA   NA
SHR_2022-11-15 10:08:00,11/15/2022 10:08,SHR,2023,NA,FALSE,CLR,Flood,1,11,3,103,141,7.83,10.66,1.1,10,Low,934722,924095,10627,10627,69.91625063,69.91625063,1,NA,NA,Terrestrial Insect,NA,NA,Thysanoptera,NA,Adults,22,0.315,0.315,NA,NA,NA,NA,NA,NA,NA,NA,NA,NA,NA   NA   NA   NA,NA   NA   NA   NA
SHR_2022-11-15 10:08:00,11/15/2022 10:08,SHR,2023,NA,FALSE,CLR,Flood,1,11,3,103,141,7.83,10.66,1.1,10,Low,934722,924095,10627,10627,69.91625063,69.91625063,1,NA,NA,Aquatic Non-Insect,NA,NA,Crangonyctidae,NA,NA,3,0.043,0.043,NA,NA,NA,NA,NA,NA,NA,NA,NA,NA,NA   NA   NA   NA,NA   NA   NA   NA
SHR_2022-11-15 10:08:00,11/15/2022 10:08,SHR,2023,NA,FALSE,CLR,Flood,1,11,3,103,141,7.83,10.66,1.1,10,Low,934722,924095,10627,10627,69.91625063,69.91625063,1,NA,NA,Aquatic Non-Insect,NA,NA,Hyalellidae,NA,NA,2,0.029,0.029,NA,NA,NA,NA,NA,NA,NA,NA,NA,NA,NA   NA   NA   NA,NA   NA   NA   NA
SHR_2022-11-15 10:08:00,11/15/2022 10:08,SHR,2023,NA,FALSE,CLR,Flood,1,11,3,103,141,7.83,10.66,1.1,10,Low,934722,924095,10627,10627,69.91625063,69.91625063,1,NA,NA,Aquatic Non-Insect,NA,NA,Turbellaria,NA,NA,1,0.014,0.014,NA,NA,NA,NA,NA,NA,NA,NA,NA,NA,NA   NA   NA   NA,NA   NA   NA   NA
SHR_2022-11-28 09:54:00,11/28/2022 9:54,SHR,2023,NA,FALSE,CLR,Flood,1,10.6,NA,101,139,7.84,10.85,2.6,10,Low,918134,924055,5921,5921,38.95493742,38.95493742,1,NA,NA,Terrestrial Non-Insect,NA,NA,Acari,NA,NA,2,0.051,0.051,NA,NA,NA,NA,NA,NA,2,FM,NA,NA,NA   NA   2   NA,NA   NA   FM   NA
SHR_2022-11-28 09:54:00,11/28/2022 9:54,SHR,2023,NA,FALSE,CLR,Flood,1,10.6,NA,101,139,7.84,10.85,2.6,10,Low,918134,924055,5921,5921,38.95493742,38.95493742,1,NA,NA,Terrestrial Non-Insect,NA,NA,Araneae,NA,NA,4,0.103,0.103,NA,NA,NA,NA,NA,NA,2,FM,NA,NA,NA   NA   2   NA,NA   NA   FM   NA
SHR_2022-11-28 09:54:00,11/28/2022 9:54,SHR,2023,NA,FALSE,CLR,Flood,1,10.6,NA,101,139,7.84,10.85,2.6,10,Low,918134,924055,5921,5921,38.95493742,38.95493742,1,NA,NA,Aquatic Non-Insect,NA,NA,Lebertiidae,NA,NA,3,0.077,0.077,NA,NA,NA,NA,NA,NA,2,FM,NA,NA,NA   NA   2   NA,NA   NA   FM   NA
SHR_2022-11-28 09:54:00,11/28/2022 9:54,SHR,2023,NA,FALSE,CLR,Flood,1,10.6,NA,101,139,7.84,10.85,2.6,10,Low,918134,924055,5921,5921,38.95493742,38.95493742,1,NA,NA,Terrestrial Non-Insect,NA,NA,Diplopoda,NA,NA,1,0.026,0.026,NA,NA,NA,NA,NA,NA,2,FM,NA,NA,NA   NA   2   NA,NA   NA   FM   NA
SHR_2022-11-28 09:54:00,11/28/2022 9:54,SHR,2023,NA,FALSE,CLR,Flood,1,10.6,NA,101,139,7.84,10.85,2.6,10,Low,918134,924055,5921,5921,38.95493742,38.95493742,1,NA,NA,Aquatic Non-Insect,NA,NA,Planorbidae,NA,NA,4,0.103,0.103,NA,NA,NA,NA,NA,NA,2,FM,NA,NA,NA   NA   2   NA,NA   NA   FM   NA
SHR_2022-11-28 09:54:00,11/28/2022 9:54,SHR,2023,NA,FALSE,CLR,Flood,1,10.6,NA,101,139,7.84,10.85,2.6,10,Low,918134,924055,5921,5921,38.95493742,38.95493742,1,NA,NA,Terrestrial Insect,NA,NA,Coleoptera,NA,Larvae,10,0.257,0.257,NA,NA,NA,NA,NA,NA,2,FM,NA,NA,NA   NA   2   NA,NA   NA   FM   NA
SHR_2022-11-28 09:54:00,11/28/2022 9:54,SHR,2023,NA,FALSE,CLR,Flood,1,10.6,NA,101,139,7.84,10.85,2.6,10,Low,918134,924055,5921,5921,38.95493742,38.95493742,1,NA,NA,Terrestrial Insect,NA,NA,Coleoptera,NA,Adults,15,0.385,0.385,NA,NA,NA,NA,NA,NA,2,FM,NA,NA,NA   NA   2   NA,NA   NA   FM   NA
SHR_2022-11-28 09:54:00,11/28/2022 9:54,SHR,2023,NA,FALSE,CLR,Flood,1,10.6,NA,101,139,7.84,10.85,2.6,10,Low,918134,924055,5921,5921,38.95493742,38.95493742,1,NA,NA,Aquatic Insect,NA,NA,Dytiscidae,NA,Adults,2,0.051,0.051,NA,NA,NA,NA,NA,NA,2,FM,NA,NA,NA   NA   2   NA,NA   NA   FM   NA
SHR_2022-11-28 09:54:00,11/28/2022 9:54,SHR,2023,NA,FALSE,CLR,Flood,1,10.6,NA,101,139,7.84,10.85,2.6,10,Low,918134,924055,5921,5921,38.95493742,38.95493742,1,NA,NA,Terrestrial Non-Insect,NA,NA,Collembola,NA,Adults,4,0.103,0.103,NA,NA,NA,NA,NA,NA,2,FM,NA,NA,NA   NA   2   NA,NA   NA   FM   NA
SHR_2022-11-28 09:54:00,11/28/2022 9:54,SHR,2023,NA,FALSE,CLR,Flood,1,10.6,NA,101,139,7.84,10.85,2.6,10,Low,918134,924055,5921,5921,38.95493742,38.95493742,1,NA,NA,Terrestrial Insect,NA,NA,Diptera,NA,Pupae,1,0.026,0.026,NA,NA,NA,NA,NA,NA,2,FM,NA,NA,NA   NA   2   NA,NA   NA   FM   NA
SHR_2022-11-28 09:54:00,11/28/2022 9:54,SHR,2023,NA,FALSE,CLR,Flood,1,10.6,NA,101,139,7.84,10.85,2.6,10,Low,918134,924055,5921,5921,38.95493742,38.95493742,1,NA,NA,Terrestrial Insect,NA,NA,Diptera,NA,Adults,7,0.18,0.18,NA,NA,NA,NA,NA,NA,2,FM,NA,NA,NA   NA   2   NA,NA   NA   FM   NA
SHR_2022-11-28 09:54:00,11/28/2022 9:54,SHR,2023,NA,FALSE,CLR,Flood,1,10.6,NA,101,139,7.84,10.85,2.6,10,Low,918134,924055,5921,5921,38.95493742,38.95493742,1,NA,NA,Aquatic Insect,NA,NA,Ceratopogonidae,NA,Pupae,1,0.026,0.026,NA,NA,NA,NA,NA,NA,2,FM,NA,NA,NA   NA   2   NA,NA   NA   FM   NA
SHR_2022-11-28 09:54:00,11/28/2022 9:54,SHR,2023,NA,FALSE,CLR,Flood,1,10.6,NA,101,139,7.84,10.85,2.6,10,Low,918134,924055,5921,5921,38.95493742,38.95493742,1,NA,NA,Aquatic Insect,NA,NA,Chironomidae,NA,Larvae,2,0.051,0.051,NA,NA,NA,NA,NA,NA,2,FM,NA,NA,NA   NA   2   NA,NA   NA   FM   NA
SHR_2022-11-28 09:54:00,11/28/2022 9:54,SHR,2023,NA,FALSE,CLR,Flood,1,10.6,NA,101,139,7.84,10.85,2.6,10,Low,918134,924055,5921,5921,38.95493742,38.95493742,1,NA,NA,Aquatic Insect,NA,NA,Chironomidae,NA,Pupae,1,0.026,0.026,NA,NA,NA,NA,NA,NA,2,FM,NA,NA,NA   NA   2   NA,NA   NA   FM   NA
SHR_2022-11-28 09:54:00,11/28/2022 9:54,SHR,2023,NA,FALSE,CLR,Flood,1,10.6,NA,101,139,7.84,10.85,2.6,10,Low,918134,924055,5921,5921,38.95493742,38.95493742,1,NA,NA,Aquatic Insect,NA,NA,Chironomidae,NA,Adults,87,2.233,2.233,NA,NA,NA,NA,NA,NA,2,FM,NA,NA,NA   NA   2   NA,NA   NA   FM   NA
SHR_2022-11-28 09:54:00,11/28/2022 9:54,SHR,2023,NA,FALSE,CLR,Flood,1,10.6,NA,101,139,7.84,10.85,2.6,10,Low,918134,924055,5921,5921,38.95493742,38.95493742,1,NA,NA,Aquatic Insect,NA,NA,Ephemeroptera,NA,Adults,2,0.051,0.051,NA,NA,NA,NA,NA,NA,2,FM,NA,NA,NA   NA   2   NA,NA   NA   FM   NA
SHR_2022-11-28 09:54:00,11/28/2022 9:54,SHR,2023,NA,FALSE,CLR,Flood,1,10.6,NA,101,139,7.84,10.85,2.6,10,Low,918134,924055,5921,5921,38.95493742,38.95493742,1,NA,NA,Terrestrial Insect,NA,NA,Hemiptera,NA,Nymphs,15,0.385,0.385,NA,NA,NA,NA,NA,NA,2,FM,NA,NA,NA   NA   2   NA,NA   NA   FM   NA
SHR_2022-11-28 09:54:00,11/28/2022 9:54,SHR,2023,NA,FALSE,CLR,Flood,1,10.6,NA,101,139,7.84,10.85,2.6,10,Low,918134,924055,5921,5921,38.95493742,38.95493742,1,NA,NA,Terrestrial Insect,NA,NA,Hemiptera,NA,Adults,30,0.77,0.77,NA,NA,NA,NA,NA,NA,2,FM,NA,NA,NA   NA   2   NA,NA   NA   FM   NA
SHR_2022-11-28 09:54:00,11/28/2022 9:54,SHR,2023,NA,FALSE,CLR,Flood,1,10.6,NA,101,139,7.84,10.85,2.6,10,Low,918134,924055,5921,5921,38.95493742,38.95493742,1,NA,NA,Terrestrial Insect,NA,NA,Veliidae,NA,Adults,1,0.026,0.026,NA,NA,NA,NA,NA,NA,2,FM,NA,NA,NA   NA   2   NA,NA   NA   FM   NA
SHR_2022-11-28 09:54:00,11/28/2022 9:54,SHR,2023,NA,FALSE,CLR,Flood,1,10.6,NA,101,139,7.84,10.85,2.6,10,Low,918134,924055,5921,5921,38.95493742,38.95493742,1,NA,NA,Terrestrial Insect,NA,NA,Hymenoptera,NA,Adults,17,0.436,0.436,NA,NA,NA,NA,NA,NA,2,FM,NA,NA,NA   NA   2   NA,NA   NA   FM   NA
SHR_2022-11-28 09:54:00,11/28/2022 9:54,SHR,2023,NA,FALSE,CLR,Flood,1,10.6,NA,101,139,7.84,10.85,2.6,10,Low,918134,924055,5921,5921,38.95493742,38.95493742,1,NA,NA,Terrestrial Insect,NA,NA,Lepidoptera,NA,Larvae,1,0.026,0.026,NA,NA,NA,NA,NA,NA,2,FM,NA,NA,NA   NA   2   NA,NA   NA   FM   NA
SHR_2022-11-28 09:54:00,11/28/2022 9:54,SHR,2023,NA,FALSE,CLR,Flood,1,10.6,NA,101,139,7.84,10.85,2.6,10,Low,918134,924055,5921,5921,38.95493742,38.95493742,1,NA,NA,Terrestrial Insect,NA,NA,Thysanoptera,NA,Adults,2,0.051,0.051,NA,NA,NA,NA,NA,NA,2,FM,NA,NA,NA   NA   2   NA,NA   NA   FM   NA
SHR_2022-11-28 09:54:00,11/28/2022 9:54,SHR,2023,NA,FALSE,CLR,Flood,1,10.6,NA,101,139,7.84,10.85,2.6,10,Low,918134,924055,5921,5921,38.95493742,38.95493742,1,NA,NA,Aquatic Insect,NA,NA,Hydroptilidae,NA,Adults,7,0.18,0.18,NA,NA,NA,NA,NA,NA,2,FM,NA,NA,NA   NA   2   NA,NA   NA   FM   NA
SHR_2022-11-28 09:54:00,11/28/2022 9:54,SHR,2023,NA,FALSE,CLR,Flood,1,10.6,NA,101,139,7.84,10.85,2.6,10,Low,918134,924055,5921,5921,38.95493742,38.95493742,1,NA,NA,Aquatic Non-Insect,NA,NA,Hyalellidae,NA,NA,1,0.026,0.026,NA,NA,NA,NA,NA,NA,2,FM,NA,NA,NA   NA   2   NA,NA   NA   FM   NA
STTD_2022-11-29 10:22:00,11/29/2022 10:22,STTD,2023,NA,FALSE,CLR,Flood,1,9.8,2.75,143,202,7.98,11.13,3.9,10,Low,918023,909147,8876,8876,58.396221,58.396221,1,Towed from boat,NA,Terrestrial Non-Insect,NA,NA,Collembola,NA,Adults,5,0.086,0.086,NA,NA,NA,NA,NA,NA,NA,NA,NA,NA,NA   NA   NA   NA,NA   NA   NA   NA
STTD_2022-11-29 10:22:00,11/29/2022 10:22,STTD,2023,NA,FALSE,CLR,Flood,1,9.8,2.75,143,202,7.98,11.13,3.9,10,Low,918023,909147,8876,8876,58.396221,58.396221,1,Towed from boat,NA,Terrestrial Insect,NA,NA,Diptera,NA,Adults,5,0.086,0.086,NA,NA,NA,NA,NA,NA,NA,NA,NA,NA,NA   NA   NA   NA,NA   NA   NA   NA
STTD_2022-11-29 10:22:00,11/29/2022 10:22,STTD,2023,NA,FALSE,CLR,Flood,1,9.8,2.75,143,202,7.98,11.13,3.9,10,Low,918023,909147,8876,8876,58.396221,58.396221,1,Towed from boat,NA,Aquatic Insect,NA,NA,Ceratopogonidae,NA,Adults,1,0.017,0.017,NA,NA,NA,NA,NA,NA,NA,NA,NA,NA,NA   NA   NA   NA,NA   NA   NA   NA
STTD_2022-11-29 10:22:00,11/29/2022 10:22,STTD,2023,NA,FALSE,CLR,Flood,1,9.8,2.75,143,202,7.98,11.13,3.9,10,Low,918023,909147,8876,8876,58.396221,58.396221,1,Towed from boat,NA,Aquatic Insect,NA,NA,Chironomidae,NA,Adults,7,0.12,0.12,NA,NA,NA,NA,NA,NA,NA,NA,NA,NA,NA   NA   NA   NA,NA   NA   NA   NA
STTD_2022-11-29 10:22:00,11/29/2022 10:22,STTD,2023,NA,FALSE,CLR,Flood,1,9.8,2.75,143,202,7.98,11.13,3.9,10,Low,918023,909147,8876,8876,58.396221,58.396221,1,Towed from boat,NA,Terrestrial Insect,NA,NA,Hemiptera,NA,Nymphs,3,0.051,0.051,NA,NA,NA,NA,NA,NA,NA,NA,NA,NA,NA   NA   NA   NA,NA   NA   NA   NA
STTD_2022-11-29 10:22:00,11/29/2022 10:22,STTD,2023,NA,FALSE,CLR,Flood,1,9.8,2.75,143,202,7.98,11.13,3.9,10,Low,918023,909147,8876,8876,58.396221,58.396221,1,Towed from boat,NA,Terrestrial Insect,NA,NA,Hemiptera,NA,Adults,2,0.034,0.034,NA,NA,NA,NA,NA,NA,NA,NA,NA,NA,NA   NA   NA   NA,NA   NA   NA   NA
STTD_2022-11-29 10:22:00,11/29/2022 10:22,STTD,2023,NA,FALSE,CLR,Flood,1,9.8,2.75,143,202,7.98,11.13,3.9,10,Low,918023,909147,8876,8876,58.396221,58.396221,1,Towed from boat,NA,Terrestrial Insect,NA,NA,Hymenoptera,NA,Adults,3,0.051,0.051,NA,NA,NA,NA,NA,NA,NA,NA,NA,NA,NA   NA   NA   NA,NA   NA   NA   NA
STTD_2022-11-29 10:22:00,11/29/2022 10:22,STTD,2023,NA,FALSE,CLR,Flood,1,9.8,2.75,143,202,7.98,11.13,3.9,10,Low,918023,909147,8876,8876,58.396221,58.396221,1,Towed from boat,NA,Aquatic Insect,NA,NA,Hydroptilidae,NA,Adults,2,0.034,0.034,NA,NA,NA,NA,NA,NA,NA,NA,NA,NA,NA   NA   NA   NA,NA   NA   NA   NA
SHR_2022-12-12 09:27:00,12/12/2022 9:27,SHR,2023,NA,FALSE,CLR,Flood,1,9.7,0.32,113,160,7.51,10,22.2,10,Low,908644,898989,9655,9655,63.52135126,63.52135126,1,NA,NA,Terrestrial Non-Insect,NA,NA,Araneae,NA,NA,1,0.016,0.016,NA,NA,NA,NA,NA,NA,NA,NA,NA,NA,NA   NA   NA   NA,NA   NA   NA   NA
SHR_2022-12-12 09:27:00,12/12/2022 9:27,SHR,2023,NA,FALSE,CLR,Flood,1,9.7,0.32,113,160,7.51,10,22.2,10,Low,908644,898989,9655,9655,63.52135126,63.52135126,1,NA,NA,Aquatic Non-Insect,NA,NA,Hygrobatidae,NA,NA,2,0.031,0.031,NA,NA,NA,NA,NA,NA,NA,NA,NA,NA,NA   NA   NA   NA,NA   NA   NA   NA
SHR_2022-12-12 09:27:00,12/12/2022 9:27,SHR,2023,NA,FALSE,CLR,Flood,1,9.7,0.32,113,160,7.51,10,22.2,10,Low,908644,898989,9655,9655,63.52135126,63.52135126,1,NA,NA,Aquatic Non-Insect,NA,NA,Lebertiidae,NA,NA,12,0.189,0.189,NA,NA,NA,NA,NA,NA,NA,NA,NA,NA,NA   NA   NA   NA,NA   NA   NA   NA
SHR_2022-12-12 09:27:00,12/12/2022 9:27,SHR,2023,NA,FALSE,CLR,Flood,1,9.7,0.32,113,160,7.51,10,22.2,10,Low,908644,898989,9655,9655,63.52135126,63.52135126,1,NA,NA,Aquatic Non-Insect,NA,NA,Pionidae,NA,NA,1,0.016,0.016,NA,NA,NA,NA,NA,NA,NA,NA,NA,NA,NA   NA   NA   NA,NA   NA   NA   NA
SHR_2022-12-12 09:27:00,12/12/2022 9:27,SHR,2023,NA,FALSE,CLR,Flood,1,9.7,0.32,113,160,7.51,10,22.2,10,Low,908644,898989,9655,9655,63.52135126,63.52135126,1,NA,NA,Aquatic Non-Insect,NA,NA,Unionicolidae,NA,NA,2,0.031,0.031,NA,NA,NA,NA,NA,NA,NA,NA,NA,NA,NA   NA   NA   NA,NA   NA   NA   NA
SHR_2022-12-12 09:27:00,12/12/2022 9:27,SHR,2023,NA,FALSE,CLR,Flood,1,9.7,0.32,113,160,7.51,10,22.2,10,Low,908644,898989,9655,9655,63.52135126,63.52135126,1,NA,NA,Aquatic Non-Insect,NA,NA,Oligochaeta,NA,NA,1,0.016,0.016,NA,NA,NA,NA,NA,NA,NA,NA,NA,NA,NA   NA   NA   NA,NA   NA   NA   NA
SHR_2022-12-12 09:27:00,12/12/2022 9:27,SHR,2023,NA,FALSE,CLR,Flood,1,9.7,0.32,113,160,7.51,10,22.2,10,Low,908644,898989,9655,9655,63.52135126,63.52135126,1,NA,NA,Terrestrial Insect,NA,NA,Coleoptera,NA,Adults,3,0.047,0.047,NA,NA,NA,NA,NA,NA,NA,NA,NA,NA,NA   NA   NA   NA,NA   NA   NA   NA
SHR_2022-12-12 09:27:00,12/12/2022 9:27,SHR,2023,NA,FALSE,CLR,Flood,1,9.7,0.32,113,160,7.51,10,22.2,10,Low,908644,898989,9655,9655,63.52135126,63.52135126,1,NA,NA,Terrestrial Non-Insect,NA,NA,Collembola,NA,Adults,2,0.031,0.031,NA,NA,NA,NA,NA,NA,NA,NA,NA,NA,NA   NA   NA   NA,NA   NA   NA   NA
SHR_2022-12-12 09:27:00,12/12/2022 9:27,SHR,2023,NA,FALSE,CLR,Flood,1,9.7,0.32,113,160,7.51,10,22.2,10,Low,908644,898989,9655,9655,63.52135126,63.52135126,1,NA,NA,Aquatic Insect,NA,NA,Chironomidae,NA,Adults,3,0.047,0.047,NA,NA,NA,NA,NA,NA,NA,NA,NA,NA,NA   NA   NA   NA,NA   NA   NA   NA
SHR_2022-12-12 09:27:00,12/12/2022 9:27,SHR,2023,NA,FALSE,CLR,Flood,1,9.7,0.32,113,160,7.51,10,22.2,10,Low,908644,898989,9655,9655,63.52135126,63.52135126,1,NA,NA,Aquatic Insect,NA,NA,Heptageniidae,NA,Larvae,1,0.016,0.016,NA,NA,NA,NA,NA,NA,NA,NA,NA,NA,NA   NA   NA   NA,NA   NA   NA   NA
SHR_2022-12-12 09:27:00,12/12/2022 9:27,SHR,2023,NA,FALSE,CLR,Flood,1,9.7,0.32,113,160,7.51,10,22.2,10,Low,908644,898989,9655,9655,63.52135126,63.52135126,1,NA,NA,Terrestrial Insect,NA,NA,Hemiptera,NA,Nymphs,3,0.047,0.047,NA,NA,NA,NA,NA,NA,NA,NA,NA,NA,NA   NA   NA   NA,NA   NA   NA   NA
SHR_2022-12-12 09:27:00,12/12/2022 9:27,SHR,2023,NA,FALSE,CLR,Flood,1,9.7,0.32,113,160,7.51,10,22.2,10,Low,908644,898989,9655,9655,63.52135126,63.52135126,1,NA,NA,Terrestrial Insect,NA,NA,Hemiptera,NA,Adults,2,0.031,0.031,NA,NA,NA,NA,NA,NA,NA,NA,NA,NA,NA   NA   NA   NA,NA   NA   NA   NA
SHR_2022-12-12 09:27:00,12/12/2022 9:27,SHR,2023,NA,FALSE,CLR,Flood,1,9.7,0.32,113,160,7.51,10,22.2,10,Low,908644,898989,9655,9655,63.52135126,63.52135126,1,NA,NA,Unknown Insect,NA,NA,Lepidoptera,NA,Larvae,1,0.016,0.016,NA,NA,NA,NA,NA,NA,NA,NA,NA,NA,NA   NA   NA   NA,NA   NA   NA   NA
SHR_2022-12-12 09:27:00,12/12/2022 9:27,SHR,2023,NA,FALSE,CLR,Flood,1,9.7,0.32,113,160,7.51,10,22.2,10,Low,908644,898989,9655,9655,63.52135126,63.52135126,1,NA,NA,Aquatic Insect,NA,NA,Coenagrionidae,NA,Nymphs,2,0.031,0.031,NA,NA,NA,NA,NA,NA,NA,NA,NA,NA,NA   NA   NA   NA,NA   NA   NA   NA
SHR_2022-12-12 09:27:00,12/12/2022 9:27,SHR,2023,NA,FALSE,CLR,Flood,1,9.7,0.32,113,160,7.51,10,22.2,10,Low,908644,898989,9655,9655,63.52135126,63.52135126,1,NA,NA,Aquatic Non-Insect,NA,NA,Hyalellidae,NA,NA,6,0.094,0.094,NA,NA,NA,NA,NA,NA,NA,NA,NA,NA,NA   NA   NA   NA,NA   NA   NA   NA
STTD_2022-12-13 10:21:00,12/13/2022 10:21,STTD,2023,NA,FALSE,CLR,Flood,1,8.9,1.3,259,373,7.59,9.47,6.4,10,Low,898423,888067,10356,10356,68.13331058,68.13331058,1,Sampled from Jon boat,NA,Unknown Non-Insect,NA,NA,Oribatei,NA,NA,1,0.015,0.015,NA,NA,NA,NA,NA,NA,NA,NA,NA,NA,NA   NA   NA   NA,NA   NA   NA   NA
STTD_2022-12-13 10:21:00,12/13/2022 10:21,STTD,2023,NA,FALSE,CLR,Flood,1,8.9,1.3,259,373,7.59,9.47,6.4,10,Low,898423,888067,10356,10356,68.13331058,68.13331058,1,Sampled from Jon boat,NA,Terrestrial Non-Insect,NA,NA,Araneae,NA,NA,2,0.029,0.029,NA,NA,NA,NA,NA,NA,NA,NA,NA,NA,NA   NA   NA   NA,NA   NA   NA   NA
STTD_2022-12-13 10:21:00,12/13/2022 10:21,STTD,2023,NA,FALSE,CLR,Flood,1,8.9,1.3,259,373,7.59,9.47,6.4,10,Low,898423,888067,10356,10356,68.13331058,68.13331058,1,Sampled from Jon boat,NA,Terrestrial Non-Insect,NA,NA,Collembola,NA,Adults,4,0.059,0.059,NA,NA,NA,NA,NA,NA,NA,NA,NA,NA,NA   NA   NA   NA,NA   NA   NA   NA
STTD_2022-12-13 10:21:00,12/13/2022 10:21,STTD,2023,NA,FALSE,CLR,Flood,1,8.9,1.3,259,373,7.59,9.47,6.4,10,Low,898423,888067,10356,10356,68.13331058,68.13331058,1,Sampled from Jon boat,NA,Aquatic Insect,NA,NA,Chironomidae,NA,Adults,8,0.117,0.117,NA,NA,NA,NA,NA,NA,NA,NA,NA,NA,NA   NA   NA   NA,NA   NA   NA   NA
STTD_2022-12-13 10:21:00,12/13/2022 10:21,STTD,2023,NA,FALSE,CLR,Flood,1,8.9,1.3,259,373,7.59,9.47,6.4,10,Low,898423,888067,10356,10356,68.13331058,68.13331058,1,Sampled from Jon boat,NA,Terrestrial Insect,NA,NA,Hemiptera,NA,Nymphs,2,0.029,0.029,NA,NA,NA,NA,NA,NA,NA,NA,NA,NA,NA   NA   NA   NA,NA   NA   NA   NA
STTD_2022-12-13 10:21:00,12/13/2022 10:21,STTD,2023,NA,FALSE,CLR,Flood,1,8.9,1.3,259,373,7.59,9.47,6.4,10,Low,898423,888067,10356,10356,68.13331058,68.13331058,1,Sampled from Jon boat,NA,Terrestrial Insect,NA,NA,Hemiptera,NA,Adults,6,0.088,0.088,NA,NA,NA,NA,NA,NA,NA,NA,NA,NA,NA   NA   NA   NA,NA   NA   NA   NA
STTD_2022-12-13 10:21:00,12/13/2022 10:21,STTD,2023,NA,FALSE,CLR,Flood,1,8.9,1.3,259,373,7.59,9.47,6.4,10,Low,898423,888067,10356,10356,68.13331058,68.13331058,1,Sampled from Jon boat,NA,Terrestrial Insect,NA,NA,Hymenoptera,NA,Adults,3,0.044,0.044,NA,NA,NA,NA,NA,NA,NA,NA,NA,NA,NA   NA   NA   NA,NA   NA   NA   NA
STTD_2022-12-13 10:21:00,12/13/2022 10:21,STTD,2023,NA,FALSE,CLR,Flood,1,8.9,1.3,259,373,7.59,9.47,6.4,10,Low,898423,888067,10356,10356,68.13331058,68.13331058,1,Sampled from Jon boat,NA,Aquatic Insect,NA,NA,Hydroptilidae,NA,Adults,4,0.059,0.059,NA,NA,NA,NA,NA,NA,NA,NA,NA,NA,NA   NA   NA   NA,NA   NA   NA   NA
STTD_2022-12-13 10:21:00,12/13/2022 10:21,STTD,2023,NA,FALSE,CLR,Flood,1,8.9,1.3,259,373,7.59,9.47,6.4,10,Low,898423,888067,10356,10356,68.13331058,68.13331058,1,Sampled from Jon boat,NA,Aquatic Non-Insect,NA,NA,Hyalellidae,NA,NA,1,0.015,0.015,NA,NA,NA,NA,NA,NA,NA,NA,NA,NA,NA   NA   NA   NA,NA   NA   NA   NA
SHR_2022-12-27 11:21:00,12/27/2022 11:21,SHR,2023,NA,NA,RAN,EBB,1,9,1.2,114,165,7.65,10.94,6.7,10,Low,888025,877255,10770,10770,70.85706402,70.85706402,1,NA,NA,Terrestrial Non-Insect,NA,NA,Acari,NA,NA,2,0.028,0.028,NA,NA,NA,NA,NA,NA,NA,NA,NA,NA,NA   NA   NA   NA,NA   NA   NA   NA
SHR_2022-12-27 11:21:00,12/27/2022 11:21,SHR,2023,NA,NA,RAN,EBB,1,9,1.2,114,165,7.65,10.94,6.7,10,Low,888025,877255,10770,10770,70.85706402,70.85706402,1,NA,NA,Aquatic Non-Insect,NA,NA,Hygrobatidae,NA,NA,1,0.014,0.014,NA,NA,NA,NA,NA,NA,NA,NA,NA,NA,NA   NA   NA   NA,NA   NA   NA   NA
SHR_2022-12-27 11:21:00,12/27/2022 11:21,SHR,2023,NA,NA,RAN,EBB,1,9,1.2,114,165,7.65,10.94,6.7,10,Low,888025,877255,10770,10770,70.85706402,70.85706402,1,NA,NA,Aquatic Non-Insect,NA,NA,Lebertiidae,NA,NA,14,0.198,0.198,NA,NA,NA,NA,NA,NA,NA,NA,NA,NA,NA   NA   NA   NA,NA   NA   NA   NA
SHR_2022-12-27 11:21:00,12/27/2022 11:21,SHR,2023,NA,NA,RAN,EBB,1,9,1.2,114,165,7.65,10.94,6.7,10,Low,888025,877255,10770,10770,70.85706402,70.85706402,1,NA,NA,Aquatic Non-Insect,NA,NA,Lymnaeidae,NA,NA,1,0.014,0.014,NA,NA,NA,NA,NA,NA,NA,NA,NA,NA,NA   NA   NA   NA,NA   NA   NA   NA
SHR_2022-12-27 11:21:00,12/27/2022 11:21,SHR,2023,NA,NA,RAN,EBB,1,9,1.2,114,165,7.65,10.94,6.7,10,Low,888025,877255,10770,10770,70.85706402,70.85706402,1,NA,NA,Terrestrial Insect,NA,NA,Coleoptera,NA,Adults,1,0.014,0.014,NA,NA,NA,NA,NA,NA,NA,NA,NA,NA,NA   NA   NA   NA,NA   NA   NA   NA
SHR_2022-12-27 11:21:00,12/27/2022 11:21,SHR,2023,NA,NA,RAN,EBB,1,9,1.2,114,165,7.65,10.94,6.7,10,Low,888025,877255,10770,10770,70.85706402,70.85706402,1,NA,NA,Terrestrial Non-Insect,NA,NA,Collembola,NA,Adults,5,0.071,0.071,NA,NA,NA,NA,NA,NA,NA,NA,NA,NA,NA   NA   NA   NA,NA   NA   NA   NA
SHR_2022-12-27 11:21:00,12/27/2022 11:21,SHR,2023,NA,NA,RAN,EBB,1,9,1.2,114,165,7.65,10.94,6.7,10,Low,888025,877255,10770,10770,70.85706402,70.85706402,1,NA,NA,Terrestrial Insect,NA,NA,Diptera,NA,Adults,2,0.028,0.028,NA,NA,NA,NA,NA,NA,NA,NA,NA,NA,NA   NA   NA   NA,NA   NA   NA   NA
SHR_2022-12-27 11:21:00,12/27/2022 11:21,SHR,2023,NA,NA,RAN,EBB,1,9,1.2,114,165,7.65,10.94,6.7,10,Low,888025,877255,10770,10770,70.85706402,70.85706402,1,NA,NA,Aquatic Insect,NA,NA,Chironomidae,NA,Adults,8,0.113,0.113,NA,NA,NA,NA,NA,NA,NA,NA,NA,NA,NA   NA   NA   NA,NA   NA   NA   NA
SHR_2022-12-27 11:21:00,12/27/2022 11:21,SHR,2023,NA,NA,RAN,EBB,1,9,1.2,114,165,7.65,10.94,6.7,10,Low,888025,877255,10770,10770,70.85706402,70.85706402,1,NA,NA,Terrestrial Insect,NA,NA,Hemiptera,NA,Nymphs,1,0.014,0.014,NA,NA,NA,NA,NA,NA,NA,NA,NA,NA,NA   NA   NA   NA,NA   NA   NA   NA
SHR_2022-12-27 11:21:00,12/27/2022 11:21,SHR,2023,NA,NA,RAN,EBB,1,9,1.2,114,165,7.65,10.94,6.7,10,Low,888025,877255,10770,10770,70.85706402,70.85706402,1,NA,NA,Terrestrial Insect,NA,NA,Hemiptera,NA,Adults,1,0.014,0.014,NA,NA,NA,NA,NA,NA,NA,NA,NA,NA,NA   NA   NA   NA,NA   NA   NA   NA
SHR_2022-12-27 11:21:00,12/27/2022 11:21,SHR,2023,NA,NA,RAN,EBB,1,9,1.2,114,165,7.65,10.94,6.7,10,Low,888025,877255,10770,10770,70.85706402,70.85706402,1,NA,NA,Terrestrial Insect,NA,NA,Hymenoptera,NA,Adults,3,0.042,0.042,NA,NA,NA,NA,NA,NA,NA,NA,NA,NA,NA   NA   NA   NA,NA   NA   NA   NA
SHR_2022-12-27 11:21:00,12/27/2022 11:21,SHR,2023,NA,NA,RAN,EBB,1,9,1.2,114,165,7.65,10.94,6.7,10,Low,888025,877255,10770,10770,70.85706402,70.85706402,1,NA,NA,Terrestrial Insect,NA,NA,Lepidoptera,NA,Adults,1,0.014,0.014,NA,NA,NA,NA,NA,NA,NA,NA,NA,NA,NA   NA   NA   NA,NA   NA   NA   NA
SHR_2022-12-27 11:21:00,12/27/2022 11:21,SHR,2023,NA,NA,RAN,EBB,1,9,1.2,114,165,7.65,10.94,6.7,10,Low,888025,877255,10770,10770,70.85706402,70.85706402,1,NA,NA,Aquatic Insect,NA,NA,Hydroptilidae,NA,Adults,1,0.014,0.014,NA,NA,NA,NA,NA,NA,NA,NA,NA,NA,NA   NA   NA   NA,NA   NA   NA   NA
